5441502
5439559
5479751
5447728
5439456
5487580
5447848
5431929
5437438
5441899
5431513
5474444
5461351
5438344
5448857
5470944
5431260
5462922
5493068
5496500
5473648
5440844
5428097
5433314
5446430
5445041
5432352
5468599
5441574
5430746
5442871
5468797
5440320
5441971
5483933
5427633
5439607
5470249
5431904
5460345
5450154
5484232
5428290
5440457
5437940
5446797
5446457
5426801
5429077
5440517
5441003
5438418
5438690
5449245
5431328
5443132
5427555
5443830
5449422
5449548
5433070
5430803
5445607
5441473
5454947
5430111
5440285
5480344
5430470
5427739
5449939
5457109
5449422
5463390
5427731
5441616
5438551
5431568
5446306
5450689
5479728
5481954
5441819
5439926
5437619
5438755
5437834
5442642
5462648
5474886
5439822
5447431
5466809
5453540
5427696
5456672
5440392
5437061
5439250
5462910
5441502
5439559
5479751
5447728
5439456
5487580
5447848
5431929
5437438
5441899
5431513
5474444
5461351
5438344
5448857
5470944
5431260
5462922
5493068
5496500
5473648
5440844
5428097
5433314
5446430
5445041
5432352
5468599
5441574
5430746
5442871
5468797
5440320
5441971
5483933
5427633
5439607
5470249
5431904
5460345
5450154
5484232
5428290
5440457
5437940
5446797
5446457
5426801
5429077
5440517
5441003
5438418
5438690
5449245
5431328
5443132
5427555
5443830
5449422
5449548
5433070
5430803
5445607
5441473
5454947
5430111
5440285
5480344
5430470
5427739
5449939
5457109
5449422
5463390
5427731
5441616
5438551
5431568
5446306
5450689
5479728
5481954
5441819
5439926
5437619
5438755
5437834
5442642
5462648
5474886
5439822
5447431
5466809
5453540
5427696
5456672
5440392
5437061
5439250
5462910
