10158576
10145951
10234945
10201056
10119059
10132575
10123164
10141372
10230204
10164318
10221463
10137616
10168991
10121950
10145951
10118634
10138945
10160184
10121025
10121805
10120864
10118879
10212750
10204016
10149422
10169411
10120917
10197070
10147153
10135894
10170268
10118598
10118542
10119734
10158209
10118177
10201918
10121453
10158209
10122648
10167853
10165074
10121093
10166979
10124108
10161135
10144775
10215178
10118598
10124332
10140456
10118598
10164259
10199566
10167853
10159385
10160579
10205384
10221841
10166452
10120984
10118879
10169772
10120641
10158383
10146213
10167994
10158515
10119861
10145823
10144038
10169874
10119612
10217032
10143604
10162344
10118362
10119445
10165292
10219247
10269043
10123514
10140780
10160579
10138307
10121745
10145946
10154932
10155861
10137157
10167726
10120145
10158119
10168844
10119059
10143498
10158383
10143589
10122669
10196774
