5447302
5437455
5437768
5456604
5436206
5445868
5438778
5437091
5436400
5443211
5434443
5437356
5439488
5452530
5452662
5440431
5478048
5436718
5444203
5446536
5454372
5439692
5433539
5433539
5445357
5450961
5438451
5440785
5438502
5452883
5436129
5451212
5450644
5434439
5450339
5437820
5457749
5454870
5449487
5453798
5449893
5435099
5439272
5439531
5442933
5438819
5436426
5431819
5439155
5438513
5456802
5441467
5435460
5453585
5431819
5446923
5447730
5435933
5438251
5434405
5448390
5458984
5456016
5436318
5440938
5439346
5463607
5460427
5434681
5441999
5442490
5445264
5434216
5447526
5452039
5450104
5435575
5437809
5431704
5442107
5432509
5449272
5450111
5453997
5437177
5454075
5432048
5441153
5445010
5477392
5453719
5465237
5447808
5448742
5437156
5439091
5446254
5442346
5441744
5448347
5447302
5437455
5437768
5456604
5436206
5445868
5438778
5437091
5436400
5443211
5434443
5437356
5439488
5452530
5452662
5440431
5478048
5436718
5444203
5446536
5454372
5439692
5433539
5433539
5445357
5450961
5438451
5440785
5438502
5452883
5436129
5451212
5450644
5434439
5450339
5437820
5457749
5454870
5449487
5453798
5449893
5435099
5439272
5439531
5442933
5438819
5436426
5431819
5439155
5438513
5456802
5441467
5435460
5453585
5431819
5446923
5447730
5435933
5438251
5434405
5448390
5458984
5456016
5436318
5440938
5439346
5463607
5460427
5434681
5441999
5442490
5445264
5434216
5447526
5452039
5450104
5435575
5437809
5431704
5442107
5432509
5449272
5450111
5453997
5437177
5454075
5432048
5441153
5445010
5477392
5453719
5465237
5447808
5448742
5437156
5439091
5446254
5442346
5441744
5448347
