18914
18362
10506
18622
11560
15204
13068
21896
11926
10476
11248
12310
15404
14946
15078
12174
12246
12096
16978
13858
15864
13624
12560
17612
12974
16096
12490
12774
14990
14056
10624
12754
13254
16510
13328
13256
16582
18268
16790
12008
13778
12174
13034
12334
14724
12392
12548
19558
14602
11560
11248
9552
15028
10096
15362
11248
11402
14158
11248
12816
14430
13254
13726
17500
12096
16992
11668
15438
13430
9916
13858
16416
11754
10580
16372
19738
12314
11248
11488
11418
12986
13458
16930
11216
10240
13902
20152
11444
14876
14382
10506
18270
11678
11876
17206
11248
10804
16076
11838
11852
