3124
2720
3060
2960
3522
3630
3220
2714
3188
3636
3646
3086
3454
3570
3178
3248
3198
3314
3208
3238
2706
3384
2834
3562
2806
3242
3262
3406
3518
3062
3324
3144
2818
3510
3002
3264
3720
3590
3752
2844
3604
3450
3106
2910
3402
3152
3738
2948
3932
3026
2892
3064
3536
2956
3086
3426
3262
3294
3476
3166
3006
3536
2940
2750
3312
3260
3378
3338
3160
3398
4024
3156
3364
3518
3484
3726
3264
3076
3674
3516
2916
3130
3390
2692
3330
3192
2836
3462
3708
2900
3864
3068
3482
3312
3594
3104
3704
3370
3024
3480
