70
72
70
70
68
68
76
74
68
70
68
68
68
70
68
72
72
72
72
70
68
76
68
72
68
72
68
72
72
70
76
70
70
68
72
72
72
72
70
68
72
70
70
68
72
72
70
74
76
72
68
68
74
72
70
70
74
76
74
70
72
68
72
74
72
76
72
70
74
74
68
74
70
68
68
72
72
74
68
70
70
74
68
68
76
74
72
68
72
74
70
72
74
72
70
68
72
72
68
72
70
72
70
70
68
68
76
74
68
70
68
68
68
70
68
72
72
72
72
70
68
76
68
72
68
72
68
72
72
70
76
70
70
68
72
72
72
72
70
68
72
70
70
68
72
72
70
74
76
72
68
68
74
72
70
70
74
76
74
70
72
68
72
74
72
76
72
70
74
74
68
74
70
68
68
72
72
74
68
70
70
74
68
68
76
74
72
68
72
74
70
72
74
72
70
68
72
72
68
72
