5446
5400
5552
5434
5422
5428
5428
5452
5398
5370
5392
5386
5376
5518
5368
5430
5500
5400
5402
5416
5376
5372
5490
5454
5408
5358
5400
5390
5362
5448
5370
5408
5374
5454
5432
5358
5400
5450
5372
5422
5462
5372
5520
5490
5360
5376
5366
5432
5400
5414
5372
5418
5378
5472
5408
5402
5414
5394
5392
5378
5380
5404
5404
5444
5392
5362
5386
5388
5430
5366
5494
5420
5438
5432
5384
5442
5448
5538
5420
5376
5430
5458
5478
5488
5408
5490
5436
5466
5402
5376
5396
5376
5406
5388
5534
5360
5388
5466
5434
5402
