2742
2764
2856
2772
2750
2724
2742
2778
2748
2764
2746
2744
2730
2730
2744
2728
2774
2730
2730
2754
2724
2748
2780
2730
2730
2764
2724
2748
2764
2734
2768
2742
2838
2778
2730
2744
2724
2742
2724
2730
2730
2860
2730
2746
2724
2724
2834
2724
2730
2750
2724
2772
2826
2730
2766
2748
2744
2724
2724
2744
2742
2748
2776
2744
2744
2906
2734
2748
2764
2742
2730
2724
2724
2726
2766
2778
2744
2746
2728
2768
2784
2728
2744
2862
2730
2724
2746
2754
2742
2742
2772
2742
2784
2724
2724
2730
2730
2724
2760
2748
