13449
13431
13465
13455
13452
13411
13434
13401
13422
13452
13427
13452
13470
13424
13415
13445
13444
13464
13481
13469
13444
13452
13426
13413
13442
13449
13457
13449
13463
13469
13459
13441
13456
13445
13431
13464
13449
13449
13464
13490
13414
13429
13438
13439
13434
13489
13423
13433
13479
13415
13441
13443
13447
13432
13427
13451
13456
13446
13448
13446
13434
13457
13446
13500
13419
13423
13445
13417
13446
13430
13451
13431
13457
13467
13436
13423
13432
13458
13448
13450
13474
13392
13443
13452
13424
13465
13447
13439
13447
13456
13463
13406
13467
13420
13446
13485
13436
13425
13463
13454
