62933
62898
62845
62901
62895
62869
62992
62934
62914
62902
62958
62816
62929
62866
62895
62825
62942
62838
62813
62841
62991
62934
62911
62935
62899
62907
62876
62854
62895
62919
62897
62969
62823
62883
62951
62914
62969
62900
62888
62936
62875
62994
62819
62859
62920
62850
62896
62880
62946
62912
62897
62995
62978
62919
62933
62803
62786
62923
62916
62880
62886
62921
62921
62917
62916
62904
62955
62871
62906
62861
62944
62929
62886
62922
62909
62946
62911
62924
62899
62986
62863
62841
62926
62871
62925
62926
62937
63039
62827
62886
62883
62858
62858
62878
62924
62878
62881
62872
62969
62918
