31996
32032
31981
32019
32009
32048
32063
32064
32024
31951
32005
32003
31968
32031
32022
32029
32063
31991
32026
32025
32028
32010
31985
32034
31995
32055
32039
32013
31980
32005
32096
32070
32017
32031
32070
32006
32037
31951
31995
32025
32010
32046
32014
31994
31989
32019
32018
32026
32005
32002
32057
31981
32020
32049
32003
31992
32007
32047
32097
31999
31932
31961
31962
31987
31989
31975
32034
32027
32005
32041
32018
32065
31971
32030
31999
32057
31964
32046
32028
31996
31977
31997
31973
31995
31980
32027
32016
32013
32014
32063
32055
31982
31993
31968
32055
32005
31971
32038
31974
31998
