1068
1114
1076
1104
1076
1118
1056
1050
1036
1068
1096
1110
1068
1060
1072
1076
1040
1014
1068
1060
1116
1058
1086
1030
1070
1062
1060
1094
1068
1062
1072
1068
1066
1076
1036
1048
1054
1076
1066
1070
1078
1070
1062
1060
1096
1076
1080
1028
1056
1062
1074
1072
1070
1034
1034
1072
1040
1040
1068
1104
1110
1082
1034
1042
1080
1062
1036
1042
1028
1070
1074
1072
1094
1084
1078
1070
1042
1042
1066
1070
1072
1126
1054
1068
1112
1070
1046
1028
1050
1048
1052
1102
1068
1026
1034
1076
1104
1090
1070
1062
1068
1114
1076
1104
1076
1118
1056
1050
1036
1068
1096
1110
1068
1060
1072
1076
1040
1014
1068
1060
1116
1058
1086
1030
1070
1062
1060
1094
1068
1062
1072
1068
1066
1076
1036
1048
1054
1076
1066
1070
1078
1070
1062
1060
1096
1076
1080
1028
1056
1062
1074
1072
1070
1034
1034
1072
1040
1040
1068
1104
1110
1082
1034
1042
1080
1062
1036
1042
1028
1070
1074
1072
1094
1084
1078
1070
1042
1042
1066
1070
1072
1126
1054
1068
1112
1070
1046
1028
1050
1048
1052
1102
1068
1026
1034
1076
1104
1090
1070
1062
