2538
2516
2584
2682
2484
2444
2492
2550
2546
2548
2536
2520
2512
2648
2650
2496
2506
2552
2530
2668
2604
2594
2568
2528
2542
2494
2528
2536
2630
2552
2502
2454
2500
2482
2486
2506
2562
2456
2562
2554
2518
2578
2514
2500
2560
2534
2532
2538
2506
2618
2524
2552
2528
2518
2518
2520
2584
2590
2484
2556
2588
2474
2494
2616
2578
2606
2478
2460
2516
2496
2540
2540
2486
2570
2526
2580
2638
2460
2534
2598
2672
2546
2584
2578
2498
2466
2522
2458
2596
2546
2512
2582
2558
2594
2574
2528
2496
2498
2590
2524
