2676
2662
2602
2670
2704
2684
2604
2660
2730
2674
2674
2678
2710
2642
2690
2702
2714
2672
2678
2702
2666
2728
2690
2652
2674
2696
2718
2628
2740
2666
2654
2688
2694
2624
2668
2746
2646
2684
2682
2666
2674
2696
2730
2670
2668
2680
2674
2640
2700
2708
2652
2664
2654
2684
2702
2688
2638
2704
2670
2634
2668
2660
2692
2746
2668
2634
2750
2672
2694
2686
2664
2680
2682
2702
2758
2668
2668
2638
2714
2690
2702
2710
2638
2680
2662
2648
2650
2638
2644
2694
2728
2732
2624
2584
2672
2682
2612
2664
2670
2670
