515386
511774
520816
528172
527204
527746
510958
524424
532406
521966
520968
523068
514750
522042
515414
516658
524764
500746
515672
517392
531774
530222
518570
526128
526166
512404
512310
526204
513806
520356
531510
517790
518306
513988
515646
519010
511256
526320
513148
521488
521362
523384
526324
511824
504028
518442
534634
537660
521456
512308
533134
519750
528048
516492
531150
513778
517312
498654
533650
505544
510348
513502
519500
527936
522036
523972
526402
513424
513430
523914
539130
513614
511048
517130
517000
538148
507996
522560
519360
510018
506406
512618
518596
528236
519158
524244
515078
514478
514696
527294
528914
526668
512498
513258
519258
513092
508354
511828
516724
503660
