526528
518364
525918
528764
516478
527584
529148
519968
521482
527108
516252
515894
519652
508108
501990
532866
542136
519908
520490
515900
517688
526846
523082
524390
529908
517528
523732
520130
516358
514166
525708
529024
526418
522816
513760
516328
530352
520164
500262
526650
514230
521414
520958
543976
523858
533090
524108
524080
512110
517000
515104
516028
516298
500934
511988
527240
530058
525498
521784
528822
521052
515258
518982
527932
525512
501024
513888
527170
522838
516266
518004
527868
522136
540620
517084
507826
518140
531090
501326
520560
514890
519026
505488
522272
529480
517672
517100
494550
513208
521890
506442
514018
503720
510288
502536
525996
508202
514916
521132
534778
526528
518364
525918
528764
516478
527584
529148
519968
521482
527108
516252
515894
519652
508108
501990
532866
542136
519908
520490
515900
517688
526846
523082
524390
529908
517528
523732
520130
516358
514166
525708
529024
526418
522816
513760
516328
530352
520164
500262
526650
514230
521414
520958
543976
523858
533090
524108
524080
512110
517000
515104
516028
516298
500934
511988
527240
530058
525498
521784
528822
521052
515258
518982
527932
525512
501024
513888
527170
522838
516266
518004
527868
522136
540620
517084
507826
518140
531090
501326
520560
514890
519026
505488
522272
529480
517672
517100
494550
513208
521890
506442
514018
503720
510288
502536
525996
508202
514916
521132
534778
