140112
158100
138130
149972
145730
135640
143816
138022
149760
140346
152078
147588
140112
144002
153124
143816
154628
145352
153488
149760
149674
142210
152240
140974
135640
145936
135828
137362
147894
147326
138022
152316
144084
139524
142934
151438
138396
144740
148262
137362
137362
136272
139524
145388
140974
140112
151874
144418
155030
137362
145544
137362
140346
142606
140496
149006
144736
135828
143146
153730
151686
145052
138306
135828
135640
140496
153124
144148
137362
141286
144558
141286
143146
135640
149918
150110
144558
136272
135640
150630
135828
144002
148466
147818
140112
139018
140518
150638
140346
138306
149256
142606
140974
149688
140974
135640
151076
150630
144002
137664
140112
158100
138130
149972
145730
135640
143816
138022
149760
140346
152078
147588
140112
144002
153124
143816
154628
145352
153488
149760
149674
142210
152240
140974
135640
145936
135828
137362
147894
147326
138022
152316
144084
139524
142934
151438
138396
144740
148262
137362
137362
136272
139524
145388
140974
140112
151874
144418
155030
137362
145544
137362
140346
142606
140496
149006
144736
135828
143146
153730
151686
145052
138306
135828
135640
140496
153124
144148
137362
141286
144558
141286
143146
135640
149918
150110
144558
136272
135640
150630
135828
144002
148466
147818
140112
139018
140518
150638
140346
138306
149256
142606
140974
149688
140974
135640
151076
150630
144002
137664
