40592976
42871992
45249496
44902888
46176560
43718068
46445592
41117024
46144620
43208040
40063584
44825632
47879888
44374784
41112592
45097724
39464932
45556008
46791032
46176560
45223192
47101672
43818928
43208040
44474460
44825632
45888264
43208040
44035608
46779268
48115536
42602480
41562976
47030960
44901176
42512312
44211036
46454012
43935000
40592976
43030180
43886100
40063584
47467672
43998448
43818928
42532132
47030960
46176560
44474460
41117024
43469712
43770304
39900388
46005724
43518968
39464932
46144620
42996552
47879888
43067488
41117024
43208040
47030960
46408280
40876096
42602480
45518344
41788484
47914984
44609188
44742676
47072992
45296196
43818928
42560968
44298624
48440472
44609188
43998448
41799068
44211036
47117600
45622064
40189200
44211036
43885828
41117024
46779268
41118560
42871992
42512312
43009160
48185912
41117024
44733356
45473280
47072992
46156516
39464932
