1255543
1228910
1202041
1221121
1228910
1213671
1183760
1203266
1387559
1448156
1213671
1217793
1183760
1249216
1239616
1183760
1347679
1221121
1187126
1187126
1347679
1249216
1183760
1452368
1183760
1451983
1399106
1187126
1441024
1203266
1183760
1471157
1183760
1183760
1392940
1424389
1471157
1441024
1542402
1347679
1228910
1453965
1217793
1471157
1239616
1183760
1217793
1183760
1255543
1183760
1213671
1358473
1183760
1213671
1703179
1221121
1651590
1552266
1386733
1392940
1239616
1213671
1441024
1239616
1221904
1255543
1228910
1271918
1221121
1217793
1240038
1277731
1187126
1358473
1250805
1249216
1347679
1202041
1202041
1387750
1347679
1183760
1217793
1236717
1228910
1287193
1277731
1424389
1228910
1464965
1292175
1360221
1187126
1221121
1569502
1183760
1358473
1471157
1183760
1386733
