641900224
644435392
663327616
669771840
657890944
692786944
709725824
657641984
689068288
700832256
653825600
705327872
662286080
668711552
694893696
691406784
653527488
704223232
667085376
675946112
725439680
656495680
686159168
680745280
685324160
712775680
710850240
693822016
693924480
687241216
734953408
655489600
674225984
677135296
688643776
693946176
713942592
697154048
662993024
679393344
710564864
657884288
657835968
651272704
721761792
689865280
694983296
647006080
698648064
679258048
714145408
657824896
682805184
684956928
690224000
739640256
661862208
694182784
671353728
694848832
700584512
666953344
677494016
717377344
660317504
662725504
657901184
677271744
694138112
696409728
689069568
669107200
672911104
679452992
690176192
697350464
654399488
682816576
716271296
697829248
683665088
690021312
686767040
661603840
730256832
665379840
701358720
717734464
662754304
730644480
676160576
689135296
660884032
720520256
664966912
694950336
661339328
694717248
675980608
699704064
