5156126
5160806
5183980
5218256
5147906
5170788
5181012
5191072
5237364
5139354
5152612
5164938
5222654
5199500
5158716
5259108
5138400
5138990
5159802
5186718
5137022
5135024
5157582
5227420
5204688
5211418
5209842
5195896
5138572
5243432
5196446
5185412
5167018
5195120
5219468
5182964
5180240
5250606
5170452
5144182
5202156
5149926
5187780
5163002
5204186
5171412
5223182
5163716
5213700
5148456
5170846
5152806
5205970
5211428
5227206
5150578
5205126
5159202
5198316
5190628
5177898
5222810
5217234
5225796
5187060
5178678
5100488
5309584
5194674
5155372
5159440
5192260
5150126
5154024
5167070
5182606
5162226
5158434
5236364
5174522
5190270
5200322
5226298
5143386
5214060
5225370
5207782
5156496
5213266
5166290
5211860
5215838
5217502
5203508
5215348
5163730
5150762
5175030
5207600
5221192
