0 10926517 
1 10920288 
2 10882514 
3 10881870 
4 10854529 
5 10836044 
6 10801225 
7 10799559 
8 10798861 
9 10797512 
10 10794852 
11 10794691 
12 10792630 
13 10788775 
14 10788695 
15 10788229 
16 10787087 
17 10783875 
18 10779046 
19 10778753 
20 10778165 
21 10775680 
22 10771416 
23 10770663 
24 10770658 
25 10770303 
26 10769421 
27 10767531 
28 10760029 
29 10759724 
30 10756857 
31 10756692 
32 10756376 
33 10754162 
34 10750053 
35 10749910 
36 10749894 
37 10748616 
38 10748250 
39 10747365 
40 10744863 
41 10743163 
42 10742708 
43 10736643 
44 10735746 
45 10735386 
46 10728147 
47 10724204 
48 10718815 
49 10696440 
50 10690856 
51 10642442 
52 10642442 
53 10638334 
54 10637476 
55 10634068 
56 10631730 
57 10629370 
58 10629024 
59 10628933 
60 10621196 
61 10620419 
62 10620357 
63 10620206 
64 10619320 
65 10619310 
66 10619255 
67 10618779 
68 10526935 
69 10525209 
70 10522215 
71 10521470 
72 10518178 
73 10518178 
74 10516458 
75 10516458 
76 10516398 
77 10515791 
78 10510280 
79 10507984 
80 10507878 
81 10506085 
82 10503712 
83 10501185 
84 10497646 
85 10497338 
86 10496953 
87 10484143 
88 10481345 
89 10480354 
90 10478945 
91 10478737 
92 10478515 
93 10476919 
94 10476731 
95 10473845 
96 10470875 
97 10469862 
98 10468043 
99 10459321 
100 10458894 
101 10455716 
102 10454992 
103 10453279 
104 10451711 
105 10451011 
106 10447251 
107 10444986 
108 10443646 
109 10441962 
110 10441310 
111 10439378 
112 10436007 
113 10435832 
114 10435459 
115 10431467 
116 10431409 
117 10431215 
118 10430717 
119 10430640 
120 10429761 
121 10427396 
122 10427110 
123 10423165 
124 10423017 
125 10420266 
126 10420205 
127 10419719 
128 10417486 
129 10414945 
130 10414713 
131 10414661 
132 10414638 
133 10414326 
134 10413925 
135 10413738 
136 10413434 
137 10411854 
138 10411844 
139 10411726 
140 10411642 
141 10409019 
142 10408806 
143 10406578 
144 10404604 
145 10401484 
146 10399339 
147 10397979 
148 10397041 
149 10395937 
150 10395858 
151 10395817 
152 10395641 
153 10395426 
154 10392721 
155 10392403 
156 10384315 
157 10382562 
158 10376133 
159 10375587 
160 10375580 
161 10364060 
162 10362611 
163 10359646 
164 10359206 
165 10357789 
166 10357789 
167 10355663 
168 10353576 
169 10353069 
170 10352493 
171 10350213 
172 10350213 
173 10349973 
174 10349920 
175 10346255 
176 10344375 
177 10340616 
178 10340571 
179 10338713 
180 10338708 
181 10338245 
182 10337510 
183 10337149 
184 10336848 
185 10336622 
186 10332427 
187 10331685 
188 10330108 
189 10310769 
190 10299346 
191 10298120 
192 10298023 
193 10297774 
194 10297774 
195 10297637 
196 10296917 
197 10295461 
198 10285872 
199 10284765 
200 10281803 
201 10280762 
202 10280762 
203 10279682 
204 10279253 
205 10277091 
206 10277074 
207 10275980 
208 10275843 
209 10275786 
210 10274246 
211 10273990 
212 10268716 
213 10268640 
214 10268467 
215 10267014 
216 10266307 
217 10260643 
218 10258736 
219 10258192 
220 10258003 
221 10257733 
222 10257021 
223 10257001 
224 10256858 
225 10253121 
226 10252998 
227 10252731 
228 10252731 
229 10252431 
230 10251178 
231 10245081 
232 10244774 
233 10244754 
234 10243251 
235 10243171 
236 10240379 
237 10240357 
238 10240089 
239 10237435 
240 10236428 
241 10236028 
242 10235429 
243 10235133 
244 10235100 
245 10234927 
246 10234847 
247 10226149 
248 10225115 
249 10224686 
250 10224653 
251 10224219 
252 10223720 
253 10220611 
254 10220156 
255 10219899 
256 10219359 
257 10217881 
258 10217881 
259 10216032 
260 10215511 
261 10215511 
262 10207188 
263 10198843 
264 10198455 
265 10192640 
266 10192543 
267 10192478 
268 10191738 
269 10190338 
270 10190338 
271 10190258 
272 10187478 
273 10187478 
274 10176669 
275 10174403 
276 10173682 
277 10172322 
278 10171934 
279 10170289 
280 10170289 
281 10170289 
282 10166469 
283 10166006 
284 10166006 
285 10165474 
286 10165474 
287 10164618 
288 10164618 
289 10164618 
290 10164618 
291 10164618 
292 10164618 
293 10164618 
294 10164618 
295 10164618 
296 10164618 
297 10164618 
298 10164618 
299 10164618 
300 10164618 
301 10164618 
302 10164618 
303 10164618 
304 10164618 
305 10164618 
306 10164618 
307 10164618 
308 10164618 
309 10164618 
310 10164618 
311 10164618 
312 10164618 
313 10164618 
314 10164618 
315 10164618 
316 10164618 
317 10164618 
318 10164618 
319 10164618 
320 10164618 
321 10164618 
322 10164618 
323 10164618 
324 10164618 
325 10164618 
326 10164618 
327 10164618 
328 10164618 
329 10164618 
330 10164618 
331 10164618 
332 10164618 
333 10164618 
334 10164618 
335 10164618 
336 10164618 
337 10164618 
338 10164618 
339 10164618 
340 10164618 
341 10164618 
342 10164618 
343 10164618 
344 10164618 
345 10164618 
346 10164618 
347 10164618 
348 10164618 
349 10164618 
350 10164618 
351 10164618 
352 10164618 
353 10164618 
354 10164618 
355 10164618 
356 10164618 
357 10164618 
358 10164618 
359 10164618 
360 10164618 
361 10164618 
362 10164618 
363 10164618 
364 10164618 
365 10164618 
366 10164618 
367 10164618 
368 10164618 
369 10164618 
370 10164618 
371 10164618 
372 10164618 
373 10164618 
374 10164618 
375 10164618 
376 10164618 
377 10164618 
378 10164618 
379 10164618 
380 10164618 
381 10164618 
382 10164618 
383 10164618 
384 10164618 
385 10164618 
386 10164618 
387 10164618 
388 10164618 
389 10164618 
390 10164618 
391 10164618 
392 10164618 
393 10164618 
394 10164618 
395 10164618 
396 10164618 
397 10164618 
398 10164618 
399 10164618 
400 10164618 
401 10164618 
402 10164618 
403 10164618 
404 10164618 
405 10164618 
406 10164618 
407 10164618 
408 10164618 
409 10164618 
410 10164618 
411 10164618 
412 10164618 
413 10164618 
414 10164618 
415 10164618 
416 10164618 
417 10164618 
418 10164618 
419 10164618 
420 10164618 
421 10164618 
422 10164618 
423 10164618 
424 10164618 
425 10164618 
426 10164618 
427 10164618 
428 10164618 
429 10164618 
430 10164618 
431 10164618 
432 10164618 
433 10164618 
434 10164618 
435 10164618 
436 10164618 
437 10164618 
438 10164618 
439 10164618 
440 10164618 
441 10164618 
442 10164618 
443 10164618 
444 10164618 
445 10164618 
446 10164618 
447 10164618 
448 10164618 
449 10164618 
450 10164618 
451 10164618 
452 10164618 
453 10164618 
454 10164618 
455 10164618 
456 10164618 
457 10164618 
458 10164618 
459 10164618 
460 10164618 
461 10164618 
462 10164618 
463 10164618 
464 10164618 
465 10164618 
466 10164618 
467 10164618 
468 10164618 
469 10164618 
470 10164618 
471 10164618 
472 10164618 
473 10164618 
474 10164618 
475 10164618 
476 10164618 
477 10164618 
478 10164618 
479 10164618 
480 10164618 
481 10164618 
482 10164618 
483 10164618 
484 10164618 
485 10164618 
486 10164618 
487 10164618 
488 10164618 
489 10164618 
490 10164618 
491 10164618 
492 10164618 
493 10164618 
494 10164618 
495 10164618 
496 10164618 
497 10164618 
498 10164618 
499 10164618 
500 10164618 
501 10164618 
502 10164618 
503 10164618 
504 10164618 
505 10164618 
506 10164618 
507 10164618 
508 10164618 
509 10164618 
510 10164618 
511 10164618 
512 10164618 
513 10164618 
514 10164618 
515 10164618 
516 10164618 
517 10164618 
518 10164618 
519 10164618 
520 10164618 
521 10164618 
522 10164618 
523 10164618 
524 10164618 
525 10164618 
526 10164618 
527 10164618 
528 10164618 
529 10164618 
530 10164618 
531 10164618 
532 10164618 
533 10164618 
534 10164618 
535 10164618 
536 10164618 
537 10164618 
538 10164618 
539 10164618 
540 10164618 
541 10164618 
542 10164618 
543 10164618 
544 10164618 
545 10164618 
546 10164618 
547 10164618 
548 10164618 
549 10164618 
550 10164618 
551 10164618 
552 10164618 
553 10164618 
554 10164618 
555 10164618 
556 10164618 
557 10164618 
558 10164618 
559 10164618 
560 10164618 
561 10164618 
562 10164618 
563 10164618 
564 10164618 
565 10164618 
566 10164618 
567 10164618 
568 10164618 
569 10164618 
570 10164618 
571 10164618 
572 10164618 
573 10164618 
574 10164618 
575 10164618 
576 10164618 
577 10164618 
578 10164618 
579 10164618 
580 10164618 
581 10164618 
582 10164618 
583 10164618 
584 10164618 
585 10164618 
586 10164618 
587 10164618 
588 10164618 
589 10164618 
590 10164618 
591 10164618 
592 10164618 
593 10164618 
594 10164618 
595 10164618 
596 10164618 
597 10164618 
598 10164618 
599 10164618 
600 10164618 
601 10164618 
602 10164618 
603 10164618 
604 10164618 
605 10164618 
606 10164618 
607 10164618 
608 10164618 
609 10164618 
610 10164618 
611 10164618 
612 10164618 
613 10164618 
614 10164618 
615 10164618 
616 10164618 
617 10164618 
618 10164618 
619 10164618 
620 10164618 
621 10164618 
622 10164618 
623 10164618 
624 10164618 
625 10164618 
626 10164618 
627 10164618 
628 10164618 
629 10164618 
630 10164618 
631 10164618 
632 10164618 
633 10164618 
634 10164618 
635 10164618 
636 10164618 
637 10164618 
638 10164618 
639 10164618 
640 10164618 
641 10164618 
642 10164618 
643 10164618 
644 10164618 
645 10164618 
646 10164618 
647 10164618 
648 10164618 
649 10164618 
650 10164618 
651 10164618 
652 10164618 
653 10164618 
654 10164618 
655 10164618 
656 10164618 
657 10164618 
658 10164618 
659 10164618 
660 10164618 
661 10164618 
662 10164618 
663 10164618 
664 10164618 
665 10164618 
666 10164618 
667 10164618 
668 10164618 
669 10164618 
670 10164618 
671 10164618 
672 10164618 
673 10164618 
674 10164618 
675 10164618 
676 10164618 
677 10164618 
678 10164618 
679 10164618 
680 10164618 
681 10164618 
682 10164618 
683 10164618 
684 10164618 
685 10164618 
686 10164618 
687 10164618 
688 10164618 
689 10164618 
690 10164618 
691 10164618 
692 10164618 
693 10164618 
694 10164618 
695 10164618 
696 10164618 
697 10164618 
698 10164618 
699 10164618 
700 10164618 
701 10164618 
702 10164618 
703 10164618 
704 10164618 
705 10164618 
706 10164618 
707 10164618 
708 10164618 
709 10164618 
710 10164618 
711 10164618 
712 10164618 
713 10164618 
714 10164618 
715 10164618 
716 10164618 
717 10164618 
718 10164618 
719 10164618 
720 10164618 
721 10164618 
722 10164618 
723 10164618 
724 10164618 
725 10164618 
726 10164618 
727 10164618 
728 10164618 
729 10164618 
730 10164618 
731 10164618 
732 10164618 
733 10164618 
734 10164618 
735 10164618 
736 10164618 
737 10164618 
738 10164618 
739 10164618 
740 10164618 
741 10164618 
742 10164618 
743 10164618 
744 10164618 
745 10164618 
746 10164618 
747 10164618 
748 10164618 
749 10164618 
750 10164618 
751 10164618 
752 10164618 
753 10164618 
754 10164618 
755 10164618 
756 10164618 
757 10164618 
758 10164618 
759 10164618 
760 10164618 
761 10164618 
762 10164618 
763 10164618 
764 10164618 
765 10164618 
766 10164618 
767 10164618 
768 10164618 
769 10164618 
770 10164618 
771 10164618 
772 10164618 
773 10164618 
774 10164618 
775 10164618 
776 10164618 
777 10164618 
778 10164618 
779 10164618 
780 10164618 
781 10164618 
782 10164618 
783 10164618 
784 10164618 
785 10164618 
786 10164618 
787 10164618 
788 10164618 
789 10164618 
790 10164618 
791 10164618 
792 10164618 
793 10164618 
794 10164618 
795 10164618 
796 10164618 
797 10164618 
798 10164618 
799 10164618 
800 10164618 
801 10164618 
802 10164618 
803 10164618 
804 10164618 
805 10164618 
806 10164618 
807 10164618 
808 10164618 
809 10164618 
810 10164618 
811 10164618 
812 10164618 
813 10164618 
814 10164618 
815 10164618 
816 10164618 
817 10164618 
818 10164618 
819 10164618 
820 10164618 
821 10164618 
822 10164618 
823 10164618 
824 10164618 
825 10164618 
826 10164618 
827 10164618 
828 10164618 
829 10164618 
830 10164618 
831 10164618 
832 10164618 
833 10164618 
834 10164618 
835 10164618 
836 10164618 
837 10164618 
838 10164618 
839 10164618 
840 10164618 
841 10164618 
842 10164618 
843 10164618 
844 10164618 
845 10164618 
846 10164618 
847 10164618 
848 10164618 
849 10164618 
850 10164618 
851 10164618 
852 10164618 
853 10164618 
854 10164618 
855 10164618 
856 10164618 
857 10164618 
858 10164618 
859 10164618 
860 10164618 
861 10164618 
862 10164618 
863 10164618 
864 10164618 
865 10164618 
866 10164618 
867 10164618 
868 10164618 
869 10164618 
870 10164618 
871 10164618 
872 10164618 
873 10164618 
874 10164618 
875 10164618 
876 10164618 
877 10164618 
878 10164618 
879 10164618 
880 10164618 
881 10164618 
882 10164618 
883 10164618 
884 10164618 
885 10164618 
886 10164618 
887 10164618 
888 10164618 
889 10164618 
890 10164618 
891 10164618 
892 10164618 
893 10164618 
894 10164618 
895 10164618 
896 10164618 
897 10164618 
898 10164618 
899 10164618 
900 10164618 
901 10164618 
902 10164618 
903 10164618 
904 10164618 
905 10164618 
906 10164618 
907 10164618 
908 10164618 
909 10164618 
910 10164618 
911 10164618 
912 10164618 
913 10164618 
914 10164618 
915 10164618 
916 10164618 
917 10164618 
918 10164618 
919 10164618 
920 10164618 
921 10164618 
922 10164618 
923 10164618 
924 10164618 
925 10164618 
926 10164618 
927 10164618 
928 10164618 
929 10164618 
930 10164618 
931 10164618 
932 10164618 
933 10164618 
934 10164618 
935 10164618 
936 10164618 
937 10164618 
938 10164618 
939 10164618 
940 10164618 
941 10164618 
942 10164618 
943 10164618 
944 10164618 
945 10164618 
946 10164618 
947 10164618 
948 10164618 
949 10164618 
950 10164618 
951 10164618 
952 10164618 
953 10164618 
954 10164618 
955 10164618 
956 10164618 
957 10164618 
958 10164618 
959 10164618 
960 10164618 
961 10164618 
962 10164618 
963 10164618 
964 10164618 
965 10164618 
966 10164618 
967 10164618 
968 10164618 
969 10164618 
970 10164618 
971 10164618 
972 10164618 
973 10164618 
974 10164618 
975 10164618 
976 10164618 
977 10164618 
978 10164618 
979 10164618 
980 10164618 
981 10164618 
982 10164618 
983 10164618 
984 10164618 
985 10164618 
986 10164618 
987 10164618 
988 10164618 
989 10164618 
990 10164618 
991 10164618 
992 10164618 
993 10164618 
994 10164618 
995 10164618 
996 10164618 
997 10164618 
998 10164618 
999 10164618 
1000 10164618 
1001 10164618 
1002 10164618 
1003 10164618 
1004 10164618 
1005 10164618 
1006 10164618 
1007 10164618 
1008 10164618 
1009 10164618 
1010 10164618 
1011 10164618 
1012 10164618 
1013 10164618 
1014 10164618 
1015 10164618 
1016 10164618 
1017 10164618 
1018 10164618 
1019 10164618 
1020 10164618 
1021 10164618 
1022 10164618 
1023 10164618 
1024 10164618 
1025 10164618 
1026 10164618 
1027 10164618 
1028 10164618 
1029 10164618 
1030 10164618 
1031 10164618 
1032 10164618 
1033 10164618 
1034 10164618 
1035 10164618 
1036 10164618 
1037 10164618 
1038 10164618 
1039 10164618 
1040 10164618 
1041 10164618 
1042 10164618 
1043 10164618 
1044 10164618 
1045 10164618 
1046 10164618 
1047 10164618 
1048 10164618 
1049 10164618 
1050 10164618 
1051 10164618 
1052 10164618 
1053 10164618 
1054 10164618 
1055 10164618 
1056 10164618 
1057 10164618 
1058 10164618 
1059 10164618 
1060 10164618 
1061 10164618 
1062 10164618 
1063 10164618 
1064 10164618 
1065 10164618 
1066 10164618 
1067 10164618 
1068 10164618 
1069 10164618 
1070 10164618 
1071 10164618 
1072 10164618 
1073 10164618 
1074 10164618 
1075 10164618 
1076 10164618 
1077 10164618 
1078 10164618 
1079 10164618 
1080 10164618 
1081 10164618 
1082 10164618 
1083 10164618 
1084 10164618 
1085 10164618 
1086 10164618 
1087 10164618 
1088 10164618 
1089 10164618 
1090 10164618 
1091 10164618 
1092 10164618 
1093 10164618 
1094 10164618 
1095 10164618 
1096 10164618 
1097 10164618 
1098 10164618 
1099 10164618 
1100 10164618 
1101 10164618 
1102 10164618 
1103 10164618 
1104 10164618 
1105 10164618 
1106 10164618 
1107 10164618 
1108 10164618 
1109 10164618 
1110 10164618 
1111 10164618 
1112 10164618 
1113 10164618 
1114 10164618 
1115 10164618 
1116 10164618 
1117 10164618 
1118 10164618 
1119 10164618 
1120 10164618 
1121 10164618 
1122 10164618 
1123 10164618 
1124 10164618 
1125 10164618 
1126 10164618 
1127 10164618 
1128 10164618 
1129 10164618 
1130 10164618 
1131 10164618 
1132 10164618 
1133 10164618 
1134 10164618 
1135 10164618 
1136 10164618 
1137 10164618 
1138 10164618 
1139 10164618 
1140 10164618 
1141 10164618 
1142 10164618 
1143 10164618 
1144 10164618 
1145 10164618 
1146 10164618 
1147 10164618 
1148 10164618 
1149 10164618 
1150 10164618 
1151 10164618 
1152 10164618 
1153 10164618 
1154 10164618 
1155 10164618 
1156 10164618 
1157 10164618 
1158 10164618 
1159 10164618 
1160 10164618 
1161 10164618 
1162 10164618 
1163 10164618 
1164 10164618 
1165 10164618 
1166 10164618 
1167 10164618 
1168 10164618 
1169 10164618 
1170 10164618 
1171 10164618 
1172 10164618 
1173 10164618 
1174 10164618 
1175 10164618 
1176 10164618 
1177 10164618 
1178 10164618 
1179 10164618 
1180 10164618 
1181 10164618 
1182 10164618 
1183 10164618 
1184 10164618 
1185 10164618 
1186 10164618 
1187 10164618 
1188 10164618 
1189 10164618 
1190 10164618 
1191 10164618 
1192 10164618 
1193 10164618 
1194 10164618 
1195 10164618 
1196 10164618 
1197 10164618 
1198 10164618 
1199 10164618 
1200 10164618 
1201 10164618 
1202 10164618 
1203 10164618 
1204 10164618 
1205 10164618 
1206 10164618 
1207 10164618 
1208 10164618 
1209 10164618 
1210 10164618 
1211 10164618 
1212 10164618 
1213 10164618 
1214 10164618 
1215 10164618 
1216 10164618 
1217 10164618 
1218 10164618 
1219 10164618 
1220 10164618 
1221 10164618 
1222 10164618 
1223 10164618 
1224 10164618 
1225 10164618 
1226 10164618 
1227 10164618 
1228 10164618 
1229 10164618 
1230 10164618 
1231 10164618 
1232 10164618 
1233 10164618 
1234 10164618 
1235 10164618 
1236 10164618 
1237 10164618 
1238 10164618 
1239 10164618 
1240 10164618 
1241 10164618 
1242 10164618 
1243 10164618 
1244 10164618 
1245 10164618 
1246 10164618 
1247 10164618 
1248 10164618 
1249 10164618 
1250 10164618 
1251 10164618 
1252 10164618 
1253 10164618 
1254 10164618 
1255 10164618 
1256 10164618 
1257 10164618 
1258 10164618 
1259 10164618 
1260 10164618 
1261 10164618 
1262 10164618 
1263 10164618 
1264 10164618 
1265 10164618 
1266 10164618 
1267 10164618 
1268 10164618 
1269 10164618 
1270 10164618 
1271 10164618 
1272 10164618 
1273 10164618 
1274 10164618 
1275 10164618 
1276 10164618 
1277 10164618 
1278 10164618 
1279 10164618 
1280 10164618 
1281 10164618 
1282 10164618 
1283 10164618 
1284 10164618 
1285 10164618 
1286 10164618 
1287 10164618 
1288 10164618 
1289 10164618 
1290 10164618 
1291 10164618 
1292 10164618 
1293 10164618 
1294 10164618 
1295 10164618 
1296 10164618 
1297 10164618 
1298 10164618 
1299 10164618 
1300 10164618 
1301 10164618 
1302 10164618 
1303 10164618 
1304 10164618 
1305 10164618 
1306 10164618 
1307 10164618 
1308 10164618 
1309 10164618 
1310 10164618 
1311 10164618 
1312 10164618 
1313 10164618 
1314 10164618 
1315 10164618 
1316 10164618 
1317 10164618 
1318 10164618 
1319 10164618 
1320 10164618 
1321 10164618 
1322 10164618 
1323 10164618 
1324 10164618 
1325 10164618 
1326 10164618 
1327 10164618 
1328 10164618 
1329 10164618 
1330 10164618 
1331 10164618 
1332 10164618 
1333 10164618 
1334 10164618 
1335 10164618 
1336 10164618 
1337 10164618 
1338 10164618 
1339 10164618 
1340 10164618 
1341 10164618 
1342 10164618 
1343 10164618 
1344 10164618 
1345 10164618 
1346 10164618 
1347 10164618 
1348 10164618 
1349 10164618 
1350 10164618 
1351 10164618 
1352 10164618 
1353 10164618 
1354 10164618 
1355 10164618 
1356 10164618 
1357 10164618 
1358 10164618 
1359 10164618 
1360 10164618 
1361 10164618 
1362 10164618 
1363 10164618 
1364 10164618 
1365 10164618 
1366 10164618 
1367 10164618 
1368 10164618 
1369 10164618 
1370 10164618 
1371 10164618 
1372 10164618 
1373 10164618 
1374 10164618 
1375 10164618 
1376 10164618 
1377 10164618 
1378 10164618 
1379 10164618 
1380 10164618 
1381 10164618 
1382 10164618 
1383 10164618 
1384 10164618 
1385 10164618 
1386 10164618 
1387 10164618 
1388 10164618 
1389 10164618 
1390 10164618 
1391 10164618 
1392 10164618 
1393 10164618 
1394 10164618 
1395 10164618 
1396 10164618 
1397 10164618 
1398 10164618 
1399 10164618 
1400 10164618 
1401 10164618 
1402 10164618 
1403 10164618 
1404 10164618 
1405 10164618 
1406 10164618 
1407 10164618 
1408 10164618 
1409 10164618 
1410 10164618 
1411 10164618 
1412 10164618 
1413 10164618 
1414 10164618 
1415 10164618 
1416 10164618 
1417 10164618 
1418 10164618 
1419 10164618 
1420 10164618 
1421 10164618 
1422 10164618 
1423 10164618 
1424 10164618 
1425 10164618 
1426 10164618 
1427 10164618 
1428 10164618 
1429 10164618 
1430 10164618 
1431 10164618 
1432 10164618 
1433 10164618 
1434 10164618 
1435 10164618 
1436 10164618 
1437 10164618 
1438 10164618 
1439 10164618 
1440 10164618 
1441 10164618 
1442 10164618 
1443 10164618 
1444 10164618 
1445 10164618 
1446 10164618 
1447 10164618 
1448 10164618 
1449 10164618 
1450 10164618 
1451 10164618 
1452 10164618 
1453 10164618 
1454 10164618 
1455 10164618 
1456 10164618 
1457 10164618 
1458 10164618 
1459 10164618 
1460 10164618 
1461 10164618 
1462 10164618 
1463 10164618 
1464 10164618 
1465 10164618 
1466 10164618 
1467 10164618 
1468 10164618 
1469 10164618 
1470 10164618 
1471 10164618 
1472 10164618 
1473 10164618 
1474 10164618 
1475 10164618 
1476 10164618 
1477 10164618 
1478 10164618 
1479 10164618 
1480 10164618 
1481 10164618 
1482 10164618 
1483 10164618 
1484 10164618 
1485 10164618 
1486 10164618 
1487 10164618 
1488 10164618 
1489 10164618 
1490 10164618 
1491 10164618 
1492 10164618 
1493 10164618 
1494 10164618 
1495 10164618 
1496 10164618 
1497 10164618 
1498 10164618 
1499 10164618 
1500 10164618 
1501 10164618 
1502 10164618 
1503 10164618 
1504 10164618 
1505 10164618 
1506 10164618 
1507 10164618 
1508 10164618 
1509 10164618 
1510 10164618 
1511 10164618 
1512 10164618 
1513 10164618 
1514 10164618 
1515 10164618 
1516 10164618 
1517 10164618 
1518 10164618 
1519 10164618 
1520 10164618 
1521 10164618 
1522 10164618 
1523 10164618 
1524 10164618 
1525 10164618 
1526 10164618 
1527 10164618 
1528 10164618 
1529 10164618 
1530 10164618 
1531 10164618 
1532 10164618 
1533 10164618 
1534 10164618 
1535 10164618 
1536 10164618 
1537 10164618 
1538 10164618 
1539 10164618 
1540 10164618 
1541 10164618 
1542 10164618 
1543 10164618 
1544 10164618 
1545 10164618 
1546 10164618 
1547 10164618 
1548 10164618 
1549 10164618 
1550 10164618 
1551 10164618 
1552 10164618 
1553 10164618 
1554 10164618 
1555 10164618 
1556 10164618 
1557 10164618 
1558 10164618 
1559 10164618 
1560 10164618 
1561 10164618 
1562 10164618 
1563 10164618 
1564 10164618 
1565 10164618 
1566 10164618 
1567 10164618 
1568 10164618 
1569 10164618 
1570 10164618 
1571 10164618 
1572 10164618 
1573 10164618 
1574 10164618 
1575 10164618 
1576 10164618 
1577 10164618 
1578 10164618 
1579 10164618 
1580 10164618 
1581 10164618 
1582 10164618 
1583 10164618 
1584 10164618 
1585 10164618 
1586 10164618 
1587 10164618 
1588 10164618 
1589 10164618 
1590 10164618 
1591 10164618 
1592 10164618 
1593 10164618 
1594 10164618 
1595 10164618 
1596 10164618 
1597 10164618 
1598 10164618 
1599 10164618 
1600 10164618 
1601 10164618 
1602 10164618 
1603 10164618 
1604 10164618 
1605 10164618 
1606 10164618 
1607 10164618 
1608 10164618 
1609 10164618 
1610 10164618 
1611 10164618 
1612 10164618 
1613 10164618 
1614 10164618 
1615 10164618 
1616 10164618 
1617 10164618 
1618 10164618 
1619 10164618 
1620 10164618 
1621 10164618 
1622 10164618 
1623 10164618 
1624 10164618 
1625 10164618 
1626 10164618 
1627 10164618 
1628 10164618 
1629 10164618 
1630 10164618 
1631 10164618 
1632 10164618 
1633 10164618 
1634 10164618 
1635 10164618 
1636 10164618 
1637 10164618 
1638 10164618 
1639 10164618 
1640 10164618 
1641 10164618 
1642 10164618 
1643 10164618 
1644 10164618 
1645 10164618 
1646 10164618 
1647 10164618 
1648 10164618 
1649 10164618 
1650 10164618 
1651 10164618 
1652 10164618 
1653 10164618 
1654 10164618 
1655 10164618 
1656 10164618 
1657 10164618 
1658 10164618 
1659 10164618 
1660 10164618 
1661 10164618 
1662 10164618 
1663 10164618 
1664 10164618 
1665 10164618 
1666 10164618 
1667 10164618 
1668 10164618 
1669 10164618 
1670 10164618 
1671 10164618 
1672 10164618 
1673 10164618 
1674 10164618 
1675 10164618 
1676 10164618 
1677 10164618 
1678 10164618 
1679 10164618 
1680 10164618 
1681 10164618 
1682 10164618 
1683 10164618 
1684 10164618 
1685 10164618 
1686 10164618 
1687 10164618 
1688 10164618 
1689 10164618 
1690 10164618 
1691 10164618 
1692 10164618 
1693 10164618 
1694 10164618 
1695 10164618 
1696 10164618 
1697 10164618 
1698 10164618 
1699 10164618 
1700 10164618 
1701 10164618 
1702 10164618 
1703 10164618 
1704 10164618 
1705 10164618 
1706 10164618 
1707 10164618 
1708 10164618 
1709 10164618 
1710 10164618 
1711 10164618 
1712 10164618 
1713 10164618 
1714 10164618 
1715 10164618 
1716 10164618 
1717 10164618 
1718 10164618 
1719 10164618 
1720 10164618 
1721 10164618 
1722 10164618 
1723 10164618 
1724 10164618 
1725 10164618 
1726 10164618 
1727 10164618 
1728 10164618 
1729 10164618 
1730 10164618 
1731 10164618 
1732 10164618 
1733 10164618 
1734 10164618 
1735 10164618 
1736 10164618 
1737 10164618 
1738 10164618 
1739 10164618 
1740 10164618 
1741 10164618 
1742 10164618 
1743 10164618 
1744 10164618 
1745 10164618 
1746 10164618 
1747 10164618 
1748 10164618 
1749 10164618 
1750 10164618 
1751 10164618 
1752 10164618 
1753 10164618 
1754 10164618 
1755 10164618 
1756 10164618 
1757 10164618 
1758 10164618 
1759 10164618 
1760 10164618 
1761 10164618 
1762 10164618 
1763 10164618 
1764 10164618 
1765 10164618 
1766 10164618 
1767 10164618 
1768 10164618 
1769 10164618 
1770 10164618 
1771 10164618 
1772 10164618 
1773 10164618 
1774 10164618 
1775 10164618 
1776 10164618 
1777 10164618 
1778 10164618 
1779 10164618 
1780 10164618 
1781 10164618 
1782 10164618 
1783 10164618 
1784 10164618 
1785 10164618 
1786 10164618 
1787 10164618 
1788 10164618 
1789 10164618 
1790 10164618 
1791 10164618 
1792 10164618 
1793 10164618 
1794 10164618 
1795 10164618 
1796 10164618 
1797 10164618 
1798 10164618 
1799 10164618 
1800 10164618 
1801 10164618 
1802 10164618 
1803 10164618 
1804 10164618 
1805 10164618 
1806 10164618 
1807 10164618 
1808 10164618 
1809 10164618 
1810 10164618 
1811 10164618 
1812 10164618 
1813 10164618 
1814 10164618 
1815 10164618 
1816 10164618 
1817 10164618 
1818 10164618 
1819 10164618 
1820 10164618 
1821 10164618 
1822 10164618 
1823 10164618 
1824 10164618 
1825 10164618 
1826 10164618 
1827 10164618 
1828 10164618 
1829 10164618 
1830 10164618 
1831 10164618 
1832 10164618 
1833 10164618 
1834 10164618 
1835 10164618 
1836 10164618 
1837 10164618 
1838 10164618 
1839 10164618 
1840 10164618 
1841 10164618 
1842 10164618 
1843 10164618 
1844 10164618 
1845 10164618 
1846 10164618 
1847 10164618 
1848 10164618 
1849 10164618 
1850 10164618 
1851 10164618 
1852 10164618 
1853 10164618 
1854 10164618 
1855 10164618 
1856 10164618 
1857 10164618 
1858 10164618 
1859 10164618 
1860 10164618 
1861 10164618 
1862 10164618 
1863 10164618 
1864 10164618 
1865 10164618 
1866 10164618 
1867 10164618 
1868 10164618 
1869 10164618 
1870 10164618 
1871 10164618 
1872 10164618 
1873 10164618 
1874 10164618 
1875 10164618 
1876 10164618 
1877 10164618 
1878 10164618 
1879 10164618 
1880 10164618 
1881 10164618 
1882 10164618 
1883 10164618 
1884 10164618 
1885 10164618 
1886 10164618 
1887 10164618 
1888 10164618 
1889 10164618 
1890 10164618 
1891 10164618 
1892 10164618 
1893 10164618 
1894 10164618 
1895 10164618 
1896 10164618 
1897 10164618 
1898 10164618 
1899 10164618 
1900 10164618 
1901 10164618 
1902 10164618 
1903 10164618 
1904 10164618 
1905 10164618 
1906 10164618 
1907 10164618 
1908 10164618 
1909 10164618 
1910 10164618 
1911 10164618 
1912 10164618 
1913 10164618 
1914 10164618 
1915 10164618 
1916 10164618 
1917 10164618 
1918 10164618 
1919 10164618 
1920 10164618 
1921 10164618 
1922 10164618 
1923 10164618 
1924 10164618 
1925 10164618 
1926 10164618 
1927 10164618 
1928 10164618 
1929 10164618 
1930 10164618 
1931 10164618 
1932 10164618 
1933 10164618 
1934 10164618 
1935 10164618 
1936 10164618 
1937 10164618 
1938 10164618 
1939 10164618 
1940 10164618 
1941 10164618 
1942 10164618 
1943 10164618 
1944 10164618 
1945 10164618 
1946 10164618 
1947 10164618 
1948 10164618 
1949 10164618 
1950 10164618 
1951 10164618 
1952 10164618 
1953 10164618 
1954 10164618 
1955 10164618 
1956 10164618 
1957 10164618 
1958 10164618 
1959 10164618 
1960 10164618 
1961 10164618 
1962 10164618 
1963 10164618 
1964 10164618 
1965 10164618 
1966 10164618 
1967 10164618 
1968 10164618 
1969 10164618 
1970 10164618 
1971 10164618 
1972 10164618 
1973 10164618 
1974 10164618 
1975 10164618 
1976 10164618 
1977 10164618 
1978 10164618 
1979 10164618 
1980 10164618 
1981 10164618 
1982 10164618 
1983 10164618 
1984 10164618 
1985 10164618 
1986 10164618 
1987 10164618 
1988 10164618 
1989 10164618 
1990 10164618 
1991 10164618 
1992 10164618 
1993 10164618 
1994 10164618 
1995 10164618 
1996 10164618 
1997 10164618 
1998 10164618 
1999 10164618 
2000 10164618 
2001 10164618 
2002 10164618 
2003 10164618 
2004 10164618 
2005 10164618 
2006 10164618 
2007 10164618 
2008 10164618 
2009 10164618 
2010 10164618 
2011 10164618 
2012 10164618 
2013 10164618 
2014 10164618 
2015 10164618 
2016 10164618 
2017 10164618 
2018 10164618 
2019 10164618 
2020 10164618 
2021 10164618 
2022 10164618 
2023 10164618 
2024 10164618 
2025 10164618 
2026 10164618 
2027 10164618 
2028 10164618 
2029 10164618 
2030 10164618 
2031 10164618 
2032 10164618 
2033 10164618 
2034 10164618 
2035 10164618 
2036 10164618 
2037 10164618 
2038 10164618 
2039 10164618 
2040 10164618 
2041 10164618 
2042 10164618 
2043 10164618 
2044 10164618 
2045 10164618 
2046 10164618 
2047 10164618 
2048 10164618 
2049 10164618 
2050 10164618 
2051 10164618 
2052 10164618 
2053 10164618 
2054 10164618 
2055 10164618 
2056 10164618 
2057 10164618 
2058 10164618 
2059 10164618 
2060 10164618 
2061 10164618 
2062 10164618 
2063 10164618 
2064 10164618 
2065 10164618 
2066 10164618 
2067 10164618 
2068 10164618 
2069 10164618 
2070 10164618 
2071 10164618 
2072 10164618 
2073 10164618 
2074 10164618 
2075 10164618 
2076 10164618 
2077 10164618 
2078 10164618 
2079 10164618 
2080 10164618 
2081 10164618 
2082 10164618 
2083 10164618 
2084 10164618 
2085 10164618 
2086 10164618 
2087 10164618 
2088 10164618 
2089 10164618 
2090 10164618 
2091 10164618 
2092 10164618 
2093 10164618 
2094 10164618 
2095 10164618 
2096 10164618 
2097 10164618 
2098 10164618 
2099 10164618 
2100 10164618 
2101 10164618 
2102 10164618 
2103 10164618 
2104 10164618 
2105 10164618 
2106 10164618 
2107 10164618 
2108 10164618 
2109 10164618 
2110 10164618 
2111 10164618 
2112 10164618 
2113 10164618 
2114 10164618 
2115 10164618 
2116 10164618 
2117 10164618 
2118 10164618 
2119 10164618 
2120 10164618 
2121 10164618 
2122 10164618 
2123 10164618 
2124 10164618 
2125 10164618 
2126 10164618 
2127 10164618 
2128 10164618 
2129 10164618 
2130 10164618 
2131 10164618 
2132 10164618 
2133 10164618 
2134 10164618 
2135 10164618 
2136 10164618 
2137 10164618 
2138 10164618 
2139 10164618 
2140 10164618 
2141 10164618 
2142 10164618 
2143 10164618 
2144 10164618 
2145 10164618 
2146 10164618 
2147 10164618 
2148 10164618 
2149 10164618 
2150 10164618 
2151 10164618 
2152 10164618 
2153 10164618 
2154 10164618 
2155 10164618 
2156 10164618 
2157 10164618 
2158 10164618 
2159 10164618 
2160 10164618 
2161 10164618 
2162 10164618 
2163 10164618 
2164 10164618 
2165 10164618 
2166 10164618 
2167 10164618 
2168 10164618 
2169 10164618 
2170 10164618 
2171 10164618 
2172 10164618 
2173 10164618 
2174 10164618 
2175 10164618 
2176 10164618 
2177 10164618 
2178 10164618 
2179 10164618 
2180 10164618 
2181 10164618 
2182 10164618 
2183 10164618 
2184 10164618 
2185 10164618 
2186 10164618 
2187 10164618 
2188 10164618 
2189 10164618 
2190 10164618 
2191 10164618 
2192 10164618 
2193 10164618 
2194 10164618 
2195 10164618 
2196 10164618 
2197 10164618 
2198 10164618 
2199 10164618 
2200 10164618 
2201 10164618 
2202 10164618 
2203 10164618 
2204 10164618 
2205 10164618 
2206 10164618 
2207 10164618 
2208 10164618 
2209 10164618 
2210 10164618 
2211 10164618 
2212 10164618 
2213 10164618 
2214 10164618 
2215 10164618 
2216 10164618 
2217 10164618 
2218 10164618 
2219 10164618 
2220 10164618 
2221 10164618 
2222 10164618 
2223 10164618 
2224 10164618 
2225 10164618 
2226 10164618 
2227 10164618 
2228 10164618 
2229 10164618 
2230 10164618 
2231 10164618 
2232 10164618 
2233 10164618 
2234 10164618 
2235 10164618 
2236 10164618 
2237 10164618 
2238 10164618 
2239 10164618 
2240 10164618 
2241 10164618 
2242 10164618 
2243 10164618 
2244 10164618 
2245 10164618 
2246 10164618 
2247 10164618 
2248 10164618 
2249 10164618 
2250 10164618 
2251 10164618 
2252 10164618 
2253 10164618 
2254 10164618 
2255 10164618 
2256 10164618 
2257 10164618 
2258 10164618 
2259 10164618 
2260 10164618 
2261 10164618 
2262 10164618 
2263 10164618 
2264 10164618 
2265 10164618 
2266 10164618 
2267 10164618 
2268 10164618 
2269 10164618 
2270 10164618 
2271 10164618 
2272 10164618 
2273 10164618 
2274 10164618 
2275 10164618 
2276 10164618 
2277 10164618 
2278 10164618 
2279 10164618 
2280 10164618 
2281 10164618 
2282 10164618 
2283 10164618 
2284 10164618 
2285 10164618 
2286 10164618 
2287 10164618 
2288 10164618 
2289 10164618 
2290 10164618 
2291 10164618 
2292 10164618 
2293 10164618 
2294 10164618 
2295 10164618 
2296 10164618 
2297 10164618 
2298 10164618 
2299 10164618 
2300 10164618 
2301 10164618 
2302 10164618 
2303 10164618 
2304 10164618 
2305 10164618 
2306 10164618 
2307 10164618 
2308 10164618 
2309 10164618 
2310 10164618 
2311 10164618 
2312 10164618 
2313 10164618 
2314 10164618 
2315 10164618 
2316 10164618 
2317 10164618 
2318 10164618 
2319 10164618 
2320 10164618 
2321 10164618 
2322 10164618 
2323 10164618 
2324 10164618 
2325 10164618 
2326 10164618 
2327 10164618 
2328 10164618 
2329 10164618 
2330 10164618 
2331 10164618 
2332 10164618 
2333 10164618 
2334 10164618 
2335 10164618 
2336 10164618 
2337 10164618 
2338 10164618 
2339 10164618 
2340 10164618 
2341 10164618 
2342 10164618 
2343 10164618 
2344 10164618 
2345 10164618 
2346 10164618 
2347 10164618 
2348 10164618 
2349 10164618 
2350 10164618 
2351 10164618 
2352 10164618 
2353 10164618 
2354 10164618 
2355 10164618 
2356 10164618 
2357 10164618 
2358 10164618 
2359 10164618 
2360 10164618 
2361 10164618 
2362 10164618 
2363 10164618 
2364 10164618 
2365 10164618 
2366 10164618 
2367 10164618 
2368 10164618 
2369 10164618 
2370 10164618 
2371 10164618 
2372 10164618 
2373 10164618 
2374 10164618 
2375 10164618 
2376 10164618 
2377 10164618 
2378 10164618 
2379 10164618 
2380 10164618 
2381 10164618 
2382 10164618 
2383 10164618 
2384 10164618 
2385 10164618 
2386 10164618 
2387 10164618 
2388 10164618 
2389 10164618 
2390 10164618 
2391 10164618 
2392 10164618 
2393 10164618 
2394 10164618 
2395 10164618 
2396 10164618 
2397 10164618 
2398 10164618 
2399 10164618 
2400 10164618 
2401 10164618 
2402 10164618 
2403 10164618 
2404 10164618 
2405 10164618 
2406 10164618 
2407 10164618 
2408 10164618 
2409 10164618 
2410 10164618 
2411 10164618 
2412 10164618 
2413 10164618 
2414 10164618 
2415 10164618 
2416 10164618 
2417 10164618 
2418 10164618 
2419 10164618 
2420 10164618 
2421 10164618 
2422 10164618 
2423 10164618 
2424 10164618 
2425 10164618 
2426 10164618 
2427 10164618 
2428 10164618 
2429 10164618 
2430 10164618 
2431 10164618 
2432 10164618 
2433 10164618 
2434 10164618 
2435 10164618 
2436 10164618 
2437 10164618 
2438 10164618 
2439 10164618 
2440 10164618 
2441 10164618 
2442 10164618 
2443 10164618 
2444 10164618 
2445 10164618 
2446 10164618 
2447 10164618 
2448 10164618 
2449 10164618 
2450 10164618 
2451 10164618 
2452 10164618 
2453 10164618 
2454 10164618 
2455 10164618 
2456 10164618 
2457 10164618 
2458 10164618 
2459 10164618 
2460 10164618 
2461 10164618 
2462 10164618 
2463 10164618 
2464 10164618 
2465 10164618 
2466 10164618 
2467 10164618 
2468 10164618 
2469 10164618 
2470 10164618 
2471 10164618 
2472 10164618 
2473 10164618 
2474 10164618 
2475 10164618 
2476 10164618 
2477 10164618 
2478 10164618 
2479 10164618 
2480 10164618 
2481 10164618 
2482 10164618 
2483 10164618 
2484 10164618 
2485 10164618 
2486 10164618 
2487 10164618 
2488 10164618 
2489 10164618 
2490 10164618 
2491 10164618 
2492 10164618 
2493 10164618 
2494 10164618 
2495 10164618 
2496 10164618 
2497 10164618 
2498 10164618 
2499 10164618 
2500 10164618 
2501 10164618 
2502 10164618 
2503 10164618 
2504 10164618 
2505 10164618 
2506 10164618 
2507 10164618 
2508 10164618 
2509 10164618 
2510 10164618 
2511 10164618 
2512 10164618 
2513 10164618 
2514 10164618 
2515 10164618 
2516 10164618 
2517 10164618 
2518 10164618 
2519 10164618 
2520 10164618 
2521 10164618 
2522 10164618 
2523 10164618 
2524 10164618 
2525 10164618 
2526 10164618 
2527 10164618 
2528 10164618 
2529 10164618 
2530 10164618 
2531 10164618 
2532 10164618 
2533 10164618 
2534 10164618 
2535 10164618 
2536 10164618 
2537 10164618 
2538 10164618 
2539 10164618 
2540 10164618 
2541 10164618 
2542 10164618 
2543 10164618 
2544 10164618 
2545 10164618 
2546 10164618 
2547 10164618 
2548 10164618 
2549 10164618 
2550 10164618 
2551 10164618 
2552 10164618 
2553 10164618 
2554 10164618 
2555 10164618 
2556 10164618 
2557 10164618 
2558 10164618 
2559 10164618 
2560 10164618 
2561 10164618 
2562 10164618 
2563 10164618 
2564 10164618 
2565 10164618 
2566 10164618 
2567 10164618 
2568 10164618 
2569 10164618 
2570 10164618 
2571 10164618 
2572 10164618 
2573 10164618 
2574 10164618 
2575 10164618 
2576 10164618 
2577 10164618 
2578 10164618 
2579 10164618 
2580 10164618 
2581 10164618 
2582 10164618 
2583 10164618 
2584 10164618 
2585 10164618 
2586 10164618 
2587 10164618 
2588 10164618 
2589 10164618 
2590 10164618 
2591 10164618 
2592 10164618 
2593 10164618 
2594 10164618 
2595 10164618 
2596 10164618 
2597 10164618 
2598 10164618 
2599 10164618 
2600 10164618 
2601 10164618 
2602 10164618 
2603 10164618 
2604 10164618 
2605 10164618 
2606 10164618 
2607 10164618 
2608 10164618 
2609 10164618 
2610 10164618 
2611 10164618 
2612 10164618 
2613 10164618 
2614 10164618 
2615 10164618 
2616 10164618 
2617 10164618 
2618 10164618 
2619 10164618 
2620 10164618 
2621 10164618 
2622 10164618 
2623 10164618 
2624 10164618 
2625 10164618 
2626 10164618 
2627 10164618 
2628 10164618 
2629 10164618 
2630 10164618 
2631 10164618 
2632 10164618 
2633 10164618 
2634 10164618 
2635 10164618 
2636 10164618 
2637 10164618 
2638 10164618 
2639 10164618 
2640 10164618 
2641 10164618 
2642 10164618 
2643 10164618 
2644 10164618 
2645 10164618 
2646 10164618 
2647 10164618 
2648 10164618 
2649 10164618 
2650 10164618 
2651 10164618 
2652 10164618 
2653 10164618 
2654 10164618 
2655 10164618 
2656 10164618 
2657 10164618 
2658 10164618 
2659 10164618 
2660 10164618 
2661 10164618 
2662 10164618 
2663 10164618 
2664 10164618 
2665 10164618 
2666 10164618 
2667 10164618 
2668 10164618 
2669 10164618 
2670 10164618 
2671 10164618 
2672 10164618 
2673 10164618 
2674 10164618 
2675 10164618 
2676 10164618 
2677 10164618 
2678 10164618 
2679 10164618 
2680 10164618 
2681 10164618 
2682 10164618 
2683 10164618 
2684 10164618 
2685 10164618 
2686 10164618 
2687 10164618 
2688 10164618 
2689 10164618 
2690 10164618 
2691 10164618 
2692 10164618 
2693 10164618 
2694 10164618 
2695 10164618 
2696 10164618 
2697 10164618 
2698 10164618 
2699 10164618 
2700 10164618 
2701 10164618 
2702 10164618 
2703 10164618 
2704 10164618 
2705 10164618 
2706 10164618 
2707 10164618 
2708 10164618 
2709 10164618 
2710 10164618 
2711 10164618 
2712 10164618 
2713 10164618 
2714 10164618 
2715 10164618 
2716 10164618 
2717 10164618 
2718 10164618 
2719 10164618 
2720 10164618 
2721 10164618 
2722 10164618 
2723 10164618 
2724 10164618 
2725 10164618 
2726 10164618 
2727 10164618 
2728 10164618 
2729 10164618 
2730 10164618 
2731 10164618 
2732 10164618 
2733 10164618 
2734 10164618 
2735 10164618 
2736 10164618 
2737 10164618 
2738 10164618 
2739 10164618 
2740 10164618 
2741 10164618 
2742 10164618 
2743 10164618 
2744 10164618 
2745 10164618 
2746 10164618 
2747 10164618 
2748 10164618 
2749 10164618 
2750 10164618 
2751 10164618 
2752 10164618 
2753 10164618 
2754 10164618 
2755 10164618 
2756 10164618 
2757 10164618 
2758 10164618 
2759 10164618 
2760 10164618 
2761 10164618 
2762 10164618 
2763 10164618 
2764 10164618 
2765 10164618 
2766 10164618 
2767 10164618 
2768 10164618 
2769 10164618 
2770 10164618 
2771 10164618 
2772 10164618 
2773 10164618 
2774 10164618 
2775 10164618 
2776 10164618 
2777 10164618 
2778 10164618 
2779 10164618 
2780 10164618 
2781 10164618 
2782 10164618 
2783 10164618 
2784 10164618 
2785 10164618 
2786 10164618 
2787 10164618 
2788 10164618 
2789 10164618 
2790 10164618 
2791 10164618 
2792 10164618 
2793 10164618 
2794 10164618 
2795 10164618 
2796 10164618 
2797 10164618 
2798 10164618 
2799 10164618 
2800 10164618 
2801 10164618 
2802 10164618 
2803 10164618 
2804 10164618 
2805 10164618 
2806 10164618 
2807 10164618 
2808 10164618 
2809 10164618 
2810 10164618 
2811 10164618 
2812 10164618 
2813 10164618 
2814 10164618 
2815 10164618 
2816 10164618 
2817 10164618 
2818 10164618 
2819 10164618 
2820 10164618 
2821 10164618 
2822 10164618 
2823 10164618 
2824 10164618 
2825 10164618 
2826 10164618 
2827 10164618 
2828 10164618 
2829 10164618 
2830 10164618 
2831 10164618 
2832 10164618 
2833 10164618 
2834 10164618 
2835 10164618 
2836 10164618 
2837 10164618 
2838 10164618 
2839 10164618 
2840 10164618 
2841 10164618 
2842 10164618 
2843 10164618 
2844 10164618 
2845 10164618 
2846 10164618 
2847 10164618 
2848 10164618 
2849 10164618 
2850 10164618 
2851 10164618 
2852 10164618 
2853 10164618 
2854 10164618 
2855 10164618 
2856 10164618 
2857 10164618 
2858 10164618 
2859 10164618 
2860 10164618 
2861 10164618 
2862 10164618 
2863 10164618 
2864 10164618 
2865 10164618 
2866 10164618 
2867 10164618 
2868 10164618 
2869 10164618 
2870 10164618 
2871 10164618 
2872 10164618 
2873 10164618 
2874 10164618 
2875 10164618 
2876 10164618 
2877 10164618 
2878 10164618 
2879 10164618 
2880 10164618 
2881 10164618 
2882 10164618 
2883 10164618 
2884 10164618 
2885 10164618 
2886 10164618 
2887 10164618 

