0 4335745 
1 4324507 
2 4287739 
3 4283121 
4 4280222 
5 4278519 
6 4267338 
7 4257471 
8 4257395 
9 4256324 
10 4256311 
11 4256032 
12 4255388 
13 4249072 
14 4241597 
15 4241577 
16 4241564 
17 4240590 
18 4240589 
19 4240455 
20 4239605 
21 4239056 
22 4231633 
23 4231626 
24 4231601 
25 4231601 
26 4231536 
27 4228455 
28 4221058 
29 4220031 
30 4219901 
31 4219563 
32 4219550 
33 4219537 
34 4219459 
35 4217569 
36 4217550 
37 4217536 
38 4217529 
39 4216886 
40 4210965 
41 4210835 
42 4207933 
43 4207514 
44 4207388 
45 4206429 
46 4202958 
47 4201606 
48 4197589 
49 4197582 
50 4197524 
51 4196992 
52 4194581 
53 4194555 
54 4194415 
55 4194079 
56 4193560 
57 4193525 
58 4193398 
59 4192540 
60 4192533 
61 4192300 
62 4191717 
63 4191691 
64 4191404 
65 4191372 
66 4191269 
67 4190633 
68 4188339 
69 4188331 
70 4188305 
71 4188299 
72 4188156 
73 4186992 
74 4186991 
75 4186956 
76 4183994 
77 4183875 
78 4183594 
79 4183574 
80 4181606 
81 4181565 
82 4181445 
83 4181412 
84 4181399 
85 4181113 
86 4160547 
87 4159527 
88 4159378 
89 4159010 
90 4158939 
91 4158888 
92 4158680 
93 4157975 
94 4155336 
95 4155336 
96 4155295 
97 4155282 
98 4155092 
99 4154967 
100 4154954 
101 4154821 
102 4154712 
103 4154686 
104 4152573 
105 4152524 
106 4151563 
107 4151516 
108 4151510 
109 4151504 
110 4151469 
111 4151441 
112 4150188 
113 4150035 
114 4149915 
115 4148967 
116 4147907 
117 4147885 
118 4139848 
119 4139166 
120 4131405 
121 4130859 
122 4127066 
123 4127014 
124 4123907 
125 4123025 
126 4122427 
127 4122299 
128 4122248 
129 4122040 
130 4122028 
131 4121885 
132 4121885 
133 4120286 
134 4120272 
135 4120168 
136 4120116 
137 4118546 
138 4118546 
139 4118137 
140 4118111 
141 4117053 
142 4115317 
143 4114922 
144 4114897 
145 4114520 
146 4113294 
147 4113293 
148 4113270 
149 4113250 
150 4109989 
151 4109989 
152 4109980 
153 4109966 
154 4109903 
155 4107383 
156 4107325 
157 4107319 
158 4107293 
159 4106922 
160 4106895 
161 4106895 
162 4106638 
163 4106629 
164 4106131 
165 4106082 
166 4106076 
167 4106064 
168 4106048 
169 4105184 
170 4105164 
171 4105148 
172 4082592 
173 4082585 
174 4081370 
175 4078401 
176 4078400 
177 4078400 
178 4077545 
179 4077536 
180 4077090 
181 4076363 
182 4076337 
183 4076328 
184 4076291 
185 4076210 
186 4076087 
187 4076086 
188 4075723 
189 4075709 
190 4075702 
191 4074680 
192 4074350 
193 4074262 
194 4073138 
195 4073068 
196 4073038 
197 4073024 
198 4073013 
199 4073006 
200 4072018 
201 4072011 
202 4072010 
203 4066820 
204 4064922 
205 4063837 
206 4063824 
207 4063824 
208 4063043 
209 4062224 
210 4062204 
211 4061294 
212 4060873 
213 4060860 
214 4060600 
215 4060600 
216 4060164 
217 4059631 
218 4052845 
219 4052312 
220 4049797 
221 4048883 
222 4048853 
223 4045772 
224 4045388 
225 4032200 
226 4030627 
227 4030497 
228 4028976 
229 4028313 
230 4026675 
231 4026649 
232 4026530 
233 4026432 
234 4026017 
235 4016449 
236 4014733 
237 4014712 
238 4014699 
239 4013750 
240 4013743 
241 4012429 
242 4012169 
243 4009403 
244 4009377 
245 4006503 
246 3993932 
247 3993706 
248 3991106 
249 3990911 
250 3990911 
251 3990902 
252 3990902 
253 3990302 
254 3990206 
255 3990011 
256 3989950 
257 3989412 
258 3987878 
259 3987649 
260 3987610 
261 3985569 
262 3985506 
263 3985486 
264 3984801 
265 3984541 
266 3984437 
267 3984118 
268 3983803 
269 3983765 
270 3982166 
271 3982127 
272 3981217 
273 3975167 
274 3975167 
275 3974699 
276 3972931 
277 3970188 
278 3970080 
279 3969703 
280 3969689 
281 3969682 
282 3969494 
283 3969403 
284 3968921 
285 3965684 
286 3965464 
287 3965297 
288 3963028 
289 3962706 
290 3962224 
291 3960836 
292 3960835 
293 3960796 
294 3960766 
295 3960752 
296 3960309 
297 3959731 
298 3959592 
299 3958726 
300 3958208 
301 3957105 
302 3955595 
303 3952982 
304 3952912 
305 3951288 
306 3950670 
307 3950124 
308 3949283 
309 3947645 
310 3946987 
311 3946493 
312 3945758 
313 3945186 
314 3945137 
315 3945120 
316 3944391 
317 3944372 
318 3943678 
319 3942846 
320 3942573 
321 3941112 
322 3940481 
323 3940452 
324 3940431 
325 3940157 
326 3940125 
327 3939971 
328 3939940 
329 3934795 
330 3934574 
331 3934358 
332 3934337 
333 3934323 
334 3934284 
335 3932549 
336 3932549 
337 3932165 
338 3932159 
339 3932159 
340 3932076 
341 3932044 
342 3931924 
343 3931924 
344 3931917 
345 3931483 
346 3931455 
347 3931405 
348 3931108 
349 3931069 
350 3930867 
351 3930806 
352 3930798 
353 3930791 
354 3930778 
355 3930701 
356 3930651 
357 3930441 
358 3930408 
359 3930387 
360 3930311 
361 3930141 
362 3929889 
363 3929867 
364 3929522 
365 3929170 
366 3928988 
367 3928583 
368 3927673 
369 3927452 
370 3927447 
371 3927415 
372 3926452 
373 3926242 
374 3925584 
375 3923936 
376 3923922 
377 3923908 
378 3923688 
379 3921815 
380 3921036 
381 3918657 
382 3917188 
383 3915779 
384 3914177 
385 3913995 
386 3911668 
387 3911551 
388 3909527 
389 3908305 
390 3908188 
391 3908091 
392 3908091 
393 3907688 
394 3907688 
395 3907610 
396 3907558 
397 3907551 
398 3907473 
399 3906119 
400 3905118 
401 3904878 
402 3904024 
403 3903625 
404 3903508 
405 3903361 
406 3903361 
407 3901661 
408 3901329 
409 3897104 
410 3896201 
411 3895863 
412 3895641 
413 3895416 
414 3895353 
415 3895302 
416 3895073 
417 3894755 
418 3894736 
419 3894722 
420 3894641 
421 3894562 
422 3894089 
423 3894026 
424 3891827 
425 3891732 
426 3891683 
427 3888230 
428 3888202 
429 3885283 
430 3885276 
431 3885255 
432 3884930 
433 3884916 
434 3884686 
435 3884350 
436 3884309 
437 3884239 
438 3884015 
439 3883668 
440 3883605 
441 3883584 
442 3883514 
443 3883176 
444 3882968 
445 3882775 
446 3882285 
447 3882234 
448 3881584 
449 3881064 
450 3879291 
451 3879040 
452 3877181 
453 3876323 
454 3867664 
455 3867423 
456 3861713 
457 3860954 
458 3859617 
459 3859526 
460 3859498 
461 3859435 
462 3859359 
463 3859359 
464 3859086 
465 3859086 
466 3857777 
467 3857687 
468 3857659 
469 3857276 
470 3855423 
471 3854404 
472 3853387 
473 3852953 
474 3852947 
475 3852914 
476 3852901 
477 3852894 
478 3851683 
479 3851657 
480 3851160 
481 3851153 
482 3851146 
483 3851139 
484 3851132 
485 3851116 
486 3850341 
487 3848898 
488 3848778 
489 3848682 
490 3848668 
491 3848661 
492 3848642 
493 3847289 
494 3847233 
495 3845887 
496 3845874 
497 3845310 
498 3845303 
499 3845284 
500 3844503 
501 3844503 
502 3844490 
503 3844257 
504 3844218 
505 3844198 
506 3843063 
507 3839969 
508 3839871 
509 3839864 
510 3839857 
511 3836954 
512 3836928 
513 3836538 
514 3834940 
515 3833820 
516 3833708 
517 3833692 
518 3833237 
519 3833209 
520 3833209 
521 3833202 
522 3833195 
523 3833160 
524 3833160 
525 3831716 
526 3831319 
527 3831298 
528 3831254 
529 3831247 
530 3831198 
531 3829208 
532 3829194 
533 3828949 
534 3828942 
535 3828921 
536 3828733 
537 3828717 
538 3828701 
539 3828669 
540 3828662 
541 3828655 
542 3828641 
543 3828002 
544 3827833 
545 3827749 
546 3827742 
547 3827417 
548 3826000 
549 3824765 
550 3823444 
551 3823444 
552 3823160 
553 3823160 
554 3823146 
555 3822724 
556 3822724 
557 3821203 
558 3821184 
559 3821149 
560 3820833 
561 3820805 
562 3820805 
563 3819128 
564 3818842 
565 3818842 
566 3817351 
567 3815382 
568 3815382 
569 3815076 
570 3815063 
571 3815049 
572 3815049 
573 3813391 
574 3813377 
575 3813258 
576 3813223 
577 3813223 
578 3813132 
579 3813132 
580 3813092 
581 3806007 
582 3805982 
583 3805690 
584 3805339 
585 3802908 
586 3802873 
587 3802852 
588 3802852 
589 3802845 
590 3802786 
591 3802765 
592 3802730 
593 3802723 
594 3802723 
595 3802709 
596 3801111 
597 3801090 
598 3800441 
599 3800441 
600 3800434 
601 3798889 
602 3798875 
603 3798875 
604 3798646 
605 3798646 
606 3798639 
607 3798596 
608 3798505 
609 3798470 
610 3798463 
611 3798456 
612 3798351 
613 3798052 
614 3798039 
615 3797362 
616 3797348 
617 3797348 
618 3796317 
619 3796317 
620 3796275 
621 3796275 
622 3796275 
623 3796170 
624 3796170 
625 3796170 
626 3796170 
627 3796170 
628 3796170 
629 3796170 
630 3796170 
631 3796170 
632 3796170 
633 3796170 
634 3796170 
635 3796170 
636 3796170 
637 3796170 
638 3796170 
639 3796170 
640 3796170 
641 3796170 
642 3796170 
643 3796170 
644 3796170 
645 3796170 
646 3796170 
647 3796170 
648 3796170 
649 3796170 
650 3796170 
651 3796170 
652 3796170 
653 3796170 
654 3796170 
655 3796170 
656 3796170 
657 3796170 
658 3796170 
659 3796170 
660 3796170 
661 3796170 
662 3796170 
663 3796170 
664 3796170 
665 3796170 
666 3796170 
667 3796170 
668 3796170 
669 3796170 
670 3796170 
671 3796170 
672 3796170 
673 3796170 
674 3796170 
675 3796170 
676 3796170 
677 3796170 
678 3796170 
679 3796170 
680 3796170 
681 3796170 
682 3796170 
683 3796170 
684 3796170 
685 3796170 
686 3796170 
687 3796170 
688 3796170 
689 3796170 
690 3796170 
691 3796170 
692 3796170 
693 3796170 
694 3796170 
695 3796170 
696 3796170 
697 3796170 
698 3796170 
699 3796170 
700 3796170 
701 3796170 
702 3796170 
703 3796170 
704 3796170 
705 3796170 
706 3796170 
707 3796170 
708 3796170 
709 3796170 
710 3796170 
711 3796170 
712 3796170 
713 3796170 
714 3796170 
715 3796170 
716 3796170 
717 3796170 
718 3796170 
719 3796170 
720 3796170 
721 3796170 
722 3796170 
723 3796170 
724 3796170 
725 3796170 
726 3796170 
727 3796170 
728 3796170 
729 3796170 
730 3796170 
731 3796170 
732 3796170 
733 3796170 
734 3796170 
735 3796170 
736 3796170 
737 3796170 
738 3796170 
739 3796170 
740 3796170 
741 3796170 
742 3796170 
743 3796170 
744 3796170 
745 3796170 
746 3796170 
747 3796170 
748 3796170 
749 3796170 
750 3796170 
751 3796170 
752 3796170 
753 3796170 
754 3796170 
755 3796170 
756 3796170 
757 3796170 
758 3796170 
759 3796170 
760 3796170 
761 3796170 
762 3796170 
763 3796170 
764 3796170 
765 3796170 
766 3796170 
767 3796170 
768 3796170 
769 3796170 
770 3796170 
771 3796170 
772 3796170 
773 3796170 
774 3796170 
775 3796170 
776 3796170 
777 3796170 
778 3796170 
779 3796170 
780 3796170 
781 3796170 
782 3796170 
783 3796170 
784 3796170 
785 3796170 
786 3796170 
787 3796170 
788 3796170 
789 3796170 
790 3796170 
791 3796170 
792 3796170 
793 3796170 
794 3796170 
795 3796170 
796 3796170 
797 3796170 
798 3796170 
799 3796170 
800 3796170 
801 3796170 
802 3796170 
803 3796170 
804 3796170 
805 3796170 
806 3796170 
807 3796170 
808 3796170 
809 3796170 
810 3796170 
811 3796170 
812 3796170 
813 3796170 
814 3796170 
815 3796170 
816 3796170 
817 3796170 
818 3796170 
819 3796170 
820 3796170 
821 3796170 
822 3796170 
823 3796170 
824 3796170 
825 3796170 
826 3796170 
827 3796170 
828 3796170 
829 3796170 
830 3796170 
831 3796170 
832 3796170 
833 3796170 
834 3796170 
835 3796170 
836 3796170 
837 3796170 
838 3796170 
839 3796170 
840 3796170 
841 3796170 
842 3796170 
843 3796170 
844 3796170 
845 3796170 
846 3796170 
847 3796170 
848 3796170 
849 3796170 
850 3796170 
851 3796170 
852 3796170 
853 3796170 
854 3796170 
855 3796170 
856 3796170 
857 3796170 
858 3796170 
859 3796170 
860 3796170 
861 3796170 
862 3796170 
863 3796170 
864 3796170 
865 3796170 
866 3796170 
867 3796170 
868 3796170 
869 3796170 
870 3796170 
871 3796170 
872 3796170 
873 3796170 
874 3796170 
875 3796170 
876 3796170 
877 3796170 
878 3796170 
879 3796170 
880 3796170 
881 3796170 
882 3796170 
883 3796170 
884 3796170 
885 3796170 
886 3796170 
887 3796170 
888 3796170 
889 3796170 
890 3796170 
891 3796170 
892 3796170 
893 3796170 
894 3796170 
895 3796170 
896 3796170 
897 3796170 
898 3796170 
899 3796170 
900 3796170 
901 3796170 
902 3796170 
903 3796170 
904 3796170 
905 3796170 
906 3796170 
907 3796170 
908 3796170 
909 3796170 
910 3796170 
911 3796170 
912 3796170 
913 3796170 
914 3796170 
915 3796170 
916 3796170 
917 3796170 
918 3796170 
919 3796170 
920 3796170 
921 3796170 
922 3796170 
923 3796170 
924 3796170 
925 3796170 
926 3796170 
927 3796170 
928 3796170 
929 3796170 
930 3796170 
931 3796170 
932 3796170 
933 3796170 
934 3796170 
935 3796170 
936 3796170 
937 3796170 
938 3796170 
939 3796170 
940 3796170 
941 3796170 
942 3796170 
943 3796170 
944 3796170 
945 3796170 
946 3796170 
947 3796170 
948 3796170 
949 3796170 
950 3796170 
951 3796170 
952 3796170 
953 3796170 
954 3796170 
955 3796170 
956 3796170 
957 3796170 
958 3796170 
959 3796170 
960 3796170 
961 3796170 
962 3796170 
963 3796170 
964 3796170 
965 3796170 
966 3796170 
967 3796170 
968 3796170 
969 3796170 
970 3796170 
971 3796170 
972 3796170 
973 3796170 
974 3796170 
975 3796170 
976 3796170 
977 3796170 
978 3796170 
979 3796170 
980 3796170 
981 3796170 
982 3796170 
983 3796170 
984 3796170 
985 3796170 
986 3796170 
987 3796170 
988 3796170 
989 3796170 
990 3796170 
991 3796170 
992 3796170 
993 3796170 
994 3796170 
995 3796170 
996 3796170 
997 3796170 
998 3796170 
999 3796170 
1000 3796170 
1001 3796170 
1002 3796170 
1003 3796170 
1004 3796170 
1005 3796170 
1006 3796170 
1007 3796170 
1008 3796170 
1009 3796170 
1010 3796170 
1011 3796170 
1012 3796170 
1013 3796170 
1014 3796170 
1015 3796170 
1016 3796170 
1017 3796170 
1018 3796170 
1019 3796170 
1020 3796170 
1021 3796170 
1022 3796170 
1023 3796170 
1024 3796170 
1025 3796170 
1026 3796170 
1027 3796170 
1028 3796170 
1029 3796170 
1030 3796170 
1031 3796170 
1032 3796170 
1033 3796170 
1034 3796170 
1035 3796170 
1036 3796170 
1037 3796170 
1038 3796170 
1039 3796170 
1040 3796170 
1041 3796170 
1042 3796170 
1043 3796170 
1044 3796170 
1045 3796170 
1046 3796170 
1047 3796170 
1048 3796170 
1049 3796170 
1050 3796170 
1051 3796170 
1052 3796170 
1053 3796170 
1054 3796170 
1055 3796170 
1056 3796170 
1057 3796170 
1058 3796170 
1059 3796170 
1060 3796170 
1061 3796170 
1062 3796170 
1063 3796170 
1064 3796170 
1065 3796170 
1066 3796170 
1067 3796170 
1068 3796170 
1069 3796170 
1070 3796170 
1071 3796170 
1072 3796170 
1073 3796170 
1074 3796170 
1075 3796170 
1076 3796170 
1077 3796170 
1078 3796170 
1079 3796170 
1080 3796170 
1081 3796170 
1082 3796170 
1083 3796170 
1084 3796170 
1085 3796170 
1086 3796170 
1087 3796170 
1088 3796170 
1089 3796170 
1090 3796170 
1091 3796170 
1092 3796170 
1093 3796170 
1094 3796170 
1095 3796170 
1096 3796170 
1097 3796170 
1098 3796170 
1099 3796170 
1100 3796170 
1101 3796170 
1102 3796170 
1103 3796170 
1104 3796170 
1105 3796170 
1106 3796170 
1107 3796170 
1108 3796170 
1109 3796170 
1110 3796170 
1111 3796170 
1112 3796170 
1113 3796170 
1114 3796170 
1115 3796170 
1116 3796170 
1117 3796170 
1118 3796170 
1119 3796170 
1120 3796170 
1121 3796170 
1122 3796170 
1123 3796170 
1124 3796170 
1125 3796170 
1126 3796170 
1127 3796170 
1128 3796170 
1129 3796170 
1130 3796170 
1131 3796170 
1132 3796170 
1133 3796170 
1134 3796170 
1135 3796170 
1136 3796170 
1137 3796170 
1138 3796170 
1139 3796170 
1140 3796170 
1141 3796170 
1142 3796170 
1143 3796170 
1144 3796170 
1145 3796170 
1146 3796170 
1147 3796170 
1148 3796170 
1149 3796170 
1150 3796170 
1151 3796170 
1152 3796170 
1153 3796170 
1154 3796170 
1155 3796170 
1156 3796170 
1157 3796170 
1158 3796170 
1159 3796170 
1160 3796170 
1161 3796170 
1162 3796170 
1163 3796170 
1164 3796170 
1165 3796170 
1166 3796170 
1167 3796170 
1168 3796170 
1169 3796170 
1170 3796170 
1171 3796170 
1172 3796170 
1173 3796170 
1174 3796170 
1175 3796170 
1176 3796170 
1177 3796170 
1178 3796170 
1179 3796170 
1180 3796170 
1181 3796170 
1182 3796170 
1183 3796170 
1184 3796170 
1185 3796170 
1186 3796170 
1187 3796170 
1188 3796170 
1189 3796170 
1190 3796170 
1191 3796170 
1192 3796170 
1193 3796170 
1194 3796170 
1195 3796170 
1196 3796170 
1197 3796170 
1198 3796170 
1199 3796170 
1200 3796170 
1201 3796170 
1202 3796170 
1203 3796170 
1204 3796170 
1205 3796170 
1206 3796170 
1207 3796170 
1208 3796170 
1209 3796170 
1210 3796170 
1211 3796170 
1212 3796170 
1213 3796170 
1214 3796170 
1215 3796170 
1216 3796170 
1217 3796170 
1218 3796170 
1219 3796170 
1220 3796170 
1221 3796170 
1222 3796170 
1223 3796170 
1224 3796170 
1225 3796170 
1226 3796170 
1227 3796170 
1228 3796170 
1229 3796170 
1230 3796170 
1231 3796170 
1232 3796170 
1233 3796170 
1234 3796170 
1235 3796170 
1236 3796170 
1237 3796170 
1238 3796170 
1239 3796170 
1240 3796170 
1241 3796170 
1242 3796170 
1243 3796170 
1244 3796170 
1245 3796170 
1246 3796170 
1247 3796170 
1248 3796170 
1249 3796170 
1250 3796170 
1251 3796170 
1252 3796170 
1253 3796170 
1254 3796170 
1255 3796170 
1256 3796170 
1257 3796170 
1258 3796170 
1259 3796170 
1260 3796170 
1261 3796170 
1262 3796170 
1263 3796170 
1264 3796170 
1265 3796170 
1266 3796170 
1267 3796170 
1268 3796170 
1269 3796170 
1270 3796170 
1271 3796170 
1272 3796170 
1273 3796170 
1274 3796170 
1275 3796170 
1276 3796170 
1277 3796170 
1278 3796170 
1279 3796170 
1280 3796170 
1281 3796170 
1282 3796170 
1283 3796170 
1284 3796170 
1285 3796170 
1286 3796170 
1287 3796170 
1288 3796170 
1289 3796170 
1290 3796170 
1291 3796170 
1292 3796170 
1293 3796170 
1294 3796170 
1295 3796170 
1296 3796170 
1297 3796170 
1298 3796170 
1299 3796170 
1300 3796170 
1301 3796170 
1302 3796170 
1303 3796170 
1304 3796170 
1305 3796170 
1306 3796170 
1307 3796170 
1308 3796170 
1309 3796170 
1310 3796170 
1311 3796170 
1312 3796170 
1313 3796170 
1314 3796170 
1315 3796170 
1316 3796170 
1317 3796170 
1318 3796170 
1319 3796170 
1320 3796170 
1321 3796170 
1322 3796170 
1323 3796170 
1324 3796170 
1325 3796170 
1326 3796170 
1327 3796170 
1328 3796170 
1329 3796170 
1330 3796170 
1331 3796170 
1332 3796170 
1333 3796170 
1334 3796170 
1335 3796170 
1336 3796170 
1337 3796170 
1338 3796170 
1339 3796170 
1340 3796170 
1341 3796170 
1342 3796170 
1343 3796170 
1344 3796170 
1345 3796170 
1346 3796170 
1347 3796170 
1348 3796170 
1349 3796170 
1350 3796170 
1351 3796170 
1352 3796170 
1353 3796170 
1354 3796170 
1355 3796170 
1356 3796170 
1357 3796170 
1358 3796170 
1359 3796170 
1360 3796170 
1361 3796170 
1362 3796170 
1363 3796170 
1364 3796170 
1365 3796170 
1366 3796170 
1367 3796170 
1368 3796170 
1369 3796170 
1370 3796170 
1371 3796170 
1372 3796170 
1373 3796170 
1374 3796170 
1375 3796170 
1376 3796170 
1377 3796170 
1378 3796170 
1379 3796170 
1380 3796170 
1381 3796170 
1382 3796170 
1383 3796170 
1384 3796170 
1385 3796170 
1386 3796170 
1387 3796170 
1388 3796170 
1389 3796170 
1390 3796170 
1391 3796170 
1392 3796170 
1393 3796170 
1394 3796170 
1395 3796170 
1396 3796170 
1397 3796170 
1398 3796170 
1399 3796170 
1400 3796170 
1401 3796170 
1402 3796170 
1403 3796170 
1404 3796170 
1405 3796170 
1406 3796170 
1407 3796170 
1408 3796170 
1409 3796170 
1410 3796170 
1411 3796170 
1412 3796170 
1413 3796170 
1414 3796170 
1415 3796170 
1416 3796170 
1417 3796170 
1418 3796170 
1419 3796170 
1420 3796170 
1421 3796170 
1422 3796170 
1423 3796170 
1424 3796170 
1425 3796170 
1426 3796170 
1427 3796170 
1428 3796170 
1429 3796170 
1430 3796170 
1431 3796170 
1432 3796170 
1433 3796170 
1434 3796170 
1435 3796170 
1436 3796170 
1437 3796170 
1438 3796170 
1439 3796170 
1440 3796170 
1441 3796170 
1442 3796170 
1443 3796170 
1444 3796170 
1445 3796170 
1446 3796170 
1447 3796170 
1448 3796170 
1449 3796170 
1450 3796170 
1451 3796170 
1452 3796170 
1453 3796170 
1454 3796170 
1455 3796170 
1456 3796170 
1457 3796170 
1458 3796170 
1459 3796170 
1460 3796170 
1461 3796170 
1462 3796170 
1463 3796170 
1464 3796170 
1465 3796170 
1466 3796170 
1467 3796170 
1468 3796170 
1469 3796170 
1470 3796170 
1471 3796170 
1472 3796170 
1473 3796170 
1474 3796170 
1475 3796170 
1476 3796170 
1477 3796170 
1478 3796170 
1479 3796170 
1480 3796170 
1481 3796170 
1482 3796170 
1483 3796170 
1484 3796170 
1485 3796170 
1486 3796170 
1487 3796170 
1488 3796170 
1489 3796170 
1490 3796170 
1491 3796170 
1492 3796170 
1493 3796170 
1494 3796170 
1495 3796170 
1496 3796170 
1497 3796170 
1498 3796170 
1499 3796170 
1500 3796170 
1501 3796170 
1502 3796170 
1503 3796170 
1504 3796170 
1505 3796170 
1506 3796170 
1507 3796170 
1508 3796170 
1509 3796170 
1510 3796170 
1511 3796170 
1512 3796170 
1513 3796170 
1514 3796170 
1515 3796170 
1516 3796170 
1517 3796170 
1518 3796170 
1519 3796170 
1520 3796170 
1521 3796170 
1522 3796170 
1523 3796170 
1524 3796170 
1525 3796170 
1526 3796170 
1527 3796170 
1528 3796170 
1529 3796170 
1530 3796170 
1531 3796170 
1532 3796170 
1533 3796170 
1534 3796170 
1535 3796170 
1536 3796170 
1537 3796170 
1538 3796170 
1539 3796170 
1540 3796170 
1541 3796170 
1542 3796170 
1543 3796170 
1544 3796170 
1545 3796170 
1546 3796170 
1547 3796170 
1548 3796170 
1549 3796170 
1550 3796170 
1551 3796170 
1552 3796170 
1553 3796170 
1554 3796170 
1555 3796170 
1556 3796170 
1557 3796170 
1558 3796170 
1559 3796170 
1560 3796170 
1561 3796170 
1562 3796170 
1563 3796170 
1564 3796170 
1565 3796170 
1566 3796170 
1567 3796170 
1568 3796170 
1569 3796170 
1570 3796170 
1571 3796170 
1572 3796170 
1573 3796170 
1574 3796170 
1575 3796170 
1576 3796170 
1577 3796170 
1578 3796170 
1579 3796170 
1580 3796170 
1581 3796170 
1582 3796170 
1583 3796170 
1584 3796170 
1585 3796170 
1586 3796170 
1587 3796170 
1588 3796170 
1589 3796170 
1590 3796170 
1591 3796170 
1592 3796170 
1593 3796170 
1594 3796170 
1595 3796170 
1596 3796170 
1597 3796170 
1598 3796170 
1599 3796170 
1600 3796170 
1601 3796170 
1602 3796170 
1603 3796170 
1604 3796170 
1605 3796170 
1606 3796170 
1607 3796170 
1608 3796170 
1609 3796170 
1610 3796170 
1611 3796170 
1612 3796170 
1613 3796170 
1614 3796170 
1615 3796170 
1616 3796170 
1617 3796170 
1618 3796170 
1619 3796170 
1620 3796170 
1621 3796170 
1622 3796170 
1623 3796170 
1624 3796170 
1625 3796170 
1626 3796170 
1627 3796170 
1628 3796170 
1629 3796170 
1630 3796170 
1631 3796170 
1632 3796170 
1633 3796170 
1634 3796170 
1635 3796170 
1636 3796170 
1637 3796170 
1638 3796170 
1639 3796170 
1640 3796170 
1641 3796170 
1642 3796170 
1643 3796170 
1644 3796170 
1645 3796170 
1646 3796170 
1647 3796170 
1648 3796170 
1649 3796170 
1650 3796170 
1651 3796170 
1652 3796170 
1653 3796170 
1654 3796170 
1655 3796170 
1656 3796170 
1657 3796170 
1658 3796170 
1659 3796170 
1660 3796170 
1661 3796170 
1662 3796170 
1663 3796170 
1664 3796170 
1665 3796170 
1666 3796170 
1667 3796170 
1668 3796170 
1669 3796170 
1670 3796170 
1671 3796170 
1672 3796170 
1673 3796170 
1674 3796170 
1675 3796170 
1676 3796170 
1677 3796170 
1678 3796170 
1679 3796170 
1680 3796170 
1681 3796170 
1682 3796170 
1683 3796170 
1684 3796170 
1685 3796170 
1686 3796170 
1687 3796170 
1688 3796170 
1689 3796170 
1690 3796170 
1691 3796170 
1692 3796170 
1693 3796170 
1694 3796170 
1695 3796170 
1696 3796170 
1697 3796170 
1698 3796170 
1699 3796170 
1700 3796170 
1701 3796170 
1702 3796170 
1703 3796170 
1704 3796170 
1705 3796170 
1706 3796170 
1707 3796170 
1708 3796170 
1709 3796170 
1710 3796170 
1711 3796170 
1712 3796170 
1713 3796170 
1714 3796170 
1715 3796170 
1716 3796170 
1717 3796170 
1718 3796170 
1719 3796170 
1720 3796170 
1721 3796170 
1722 3796170 
1723 3796170 
1724 3796170 
1725 3796170 
1726 3796170 
1727 3796170 
1728 3796170 
1729 3796170 
1730 3796170 
1731 3796170 
1732 3796170 
1733 3796170 
1734 3796170 
1735 3796170 
1736 3796170 
1737 3796170 
1738 3796170 
1739 3796170 
1740 3796170 
1741 3796170 
1742 3796170 
1743 3796170 
1744 3796170 
1745 3796170 
1746 3796170 
1747 3796170 
1748 3796170 
1749 3796170 
1750 3796170 
1751 3796170 
1752 3796170 
1753 3796170 
1754 3796170 
1755 3796170 
1756 3796170 
1757 3796170 
1758 3796170 
1759 3796170 
1760 3796170 
1761 3796170 
1762 3796170 
1763 3796170 
1764 3796170 
1765 3796170 
1766 3796170 
1767 3796170 
1768 3796170 
1769 3796170 
1770 3796170 
1771 3796170 
1772 3796170 
1773 3796170 
1774 3796170 
1775 3796170 
1776 3796170 
1777 3796170 
1778 3796170 
1779 3796170 
1780 3796170 
1781 3796170 
1782 3796170 
1783 3796170 
1784 3796170 
1785 3796170 
1786 3796170 
1787 3796170 
1788 3796170 
1789 3796170 
1790 3796170 
1791 3796170 
1792 3796170 
1793 3796170 
1794 3796170 
1795 3796170 
1796 3796170 
1797 3796170 
1798 3796170 
1799 3796170 
1800 3796170 
1801 3796170 
1802 3796170 
1803 3796170 
1804 3796170 
1805 3796170 
1806 3796170 
1807 3796170 
1808 3796170 
1809 3796170 
1810 3796170 
1811 3796170 
1812 3796170 
1813 3796170 
1814 3796170 
1815 3796170 
1816 3796170 
1817 3796170 
1818 3796170 
1819 3796170 
1820 3796170 
1821 3796170 
1822 3796170 
1823 3796170 
1824 3796170 
1825 3796170 
1826 3796170 
1827 3796170 
1828 3796170 
1829 3796170 
1830 3796170 
1831 3796170 
1832 3796170 
1833 3796170 
1834 3796170 
1835 3796170 
1836 3796170 
1837 3796170 
1838 3796170 
1839 3796170 
1840 3796170 
1841 3796170 
1842 3796170 
1843 3796170 
1844 3796170 
1845 3796170 
1846 3796170 
1847 3796170 
1848 3796170 
1849 3796170 
1850 3796170 
1851 3796170 
1852 3796170 
1853 3796170 
1854 3796170 
1855 3796170 
1856 3796170 
1857 3796170 
1858 3796170 
1859 3796170 
1860 3796170 
1861 3796170 
1862 3796170 
1863 3796170 
1864 3796170 
1865 3796170 
1866 3796170 
1867 3796170 
1868 3796170 
1869 3796170 
1870 3796170 
1871 3796170 
1872 3796170 
1873 3796170 
1874 3796170 
1875 3796170 
1876 3796170 
1877 3796170 
1878 3796170 
1879 3796170 
1880 3796170 
1881 3796170 
1882 3796170 
1883 3796170 
1884 3796170 
1885 3796170 
1886 3796170 
1887 3796170 
1888 3796170 
1889 3796170 
1890 3796170 
1891 3796170 
1892 3796170 
1893 3796170 
1894 3796170 
1895 3796170 
1896 3796170 
1897 3796170 
1898 3796170 
1899 3796170 
1900 3796170 
1901 3796170 
1902 3796170 
1903 3796170 
1904 3796170 
1905 3796170 
1906 3796170 
1907 3796170 
1908 3796170 
1909 3796170 
1910 3796170 
1911 3796170 
1912 3796170 
1913 3796170 
1914 3796170 
1915 3796170 
1916 3796170 
1917 3796170 
1918 3796170 
1919 3796170 
1920 3796170 
1921 3796170 
1922 3796170 
1923 3796170 
1924 3796170 
1925 3796170 
1926 3796170 
1927 3796170 
1928 3796170 
1929 3796170 
1930 3796170 
1931 3796170 
1932 3796170 
1933 3796170 
1934 3796170 
1935 3796170 
1936 3796170 
1937 3796170 
1938 3796170 
1939 3796170 
1940 3796170 
1941 3796170 
1942 3796170 
1943 3796170 
1944 3796170 
1945 3796170 
1946 3796170 
1947 3796170 
1948 3796170 
1949 3796170 
1950 3796170 
1951 3796170 
1952 3796170 
1953 3796170 
1954 3796170 
1955 3796170 
1956 3796170 
1957 3796170 
1958 3796170 
1959 3796170 
1960 3796170 
1961 3796170 
1962 3796170 
1963 3796170 
1964 3796170 
1965 3796170 
1966 3796170 
1967 3796170 
1968 3796170 
1969 3796170 
1970 3796170 
1971 3796170 
1972 3796170 
1973 3796170 
1974 3796170 
1975 3796170 
1976 3796170 
1977 3796170 
1978 3796170 
1979 3796170 
1980 3796170 
1981 3796170 
1982 3796170 
1983 3796170 
1984 3796170 
1985 3796170 
1986 3796170 
1987 3796170 
1988 3796170 
1989 3796170 
1990 3796170 
1991 3796170 
1992 3796170 
1993 3796170 
1994 3796170 
1995 3796170 
1996 3796170 
1997 3796170 
1998 3796170 
1999 3796170 
2000 3796170 
2001 3796170 
2002 3796170 
2003 3796170 
2004 3796170 
2005 3796170 
2006 3796170 
2007 3796170 
2008 3796170 
2009 3796170 
2010 3796170 
2011 3796170 
2012 3796170 
2013 3796170 
2014 3796170 
2015 3796170 
2016 3796170 
2017 3796170 
2018 3796170 
2019 3796170 
2020 3796170 
2021 3796170 
2022 3796170 
2023 3796170 
2024 3796170 
2025 3796170 
2026 3796170 
2027 3796170 
2028 3796170 
2029 3796170 
2030 3796170 
2031 3796170 
2032 3796170 
2033 3796170 
2034 3796170 
2035 3796170 
2036 3796170 
2037 3796170 
2038 3796170 
2039 3796170 
2040 3796170 
2041 3796170 
2042 3796170 
2043 3796170 
2044 3796170 
2045 3796170 
2046 3796170 
2047 3796170 
2048 3796170 
2049 3796170 
2050 3796170 
2051 3796170 
2052 3796170 
2053 3796170 
2054 3796170 
2055 3796170 
2056 3796170 
2057 3796170 
2058 3796170 
2059 3796170 
2060 3796170 
2061 3796170 
2062 3796170 
2063 3796170 
2064 3796170 
2065 3796170 
2066 3796170 
2067 3796170 
2068 3796170 
2069 3796170 
2070 3796170 
2071 3796170 
2072 3796170 
2073 3796170 
2074 3796170 
2075 3796170 
2076 3796170 
2077 3796170 
2078 3796170 
2079 3796170 
2080 3796170 
2081 3796170 
2082 3796170 
2083 3796170 
2084 3796170 
2085 3796170 
2086 3796170 
2087 3796170 
2088 3796170 
2089 3796170 
2090 3796170 
2091 3796170 
2092 3796170 
2093 3796170 
2094 3796170 
2095 3796170 
2096 3796170 
2097 3796170 
2098 3796170 
2099 3796170 
2100 3796170 
2101 3796170 
2102 3796170 
2103 3796170 
2104 3796170 
2105 3796170 
2106 3796170 
2107 3796170 
2108 3796170 
2109 3796170 
2110 3796170 
2111 3796170 
2112 3796170 
2113 3796170 
2114 3796170 
2115 3796170 
2116 3796170 
2117 3796170 
2118 3796170 
2119 3796170 
2120 3796170 
2121 3796170 
2122 3796170 
2123 3796170 
2124 3796170 
2125 3796170 
2126 3796170 
2127 3796170 
2128 3796170 
2129 3796170 
2130 3796170 
2131 3796170 
2132 3796170 
2133 3796170 
2134 3796170 
2135 3796170 
2136 3796170 
2137 3796170 
2138 3796170 
2139 3796170 
2140 3796170 
2141 3796170 
2142 3796170 
2143 3796170 
2144 3796170 
2145 3796170 
2146 3796170 
2147 3796170 
2148 3796170 
2149 3796170 
2150 3796170 
2151 3796170 
2152 3796170 
2153 3796170 
2154 3796170 
2155 3796170 
2156 3796170 
2157 3796170 
2158 3796170 
2159 3796170 
2160 3796170 
2161 3796170 
2162 3796170 
2163 3796170 
2164 3796170 
2165 3796170 
2166 3796170 
2167 3796170 
2168 3796170 
2169 3796170 
2170 3796170 
2171 3796170 
2172 3796170 
2173 3796170 
2174 3796170 
2175 3796170 
2176 3796170 
2177 3796170 
2178 3796170 
2179 3796170 
2180 3796170 
2181 3796170 
2182 3796170 
2183 3796170 
2184 3796170 
2185 3796170 
2186 3796170 
2187 3796170 
2188 3796170 
2189 3796170 
2190 3796170 
2191 3796170 
2192 3796170 
2193 3796170 
2194 3796170 
2195 3796170 
2196 3796170 
2197 3796170 
2198 3796170 
2199 3796170 
2200 3796170 
2201 3796170 
2202 3796170 
2203 3796170 
2204 3796170 
2205 3796170 
2206 3796170 
2207 3796170 
2208 3796170 
2209 3796170 
2210 3796170 
2211 3796170 
2212 3796170 
2213 3796170 
2214 3796170 
2215 3796170 
2216 3796170 
2217 3796170 
2218 3796170 
2219 3796170 
2220 3796170 
2221 3796170 
2222 3796170 
2223 3796170 
2224 3796170 
2225 3796170 
2226 3796170 
2227 3796170 
2228 3796170 
2229 3796170 
2230 3796170 
2231 3796170 
2232 3796170 
2233 3796170 
2234 3796170 
2235 3796170 
2236 3796170 
2237 3796170 
2238 3796170 
2239 3796170 
2240 3796170 
2241 3796170 
2242 3796170 
2243 3796170 
2244 3796170 
2245 3796170 
2246 3796170 
2247 3796170 
2248 3796170 
2249 3796170 
2250 3796170 
2251 3796170 
2252 3796170 
2253 3796170 
2254 3796170 
2255 3796170 
2256 3796170 
2257 3796170 
2258 3796170 
2259 3796170 
2260 3796170 
2261 3796170 
2262 3796170 
2263 3796170 
2264 3796170 
2265 3796170 
2266 3796170 
2267 3796170 
2268 3796170 
2269 3796170 
2270 3796170 
2271 3796170 
2272 3796170 
2273 3796170 
2274 3796170 
2275 3796170 
2276 3796170 
2277 3796170 
2278 3796170 
2279 3796170 
2280 3796170 
2281 3796170 
2282 3796170 
2283 3796170 
2284 3796170 
2285 3796170 
2286 3796170 
2287 3796170 
2288 3796170 
2289 3796170 
2290 3796170 
2291 3796170 
2292 3796170 
2293 3796170 
2294 3796170 
2295 3796170 
2296 3796170 
2297 3796170 
2298 3796170 
2299 3796170 
2300 3796170 
2301 3796170 
2302 3796170 
2303 3796170 
2304 3796170 
2305 3796170 
2306 3796170 
2307 3796170 
2308 3796170 
2309 3796170 
2310 3796170 
2311 3796170 
2312 3796170 
2313 3796170 
2314 3796170 
2315 3796170 
2316 3796170 
2317 3796170 
2318 3796170 
2319 3796170 
2320 3796170 
2321 3796170 
2322 3796170 
2323 3796170 
2324 3796170 
2325 3796170 
2326 3796170 
2327 3796170 
2328 3796170 
2329 3796170 
2330 3796170 
2331 3796170 
2332 3796170 
2333 3796170 
2334 3796170 
2335 3796170 
2336 3796170 
2337 3796170 
2338 3796170 
2339 3796170 
2340 3796170 
2341 3796170 
2342 3796170 
2343 3796170 
2344 3796170 
2345 3796170 
2346 3796170 
2347 3796170 
2348 3796170 
2349 3796170 
2350 3796170 
2351 3796170 
2352 3796170 
2353 3796170 
2354 3796170 
2355 3796170 
2356 3796170 
2357 3796170 
2358 3796170 
2359 3796170 
2360 3796170 
2361 3796170 
2362 3796170 
2363 3796170 
2364 3796170 
2365 3796170 
2366 3796170 
2367 3796170 
2368 3796170 
2369 3796170 
2370 3796170 
2371 3796170 
2372 3796170 
2373 3796170 
2374 3796170 
2375 3796170 
2376 3796170 
2377 3796170 
2378 3796170 
2379 3796170 
2380 3796170 
2381 3796170 
2382 3796170 
2383 3796170 
2384 3796170 
2385 3796170 
2386 3796170 
2387 3796170 
2388 3796170 
2389 3796170 
2390 3796170 
2391 3796170 
2392 3796170 
2393 3796170 
2394 3796170 
2395 3796170 
2396 3796170 
2397 3796170 
2398 3796170 
2399 3796170 
2400 3796170 
2401 3796170 
2402 3796170 
2403 3796170 
2404 3796170 
2405 3796170 
2406 3796170 
2407 3796170 
2408 3796170 
2409 3796170 
2410 3796170 
2411 3796170 
2412 3796170 
2413 3796170 
2414 3796170 
2415 3796170 
2416 3796170 
2417 3796170 
2418 3796170 
2419 3796170 
2420 3796170 
2421 3796170 
2422 3796170 
2423 3796170 
2424 3796170 
2425 3796170 
2426 3796170 
2427 3796170 
2428 3796170 
2429 3796170 
2430 3796170 
2431 3796170 
2432 3796170 
2433 3796170 
2434 3796170 
2435 3796170 
2436 3796170 
2437 3796170 
2438 3796170 
2439 3796170 
2440 3796170 
2441 3796170 
2442 3796170 
2443 3796170 
2444 3796170 
2445 3796170 
2446 3796170 
2447 3796170 
2448 3796170 
2449 3796170 
2450 3796170 
2451 3796170 
2452 3796170 
2453 3796170 
2454 3796170 
2455 3796170 
2456 3796170 
2457 3796170 
2458 3796170 
2459 3796170 
2460 3796170 
2461 3796170 
2462 3796170 
2463 3796170 
2464 3796170 
2465 3796170 
2466 3796170 
2467 3796170 
2468 3796170 
2469 3796170 
2470 3796170 
2471 3796170 
2472 3796170 
2473 3796170 
2474 3796170 
2475 3796170 
2476 3796170 
2477 3796170 
2478 3796170 
2479 3796170 
2480 3796170 
2481 3796170 
2482 3796170 
2483 3796170 
2484 3796170 
2485 3796170 
2486 3796170 
2487 3796170 
2488 3796170 
2489 3796170 
2490 3796170 
2491 3796170 
2492 3796170 
2493 3796170 
2494 3796170 
2495 3796170 
2496 3796170 
2497 3796170 
2498 3796170 
2499 3796170 
2500 3796170 
2501 3796170 
2502 3796170 
2503 3796170 
2504 3796170 
2505 3796170 
2506 3796170 
2507 3796170 
2508 3796170 
2509 3796170 
2510 3796170 
2511 3796170 
2512 3796170 
2513 3796170 
2514 3796170 
2515 3796170 
2516 3796170 
2517 3796170 
2518 3796170 
2519 3796170 
2520 3796170 
2521 3796170 
2522 3796170 
2523 3796170 
2524 3796170 
2525 3796170 
2526 3796170 
2527 3796170 
2528 3796170 
2529 3796170 
2530 3796170 
2531 3796170 
2532 3796170 
2533 3796170 
2534 3796170 
2535 3796170 
2536 3796170 
2537 3796170 
2538 3796170 
2539 3796170 
2540 3796170 
2541 3796170 
2542 3796170 
2543 3796170 
2544 3796170 
2545 3796170 
2546 3796170 
2547 3796170 
2548 3796170 
2549 3796170 
2550 3796170 
2551 3796170 
2552 3796170 
2553 3796170 
2554 3796170 
2555 3796170 
2556 3796170 
2557 3796170 
2558 3796170 
2559 3796170 
2560 3796170 
2561 3796170 
2562 3796170 
2563 3796170 
2564 3796170 
2565 3796170 
2566 3796170 
2567 3796170 
2568 3796170 
2569 3796170 
2570 3796170 
2571 3796170 
2572 3796170 
2573 3796170 
2574 3796170 
2575 3796170 
2576 3796170 
2577 3796170 
2578 3796170 
2579 3796170 
2580 3796170 
2581 3796170 
2582 3796170 
2583 3796170 
2584 3796170 
2585 3796170 
2586 3796170 
2587 3796170 
2588 3796170 
2589 3796170 
2590 3796170 
2591 3796170 
2592 3796170 
2593 3796170 
2594 3796170 
2595 3796170 
2596 3796170 
2597 3796170 
2598 3796170 
2599 3796170 
2600 3796170 
2601 3796170 
2602 3796170 
2603 3796170 
2604 3796170 
2605 3796170 
2606 3796170 
2607 3796170 
2608 3796170 
2609 3796170 
2610 3796170 
2611 3796170 
2612 3796170 
2613 3796170 
2614 3796170 
2615 3796170 
2616 3796170 
2617 3796170 
2618 3796170 
2619 3796170 
2620 3796170 
2621 3796170 
2622 3796170 
2623 3796170 
2624 3796170 
2625 3796170 
2626 3796170 
2627 3796170 
2628 3796170 
2629 3796170 
2630 3796170 
2631 3796170 
2632 3796170 
2633 3796170 
2634 3796170 
2635 3796170 
2636 3796170 
2637 3796170 
2638 3796170 
2639 3796170 
2640 3796170 
2641 3796170 
2642 3796170 
2643 3796170 
2644 3796170 
2645 3796170 
2646 3796170 
2647 3796170 
2648 3796170 
2649 3796170 
2650 3796170 
2651 3796170 
2652 3796170 
2653 3796170 
2654 3796170 
2655 3796170 
2656 3796170 
2657 3796170 
2658 3796170 
2659 3796170 
2660 3796170 
2661 3796170 
2662 3796170 
2663 3796170 
2664 3796170 
2665 3796170 
2666 3796170 
2667 3796170 
2668 3796170 
2669 3796170 
2670 3796170 
2671 3796170 
2672 3796170 
2673 3796170 
2674 3796170 
2675 3796170 
2676 3796170 
2677 3796170 
2678 3796170 
2679 3796170 
2680 3796170 
2681 3796170 
2682 3796170 
2683 3796170 
2684 3796170 
2685 3796170 
2686 3796170 
2687 3796170 
2688 3796170 
2689 3796170 
2690 3796170 
2691 3796170 
2692 3796170 
2693 3796170 
2694 3796170 
2695 3796170 
2696 3796170 
2697 3796170 
2698 3796170 
2699 3796170 
2700 3796170 
2701 3796170 
2702 3796170 
2703 3796170 
2704 3796170 
2705 3796170 
2706 3796170 
2707 3796170 
2708 3796170 
2709 3796170 
2710 3796170 
2711 3796170 
2712 3796170 
2713 3796170 
2714 3796170 
2715 3796170 
2716 3796170 
2717 3796170 
2718 3796170 
2719 3796170 
2720 3796170 
2721 3796170 
2722 3796170 
2723 3796170 
2724 3796170 
2725 3796170 
2726 3796170 
2727 3796170 
2728 3796170 
2729 3796170 
2730 3796170 
2731 3796170 
2732 3796170 
2733 3796170 
2734 3796170 
2735 3796170 
2736 3796170 
2737 3796170 
2738 3796170 
2739 3796170 
2740 3796170 
2741 3796170 
2742 3796170 
2743 3796170 
2744 3796170 
2745 3796170 
2746 3796170 
2747 3796170 
2748 3796170 
2749 3796170 
2750 3796170 
2751 3796170 
2752 3796170 
2753 3796170 
2754 3796170 
2755 3796170 
2756 3796170 
2757 3796170 
2758 3796170 
2759 3796170 
2760 3796170 
2761 3796170 
2762 3796170 
2763 3796170 
2764 3796170 
2765 3796170 
2766 3796170 
2767 3796170 
2768 3796170 
2769 3796170 
2770 3796170 
2771 3796170 
2772 3796170 
2773 3796170 
2774 3796170 
2775 3796170 
2776 3796170 
2777 3796170 
2778 3796170 
2779 3796170 
2780 3796170 
2781 3796170 
2782 3796170 
2783 3796170 
2784 3796170 
2785 3796170 
2786 3796170 
2787 3796170 
2788 3796170 
2789 3796170 
2790 3796170 
2791 3796170 
2792 3796170 
2793 3796170 
2794 3796170 
2795 3796170 
2796 3796170 
2797 3796170 
2798 3796170 
2799 3796170 
2800 3796170 
2801 3796170 
2802 3796170 
2803 3796170 
2804 3796170 
2805 3796170 
2806 3796170 
2807 3796170 
2808 3796170 
2809 3796170 
2810 3796170 
2811 3796170 
2812 3796170 
2813 3796170 
2814 3796170 
2815 3796170 
2816 3796170 
2817 3796170 
2818 3796170 
2819 3796170 
2820 3796170 
2821 3796170 
2822 3796170 
2823 3796170 
2824 3796170 
2825 3796170 
2826 3796170 
2827 3796170 
2828 3796170 
2829 3796170 
2830 3796170 
2831 3796170 
2832 3796170 
2833 3796170 
2834 3796170 
2835 3796170 
2836 3796170 
2837 3796170 
2838 3796170 
2839 3796170 
2840 3796170 
2841 3796170 
2842 3796170 
2843 3796170 
2844 3796170 
2845 3796170 
2846 3796170 
2847 3796170 
2848 3796170 
2849 3796170 
2850 3796170 
2851 3796170 
2852 3796170 
2853 3796170 
2854 3796170 
2855 3796170 
2856 3796170 
2857 3796170 
2858 3796170 
2859 3796170 
2860 3796170 
2861 3796170 
2862 3796170 
2863 3796170 
2864 3796170 
2865 3796170 
2866 3796170 
2867 3796170 
2868 3796170 
2869 3796170 
2870 3796170 
2871 3796170 
2872 3796170 
2873 3796170 
2874 3796170 
2875 3796170 
2876 3796170 
2877 3796170 
2878 3796170 
2879 3796170 
2880 3796170 
2881 3796170 
2882 3796170 
2883 3796170 
2884 3796170 
2885 3796170 
2886 3796170 
2887 3796170 
2888 3796170 
2889 3796170 
2890 3796170 
2891 3796170 
2892 3796170 
2893 3796170 
2894 3796170 
2895 3796170 
2896 3796170 
2897 3796170 
2898 3796170 
2899 3796170 
2900 3796170 
2901 3796170 
2902 3796170 
2903 3796170 
2904 3796170 
2905 3796170 
2906 3796170 
2907 3796170 
2908 3796170 
2909 3796170 
2910 3796170 
2911 3796170 
2912 3796170 
2913 3796170 
2914 3796170 
2915 3796170 
2916 3796170 
2917 3796170 
2918 3796170 
2919 3796170 
2920 3796170 
2921 3796170 
2922 3796170 
2923 3796170 
2924 3796170 
2925 3796170 
2926 3796170 
2927 3796170 
2928 3796170 
2929 3796170 
2930 3796170 
2931 3796170 
2932 3796170 
2933 3796170 
2934 3796170 
2935 3796170 
2936 3796170 
2937 3796170 
2938 3796170 
2939 3796170 
2940 3796170 
2941 3796170 
2942 3796170 
2943 3796170 
2944 3796170 
2945 3796170 
2946 3796170 
2947 3796170 
2948 3796170 
2949 3796170 
2950 3796170 
2951 3796170 
2952 3796170 
2953 3796170 
2954 3796170 
2955 3796170 
2956 3796170 
2957 3796170 
2958 3796170 
2959 3796170 
2960 3796170 
2961 3796170 
2962 3796170 
2963 3796170 
2964 3796170 
2965 3796170 
2966 3796170 
2967 3796170 
2968 3796170 
2969 3796170 
2970 3796170 
2971 3796170 
2972 3796170 
2973 3796170 
2974 3796170 
2975 3796170 
2976 3796170 
2977 3796170 
2978 3796170 
2979 3796170 
2980 3796170 
2981 3796170 
2982 3796170 
2983 3796170 
2984 3796170 
2985 3796170 
2986 3796170 
2987 3796170 
2988 3796170 
2989 3796170 
2990 3796170 
2991 3796170 
2992 3796170 
2993 3796170 
2994 3796170 
2995 3796170 
2996 3796170 
2997 3796170 
2998 3796170 
2999 3796170 
3000 3796170 
3001 3796170 
3002 3796170 
3003 3796170 
3004 3796170 
3005 3796170 
3006 3796170 
3007 3796170 
3008 3796170 
3009 3796170 
3010 3796170 
3011 3796170 
3012 3796170 
3013 3796170 
3014 3796170 
3015 3796170 
3016 3796170 
3017 3796170 
3018 3796170 
3019 3796170 
3020 3796170 
3021 3796170 
3022 3796170 
3023 3796170 
3024 3796170 
3025 3796170 
3026 3796170 
3027 3796170 
3028 3796170 
3029 3796170 
3030 3796170 
3031 3796170 
3032 3796170 
3033 3796170 
3034 3796170 
3035 3796170 
3036 3796170 
3037 3796170 
3038 3796170 
3039 3796170 
3040 3796170 
3041 3796170 
3042 3796170 
3043 3796170 
3044 3796170 
3045 3796170 
3046 3796170 
3047 3796170 
3048 3796170 
3049 3796170 
3050 3796170 
3051 3796170 
3052 3796170 
3053 3796170 
3054 3796170 
3055 3796170 
3056 3796170 
3057 3796170 
3058 3796170 
3059 3796170 
3060 3796170 
3061 3796170 
3062 3796170 
3063 3796170 
3064 3796170 
3065 3796170 
3066 3796170 
3067 3796170 
3068 3796170 
3069 3796170 
3070 3796170 
3071 3796170 
3072 3796170 
3073 3796170 
3074 3796170 
3075 3796170 
3076 3796170 
3077 3796170 
3078 3796170 
3079 3796170 
3080 3796170 
3081 3796170 
3082 3796170 
3083 3796170 
3084 3796170 
3085 3796170 
3086 3796170 
3087 3796170 
3088 3796170 
3089 3796170 
3090 3796170 
3091 3796170 
3092 3796170 
3093 3796170 
3094 3796170 
3095 3796170 
3096 3796170 
3097 3796170 
3098 3796170 
3099 3796170 
3100 3796170 
3101 3796170 
3102 3796170 
3103 3796170 
3104 3796170 
3105 3796170 
3106 3796170 
3107 3796170 
3108 3796170 
3109 3796170 
3110 3796170 
3111 3796170 
3112 3796170 
3113 3796170 
3114 3796170 
3115 3796170 
3116 3796170 
3117 3796170 
3118 3796170 
3119 3796170 
3120 3796170 
3121 3796170 
3122 3796170 
3123 3796170 
3124 3796170 
3125 3796170 
3126 3796170 
3127 3796170 
3128 3796170 
3129 3796170 
3130 3796170 
3131 3796170 
3132 3796170 
3133 3796170 
3134 3796170 
3135 3796170 
3136 3796170 
3137 3796170 
3138 3796170 
3139 3796170 
3140 3796170 
3141 3796170 
3142 3796170 
3143 3796170 
3144 3796170 
3145 3796170 
3146 3796170 
3147 3796170 
3148 3796170 
3149 3796170 
3150 3796170 
3151 3796170 
3152 3796170 
3153 3796170 
3154 3796170 
3155 3796170 
3156 3796170 
3157 3796170 
3158 3796170 
3159 3796170 
3160 3796170 
3161 3796170 
3162 3796170 
3163 3796170 
3164 3796170 
3165 3796170 
3166 3796170 
3167 3796170 
3168 3796170 
3169 3796170 
3170 3796170 
3171 3796170 
3172 3796170 
3173 3796170 
3174 3796170 
3175 3796170 
3176 3796170 
3177 3796170 
3178 3796170 
3179 3796170 
3180 3796170 
3181 3796170 
3182 3796170 
3183 3796170 
3184 3796170 
3185 3796170 
3186 3796170 
3187 3796170 
3188 3796170 
3189 3796170 
3190 3796170 
3191 3796170 
3192 3796170 
3193 3796170 
3194 3796170 
3195 3796170 
3196 3796170 
3197 3796170 
3198 3796170 
3199 3796170 
3200 3796170 
3201 3796170 
3202 3796170 
3203 3796170 
3204 3796170 
3205 3796170 
3206 3796170 
3207 3796170 
3208 3796170 
3209 3796170 
3210 3796170 
3211 3796170 
3212 3796170 
3213 3796170 
3214 3796170 
3215 3796170 
3216 3796170 
3217 3796170 
3218 3796170 
3219 3796170 
3220 3796170 
3221 3796170 
3222 3796170 
3223 3796170 

