0 4143129 
1 4142856 
2 4140203 
3 4140047 
4 4139670 
5 4132026 
6 4131785 
7 4131486 
8 4114014 
9 4112704 
10 4109387 
11 4109380 
12 4108267 
13 4107721 
14 4103801 
15 4100408 
16 4100401 
17 4099887 
18 4099559 
19 4099169 
20 4097934 
21 4097527 
22 4097506 
23 4097493 
24 4097486 
25 4097388 
26 4096760 
27 4086884 
28 4082412 
29 4081091 
30 4081047 
31 4081001 
32 4080665 
33 4080325 
34 4079964 
35 4079859 
36 4077640 
37 4075940 
38 4075355 
39 4075005 
40 4074663 
41 4074129 
42 4073778 
43 4073274 
44 4073274 
45 4072924 
46 4072582 
47 4072582 
48 4072050 
49 4070401 
50 4070126 
51 4070087 
52 4069805 
53 4069802 
54 4069763 
55 4061152 
56 4060723 
57 4060702 
58 4060457 
59 4059695 
60 4059344 
61 4059090 
62 4058416 
63 4056948 
64 4056919 
65 4056804 
66 4056734 
67 4056700 
68 4056686 
69 4056643 
70 4056290 
71 4056225 
72 4056212 
73 4056199 
74 4056081 
75 4055483 
76 4053464 
77 4053014 
78 4052958 
79 4052944 
80 4052611 
81 4052549 
82 4052411 
83 4052410 
84 4052272 
85 4051986 
86 4051599 
87 4051563 
88 4051549 
89 4051104 
90 4045661 
91 4044410 
92 4043876 
93 4043800 
94 4043576 
95 4043447 
96 4039754 
97 4039665 
98 4039353 
99 4033818 
100 4033818 
101 4033324 
102 4033319 
103 4033119 
104 4032969 
105 4032861 
106 4032859 
107 4031599 
108 4031573 
109 4031573 
110 4031417 
111 4030887 
112 4029252 
113 4029252 
114 4028544 
115 4028278 
116 4027914 
117 4026403 
118 4026037 
119 4025932 
120 4025806 
121 4024756 
122 4018255 
123 4018255 
124 4017807 
125 4017340 
126 4006814 
127 4006807 
128 4006779 
129 4005567 
130 4004776 
131 4004156 
132 4004128 
133 4003408 
134 4002995 
135 4002988 
136 4002448 
137 4002240 
138 4001174 
139 4000789 
140 4000782 
141 4000717 
142 4000504 
143 3993299 
144 3993278 
145 3991952 
146 3991761 
147 3991722 
148 3989646 
149 3989632 
150 3989606 
151 3988970 
152 3988448 
153 3988196 
154 3988000 
155 3987584 
156 3987556 
157 3986027 
158 3985682 
159 3985430 
160 3985429 
161 3983672 
162 3983666 
163 3983245 
164 3983223 
165 3983216 
166 3983190 
167 3982997 
168 3982706 
169 3974152 
170 3973941 
171 3973460 
172 3972722 
173 3972319 
174 3971157 
175 3969138 
176 3969113 
177 3966657 
178 3953566 
179 3953503 
180 3953496 
181 3953431 
182 3951637 
183 3951624 
184 3951365 
185 3949493 
186 3948609 
187 3948388 
188 3948128 
189 3948115 
190 3944036 
191 3944036 
192 3942034 
193 3942027 
194 3941208 
195 3941208 
196 3941194 
197 3927284 
198 3927277 
199 3922091 
200 3921948 
201 3916719 
202 3916576 
203 3915869 
204 3915512 
205 3915505 
206 3914998 
207 3914992 
208 3914985 
209 3913186 
210 3898634 
211 3898626 
212 3898626 
213 3897853 
214 3897548 
215 3897535 
216 3897206 
217 3897119 
218 3897119 
219 3896427 
220 3895894 
221 3891915 
222 3891902 
223 3891857 
224 3891532 
225 3891467 
226 3891212 
227 3891177 
228 3889765 
229 3886587 
230 3886542 
231 3886440 
232 3886406 
233 3886406 
234 3886060 
235 3881029 
236 3880846 
237 3880339 
238 3875438 
239 3874809 
240 3874471 
241 3873979 
242 3873979 
243 3873979 
244 3873904 
245 3873677 
246 3873547 
247 3872760 
248 3872732 
249 3872592 
250 3868169 
251 3867679 
252 3867679 
253 3865621 
254 3865621 
255 3865582 
256 3865246 
257 3856586 
258 3856586 
259 3856509 
260 3856502 
261 3856495 
262 3856189 
263 3856189 
264 3856070 
265 3855788 
266 3855298 
267 3855291 
268 3855174 
269 3853638 
270 3853638 
271 3853624 
272 3853603 
273 3853535 
274 3853521 
275 3853423 
276 3853163 
277 3853109 
278 3852529 
279 3852529 
280 3852529 
281 3852451 
282 3848911 
283 3848390 
284 3847497 
285 3847490 
286 3847399 
287 3847315 
288 3847239 
289 3845999 
290 3845971 
291 3845936 
292 3845795 
293 3845788 
294 3845258 
295 3845162 
296 3845030 
297 3844645 
298 3844415 
299 3843908 
300 3843880 
301 3843516 
302 3843509 
303 3843169 
304 3843119 
305 3842780 
306 3841986 
307 3841642 
308 3841204 
309 3840742 
310 3840612 
311 3840598 
312 3839246 
313 3839189 
314 3838995 
315 3838947 
316 3838930 
317 3838930 
318 3838485 
319 3838273 
320 3838234 
321 3837877 
322 3837624 
323 3837624 
324 3837103 
325 3836928 
326 3836872 
327 3836781 
328 3836662 
329 3836266 
330 3835986 
331 3833629 
332 3833629 
333 3833621 
334 3833593 
335 3833342 
336 3833321 
337 3832860 
338 3829379 
339 3829160 
340 3829089 
341 3829052 
342 3828997 
343 3828946 
344 3828439 
345 3828350 
346 3828276 
347 3827989 
348 3827968 
349 3827888 
350 3826729 
351 3826520 
352 3826499 
353 3826008 
354 3826000 
355 3825922 
356 3825700 
357 3825693 
358 3825665 
359 3825658 
360 3825644 
361 3825630 
362 3825462 
363 3825448 
364 3825448 
365 3825347 
366 3825333 
367 3825333 
368 3824084 
369 3824012 
370 3824012 
371 3823831 
372 3823824 
373 3823824 
374 3823487 
375 3823487 
376 3823074 
377 3822697 
378 3822683 
379 3822683 
380 3822669 
381 3822669 
382 3822655 
383 3822655 
384 3822631 
385 3822620 
386 3822533 
387 3822533 
388 3822520 
389 3822513 
390 3822148 
391 3822148 
392 3822148 
393 3822148 
394 3822148 
395 3822148 
396 3822148 
397 3822148 
398 3822148 
399 3822148 
400 3822148 
401 3822057 
402 3822057 
403 3822002 
404 3822002 
405 3822002 
406 3822002 
407 3821897 
408 3821897 
409 3821897 
410 3821897 
411 3821763 
412 3821415 
413 3821415 
414 3821415 
415 3821415 
416 3821415 
417 3821415 
418 3821415 
419 3821415 
420 3821415 
421 3821415 
422 3821415 
423 3821415 
424 3821415 
425 3821415 
426 3821415 
427 3821415 
428 3821415 
429 3821415 
430 3821415 
431 3821415 
432 3821415 
433 3821415 
434 3821415 
435 3821415 
436 3821415 
437 3821415 
438 3821415 
439 3821415 
440 3821415 
441 3821415 
442 3821415 
443 3821415 
444 3821415 
445 3821415 
446 3821415 
447 3821415 
448 3821415 
449 3821415 
450 3821415 
451 3821415 
452 3821415 
453 3821415 
454 3821415 
455 3821415 
456 3821415 
457 3821415 
458 3821415 
459 3821415 
460 3821415 
461 3821415 
462 3821415 
463 3821415 
464 3821415 
465 3821415 
466 3821415 
467 3821415 
468 3821415 
469 3821415 
470 3821415 
471 3821415 
472 3821415 
473 3821415 
474 3821415 
475 3821415 
476 3821415 
477 3821415 
478 3821415 
479 3821415 
480 3821415 
481 3821415 
482 3821415 
483 3821415 
484 3821415 
485 3821415 
486 3821415 
487 3821415 
488 3821415 
489 3821415 
490 3821415 
491 3821415 
492 3821415 
493 3821415 
494 3821415 
495 3821415 
496 3821415 
497 3821415 
498 3821415 
499 3821415 
500 3821415 
501 3821415 
502 3821415 
503 3821415 
504 3821415 
505 3821415 
506 3821415 
507 3821415 
508 3821415 
509 3821415 
510 3821415 
511 3821415 
512 3821415 
513 3821415 
514 3821415 
515 3821415 
516 3821415 
517 3821415 
518 3821415 
519 3821415 
520 3821415 
521 3821415 
522 3821415 
523 3821415 
524 3821415 
525 3821415 
526 3821415 
527 3821415 
528 3821415 
529 3821415 
530 3821415 
531 3821415 
532 3821415 
533 3821415 
534 3821415 
535 3821415 
536 3821415 
537 3821415 
538 3821415 
539 3821415 
540 3821415 
541 3821415 
542 3821415 
543 3821415 
544 3821415 
545 3821415 
546 3821415 
547 3821415 
548 3821415 
549 3821415 
550 3821415 
551 3821415 
552 3821415 
553 3821415 
554 3821415 
555 3821415 
556 3821415 
557 3821415 
558 3821415 
559 3821415 
560 3821415 
561 3821415 
562 3821415 
563 3821415 
564 3821415 
565 3821415 
566 3821415 
567 3821415 
568 3821415 
569 3821415 
570 3821415 
571 3821415 
572 3821415 
573 3821415 
574 3821415 
575 3821415 
576 3821415 
577 3821415 
578 3821415 
579 3821415 
580 3821415 
581 3821415 
582 3821415 
583 3821415 
584 3821415 
585 3821415 
586 3821415 
587 3821415 
588 3821415 
589 3821415 
590 3821415 
591 3821415 
592 3821415 
593 3821415 
594 3821415 
595 3821415 
596 3821415 
597 3821415 
598 3821415 
599 3821415 
600 3821415 
601 3821415 
602 3821415 
603 3821415 
604 3821415 
605 3821415 
606 3821415 
607 3821415 
608 3821415 
609 3821415 
610 3821415 
611 3821415 
612 3821415 
613 3821415 
614 3821415 
615 3821415 
616 3821415 
617 3821415 
618 3821415 
619 3821415 
620 3821415 
621 3821415 
622 3821415 
623 3821415 
624 3821415 
625 3821415 
626 3821415 
627 3821415 
628 3821415 
629 3821415 
630 3821415 
631 3821415 
632 3821415 
633 3821415 
634 3821415 
635 3821415 
636 3821415 
637 3821415 
638 3821415 
639 3821415 
640 3821415 
641 3821415 
642 3821415 
643 3821415 
644 3821415 
645 3821415 
646 3821415 
647 3821415 
648 3821415 
649 3821415 
650 3821415 
651 3821415 
652 3821415 
653 3821415 
654 3821415 
655 3821415 
656 3821415 
657 3821415 
658 3821415 
659 3821415 
660 3821415 
661 3821415 
662 3821415 
663 3821415 
664 3821415 
665 3821415 
666 3821415 
667 3821415 
668 3821415 
669 3821415 
670 3821415 
671 3821415 
672 3821415 
673 3821415 
674 3821415 
675 3821415 
676 3821415 
677 3821415 
678 3821415 
679 3821415 
680 3821415 
681 3821415 
682 3821415 
683 3821415 
684 3821415 
685 3821415 
686 3821415 
687 3821415 
688 3821415 
689 3821415 
690 3821415 
691 3821415 
692 3821415 
693 3821415 
694 3821415 
695 3821415 
696 3821415 
697 3821415 
698 3821415 
699 3821415 
700 3821415 
701 3821415 
702 3821415 
703 3821415 
704 3821415 
705 3821415 
706 3821415 
707 3821415 
708 3821415 
709 3821415 
710 3821415 
711 3821415 
712 3821415 
713 3821415 
714 3821415 
715 3821415 
716 3821415 
717 3821415 
718 3821415 
719 3821415 
720 3821415 
721 3821415 
722 3821415 
723 3821415 
724 3821415 
725 3821415 
726 3821415 
727 3821415 
728 3821415 
729 3821415 
730 3821415 
731 3821415 
732 3821415 
733 3821415 
734 3821415 
735 3821415 
736 3821415 
737 3821415 
738 3821415 
739 3821415 
740 3821415 
741 3821415 
742 3821415 
743 3821415 
744 3821415 
745 3821415 
746 3821415 
747 3821415 
748 3821415 
749 3821415 
750 3821415 
751 3821415 
752 3821415 
753 3821415 
754 3821415 
755 3821415 
756 3821415 
757 3821415 
758 3821415 
759 3821415 
760 3821415 
761 3821415 
762 3821415 
763 3821415 
764 3821415 
765 3821415 
766 3821415 
767 3821415 
768 3821415 
769 3821415 
770 3821415 
771 3821415 
772 3821415 
773 3821415 
774 3821415 
775 3821415 
776 3821415 
777 3821415 
778 3821415 
779 3821415 
780 3821415 
781 3821415 
782 3821415 
783 3821415 
784 3821415 
785 3821415 
786 3821415 
787 3821415 
788 3821415 
789 3821415 
790 3821415 
791 3821415 
792 3821415 
793 3821415 
794 3821415 
795 3821415 
796 3821415 
797 3821415 
798 3821415 
799 3821415 
800 3821415 
801 3821415 
802 3821415 
803 3821415 
804 3821415 
805 3821415 
806 3821415 
807 3821415 
808 3821415 
809 3821415 
810 3821415 
811 3821415 
812 3821415 
813 3821415 
814 3821415 
815 3821415 
816 3821415 
817 3821415 
818 3821415 
819 3821415 
820 3821415 
821 3821415 
822 3821415 
823 3821415 
824 3821415 
825 3821415 
826 3821415 
827 3821415 
828 3821415 
829 3821415 
830 3821415 
831 3821415 
832 3821415 
833 3821415 
834 3821415 
835 3821415 
836 3821415 
837 3821415 
838 3821415 
839 3821415 
840 3821415 
841 3821415 
842 3821415 
843 3821415 
844 3821415 
845 3821415 
846 3821415 
847 3821415 
848 3821415 
849 3821415 
850 3821415 
851 3821415 
852 3821415 
853 3821415 
854 3821415 
855 3821415 
856 3821415 
857 3821415 
858 3821415 
859 3821415 
860 3821415 
861 3821415 
862 3821415 
863 3821415 
864 3821415 
865 3821415 
866 3821415 
867 3821415 
868 3821415 
869 3821415 
870 3821415 
871 3821415 
872 3821415 
873 3821415 
874 3821415 
875 3821415 
876 3821415 
877 3821415 
878 3821415 
879 3821415 
880 3821415 
881 3821415 
882 3821415 
883 3821415 
884 3821415 
885 3821415 
886 3821415 
887 3821415 
888 3821415 
889 3821415 
890 3821415 
891 3821415 
892 3821415 
893 3821415 
894 3821415 
895 3821415 
896 3821415 
897 3821415 
898 3821415 
899 3821415 
900 3821415 
901 3821415 
902 3821415 
903 3821415 
904 3821415 
905 3821415 
906 3821415 
907 3821415 
908 3821415 
909 3821415 
910 3821415 
911 3821415 
912 3821415 
913 3821415 
914 3821415 
915 3821415 
916 3821415 
917 3821415 
918 3821415 
919 3821415 
920 3821415 
921 3821415 
922 3821415 
923 3821415 
924 3821415 
925 3821415 
926 3821415 
927 3821415 
928 3821415 
929 3821415 
930 3821415 
931 3821415 
932 3821415 
933 3821415 
934 3821415 
935 3821415 
936 3821415 
937 3821415 
938 3821415 
939 3821415 
940 3821415 
941 3821415 
942 3821415 
943 3821415 
944 3821415 
945 3821415 
946 3821415 
947 3821415 
948 3821415 
949 3821415 
950 3821415 
951 3821415 
952 3821415 
953 3821415 
954 3821415 
955 3821415 
956 3821415 
957 3821415 
958 3821415 
959 3821415 
960 3821415 
961 3821415 
962 3821415 
963 3821415 
964 3821415 
965 3821415 
966 3821415 
967 3821415 
968 3821415 
969 3821415 
970 3821415 
971 3821415 
972 3821415 
973 3821415 
974 3821415 
975 3821415 
976 3821415 
977 3821415 
978 3821415 
979 3821415 
980 3821415 
981 3821415 
982 3821415 
983 3821415 
984 3821415 
985 3821415 
986 3821415 
987 3821415 
988 3821415 
989 3821415 
990 3821415 
991 3821415 
992 3821415 
993 3821415 
994 3821415 
995 3821415 
996 3821415 
997 3821415 
998 3821415 
999 3821415 
1000 3821415 
1001 3821415 
1002 3821415 
1003 3821415 
1004 3821415 
1005 3821415 
1006 3821415 
1007 3821415 
1008 3821415 
1009 3821415 
1010 3821415 
1011 3821415 
1012 3821415 
1013 3821415 
1014 3821415 
1015 3821415 
1016 3821415 
1017 3821415 
1018 3821415 
1019 3821415 
1020 3821415 
1021 3821415 
1022 3821415 
1023 3821415 
1024 3821415 
1025 3821415 
1026 3821415 
1027 3821415 
1028 3821415 
1029 3821415 
1030 3821415 
1031 3821415 
1032 3821415 
1033 3821415 
1034 3821415 
1035 3821415 
1036 3821415 
1037 3821415 
1038 3821415 
1039 3821415 
1040 3821415 
1041 3821415 
1042 3821415 
1043 3821415 
1044 3821415 
1045 3821415 
1046 3821415 
1047 3821415 
1048 3821415 
1049 3821415 
1050 3821415 
1051 3821415 
1052 3821415 
1053 3821415 
1054 3821415 
1055 3821415 
1056 3821415 
1057 3821415 
1058 3821415 
1059 3821415 
1060 3821415 
1061 3821415 
1062 3821415 
1063 3821415 
1064 3821415 
1065 3821415 
1066 3821415 
1067 3821415 
1068 3821415 
1069 3821415 
1070 3821415 
1071 3821415 
1072 3821415 
1073 3821415 
1074 3821415 
1075 3821415 
1076 3821415 
1077 3821415 
1078 3821415 
1079 3821415 
1080 3821415 
1081 3821415 
1082 3821415 
1083 3821415 
1084 3821415 
1085 3821415 
1086 3821415 
1087 3821415 
1088 3821415 
1089 3821415 
1090 3821415 
1091 3821415 
1092 3821415 
1093 3821415 
1094 3821415 
1095 3821415 
1096 3821415 
1097 3821415 
1098 3821415 
1099 3821415 
1100 3821415 
1101 3821415 
1102 3821415 
1103 3821415 
1104 3821415 
1105 3821415 
1106 3821415 
1107 3821415 
1108 3821415 
1109 3821415 
1110 3821415 
1111 3821415 
1112 3821415 
1113 3821415 
1114 3821415 
1115 3821415 
1116 3821415 
1117 3821415 
1118 3821415 
1119 3821415 
1120 3821415 
1121 3821415 
1122 3821415 
1123 3821415 
1124 3821415 
1125 3821415 
1126 3821415 
1127 3821415 
1128 3821415 
1129 3821415 
1130 3821415 
1131 3821415 
1132 3821415 
1133 3821415 
1134 3821415 
1135 3821415 
1136 3821415 
1137 3821415 
1138 3821415 
1139 3821415 
1140 3821415 
1141 3821415 
1142 3821415 
1143 3821415 
1144 3821415 
1145 3821415 
1146 3821415 
1147 3821415 
1148 3821415 
1149 3821415 
1150 3821415 
1151 3821415 
1152 3821415 
1153 3821415 
1154 3821415 
1155 3821415 
1156 3821415 
1157 3821415 
1158 3821415 
1159 3821415 
1160 3821415 
1161 3821415 
1162 3821415 
1163 3821415 
1164 3821415 
1165 3821415 
1166 3821415 
1167 3821415 
1168 3821415 
1169 3821415 
1170 3821415 
1171 3821415 
1172 3821415 
1173 3821415 
1174 3821415 
1175 3821415 
1176 3821415 
1177 3821415 
1178 3821415 
1179 3821415 
1180 3821415 
1181 3821415 
1182 3821415 
1183 3821415 
1184 3821415 
1185 3821415 
1186 3821415 
1187 3821415 
1188 3821415 
1189 3821415 
1190 3821415 
1191 3821415 
1192 3821415 
1193 3821415 
1194 3821415 
1195 3821415 
1196 3821415 
1197 3821415 
1198 3821415 
1199 3821415 
1200 3821415 
1201 3821415 
1202 3821415 
1203 3821415 
1204 3821415 
1205 3821415 
1206 3821415 
1207 3821415 
1208 3821415 
1209 3821415 
1210 3821415 
1211 3821415 
1212 3821415 
1213 3821415 
1214 3821415 
1215 3821415 
1216 3821415 
1217 3821415 
1218 3821415 
1219 3821415 
1220 3821415 
1221 3821415 
1222 3821415 
1223 3821415 
1224 3821415 
1225 3821415 
1226 3821415 
1227 3821415 
1228 3821415 
1229 3821415 
1230 3821415 
1231 3821415 
1232 3821415 
1233 3821415 
1234 3821415 
1235 3821415 
1236 3821415 
1237 3821415 
1238 3821415 
1239 3821415 
1240 3821415 
1241 3821415 
1242 3821415 
1243 3821415 
1244 3821415 
1245 3821415 
1246 3821415 
1247 3821415 
1248 3821415 
1249 3821415 
1250 3821415 
1251 3821415 
1252 3821415 
1253 3821415 
1254 3821415 
1255 3821415 
1256 3821415 
1257 3821415 
1258 3821415 
1259 3821415 
1260 3821415 
1261 3821415 
1262 3821415 
1263 3821415 
1264 3821415 
1265 3821415 
1266 3821415 
1267 3821415 
1268 3821415 
1269 3821415 
1270 3821415 
1271 3821415 
1272 3821415 
1273 3821415 
1274 3821415 
1275 3821415 
1276 3821415 
1277 3821415 
1278 3821415 
1279 3821415 
1280 3821415 
1281 3821415 
1282 3821415 
1283 3821415 
1284 3821415 
1285 3821415 
1286 3821415 
1287 3821415 
1288 3821415 
1289 3821415 
1290 3821415 
1291 3821415 
1292 3821415 
1293 3821415 
1294 3821415 
1295 3821415 
1296 3821415 
1297 3821415 
1298 3821415 
1299 3821415 
1300 3821415 
1301 3821415 
1302 3821415 
1303 3821415 
1304 3821415 
1305 3821415 
1306 3821415 
1307 3821415 
1308 3821415 
1309 3821415 
1310 3821415 
1311 3821415 
1312 3821415 
1313 3821415 
1314 3821415 
1315 3821415 
1316 3821415 
1317 3821415 
1318 3821415 
1319 3821415 
1320 3821415 
1321 3821415 
1322 3821415 
1323 3821415 
1324 3821415 
1325 3821415 
1326 3821415 
1327 3821415 
1328 3821415 
1329 3821415 
1330 3821415 
1331 3821415 
1332 3821415 
1333 3821415 
1334 3821415 
1335 3821415 
1336 3821415 
1337 3821415 
1338 3821415 
1339 3821415 
1340 3821415 
1341 3821415 
1342 3821415 
1343 3821415 
1344 3821415 
1345 3821415 
1346 3821415 
1347 3821415 
1348 3821415 
1349 3821415 
1350 3821415 
1351 3821415 
1352 3821415 
1353 3821415 
1354 3821415 
1355 3821415 
1356 3821415 
1357 3821415 
1358 3821415 
1359 3821415 
1360 3821415 
1361 3821415 
1362 3821415 
1363 3821415 
1364 3821415 
1365 3821415 
1366 3821415 
1367 3821415 
1368 3821415 
1369 3821415 
1370 3821415 
1371 3821415 
1372 3821415 
1373 3821415 
1374 3821415 
1375 3821415 
1376 3821415 
1377 3821415 
1378 3821415 
1379 3821415 
1380 3821415 
1381 3821415 
1382 3821415 
1383 3821415 
1384 3821415 
1385 3821415 
1386 3821415 
1387 3821415 
1388 3821415 
1389 3821415 
1390 3821415 
1391 3821415 
1392 3821415 
1393 3821415 
1394 3821415 
1395 3821415 
1396 3821415 
1397 3821415 
1398 3821415 
1399 3821415 
1400 3821415 
1401 3821415 
1402 3821415 
1403 3821415 
1404 3821415 
1405 3821415 
1406 3821415 
1407 3821415 
1408 3821415 
1409 3821415 
1410 3821415 
1411 3821415 
1412 3821415 
1413 3821415 
1414 3821415 
1415 3821415 
1416 3821415 
1417 3821415 
1418 3821415 
1419 3821415 
1420 3821415 
1421 3821415 
1422 3821415 
1423 3821415 
1424 3821415 
1425 3821415 
1426 3821415 
1427 3821415 
1428 3821415 
1429 3821415 
1430 3821415 
1431 3821415 
1432 3821415 
1433 3821415 
1434 3821415 
1435 3821415 
1436 3821415 
1437 3821415 
1438 3821415 
1439 3821415 
1440 3821415 
1441 3821415 
1442 3821415 
1443 3821415 
1444 3821415 
1445 3821415 
1446 3821415 
1447 3821415 
1448 3821415 
1449 3821415 
1450 3821415 
1451 3821415 
1452 3821415 
1453 3821415 
1454 3821415 
1455 3821415 
1456 3821415 
1457 3821415 
1458 3821415 
1459 3821415 
1460 3821415 
1461 3821415 
1462 3821415 
1463 3821415 
1464 3821415 
1465 3821415 
1466 3821415 
1467 3821415 
1468 3821415 
1469 3821415 
1470 3821415 
1471 3821415 
1472 3821415 
1473 3821415 
1474 3821415 
1475 3821415 
1476 3821415 
1477 3821415 
1478 3821415 
1479 3821415 
1480 3821415 
1481 3821415 
1482 3821415 
1483 3821415 
1484 3821415 
1485 3821415 
1486 3821415 
1487 3821415 
1488 3821415 
1489 3821415 
1490 3821415 
1491 3821415 
1492 3821415 
1493 3821415 
1494 3821415 
1495 3821415 
1496 3821415 
1497 3821415 
1498 3821415 
1499 3821415 
1500 3821415 
1501 3821415 
1502 3821415 
1503 3821415 
1504 3821415 
1505 3821415 
1506 3821415 
1507 3821415 
1508 3821415 
1509 3821415 
1510 3821415 
1511 3821415 
1512 3821415 
1513 3821415 
1514 3821415 
1515 3821415 
1516 3821415 
1517 3821415 
1518 3821415 
1519 3821415 
1520 3821415 
1521 3821415 
1522 3821415 
1523 3821415 
1524 3821415 
1525 3821415 
1526 3821415 
1527 3821415 
1528 3821415 
1529 3821415 
1530 3821415 
1531 3821415 
1532 3821415 
1533 3821415 
1534 3821415 
1535 3821415 
1536 3821415 
1537 3821415 
1538 3821415 
1539 3821415 
1540 3821415 
1541 3821415 
1542 3821415 
1543 3821415 
1544 3821415 
1545 3821415 
1546 3821415 
1547 3821415 
1548 3821415 
1549 3821415 
1550 3821415 
1551 3821415 
1552 3821415 
1553 3821415 
1554 3821415 
1555 3821415 
1556 3821415 
1557 3821415 
1558 3821415 
1559 3821415 
1560 3821415 
1561 3821415 
1562 3821415 
1563 3821415 
1564 3821415 
1565 3821415 
1566 3821415 
1567 3821415 
1568 3821415 
1569 3821415 
1570 3821415 
1571 3821415 
1572 3821415 
1573 3821415 
1574 3821415 
1575 3821415 
1576 3821415 
1577 3821415 
1578 3821415 
1579 3821415 
1580 3821415 
1581 3821415 
1582 3821415 
1583 3821415 
1584 3821415 
1585 3821415 
1586 3821415 
1587 3821415 
1588 3821415 
1589 3821415 
1590 3821415 
1591 3821415 
1592 3821415 
1593 3821415 
1594 3821415 
1595 3821415 
1596 3821415 
1597 3821415 
1598 3821415 
1599 3821415 
1600 3821415 
1601 3821415 
1602 3821415 
1603 3821415 
1604 3821415 
1605 3821415 
1606 3821415 
1607 3821415 
1608 3821415 
1609 3821415 
1610 3821415 
1611 3821415 
1612 3821415 
1613 3821415 
1614 3821415 
1615 3821415 
1616 3821415 
1617 3821415 
1618 3821415 
1619 3821415 
1620 3821415 
1621 3821415 
1622 3821415 
1623 3821415 
1624 3821415 
1625 3821415 
1626 3821415 
1627 3821415 
1628 3821415 
1629 3821415 
1630 3821415 
1631 3821415 
1632 3821415 
1633 3821415 
1634 3821415 
1635 3821415 
1636 3821415 
1637 3821415 
1638 3821415 
1639 3821415 
1640 3821415 
1641 3821415 
1642 3821415 
1643 3821415 
1644 3821415 
1645 3821415 
1646 3821415 
1647 3821415 
1648 3821415 
1649 3821415 
1650 3821415 
1651 3821415 
1652 3821415 
1653 3821415 
1654 3821415 
1655 3821415 
1656 3821415 
1657 3821415 
1658 3821415 
1659 3821415 
1660 3821415 
1661 3821415 
1662 3821415 
1663 3821415 
1664 3821415 
1665 3821415 
1666 3821415 
1667 3821415 
1668 3821415 
1669 3821415 
1670 3821415 
1671 3821415 
1672 3821415 
1673 3821415 
1674 3821415 
1675 3821415 
1676 3821415 
1677 3821415 
1678 3821415 
1679 3821415 
1680 3821415 
1681 3821415 
1682 3821415 
1683 3821415 
1684 3821415 
1685 3821415 
1686 3821415 
1687 3821415 
1688 3821415 
1689 3821415 
1690 3821415 
1691 3821415 
1692 3821415 
1693 3821415 
1694 3821415 
1695 3821415 
1696 3821415 
1697 3821415 
1698 3821415 
1699 3821415 
1700 3821415 
1701 3821415 
1702 3821415 
1703 3821415 
1704 3821415 
1705 3821415 
1706 3821415 
1707 3821415 
1708 3821415 
1709 3821415 
1710 3821415 
1711 3821415 
1712 3821415 
1713 3821415 
1714 3821415 
1715 3821415 
1716 3821415 
1717 3821415 
1718 3821415 
1719 3821415 
1720 3821415 
1721 3821415 
1722 3821415 
1723 3821415 
1724 3821415 
1725 3821415 
1726 3821415 
1727 3821415 
1728 3821415 
1729 3821415 
1730 3821415 
1731 3821415 
1732 3821415 
1733 3821415 
1734 3821415 
1735 3821415 
1736 3821415 
1737 3821415 
1738 3821415 
1739 3821415 
1740 3821415 
1741 3821415 
1742 3821415 
1743 3821415 
1744 3821415 
1745 3821415 
1746 3821415 
1747 3821415 
1748 3821415 
1749 3821415 
1750 3821415 
1751 3821415 
1752 3821415 
1753 3821415 
1754 3821415 
1755 3821415 
1756 3821415 
1757 3821415 
1758 3821415 
1759 3821415 
1760 3821415 
1761 3821415 
1762 3821415 
1763 3821415 
1764 3821415 
1765 3821415 
1766 3821415 
1767 3821415 
1768 3821415 
1769 3821415 
1770 3821415 
1771 3821415 
1772 3821415 
1773 3821415 
1774 3821415 
1775 3821415 
1776 3821415 
1777 3821415 
1778 3821415 
1779 3821415 
1780 3821415 
1781 3821415 
1782 3821415 
1783 3821415 
1784 3821415 
1785 3821415 
1786 3821415 
1787 3821415 
1788 3821415 
1789 3821415 
1790 3821415 
1791 3821415 
1792 3821415 
1793 3821415 
1794 3821415 
1795 3821415 
1796 3821415 
1797 3821415 
1798 3821415 
1799 3821415 
1800 3821415 
1801 3821415 
1802 3821415 
1803 3821415 
1804 3821415 
1805 3821415 
1806 3821415 
1807 3821415 
1808 3821415 
1809 3821415 
1810 3821415 
1811 3821415 
1812 3821415 
1813 3821415 
1814 3821415 
1815 3821415 
1816 3821415 
1817 3821415 
1818 3821415 
1819 3821415 
1820 3821415 
1821 3821415 
1822 3821415 
1823 3821415 
1824 3821415 
1825 3821415 
1826 3821415 
1827 3821415 
1828 3821415 
1829 3821415 
1830 3821415 
1831 3821415 
1832 3821415 
1833 3821415 
1834 3821415 
1835 3821415 
1836 3821415 
1837 3821415 
1838 3821415 
1839 3821415 
1840 3821415 
1841 3821415 
1842 3821415 
1843 3821415 
1844 3821415 
1845 3821415 
1846 3821415 
1847 3821415 
1848 3821415 
1849 3821415 
1850 3821415 
1851 3821415 
1852 3821415 
1853 3821415 
1854 3821415 
1855 3821415 
1856 3821415 
1857 3821415 
1858 3821415 
1859 3821415 
1860 3821415 
1861 3821415 
1862 3821415 
1863 3821415 
1864 3821415 
1865 3821415 
1866 3821415 
1867 3821415 
1868 3821415 
1869 3821415 
1870 3821415 
1871 3821415 
1872 3821415 
1873 3821415 
1874 3821415 
1875 3821415 
1876 3821415 
1877 3821415 
1878 3821415 
1879 3821415 
1880 3821415 
1881 3821415 
1882 3821415 
1883 3821415 
1884 3821415 
1885 3821415 
1886 3821415 
1887 3821415 
1888 3821415 
1889 3821415 
1890 3821415 
1891 3821415 
1892 3821415 
1893 3821415 
1894 3821415 
1895 3821415 
1896 3821415 
1897 3821415 
1898 3821415 
1899 3821415 
1900 3821415 
1901 3821415 
1902 3821415 
1903 3821415 
1904 3821415 
1905 3821415 
1906 3821415 
1907 3821415 
1908 3821415 
1909 3821415 
1910 3821415 
1911 3821415 
1912 3821415 
1913 3821415 
1914 3821415 
1915 3821415 
1916 3821415 
1917 3821415 
1918 3821415 
1919 3821415 
1920 3821415 
1921 3821415 
1922 3821415 
1923 3821415 
1924 3821415 
1925 3821415 
1926 3821415 
1927 3821415 
1928 3821415 
1929 3821415 
1930 3821415 
1931 3821415 
1932 3821415 
1933 3821415 
1934 3821415 
1935 3821415 
1936 3821415 
1937 3821415 
1938 3821415 
1939 3821415 
1940 3821415 
1941 3821415 
1942 3821415 
1943 3821415 
1944 3821415 
1945 3821415 
1946 3821415 
1947 3821415 
1948 3821415 
1949 3821415 
1950 3821415 
1951 3821415 
1952 3821415 
1953 3821415 
1954 3821415 
1955 3821415 
1956 3821415 
1957 3821415 
1958 3821415 
1959 3821415 
1960 3821415 
1961 3821415 
1962 3821415 
1963 3821415 
1964 3821415 
1965 3821415 
1966 3821415 
1967 3821415 
1968 3821415 
1969 3821415 
1970 3821415 
1971 3821415 
1972 3821415 
1973 3821415 
1974 3821415 
1975 3821415 
1976 3821415 
1977 3821415 
1978 3821415 
1979 3821415 
1980 3821415 
1981 3821415 
1982 3821415 
1983 3821415 
1984 3821415 
1985 3821415 
1986 3821415 
1987 3821415 
1988 3821415 
1989 3821415 
1990 3821415 
1991 3821415 
1992 3821415 
1993 3821415 
1994 3821415 
1995 3821415 
1996 3821415 
1997 3821415 
1998 3821415 
1999 3821415 
2000 3821415 
2001 3821415 
2002 3821415 
2003 3821415 
2004 3821415 
2005 3821415 
2006 3821415 
2007 3821415 
2008 3821415 
2009 3821415 
2010 3821415 
2011 3821415 
2012 3821415 
2013 3821415 
2014 3821415 
2015 3821415 
2016 3821415 
2017 3821415 
2018 3821415 
2019 3821415 
2020 3821415 
2021 3821415 
2022 3821415 
2023 3821415 
2024 3821415 
2025 3821415 
2026 3821415 
2027 3821415 
2028 3821415 
2029 3821415 
2030 3821415 
2031 3821415 
2032 3821415 
2033 3821415 
2034 3821415 
2035 3821415 
2036 3821415 
2037 3821415 
2038 3821415 
2039 3821415 
2040 3821415 
2041 3821415 
2042 3821415 
2043 3821415 
2044 3821415 
2045 3821415 
2046 3821415 
2047 3821415 
2048 3821415 
2049 3821415 
2050 3821415 
2051 3821415 
2052 3821415 
2053 3821415 
2054 3821415 
2055 3821415 
2056 3821415 
2057 3821415 
2058 3821415 
2059 3821415 
2060 3821415 
2061 3821415 
2062 3821415 
2063 3821415 
2064 3821415 
2065 3821415 
2066 3821415 
2067 3821415 
2068 3821415 
2069 3821415 
2070 3821415 
2071 3821415 
2072 3821415 
2073 3821415 
2074 3821415 
2075 3821415 
2076 3821415 
2077 3821415 
2078 3821415 
2079 3821415 
2080 3821415 
2081 3821415 
2082 3821415 
2083 3821415 
2084 3821415 
2085 3821415 
2086 3821415 
2087 3821415 
2088 3821415 
2089 3821415 
2090 3821415 
2091 3821415 
2092 3821415 
2093 3821415 
2094 3821415 
2095 3821415 
2096 3821415 
2097 3821415 
2098 3821415 
2099 3821415 
2100 3821415 
2101 3821415 
2102 3821415 
2103 3821415 
2104 3821415 
2105 3821415 
2106 3821415 
2107 3821415 
2108 3821415 
2109 3821415 
2110 3821415 
2111 3821415 
2112 3821415 
2113 3821415 
2114 3821415 
2115 3821415 
2116 3821415 
2117 3821415 
2118 3821415 
2119 3821415 
2120 3821415 
2121 3821415 
2122 3821415 
2123 3821415 
2124 3821415 
2125 3821415 
2126 3821415 
2127 3821415 
2128 3821415 
2129 3821415 
2130 3821415 
2131 3821415 
2132 3821415 
2133 3821415 
2134 3821415 
2135 3821415 
2136 3821415 
2137 3821415 
2138 3821415 
2139 3821415 
2140 3821415 
2141 3821415 
2142 3821415 
2143 3821415 
2144 3821415 
2145 3821415 
2146 3821415 
2147 3821415 
2148 3821415 
2149 3821415 
2150 3821415 
2151 3821415 
2152 3821415 
2153 3821415 
2154 3821415 
2155 3821415 
2156 3821415 
2157 3821415 
2158 3821415 
2159 3821415 
2160 3821415 
2161 3821415 
2162 3821415 
2163 3821415 
2164 3821415 
2165 3821415 
2166 3821415 
2167 3821415 
2168 3821415 
2169 3821415 
2170 3821415 
2171 3821415 
2172 3821415 
2173 3821415 
2174 3821415 
2175 3821415 
2176 3821415 
2177 3821415 
2178 3821415 
2179 3821415 
2180 3821415 
2181 3821415 
2182 3821415 
2183 3821415 
2184 3821415 
2185 3821415 
2186 3821415 
2187 3821415 
2188 3821415 
2189 3821415 
2190 3821415 
2191 3821415 
2192 3821415 
2193 3821415 
2194 3821415 
2195 3821415 
2196 3821415 
2197 3821415 
2198 3821415 
2199 3821415 
2200 3821415 
2201 3821415 
2202 3821415 
2203 3821415 
2204 3821415 
2205 3821415 
2206 3821415 
2207 3821415 
2208 3821415 
2209 3821415 
2210 3821415 
2211 3821415 
2212 3821415 
2213 3821415 
2214 3821415 
2215 3821415 
2216 3821415 
2217 3821415 
2218 3821415 
2219 3821415 
2220 3821415 
2221 3821415 
2222 3821415 
2223 3821415 
2224 3821415 
2225 3821415 
2226 3821415 
2227 3821415 
2228 3821415 
2229 3821415 
2230 3821415 
2231 3821415 
2232 3821415 
2233 3821415 
2234 3821415 
2235 3821415 
2236 3821415 
2237 3821415 
2238 3821415 
2239 3821415 
2240 3821415 
2241 3821415 
2242 3821415 
2243 3821415 
2244 3821415 
2245 3821415 
2246 3821415 
2247 3821415 
2248 3821415 
2249 3821415 
2250 3821415 
2251 3821415 
2252 3821415 
2253 3821415 
2254 3821415 
2255 3821415 
2256 3821415 
2257 3821415 
2258 3821415 
2259 3821415 
2260 3821415 
2261 3821415 
2262 3821415 
2263 3821415 
2264 3821415 
2265 3821415 
2266 3821415 
2267 3821415 
2268 3821415 
2269 3821415 
2270 3821415 
2271 3821415 
2272 3821415 
2273 3821415 
2274 3821415 
2275 3821415 
2276 3821415 
2277 3821415 
2278 3821415 
2279 3821415 
2280 3821415 
2281 3821415 
2282 3821415 
2283 3821415 
2284 3821415 
2285 3821415 
2286 3821415 
2287 3821415 
2288 3821415 
2289 3821415 
2290 3821415 
2291 3821415 
2292 3821415 
2293 3821415 
2294 3821415 
2295 3821415 
2296 3821415 
2297 3821415 
2298 3821415 
2299 3821415 
2300 3821415 
2301 3821415 
2302 3821415 
2303 3821415 
2304 3821415 
2305 3821415 
2306 3821415 
2307 3821415 
2308 3821415 
2309 3821415 
2310 3821415 
2311 3821415 
2312 3821415 
2313 3821415 
2314 3821415 
2315 3821415 
2316 3821415 
2317 3821415 
2318 3821415 
2319 3821415 
2320 3821415 
2321 3821415 
2322 3821415 
2323 3821415 
2324 3821415 
2325 3821415 
2326 3821415 
2327 3821415 
2328 3821415 
2329 3821415 
2330 3821415 
2331 3821415 
2332 3821415 
2333 3821415 
2334 3821415 
2335 3821415 
2336 3821415 
2337 3821415 
2338 3821415 
2339 3821415 
2340 3821415 
2341 3821415 
2342 3821415 
2343 3821415 
2344 3821415 
2345 3821415 
2346 3821415 
2347 3821415 
2348 3821415 
2349 3821415 
2350 3821415 
2351 3821415 
2352 3821415 
2353 3821415 
2354 3821415 
2355 3821415 
2356 3821415 
2357 3821415 
2358 3821415 
2359 3821415 
2360 3821415 
2361 3821415 
2362 3821415 
2363 3821415 
2364 3821415 
2365 3821415 
2366 3821415 
2367 3821415 
2368 3821415 
2369 3821415 
2370 3821415 
2371 3821415 
2372 3821415 
2373 3821415 
2374 3821415 
2375 3821415 
2376 3821415 
2377 3821415 
2378 3821415 
2379 3821415 
2380 3821415 
2381 3821415 
2382 3821415 
2383 3821415 
2384 3821415 
2385 3821415 
2386 3821415 
2387 3821415 
2388 3821415 
2389 3821415 
2390 3821415 
2391 3821415 
2392 3821415 
2393 3821415 
2394 3821415 
2395 3821415 
2396 3821415 
2397 3821415 
2398 3821415 
2399 3821415 
2400 3821415 
2401 3821415 
2402 3821415 
2403 3821415 
2404 3821415 
2405 3821415 
2406 3821415 
2407 3821415 
2408 3821415 
2409 3821415 
2410 3821415 
2411 3821415 
2412 3821415 
2413 3821415 
2414 3821415 
2415 3821415 
2416 3821415 
2417 3821415 
2418 3821415 
2419 3821415 
2420 3821415 
2421 3821415 
2422 3821415 
2423 3821415 
2424 3821415 
2425 3821415 
2426 3821415 
2427 3821415 
2428 3821415 
2429 3821415 
2430 3821415 
2431 3821415 
2432 3821415 
2433 3821415 
2434 3821415 
2435 3821415 
2436 3821415 
2437 3821415 
2438 3821415 
2439 3821415 
2440 3821415 
2441 3821415 
2442 3821415 
2443 3821415 
2444 3821415 
2445 3821415 
2446 3821415 
2447 3821415 
2448 3821415 
2449 3821415 
2450 3821415 
2451 3821415 
2452 3821415 
2453 3821415 
2454 3821415 
2455 3821415 
2456 3821415 
2457 3821415 
2458 3821415 
2459 3821415 
2460 3821415 
2461 3821415 
2462 3821415 
2463 3821415 
2464 3821415 
2465 3821415 
2466 3821415 
2467 3821415 
2468 3821415 
2469 3821415 
2470 3821415 
2471 3821415 
2472 3821415 
2473 3821415 
2474 3821415 
2475 3821415 
2476 3821415 
2477 3821415 
2478 3821415 
2479 3821415 
2480 3821415 
2481 3821415 
2482 3821415 
2483 3821415 
2484 3821415 
2485 3821415 
2486 3821415 
2487 3821415 
2488 3821415 
2489 3821415 
2490 3821415 
2491 3821415 
2492 3821415 
2493 3821415 
2494 3821415 
2495 3821415 
2496 3821415 
2497 3821415 
2498 3821415 
2499 3821415 
2500 3821415 
2501 3821415 
2502 3821415 
2503 3821415 
2504 3821415 
2505 3821415 
2506 3821415 
2507 3821415 
2508 3821415 
2509 3821415 
2510 3821415 
2511 3821415 
2512 3821415 
2513 3821415 
2514 3821415 
2515 3821415 
2516 3821415 
2517 3821415 
2518 3821415 
2519 3821415 
2520 3821415 
2521 3821415 
2522 3821415 
2523 3821415 
2524 3821415 
2525 3821415 
2526 3821415 
2527 3821415 
2528 3821415 
2529 3821415 
2530 3821415 
2531 3821415 
2532 3821415 
2533 3821415 
2534 3821415 
2535 3821415 
2536 3821415 
2537 3821415 
2538 3821415 
2539 3821415 
2540 3821415 
2541 3821415 
2542 3821415 
2543 3821415 
2544 3821415 
2545 3821415 
2546 3821415 
2547 3821415 
2548 3821415 
2549 3821415 
2550 3821415 
2551 3821415 
2552 3821415 
2553 3821415 
2554 3821415 
2555 3821415 
2556 3821415 
2557 3821415 
2558 3821415 
2559 3821415 
2560 3821415 
2561 3821415 
2562 3821415 
2563 3821415 
2564 3821415 
2565 3821415 
2566 3821415 
2567 3821415 
2568 3821415 
2569 3821415 
2570 3821415 
2571 3821415 
2572 3821415 
2573 3821415 
2574 3821415 
2575 3821415 
2576 3821415 
2577 3821415 
2578 3821415 
2579 3821415 
2580 3821415 
2581 3821415 
2582 3821415 
2583 3821415 
2584 3821415 
2585 3821415 
2586 3821415 
2587 3821415 
2588 3821415 
2589 3821415 
2590 3821415 
2591 3821415 
2592 3821415 
2593 3821415 
2594 3821415 
2595 3821415 
2596 3821415 
2597 3821415 
2598 3821415 
2599 3821415 
2600 3821415 
2601 3821415 
2602 3821415 
2603 3821415 
2604 3821415 
2605 3821415 
2606 3821415 
2607 3821415 
2608 3821415 
2609 3821415 
2610 3821415 
2611 3821415 
2612 3821415 
2613 3821415 
2614 3821415 
2615 3821415 
2616 3821415 
2617 3821415 
2618 3821415 
2619 3821415 
2620 3821415 
2621 3821415 
2622 3821415 
2623 3821415 
2624 3821415 
2625 3821415 
2626 3821415 
2627 3821415 
2628 3821415 
2629 3821415 
2630 3821415 
2631 3821415 
2632 3821415 
2633 3821415 
2634 3821415 
2635 3821415 
2636 3821415 
2637 3821415 
2638 3821415 
2639 3821415 
2640 3821415 
2641 3821415 
2642 3821415 
2643 3821415 
2644 3821415 
2645 3821415 
2646 3821415 
2647 3821415 
2648 3821415 
2649 3821415 
2650 3821415 
2651 3821415 
2652 3821415 
2653 3821415 
2654 3821415 
2655 3821415 
2656 3821415 
2657 3821415 
2658 3821415 
2659 3821415 
2660 3821415 
2661 3821415 
2662 3821415 
2663 3821415 
2664 3821415 
2665 3821415 
2666 3821415 
2667 3821415 
2668 3821415 
2669 3821415 
2670 3821415 
2671 3821415 
2672 3821415 
2673 3821415 
2674 3821415 
2675 3821415 
2676 3821415 
2677 3821415 
2678 3821415 
2679 3821415 
2680 3821415 
2681 3821415 
2682 3821415 
2683 3821415 
2684 3821415 
2685 3821415 
2686 3821415 
2687 3821415 
2688 3821415 
2689 3821415 
2690 3821415 
2691 3821415 
2692 3821415 
2693 3821415 
2694 3821415 
2695 3821415 
2696 3821415 
2697 3821415 
2698 3821415 
2699 3821415 
2700 3821415 
2701 3821415 
2702 3821415 
2703 3821415 
2704 3821415 
2705 3821415 
2706 3821415 
2707 3821415 
2708 3821415 
2709 3821415 
2710 3821415 
2711 3821415 
2712 3821415 
2713 3821415 
2714 3821415 
2715 3821415 
2716 3821415 
2717 3821415 
2718 3821415 
2719 3821415 
2720 3821415 
2721 3821415 
2722 3821415 
2723 3821415 
2724 3821415 
2725 3821415 
2726 3821415 
2727 3821415 
2728 3821415 
2729 3821415 
2730 3821415 
2731 3821415 
2732 3821415 
2733 3821415 
2734 3821415 
2735 3821415 
2736 3821415 
2737 3821415 
2738 3821415 
2739 3821415 
2740 3821415 
2741 3821415 
2742 3821415 
2743 3821415 
2744 3821415 
2745 3821415 
2746 3821415 
2747 3821415 
2748 3821415 
2749 3821415 
2750 3821415 
2751 3821415 
2752 3821415 
2753 3821415 
2754 3821415 
2755 3821415 
2756 3821415 
2757 3821415 
2758 3821415 
2759 3821415 
2760 3821415 
2761 3821415 
2762 3821415 
2763 3821415 
2764 3821415 
2765 3821415 
2766 3821415 
2767 3821415 
2768 3821415 
2769 3821415 
2770 3821415 
2771 3821415 
2772 3821415 
2773 3821415 
2774 3821415 
2775 3821415 
2776 3821415 
2777 3821415 
2778 3821415 
2779 3821415 
2780 3821415 
2781 3821415 
2782 3821415 
2783 3821415 
2784 3821415 
2785 3821415 
2786 3821415 
2787 3821415 
2788 3821415 
2789 3821415 
2790 3821415 
2791 3821415 
2792 3821415 
2793 3821415 
2794 3821415 
2795 3821415 
2796 3821415 
2797 3821415 
2798 3821415 
2799 3821415 
2800 3821415 
2801 3821415 
2802 3821415 
2803 3821415 
2804 3821415 
2805 3821415 
2806 3821415 
2807 3821415 
2808 3821415 
2809 3821415 
2810 3821415 
2811 3821415 
2812 3821415 
2813 3821415 
2814 3821415 
2815 3821415 
2816 3821415 
2817 3821415 
2818 3821415 
2819 3821415 
2820 3821415 
2821 3821415 
2822 3821415 
2823 3821415 
2824 3821415 
2825 3821415 
2826 3821415 
2827 3821415 
2828 3821415 
2829 3821415 
2830 3821415 
2831 3821415 
2832 3821415 
2833 3821415 
2834 3821415 
2835 3821415 
2836 3821415 
2837 3821415 
2838 3821415 
2839 3821415 
2840 3821415 
2841 3821415 
2842 3821415 
2843 3821415 
2844 3821415 
2845 3821415 
2846 3821415 
2847 3821415 
2848 3821415 
2849 3821415 
2850 3821415 
2851 3821415 
2852 3821415 
2853 3821415 
2854 3821415 
2855 3821415 
2856 3821415 
2857 3821415 
2858 3821415 
2859 3821415 
2860 3821415 
2861 3821415 
2862 3821415 
2863 3821415 
2864 3821415 
2865 3821415 
2866 3821415 
2867 3821415 
2868 3821415 
2869 3821415 
2870 3821415 
2871 3821415 
2872 3821415 
2873 3821415 
2874 3821415 
2875 3821415 
2876 3821415 
2877 3821415 
2878 3821415 
2879 3821415 
2880 3821415 
2881 3821415 
2882 3821415 
2883 3821415 
2884 3821415 
2885 3821415 
2886 3821415 
2887 3821415 
2888 3821415 
2889 3821415 
2890 3821415 
2891 3821415 
2892 3821415 
2893 3821415 
2894 3821415 
2895 3821415 
2896 3821415 
2897 3821415 
2898 3821415 
2899 3821415 
2900 3821415 
2901 3821415 
2902 3821415 
2903 3821415 
2904 3821415 
2905 3821415 
2906 3821415 
2907 3821415 
2908 3821415 
2909 3821415 
2910 3821415 
2911 3821415 
2912 3821415 
2913 3821415 
2914 3821415 
2915 3821415 
2916 3821415 
2917 3821415 
2918 3821415 
2919 3821415 
2920 3821415 
2921 3821415 
2922 3821415 
2923 3821415 
2924 3821415 
2925 3821415 
2926 3821415 
2927 3821415 
2928 3821415 
2929 3821415 
2930 3821415 
2931 3821415 
2932 3821415 
2933 3821415 
2934 3821415 
2935 3821415 
2936 3821415 
2937 3821415 
2938 3821415 
2939 3821415 
2940 3821415 
2941 3821415 
2942 3821415 
2943 3821415 
2944 3821415 
2945 3821415 
2946 3821415 
2947 3821415 
2948 3821415 
2949 3821415 
2950 3821415 
2951 3821415 
2952 3821415 
2953 3821415 
2954 3821415 
2955 3821415 
2956 3821415 
2957 3821415 
2958 3821415 
2959 3821415 
2960 3821415 
2961 3821415 
2962 3821415 
2963 3821415 
2964 3821415 
2965 3821415 
2966 3821415 
2967 3821415 
2968 3821415 
2969 3821415 
2970 3821415 
2971 3821415 
2972 3821415 
2973 3821415 
2974 3821415 
2975 3821415 
2976 3821415 
2977 3821415 
2978 3821415 
2979 3821415 
2980 3821415 
2981 3821415 
2982 3821415 
2983 3821415 
2984 3821415 
2985 3821415 
2986 3821415 
2987 3821415 
2988 3821415 
2989 3821415 
2990 3821415 
2991 3821415 
2992 3821415 
2993 3821415 
2994 3821415 
2995 3821415 
2996 3821415 
2997 3821415 
2998 3821415 
2999 3821415 
3000 3821415 
3001 3821415 
3002 3821415 
3003 3821415 
3004 3821415 
3005 3821415 
3006 3821415 
3007 3821415 
3008 3821415 
3009 3821415 
3010 3821415 
3011 3821415 
3012 3821415 

