0 6051916 
1 6037236 
2 6036089 
3 6034577 
4 6030257 
5 6022450 
6 6022352 
7 5988812 
8 5985718 
9 5983363 
10 5979301 
11 5977715 
12 5973896 
13 5973849 
14 5973283 
15 5972665 
16 5971671 
17 5971643 
18 5971066 
19 5963716 
20 5963313 
21 5957408 
22 5957391 
23 5956940 
24 5956932 
25 5956834 
26 5956634 
27 5956576 
28 5956555 
29 5956555 
30 5956535 
31 5953315 
32 5937065 
33 5936881 
34 5936275 
35 5936105 
36 5936105 
37 5935814 
38 5935767 
39 5935215 
40 5922237 
41 5908760 
42 5907016 
43 5903171 
44 5903113 
45 5902928 
46 5902090 
47 5902085 
48 5901255 
49 5900872 
50 5900859 
51 5898454 
52 5895418 
53 5895380 
54 5895081 
55 5891571 
56 5888549 
57 5882859 
58 5881739 
59 5880498 
60 5878798 
61 5878656 
62 5878618 
63 5877990 
64 5876034 
65 5876034 
66 5875586 
67 5875320 
68 5875240 
69 5875224 
70 5875208 
71 5874508 
72 5874438 
73 5873123 
74 5872557 
75 5872235 
76 5871592 
77 5870890 
78 5868042 
79 5866066 
80 5866026 
81 5865360 
82 5864687 
83 5864103 
84 5863972 
85 5857672 
86 5857404 
87 5857284 
88 5856942 
89 5856276 
90 5855587 
91 5855404 
92 5855122 
93 5854983 
94 5850704 
95 5850479 
96 5845955 
97 5845919 
98 5840699 
99 5840098 
100 5839377 
101 5837028 
102 5834655 
103 5834615 
104 5834599 
105 5834419 
106 5834395 
107 5834288 
108 5834248 
109 5832740 
110 5802086 
111 5795165 
112 5792420 
113 5791730 
114 5791505 
115 5791387 
116 5791373 
117 5788453 
118 5788193 
119 5786864 
120 5783182 
121 5782496 
122 5782427 
123 5782384 
124 5782333 
125 5782213 
126 5781523 
127 5781386 
128 5781307 
129 5781288 
130 5781277 
131 5781208 
132 5780406 
133 5780393 
134 5778036 
135 5776154 
136 5776147 
137 5775829 
138 5775654 
139 5775335 
140 5775316 
141 5774909 
142 5774692 
143 5774643 
144 5774643 
145 5774631 
146 5774376 
147 5774363 
148 5770449 
149 5767277 
150 5767269 
151 5767212 
152 5747228 
153 5746274 
154 5737136 
155 5735693 
156 5731696 
157 5719039 
158 5718534 
159 5718415 
160 5717764 
161 5716846 
162 5716829 
163 5716077 
164 5715217 
165 5714834 
166 5714807 
167 5713446 
168 5713403 
169 5713187 
170 5712268 
171 5712219 
172 5711780 
173 5709388 
174 5709283 
175 5702483 
176 5701925 
177 5701880 
178 5701867 
179 5701277 
180 5700630 
181 5699798 
182 5699792 
183 5699687 
184 5699018 
185 5698814 
186 5698730 
187 5698590 
188 5698228 
189 5697365 
190 5695697 
191 5695645 
192 5695467 
193 5694868 
194 5694693 
195 5694690 
196 5694106 
197 5693942 
198 5693647 
199 5693514 
200 5693514 
201 5692708 
202 5691778 
203 5691679 
204 5691637 
205 5691618 
206 5691335 
207 5691234 
208 5690313 
209 5689975 
210 5689144 
211 5688177 
212 5687289 
213 5687221 
214 5686570 
215 5683941 
216 5683899 
217 5683658 
218 5683417 
219 5682954 
220 5681235 
221 5676591 
222 5675848 
223 5674209 
224 5673689 
225 5673658 
226 5673269 
227 5673100 
228 5672738 
229 5669466 
230 5659238 
231 5658502 
232 5649546 
233 5648633 
234 5647796 
235 5647452 
236 5646954 
237 5646704 
238 5639384 
239 5639095 
240 5639061 
241 5639031 
242 5639020 
243 5638685 
244 5628405 
245 5627205 
246 5618697 
247 5618600 
248 5617204 
249 5616812 
250 5616279 
251 5615689 
252 5613987 
253 5612442 
254 5610992 
255 5610973 
256 5610545 
257 5610065 
258 5609650 
259 5606699 
260 5606682 
261 5605652 
262 5604515 
263 5603280 
264 5602433 
265 5601545 
266 5601462 
267 5600273 
268 5600201 
269 5599836 
270 5599157 
271 5599040 
272 5591431 
273 5589949 
274 5589906 
275 5589906 
276 5587498 
277 5578255 
278 5575974 
279 5572600 
280 5571091 
281 5570370 
282 5569116 
283 5568215 
284 5566788 
285 5566634 
286 5566004 
287 5562184 
288 5561102 
289 5560686 
290 5556384 
291 5552314 
292 5552230 
293 5552026 
294 5547610 
295 5544630 
296 5542063 
297 5542024 
298 5539543 
299 5539514 
300 5537813 
301 5537625 
302 5535864 
303 5535787 
304 5535461 
305 5535447 
306 5535390 
307 5535143 
308 5535143 
309 5534896 
310 5534570 
311 5534508 
312 5534229 
313 5533515 
314 5524187 
315 5524032 
316 5522547 
317 5519628 
318 5517583 
319 5517060 
320 5515701 
321 5515217 
322 5514617 
323 5514536 
324 5509738 
325 5508396 
326 5508275 
327 5507316 
328 5507141 
329 5505835 
330 5505036 
331 5502035 
332 5501251 
333 5500869 
334 5496666 
335 5496485 
336 5496302 
337 5495854 
338 5495565 
339 5487583 
340 5486258 
341 5477963 
342 5477514 
343 5477327 
344 5476417 
345 5474812 
346 5473190 
347 5473092 
348 5473031 
349 5472999 
350 5472215 
351 5472181 
352 5472181 
353 5471670 
354 5471653 
355 5470690 
356 5470676 
357 5470361 
358 5469820 
359 5469574 
360 5469276 
361 5469271 
362 5469234 
363 5462694 
364 5462680 
365 5462216 
366 5461490 
367 5461489 
368 5461403 
369 5461010 
370 5460912 
371 5460494 
372 5458868 
373 5458847 
374 5458786 
375 5458754 
376 5458649 
377 5458501 
378 5457341 
379 5449085 
380 5448582 
381 5448492 
382 5448429 
383 5445717 
384 5444780 
385 5443097 
386 5442734 
387 5442633 
388 5442603 
389 5441797 
390 5441655 
391 5440520 
392 5440356 
393 5440356 
394 5439667 
395 5439512 
396 5439402 
397 5439323 
398 5437939 
399 5437883 
400 5436060 
401 5435996 
402 5435996 
403 5435713 
404 5435069 
405 5434986 
406 5434796 
407 5434796 
408 5434796 
409 5434471 
410 5434172 
411 5434133 
412 5434116 
413 5434070 
414 5433680 
415 5433579 
416 5433076 
417 5433053 
418 5433053 
419 5432754 
420 5432450 
421 5432450 
422 5432450 
423 5432450 
424 5431794 
425 5431787 
426 5431564 
427 5431225 
428 5431093 
429 5430552 
430 5430552 
431 5429942 
432 5429927 
433 5429927 
434 5429794 
435 5429228 
436 5429228 
437 5429224 
438 5429145 
439 5428605 
440 5428545 
441 5428545 
442 5427827 
443 5427827 
444 5427827 
445 5427826 
446 5427826 
447 5427826 
448 5427802 
449 5427802 
450 5427734 
451 5427734 
452 5427734 
453 5427734 
454 5427734 
455 5427734 
456 5427734 
457 5427734 
458 5427734 
459 5427734 
460 5427734 
461 5427734 
462 5427734 
463 5427734 
464 5427734 
465 5427734 
466 5427734 
467 5427734 
468 5427734 
469 5427734 
470 5427734 
471 5427734 
472 5427734 
473 5427734 
474 5427734 
475 5427734 
476 5427734 
477 5427734 
478 5427734 
479 5427734 
480 5427734 
481 5427734 
482 5427734 
483 5427734 
484 5427734 
485 5427734 
486 5427734 
487 5427734 
488 5427734 
489 5427734 
490 5427734 
491 5427734 
492 5427734 
493 5427734 
494 5427734 
495 5427734 
496 5427734 
497 5427734 
498 5427734 
499 5427734 
500 5427734 
501 5427734 
502 5427734 
503 5427734 
504 5427734 
505 5427734 
506 5427734 
507 5427734 
508 5427734 
509 5427734 
510 5427734 
511 5427734 
512 5427734 
513 5427734 
514 5427734 
515 5427734 
516 5427734 
517 5427734 
518 5427734 
519 5427734 
520 5427734 
521 5427734 
522 5427734 
523 5427734 
524 5427734 
525 5427734 
526 5427734 
527 5427734 
528 5427734 
529 5427734 
530 5427734 
531 5427734 
532 5427734 
533 5427734 
534 5427734 
535 5427734 
536 5427734 
537 5427734 
538 5427734 
539 5427734 
540 5427734 
541 5427734 
542 5427734 
543 5427734 
544 5427734 
545 5427734 
546 5427734 
547 5427734 
548 5427734 
549 5427734 
550 5427734 
551 5427734 
552 5427734 
553 5427734 
554 5427734 
555 5427734 
556 5427734 
557 5427734 
558 5427734 
559 5427734 
560 5427734 
561 5427734 
562 5427734 
563 5427734 
564 5427734 
565 5427734 
566 5427734 
567 5427734 
568 5427734 
569 5427734 
570 5427734 
571 5427734 
572 5427734 
573 5427734 
574 5427734 
575 5427734 
576 5427734 
577 5427734 
578 5427734 
579 5427734 
580 5427734 
581 5427734 
582 5427734 
583 5427734 
584 5427734 
585 5427734 
586 5427734 
587 5427734 
588 5427734 
589 5427734 
590 5427734 
591 5427734 
592 5427734 
593 5427734 
594 5427734 
595 5427734 
596 5427734 
597 5427734 
598 5427734 
599 5427734 
600 5427734 
601 5427734 
602 5427734 
603 5427734 
604 5427734 
605 5427734 
606 5427734 
607 5427734 
608 5427734 
609 5427734 
610 5427734 
611 5427734 
612 5427734 
613 5427734 
614 5427734 
615 5427734 
616 5427734 
617 5427734 
618 5427734 
619 5427734 
620 5427734 
621 5427734 
622 5427734 
623 5427734 
624 5427734 
625 5427734 
626 5427734 
627 5427734 
628 5427734 
629 5427734 
630 5427734 
631 5427734 
632 5427734 
633 5427734 
634 5427734 
635 5427734 
636 5427734 
637 5427734 
638 5427734 
639 5427734 
640 5427734 
641 5427734 
642 5427734 
643 5427734 
644 5427734 
645 5427734 
646 5427734 
647 5427734 
648 5427734 
649 5427734 
650 5427734 
651 5427734 
652 5427734 
653 5427734 
654 5427734 
655 5427734 
656 5427734 
657 5427734 
658 5427734 
659 5427734 
660 5427734 
661 5427734 
662 5427734 
663 5427734 
664 5427734 
665 5427734 
666 5427734 
667 5427734 
668 5427734 
669 5427734 
670 5427734 
671 5427734 
672 5427734 
673 5427734 
674 5427734 
675 5427734 
676 5427734 
677 5427734 
678 5427734 
679 5427734 
680 5427734 
681 5427734 
682 5427734 
683 5427734 
684 5427734 
685 5427734 
686 5427734 
687 5427734 
688 5427734 
689 5427734 
690 5427734 
691 5427734 
692 5427734 
693 5427734 
694 5427734 
695 5427734 
696 5427734 
697 5427734 
698 5427734 
699 5427734 
700 5427734 
701 5427734 
702 5427734 
703 5427734 
704 5427734 
705 5427734 
706 5427734 
707 5427734 
708 5427734 
709 5427734 
710 5427734 
711 5427734 
712 5427734 
713 5427734 
714 5427734 
715 5427734 
716 5427734 
717 5427734 
718 5427734 
719 5427734 
720 5427734 
721 5427734 
722 5427734 
723 5427734 
724 5427734 
725 5427734 
726 5427734 
727 5427734 
728 5427734 
729 5427734 
730 5427734 
731 5427734 
732 5427734 
733 5427734 
734 5427734 
735 5427734 
736 5427734 
737 5427734 
738 5427734 
739 5427734 
740 5427734 
741 5427734 
742 5427734 
743 5427734 
744 5427734 
745 5427734 
746 5427734 
747 5427734 
748 5427734 
749 5427734 
750 5427734 
751 5427734 
752 5427734 
753 5427734 
754 5427734 
755 5427734 
756 5427734 
757 5427734 
758 5427734 
759 5427734 
760 5427734 
761 5427734 
762 5427734 
763 5427734 
764 5427734 
765 5427734 
766 5427734 
767 5427734 
768 5427734 
769 5427734 
770 5427734 
771 5427734 
772 5427734 
773 5427734 
774 5427734 
775 5427734 
776 5427734 
777 5427734 
778 5427734 
779 5427734 
780 5427734 
781 5427734 
782 5427734 
783 5427734 
784 5427734 
785 5427734 
786 5427734 
787 5427734 
788 5427734 
789 5427734 
790 5427734 
791 5427734 
792 5427734 
793 5427734 
794 5427734 
795 5427734 
796 5427734 
797 5427734 
798 5427734 
799 5427734 
800 5427734 
801 5427734 
802 5427734 
803 5427734 
804 5427734 
805 5427734 
806 5427734 
807 5427734 
808 5427734 
809 5427734 
810 5427734 
811 5427734 
812 5427734 
813 5427734 
814 5427734 
815 5427734 
816 5427734 
817 5427734 
818 5427734 
819 5427734 
820 5427734 
821 5427734 
822 5427734 
823 5427734 
824 5427734 
825 5427734 
826 5427734 
827 5427734 
828 5427734 
829 5427734 
830 5427734 
831 5427734 
832 5427734 
833 5427734 
834 5427734 
835 5427734 
836 5427734 
837 5427734 
838 5427734 
839 5427734 
840 5427734 
841 5427734 
842 5427734 
843 5427734 
844 5427734 
845 5427734 
846 5427734 
847 5427734 
848 5427734 
849 5427734 
850 5427734 
851 5427734 
852 5427734 
853 5427734 
854 5427734 
855 5427734 
856 5427734 
857 5427734 
858 5427734 
859 5427734 
860 5427734 
861 5427734 
862 5427734 
863 5427734 
864 5427734 
865 5427734 
866 5427734 
867 5427734 
868 5427734 
869 5427734 
870 5427734 
871 5427734 
872 5427734 
873 5427734 
874 5427734 
875 5427734 
876 5427734 
877 5427734 
878 5427734 
879 5427734 
880 5427734 
881 5427734 
882 5427734 
883 5427734 
884 5427734 
885 5427734 
886 5427734 
887 5427734 
888 5427734 
889 5427734 
890 5427734 
891 5427734 
892 5427734 
893 5427734 
894 5427734 
895 5427734 
896 5427734 
897 5427734 
898 5427734 
899 5427734 
900 5427734 
901 5427734 
902 5427734 
903 5427734 
904 5427734 
905 5427734 
906 5427734 
907 5427734 
908 5427734 
909 5427734 
910 5427734 
911 5427734 
912 5427734 
913 5427734 
914 5427734 
915 5427734 
916 5427734 
917 5427734 
918 5427734 
919 5427734 
920 5427734 
921 5427734 
922 5427734 
923 5427734 
924 5427734 
925 5427734 
926 5427734 
927 5427734 
928 5427734 
929 5427734 
930 5427734 
931 5427734 
932 5427734 
933 5427734 
934 5427734 
935 5427734 
936 5427734 
937 5427734 
938 5427734 
939 5427734 
940 5427734 
941 5427734 
942 5427734 
943 5427734 
944 5427734 
945 5427734 
946 5427734 
947 5427734 
948 5427734 
949 5427734 
950 5427734 
951 5427734 
952 5427734 
953 5427734 
954 5427734 
955 5427734 
956 5427734 
957 5427734 
958 5427734 
959 5427734 
960 5427734 
961 5427734 
962 5427734 
963 5427734 
964 5427734 
965 5427734 
966 5427734 
967 5427734 
968 5427734 
969 5427734 
970 5427734 
971 5427734 
972 5427734 
973 5427734 
974 5427734 
975 5427734 
976 5427734 
977 5427734 
978 5427734 
979 5427734 
980 5427734 
981 5427734 
982 5427734 
983 5427734 
984 5427734 
985 5427734 
986 5427734 
987 5427734 
988 5427734 
989 5427734 
990 5427734 
991 5427734 
992 5427734 
993 5427734 
994 5427734 
995 5427734 
996 5427734 
997 5427734 
998 5427734 
999 5427734 
1000 5427734 
1001 5427734 
1002 5427734 
1003 5427734 
1004 5427734 
1005 5427734 
1006 5427734 
1007 5427734 
1008 5427734 
1009 5427734 
1010 5427734 
1011 5427734 
1012 5427734 
1013 5427734 
1014 5427734 
1015 5427734 
1016 5427734 
1017 5427734 
1018 5427734 
1019 5427734 
1020 5427734 
1021 5427734 
1022 5427734 
1023 5427734 
1024 5427734 
1025 5427734 
1026 5427734 
1027 5427734 
1028 5427734 
1029 5427734 
1030 5427734 
1031 5427734 
1032 5427734 
1033 5427734 
1034 5427734 
1035 5427734 
1036 5427734 
1037 5427734 
1038 5427734 
1039 5427734 
1040 5427734 
1041 5427734 
1042 5427734 
1043 5427734 
1044 5427734 
1045 5427734 
1046 5427734 
1047 5427734 
1048 5427734 
1049 5427734 
1050 5427734 
1051 5427734 
1052 5427734 
1053 5427734 
1054 5427734 
1055 5427734 
1056 5427734 
1057 5427734 
1058 5427734 
1059 5427734 
1060 5427734 
1061 5427734 
1062 5427734 
1063 5427734 
1064 5427734 
1065 5427734 
1066 5427734 
1067 5427734 
1068 5427734 
1069 5427734 
1070 5427734 
1071 5427734 
1072 5427734 
1073 5427734 
1074 5427734 
1075 5427734 
1076 5427734 
1077 5427734 
1078 5427734 
1079 5427734 
1080 5427734 
1081 5427734 
1082 5427734 
1083 5427734 
1084 5427734 
1085 5427734 
1086 5427734 
1087 5427734 
1088 5427734 
1089 5427734 
1090 5427734 
1091 5427734 
1092 5427734 
1093 5427734 
1094 5427734 
1095 5427734 
1096 5427734 
1097 5427734 
1098 5427734 
1099 5427734 
1100 5427734 
1101 5427734 
1102 5427734 
1103 5427734 
1104 5427734 
1105 5427734 
1106 5427734 
1107 5427734 
1108 5427734 
1109 5427734 
1110 5427734 
1111 5427734 
1112 5427734 
1113 5427734 
1114 5427734 
1115 5427734 
1116 5427734 
1117 5427734 
1118 5427734 
1119 5427734 
1120 5427734 
1121 5427734 
1122 5427734 
1123 5427734 
1124 5427734 
1125 5427734 
1126 5427734 
1127 5427734 
1128 5427734 
1129 5427734 
1130 5427734 
1131 5427734 
1132 5427734 
1133 5427734 
1134 5427734 
1135 5427734 
1136 5427734 
1137 5427734 
1138 5427734 
1139 5427734 
1140 5427734 
1141 5427734 
1142 5427734 
1143 5427734 
1144 5427734 
1145 5427734 
1146 5427734 
1147 5427734 
1148 5427734 
1149 5427734 
1150 5427734 
1151 5427734 
1152 5427734 
1153 5427734 
1154 5427734 
1155 5427734 
1156 5427734 
1157 5427734 
1158 5427734 
1159 5427734 
1160 5427734 
1161 5427734 
1162 5427734 
1163 5427734 
1164 5427734 
1165 5427734 
1166 5427734 
1167 5427734 
1168 5427734 
1169 5427734 
1170 5427734 
1171 5427734 
1172 5427734 
1173 5427734 
1174 5427734 
1175 5427734 
1176 5427734 
1177 5427734 
1178 5427734 
1179 5427734 
1180 5427734 
1181 5427734 
1182 5427734 
1183 5427734 
1184 5427734 
1185 5427734 
1186 5427734 
1187 5427734 
1188 5427734 
1189 5427734 
1190 5427734 
1191 5427734 
1192 5427734 
1193 5427734 
1194 5427734 
1195 5427734 
1196 5427734 
1197 5427734 
1198 5427734 
1199 5427734 
1200 5427734 
1201 5427734 
1202 5427734 
1203 5427734 
1204 5427734 
1205 5427734 
1206 5427734 
1207 5427734 
1208 5427734 
1209 5427734 
1210 5427734 
1211 5427734 
1212 5427734 
1213 5427734 
1214 5427734 
1215 5427734 
1216 5427734 
1217 5427734 
1218 5427734 
1219 5427734 
1220 5427734 
1221 5427734 
1222 5427734 
1223 5427734 
1224 5427734 
1225 5427734 
1226 5427734 
1227 5427734 
1228 5427734 
1229 5427734 
1230 5427734 
1231 5427734 
1232 5427734 
1233 5427734 
1234 5427734 
1235 5427734 
1236 5427734 
1237 5427734 
1238 5427734 
1239 5427734 
1240 5427734 
1241 5427734 
1242 5427734 
1243 5427734 
1244 5427734 
1245 5427734 
1246 5427734 
1247 5427734 
1248 5427734 
1249 5427734 
1250 5427734 
1251 5427734 
1252 5427734 
1253 5427734 
1254 5427734 
1255 5427734 
1256 5427734 
1257 5427734 
1258 5427734 
1259 5427734 
1260 5427734 
1261 5427734 
1262 5427734 
1263 5427734 
1264 5427734 
1265 5427734 
1266 5427734 
1267 5427734 
1268 5427734 
1269 5427734 
1270 5427734 
1271 5427734 
1272 5427734 
1273 5427734 
1274 5427734 
1275 5427734 
1276 5427734 
1277 5427734 
1278 5427734 
1279 5427734 
1280 5427734 
1281 5427734 
1282 5427734 
1283 5427734 
1284 5427734 
1285 5427734 
1286 5427734 
1287 5427734 
1288 5427734 
1289 5427734 
1290 5427734 
1291 5427734 
1292 5427734 
1293 5427734 
1294 5427734 
1295 5427734 
1296 5427734 
1297 5427734 
1298 5427734 
1299 5427734 
1300 5427734 
1301 5427734 
1302 5427734 
1303 5427734 
1304 5427734 
1305 5427734 
1306 5427734 
1307 5427734 
1308 5427734 
1309 5427734 
1310 5427734 
1311 5427734 
1312 5427734 
1313 5427734 
1314 5427734 
1315 5427734 
1316 5427734 
1317 5427734 
1318 5427734 
1319 5427734 
1320 5427734 
1321 5427734 
1322 5427734 
1323 5427734 
1324 5427734 
1325 5427734 
1326 5427734 
1327 5427734 
1328 5427734 
1329 5427734 
1330 5427734 
1331 5427734 
1332 5427734 
1333 5427734 
1334 5427734 
1335 5427734 
1336 5427734 
1337 5427734 
1338 5427734 
1339 5427734 
1340 5427734 
1341 5427734 
1342 5427734 
1343 5427734 
1344 5427734 
1345 5427734 
1346 5427734 
1347 5427734 
1348 5427734 
1349 5427734 
1350 5427734 
1351 5427734 
1352 5427734 
1353 5427734 
1354 5427734 
1355 5427734 
1356 5427734 
1357 5427734 
1358 5427734 
1359 5427734 
1360 5427734 
1361 5427734 
1362 5427734 
1363 5427734 
1364 5427734 
1365 5427734 
1366 5427734 
1367 5427734 
1368 5427734 
1369 5427734 
1370 5427734 
1371 5427734 
1372 5427734 
1373 5427734 
1374 5427734 
1375 5427734 
1376 5427734 
1377 5427734 
1378 5427734 
1379 5427734 
1380 5427734 
1381 5427734 
1382 5427734 
1383 5427734 
1384 5427734 
1385 5427734 
1386 5427734 
1387 5427734 
1388 5427734 
1389 5427734 
1390 5427734 
1391 5427734 
1392 5427734 
1393 5427734 
1394 5427734 
1395 5427734 
1396 5427734 
1397 5427734 
1398 5427734 
1399 5427734 
1400 5427734 
1401 5427734 
1402 5427734 
1403 5427734 
1404 5427734 
1405 5427734 
1406 5427734 
1407 5427734 
1408 5427734 
1409 5427734 
1410 5427734 
1411 5427734 
1412 5427734 
1413 5427734 
1414 5427734 
1415 5427734 
1416 5427734 
1417 5427734 
1418 5427734 
1419 5427734 
1420 5427734 
1421 5427734 
1422 5427734 
1423 5427734 
1424 5427734 
1425 5427734 
1426 5427734 
1427 5427734 
1428 5427734 
1429 5427734 
1430 5427734 
1431 5427734 
1432 5427734 
1433 5427734 
1434 5427734 
1435 5427734 
1436 5427734 
1437 5427734 
1438 5427734 
1439 5427734 
1440 5427734 
1441 5427734 
1442 5427734 
1443 5427734 
1444 5427734 
1445 5427734 
1446 5427734 
1447 5427734 
1448 5427734 
1449 5427734 
1450 5427734 
1451 5427734 
1452 5427734 
1453 5427734 
1454 5427734 
1455 5427734 
1456 5427734 
1457 5427734 
1458 5427734 
1459 5427734 
1460 5427734 
1461 5427734 
1462 5427734 
1463 5427734 
1464 5427734 
1465 5427734 
1466 5427734 
1467 5427734 
1468 5427734 
1469 5427734 
1470 5427734 
1471 5427734 
1472 5427734 
1473 5427734 
1474 5427734 
1475 5427734 
1476 5427734 
1477 5427734 
1478 5427734 
1479 5427734 
1480 5427734 
1481 5427734 
1482 5427734 
1483 5427734 
1484 5427734 
1485 5427734 
1486 5427734 
1487 5427734 
1488 5427734 
1489 5427734 
1490 5427734 
1491 5427734 
1492 5427734 
1493 5427734 
1494 5427734 
1495 5427734 
1496 5427734 
1497 5427734 
1498 5427734 
1499 5427734 
1500 5427734 
1501 5427734 
1502 5427734 
1503 5427734 
1504 5427734 
1505 5427734 
1506 5427734 
1507 5427734 
1508 5427734 
1509 5427734 
1510 5427734 
1511 5427734 
1512 5427734 
1513 5427734 
1514 5427734 
1515 5427734 
1516 5427734 
1517 5427734 
1518 5427734 
1519 5427734 
1520 5427734 
1521 5427734 
1522 5427734 
1523 5427734 
1524 5427734 
1525 5427734 
1526 5427734 
1527 5427734 
1528 5427734 
1529 5427734 
1530 5427734 
1531 5427734 
1532 5427734 
1533 5427734 
1534 5427734 
1535 5427734 
1536 5427734 
1537 5427734 
1538 5427734 
1539 5427734 
1540 5427734 
1541 5427734 
1542 5427734 
1543 5427734 
1544 5427734 
1545 5427734 
1546 5427734 
1547 5427734 
1548 5427734 
1549 5427734 
1550 5427734 
1551 5427734 
1552 5427734 
1553 5427734 
1554 5427734 
1555 5427734 
1556 5427734 
1557 5427734 
1558 5427734 
1559 5427734 
1560 5427734 
1561 5427734 
1562 5427734 
1563 5427734 
1564 5427734 
1565 5427734 
1566 5427734 
1567 5427734 
1568 5427734 
1569 5427734 
1570 5427734 
1571 5427734 
1572 5427734 
1573 5427734 
1574 5427734 
1575 5427734 
1576 5427734 
1577 5427734 
1578 5427734 
1579 5427734 
1580 5427734 
1581 5427734 
1582 5427734 
1583 5427734 
1584 5427734 
1585 5427734 
1586 5427734 
1587 5427734 
1588 5427734 
1589 5427734 
1590 5427734 
1591 5427734 
1592 5427734 
1593 5427734 
1594 5427734 
1595 5427734 
1596 5427734 
1597 5427734 
1598 5427734 
1599 5427734 
1600 5427734 
1601 5427734 
1602 5427734 
1603 5427734 
1604 5427734 
1605 5427734 
1606 5427734 
1607 5427734 
1608 5427734 
1609 5427734 
1610 5427734 
1611 5427734 
1612 5427734 
1613 5427734 
1614 5427734 
1615 5427734 
1616 5427734 
1617 5427734 
1618 5427734 
1619 5427734 
1620 5427734 
1621 5427734 
1622 5427734 
1623 5427734 
1624 5427734 
1625 5427734 
1626 5427734 
1627 5427734 
1628 5427734 
1629 5427734 
1630 5427734 
1631 5427734 
1632 5427734 
1633 5427734 
1634 5427734 
1635 5427734 
1636 5427734 
1637 5427734 
1638 5427734 
1639 5427734 
1640 5427734 
1641 5427734 
1642 5427734 
1643 5427734 
1644 5427734 
1645 5427734 
1646 5427734 
1647 5427734 
1648 5427734 
1649 5427734 
1650 5427734 
1651 5427734 
1652 5427734 
1653 5427734 
1654 5427734 
1655 5427734 
1656 5427734 
1657 5427734 
1658 5427734 
1659 5427734 
1660 5427734 
1661 5427734 
1662 5427734 
1663 5427734 
1664 5427734 
1665 5427734 
1666 5427734 
1667 5427734 
1668 5427734 
1669 5427734 
1670 5427734 
1671 5427734 
1672 5427734 
1673 5427734 
1674 5427734 
1675 5427734 
1676 5427734 
1677 5427734 
1678 5427734 
1679 5427734 
1680 5427734 
1681 5427734 
1682 5427734 
1683 5427734 
1684 5427734 
1685 5427734 
1686 5427734 
1687 5427734 
1688 5427734 
1689 5427734 
1690 5427734 
1691 5427734 
1692 5427734 
1693 5427734 
1694 5427734 
1695 5427734 
1696 5427734 
1697 5427734 
1698 5427734 
1699 5427734 
1700 5427734 
1701 5427734 
1702 5427734 
1703 5427734 
1704 5427734 
1705 5427734 
1706 5427734 
1707 5427734 
1708 5427734 
1709 5427734 
1710 5427734 
1711 5427734 
1712 5427734 
1713 5427734 
1714 5427734 
1715 5427734 
1716 5427734 
1717 5427734 
1718 5427734 
1719 5427734 
1720 5427734 
1721 5427734 
1722 5427734 
1723 5427734 
1724 5427734 
1725 5427734 
1726 5427734 
1727 5427734 
1728 5427734 
1729 5427734 
1730 5427734 
1731 5427734 
1732 5427734 
1733 5427734 
1734 5427734 
1735 5427734 
1736 5427734 
1737 5427734 
1738 5427734 
1739 5427734 
1740 5427734 
1741 5427734 
1742 5427734 
1743 5427734 
1744 5427734 
1745 5427734 
1746 5427734 
1747 5427734 
1748 5427734 
1749 5427734 
1750 5427734 
1751 5427734 
1752 5427734 
1753 5427734 
1754 5427734 
1755 5427734 
1756 5427734 
1757 5427734 
1758 5427734 
1759 5427734 
1760 5427734 
1761 5427734 
1762 5427734 
1763 5427734 
1764 5427734 
1765 5427734 
1766 5427734 
1767 5427734 
1768 5427734 
1769 5427734 
1770 5427734 
1771 5427734 
1772 5427734 
1773 5427734 
1774 5427734 
1775 5427734 
1776 5427734 
1777 5427734 
1778 5427734 
1779 5427734 
1780 5427734 
1781 5427734 
1782 5427734 
1783 5427734 
1784 5427734 
1785 5427734 
1786 5427734 
1787 5427734 
1788 5427734 
1789 5427734 
1790 5427734 
1791 5427734 
1792 5427734 
1793 5427734 
1794 5427734 
1795 5427734 
1796 5427734 
1797 5427734 
1798 5427734 
1799 5427734 
1800 5427734 
1801 5427734 
1802 5427734 
1803 5427734 
1804 5427734 
1805 5427734 
1806 5427734 
1807 5427734 
1808 5427734 
1809 5427734 
1810 5427734 
1811 5427734 
1812 5427734 
1813 5427734 
1814 5427734 
1815 5427734 
1816 5427734 
1817 5427734 
1818 5427734 
1819 5427734 
1820 5427734 
1821 5427734 
1822 5427734 
1823 5427734 
1824 5427734 
1825 5427734 
1826 5427734 
1827 5427734 
1828 5427734 
1829 5427734 
1830 5427734 
1831 5427734 
1832 5427734 
1833 5427734 
1834 5427734 
1835 5427734 
1836 5427734 
1837 5427734 
1838 5427734 
1839 5427734 
1840 5427734 
1841 5427734 
1842 5427734 
1843 5427734 
1844 5427734 
1845 5427734 
1846 5427734 
1847 5427734 
1848 5427734 
1849 5427734 
1850 5427734 
1851 5427734 
1852 5427734 
1853 5427734 
1854 5427734 
1855 5427734 
1856 5427734 
1857 5427734 
1858 5427734 
1859 5427734 
1860 5427734 
1861 5427734 
1862 5427734 
1863 5427734 
1864 5427734 
1865 5427734 
1866 5427734 
1867 5427734 
1868 5427734 
1869 5427734 
1870 5427734 
1871 5427734 
1872 5427734 
1873 5427734 
1874 5427734 
1875 5427734 
1876 5427734 
1877 5427734 
1878 5427734 
1879 5427734 
1880 5427734 
1881 5427734 
1882 5427734 
1883 5427734 
1884 5427734 
1885 5427734 
1886 5427734 
1887 5427734 
1888 5427734 
1889 5427734 
1890 5427734 
1891 5427734 
1892 5427734 
1893 5427734 
1894 5427734 
1895 5427734 
1896 5427734 
1897 5427734 
1898 5427734 
1899 5427734 
1900 5427734 
1901 5427734 
1902 5427734 
1903 5427734 
1904 5427734 
1905 5427734 
1906 5427734 
1907 5427734 
1908 5427734 
1909 5427734 
1910 5427734 
1911 5427734 
1912 5427734 
1913 5427734 
1914 5427734 
1915 5427734 
1916 5427734 
1917 5427734 
1918 5427734 
1919 5427734 
1920 5427734 
1921 5427734 
1922 5427734 
1923 5427734 
1924 5427734 
1925 5427734 
1926 5427734 
1927 5427734 
1928 5427734 
1929 5427734 
1930 5427734 
1931 5427734 
1932 5427734 
1933 5427734 
1934 5427734 
1935 5427734 
1936 5427734 
1937 5427734 
1938 5427734 
1939 5427734 
1940 5427734 
1941 5427734 
1942 5427734 
1943 5427734 
1944 5427734 
1945 5427734 
1946 5427734 
1947 5427734 
1948 5427734 
1949 5427734 
1950 5427734 
1951 5427734 
1952 5427734 
1953 5427734 
1954 5427734 
1955 5427734 
1956 5427734 
1957 5427734 
1958 5427734 
1959 5427734 
1960 5427734 
1961 5427734 
1962 5427734 
1963 5427734 
1964 5427734 
1965 5427734 
1966 5427734 
1967 5427734 
1968 5427734 
1969 5427734 
1970 5427734 
1971 5427734 
1972 5427734 
1973 5427734 
1974 5427734 
1975 5427734 
1976 5427734 
1977 5427734 
1978 5427734 
1979 5427734 
1980 5427734 
1981 5427734 
1982 5427734 
1983 5427734 
1984 5427734 
1985 5427734 
1986 5427734 
1987 5427734 
1988 5427734 
1989 5427734 
1990 5427734 
1991 5427734 
1992 5427734 
1993 5427734 
1994 5427734 
1995 5427734 
1996 5427734 
1997 5427734 
1998 5427734 
1999 5427734 
2000 5427734 
2001 5427734 
2002 5427734 
2003 5427734 
2004 5427734 
2005 5427734 
2006 5427734 
2007 5427734 
2008 5427734 
2009 5427734 
2010 5427734 
2011 5427734 
2012 5427734 
2013 5427734 
2014 5427734 
2015 5427734 
2016 5427734 
2017 5427734 
2018 5427734 
2019 5427734 
2020 5427734 
2021 5427734 
2022 5427734 
2023 5427734 
2024 5427734 
2025 5427734 
2026 5427734 
2027 5427734 
2028 5427734 
2029 5427734 
2030 5427734 
2031 5427734 
2032 5427734 
2033 5427734 
2034 5427734 
2035 5427734 
2036 5427734 
2037 5427734 
2038 5427734 
2039 5427734 
2040 5427734 
2041 5427734 
2042 5427734 
2043 5427734 
2044 5427734 
2045 5427734 
2046 5427734 
2047 5427734 
2048 5427734 
2049 5427734 
2050 5427734 
2051 5427734 
2052 5427734 
2053 5427734 
2054 5427734 
2055 5427734 
2056 5427734 
2057 5427734 
2058 5427734 
2059 5427734 
2060 5427734 
2061 5427734 
2062 5427734 
2063 5427734 
2064 5427734 
2065 5427734 
2066 5427734 
2067 5427734 
2068 5427734 
2069 5427734 
2070 5427734 
2071 5427734 
2072 5427734 
2073 5427734 
2074 5427734 
2075 5427734 
2076 5427734 
2077 5427734 
2078 5427734 
2079 5427734 
2080 5427734 
2081 5427734 
2082 5427734 
2083 5427734 
2084 5427734 
2085 5427734 
2086 5427734 
2087 5427734 
2088 5427734 
2089 5427734 
2090 5427734 
2091 5427734 
2092 5427734 
2093 5427734 
2094 5427734 
2095 5427734 
2096 5427734 
2097 5427734 
2098 5427734 
2099 5427734 
2100 5427734 
2101 5427734 
2102 5427734 
2103 5427734 
2104 5427734 
2105 5427734 
2106 5427734 
2107 5427734 
2108 5427734 
2109 5427734 
2110 5427734 
2111 5427734 
2112 5427734 
2113 5427734 
2114 5427734 
2115 5427734 
2116 5427734 
2117 5427734 
2118 5427734 
2119 5427734 
2120 5427734 
2121 5427734 
2122 5427734 
2123 5427734 
2124 5427734 
2125 5427734 
2126 5427734 
2127 5427734 
2128 5427734 
2129 5427734 
2130 5427734 
2131 5427734 
2132 5427734 
2133 5427734 
2134 5427734 
2135 5427734 
2136 5427734 
2137 5427734 
2138 5427734 
2139 5427734 
2140 5427734 
2141 5427734 
2142 5427734 
2143 5427734 
2144 5427734 
2145 5427734 
2146 5427734 
2147 5427734 
2148 5427734 
2149 5427734 
2150 5427734 
2151 5427734 
2152 5427734 
2153 5427734 
2154 5427734 
2155 5427734 
2156 5427734 
2157 5427734 
2158 5427734 
2159 5427734 
2160 5427734 
2161 5427734 
2162 5427734 
2163 5427734 
2164 5427734 
2165 5427734 
2166 5427734 
2167 5427734 
2168 5427734 
2169 5427734 
2170 5427734 
2171 5427734 
2172 5427734 
2173 5427734 
2174 5427734 
2175 5427734 
2176 5427734 
2177 5427734 
2178 5427734 
2179 5427734 
2180 5427734 
2181 5427734 
2182 5427734 
2183 5427734 
2184 5427734 
2185 5427734 
2186 5427734 
2187 5427734 
2188 5427734 
2189 5427734 
2190 5427734 
2191 5427734 
2192 5427734 
2193 5427734 
2194 5427734 
2195 5427734 
2196 5427734 
2197 5427734 
2198 5427734 
2199 5427734 
2200 5427734 
2201 5427734 
2202 5427734 
2203 5427734 
2204 5427734 
2205 5427734 
2206 5427734 
2207 5427734 
2208 5427734 
2209 5427734 
2210 5427734 
2211 5427734 
2212 5427734 
2213 5427734 
2214 5427734 
2215 5427734 
2216 5427734 
2217 5427734 
2218 5427734 
2219 5427734 
2220 5427734 
2221 5427734 
2222 5427734 
2223 5427734 
2224 5427734 
2225 5427734 
2226 5427734 
2227 5427734 
2228 5427734 
2229 5427734 
2230 5427734 
2231 5427734 
2232 5427734 
2233 5427734 
2234 5427734 
2235 5427734 
2236 5427734 
2237 5427734 
2238 5427734 
2239 5427734 
2240 5427734 
2241 5427734 
2242 5427734 
2243 5427734 
2244 5427734 
2245 5427734 
2246 5427734 
2247 5427734 
2248 5427734 
2249 5427734 
2250 5427734 
2251 5427734 
2252 5427734 
2253 5427734 
2254 5427734 
2255 5427734 
2256 5427734 
2257 5427734 
2258 5427734 
2259 5427734 
2260 5427734 
2261 5427734 
2262 5427734 
2263 5427734 
2264 5427734 
2265 5427734 
2266 5427734 
2267 5427734 
2268 5427734 
2269 5427734 
2270 5427734 
2271 5427734 
2272 5427734 
2273 5427734 
2274 5427734 
2275 5427734 
2276 5427734 
2277 5427734 
2278 5427734 
2279 5427734 
2280 5427734 
2281 5427734 
2282 5427734 
2283 5427734 
2284 5427734 
2285 5427734 
2286 5427734 
2287 5427734 
2288 5427734 
2289 5427734 
2290 5427734 
2291 5427734 
2292 5427734 
2293 5427734 
2294 5427734 
2295 5427734 
2296 5427734 
2297 5427734 
2298 5427734 
2299 5427734 
2300 5427734 
2301 5427734 
2302 5427734 
2303 5427734 
2304 5427734 
2305 5427734 
2306 5427734 
2307 5427734 
2308 5427734 
2309 5427734 
2310 5427734 
2311 5427734 
2312 5427734 
2313 5427734 
2314 5427734 
2315 5427734 
2316 5427734 
2317 5427734 
2318 5427734 
2319 5427734 
2320 5427734 
2321 5427734 
2322 5427734 
2323 5427734 
2324 5427734 
2325 5427734 
2326 5427734 
2327 5427734 
2328 5427734 
2329 5427734 
2330 5427734 
2331 5427734 
2332 5427734 
2333 5427734 
2334 5427734 
2335 5427734 
2336 5427734 
2337 5427734 
2338 5427734 
2339 5427734 
2340 5427734 
2341 5427734 
2342 5427734 
2343 5427734 
2344 5427734 
2345 5427734 
2346 5427734 
2347 5427734 
2348 5427734 
2349 5427734 
2350 5427734 
2351 5427734 
2352 5427734 
2353 5427734 
2354 5427734 
2355 5427734 
2356 5427734 
2357 5427734 
2358 5427734 
2359 5427734 
2360 5427734 
2361 5427734 
2362 5427734 
2363 5427734 
2364 5427734 
2365 5427734 
2366 5427734 
2367 5427734 
2368 5427734 
2369 5427734 
2370 5427734 
2371 5427734 
2372 5427734 
2373 5427734 
2374 5427734 
2375 5427734 
2376 5427734 
2377 5427734 
2378 5427734 
2379 5427734 
2380 5427734 
2381 5427734 
2382 5427734 
2383 5427734 
2384 5427734 
2385 5427734 
2386 5427734 
2387 5427734 
2388 5427734 
2389 5427734 
2390 5427734 
2391 5427734 
2392 5427734 
2393 5427734 
2394 5427734 
2395 5427734 
2396 5427734 
2397 5427734 
2398 5427734 
2399 5427734 
2400 5427734 
2401 5427734 
2402 5427734 
2403 5427734 
2404 5427734 
2405 5427734 
2406 5427734 
2407 5427734 
2408 5427734 
2409 5427734 
2410 5427734 
2411 5427734 
2412 5427734 
2413 5427734 
2414 5427734 
2415 5427734 
2416 5427734 
2417 5427734 
2418 5427734 
2419 5427734 
2420 5427734 
2421 5427734 
2422 5427734 
2423 5427734 
2424 5427734 
2425 5427734 
2426 5427734 
2427 5427734 
2428 5427734 
2429 5427734 
2430 5427734 
2431 5427734 
2432 5427734 
2433 5427734 
2434 5427734 
2435 5427734 
2436 5427734 
2437 5427734 
2438 5427734 
2439 5427734 
2440 5427734 
2441 5427734 
2442 5427734 
2443 5427734 
2444 5427734 
2445 5427734 
2446 5427734 
2447 5427734 
2448 5427734 
2449 5427734 
2450 5427734 
2451 5427734 
2452 5427734 
2453 5427734 
2454 5427734 
2455 5427734 
2456 5427734 
2457 5427734 
2458 5427734 
2459 5427734 
2460 5427734 
2461 5427734 
2462 5427734 
2463 5427734 
2464 5427734 
2465 5427734 
2466 5427734 
2467 5427734 
2468 5427734 
2469 5427734 
2470 5427734 
2471 5427734 
2472 5427734 
2473 5427734 
2474 5427734 
2475 5427734 
2476 5427734 
2477 5427734 
2478 5427734 
2479 5427734 
2480 5427734 
2481 5427734 
2482 5427734 
2483 5427734 
2484 5427734 
2485 5427734 
2486 5427734 
2487 5427734 
2488 5427734 
2489 5427734 
2490 5427734 
2491 5427734 
2492 5427734 
2493 5427734 
2494 5427734 
2495 5427734 
2496 5427734 
2497 5427734 
2498 5427734 
2499 5427734 
2500 5427734 
2501 5427734 
2502 5427734 
2503 5427734 
2504 5427734 
2505 5427734 
2506 5427734 
2507 5427734 
2508 5427734 
2509 5427734 
2510 5427734 
2511 5427734 
2512 5427734 
2513 5427734 
2514 5427734 
2515 5427734 
2516 5427734 
2517 5427734 
2518 5427734 
2519 5427734 
2520 5427734 
2521 5427734 
2522 5427734 
2523 5427734 
2524 5427734 
2525 5427734 
2526 5427734 
2527 5427734 
2528 5427734 
2529 5427734 
2530 5427734 
2531 5427734 
2532 5427734 
2533 5427734 
2534 5427734 
2535 5427734 
2536 5427734 
2537 5427734 
2538 5427734 
2539 5427734 
2540 5427734 
2541 5427734 
2542 5427734 
2543 5427734 
2544 5427734 
2545 5427734 
2546 5427734 
2547 5427734 
2548 5427734 
2549 5427734 
2550 5427734 
2551 5427734 
2552 5427734 
2553 5427734 
2554 5427734 
2555 5427734 
2556 5427734 
2557 5427734 
2558 5427734 
2559 5427734 
2560 5427734 
2561 5427734 
2562 5427734 
2563 5427734 
2564 5427734 
2565 5427734 
2566 5427734 
2567 5427734 
2568 5427734 
2569 5427734 
2570 5427734 
2571 5427734 
2572 5427734 
2573 5427734 
2574 5427734 
2575 5427734 
2576 5427734 
2577 5427734 
2578 5427734 
2579 5427734 
2580 5427734 
2581 5427734 
2582 5427734 
2583 5427734 
2584 5427734 
2585 5427734 
2586 5427734 
2587 5427734 
2588 5427734 
2589 5427734 
2590 5427734 
2591 5427734 
2592 5427734 
2593 5427734 
2594 5427734 
2595 5427734 
2596 5427734 
2597 5427734 
2598 5427734 
2599 5427734 
2600 5427734 
2601 5427734 
2602 5427734 
2603 5427734 
2604 5427734 
2605 5427734 
2606 5427734 
2607 5427734 
2608 5427734 
2609 5427734 
2610 5427734 
2611 5427734 
2612 5427734 
2613 5427734 
2614 5427734 
2615 5427734 
2616 5427734 
2617 5427734 
2618 5427734 
2619 5427734 
2620 5427734 
2621 5427734 
2622 5427734 
2623 5427734 
2624 5427734 
2625 5427734 
2626 5427734 
2627 5427734 
2628 5427734 
2629 5427734 
2630 5427734 
2631 5427734 
2632 5427734 
2633 5427734 
2634 5427734 
2635 5427734 
2636 5427734 
2637 5427734 
2638 5427734 
2639 5427734 
2640 5427734 
2641 5427734 
2642 5427734 
2643 5427734 
2644 5427734 
2645 5427734 
2646 5427734 
2647 5427734 
2648 5427734 
2649 5427734 
2650 5427734 
2651 5427734 
2652 5427734 
2653 5427734 
2654 5427734 
2655 5427734 
2656 5427734 
2657 5427734 
2658 5427734 
2659 5427734 
2660 5427734 
2661 5427734 
2662 5427734 
2663 5427734 
2664 5427734 
2665 5427734 
2666 5427734 
2667 5427734 
2668 5427734 
2669 5427734 
2670 5427734 
2671 5427734 
2672 5427734 
2673 5427734 
2674 5427734 
2675 5427734 
2676 5427734 
2677 5427734 
2678 5427734 
2679 5427734 
2680 5427734 
2681 5427734 
2682 5427734 
2683 5427734 
2684 5427734 
2685 5427734 
2686 5427734 
2687 5427734 
2688 5427734 
2689 5427734 
2690 5427734 
2691 5427734 
2692 5427734 
2693 5427734 
2694 5427734 
2695 5427734 
2696 5427734 
2697 5427734 
2698 5427734 
2699 5427734 
2700 5427734 
2701 5427734 
2702 5427734 
2703 5427734 
2704 5427734 
2705 5427734 
2706 5427734 
2707 5427734 
2708 5427734 
2709 5427734 
2710 5427734 
2711 5427734 
2712 5427734 
2713 5427734 
2714 5427734 
2715 5427734 
2716 5427734 
2717 5427734 
2718 5427734 
2719 5427734 
2720 5427734 
2721 5427734 
2722 5427734 
2723 5427734 
2724 5427734 
2725 5427734 
2726 5427734 
2727 5427734 
2728 5427734 
2729 5427734 
2730 5427734 
2731 5427734 
2732 5427734 
2733 5427734 
2734 5427734 
2735 5427734 
2736 5427734 
2737 5427734 
2738 5427734 
2739 5427734 
2740 5427734 
2741 5427734 
2742 5427734 
2743 5427734 
2744 5427734 
2745 5427734 
2746 5427734 
2747 5427734 
2748 5427734 
2749 5427734 
2750 5427734 
2751 5427734 
2752 5427734 
2753 5427734 
2754 5427734 
2755 5427734 
2756 5427734 
2757 5427734 
2758 5427734 
2759 5427734 
2760 5427734 
2761 5427734 
2762 5427734 
2763 5427734 
2764 5427734 
2765 5427734 
2766 5427734 
2767 5427734 
2768 5427734 
2769 5427734 
2770 5427734 
2771 5427734 
2772 5427734 
2773 5427734 
2774 5427734 
2775 5427734 
2776 5427734 
2777 5427734 
2778 5427734 
2779 5427734 
2780 5427734 
2781 5427734 
2782 5427734 
2783 5427734 
2784 5427734 
2785 5427734 
2786 5427734 
2787 5427734 
2788 5427734 
2789 5427734 
2790 5427734 
2791 5427734 
2792 5427734 
2793 5427734 
2794 5427734 
2795 5427734 
2796 5427734 
2797 5427734 
2798 5427734 
2799 5427734 
2800 5427734 
2801 5427734 
2802 5427734 
2803 5427734 
2804 5427734 
2805 5427734 
2806 5427734 
2807 5427734 
2808 5427734 
2809 5427734 
2810 5427734 
2811 5427734 
2812 5427734 
2813 5427734 
2814 5427734 
2815 5427734 
2816 5427734 
2817 5427734 
2818 5427734 
2819 5427734 
2820 5427734 
2821 5427734 
2822 5427734 
2823 5427734 
2824 5427734 
2825 5427734 
2826 5427734 
2827 5427734 
2828 5427734 
2829 5427734 
2830 5427734 
2831 5427734 
2832 5427734 
2833 5427734 
2834 5427734 
2835 5427734 
2836 5427734 
2837 5427734 
2838 5427734 
2839 5427734 
2840 5427734 
2841 5427734 
2842 5427734 
2843 5427734 
2844 5427734 
2845 5427734 
2846 5427734 
2847 5427734 
2848 5427734 
2849 5427734 
2850 5427734 
2851 5427734 
2852 5427734 
2853 5427734 
2854 5427734 
2855 5427734 
2856 5427734 
2857 5427734 
2858 5427734 
2859 5427734 
2860 5427734 
2861 5427734 
2862 5427734 
2863 5427734 
2864 5427734 
2865 5427734 
2866 5427734 
2867 5427734 
2868 5427734 
2869 5427734 
2870 5427734 
2871 5427734 
2872 5427734 
2873 5427734 
2874 5427734 
2875 5427734 
2876 5427734 
2877 5427734 
2878 5427734 
2879 5427734 
2880 5427734 
2881 5427734 
2882 5427734 
2883 5427734 
2884 5427734 
2885 5427734 
2886 5427734 
2887 5427734 
2888 5427734 
2889 5427734 
2890 5427734 
2891 5427734 
2892 5427734 
2893 5427734 
2894 5427734 
2895 5427734 
2896 5427734 
2897 5427734 
2898 5427734 
2899 5427734 
2900 5427734 
2901 5427734 
2902 5427734 
2903 5427734 
2904 5427734 
2905 5427734 
2906 5427734 
2907 5427734 
2908 5427734 
2909 5427734 
2910 5427734 
2911 5427734 
2912 5427734 
2913 5427734 
2914 5427734 
2915 5427734 
2916 5427734 
2917 5427734 
2918 5427734 
2919 5427734 
2920 5427734 
2921 5427734 
2922 5427734 
2923 5427734 
2924 5427734 
2925 5427734 
2926 5427734 
2927 5427734 
2928 5427734 
2929 5427734 
2930 5427734 
2931 5427734 
2932 5427734 
2933 5427734 
2934 5427734 
2935 5427734 
2936 5427734 
2937 5427734 
2938 5427734 
2939 5427734 
2940 5427734 
2941 5427734 
2942 5427734 
2943 5427734 
2944 5427734 
2945 5427734 
2946 5427734 
2947 5427734 
2948 5427734 
2949 5427734 
2950 5427734 
2951 5427734 
2952 5427734 
2953 5427734 
2954 5427734 
2955 5427734 
2956 5427734 
2957 5427734 
2958 5427734 
2959 5427734 
2960 5427734 
2961 5427734 
2962 5427734 
2963 5427734 
2964 5427734 
2965 5427734 
2966 5427734 
2967 5427734 
2968 5427734 
2969 5427734 
2970 5427734 
2971 5427734 
2972 5427734 
2973 5427734 
2974 5427734 
2975 5427734 
2976 5427734 
2977 5427734 
2978 5427734 
2979 5427734 
2980 5427734 
2981 5427734 
2982 5427734 
2983 5427734 
2984 5427734 
2985 5427734 
2986 5427734 
2987 5427734 
2988 5427734 
2989 5427734 
2990 5427734 
2991 5427734 
2992 5427734 
2993 5427734 
2994 5427734 
2995 5427734 
2996 5427734 
2997 5427734 
2998 5427734 
2999 5427734 
3000 5427734 
3001 5427734 
3002 5427734 
3003 5427734 
3004 5427734 
3005 5427734 
3006 5427734 
3007 5427734 
3008 5427734 
3009 5427734 
3010 5427734 
3011 5427734 
3012 5427734 
3013 5427734 
3014 5427734 
3015 5427734 
3016 5427734 
3017 5427734 
3018 5427734 
3019 5427734 
3020 5427734 
3021 5427734 
3022 5427734 
3023 5427734 
3024 5427734 
3025 5427734 
3026 5427734 
3027 5427734 
3028 5427734 
3029 5427734 
3030 5427734 
3031 5427734 
3032 5427734 
3033 5427734 
3034 5427734 
3035 5427734 
3036 5427734 
3037 5427734 
3038 5427734 
3039 5427734 
3040 5427734 
3041 5427734 
3042 5427734 
3043 5427734 
3044 5427734 
3045 5427734 
3046 5427734 
3047 5427734 
3048 5427734 
3049 5427734 
3050 5427734 

