0 11238075 
1 11218892 
2 11215266 
3 11200714 
4 11195555 
5 11190733 
6 11189498 
7 11181466 
8 11148398 
9 11139540 
10 11129840 
11 11129788 
12 11121903 
13 11120242 
14 11117459 
15 11116868 
16 11116328 
17 11114679 
18 11111586 
19 11109716 
20 11102394 
21 11102082 
22 11102001 
23 11086724 
24 11084780 
25 11082764 
26 11078933 
27 11078682 
28 11078409 
29 11077846 
30 11077846 
31 11074440 
32 11073732 
33 11073732 
34 11068263 
35 11049101 
36 11047240 
37 11042745 
38 11024543 
39 11009033 
40 10980762 
41 10980213 
42 10979292 
43 10979064 
44 10975980 
45 10975357 
46 10972430 
47 10972393 
48 10971054 
49 10971054 
50 10969431 
51 10969297 
52 10968653 
53 10968616 
54 10947386 
55 10942091 
56 10941171 
57 10940863 
58 10934479 
59 10933441 
60 10932125 
61 10931638 
62 10929843 
63 10929703 
64 10922157 
65 10921800 
66 10920819 
67 10920819 
68 10920351 
69 10918768 
70 10914870 
71 10910366 
72 10898114 
73 10896769 
74 10896693 
75 10893299 
76 10893014 
77 10892625 
78 10892413 
79 10887829 
80 10881837 
81 10881733 
82 10881723 
83 10878022 
84 10877928 
85 10876891 
86 10871420 
87 10778149 
88 10772058 
89 10770273 
90 10770001 
91 10767844 
92 10756081 
93 10748287 
94 10745951 
95 10744899 
96 10726299 
97 10717234 
98 10717083 
99 10714982 
100 10712274 
101 10701921 
102 10701893 
103 10699626 
104 10692308 
105 10690391 
106 10689960 
107 10682568 
108 10681062 
109 10678814 
110 10677162 
111 10675937 
112 10674232 
113 10673721 
114 10672282 
115 10667939 
116 10666139 
117 10663118 
118 10661876 
119 10660767 
120 10660735 
121 10657186 
122 10654116 
123 10654102 
124 10648572 
125 10640512 
126 10639220 
127 10639219 
128 10635841 
129 10635598 
130 10635542 
131 10617841 
132 10617396 
133 10616272 
134 10611405 
135 10605584 
136 10600811 
137 10598463 
138 10573263 
139 10571338 
140 10570377 
141 10568790 
142 10567311 
143 10566963 
144 10561947 
145 10559394 
146 10558340 
147 10557738 
148 10557445 
149 10557422 
150 10556598 
151 10556439 
152 10553242 
153 10553141 
154 10553104 
155 10553007 
156 10543408 
157 10543367 
158 10543221 
159 10540442 
160 10535982 
161 10534848 
162 10534746 
163 10534711 
164 10531892 
165 10531768 
166 10531768 
167 10531737 
168 10530788 
169 10530775 
170 10530747 
171 10530722 
172 10530504 
173 10528653 
174 10525248 
175 10525123 
176 10525117 
177 10524932 
178 10524469 
179 10522205 
180 10521168 
181 10521154 
182 10511589 
183 10504943 
184 10504238 
185 10503572 
186 10502998 
187 10498842 
188 10498473 
189 10498343 
190 10494995 
191 10494917 
192 10494816 
193 10493837 
194 10487509 
195 10486349 
196 10485585 
197 10485290 
198 10481936 
199 10480529 
200 10480444 
201 10480353 
202 10480058 
203 10480001 
204 10478008 
205 10477748 
206 10477150 
207 10477138 
208 10476766 
209 10448647 
210 10448640 
211 10448589 
212 10447023 
213 10446934 
214 10446810 
215 10446268 
216 10443779 
217 10438528 
218 10407695 
219 10399670 
220 10398350 
221 10397905 
222 10397443 
223 10391049 
224 10390181 
225 10390105 
226 10389477 
227 10387538 
228 10387527 
229 10387413 
230 10387160 
231 10385319 
232 10385109 
233 10384893 
234 10384145 
235 10383576 
236 10383076 
237 10376163 
238 10375918 
239 10374251 
240 10374215 
241 10372220 
242 10371984 
243 10367812 
244 10367702 
245 10367604 
246 10367224 
247 10362322 
248 10359795 
249 10351253 
250 10351231 
251 10351231 
252 10347952 
253 10347784 
254 10347533 
255 10346192 
256 10346020 
257 10345834 
258 10345834 
259 10342653 
260 10342440 
261 10342376 
262 10342256 
263 10342204 
264 10342144 
265 10341684 
266 10340926 
267 10338708 
268 10324183 
269 10323866 
270 10323815 
271 10321664 
272 10321044 
273 10319590 
274 10319193 
275 10318823 
276 10318708 
277 10317905 
278 10317595 
279 10317538 
280 10317229 
281 10287536 
282 10286761 
283 10286128 
284 10285974 
285 10285692 
286 10285692 
287 10281700 
288 10278261 
289 10278049 
290 10276050 
291 10275951 
292 10275951 
293 10275951 
294 10275132 
295 10274491 
296 10274491 
297 10269149 
298 10268976 
299 10268858 
300 10265991 
301 10265846 
302 10264151 
303 10264147 
304 10263633 
305 10262754 
306 10262191 
307 10261907 
308 10261395 
309 10261380 
310 10260827 
311 10260160 
312 10260160 
313 10260156 
314 10259569 
315 10258663 
316 10245782 
317 10245362 
318 10244880 
319 10242409 
320 10241749 
321 10241522 
322 10229070 
323 10228713 
324 10226815 
325 10224297 
326 10224053 
327 10223339 
328 10222627 
329 10215930 
330 10212202 
331 10211284 
332 10210302 
333 10209471 
334 10208952 
335 10206072 
336 10205956 
337 10203718 
338 10196546 
339 10196466 
340 10196414 
341 10195917 
342 10195827 
343 10195015 
344 10194544 
345 10194464 
346 10192097 
347 10191415 
348 10191415 
349 10191395 
350 10190233 
351 10190163 
352 10190077 
353 10189239 
354 10189228 
355 10189168 
356 10189153 
357 10188930 
358 10188895 
359 10188523 
360 10188440 
361 10188440 
362 10185167 
363 10180885 
364 10174334 
365 10174253 
366 10173715 
367 10150826 
368 10146955 
369 10144703 
370 10144703 
371 10144174 
372 10144094 
373 10142707 
374 10137793 
375 10137724 
376 10137516 
377 10137334 
378 10136588 
379 10134842 
380 10132161 
381 10131292 
382 10130499 
383 10130453 
384 10129859 
385 10129859 
386 10128468 
387 10128324 
388 10128056 
389 10128056 
390 10128041 
391 10127138 
392 10125934 
393 10125096 
394 10124891 
395 10124753 
396 10123397 
397 10122501 
398 10122466 
399 10121745 
400 10121745 
401 10121745 
402 10121745 
403 10121745 
404 10121745 
405 10121745 
406 10121745 
407 10121745 
408 10121745 
409 10121745 
410 10121745 
411 10121745 
412 10121745 
413 10121745 
414 10121745 
415 10121745 
416 10121745 
417 10121745 
418 10121745 
419 10121745 
420 10121745 
421 10121745 
422 10121745 
423 10121745 
424 10121745 
425 10121745 
426 10121745 
427 10121745 
428 10121745 
429 10121745 
430 10121745 
431 10121745 
432 10121745 
433 10121745 
434 10121745 
435 10121745 
436 10121745 
437 10121745 
438 10121745 
439 10121745 
440 10121745 
441 10121745 
442 10121745 
443 10121745 
444 10121745 
445 10121745 
446 10121745 
447 10121745 
448 10121745 
449 10121745 
450 10121745 
451 10121745 
452 10121745 
453 10121745 
454 10121745 
455 10121745 
456 10121745 
457 10121745 
458 10121745 
459 10121745 
460 10121745 
461 10121745 
462 10121745 
463 10121745 
464 10121745 
465 10121745 
466 10121745 
467 10121745 
468 10121745 
469 10121745 
470 10121745 
471 10121745 
472 10121745 
473 10121745 
474 10121745 
475 10121745 
476 10121745 
477 10121745 
478 10121745 
479 10121745 
480 10121745 
481 10121745 
482 10121745 
483 10121745 
484 10121745 
485 10121745 
486 10121745 
487 10121745 
488 10121745 
489 10121745 
490 10121745 
491 10121745 
492 10121745 
493 10121745 
494 10121745 
495 10121745 
496 10121745 
497 10121745 
498 10121745 
499 10121745 
500 10121745 
501 10121745 
502 10121745 
503 10121745 
504 10121745 
505 10121745 
506 10121745 
507 10121745 
508 10121745 
509 10121745 
510 10121745 
511 10121745 
512 10121745 
513 10121745 
514 10121745 
515 10121745 
516 10121745 
517 10121745 
518 10121745 
519 10121745 
520 10121745 
521 10121745 
522 10121745 
523 10121745 
524 10121745 
525 10121745 
526 10121745 
527 10121745 
528 10121745 
529 10121745 
530 10121745 
531 10121745 
532 10121745 
533 10121745 
534 10121745 
535 10121745 
536 10121745 
537 10121745 
538 10121745 
539 10121745 
540 10121745 
541 10121745 
542 10121745 
543 10121745 
544 10121745 
545 10121745 
546 10121745 
547 10121745 
548 10121745 
549 10121745 
550 10121745 
551 10121745 
552 10121745 
553 10121745 
554 10121745 
555 10121745 
556 10121745 
557 10121745 
558 10121745 
559 10121745 
560 10121745 
561 10121745 
562 10121745 
563 10121745 
564 10121745 
565 10121745 
566 10121745 
567 10121745 
568 10121745 
569 10121745 
570 10121745 
571 10121745 
572 10121745 
573 10121745 
574 10121745 
575 10121745 
576 10121745 
577 10121745 
578 10121745 
579 10121745 
580 10121745 
581 10121745 
582 10121745 
583 10121745 
584 10121745 
585 10121745 
586 10121745 
587 10121745 
588 10121745 
589 10121745 
590 10121745 
591 10121745 
592 10121745 
593 10121745 
594 10121745 
595 10121745 
596 10121745 
597 10121745 
598 10121745 
599 10121745 
600 10121745 
601 10121745 
602 10121745 
603 10121745 
604 10121745 
605 10121745 
606 10121745 
607 10121745 
608 10121745 
609 10121745 
610 10121745 
611 10121745 
612 10121745 
613 10121745 
614 10121745 
615 10121745 
616 10121745 
617 10121745 
618 10121745 
619 10121745 
620 10121745 
621 10121745 
622 10121745 
623 10121745 
624 10121745 
625 10121745 
626 10121745 
627 10121745 
628 10121745 
629 10121745 
630 10121745 
631 10121745 
632 10121745 
633 10121745 
634 10121745 
635 10121745 
636 10121745 
637 10121745 
638 10121745 
639 10121745 
640 10121745 
641 10121745 
642 10121745 
643 10121745 
644 10121745 
645 10121745 
646 10121745 
647 10121745 
648 10121745 
649 10121745 
650 10121745 
651 10121745 
652 10121745 
653 10121745 
654 10121745 
655 10121745 
656 10121745 
657 10121745 
658 10121745 
659 10121745 
660 10121745 
661 10121745 
662 10121745 
663 10121745 
664 10121745 
665 10121745 
666 10121745 
667 10121745 
668 10121745 
669 10121745 
670 10121745 
671 10121745 
672 10121745 
673 10121745 
674 10121745 
675 10121745 
676 10121745 
677 10121745 
678 10121745 
679 10121745 
680 10121745 
681 10121745 
682 10121745 
683 10121745 
684 10121745 
685 10121745 
686 10121745 
687 10121745 
688 10121745 
689 10121745 
690 10121745 
691 10121745 
692 10121745 
693 10121745 
694 10121745 
695 10121745 
696 10121745 
697 10121745 
698 10121745 
699 10121745 
700 10121745 
701 10121745 
702 10121745 
703 10121745 
704 10121745 
705 10121745 
706 10121745 
707 10121745 
708 10121745 
709 10121745 
710 10121745 
711 10121745 
712 10121745 
713 10121745 
714 10121745 
715 10121745 
716 10121745 
717 10121745 
718 10121745 
719 10121745 
720 10121745 
721 10121745 
722 10121745 
723 10121745 
724 10121745 
725 10121745 
726 10121745 
727 10121745 
728 10121745 
729 10121745 
730 10121745 
731 10121745 
732 10121745 
733 10121745 
734 10121745 
735 10121745 
736 10121745 
737 10121745 
738 10121745 
739 10121745 
740 10121745 
741 10121745 
742 10121745 
743 10121745 
744 10121745 
745 10121745 
746 10121745 
747 10121745 
748 10121745 
749 10121745 
750 10121745 
751 10121745 
752 10121745 
753 10121745 
754 10121745 
755 10121745 
756 10121745 
757 10121745 
758 10121745 
759 10121745 
760 10121745 
761 10121745 
762 10121745 
763 10121745 
764 10121745 
765 10121745 
766 10121745 
767 10121745 
768 10121745 
769 10121745 
770 10121745 
771 10121745 
772 10121745 
773 10121745 
774 10121745 
775 10121745 
776 10121745 
777 10121745 
778 10121745 
779 10121745 
780 10121745 
781 10121745 
782 10121745 
783 10121745 
784 10121745 
785 10121745 
786 10121745 
787 10121745 
788 10121745 
789 10121745 
790 10121745 
791 10121745 
792 10121745 
793 10121745 
794 10121745 
795 10121745 
796 10121745 
797 10121745 
798 10121745 
799 10121745 
800 10121745 
801 10121745 
802 10121745 
803 10121745 
804 10121745 
805 10121745 
806 10121745 
807 10121745 
808 10121745 
809 10121745 
810 10121745 
811 10121745 
812 10121745 
813 10121745 
814 10121745 
815 10121745 
816 10121745 
817 10121745 
818 10121745 
819 10121745 
820 10121745 
821 10121745 
822 10121745 
823 10121745 
824 10121745 
825 10121745 
826 10121745 
827 10121745 
828 10121745 
829 10121745 
830 10121745 
831 10121745 
832 10121745 
833 10121745 
834 10121745 
835 10121745 
836 10121745 
837 10121745 
838 10121745 
839 10121745 
840 10121745 
841 10121745 
842 10121745 
843 10121745 
844 10121745 
845 10121745 
846 10121745 
847 10121745 
848 10121745 
849 10121745 
850 10121745 
851 10121745 
852 10121745 
853 10121745 
854 10121745 
855 10121745 
856 10121745 
857 10121745 
858 10121745 
859 10121745 
860 10121745 
861 10121745 
862 10121745 
863 10121745 
864 10121745 
865 10121745 
866 10121745 
867 10121745 
868 10121745 
869 10121745 
870 10121745 
871 10121745 
872 10121745 
873 10121745 
874 10121745 
875 10121745 
876 10121745 
877 10121745 
878 10121745 
879 10121745 
880 10121745 
881 10121745 
882 10121745 
883 10121745 
884 10121745 
885 10121745 
886 10121745 
887 10121745 
888 10121745 
889 10121745 
890 10121745 
891 10121745 
892 10121745 
893 10121745 
894 10121745 
895 10121745 
896 10121745 
897 10121745 
898 10121745 
899 10121745 
900 10121745 
901 10121745 
902 10121745 
903 10121745 
904 10121745 
905 10121745 
906 10121745 
907 10121745 
908 10121745 
909 10121745 
910 10121745 
911 10121745 
912 10121745 
913 10121745 
914 10121745 
915 10121745 
916 10121745 
917 10121745 
918 10121745 
919 10121745 
920 10121745 
921 10121745 
922 10121745 
923 10121745 
924 10121745 
925 10121745 
926 10121745 
927 10121745 
928 10121745 
929 10121745 
930 10121745 
931 10121745 
932 10121745 
933 10121745 
934 10121745 
935 10121745 
936 10121745 
937 10121745 
938 10121745 
939 10121745 
940 10121745 
941 10121745 
942 10121745 
943 10121745 
944 10121745 
945 10121745 
946 10121745 
947 10121745 
948 10121745 
949 10121745 
950 10121745 
951 10121745 
952 10121745 
953 10121745 
954 10121745 
955 10121745 
956 10121745 
957 10121745 
958 10121745 
959 10121745 
960 10121745 
961 10121745 
962 10121745 
963 10121745 
964 10121745 
965 10121745 
966 10121745 
967 10121745 
968 10121745 
969 10121745 
970 10121745 
971 10121745 
972 10121745 
973 10121745 
974 10121745 
975 10121745 
976 10121745 
977 10121745 
978 10121745 
979 10121745 
980 10121745 
981 10121745 
982 10121745 
983 10121745 
984 10121745 
985 10121745 
986 10121745 
987 10121745 
988 10121745 
989 10121745 
990 10121745 
991 10121745 
992 10121745 
993 10121745 
994 10121745 
995 10121745 
996 10121745 
997 10121745 
998 10121745 
999 10121745 
1000 10121745 
1001 10121745 
1002 10121745 
1003 10121745 
1004 10121745 
1005 10121745 
1006 10121745 
1007 10121745 
1008 10121745 
1009 10121745 
1010 10121745 
1011 10121745 
1012 10121745 
1013 10121745 
1014 10121745 
1015 10121745 
1016 10121745 
1017 10121745 
1018 10121745 
1019 10121745 
1020 10121745 
1021 10121745 
1022 10121745 
1023 10121745 
1024 10121745 
1025 10121745 
1026 10121745 
1027 10121745 
1028 10121745 
1029 10121745 
1030 10121745 
1031 10121745 
1032 10121745 
1033 10121745 
1034 10121745 
1035 10121745 
1036 10121745 
1037 10121745 
1038 10121745 
1039 10121745 
1040 10121745 
1041 10121745 
1042 10121745 
1043 10121745 
1044 10121745 
1045 10121745 
1046 10121745 
1047 10121745 
1048 10121745 
1049 10121745 
1050 10121745 
1051 10121745 
1052 10121745 
1053 10121745 
1054 10121745 
1055 10121745 
1056 10121745 
1057 10121745 
1058 10121745 
1059 10121745 
1060 10121745 
1061 10121745 
1062 10121745 
1063 10121745 
1064 10121745 
1065 10121745 
1066 10121745 
1067 10121745 
1068 10121745 
1069 10121745 
1070 10121745 
1071 10121745 
1072 10121745 
1073 10121745 
1074 10121745 
1075 10121745 
1076 10121745 
1077 10121745 
1078 10121745 
1079 10121745 
1080 10121745 
1081 10121745 
1082 10121745 
1083 10121745 
1084 10121745 
1085 10121745 
1086 10121745 
1087 10121745 
1088 10121745 
1089 10121745 
1090 10121745 
1091 10121745 
1092 10121745 
1093 10121745 
1094 10121745 
1095 10121745 
1096 10121745 
1097 10121745 
1098 10121745 
1099 10121745 
1100 10121745 
1101 10121745 
1102 10121745 
1103 10121745 
1104 10121745 
1105 10121745 
1106 10121745 
1107 10121745 
1108 10121745 
1109 10121745 
1110 10121745 
1111 10121745 
1112 10121745 
1113 10121745 
1114 10121745 
1115 10121745 
1116 10121745 
1117 10121745 
1118 10121745 
1119 10121745 
1120 10121745 
1121 10121745 
1122 10121745 
1123 10121745 
1124 10121745 
1125 10121745 
1126 10121745 
1127 10121745 
1128 10121745 
1129 10121745 
1130 10121745 
1131 10121745 
1132 10121745 
1133 10121745 
1134 10121745 
1135 10121745 
1136 10121745 
1137 10121745 
1138 10121745 
1139 10121745 
1140 10121745 
1141 10121745 
1142 10121745 
1143 10121745 
1144 10121745 
1145 10121745 
1146 10121745 
1147 10121745 
1148 10121745 
1149 10121745 
1150 10121745 
1151 10121745 
1152 10121745 
1153 10121745 
1154 10121745 
1155 10121745 
1156 10121745 
1157 10121745 
1158 10121745 
1159 10121745 
1160 10121745 
1161 10121745 
1162 10121745 
1163 10121745 
1164 10121745 
1165 10121745 
1166 10121745 
1167 10121745 
1168 10121745 
1169 10121745 
1170 10121745 
1171 10121745 
1172 10121745 
1173 10121745 
1174 10121745 
1175 10121745 
1176 10121745 
1177 10121745 
1178 10121745 
1179 10121745 
1180 10121745 
1181 10121745 
1182 10121745 
1183 10121745 
1184 10121745 
1185 10121745 
1186 10121745 
1187 10121745 
1188 10121745 
1189 10121745 
1190 10121745 
1191 10121745 
1192 10121745 
1193 10121745 
1194 10121745 
1195 10121745 
1196 10121745 
1197 10121745 
1198 10121745 
1199 10121745 
1200 10121745 
1201 10121745 
1202 10121745 
1203 10121745 
1204 10121745 
1205 10121745 
1206 10121745 
1207 10121745 
1208 10121745 
1209 10121745 
1210 10121745 
1211 10121745 
1212 10121745 
1213 10121745 
1214 10121745 
1215 10121745 
1216 10121745 
1217 10121745 
1218 10121745 
1219 10121745 
1220 10121745 
1221 10121745 
1222 10121745 
1223 10121745 
1224 10121745 
1225 10121745 
1226 10121745 
1227 10121745 
1228 10121745 
1229 10121745 
1230 10121745 
1231 10121745 
1232 10121745 
1233 10121745 
1234 10121745 
1235 10121745 
1236 10121745 
1237 10121745 
1238 10121745 
1239 10121745 
1240 10121745 
1241 10121745 
1242 10121745 
1243 10121745 
1244 10121745 
1245 10121745 
1246 10121745 
1247 10121745 
1248 10121745 
1249 10121745 
1250 10121745 
1251 10121745 
1252 10121745 
1253 10121745 
1254 10121745 
1255 10121745 
1256 10121745 
1257 10121745 
1258 10121745 
1259 10121745 
1260 10121745 
1261 10121745 
1262 10121745 
1263 10121745 
1264 10121745 
1265 10121745 
1266 10121745 
1267 10121745 
1268 10121745 
1269 10121745 
1270 10121745 
1271 10121745 
1272 10121745 
1273 10121745 
1274 10121745 
1275 10121745 
1276 10121745 
1277 10121745 
1278 10121745 
1279 10121745 
1280 10121745 
1281 10121745 
1282 10121745 
1283 10121745 
1284 10121745 
1285 10121745 
1286 10121745 
1287 10121745 
1288 10121745 
1289 10121745 
1290 10121745 
1291 10121745 
1292 10121745 
1293 10121745 
1294 10121745 
1295 10121745 
1296 10121745 
1297 10121745 
1298 10121745 
1299 10121745 
1300 10121745 
1301 10121745 
1302 10121745 
1303 10121745 
1304 10121745 
1305 10121745 
1306 10121745 
1307 10121745 
1308 10121745 
1309 10121745 
1310 10121745 
1311 10121745 
1312 10121745 
1313 10121745 
1314 10121745 
1315 10121745 
1316 10121745 
1317 10121745 
1318 10121745 
1319 10121745 
1320 10121745 
1321 10121745 
1322 10121745 
1323 10121745 
1324 10121745 
1325 10121745 
1326 10121745 
1327 10121745 
1328 10121745 
1329 10121745 
1330 10121745 
1331 10121745 
1332 10121745 
1333 10121745 
1334 10121745 
1335 10121745 
1336 10121745 
1337 10121745 
1338 10121745 
1339 10121745 
1340 10121745 
1341 10121745 
1342 10121745 
1343 10121745 
1344 10121745 
1345 10121745 
1346 10121745 
1347 10121745 
1348 10121745 
1349 10121745 
1350 10121745 
1351 10121745 
1352 10121745 
1353 10121745 
1354 10121745 
1355 10121745 
1356 10121745 
1357 10121745 
1358 10121745 
1359 10121745 
1360 10121745 
1361 10121745 
1362 10121745 
1363 10121745 
1364 10121745 
1365 10121745 
1366 10121745 
1367 10121745 
1368 10121745 
1369 10121745 
1370 10121745 
1371 10121745 
1372 10121745 
1373 10121745 
1374 10121745 
1375 10121745 
1376 10121745 
1377 10121745 
1378 10121745 
1379 10121745 
1380 10121745 
1381 10121745 
1382 10121745 
1383 10121745 
1384 10121745 
1385 10121745 
1386 10121745 
1387 10121745 
1388 10121745 
1389 10121745 
1390 10121745 
1391 10121745 
1392 10121745 
1393 10121745 
1394 10121745 
1395 10121745 
1396 10121745 
1397 10121745 
1398 10121745 
1399 10121745 
1400 10121745 
1401 10121745 
1402 10121745 
1403 10121745 
1404 10121745 
1405 10121745 
1406 10121745 
1407 10121745 
1408 10121745 
1409 10121745 
1410 10121745 
1411 10121745 
1412 10121745 
1413 10121745 
1414 10121745 
1415 10121745 
1416 10121745 
1417 10121745 
1418 10121745 
1419 10121745 
1420 10121745 
1421 10121745 
1422 10121745 
1423 10121745 
1424 10121745 
1425 10121745 
1426 10121745 
1427 10121745 
1428 10121745 
1429 10121745 
1430 10121745 
1431 10121745 
1432 10121745 
1433 10121745 
1434 10121745 
1435 10121745 
1436 10121745 
1437 10121745 
1438 10121745 
1439 10121745 
1440 10121745 
1441 10121745 
1442 10121745 
1443 10121745 
1444 10121745 
1445 10121745 
1446 10121745 
1447 10121745 
1448 10121745 
1449 10121745 
1450 10121745 
1451 10121745 
1452 10121745 
1453 10121745 
1454 10121745 
1455 10121745 
1456 10121745 
1457 10121745 
1458 10121745 
1459 10121745 
1460 10121745 
1461 10121745 
1462 10121745 
1463 10121745 
1464 10121745 
1465 10121745 
1466 10121745 
1467 10121745 
1468 10121745 
1469 10121745 
1470 10121745 
1471 10121745 
1472 10121745 
1473 10121745 
1474 10121745 
1475 10121745 
1476 10121745 
1477 10121745 
1478 10121745 
1479 10121745 
1480 10121745 
1481 10121745 
1482 10121745 
1483 10121745 
1484 10121745 
1485 10121745 
1486 10121745 
1487 10121745 
1488 10121745 
1489 10121745 
1490 10121745 
1491 10121745 
1492 10121745 
1493 10121745 
1494 10121745 
1495 10121745 
1496 10121745 
1497 10121745 
1498 10121745 
1499 10121745 
1500 10121745 
1501 10121745 
1502 10121745 
1503 10121745 
1504 10121745 
1505 10121745 
1506 10121745 
1507 10121745 
1508 10121745 
1509 10121745 
1510 10121745 
1511 10121745 
1512 10121745 
1513 10121745 
1514 10121745 
1515 10121745 
1516 10121745 
1517 10121745 
1518 10121745 
1519 10121745 
1520 10121745 
1521 10121745 
1522 10121745 
1523 10121745 
1524 10121745 
1525 10121745 
1526 10121745 
1527 10121745 
1528 10121745 
1529 10121745 
1530 10121745 
1531 10121745 
1532 10121745 
1533 10121745 
1534 10121745 
1535 10121745 
1536 10121745 
1537 10121745 
1538 10121745 
1539 10121745 
1540 10121745 
1541 10121745 
1542 10121745 
1543 10121745 
1544 10121745 
1545 10121745 
1546 10121745 
1547 10121745 
1548 10121745 
1549 10121745 
1550 10121745 
1551 10121745 
1552 10121745 
1553 10121745 
1554 10121745 
1555 10121745 
1556 10121745 
1557 10121745 
1558 10121745 
1559 10121745 
1560 10121745 
1561 10121745 
1562 10121745 
1563 10121745 
1564 10121745 
1565 10121745 
1566 10121745 
1567 10121745 
1568 10121745 
1569 10121745 
1570 10121745 
1571 10121745 
1572 10121745 
1573 10121745 
1574 10121745 
1575 10121745 
1576 10121745 
1577 10121745 
1578 10121745 
1579 10121745 
1580 10121745 
1581 10121745 
1582 10121745 
1583 10121745 
1584 10121745 
1585 10121745 
1586 10121745 
1587 10121745 
1588 10121745 
1589 10121745 
1590 10121745 
1591 10121745 
1592 10121745 
1593 10121745 
1594 10121745 
1595 10121745 
1596 10121745 
1597 10121745 
1598 10121745 
1599 10121745 
1600 10121745 
1601 10121745 
1602 10121745 
1603 10121745 
1604 10121745 
1605 10121745 
1606 10121745 
1607 10121745 
1608 10121745 
1609 10121745 
1610 10121745 
1611 10121745 
1612 10121745 
1613 10121745 
1614 10121745 
1615 10121745 
1616 10121745 
1617 10121745 
1618 10121745 
1619 10121745 
1620 10121745 
1621 10121745 
1622 10121745 
1623 10121745 
1624 10121745 
1625 10121745 
1626 10121745 
1627 10121745 
1628 10121745 
1629 10121745 
1630 10121745 
1631 10121745 
1632 10121745 
1633 10121745 
1634 10121745 
1635 10121745 
1636 10121745 
1637 10121745 
1638 10121745 
1639 10121745 
1640 10121745 
1641 10121745 
1642 10121745 
1643 10121745 
1644 10121745 
1645 10121745 
1646 10121745 
1647 10121745 
1648 10121745 
1649 10121745 
1650 10121745 
1651 10121745 
1652 10121745 
1653 10121745 
1654 10121745 
1655 10121745 
1656 10121745 
1657 10121745 
1658 10121745 
1659 10121745 
1660 10121745 
1661 10121745 
1662 10121745 
1663 10121745 
1664 10121745 
1665 10121745 
1666 10121745 
1667 10121745 
1668 10121745 
1669 10121745 
1670 10121745 
1671 10121745 
1672 10121745 
1673 10121745 
1674 10121745 
1675 10121745 
1676 10121745 
1677 10121745 
1678 10121745 
1679 10121745 
1680 10121745 
1681 10121745 
1682 10121745 
1683 10121745 
1684 10121745 
1685 10121745 
1686 10121745 
1687 10121745 
1688 10121745 
1689 10121745 
1690 10121745 
1691 10121745 
1692 10121745 
1693 10121745 
1694 10121745 
1695 10121745 
1696 10121745 
1697 10121745 
1698 10121745 
1699 10121745 
1700 10121745 
1701 10121745 
1702 10121745 
1703 10121745 
1704 10121745 
1705 10121745 
1706 10121745 
1707 10121745 
1708 10121745 
1709 10121745 
1710 10121745 
1711 10121745 
1712 10121745 
1713 10121745 
1714 10121745 
1715 10121745 
1716 10121745 
1717 10121745 
1718 10121745 
1719 10121745 
1720 10121745 
1721 10121745 
1722 10121745 
1723 10121745 
1724 10121745 
1725 10121745 
1726 10121745 
1727 10121745 
1728 10121745 
1729 10121745 
1730 10121745 
1731 10121745 
1732 10121745 
1733 10121745 
1734 10121745 
1735 10121745 
1736 10121745 
1737 10121745 
1738 10121745 
1739 10121745 
1740 10121745 
1741 10121745 
1742 10121745 
1743 10121745 
1744 10121745 
1745 10121745 
1746 10121745 
1747 10121745 
1748 10121745 
1749 10121745 
1750 10121745 
1751 10121745 
1752 10121745 
1753 10121745 
1754 10121745 
1755 10121745 
1756 10121745 
1757 10121745 
1758 10121745 
1759 10121745 
1760 10121745 
1761 10121745 
1762 10121745 
1763 10121745 
1764 10121745 
1765 10121745 
1766 10121745 
1767 10121745 
1768 10121745 
1769 10121745 
1770 10121745 
1771 10121745 
1772 10121745 
1773 10121745 
1774 10121745 
1775 10121745 
1776 10121745 
1777 10121745 
1778 10121745 
1779 10121745 
1780 10121745 
1781 10121745 
1782 10121745 
1783 10121745 
1784 10121745 
1785 10121745 
1786 10121745 
1787 10121745 
1788 10121745 
1789 10121745 
1790 10121745 
1791 10121745 
1792 10121745 
1793 10121745 
1794 10121745 
1795 10121745 
1796 10121745 
1797 10121745 
1798 10121745 
1799 10121745 
1800 10121745 
1801 10121745 
1802 10121745 
1803 10121745 
1804 10121745 
1805 10121745 
1806 10121745 
1807 10121745 
1808 10121745 
1809 10121745 
1810 10121745 
1811 10121745 
1812 10121745 
1813 10121745 
1814 10121745 
1815 10121745 
1816 10121745 
1817 10121745 
1818 10121745 
1819 10121745 
1820 10121745 
1821 10121745 
1822 10121745 
1823 10121745 
1824 10121745 
1825 10121745 
1826 10121745 
1827 10121745 
1828 10121745 
1829 10121745 
1830 10121745 
1831 10121745 
1832 10121745 
1833 10121745 
1834 10121745 
1835 10121745 
1836 10121745 
1837 10121745 
1838 10121745 
1839 10121745 
1840 10121745 
1841 10121745 
1842 10121745 
1843 10121745 
1844 10121745 
1845 10121745 
1846 10121745 
1847 10121745 
1848 10121745 
1849 10121745 
1850 10121745 
1851 10121745 
1852 10121745 
1853 10121745 
1854 10121745 
1855 10121745 
1856 10121745 
1857 10121745 
1858 10121745 
1859 10121745 
1860 10121745 
1861 10121745 
1862 10121745 
1863 10121745 
1864 10121745 
1865 10121745 
1866 10121745 
1867 10121745 
1868 10121745 
1869 10121745 
1870 10121745 
1871 10121745 
1872 10121745 
1873 10121745 
1874 10121745 
1875 10121745 
1876 10121745 
1877 10121745 
1878 10121745 
1879 10121745 
1880 10121745 
1881 10121745 
1882 10121745 
1883 10121745 
1884 10121745 
1885 10121745 
1886 10121745 
1887 10121745 
1888 10121745 
1889 10121745 
1890 10121745 
1891 10121745 
1892 10121745 
1893 10121745 
1894 10121745 
1895 10121745 
1896 10121745 
1897 10121745 
1898 10121745 
1899 10121745 
1900 10121745 
1901 10121745 
1902 10121745 
1903 10121745 
1904 10121745 
1905 10121745 
1906 10121745 
1907 10121745 
1908 10121745 
1909 10121745 
1910 10121745 
1911 10121745 
1912 10121745 
1913 10121745 
1914 10121745 
1915 10121745 
1916 10121745 
1917 10121745 
1918 10121745 
1919 10121745 
1920 10121745 
1921 10121745 
1922 10121745 
1923 10121745 
1924 10121745 
1925 10121745 
1926 10121745 
1927 10121745 
1928 10121745 
1929 10121745 
1930 10121745 
1931 10121745 
1932 10121745 
1933 10121745 
1934 10121745 
1935 10121745 
1936 10121745 
1937 10121745 
1938 10121745 
1939 10121745 
1940 10121745 
1941 10121745 
1942 10121745 
1943 10121745 
1944 10121745 
1945 10121745 
1946 10121745 
1947 10121745 
1948 10121745 
1949 10121745 
1950 10121745 
1951 10121745 
1952 10121745 
1953 10121745 
1954 10121745 
1955 10121745 
1956 10121745 
1957 10121745 
1958 10121745 
1959 10121745 
1960 10121745 
1961 10121745 
1962 10121745 
1963 10121745 
1964 10121745 
1965 10121745 
1966 10121745 
1967 10121745 
1968 10121745 
1969 10121745 
1970 10121745 
1971 10121745 
1972 10121745 
1973 10121745 
1974 10121745 
1975 10121745 
1976 10121745 
1977 10121745 
1978 10121745 
1979 10121745 
1980 10121745 
1981 10121745 
1982 10121745 
1983 10121745 
1984 10121745 
1985 10121745 
1986 10121745 
1987 10121745 
1988 10121745 
1989 10121745 
1990 10121745 
1991 10121745 
1992 10121745 
1993 10121745 
1994 10121745 
1995 10121745 
1996 10121745 
1997 10121745 
1998 10121745 
1999 10121745 
2000 10121745 
2001 10121745 
2002 10121745 
2003 10121745 
2004 10121745 
2005 10121745 
2006 10121745 
2007 10121745 
2008 10121745 
2009 10121745 
2010 10121745 
2011 10121745 
2012 10121745 
2013 10121745 
2014 10121745 
2015 10121745 
2016 10121745 
2017 10121745 
2018 10121745 
2019 10121745 
2020 10121745 
2021 10121745 
2022 10121745 
2023 10121745 
2024 10121745 
2025 10121745 
2026 10121745 
2027 10121745 
2028 10121745 
2029 10121745 
2030 10121745 
2031 10121745 
2032 10121745 
2033 10121745 
2034 10121745 
2035 10121745 
2036 10121745 
2037 10121745 
2038 10121745 
2039 10121745 
2040 10121745 
2041 10121745 
2042 10121745 
2043 10121745 
2044 10121745 
2045 10121745 
2046 10121745 
2047 10121745 
2048 10121745 
2049 10121745 
2050 10121745 
2051 10121745 
2052 10121745 
2053 10121745 
2054 10121745 
2055 10121745 
2056 10121745 
2057 10121745 
2058 10121745 
2059 10121745 
2060 10121745 
2061 10121745 
2062 10121745 
2063 10121745 
2064 10121745 
2065 10121745 
2066 10121745 
2067 10121745 
2068 10121745 
2069 10121745 
2070 10121745 
2071 10121745 
2072 10121745 
2073 10121745 
2074 10121745 
2075 10121745 
2076 10121745 
2077 10121745 
2078 10121745 
2079 10121745 
2080 10121745 
2081 10121745 
2082 10121745 
2083 10121745 
2084 10121745 
2085 10121745 
2086 10121745 
2087 10121745 
2088 10121745 
2089 10121745 
2090 10121745 
2091 10121745 
2092 10121745 
2093 10121745 
2094 10121745 
2095 10121745 
2096 10121745 
2097 10121745 
2098 10121745 
2099 10121745 
2100 10121745 
2101 10121745 
2102 10121745 
2103 10121745 
2104 10121745 
2105 10121745 
2106 10121745 
2107 10121745 
2108 10121745 
2109 10121745 
2110 10121745 
2111 10121745 
2112 10121745 
2113 10121745 
2114 10121745 
2115 10121745 
2116 10121745 
2117 10121745 
2118 10121745 
2119 10121745 
2120 10121745 
2121 10121745 
2122 10121745 
2123 10121745 
2124 10121745 
2125 10121745 
2126 10121745 
2127 10121745 
2128 10121745 
2129 10121745 
2130 10121745 
2131 10121745 
2132 10121745 
2133 10121745 
2134 10121745 
2135 10121745 
2136 10121745 
2137 10121745 
2138 10121745 
2139 10121745 
2140 10121745 
2141 10121745 
2142 10121745 
2143 10121745 
2144 10121745 
2145 10121745 
2146 10121745 
2147 10121745 
2148 10121745 
2149 10121745 
2150 10121745 
2151 10121745 
2152 10121745 
2153 10121745 
2154 10121745 
2155 10121745 
2156 10121745 
2157 10121745 
2158 10121745 
2159 10121745 
2160 10121745 
2161 10121745 
2162 10121745 
2163 10121745 
2164 10121745 
2165 10121745 
2166 10121745 
2167 10121745 
2168 10121745 
2169 10121745 
2170 10121745 
2171 10121745 
2172 10121745 
2173 10121745 
2174 10121745 
2175 10121745 
2176 10121745 
2177 10121745 
2178 10121745 
2179 10121745 
2180 10121745 
2181 10121745 
2182 10121745 
2183 10121745 
2184 10121745 
2185 10121745 
2186 10121745 
2187 10121745 
2188 10121745 
2189 10121745 
2190 10121745 
2191 10121745 
2192 10121745 
2193 10121745 
2194 10121745 
2195 10121745 
2196 10121745 
2197 10121745 
2198 10121745 
2199 10121745 
2200 10121745 
2201 10121745 
2202 10121745 
2203 10121745 
2204 10121745 
2205 10121745 
2206 10121745 
2207 10121745 
2208 10121745 
2209 10121745 
2210 10121745 
2211 10121745 
2212 10121745 
2213 10121745 
2214 10121745 
2215 10121745 
2216 10121745 
2217 10121745 
2218 10121745 
2219 10121745 
2220 10121745 
2221 10121745 
2222 10121745 
2223 10121745 
2224 10121745 
2225 10121745 
2226 10121745 
2227 10121745 
2228 10121745 
2229 10121745 
2230 10121745 
2231 10121745 
2232 10121745 
2233 10121745 
2234 10121745 
2235 10121745 
2236 10121745 
2237 10121745 
2238 10121745 
2239 10121745 
2240 10121745 
2241 10121745 
2242 10121745 
2243 10121745 
2244 10121745 
2245 10121745 
2246 10121745 
2247 10121745 
2248 10121745 
2249 10121745 
2250 10121745 
2251 10121745 
2252 10121745 
2253 10121745 
2254 10121745 
2255 10121745 
2256 10121745 
2257 10121745 
2258 10121745 
2259 10121745 
2260 10121745 
2261 10121745 
2262 10121745 
2263 10121745 
2264 10121745 
2265 10121745 
2266 10121745 
2267 10121745 
2268 10121745 
2269 10121745 
2270 10121745 
2271 10121745 
2272 10121745 
2273 10121745 
2274 10121745 
2275 10121745 
2276 10121745 
2277 10121745 
2278 10121745 
2279 10121745 
2280 10121745 
2281 10121745 
2282 10121745 
2283 10121745 
2284 10121745 
2285 10121745 
2286 10121745 
2287 10121745 
2288 10121745 
2289 10121745 
2290 10121745 
2291 10121745 
2292 10121745 
2293 10121745 
2294 10121745 
2295 10121745 
2296 10121745 
2297 10121745 
2298 10121745 
2299 10121745 
2300 10121745 
2301 10121745 
2302 10121745 
2303 10121745 
2304 10121745 
2305 10121745 
2306 10121745 
2307 10121745 
2308 10121745 
2309 10121745 
2310 10121745 
2311 10121745 
2312 10121745 
2313 10121745 
2314 10121745 
2315 10121745 
2316 10121745 
2317 10121745 
2318 10121745 
2319 10121745 
2320 10121745 
2321 10121745 
2322 10121745 
2323 10121745 
2324 10121745 
2325 10121745 
2326 10121745 
2327 10121745 
2328 10121745 
2329 10121745 
2330 10121745 
2331 10121745 
2332 10121745 
2333 10121745 
2334 10121745 
2335 10121745 
2336 10121745 
2337 10121745 
2338 10121745 
2339 10121745 
2340 10121745 
2341 10121745 
2342 10121745 
2343 10121745 
2344 10121745 
2345 10121745 
2346 10121745 
2347 10121745 
2348 10121745 
2349 10121745 
2350 10121745 
2351 10121745 
2352 10121745 
2353 10121745 
2354 10121745 
2355 10121745 
2356 10121745 
2357 10121745 
2358 10121745 
2359 10121745 
2360 10121745 
2361 10121745 
2362 10121745 
2363 10121745 
2364 10121745 
2365 10121745 
2366 10121745 
2367 10121745 
2368 10121745 
2369 10121745 
2370 10121745 
2371 10121745 
2372 10121745 
2373 10121745 
2374 10121745 
2375 10121745 
2376 10121745 
2377 10121745 
2378 10121745 
2379 10121745 
2380 10121745 
2381 10121745 
2382 10121745 
2383 10121745 
2384 10121745 
2385 10121745 
2386 10121745 
2387 10121745 
2388 10121745 
2389 10121745 
2390 10121745 
2391 10121745 
2392 10121745 
2393 10121745 
2394 10121745 
2395 10121745 
2396 10121745 
2397 10121745 
2398 10121745 
2399 10121745 
2400 10121745 
2401 10121745 
2402 10121745 
2403 10121745 
2404 10121745 
2405 10121745 
2406 10121745 
2407 10121745 
2408 10121745 
2409 10121745 
2410 10121745 
2411 10121745 
2412 10121745 
2413 10121745 
2414 10121745 
2415 10121745 
2416 10121745 
2417 10121745 
2418 10121745 
2419 10121745 
2420 10121745 
2421 10121745 
2422 10121745 
2423 10121745 
2424 10121745 
2425 10121745 
2426 10121745 
2427 10121745 
2428 10121745 
2429 10121745 
2430 10121745 
2431 10121745 
2432 10121745 
2433 10121745 
2434 10121745 
2435 10121745 
2436 10121745 
2437 10121745 
2438 10121745 
2439 10121745 
2440 10121745 
2441 10121745 
2442 10121745 
2443 10121745 
2444 10121745 
2445 10121745 
2446 10121745 
2447 10121745 
2448 10121745 
2449 10121745 
2450 10121745 
2451 10121745 
2452 10121745 
2453 10121745 
2454 10121745 
2455 10121745 
2456 10121745 
2457 10121745 
2458 10121745 
2459 10121745 
2460 10121745 
2461 10121745 
2462 10121745 
2463 10121745 
2464 10121745 
2465 10121745 
2466 10121745 
2467 10121745 
2468 10121745 
2469 10121745 
2470 10121745 
2471 10121745 
2472 10121745 
2473 10121745 
2474 10121745 
2475 10121745 
2476 10121745 
2477 10121745 
2478 10121745 
2479 10121745 
2480 10121745 
2481 10121745 
2482 10121745 
2483 10121745 
2484 10121745 
2485 10121745 
2486 10121745 
2487 10121745 
2488 10121745 
2489 10121745 
2490 10121745 
2491 10121745 
2492 10121745 
2493 10121745 
2494 10121745 
2495 10121745 
2496 10121745 
2497 10121745 
2498 10121745 
2499 10121745 
2500 10121745 
2501 10121745 
2502 10121745 
2503 10121745 
2504 10121745 
2505 10121745 
2506 10121745 
2507 10121745 
2508 10121745 
2509 10121745 
2510 10121745 
2511 10121745 
2512 10121745 
2513 10121745 
2514 10121745 
2515 10121745 
2516 10121745 
2517 10121745 
2518 10121745 
2519 10121745 
2520 10121745 
2521 10121745 
2522 10121745 
2523 10121745 
2524 10121745 
2525 10121745 
2526 10121745 
2527 10121745 
2528 10121745 
2529 10121745 
2530 10121745 
2531 10121745 
2532 10121745 
2533 10121745 
2534 10121745 
2535 10121745 
2536 10121745 
2537 10121745 
2538 10121745 
2539 10121745 
2540 10121745 
2541 10121745 
2542 10121745 
2543 10121745 
2544 10121745 
2545 10121745 
2546 10121745 
2547 10121745 
2548 10121745 
2549 10121745 
2550 10121745 
2551 10121745 
2552 10121745 
2553 10121745 
2554 10121745 
2555 10121745 
2556 10121745 
2557 10121745 
2558 10121745 
2559 10121745 
2560 10121745 
2561 10121745 
2562 10121745 
2563 10121745 
2564 10121745 
2565 10121745 
2566 10121745 
2567 10121745 
2568 10121745 
2569 10121745 
2570 10121745 
2571 10121745 
2572 10121745 
2573 10121745 
2574 10121745 
2575 10121745 
2576 10121745 
2577 10121745 
2578 10121745 
2579 10121745 
2580 10121745 
2581 10121745 
2582 10121745 
2583 10121745 
2584 10121745 
2585 10121745 
2586 10121745 
2587 10121745 
2588 10121745 
2589 10121745 
2590 10121745 
2591 10121745 
2592 10121745 
2593 10121745 
2594 10121745 
2595 10121745 
2596 10121745 
2597 10121745 
2598 10121745 
2599 10121745 
2600 10121745 
2601 10121745 
2602 10121745 
2603 10121745 
2604 10121745 
2605 10121745 
2606 10121745 
2607 10121745 
2608 10121745 
2609 10121745 
2610 10121745 
2611 10121745 
2612 10121745 
2613 10121745 
2614 10121745 
2615 10121745 
2616 10121745 
2617 10121745 
2618 10121745 
2619 10121745 
2620 10121745 
2621 10121745 
2622 10121745 
2623 10121745 
2624 10121745 
2625 10121745 
2626 10121745 
2627 10121745 
2628 10121745 
2629 10121745 
2630 10121745 
2631 10121745 
2632 10121745 
2633 10121745 
2634 10121745 
2635 10121745 
2636 10121745 
2637 10121745 
2638 10121745 
2639 10121745 
2640 10121745 
2641 10121745 
2642 10121745 
2643 10121745 
2644 10121745 
2645 10121745 
2646 10121745 
2647 10121745 
2648 10121745 
2649 10121745 
2650 10121745 
2651 10121745 
2652 10121745 
2653 10121745 
2654 10121745 
2655 10121745 
2656 10121745 
2657 10121745 
2658 10121745 
2659 10121745 
2660 10121745 
2661 10121745 
2662 10121745 
2663 10121745 
2664 10121745 
2665 10121745 
2666 10121745 
2667 10121745 
2668 10121745 
2669 10121745 
2670 10121745 
2671 10121745 
2672 10121745 
2673 10121745 
2674 10121745 
2675 10121745 
2676 10121745 
2677 10121745 
2678 10121745 
2679 10121745 
2680 10121745 
2681 10121745 
2682 10121745 
2683 10121745 
2684 10121745 
2685 10121745 
2686 10121745 
2687 10121745 
2688 10121745 
2689 10121745 
2690 10121745 
2691 10121745 
2692 10121745 
2693 10121745 
2694 10121745 
2695 10121745 
2696 10121745 
2697 10121745 
2698 10121745 
2699 10121745 
2700 10121745 
2701 10121745 
2702 10121745 
2703 10121745 
2704 10121745 
2705 10121745 
2706 10121745 
2707 10121745 
2708 10121745 
2709 10121745 
2710 10121745 
2711 10121745 
2712 10121745 
2713 10121745 
2714 10121745 
2715 10121745 
2716 10121745 
2717 10121745 
2718 10121745 
2719 10121745 
2720 10121745 
2721 10121745 
2722 10121745 
2723 10121745 
2724 10121745 
2725 10121745 
2726 10121745 
2727 10121745 
2728 10121745 
2729 10121745 
2730 10121745 
2731 10121745 
2732 10121745 
2733 10121745 
2734 10121745 
2735 10121745 
2736 10121745 
2737 10121745 
2738 10121745 
2739 10121745 
2740 10121745 
2741 10121745 
2742 10121745 
2743 10121745 
2744 10121745 
2745 10121745 
2746 10121745 
2747 10121745 
2748 10121745 
2749 10121745 
2750 10121745 
2751 10121745 
2752 10121745 
2753 10121745 
2754 10121745 
2755 10121745 
2756 10121745 
2757 10121745 
2758 10121745 
2759 10121745 
2760 10121745 
2761 10121745 
2762 10121745 
2763 10121745 
2764 10121745 
2765 10121745 
2766 10121745 
2767 10121745 
2768 10121745 
2769 10121745 
2770 10121745 
2771 10121745 
2772 10121745 
2773 10121745 
2774 10121745 
2775 10121745 
2776 10121745 
2777 10121745 
2778 10121745 
2779 10121745 
2780 10121745 
2781 10121745 
2782 10121745 
2783 10121745 
2784 10121745 
2785 10121745 
2786 10121745 
2787 10121745 
2788 10121745 
2789 10121745 
2790 10121745 
2791 10121745 
2792 10121745 
2793 10121745 
2794 10121745 
2795 10121745 
2796 10121745 
2797 10121745 
2798 10121745 
2799 10121745 
2800 10121745 
2801 10121745 
2802 10121745 
2803 10121745 
2804 10121745 
2805 10121745 
2806 10121745 
2807 10121745 
2808 10121745 
2809 10121745 
2810 10121745 
2811 10121745 
2812 10121745 
2813 10121745 
2814 10121745 
2815 10121745 
2816 10121745 
2817 10121745 
2818 10121745 
2819 10121745 
2820 10121745 
2821 10121745 
2822 10121745 
2823 10121745 
2824 10121745 
2825 10121745 
2826 10121745 
2827 10121745 
2828 10121745 
2829 10121745 
2830 10121745 
2831 10121745 
2832 10121745 
2833 10121745 
2834 10121745 
2835 10121745 
2836 10121745 
2837 10121745 
2838 10121745 
2839 10121745 
2840 10121745 
2841 10121745 
2842 10121745 
2843 10121745 
2844 10121745 
2845 10121745 
2846 10121745 
2847 10121745 
2848 10121745 
2849 10121745 
2850 10121745 
2851 10121745 
2852 10121745 
2853 10121745 
2854 10121745 
2855 10121745 
2856 10121745 
2857 10121745 
2858 10121745 
2859 10121745 
2860 10121745 
2861 10121745 
2862 10121745 
2863 10121745 
2864 10121745 
2865 10121745 
2866 10121745 
2867 10121745 
2868 10121745 
2869 10121745 
2870 10121745 
2871 10121745 
2872 10121745 
2873 10121745 
2874 10121745 
2875 10121745 
2876 10121745 
2877 10121745 
2878 10121745 
2879 10121745 
2880 10121745 
2881 10121745 
2882 10121745 
2883 10121745 
2884 10121745 
2885 10121745 
2886 10121745 
2887 10121745 
2888 10121745 
2889 10121745 
2890 10121745 
2891 10121745 
2892 10121745 
2893 10121745 
2894 10121745 
2895 10121745 
2896 10121745 
2897 10121745 
2898 10121745 
2899 10121745 
2900 10121745 
2901 10121745 
2902 10121745 
2903 10121745 
2904 10121745 
2905 10121745 
2906 10121745 
2907 10121745 
2908 10121745 
2909 10121745 
2910 10121745 
2911 10121745 
2912 10121745 
2913 10121745 
2914 10121745 
2915 10121745 
2916 10121745 
2917 10121745 
2918 10121745 
2919 10121745 
2920 10121745 
2921 10121745 
2922 10121745 
2923 10121745 
2924 10121745 
2925 10121745 
2926 10121745 
2927 10121745 
2928 10121745 
2929 10121745 
2930 10121745 
2931 10121745 
2932 10121745 
2933 10121745 
2934 10121745 
2935 10121745 
2936 10121745 
2937 10121745 
2938 10121745 
2939 10121745 
2940 10121745 
2941 10121745 
2942 10121745 
2943 10121745 
2944 10121745 
2945 10121745 
2946 10121745 
2947 10121745 
2948 10121745 
2949 10121745 
2950 10121745 
2951 10121745 
2952 10121745 
2953 10121745 
2954 10121745 
2955 10121745 
2956 10121745 
2957 10121745 
2958 10121745 
2959 10121745 
2960 10121745 
2961 10121745 
2962 10121745 
2963 10121745 
2964 10121745 
2965 10121745 
2966 10121745 
2967 10121745 
2968 10121745 
2969 10121745 
2970 10121745 
2971 10121745 
2972 10121745 
2973 10121745 
2974 10121745 
2975 10121745 
2976 10121745 
2977 10121745 
2978 10121745 
2979 10121745 
2980 10121745 
2981 10121745 
2982 10121745 
2983 10121745 
2984 10121745 
2985 10121745 
2986 10121745 
2987 10121745 
2988 10121745 
2989 10121745 
2990 10121745 
2991 10121745 
2992 10121745 
2993 10121745 
2994 10121745 
2995 10121745 
2996 10121745 
2997 10121745 
2998 10121745 
2999 10121745 

