0 5961804 
1 5960092 
2 5953206 
3 5949887 
4 5946737 
5 5943785 
6 5942200 
7 5941220 
8 5939183 
9 5938956 
10 5938943 
11 5935160 
12 5926828 
13 5924547 
14 5921947 
15 5902611 
16 5899737 
17 5898491 
18 5891683 
19 5891665 
20 5891652 
21 5891489 
22 5891384 
23 5890034 
24 5890006 
25 5887544 
26 5887385 
27 5886260 
28 5886247 
29 5885399 
30 5884373 
31 5884313 
32 5884270 
33 5882810 
34 5881896 
35 5881357 
36 5879453 
37 5855504 
38 5855328 
39 5854589 
40 5852251 
41 5850527 
42 5850505 
43 5850344 
44 5849337 
45 5848933 
46 5848926 
47 5848306 
48 5848189 
49 5830665 
50 5815131 
51 5812449 
52 5812097 
53 5796783 
54 5796401 
55 5794347 
56 5793706 
57 5790743 
58 5790553 
59 5788049 
60 5787909 
61 5787666 
62 5787606 
63 5787109 
64 5786385 
65 5786385 
66 5786191 
67 5785565 
68 5785418 
69 5784578 
70 5784546 
71 5784506 
72 5782914 
73 5780315 
74 5780072 
75 5780012 
76 5779515 
77 5775176 
78 5774909 
79 5774243 
80 5774074 
81 5770573 
82 5764814 
83 5762760 
84 5762460 
85 5761385 
86 5758715 
87 5758313 
88 5757021 
89 5756189 
90 5748498 
91 5745234 
92 5744541 
93 5743222 
94 5733563 
95 5733546 
96 5733330 
97 5733020 
98 5730623 
99 5726279 
100 5723724 
101 5723659 
102 5723443 
103 5723220 
104 5721880 
105 5720021 
106 5719268 
107 5717897 
108 5711417 
109 5706186 
110 5705583 
111 5702533 
112 5702012 
113 5701989 
114 5701862 
115 5699587 
116 5699581 
117 5698619 
118 5697137 
119 5694557 
120 5693451 
121 5693420 
122 5693198 
123 5691990 
124 5691876 
125 5691615 
126 5688391 
127 5685834 
128 5685834 
129 5685292 
130 5684841 
131 5684746 
132 5684293 
133 5683734 
134 5682980 
135 5679877 
136 5679830 
137 5679268 
138 5678313 
139 5673289 
140 5671449 
141 5671428 
142 5670322 
143 5670100 
144 5669401 
145 5669392 
146 5668934 
147 5668638 
148 5667863 
149 5667863 
150 5667833 
151 5667813 
152 5667810 
153 5667341 
154 5666154 
155 5664808 
156 5664798 
157 5664722 
158 5664702 
159 5664551 
160 5664185 
161 5663588 
162 5662462 
163 5661649 
164 5661444 
165 5661311 
166 5661257 
167 5660809 
168 5659647 
169 5659304 
170 5657708 
171 5657531 
172 5655725 
173 5650184 
174 5647486 
175 5645216 
176 5644089 
177 5634602 
178 5633097 
179 5631697 
180 5631645 
181 5630585 
182 5627723 
183 5623558 
184 5612411 
185 5612359 
186 5600462 
187 5600062 
188 5599922 
189 5599912 
190 5598166 
191 5596224 
192 5589697 
193 5588110 
194 5586912 
195 5586716 
196 5580128 
197 5579988 
198 5579864 
199 5578075 
200 5576437 
201 5574426 
202 5574109 
203 5573818 
204 5571899 
205 5570719 
206 5568967 
207 5566893 
208 5566198 
209 5565786 
210 5565110 
211 5562380 
212 5562149 
213 5561673 
214 5560601 
215 5559884 
216 5551099 
217 5551067 
218 5542435 
219 5542378 
220 5542036 
221 5541860 
222 5541853 
223 5541846 
224 5541610 
225 5541273 
226 5541011 
227 5540935 
228 5540521 
229 5540504 
230 5540464 
231 5539655 
232 5539648 
233 5538779 
234 5538736 
235 5538220 
236 5537962 
237 5537955 
238 5537284 
239 5537255 
240 5537176 
241 5537158 
242 5533876 
243 5533117 
244 5533110 
245 5532995 
246 5532701 
247 5532659 
248 5529672 
249 5529068 
250 5529004 
251 5528935 
252 5528215 
253 5528165 
254 5527918 
255 5527070 
256 5518124 
257 5517731 
258 5516988 
259 5512575 
260 5512198 
261 5512113 
262 5512053 
263 5511237 
264 5511090 
265 5511090 
266 5509221 
267 5508890 
268 5508612 
269 5508571 
270 5508541 
271 5508132 
272 5508093 
273 5507610 
274 5505115 
275 5504918 
276 5504456 
277 5503802 
278 5503635 
279 5503401 
280 5503072 
281 5502695 
282 5502379 
283 5499802 
284 5499322 
285 5499253 
286 5499140 
287 5498237 
288 5498230 
289 5497777 
290 5497676 
291 5497570 
292 5497355 
293 5497342 
294 5496943 
295 5496341 
296 5496316 
297 5495679 
298 5495569 
299 5495449 
300 5495332 
301 5494933 
302 5494727 
303 5493280 
304 5493022 
305 5492897 
306 5492751 
307 5492745 
308 5492540 
309 5492478 
310 5492359 
311 5492277 
312 5492220 
313 5492155 
314 5492009 
315 5492003 
316 5492003 
317 5487662 
318 5471804 
319 5471804 
320 5470066 
321 5469883 
322 5453106 
323 5450890 
324 5450812 
325 5450629 
326 5450574 
327 5450574 
328 5448571 
329 5448512 
330 5448512 
331 5448258 
332 5448162 
333 5448075 
334 5447232 
335 5446723 
336 5446723 
337 5446446 
338 5446310 
339 5445543 
340 5445211 
341 5444497 
342 5444292 
343 5443994 
344 5443994 
345 5443994 
346 5440459 
347 5440459 
348 5440224 
349 5440185 
350 5439874 
351 5438464 
352 5437820 
353 5435742 
354 5435693 
355 5435191 
356 5435110 
357 5434328 
358 5433552 
359 5433227 
360 5433227 
361 5433159 
362 5432421 
363 5432382 
364 5431340 
365 5431332 
366 5430424 
367 5430277 
368 5430269 
369 5429533 
370 5429533 
371 5429097 
372 5429030 
373 5428647 
374 5428504 
375 5428380 
376 5428380 
377 5428380 
378 5428299 
379 5427835 
380 5427835 
381 5427835 
382 5427739 
383 5427739 
384 5427739 
385 5427739 
386 5427739 
387 5427739 
388 5427739 
389 5427739 
390 5427739 
391 5427739 
392 5427739 
393 5427739 
394 5427739 
395 5427739 
396 5427739 
397 5427739 
398 5427739 
399 5427739 
400 5427739 
401 5427739 
402 5427739 
403 5427739 
404 5427739 
405 5427739 
406 5427739 
407 5427739 
408 5427739 
409 5427739 
410 5427739 
411 5427739 
412 5427739 
413 5427739 
414 5427739 
415 5427739 
416 5427739 
417 5427739 
418 5427739 
419 5427739 
420 5427739 
421 5427739 
422 5427739 
423 5427739 
424 5427739 
425 5427739 
426 5427739 
427 5427739 
428 5427739 
429 5427739 
430 5427739 
431 5427739 
432 5427739 
433 5427739 
434 5427739 
435 5427739 
436 5427739 
437 5427739 
438 5427739 
439 5427739 
440 5427739 
441 5427739 
442 5427739 
443 5427739 
444 5427739 
445 5427739 
446 5427739 
447 5427739 
448 5427739 
449 5427739 
450 5427739 
451 5427739 
452 5427739 
453 5427739 
454 5427739 
455 5427739 
456 5427739 
457 5427739 
458 5427739 
459 5427739 
460 5427739 
461 5427739 
462 5427739 
463 5427739 
464 5427739 
465 5427739 
466 5427739 
467 5427739 
468 5427739 
469 5427739 
470 5427739 
471 5427739 
472 5427739 
473 5427739 
474 5427739 
475 5427739 
476 5427739 
477 5427739 
478 5427739 
479 5427739 
480 5427739 
481 5427739 
482 5427739 
483 5427739 
484 5427739 
485 5427739 
486 5427739 
487 5427739 
488 5427739 
489 5427739 
490 5427739 
491 5427739 
492 5427739 
493 5427739 
494 5427739 
495 5427739 
496 5427739 
497 5427739 
498 5427739 
499 5427739 
500 5427739 
501 5427739 
502 5427739 
503 5427739 
504 5427739 
505 5427739 
506 5427739 
507 5427739 
508 5427739 
509 5427739 
510 5427739 
511 5427739 
512 5427739 
513 5427739 
514 5427739 
515 5427739 
516 5427739 
517 5427739 
518 5427739 
519 5427739 
520 5427739 
521 5427739 
522 5427739 
523 5427739 
524 5427739 
525 5427739 
526 5427739 
527 5427739 
528 5427739 
529 5427739 
530 5427739 
531 5427739 
532 5427739 
533 5427739 
534 5427739 
535 5427739 
536 5427739 
537 5427739 
538 5427739 
539 5427739 
540 5427739 
541 5427739 
542 5427739 
543 5427739 
544 5427739 
545 5427739 
546 5427739 
547 5427739 
548 5427739 
549 5427739 
550 5427739 
551 5427739 
552 5427739 
553 5427739 
554 5427739 
555 5427739 
556 5427739 
557 5427739 
558 5427739 
559 5427739 
560 5427739 
561 5427739 
562 5427739 
563 5427739 
564 5427739 
565 5427739 
566 5427739 
567 5427739 
568 5427739 
569 5427739 
570 5427739 
571 5427739 
572 5427739 
573 5427739 
574 5427739 
575 5427739 
576 5427739 
577 5427739 
578 5427739 
579 5427739 
580 5427739 
581 5427739 
582 5427739 
583 5427739 
584 5427739 
585 5427739 
586 5427739 
587 5427739 
588 5427739 
589 5427739 
590 5427739 
591 5427739 
592 5427739 
593 5427739 
594 5427739 
595 5427739 
596 5427739 
597 5427739 
598 5427739 
599 5427739 
600 5427739 
601 5427739 
602 5427739 
603 5427739 
604 5427739 
605 5427739 
606 5427739 
607 5427739 
608 5427739 
609 5427739 
610 5427739 
611 5427739 
612 5427739 
613 5427739 
614 5427739 
615 5427739 
616 5427739 
617 5427739 
618 5427739 
619 5427739 
620 5427739 
621 5427739 
622 5427739 
623 5427739 
624 5427739 
625 5427739 
626 5427739 
627 5427739 
628 5427739 
629 5427739 
630 5427739 
631 5427739 
632 5427739 
633 5427739 
634 5427739 
635 5427739 
636 5427739 
637 5427739 
638 5427739 
639 5427739 
640 5427739 
641 5427739 
642 5427739 
643 5427739 
644 5427739 
645 5427739 
646 5427739 
647 5427739 
648 5427739 
649 5427739 
650 5427739 
651 5427739 
652 5427739 
653 5427739 
654 5427739 
655 5427739 
656 5427739 
657 5427739 
658 5427739 
659 5427739 
660 5427739 
661 5427739 
662 5427739 
663 5427739 
664 5427739 
665 5427739 
666 5427739 
667 5427739 
668 5427739 
669 5427739 
670 5427739 
671 5427739 
672 5427739 
673 5427739 
674 5427739 
675 5427739 
676 5427739 
677 5427739 
678 5427739 
679 5427739 
680 5427739 
681 5427739 
682 5427739 
683 5427739 
684 5427739 
685 5427739 
686 5427739 
687 5427739 
688 5427739 
689 5427739 
690 5427739 
691 5427739 
692 5427739 
693 5427739 
694 5427739 
695 5427739 
696 5427739 
697 5427739 
698 5427739 
699 5427739 
700 5427739 
701 5427739 
702 5427739 
703 5427739 
704 5427739 
705 5427739 
706 5427739 
707 5427739 
708 5427739 
709 5427739 
710 5427739 
711 5427739 
712 5427739 
713 5427739 
714 5427739 
715 5427739 
716 5427739 
717 5427739 
718 5427739 
719 5427739 
720 5427739 
721 5427739 
722 5427739 
723 5427739 
724 5427739 
725 5427739 
726 5427739 
727 5427739 
728 5427739 
729 5427739 
730 5427739 
731 5427739 
732 5427739 
733 5427739 
734 5427739 
735 5427739 
736 5427739 
737 5427739 
738 5427739 
739 5427739 
740 5427739 
741 5427739 
742 5427739 
743 5427739 
744 5427739 
745 5427739 
746 5427739 
747 5427739 
748 5427739 
749 5427739 
750 5427739 
751 5427739 
752 5427739 
753 5427739 
754 5427739 
755 5427739 
756 5427739 
757 5427739 
758 5427739 
759 5427739 
760 5427739 
761 5427739 
762 5427739 
763 5427739 
764 5427739 
765 5427739 
766 5427739 
767 5427739 
768 5427739 
769 5427739 
770 5427739 
771 5427739 
772 5427739 
773 5427739 
774 5427739 
775 5427739 
776 5427739 
777 5427739 
778 5427739 
779 5427739 
780 5427739 
781 5427739 
782 5427739 
783 5427739 
784 5427739 
785 5427739 
786 5427739 
787 5427739 
788 5427739 
789 5427739 
790 5427739 
791 5427739 
792 5427739 
793 5427739 
794 5427739 
795 5427739 
796 5427739 
797 5427739 
798 5427739 
799 5427739 
800 5427739 
801 5427739 
802 5427739 
803 5427739 
804 5427739 
805 5427739 
806 5427739 
807 5427739 
808 5427739 
809 5427739 
810 5427739 
811 5427739 
812 5427739 
813 5427739 
814 5427739 
815 5427739 
816 5427739 
817 5427739 
818 5427739 
819 5427739 
820 5427739 
821 5427739 
822 5427739 
823 5427739 
824 5427739 
825 5427739 
826 5427739 
827 5427739 
828 5427739 
829 5427739 
830 5427739 
831 5427739 
832 5427739 
833 5427739 
834 5427739 
835 5427739 
836 5427739 
837 5427739 
838 5427739 
839 5427739 
840 5427739 
841 5427739 
842 5427739 
843 5427739 
844 5427739 
845 5427739 
846 5427739 
847 5427739 
848 5427739 
849 5427739 
850 5427739 
851 5427739 
852 5427739 
853 5427739 
854 5427739 
855 5427739 
856 5427739 
857 5427739 
858 5427739 
859 5427739 
860 5427739 
861 5427739 
862 5427739 
863 5427739 
864 5427739 
865 5427739 
866 5427739 
867 5427739 
868 5427739 
869 5427739 
870 5427739 
871 5427739 
872 5427739 
873 5427739 
874 5427739 
875 5427739 
876 5427739 
877 5427739 
878 5427739 
879 5427739 
880 5427739 
881 5427739 
882 5427739 
883 5427739 
884 5427739 
885 5427739 
886 5427739 
887 5427739 
888 5427739 
889 5427739 
890 5427739 
891 5427739 
892 5427739 
893 5427739 
894 5427739 
895 5427739 
896 5427739 
897 5427739 
898 5427739 
899 5427739 
900 5427739 
901 5427739 
902 5427739 
903 5427739 
904 5427739 
905 5427739 
906 5427739 
907 5427739 
908 5427739 
909 5427739 
910 5427739 
911 5427739 
912 5427739 
913 5427739 
914 5427739 
915 5427739 
916 5427739 
917 5427739 
918 5427739 
919 5427739 
920 5427739 
921 5427739 
922 5427739 
923 5427739 
924 5427739 
925 5427739 
926 5427739 
927 5427739 
928 5427739 
929 5427739 
930 5427739 
931 5427739 
932 5427739 
933 5427739 
934 5427739 
935 5427739 
936 5427739 
937 5427739 
938 5427739 
939 5427739 
940 5427739 
941 5427739 
942 5427739 
943 5427739 
944 5427739 
945 5427739 
946 5427739 
947 5427739 
948 5427739 
949 5427739 
950 5427739 
951 5427739 
952 5427739 
953 5427739 
954 5427739 
955 5427739 
956 5427739 
957 5427739 
958 5427739 
959 5427739 
960 5427739 
961 5427739 
962 5427739 
963 5427739 
964 5427739 
965 5427739 
966 5427739 
967 5427739 
968 5427739 
969 5427739 
970 5427739 
971 5427739 
972 5427739 
973 5427739 
974 5427739 
975 5427739 
976 5427739 
977 5427739 
978 5427739 
979 5427739 
980 5427739 
981 5427739 
982 5427739 
983 5427739 
984 5427739 
985 5427739 
986 5427739 
987 5427739 
988 5427739 
989 5427739 
990 5427739 
991 5427739 
992 5427739 
993 5427739 
994 5427739 
995 5427739 
996 5427739 
997 5427739 
998 5427739 
999 5427739 
1000 5427739 
1001 5427739 
1002 5427739 
1003 5427739 
1004 5427739 
1005 5427739 
1006 5427739 
1007 5427739 
1008 5427739 
1009 5427739 
1010 5427739 
1011 5427739 
1012 5427739 
1013 5427739 
1014 5427739 
1015 5427739 
1016 5427739 
1017 5427739 
1018 5427739 
1019 5427739 
1020 5427739 
1021 5427739 
1022 5427739 
1023 5427739 
1024 5427739 
1025 5427739 
1026 5427739 
1027 5427739 
1028 5427739 
1029 5427739 
1030 5427739 
1031 5427739 
1032 5427739 
1033 5427739 
1034 5427739 
1035 5427739 
1036 5427739 
1037 5427739 
1038 5427739 
1039 5427739 
1040 5427739 
1041 5427739 
1042 5427739 
1043 5427739 
1044 5427739 
1045 5427739 
1046 5427739 
1047 5427739 
1048 5427739 
1049 5427739 
1050 5427739 
1051 5427739 
1052 5427739 
1053 5427739 
1054 5427739 
1055 5427739 
1056 5427739 
1057 5427739 
1058 5427739 
1059 5427739 
1060 5427739 
1061 5427739 
1062 5427739 
1063 5427739 
1064 5427739 
1065 5427739 
1066 5427739 
1067 5427739 
1068 5427739 
1069 5427739 
1070 5427739 
1071 5427739 
1072 5427739 
1073 5427739 
1074 5427739 
1075 5427739 
1076 5427739 
1077 5427739 
1078 5427739 
1079 5427739 
1080 5427739 
1081 5427739 
1082 5427739 
1083 5427739 
1084 5427739 
1085 5427739 
1086 5427739 
1087 5427739 
1088 5427739 
1089 5427739 
1090 5427739 
1091 5427739 
1092 5427739 
1093 5427739 
1094 5427739 
1095 5427739 
1096 5427739 
1097 5427739 
1098 5427739 
1099 5427739 
1100 5427739 
1101 5427739 
1102 5427739 
1103 5427739 
1104 5427739 
1105 5427739 
1106 5427739 
1107 5427739 
1108 5427739 
1109 5427739 
1110 5427739 
1111 5427739 
1112 5427739 
1113 5427739 
1114 5427739 
1115 5427739 
1116 5427739 
1117 5427739 
1118 5427739 
1119 5427739 
1120 5427739 
1121 5427739 
1122 5427739 
1123 5427739 
1124 5427739 
1125 5427739 
1126 5427739 
1127 5427739 
1128 5427739 
1129 5427739 
1130 5427739 
1131 5427739 
1132 5427739 
1133 5427739 
1134 5427739 
1135 5427739 
1136 5427739 
1137 5427739 
1138 5427739 
1139 5427739 
1140 5427739 
1141 5427739 
1142 5427739 
1143 5427739 
1144 5427739 
1145 5427739 
1146 5427739 
1147 5427739 
1148 5427739 
1149 5427739 
1150 5427739 
1151 5427739 
1152 5427739 
1153 5427739 
1154 5427739 
1155 5427739 
1156 5427739 
1157 5427739 
1158 5427739 
1159 5427739 
1160 5427739 
1161 5427739 
1162 5427739 
1163 5427739 
1164 5427739 
1165 5427739 
1166 5427739 
1167 5427739 
1168 5427739 
1169 5427739 
1170 5427739 
1171 5427739 
1172 5427739 
1173 5427739 
1174 5427739 
1175 5427739 
1176 5427739 
1177 5427739 
1178 5427739 
1179 5427739 
1180 5427739 
1181 5427739 
1182 5427739 
1183 5427739 
1184 5427739 
1185 5427739 
1186 5427739 
1187 5427739 
1188 5427739 
1189 5427739 
1190 5427739 
1191 5427739 
1192 5427739 
1193 5427739 
1194 5427739 
1195 5427739 
1196 5427739 
1197 5427739 
1198 5427739 
1199 5427739 
1200 5427739 
1201 5427739 
1202 5427739 
1203 5427739 
1204 5427739 
1205 5427739 
1206 5427739 
1207 5427739 
1208 5427739 
1209 5427739 
1210 5427739 
1211 5427739 
1212 5427739 
1213 5427739 
1214 5427739 
1215 5427739 
1216 5427739 
1217 5427739 
1218 5427739 
1219 5427739 
1220 5427739 
1221 5427739 
1222 5427739 
1223 5427739 
1224 5427739 
1225 5427739 
1226 5427739 
1227 5427739 
1228 5427739 
1229 5427739 
1230 5427739 
1231 5427739 
1232 5427739 
1233 5427739 
1234 5427739 
1235 5427739 
1236 5427739 
1237 5427739 
1238 5427739 
1239 5427739 
1240 5427739 
1241 5427739 
1242 5427739 
1243 5427739 
1244 5427739 
1245 5427739 
1246 5427739 
1247 5427739 
1248 5427739 
1249 5427739 
1250 5427739 
1251 5427739 
1252 5427739 
1253 5427739 
1254 5427739 
1255 5427739 
1256 5427739 
1257 5427739 
1258 5427739 
1259 5427739 
1260 5427739 
1261 5427739 
1262 5427739 
1263 5427739 
1264 5427739 
1265 5427739 
1266 5427739 
1267 5427739 
1268 5427739 
1269 5427739 
1270 5427739 
1271 5427739 
1272 5427739 
1273 5427739 
1274 5427739 
1275 5427739 
1276 5427739 
1277 5427739 
1278 5427739 
1279 5427739 
1280 5427739 
1281 5427739 
1282 5427739 
1283 5427739 
1284 5427739 
1285 5427739 
1286 5427739 
1287 5427739 
1288 5427739 
1289 5427739 
1290 5427739 
1291 5427739 
1292 5427739 
1293 5427739 
1294 5427739 
1295 5427739 
1296 5427739 
1297 5427739 
1298 5427739 
1299 5427739 
1300 5427739 
1301 5427739 
1302 5427739 
1303 5427739 
1304 5427739 
1305 5427739 
1306 5427739 
1307 5427739 
1308 5427739 
1309 5427739 
1310 5427739 
1311 5427739 
1312 5427739 
1313 5427739 
1314 5427739 
1315 5427739 
1316 5427739 
1317 5427739 
1318 5427739 
1319 5427739 
1320 5427739 
1321 5427739 
1322 5427739 
1323 5427739 
1324 5427739 
1325 5427739 
1326 5427739 
1327 5427739 
1328 5427739 
1329 5427739 
1330 5427739 
1331 5427739 
1332 5427739 
1333 5427739 
1334 5427739 
1335 5427739 
1336 5427739 
1337 5427739 
1338 5427739 
1339 5427739 
1340 5427739 
1341 5427739 
1342 5427739 
1343 5427739 
1344 5427739 
1345 5427739 
1346 5427739 
1347 5427739 
1348 5427739 
1349 5427739 
1350 5427739 
1351 5427739 
1352 5427739 
1353 5427739 
1354 5427739 
1355 5427739 
1356 5427739 
1357 5427739 
1358 5427739 
1359 5427739 
1360 5427739 
1361 5427739 
1362 5427739 
1363 5427739 
1364 5427739 
1365 5427739 
1366 5427739 
1367 5427739 
1368 5427739 
1369 5427739 
1370 5427739 
1371 5427739 
1372 5427739 
1373 5427739 
1374 5427739 
1375 5427739 
1376 5427739 
1377 5427739 
1378 5427739 
1379 5427739 
1380 5427739 
1381 5427739 
1382 5427739 
1383 5427739 
1384 5427739 
1385 5427739 
1386 5427739 
1387 5427739 
1388 5427739 
1389 5427739 
1390 5427739 
1391 5427739 
1392 5427739 
1393 5427739 
1394 5427739 
1395 5427739 
1396 5427739 
1397 5427739 
1398 5427739 
1399 5427739 
1400 5427739 
1401 5427739 
1402 5427739 
1403 5427739 
1404 5427739 
1405 5427739 
1406 5427739 
1407 5427739 
1408 5427739 
1409 5427739 
1410 5427739 
1411 5427739 
1412 5427739 
1413 5427739 
1414 5427739 
1415 5427739 
1416 5427739 
1417 5427739 
1418 5427739 
1419 5427739 
1420 5427739 
1421 5427739 
1422 5427739 
1423 5427739 
1424 5427739 
1425 5427739 
1426 5427739 
1427 5427739 
1428 5427739 
1429 5427739 
1430 5427739 
1431 5427739 
1432 5427739 
1433 5427739 
1434 5427739 
1435 5427739 
1436 5427739 
1437 5427739 
1438 5427739 
1439 5427739 
1440 5427739 
1441 5427739 
1442 5427739 
1443 5427739 
1444 5427739 
1445 5427739 
1446 5427739 
1447 5427739 
1448 5427739 
1449 5427739 
1450 5427739 
1451 5427739 
1452 5427739 
1453 5427739 
1454 5427739 
1455 5427739 
1456 5427739 
1457 5427739 
1458 5427739 
1459 5427739 
1460 5427739 
1461 5427739 
1462 5427739 
1463 5427739 
1464 5427739 
1465 5427739 
1466 5427739 
1467 5427739 
1468 5427739 
1469 5427739 
1470 5427739 
1471 5427739 
1472 5427739 
1473 5427739 
1474 5427739 
1475 5427739 
1476 5427739 
1477 5427739 
1478 5427739 
1479 5427739 
1480 5427739 
1481 5427739 
1482 5427739 
1483 5427739 
1484 5427739 
1485 5427739 
1486 5427739 
1487 5427739 
1488 5427739 
1489 5427739 
1490 5427739 
1491 5427739 
1492 5427739 
1493 5427739 
1494 5427739 
1495 5427739 
1496 5427739 
1497 5427739 
1498 5427739 
1499 5427739 
1500 5427739 
1501 5427739 
1502 5427739 
1503 5427739 
1504 5427739 
1505 5427739 
1506 5427739 
1507 5427739 
1508 5427739 
1509 5427739 
1510 5427739 
1511 5427739 
1512 5427739 
1513 5427739 
1514 5427739 
1515 5427739 
1516 5427739 
1517 5427739 
1518 5427739 
1519 5427739 
1520 5427739 
1521 5427739 
1522 5427739 
1523 5427739 
1524 5427739 
1525 5427739 
1526 5427739 
1527 5427739 
1528 5427739 
1529 5427739 
1530 5427739 
1531 5427739 
1532 5427739 
1533 5427739 
1534 5427739 
1535 5427739 
1536 5427739 
1537 5427739 
1538 5427739 
1539 5427739 
1540 5427739 
1541 5427739 
1542 5427739 
1543 5427739 
1544 5427739 
1545 5427739 
1546 5427739 
1547 5427739 
1548 5427739 
1549 5427739 
1550 5427739 
1551 5427739 
1552 5427739 
1553 5427739 
1554 5427739 
1555 5427739 
1556 5427739 
1557 5427739 
1558 5427739 
1559 5427739 
1560 5427739 
1561 5427739 
1562 5427739 
1563 5427739 
1564 5427739 
1565 5427739 
1566 5427739 
1567 5427739 
1568 5427739 
1569 5427739 
1570 5427739 
1571 5427739 
1572 5427739 
1573 5427739 
1574 5427739 
1575 5427739 
1576 5427739 
1577 5427739 
1578 5427739 
1579 5427739 
1580 5427739 
1581 5427739 
1582 5427739 
1583 5427739 
1584 5427739 
1585 5427739 
1586 5427739 
1587 5427739 
1588 5427739 
1589 5427739 
1590 5427739 
1591 5427739 
1592 5427739 
1593 5427739 
1594 5427739 
1595 5427739 
1596 5427739 
1597 5427739 
1598 5427739 
1599 5427739 
1600 5427739 
1601 5427739 
1602 5427739 
1603 5427739 
1604 5427739 
1605 5427739 
1606 5427739 
1607 5427739 
1608 5427739 
1609 5427739 
1610 5427739 
1611 5427739 
1612 5427739 
1613 5427739 
1614 5427739 
1615 5427739 
1616 5427739 
1617 5427739 
1618 5427739 
1619 5427739 
1620 5427739 
1621 5427739 
1622 5427739 
1623 5427739 
1624 5427739 
1625 5427739 
1626 5427739 
1627 5427739 
1628 5427739 
1629 5427739 
1630 5427739 
1631 5427739 
1632 5427739 
1633 5427739 
1634 5427739 
1635 5427739 
1636 5427739 
1637 5427739 
1638 5427739 
1639 5427739 
1640 5427739 
1641 5427739 
1642 5427739 
1643 5427739 
1644 5427739 
1645 5427739 
1646 5427739 
1647 5427739 
1648 5427739 
1649 5427739 
1650 5427739 
1651 5427739 
1652 5427739 
1653 5427739 
1654 5427739 
1655 5427739 
1656 5427739 
1657 5427739 
1658 5427739 
1659 5427739 
1660 5427739 
1661 5427739 
1662 5427739 
1663 5427739 
1664 5427739 
1665 5427739 
1666 5427739 
1667 5427739 
1668 5427739 
1669 5427739 
1670 5427739 
1671 5427739 
1672 5427739 
1673 5427739 
1674 5427739 
1675 5427739 
1676 5427739 
1677 5427739 
1678 5427739 
1679 5427739 
1680 5427739 
1681 5427739 
1682 5427739 
1683 5427739 
1684 5427739 
1685 5427739 
1686 5427739 
1687 5427739 
1688 5427739 
1689 5427739 
1690 5427739 
1691 5427739 
1692 5427739 
1693 5427739 
1694 5427739 
1695 5427739 
1696 5427739 
1697 5427739 
1698 5427739 
1699 5427739 
1700 5427739 
1701 5427739 
1702 5427739 
1703 5427739 
1704 5427739 
1705 5427739 
1706 5427739 
1707 5427739 
1708 5427739 
1709 5427739 
1710 5427739 
1711 5427739 
1712 5427739 
1713 5427739 
1714 5427739 
1715 5427739 
1716 5427739 
1717 5427739 
1718 5427739 
1719 5427739 
1720 5427739 
1721 5427739 
1722 5427739 
1723 5427739 
1724 5427739 
1725 5427739 
1726 5427739 
1727 5427739 
1728 5427739 
1729 5427739 
1730 5427739 
1731 5427739 
1732 5427739 
1733 5427739 
1734 5427739 
1735 5427739 
1736 5427739 
1737 5427739 
1738 5427739 
1739 5427739 
1740 5427739 
1741 5427739 
1742 5427739 
1743 5427739 
1744 5427739 
1745 5427739 
1746 5427739 
1747 5427739 
1748 5427739 
1749 5427739 
1750 5427739 
1751 5427739 
1752 5427739 
1753 5427739 
1754 5427739 
1755 5427739 
1756 5427739 
1757 5427739 
1758 5427739 
1759 5427739 
1760 5427739 
1761 5427739 
1762 5427739 
1763 5427739 
1764 5427739 
1765 5427739 
1766 5427739 
1767 5427739 
1768 5427739 
1769 5427739 
1770 5427739 
1771 5427739 
1772 5427739 
1773 5427739 
1774 5427739 
1775 5427739 
1776 5427739 
1777 5427739 
1778 5427739 
1779 5427739 
1780 5427739 
1781 5427739 
1782 5427739 
1783 5427739 
1784 5427739 
1785 5427739 
1786 5427739 
1787 5427739 
1788 5427739 
1789 5427739 
1790 5427739 
1791 5427739 
1792 5427739 
1793 5427739 
1794 5427739 
1795 5427739 
1796 5427739 
1797 5427739 
1798 5427739 
1799 5427739 
1800 5427739 
1801 5427739 
1802 5427739 
1803 5427739 
1804 5427739 
1805 5427739 
1806 5427739 
1807 5427739 
1808 5427739 
1809 5427739 
1810 5427739 
1811 5427739 
1812 5427739 
1813 5427739 
1814 5427739 
1815 5427739 
1816 5427739 
1817 5427739 
1818 5427739 
1819 5427739 
1820 5427739 
1821 5427739 
1822 5427739 
1823 5427739 
1824 5427739 
1825 5427739 
1826 5427739 
1827 5427739 
1828 5427739 
1829 5427739 
1830 5427739 
1831 5427739 
1832 5427739 
1833 5427739 
1834 5427739 
1835 5427739 
1836 5427739 
1837 5427739 
1838 5427739 
1839 5427739 
1840 5427739 
1841 5427739 
1842 5427739 
1843 5427739 
1844 5427739 
1845 5427739 
1846 5427739 
1847 5427739 
1848 5427739 
1849 5427739 
1850 5427739 
1851 5427739 
1852 5427739 
1853 5427739 
1854 5427739 
1855 5427739 
1856 5427739 
1857 5427739 
1858 5427739 
1859 5427739 
1860 5427739 
1861 5427739 
1862 5427739 
1863 5427739 
1864 5427739 
1865 5427739 
1866 5427739 
1867 5427739 
1868 5427739 
1869 5427739 
1870 5427739 
1871 5427739 
1872 5427739 
1873 5427739 
1874 5427739 
1875 5427739 
1876 5427739 
1877 5427739 
1878 5427739 
1879 5427739 
1880 5427739 
1881 5427739 
1882 5427739 
1883 5427739 
1884 5427739 
1885 5427739 
1886 5427739 
1887 5427739 
1888 5427739 
1889 5427739 
1890 5427739 
1891 5427739 
1892 5427739 
1893 5427739 
1894 5427739 
1895 5427739 
1896 5427739 
1897 5427739 
1898 5427739 
1899 5427739 
1900 5427739 
1901 5427739 
1902 5427739 
1903 5427739 
1904 5427739 
1905 5427739 
1906 5427739 
1907 5427739 
1908 5427739 
1909 5427739 
1910 5427739 
1911 5427739 
1912 5427739 
1913 5427739 
1914 5427739 
1915 5427739 
1916 5427739 
1917 5427739 
1918 5427739 
1919 5427739 
1920 5427739 
1921 5427739 
1922 5427739 
1923 5427739 
1924 5427739 
1925 5427739 
1926 5427739 
1927 5427739 
1928 5427739 
1929 5427739 
1930 5427739 
1931 5427739 
1932 5427739 
1933 5427739 
1934 5427739 
1935 5427739 
1936 5427739 
1937 5427739 
1938 5427739 
1939 5427739 
1940 5427739 
1941 5427739 
1942 5427739 
1943 5427739 
1944 5427739 
1945 5427739 
1946 5427739 
1947 5427739 
1948 5427739 
1949 5427739 
1950 5427739 
1951 5427739 
1952 5427739 
1953 5427739 
1954 5427739 
1955 5427739 
1956 5427739 
1957 5427739 
1958 5427739 
1959 5427739 
1960 5427739 
1961 5427739 
1962 5427739 
1963 5427739 
1964 5427739 
1965 5427739 
1966 5427739 
1967 5427739 
1968 5427739 
1969 5427739 
1970 5427739 
1971 5427739 
1972 5427739 
1973 5427739 
1974 5427739 
1975 5427739 
1976 5427739 
1977 5427739 
1978 5427739 
1979 5427739 
1980 5427739 
1981 5427739 
1982 5427739 
1983 5427739 
1984 5427739 
1985 5427739 
1986 5427739 
1987 5427739 
1988 5427739 
1989 5427739 
1990 5427739 
1991 5427739 
1992 5427739 
1993 5427739 
1994 5427739 
1995 5427739 
1996 5427739 
1997 5427739 
1998 5427739 
1999 5427739 
2000 5427739 
2001 5427739 
2002 5427739 
2003 5427739 
2004 5427739 
2005 5427739 
2006 5427739 
2007 5427739 
2008 5427739 
2009 5427739 
2010 5427739 
2011 5427739 
2012 5427739 
2013 5427739 
2014 5427739 
2015 5427739 
2016 5427739 
2017 5427739 
2018 5427739 
2019 5427739 
2020 5427739 
2021 5427739 
2022 5427739 
2023 5427739 
2024 5427739 
2025 5427739 
2026 5427739 
2027 5427739 
2028 5427739 
2029 5427739 
2030 5427739 
2031 5427739 
2032 5427739 
2033 5427739 
2034 5427739 
2035 5427739 
2036 5427739 
2037 5427739 
2038 5427739 
2039 5427739 
2040 5427739 
2041 5427739 
2042 5427739 
2043 5427739 
2044 5427739 
2045 5427739 
2046 5427739 
2047 5427739 
2048 5427739 
2049 5427739 
2050 5427739 
2051 5427739 
2052 5427739 
2053 5427739 
2054 5427739 
2055 5427739 
2056 5427739 
2057 5427739 
2058 5427739 
2059 5427739 
2060 5427739 
2061 5427739 
2062 5427739 
2063 5427739 
2064 5427739 
2065 5427739 
2066 5427739 
2067 5427739 
2068 5427739 
2069 5427739 
2070 5427739 
2071 5427739 
2072 5427739 
2073 5427739 
2074 5427739 
2075 5427739 
2076 5427739 
2077 5427739 
2078 5427739 
2079 5427739 
2080 5427739 
2081 5427739 
2082 5427739 
2083 5427739 
2084 5427739 
2085 5427739 
2086 5427739 
2087 5427739 
2088 5427739 
2089 5427739 
2090 5427739 
2091 5427739 
2092 5427739 
2093 5427739 
2094 5427739 
2095 5427739 
2096 5427739 
2097 5427739 
2098 5427739 
2099 5427739 
2100 5427739 
2101 5427739 
2102 5427739 
2103 5427739 
2104 5427739 
2105 5427739 
2106 5427739 
2107 5427739 
2108 5427739 
2109 5427739 
2110 5427739 
2111 5427739 
2112 5427739 
2113 5427739 
2114 5427739 
2115 5427739 
2116 5427739 
2117 5427739 
2118 5427739 
2119 5427739 
2120 5427739 
2121 5427739 
2122 5427739 
2123 5427739 
2124 5427739 
2125 5427739 
2126 5427739 
2127 5427739 
2128 5427739 
2129 5427739 
2130 5427739 
2131 5427739 
2132 5427739 
2133 5427739 
2134 5427739 
2135 5427739 
2136 5427739 
2137 5427739 
2138 5427739 
2139 5427739 
2140 5427739 
2141 5427739 
2142 5427739 
2143 5427739 
2144 5427739 
2145 5427739 
2146 5427739 
2147 5427739 
2148 5427739 
2149 5427739 
2150 5427739 
2151 5427739 
2152 5427739 
2153 5427739 
2154 5427739 
2155 5427739 
2156 5427739 
2157 5427739 
2158 5427739 
2159 5427739 
2160 5427739 
2161 5427739 
2162 5427739 
2163 5427739 
2164 5427739 
2165 5427739 
2166 5427739 
2167 5427739 
2168 5427739 
2169 5427739 
2170 5427739 
2171 5427739 
2172 5427739 
2173 5427739 
2174 5427739 
2175 5427739 
2176 5427739 
2177 5427739 
2178 5427739 
2179 5427739 
2180 5427739 
2181 5427739 
2182 5427739 
2183 5427739 
2184 5427739 
2185 5427739 
2186 5427739 
2187 5427739 
2188 5427739 
2189 5427739 
2190 5427739 
2191 5427739 
2192 5427739 
2193 5427739 
2194 5427739 
2195 5427739 
2196 5427739 
2197 5427739 
2198 5427739 
2199 5427739 
2200 5427739 
2201 5427739 
2202 5427739 
2203 5427739 
2204 5427739 
2205 5427739 
2206 5427739 
2207 5427739 
2208 5427739 
2209 5427739 
2210 5427739 
2211 5427739 
2212 5427739 
2213 5427739 
2214 5427739 
2215 5427739 
2216 5427739 
2217 5427739 
2218 5427739 
2219 5427739 
2220 5427739 
2221 5427739 
2222 5427739 
2223 5427739 
2224 5427739 
2225 5427739 
2226 5427739 
2227 5427739 
2228 5427739 
2229 5427739 
2230 5427739 
2231 5427739 
2232 5427739 
2233 5427739 
2234 5427739 
2235 5427739 
2236 5427739 
2237 5427739 
2238 5427739 
2239 5427739 
2240 5427739 
2241 5427739 
2242 5427739 
2243 5427739 
2244 5427739 
2245 5427739 
2246 5427739 
2247 5427739 
2248 5427739 
2249 5427739 
2250 5427739 
2251 5427739 
2252 5427739 
2253 5427739 
2254 5427739 
2255 5427739 
2256 5427739 
2257 5427739 
2258 5427739 
2259 5427739 
2260 5427739 
2261 5427739 
2262 5427739 
2263 5427739 
2264 5427739 
2265 5427739 
2266 5427739 
2267 5427739 
2268 5427739 
2269 5427739 
2270 5427739 
2271 5427739 
2272 5427739 
2273 5427739 
2274 5427739 
2275 5427739 
2276 5427739 
2277 5427739 
2278 5427739 
2279 5427739 
2280 5427739 
2281 5427739 
2282 5427739 
2283 5427739 
2284 5427739 
2285 5427739 
2286 5427739 
2287 5427739 
2288 5427739 
2289 5427739 
2290 5427739 
2291 5427739 
2292 5427739 
2293 5427739 
2294 5427739 
2295 5427739 
2296 5427739 
2297 5427739 
2298 5427739 
2299 5427739 
2300 5427739 
2301 5427739 
2302 5427739 
2303 5427739 
2304 5427739 
2305 5427739 
2306 5427739 
2307 5427739 
2308 5427739 
2309 5427739 
2310 5427739 
2311 5427739 
2312 5427739 
2313 5427739 
2314 5427739 
2315 5427739 
2316 5427739 
2317 5427739 
2318 5427739 
2319 5427739 
2320 5427739 
2321 5427739 
2322 5427739 
2323 5427739 
2324 5427739 
2325 5427739 
2326 5427739 
2327 5427739 
2328 5427739 
2329 5427739 
2330 5427739 
2331 5427739 
2332 5427739 
2333 5427739 
2334 5427739 
2335 5427739 
2336 5427739 
2337 5427739 
2338 5427739 
2339 5427739 
2340 5427739 
2341 5427739 
2342 5427739 
2343 5427739 
2344 5427739 
2345 5427739 
2346 5427739 
2347 5427739 
2348 5427739 
2349 5427739 
2350 5427739 
2351 5427739 
2352 5427739 
2353 5427739 
2354 5427739 
2355 5427739 
2356 5427739 
2357 5427739 
2358 5427739 
2359 5427739 
2360 5427739 
2361 5427739 
2362 5427739 
2363 5427739 
2364 5427739 
2365 5427739 
2366 5427739 
2367 5427739 
2368 5427739 
2369 5427739 
2370 5427739 
2371 5427739 
2372 5427739 
2373 5427739 
2374 5427739 
2375 5427739 
2376 5427739 
2377 5427739 
2378 5427739 
2379 5427739 
2380 5427739 
2381 5427739 
2382 5427739 
2383 5427739 
2384 5427739 
2385 5427739 
2386 5427739 
2387 5427739 
2388 5427739 
2389 5427739 
2390 5427739 
2391 5427739 
2392 5427739 
2393 5427739 
2394 5427739 
2395 5427739 
2396 5427739 
2397 5427739 
2398 5427739 
2399 5427739 
2400 5427739 
2401 5427739 
2402 5427739 
2403 5427739 
2404 5427739 
2405 5427739 
2406 5427739 
2407 5427739 
2408 5427739 
2409 5427739 
2410 5427739 
2411 5427739 
2412 5427739 
2413 5427739 
2414 5427739 
2415 5427739 
2416 5427739 
2417 5427739 
2418 5427739 
2419 5427739 
2420 5427739 
2421 5427739 
2422 5427739 
2423 5427739 
2424 5427739 
2425 5427739 
2426 5427739 
2427 5427739 
2428 5427739 
2429 5427739 
2430 5427739 
2431 5427739 
2432 5427739 
2433 5427739 
2434 5427739 
2435 5427739 
2436 5427739 
2437 5427739 
2438 5427739 
2439 5427739 
2440 5427739 
2441 5427739 
2442 5427739 
2443 5427739 
2444 5427739 
2445 5427739 
2446 5427739 
2447 5427739 
2448 5427739 
2449 5427739 
2450 5427739 
2451 5427739 
2452 5427739 
2453 5427739 
2454 5427739 
2455 5427739 
2456 5427739 
2457 5427739 
2458 5427739 
2459 5427739 
2460 5427739 
2461 5427739 
2462 5427739 
2463 5427739 
2464 5427739 
2465 5427739 
2466 5427739 
2467 5427739 
2468 5427739 
2469 5427739 
2470 5427739 
2471 5427739 
2472 5427739 
2473 5427739 
2474 5427739 
2475 5427739 
2476 5427739 
2477 5427739 
2478 5427739 
2479 5427739 
2480 5427739 
2481 5427739 
2482 5427739 
2483 5427739 
2484 5427739 
2485 5427739 
2486 5427739 
2487 5427739 
2488 5427739 
2489 5427739 
2490 5427739 
2491 5427739 
2492 5427739 
2493 5427739 
2494 5427739 
2495 5427739 
2496 5427739 
2497 5427739 
2498 5427739 
2499 5427739 
2500 5427739 
2501 5427739 
2502 5427739 
2503 5427739 
2504 5427739 
2505 5427739 
2506 5427739 
2507 5427739 
2508 5427739 
2509 5427739 
2510 5427739 
2511 5427739 
2512 5427739 
2513 5427739 
2514 5427739 
2515 5427739 
2516 5427739 
2517 5427739 
2518 5427739 
2519 5427739 
2520 5427739 
2521 5427739 
2522 5427739 
2523 5427739 
2524 5427739 
2525 5427739 
2526 5427739 
2527 5427739 
2528 5427739 
2529 5427739 
2530 5427739 
2531 5427739 
2532 5427739 
2533 5427739 
2534 5427739 
2535 5427739 
2536 5427739 
2537 5427739 
2538 5427739 
2539 5427739 
2540 5427739 
2541 5427739 
2542 5427739 
2543 5427739 
2544 5427739 
2545 5427739 
2546 5427739 
2547 5427739 
2548 5427739 
2549 5427739 
2550 5427739 
2551 5427739 
2552 5427739 
2553 5427739 
2554 5427739 
2555 5427739 
2556 5427739 
2557 5427739 
2558 5427739 
2559 5427739 
2560 5427739 
2561 5427739 
2562 5427739 
2563 5427739 
2564 5427739 
2565 5427739 
2566 5427739 
2567 5427739 
2568 5427739 
2569 5427739 
2570 5427739 
2571 5427739 
2572 5427739 
2573 5427739 
2574 5427739 
2575 5427739 
2576 5427739 
2577 5427739 
2578 5427739 
2579 5427739 
2580 5427739 
2581 5427739 
2582 5427739 
2583 5427739 
2584 5427739 
2585 5427739 
2586 5427739 
2587 5427739 
2588 5427739 
2589 5427739 
2590 5427739 
2591 5427739 
2592 5427739 
2593 5427739 
2594 5427739 
2595 5427739 
2596 5427739 
2597 5427739 
2598 5427739 
2599 5427739 
2600 5427739 
2601 5427739 
2602 5427739 
2603 5427739 
2604 5427739 
2605 5427739 
2606 5427739 
2607 5427739 
2608 5427739 
2609 5427739 
2610 5427739 
2611 5427739 
2612 5427739 
2613 5427739 
2614 5427739 
2615 5427739 
2616 5427739 
2617 5427739 
2618 5427739 
2619 5427739 
2620 5427739 
2621 5427739 
2622 5427739 
2623 5427739 
2624 5427739 
2625 5427739 
2626 5427739 
2627 5427739 
2628 5427739 
2629 5427739 
2630 5427739 
2631 5427739 
2632 5427739 
2633 5427739 
2634 5427739 
2635 5427739 
2636 5427739 
2637 5427739 
2638 5427739 
2639 5427739 
2640 5427739 
2641 5427739 
2642 5427739 
2643 5427739 
2644 5427739 
2645 5427739 
2646 5427739 
2647 5427739 
2648 5427739 
2649 5427739 
2650 5427739 
2651 5427739 
2652 5427739 
2653 5427739 
2654 5427739 
2655 5427739 
2656 5427739 
2657 5427739 
2658 5427739 
2659 5427739 
2660 5427739 
2661 5427739 
2662 5427739 
2663 5427739 
2664 5427739 
2665 5427739 
2666 5427739 
2667 5427739 
2668 5427739 
2669 5427739 
2670 5427739 
2671 5427739 
2672 5427739 
2673 5427739 
2674 5427739 
2675 5427739 
2676 5427739 
2677 5427739 
2678 5427739 
2679 5427739 
2680 5427739 
2681 5427739 
2682 5427739 
2683 5427739 
2684 5427739 
2685 5427739 
2686 5427739 
2687 5427739 
2688 5427739 
2689 5427739 
2690 5427739 
2691 5427739 
2692 5427739 
2693 5427739 
2694 5427739 
2695 5427739 
2696 5427739 
2697 5427739 
2698 5427739 
2699 5427739 
2700 5427739 
2701 5427739 
2702 5427739 
2703 5427739 
2704 5427739 
2705 5427739 
2706 5427739 
2707 5427739 
2708 5427739 
2709 5427739 
2710 5427739 
2711 5427739 
2712 5427739 
2713 5427739 
2714 5427739 
2715 5427739 
2716 5427739 
2717 5427739 
2718 5427739 
2719 5427739 
2720 5427739 
2721 5427739 
2722 5427739 
2723 5427739 
2724 5427739 
2725 5427739 
2726 5427739 
2727 5427739 
2728 5427739 
2729 5427739 
2730 5427739 
2731 5427739 
2732 5427739 
2733 5427739 
2734 5427739 
2735 5427739 
2736 5427739 
2737 5427739 
2738 5427739 
2739 5427739 
2740 5427739 
2741 5427739 
2742 5427739 
2743 5427739 
2744 5427739 
2745 5427739 
2746 5427739 
2747 5427739 
2748 5427739 
2749 5427739 
2750 5427739 
2751 5427739 
2752 5427739 
2753 5427739 
2754 5427739 
2755 5427739 
2756 5427739 
2757 5427739 
2758 5427739 
2759 5427739 
2760 5427739 
2761 5427739 
2762 5427739 
2763 5427739 
2764 5427739 
2765 5427739 
2766 5427739 
2767 5427739 
2768 5427739 
2769 5427739 
2770 5427739 
2771 5427739 
2772 5427739 
2773 5427739 
2774 5427739 
2775 5427739 
2776 5427739 
2777 5427739 
2778 5427739 
2779 5427739 
2780 5427739 
2781 5427739 
2782 5427739 
2783 5427739 
2784 5427739 
2785 5427739 
2786 5427739 
2787 5427739 
2788 5427739 
2789 5427739 
2790 5427739 
2791 5427739 
2792 5427739 
2793 5427739 
2794 5427739 
2795 5427739 
2796 5427739 
2797 5427739 
2798 5427739 
2799 5427739 
2800 5427739 
2801 5427739 
2802 5427739 
2803 5427739 
2804 5427739 
2805 5427739 
2806 5427739 
2807 5427739 
2808 5427739 
2809 5427739 
2810 5427739 
2811 5427739 
2812 5427739 
2813 5427739 
2814 5427739 
2815 5427739 
2816 5427739 
2817 5427739 
2818 5427739 
2819 5427739 
2820 5427739 
2821 5427739 
2822 5427739 
2823 5427739 
2824 5427739 
2825 5427739 
2826 5427739 
2827 5427739 
2828 5427739 
2829 5427739 
2830 5427739 
2831 5427739 
2832 5427739 
2833 5427739 
2834 5427739 
2835 5427739 
2836 5427739 
2837 5427739 
2838 5427739 
2839 5427739 
2840 5427739 
2841 5427739 
2842 5427739 
2843 5427739 
2844 5427739 
2845 5427739 
2846 5427739 
2847 5427739 
2848 5427739 
2849 5427739 
2850 5427739 
2851 5427739 
2852 5427739 
2853 5427739 
2854 5427739 
2855 5427739 
2856 5427739 
2857 5427739 
2858 5427739 
2859 5427739 
2860 5427739 
2861 5427739 
2862 5427739 
2863 5427739 
2864 5427739 
2865 5427739 
2866 5427739 
2867 5427739 
2868 5427739 
2869 5427739 
2870 5427739 
2871 5427739 
2872 5427739 
2873 5427739 
2874 5427739 
2875 5427739 
2876 5427739 
2877 5427739 
2878 5427739 
2879 5427739 
2880 5427739 
2881 5427739 
2882 5427739 
2883 5427739 
2884 5427739 
2885 5427739 
2886 5427739 
2887 5427739 
2888 5427739 
2889 5427739 
2890 5427739 
2891 5427739 
2892 5427739 
2893 5427739 
2894 5427739 
2895 5427739 
2896 5427739 
2897 5427739 
2898 5427739 
2899 5427739 
2900 5427739 
2901 5427739 
2902 5427739 
2903 5427739 
2904 5427739 
2905 5427739 
2906 5427739 
2907 5427739 
2908 5427739 
2909 5427739 
2910 5427739 
2911 5427739 
2912 5427739 
2913 5427739 
2914 5427739 
2915 5427739 
2916 5427739 
2917 5427739 
2918 5427739 
2919 5427739 
2920 5427739 
2921 5427739 
2922 5427739 
2923 5427739 
2924 5427739 
2925 5427739 
2926 5427739 
2927 5427739 
2928 5427739 
2929 5427739 
2930 5427739 
2931 5427739 
2932 5427739 
2933 5427739 
2934 5427739 
2935 5427739 
2936 5427739 
2937 5427739 
2938 5427739 
2939 5427739 
2940 5427739 
2941 5427739 
2942 5427739 
2943 5427739 
2944 5427739 
2945 5427739 
2946 5427739 
2947 5427739 
2948 5427739 
2949 5427739 
2950 5427739 
2951 5427739 
2952 5427739 
2953 5427739 
2954 5427739 
2955 5427739 
2956 5427739 
2957 5427739 
2958 5427739 
2959 5427739 
2960 5427739 
2961 5427739 
2962 5427739 
2963 5427739 
2964 5427739 
2965 5427739 
2966 5427739 
2967 5427739 
2968 5427739 
2969 5427739 
2970 5427739 
2971 5427739 
2972 5427739 
2973 5427739 
2974 5427739 
2975 5427739 
2976 5427739 
2977 5427739 
2978 5427739 
2979 5427739 
2980 5427739 
2981 5427739 
2982 5427739 

