0 4082978 
1 4039073 
2 4037274 
3 4037183 
4 4015697 
5 4014933 
6 4014621 
7 4014595 
8 4014387 
9 4014219 
10 4013777 
11 4013654 
12 4012091 
13 4010860 
14 4009396 
15 4008645 
16 4008582 
17 4007808 
18 4007431 
19 3994561 
20 3984488 
21 3984423 
22 3984020 
23 3983880 
24 3983537 
25 3970823 
26 3970114 
27 3970086 
28 3970030 
29 3970010 
30 3969587 
31 3969210 
32 3967559 
33 3967221 
34 3966337 
35 3966189 
36 3962456 
37 3961908 
38 3961908 
39 3961656 
40 3961009 
41 3960824 
42 3960532 
43 3960270 
44 3960244 
45 3959845 
46 3959845 
47 3944191 
48 3936456 
49 3936411 
50 3936305 
51 3933627 
52 3933174 
53 3933155 
54 3932934 
55 3928917 
56 3926281 
57 3926262 
58 3925534 
59 3925471 
60 3925332 
61 3925285 
62 3925264 
63 3925247 
64 3924051 
65 3923518 
66 3916589 
67 3912559 
68 3912429 
69 3911822 
70 3910470 
71 3910331 
72 3907514 
73 3907130 
74 3906948 
75 3904035 
76 3903672 
77 3903666 
78 3903401 
79 3902023 
80 3901994 
81 3901090 
82 3900769 
83 3900388 
84 3899154 
85 3899077 
86 3899063 
87 3898993 
88 3898985 
89 3898908 
90 3898894 
91 3898715 
92 3897290 
93 3897290 
94 3897045 
95 3896156 
96 3895149 
97 3895135 
98 3894959 
99 3892742 
100 3892528 
101 3892333 
102 3891738 
103 3891591 
104 3891570 
105 3891353 
106 3890802 
107 3889183 
108 3889144 
109 3889109 
110 3888959 
111 3888439 
112 3887967 
113 3887589 
114 3887479 
115 3887479 
116 3887175 
117 3887007 
118 3886702 
119 3885090 
120 3883987 
121 3883947 
122 3883940 
123 3883890 
124 3883418 
125 3883244 
126 3883237 
127 3882717 
128 3882028 
129 3881417 
130 3881391 
131 3881378 
132 3880988 
133 3880949 
134 3880657 
135 3879904 
136 3879695 
137 3879688 
138 3878820 
139 3872228 
140 3861063 
141 3858111 
142 3857873 
143 3857193 
144 3857069 
145 3857062 
146 3856197 
147 3856184 
148 3856134 
149 3855167 
150 3854446 
151 3854420 
152 3854419 
153 3854419 
154 3854310 
155 3853939 
156 3853820 
157 3852726 
158 3852684 
159 3852684 
160 3852684 
161 3852450 
162 3852437 
163 3852178 
164 3852171 
165 3850698 
166 3850656 
167 3850397 
168 3850390 
169 3850143 
170 3849587 
171 3849587 
172 3849580 
173 3849205 
174 3848191 
175 3847120 
176 3845841 
177 3845437 
178 3834322 
179 3832652 
180 3832587 
181 3830975 
182 3828824 
183 3827498 
184 3825257 
185 3825229 
186 3824800 
187 3824793 
188 3824786 
189 3824766 
190 3824742 
191 3824682 
192 3824252 
193 3824238 
194 3824231 
195 3816913 
196 3816874 
197 3814989 
198 3814782 
199 3814781 
200 3814363 
201 3812757 
202 3812666 
203 3812637 
204 3812538 
205 3812445 
206 3812374 
207 3812332 
208 3811128 
209 3811128 
210 3811120 
211 3811120 
212 3811099 
213 3811099 
214 3810974 
215 3810855 
216 3810834 
217 3810806 
218 3810736 
219 3810516 
220 3810244 
221 3807476 
222 3807476 
223 3805267 
224 3805246 
225 3805232 
226 3805037 
227 3803997 
228 3803165 
229 3800890 
230 3800793 
231 3800704 
232 3800676 
233 3800669 
234 3800272 
235 3800220 
236 3800003 
237 3799922 
238 3799519 
239 3799220 
240 3799178 
241 3799164 
242 3799143 
243 3799094 
244 3799045 
245 3796926 
246 3796772 
247 3794974 
248 3794831 
249 3794480 
250 3794480 
251 3794473 
252 3794167 
253 3793777 
254 3793749 
255 3793714 
256 3793389 
257 3793361 
258 3793064 
259 3791145 
260 3791144 
261 3791035 
262 3791035 
263 3786364 
264 3786357 
265 3786351 
266 3786351 
267 3786351 
268 3786351 
269 3786351 
270 3786325 
271 3785931 
272 3785822 
273 3785809 
274 3785528 
275 3785517 
276 3785517 
277 3785244 
278 3785231 
279 3785231 
280 3785231 
281 3785231 
282 3785210 
283 3785196 
284 3785176 
285 3784999 
286 3784383 
287 3784168 
288 3784147 
289 3784147 
290 3784090 
291 3784024 
292 3784024 
293 3784019 
294 3784019 
295 3783922 
296 3783860 
297 3783846 
298 3783839 
299 3783839 
300 3783767 
301 3783389 
302 3783376 
303 3783363 
304 3783363 
305 3783363 
306 3783351 
307 3783351 
308 3783351 
309 3783344 
310 3783344 
311 3783337 
312 3783337 
313 3783337 
314 3783337 
315 3783330 
316 3783324 
317 3783266 
318 3783266 
319 3783266 
320 3783266 
321 3783266 
322 3783266 
323 3783266 
324 3783266 
325 3783252 
326 3783245 
327 3783245 
328 3783245 
329 3783245 
330 3783245 
331 3783245 
332 3783245 
333 3783245 
334 3783245 
335 3783245 
336 3783245 
337 3783245 
338 3783245 
339 3783245 
340 3783245 
341 3783245 
342 3783245 
343 3783245 
344 3783245 
345 3783245 
346 3783245 
347 3783245 
348 3783245 
349 3783245 
350 3783245 
351 3783245 
352 3783245 
353 3783245 
354 3783245 
355 3783245 
356 3783245 
357 3783245 
358 3783245 
359 3783245 
360 3783245 
361 3783245 
362 3783245 
363 3783245 
364 3783245 
365 3783245 
366 3783245 
367 3783245 
368 3783245 
369 3783245 
370 3783245 
371 3783245 
372 3783245 
373 3783245 
374 3783245 
375 3783245 
376 3783245 
377 3783245 
378 3783245 
379 3783245 
380 3783245 
381 3783245 
382 3783245 
383 3783245 
384 3783245 
385 3783245 
386 3783245 
387 3783245 
388 3783245 
389 3783245 
390 3783245 
391 3783245 
392 3783245 
393 3783245 
394 3783245 
395 3783245 
396 3783245 
397 3783245 
398 3783245 
399 3783245 
400 3783245 
401 3783245 
402 3783245 
403 3783245 
404 3783245 
405 3783245 
406 3783245 
407 3783245 
408 3783245 
409 3783245 
410 3783245 
411 3783245 
412 3783245 
413 3783245 
414 3783245 
415 3783245 
416 3783245 
417 3783245 
418 3783245 
419 3783245 
420 3783245 
421 3783245 
422 3783245 
423 3783245 
424 3783245 
425 3783245 
426 3783245 
427 3783245 
428 3783245 
429 3783245 
430 3783245 
431 3783245 
432 3783245 
433 3783245 
434 3783245 
435 3783245 
436 3783245 
437 3783245 
438 3783245 
439 3783245 
440 3783245 
441 3783245 
442 3783245 
443 3783245 
444 3783245 
445 3783245 
446 3783245 
447 3783245 
448 3783245 
449 3783245 
450 3783245 
451 3783245 
452 3783245 
453 3783245 
454 3783245 
455 3783245 
456 3783245 
457 3783245 
458 3783245 
459 3783245 
460 3783245 
461 3783245 
462 3783245 
463 3783245 
464 3783245 
465 3783245 
466 3783245 
467 3783245 
468 3783245 
469 3783245 
470 3783245 
471 3783245 
472 3783245 
473 3783245 
474 3783245 
475 3783245 
476 3783245 
477 3783245 
478 3783245 
479 3783245 
480 3783245 
481 3783245 
482 3783245 
483 3783245 
484 3783245 
485 3783245 
486 3783245 
487 3783245 
488 3783245 
489 3783245 
490 3783245 
491 3783245 
492 3783245 
493 3783245 
494 3783245 
495 3783245 
496 3783245 
497 3783245 
498 3783245 
499 3783245 
500 3783245 
501 3783245 
502 3783245 
503 3783245 
504 3783245 
505 3783245 
506 3783245 
507 3783245 
508 3783245 
509 3783245 
510 3783245 
511 3783245 
512 3783245 
513 3783245 
514 3783245 
515 3783245 
516 3783245 
517 3783245 
518 3783245 
519 3783245 
520 3783245 
521 3783245 
522 3783245 
523 3783245 
524 3783245 
525 3783245 
526 3783245 
527 3783245 
528 3783245 
529 3783245 
530 3783245 
531 3783245 
532 3783245 
533 3783245 
534 3783245 
535 3783245 
536 3783245 
537 3783245 
538 3783245 
539 3783245 
540 3783245 
541 3783245 
542 3783245 
543 3783245 
544 3783245 
545 3783245 
546 3783245 
547 3783245 
548 3783245 
549 3783245 
550 3783245 
551 3783245 
552 3783245 
553 3783245 
554 3783245 
555 3783245 
556 3783245 
557 3783245 
558 3783245 
559 3783245 
560 3783245 
561 3783245 
562 3783245 
563 3783245 
564 3783245 
565 3783245 
566 3783245 
567 3783245 
568 3783245 
569 3783245 
570 3783245 
571 3783245 
572 3783245 
573 3783245 
574 3783245 
575 3783245 
576 3783245 
577 3783245 
578 3783245 
579 3783245 
580 3783245 
581 3783245 
582 3783245 
583 3783245 
584 3783245 
585 3783245 
586 3783245 
587 3783245 
588 3783245 
589 3783245 
590 3783245 
591 3783245 
592 3783245 
593 3783245 
594 3783245 
595 3783245 
596 3783245 
597 3783245 
598 3783245 
599 3783245 
600 3783245 
601 3783245 
602 3783245 
603 3783245 
604 3783245 
605 3783245 
606 3783245 
607 3783245 
608 3783245 
609 3783245 
610 3783245 
611 3783245 
612 3783245 
613 3783245 
614 3783245 
615 3783245 
616 3783245 
617 3783245 
618 3783245 
619 3783245 
620 3783245 
621 3783245 
622 3783245 
623 3783245 
624 3783245 
625 3783245 
626 3783245 
627 3783245 
628 3783245 
629 3783245 
630 3783245 
631 3783245 
632 3783245 
633 3783245 
634 3783245 
635 3783245 
636 3783245 
637 3783245 
638 3783245 
639 3783245 
640 3783245 
641 3783245 
642 3783245 
643 3783245 
644 3783245 
645 3783245 
646 3783245 
647 3783245 
648 3783245 
649 3783245 
650 3783245 
651 3783245 
652 3783245 
653 3783245 
654 3783245 
655 3783245 
656 3783245 
657 3783245 
658 3783245 
659 3783245 
660 3783245 
661 3783245 
662 3783245 
663 3783245 
664 3783245 
665 3783245 
666 3783245 
667 3783245 
668 3783245 
669 3783245 
670 3783245 
671 3783245 
672 3783245 
673 3783245 
674 3783245 
675 3783245 
676 3783245 
677 3783245 
678 3783245 
679 3783245 
680 3783245 
681 3783245 
682 3783245 
683 3783245 
684 3783245 
685 3783245 
686 3783245 
687 3783245 
688 3783245 
689 3783245 
690 3783245 
691 3783245 
692 3783245 
693 3783245 
694 3783245 
695 3783245 
696 3783245 
697 3783245 
698 3783245 
699 3783245 
700 3783245 
701 3783245 
702 3783245 
703 3783245 
704 3783245 
705 3783245 
706 3783245 
707 3783245 
708 3783245 
709 3783245 
710 3783245 
711 3783245 
712 3783245 
713 3783245 
714 3783245 
715 3783245 
716 3783245 
717 3783245 
718 3783245 
719 3783245 
720 3783245 
721 3783245 
722 3783245 
723 3783245 
724 3783245 
725 3783245 
726 3783245 
727 3783245 
728 3783245 
729 3783245 
730 3783245 
731 3783245 
732 3783245 
733 3783245 
734 3783245 
735 3783245 
736 3783245 
737 3783245 
738 3783245 
739 3783245 
740 3783245 
741 3783245 
742 3783245 
743 3783245 
744 3783245 
745 3783245 
746 3783245 
747 3783245 
748 3783245 
749 3783245 
750 3783245 
751 3783245 
752 3783245 
753 3783245 
754 3783245 
755 3783245 
756 3783245 
757 3783245 
758 3783245 
759 3783245 
760 3783245 
761 3783245 
762 3783245 
763 3783245 
764 3783245 
765 3783245 
766 3783245 
767 3783245 
768 3783245 
769 3783245 
770 3783245 
771 3783245 
772 3783245 
773 3783245 
774 3783245 
775 3783245 
776 3783245 
777 3783245 
778 3783245 
779 3783245 
780 3783245 
781 3783245 
782 3783245 
783 3783245 
784 3783245 
785 3783245 
786 3783245 
787 3783245 
788 3783245 
789 3783245 
790 3783245 
791 3783245 
792 3783245 
793 3783245 
794 3783245 
795 3783245 
796 3783245 
797 3783245 
798 3783245 
799 3783245 
800 3783245 
801 3783245 
802 3783245 
803 3783245 
804 3783245 
805 3783245 
806 3783245 
807 3783245 
808 3783245 
809 3783245 
810 3783245 
811 3783245 
812 3783245 
813 3783245 
814 3783245 
815 3783245 
816 3783245 
817 3783245 
818 3783245 
819 3783245 
820 3783245 
821 3783245 
822 3783245 
823 3783245 
824 3783245 
825 3783245 
826 3783245 
827 3783245 
828 3783245 
829 3783245 
830 3783245 
831 3783245 
832 3783245 
833 3783245 
834 3783245 
835 3783245 
836 3783245 
837 3783245 
838 3783245 
839 3783245 
840 3783245 
841 3783245 
842 3783245 
843 3783245 
844 3783245 
845 3783245 
846 3783245 
847 3783245 
848 3783245 
849 3783245 
850 3783245 
851 3783245 
852 3783245 
853 3783245 
854 3783245 
855 3783245 
856 3783245 
857 3783245 
858 3783245 
859 3783245 
860 3783245 
861 3783245 
862 3783245 
863 3783245 
864 3783245 
865 3783245 
866 3783245 
867 3783245 
868 3783245 
869 3783245 
870 3783245 
871 3783245 
872 3783245 
873 3783245 
874 3783245 
875 3783245 
876 3783245 
877 3783245 
878 3783245 
879 3783245 
880 3783245 
881 3783245 
882 3783245 
883 3783245 
884 3783245 
885 3783245 
886 3783245 
887 3783245 
888 3783245 
889 3783245 
890 3783245 
891 3783245 
892 3783245 
893 3783245 
894 3783245 
895 3783245 
896 3783245 
897 3783245 
898 3783245 
899 3783245 
900 3783245 
901 3783245 
902 3783245 
903 3783245 
904 3783245 
905 3783245 
906 3783245 
907 3783245 
908 3783245 
909 3783245 
910 3783245 
911 3783245 
912 3783245 
913 3783245 
914 3783245 
915 3783245 
916 3783245 
917 3783245 
918 3783245 
919 3783245 
920 3783245 
921 3783245 
922 3783245 
923 3783245 
924 3783245 
925 3783245 
926 3783245 
927 3783245 
928 3783245 
929 3783245 
930 3783245 
931 3783245 
932 3783245 
933 3783245 
934 3783245 
935 3783245 
936 3783245 
937 3783245 
938 3783245 
939 3783245 
940 3783245 
941 3783245 
942 3783245 
943 3783245 
944 3783245 
945 3783245 
946 3783245 
947 3783245 
948 3783245 
949 3783245 
950 3783245 
951 3783245 
952 3783245 
953 3783245 
954 3783245 
955 3783245 
956 3783245 
957 3783245 
958 3783245 
959 3783245 
960 3783245 
961 3783245 
962 3783245 
963 3783245 
964 3783245 
965 3783245 
966 3783245 
967 3783245 
968 3783245 
969 3783245 
970 3783245 
971 3783245 
972 3783245 
973 3783245 
974 3783245 
975 3783245 
976 3783245 
977 3783245 
978 3783245 
979 3783245 
980 3783245 
981 3783245 
982 3783245 
983 3783245 
984 3783245 
985 3783245 
986 3783245 
987 3783245 
988 3783245 
989 3783245 
990 3783245 
991 3783245 
992 3783245 
993 3783245 
994 3783245 
995 3783245 
996 3783245 
997 3783245 
998 3783245 
999 3783245 
1000 3783245 
1001 3783245 
1002 3783245 
1003 3783245 
1004 3783245 
1005 3783245 
1006 3783245 
1007 3783245 
1008 3783245 
1009 3783245 
1010 3783245 
1011 3783245 
1012 3783245 
1013 3783245 
1014 3783245 
1015 3783245 
1016 3783245 
1017 3783245 
1018 3783245 
1019 3783245 
1020 3783245 
1021 3783245 
1022 3783245 
1023 3783245 
1024 3783245 
1025 3783245 
1026 3783245 
1027 3783245 
1028 3783245 
1029 3783245 
1030 3783245 
1031 3783245 
1032 3783245 
1033 3783245 
1034 3783245 
1035 3783245 
1036 3783245 
1037 3783245 
1038 3783245 
1039 3783245 
1040 3783245 
1041 3783245 
1042 3783245 
1043 3783245 
1044 3783245 
1045 3783245 
1046 3783245 
1047 3783245 
1048 3783245 
1049 3783245 
1050 3783245 
1051 3783245 
1052 3783245 
1053 3783245 
1054 3783245 
1055 3783245 
1056 3783245 
1057 3783245 
1058 3783245 
1059 3783245 
1060 3783245 
1061 3783245 
1062 3783245 
1063 3783245 
1064 3783245 
1065 3783245 
1066 3783245 
1067 3783245 
1068 3783245 
1069 3783245 
1070 3783245 
1071 3783245 
1072 3783245 
1073 3783245 
1074 3783245 
1075 3783245 
1076 3783245 
1077 3783245 
1078 3783245 
1079 3783245 
1080 3783245 
1081 3783245 
1082 3783245 
1083 3783245 
1084 3783245 
1085 3783245 
1086 3783245 
1087 3783245 
1088 3783245 
1089 3783245 
1090 3783245 
1091 3783245 
1092 3783245 
1093 3783245 
1094 3783245 
1095 3783245 
1096 3783245 
1097 3783245 
1098 3783245 
1099 3783245 
1100 3783245 
1101 3783245 
1102 3783245 
1103 3783245 
1104 3783245 
1105 3783245 
1106 3783245 
1107 3783245 
1108 3783245 
1109 3783245 
1110 3783245 
1111 3783245 
1112 3783245 
1113 3783245 
1114 3783245 
1115 3783245 
1116 3783245 
1117 3783245 
1118 3783245 
1119 3783245 
1120 3783245 
1121 3783245 
1122 3783245 
1123 3783245 
1124 3783245 
1125 3783245 
1126 3783245 
1127 3783245 
1128 3783245 
1129 3783245 
1130 3783245 
1131 3783245 
1132 3783245 
1133 3783245 
1134 3783245 
1135 3783245 
1136 3783245 
1137 3783245 
1138 3783245 
1139 3783245 
1140 3783245 
1141 3783245 
1142 3783245 
1143 3783245 
1144 3783245 
1145 3783245 
1146 3783245 
1147 3783245 
1148 3783245 
1149 3783245 
1150 3783245 
1151 3783245 
1152 3783245 
1153 3783245 
1154 3783245 
1155 3783245 
1156 3783245 
1157 3783245 
1158 3783245 
1159 3783245 
1160 3783245 
1161 3783245 
1162 3783245 
1163 3783245 
1164 3783245 
1165 3783245 
1166 3783245 
1167 3783245 
1168 3783245 
1169 3783245 
1170 3783245 
1171 3783245 
1172 3783245 
1173 3783245 
1174 3783245 
1175 3783245 
1176 3783245 
1177 3783245 
1178 3783245 
1179 3783245 
1180 3783245 
1181 3783245 
1182 3783245 
1183 3783245 
1184 3783245 
1185 3783245 
1186 3783245 
1187 3783245 
1188 3783245 
1189 3783245 
1190 3783245 
1191 3783245 
1192 3783245 
1193 3783245 
1194 3783245 
1195 3783245 
1196 3783245 
1197 3783245 
1198 3783245 
1199 3783245 
1200 3783245 
1201 3783245 
1202 3783245 
1203 3783245 
1204 3783245 
1205 3783245 
1206 3783245 
1207 3783245 
1208 3783245 
1209 3783245 
1210 3783245 
1211 3783245 
1212 3783245 
1213 3783245 
1214 3783245 
1215 3783245 
1216 3783245 
1217 3783245 
1218 3783245 
1219 3783245 
1220 3783245 
1221 3783245 
1222 3783245 
1223 3783245 
1224 3783245 
1225 3783245 
1226 3783245 
1227 3783245 
1228 3783245 
1229 3783245 
1230 3783245 
1231 3783245 
1232 3783245 
1233 3783245 
1234 3783245 
1235 3783245 
1236 3783245 
1237 3783245 
1238 3783245 
1239 3783245 
1240 3783245 
1241 3783245 
1242 3783245 
1243 3783245 
1244 3783245 
1245 3783245 
1246 3783245 
1247 3783245 
1248 3783245 
1249 3783245 
1250 3783245 
1251 3783245 
1252 3783245 
1253 3783245 
1254 3783245 
1255 3783245 
1256 3783245 
1257 3783245 
1258 3783245 
1259 3783245 
1260 3783245 
1261 3783245 
1262 3783245 
1263 3783245 
1264 3783245 
1265 3783245 
1266 3783245 
1267 3783245 
1268 3783245 
1269 3783245 
1270 3783245 
1271 3783245 
1272 3783245 
1273 3783245 
1274 3783245 
1275 3783245 
1276 3783245 
1277 3783245 
1278 3783245 
1279 3783245 
1280 3783245 
1281 3783245 
1282 3783245 
1283 3783245 
1284 3783245 
1285 3783245 
1286 3783245 
1287 3783245 
1288 3783245 
1289 3783245 
1290 3783245 
1291 3783245 
1292 3783245 
1293 3783245 
1294 3783245 
1295 3783245 
1296 3783245 
1297 3783245 
1298 3783245 
1299 3783245 
1300 3783245 
1301 3783245 
1302 3783245 
1303 3783245 
1304 3783245 
1305 3783245 
1306 3783245 
1307 3783245 
1308 3783245 
1309 3783245 
1310 3783245 
1311 3783245 
1312 3783245 
1313 3783245 
1314 3783245 
1315 3783245 
1316 3783245 
1317 3783245 
1318 3783245 
1319 3783245 
1320 3783245 
1321 3783245 
1322 3783245 
1323 3783245 
1324 3783245 
1325 3783245 
1326 3783245 
1327 3783245 
1328 3783245 
1329 3783245 
1330 3783245 
1331 3783245 
1332 3783245 
1333 3783245 
1334 3783245 
1335 3783245 
1336 3783245 
1337 3783245 
1338 3783245 
1339 3783245 
1340 3783245 
1341 3783245 
1342 3783245 
1343 3783245 
1344 3783245 
1345 3783245 
1346 3783245 
1347 3783245 
1348 3783245 
1349 3783245 
1350 3783245 
1351 3783245 
1352 3783245 
1353 3783245 
1354 3783245 
1355 3783245 
1356 3783245 
1357 3783245 
1358 3783245 
1359 3783245 
1360 3783245 
1361 3783245 
1362 3783245 
1363 3783245 
1364 3783245 
1365 3783245 
1366 3783245 
1367 3783245 
1368 3783245 
1369 3783245 
1370 3783245 
1371 3783245 
1372 3783245 
1373 3783245 
1374 3783245 
1375 3783245 
1376 3783245 
1377 3783245 
1378 3783245 
1379 3783245 
1380 3783245 
1381 3783245 
1382 3783245 
1383 3783245 
1384 3783245 
1385 3783245 
1386 3783245 
1387 3783245 
1388 3783245 
1389 3783245 
1390 3783245 
1391 3783245 
1392 3783245 
1393 3783245 
1394 3783245 
1395 3783245 
1396 3783245 
1397 3783245 
1398 3783245 
1399 3783245 
1400 3783245 
1401 3783245 
1402 3783245 
1403 3783245 
1404 3783245 
1405 3783245 
1406 3783245 
1407 3783245 
1408 3783245 
1409 3783245 
1410 3783245 
1411 3783245 
1412 3783245 
1413 3783245 
1414 3783245 
1415 3783245 
1416 3783245 
1417 3783245 
1418 3783245 
1419 3783245 
1420 3783245 
1421 3783245 
1422 3783245 
1423 3783245 
1424 3783245 
1425 3783245 
1426 3783245 
1427 3783245 
1428 3783245 
1429 3783245 
1430 3783245 
1431 3783245 
1432 3783245 
1433 3783245 
1434 3783245 
1435 3783245 
1436 3783245 
1437 3783245 
1438 3783245 
1439 3783245 
1440 3783245 
1441 3783245 
1442 3783245 
1443 3783245 
1444 3783245 
1445 3783245 
1446 3783245 
1447 3783245 
1448 3783245 
1449 3783245 
1450 3783245 
1451 3783245 
1452 3783245 
1453 3783245 
1454 3783245 
1455 3783245 
1456 3783245 
1457 3783245 
1458 3783245 
1459 3783245 
1460 3783245 
1461 3783245 
1462 3783245 
1463 3783245 
1464 3783245 
1465 3783245 
1466 3783245 
1467 3783245 
1468 3783245 
1469 3783245 
1470 3783245 
1471 3783245 
1472 3783245 
1473 3783245 
1474 3783245 
1475 3783245 
1476 3783245 
1477 3783245 
1478 3783245 
1479 3783245 
1480 3783245 
1481 3783245 
1482 3783245 
1483 3783245 
1484 3783245 
1485 3783245 
1486 3783245 
1487 3783245 
1488 3783245 
1489 3783245 
1490 3783245 
1491 3783245 
1492 3783245 
1493 3783245 
1494 3783245 
1495 3783245 
1496 3783245 
1497 3783245 
1498 3783245 
1499 3783245 
1500 3783245 
1501 3783245 
1502 3783245 
1503 3783245 
1504 3783245 
1505 3783245 
1506 3783245 
1507 3783245 
1508 3783245 
1509 3783245 
1510 3783245 
1511 3783245 
1512 3783245 
1513 3783245 
1514 3783245 
1515 3783245 
1516 3783245 
1517 3783245 
1518 3783245 
1519 3783245 
1520 3783245 
1521 3783245 
1522 3783245 
1523 3783245 
1524 3783245 
1525 3783245 
1526 3783245 
1527 3783245 
1528 3783245 
1529 3783245 
1530 3783245 
1531 3783245 
1532 3783245 
1533 3783245 
1534 3783245 
1535 3783245 
1536 3783245 
1537 3783245 
1538 3783245 
1539 3783245 
1540 3783245 
1541 3783245 
1542 3783245 
1543 3783245 
1544 3783245 
1545 3783245 
1546 3783245 
1547 3783245 
1548 3783245 
1549 3783245 
1550 3783245 
1551 3783245 
1552 3783245 
1553 3783245 
1554 3783245 
1555 3783245 
1556 3783245 
1557 3783245 
1558 3783245 
1559 3783245 
1560 3783245 
1561 3783245 
1562 3783245 
1563 3783245 
1564 3783245 
1565 3783245 
1566 3783245 
1567 3783245 
1568 3783245 
1569 3783245 
1570 3783245 
1571 3783245 
1572 3783245 
1573 3783245 
1574 3783245 
1575 3783245 
1576 3783245 
1577 3783245 
1578 3783245 
1579 3783245 
1580 3783245 
1581 3783245 
1582 3783245 
1583 3783245 
1584 3783245 
1585 3783245 
1586 3783245 
1587 3783245 
1588 3783245 
1589 3783245 
1590 3783245 
1591 3783245 
1592 3783245 
1593 3783245 
1594 3783245 
1595 3783245 
1596 3783245 
1597 3783245 
1598 3783245 
1599 3783245 
1600 3783245 
1601 3783245 
1602 3783245 
1603 3783245 
1604 3783245 
1605 3783245 
1606 3783245 
1607 3783245 
1608 3783245 
1609 3783245 
1610 3783245 
1611 3783245 
1612 3783245 
1613 3783245 
1614 3783245 
1615 3783245 
1616 3783245 
1617 3783245 
1618 3783245 
1619 3783245 
1620 3783245 
1621 3783245 
1622 3783245 
1623 3783245 
1624 3783245 
1625 3783245 
1626 3783245 
1627 3783245 
1628 3783245 
1629 3783245 
1630 3783245 
1631 3783245 
1632 3783245 
1633 3783245 
1634 3783245 
1635 3783245 
1636 3783245 
1637 3783245 
1638 3783245 
1639 3783245 
1640 3783245 
1641 3783245 
1642 3783245 
1643 3783245 
1644 3783245 
1645 3783245 
1646 3783245 
1647 3783245 
1648 3783245 
1649 3783245 
1650 3783245 
1651 3783245 
1652 3783245 
1653 3783245 
1654 3783245 
1655 3783245 
1656 3783245 
1657 3783245 
1658 3783245 
1659 3783245 
1660 3783245 
1661 3783245 
1662 3783245 
1663 3783245 
1664 3783245 
1665 3783245 
1666 3783245 
1667 3783245 
1668 3783245 
1669 3783245 
1670 3783245 
1671 3783245 
1672 3783245 
1673 3783245 
1674 3783245 
1675 3783245 
1676 3783245 
1677 3783245 
1678 3783245 
1679 3783245 
1680 3783245 
1681 3783245 
1682 3783245 
1683 3783245 
1684 3783245 
1685 3783245 
1686 3783245 
1687 3783245 
1688 3783245 
1689 3783245 
1690 3783245 
1691 3783245 
1692 3783245 
1693 3783245 
1694 3783245 
1695 3783245 
1696 3783245 
1697 3783245 
1698 3783245 
1699 3783245 
1700 3783245 
1701 3783245 
1702 3783245 
1703 3783245 
1704 3783245 
1705 3783245 
1706 3783245 
1707 3783245 
1708 3783245 
1709 3783245 
1710 3783245 
1711 3783245 
1712 3783245 
1713 3783245 
1714 3783245 
1715 3783245 
1716 3783245 
1717 3783245 
1718 3783245 
1719 3783245 
1720 3783245 
1721 3783245 
1722 3783245 
1723 3783245 
1724 3783245 
1725 3783245 
1726 3783245 
1727 3783245 
1728 3783245 
1729 3783245 
1730 3783245 
1731 3783245 
1732 3783245 
1733 3783245 
1734 3783245 
1735 3783245 
1736 3783245 
1737 3783245 
1738 3783245 
1739 3783245 
1740 3783245 
1741 3783245 
1742 3783245 
1743 3783245 
1744 3783245 
1745 3783245 
1746 3783245 
1747 3783245 
1748 3783245 
1749 3783245 
1750 3783245 
1751 3783245 
1752 3783245 
1753 3783245 
1754 3783245 
1755 3783245 
1756 3783245 
1757 3783245 
1758 3783245 
1759 3783245 
1760 3783245 
1761 3783245 
1762 3783245 
1763 3783245 
1764 3783245 
1765 3783245 
1766 3783245 
1767 3783245 
1768 3783245 
1769 3783245 
1770 3783245 
1771 3783245 
1772 3783245 
1773 3783245 
1774 3783245 
1775 3783245 
1776 3783245 
1777 3783245 
1778 3783245 
1779 3783245 
1780 3783245 
1781 3783245 
1782 3783245 
1783 3783245 
1784 3783245 
1785 3783245 
1786 3783245 
1787 3783245 
1788 3783245 
1789 3783245 
1790 3783245 
1791 3783245 
1792 3783245 
1793 3783245 
1794 3783245 
1795 3783245 
1796 3783245 
1797 3783245 
1798 3783245 
1799 3783245 
1800 3783245 
1801 3783245 
1802 3783245 
1803 3783245 
1804 3783245 
1805 3783245 
1806 3783245 
1807 3783245 
1808 3783245 
1809 3783245 
1810 3783245 
1811 3783245 
1812 3783245 
1813 3783245 
1814 3783245 
1815 3783245 
1816 3783245 
1817 3783245 
1818 3783245 
1819 3783245 
1820 3783245 
1821 3783245 
1822 3783245 
1823 3783245 
1824 3783245 
1825 3783245 
1826 3783245 
1827 3783245 
1828 3783245 
1829 3783245 
1830 3783245 
1831 3783245 
1832 3783245 
1833 3783245 
1834 3783245 
1835 3783245 
1836 3783245 
1837 3783245 
1838 3783245 
1839 3783245 
1840 3783245 
1841 3783245 
1842 3783245 
1843 3783245 
1844 3783245 
1845 3783245 
1846 3783245 
1847 3783245 
1848 3783245 
1849 3783245 
1850 3783245 
1851 3783245 
1852 3783245 
1853 3783245 
1854 3783245 
1855 3783245 
1856 3783245 
1857 3783245 
1858 3783245 
1859 3783245 
1860 3783245 
1861 3783245 
1862 3783245 
1863 3783245 
1864 3783245 
1865 3783245 
1866 3783245 
1867 3783245 
1868 3783245 
1869 3783245 
1870 3783245 
1871 3783245 
1872 3783245 
1873 3783245 
1874 3783245 
1875 3783245 
1876 3783245 
1877 3783245 
1878 3783245 
1879 3783245 
1880 3783245 
1881 3783245 
1882 3783245 
1883 3783245 
1884 3783245 
1885 3783245 
1886 3783245 
1887 3783245 
1888 3783245 
1889 3783245 
1890 3783245 
1891 3783245 
1892 3783245 
1893 3783245 
1894 3783245 
1895 3783245 
1896 3783245 
1897 3783245 
1898 3783245 
1899 3783245 
1900 3783245 
1901 3783245 
1902 3783245 
1903 3783245 
1904 3783245 
1905 3783245 
1906 3783245 
1907 3783245 
1908 3783245 
1909 3783245 
1910 3783245 
1911 3783245 
1912 3783245 
1913 3783245 
1914 3783245 
1915 3783245 
1916 3783245 
1917 3783245 
1918 3783245 
1919 3783245 
1920 3783245 
1921 3783245 
1922 3783245 
1923 3783245 
1924 3783245 
1925 3783245 
1926 3783245 
1927 3783245 
1928 3783245 
1929 3783245 
1930 3783245 
1931 3783245 
1932 3783245 
1933 3783245 
1934 3783245 
1935 3783245 
1936 3783245 
1937 3783245 
1938 3783245 
1939 3783245 
1940 3783245 
1941 3783245 
1942 3783245 
1943 3783245 
1944 3783245 
1945 3783245 
1946 3783245 
1947 3783245 
1948 3783245 
1949 3783245 
1950 3783245 
1951 3783245 
1952 3783245 
1953 3783245 
1954 3783245 
1955 3783245 
1956 3783245 
1957 3783245 
1958 3783245 
1959 3783245 
1960 3783245 
1961 3783245 
1962 3783245 
1963 3783245 
1964 3783245 
1965 3783245 
1966 3783245 
1967 3783245 
1968 3783245 
1969 3783245 
1970 3783245 
1971 3783245 
1972 3783245 
1973 3783245 
1974 3783245 
1975 3783245 
1976 3783245 
1977 3783245 
1978 3783245 
1979 3783245 
1980 3783245 
1981 3783245 
1982 3783245 
1983 3783245 
1984 3783245 
1985 3783245 
1986 3783245 
1987 3783245 
1988 3783245 
1989 3783245 
1990 3783245 
1991 3783245 
1992 3783245 
1993 3783245 
1994 3783245 
1995 3783245 
1996 3783245 
1997 3783245 
1998 3783245 
1999 3783245 
2000 3783245 
2001 3783245 
2002 3783245 
2003 3783245 
2004 3783245 
2005 3783245 
2006 3783245 
2007 3783245 
2008 3783245 
2009 3783245 
2010 3783245 
2011 3783245 
2012 3783245 
2013 3783245 
2014 3783245 
2015 3783245 
2016 3783245 
2017 3783245 
2018 3783245 
2019 3783245 
2020 3783245 
2021 3783245 
2022 3783245 
2023 3783245 
2024 3783245 
2025 3783245 
2026 3783245 
2027 3783245 
2028 3783245 
2029 3783245 
2030 3783245 
2031 3783245 
2032 3783245 
2033 3783245 
2034 3783245 
2035 3783245 
2036 3783245 
2037 3783245 
2038 3783245 
2039 3783245 
2040 3783245 
2041 3783245 
2042 3783245 
2043 3783245 
2044 3783245 
2045 3783245 
2046 3783245 
2047 3783245 
2048 3783245 
2049 3783245 
2050 3783245 
2051 3783245 
2052 3783245 
2053 3783245 
2054 3783245 
2055 3783245 
2056 3783245 
2057 3783245 
2058 3783245 
2059 3783245 
2060 3783245 
2061 3783245 
2062 3783245 
2063 3783245 
2064 3783245 
2065 3783245 
2066 3783245 
2067 3783245 
2068 3783245 
2069 3783245 
2070 3783245 
2071 3783245 
2072 3783245 
2073 3783245 
2074 3783245 
2075 3783245 
2076 3783245 
2077 3783245 
2078 3783245 
2079 3783245 
2080 3783245 
2081 3783245 
2082 3783245 
2083 3783245 
2084 3783245 
2085 3783245 
2086 3783245 
2087 3783245 
2088 3783245 
2089 3783245 
2090 3783245 
2091 3783245 
2092 3783245 
2093 3783245 
2094 3783245 
2095 3783245 
2096 3783245 
2097 3783245 
2098 3783245 
2099 3783245 
2100 3783245 
2101 3783245 
2102 3783245 
2103 3783245 
2104 3783245 
2105 3783245 
2106 3783245 
2107 3783245 
2108 3783245 
2109 3783245 
2110 3783245 
2111 3783245 
2112 3783245 
2113 3783245 
2114 3783245 
2115 3783245 
2116 3783245 
2117 3783245 
2118 3783245 
2119 3783245 
2120 3783245 
2121 3783245 
2122 3783245 
2123 3783245 
2124 3783245 
2125 3783245 
2126 3783245 
2127 3783245 
2128 3783245 
2129 3783245 
2130 3783245 
2131 3783245 
2132 3783245 
2133 3783245 
2134 3783245 
2135 3783245 
2136 3783245 
2137 3783245 
2138 3783245 
2139 3783245 
2140 3783245 
2141 3783245 
2142 3783245 
2143 3783245 
2144 3783245 
2145 3783245 
2146 3783245 
2147 3783245 
2148 3783245 
2149 3783245 
2150 3783245 
2151 3783245 
2152 3783245 
2153 3783245 
2154 3783245 
2155 3783245 
2156 3783245 
2157 3783245 
2158 3783245 
2159 3783245 
2160 3783245 
2161 3783245 
2162 3783245 
2163 3783245 
2164 3783245 
2165 3783245 
2166 3783245 
2167 3783245 
2168 3783245 
2169 3783245 
2170 3783245 
2171 3783245 
2172 3783245 
2173 3783245 
2174 3783245 
2175 3783245 
2176 3783245 
2177 3783245 
2178 3783245 
2179 3783245 
2180 3783245 
2181 3783245 
2182 3783245 
2183 3783245 
2184 3783245 
2185 3783245 
2186 3783245 
2187 3783245 
2188 3783245 
2189 3783245 
2190 3783245 
2191 3783245 
2192 3783245 
2193 3783245 
2194 3783245 
2195 3783245 
2196 3783245 
2197 3783245 
2198 3783245 
2199 3783245 
2200 3783245 
2201 3783245 
2202 3783245 
2203 3783245 
2204 3783245 
2205 3783245 
2206 3783245 
2207 3783245 
2208 3783245 
2209 3783245 
2210 3783245 
2211 3783245 
2212 3783245 
2213 3783245 
2214 3783245 
2215 3783245 
2216 3783245 
2217 3783245 
2218 3783245 
2219 3783245 
2220 3783245 
2221 3783245 
2222 3783245 
2223 3783245 
2224 3783245 
2225 3783245 
2226 3783245 
2227 3783245 
2228 3783245 
2229 3783245 
2230 3783245 
2231 3783245 
2232 3783245 
2233 3783245 
2234 3783245 
2235 3783245 
2236 3783245 
2237 3783245 
2238 3783245 
2239 3783245 
2240 3783245 
2241 3783245 
2242 3783245 
2243 3783245 
2244 3783245 
2245 3783245 
2246 3783245 
2247 3783245 
2248 3783245 
2249 3783245 
2250 3783245 
2251 3783245 
2252 3783245 
2253 3783245 
2254 3783245 
2255 3783245 
2256 3783245 
2257 3783245 
2258 3783245 
2259 3783245 
2260 3783245 
2261 3783245 
2262 3783245 
2263 3783245 
2264 3783245 
2265 3783245 
2266 3783245 
2267 3783245 
2268 3783245 
2269 3783245 
2270 3783245 
2271 3783245 
2272 3783245 
2273 3783245 
2274 3783245 
2275 3783245 
2276 3783245 
2277 3783245 
2278 3783245 
2279 3783245 
2280 3783245 
2281 3783245 
2282 3783245 
2283 3783245 
2284 3783245 
2285 3783245 
2286 3783245 
2287 3783245 
2288 3783245 
2289 3783245 
2290 3783245 
2291 3783245 
2292 3783245 
2293 3783245 
2294 3783245 
2295 3783245 
2296 3783245 
2297 3783245 
2298 3783245 
2299 3783245 
2300 3783245 
2301 3783245 
2302 3783245 
2303 3783245 
2304 3783245 
2305 3783245 
2306 3783245 
2307 3783245 
2308 3783245 
2309 3783245 
2310 3783245 
2311 3783245 
2312 3783245 
2313 3783245 
2314 3783245 
2315 3783245 
2316 3783245 
2317 3783245 
2318 3783245 
2319 3783245 
2320 3783245 
2321 3783245 
2322 3783245 
2323 3783245 
2324 3783245 
2325 3783245 
2326 3783245 
2327 3783245 
2328 3783245 
2329 3783245 
2330 3783245 
2331 3783245 
2332 3783245 
2333 3783245 
2334 3783245 
2335 3783245 
2336 3783245 
2337 3783245 
2338 3783245 
2339 3783245 
2340 3783245 
2341 3783245 
2342 3783245 
2343 3783245 
2344 3783245 
2345 3783245 
2346 3783245 
2347 3783245 
2348 3783245 
2349 3783245 
2350 3783245 
2351 3783245 
2352 3783245 
2353 3783245 
2354 3783245 
2355 3783245 
2356 3783245 
2357 3783245 
2358 3783245 
2359 3783245 
2360 3783245 
2361 3783245 
2362 3783245 
2363 3783245 
2364 3783245 
2365 3783245 
2366 3783245 
2367 3783245 
2368 3783245 
2369 3783245 
2370 3783245 
2371 3783245 
2372 3783245 
2373 3783245 
2374 3783245 
2375 3783245 
2376 3783245 
2377 3783245 
2378 3783245 
2379 3783245 
2380 3783245 
2381 3783245 
2382 3783245 
2383 3783245 
2384 3783245 
2385 3783245 
2386 3783245 
2387 3783245 
2388 3783245 
2389 3783245 
2390 3783245 
2391 3783245 
2392 3783245 
2393 3783245 
2394 3783245 
2395 3783245 
2396 3783245 
2397 3783245 
2398 3783245 
2399 3783245 
2400 3783245 
2401 3783245 
2402 3783245 
2403 3783245 
2404 3783245 
2405 3783245 
2406 3783245 
2407 3783245 
2408 3783245 
2409 3783245 
2410 3783245 
2411 3783245 
2412 3783245 
2413 3783245 
2414 3783245 
2415 3783245 
2416 3783245 
2417 3783245 
2418 3783245 
2419 3783245 
2420 3783245 
2421 3783245 
2422 3783245 
2423 3783245 
2424 3783245 
2425 3783245 
2426 3783245 
2427 3783245 
2428 3783245 
2429 3783245 
2430 3783245 
2431 3783245 
2432 3783245 
2433 3783245 
2434 3783245 
2435 3783245 
2436 3783245 
2437 3783245 
2438 3783245 
2439 3783245 
2440 3783245 
2441 3783245 
2442 3783245 
2443 3783245 
2444 3783245 
2445 3783245 
2446 3783245 
2447 3783245 
2448 3783245 
2449 3783245 
2450 3783245 
2451 3783245 
2452 3783245 
2453 3783245 
2454 3783245 
2455 3783245 
2456 3783245 
2457 3783245 
2458 3783245 
2459 3783245 
2460 3783245 
2461 3783245 
2462 3783245 
2463 3783245 
2464 3783245 
2465 3783245 
2466 3783245 
2467 3783245 
2468 3783245 
2469 3783245 
2470 3783245 
2471 3783245 
2472 3783245 
2473 3783245 
2474 3783245 
2475 3783245 
2476 3783245 
2477 3783245 
2478 3783245 
2479 3783245 
2480 3783245 
2481 3783245 
2482 3783245 
2483 3783245 
2484 3783245 
2485 3783245 
2486 3783245 
2487 3783245 
2488 3783245 
2489 3783245 
2490 3783245 
2491 3783245 
2492 3783245 
2493 3783245 
2494 3783245 
2495 3783245 
2496 3783245 
2497 3783245 
2498 3783245 
2499 3783245 
2500 3783245 
2501 3783245 
2502 3783245 
2503 3783245 
2504 3783245 
2505 3783245 
2506 3783245 
2507 3783245 
2508 3783245 
2509 3783245 
2510 3783245 
2511 3783245 
2512 3783245 
2513 3783245 
2514 3783245 
2515 3783245 
2516 3783245 
2517 3783245 
2518 3783245 
2519 3783245 
2520 3783245 
2521 3783245 
2522 3783245 
2523 3783245 
2524 3783245 
2525 3783245 
2526 3783245 
2527 3783245 
2528 3783245 
2529 3783245 
2530 3783245 
2531 3783245 
2532 3783245 
2533 3783245 
2534 3783245 
2535 3783245 
2536 3783245 
2537 3783245 
2538 3783245 
2539 3783245 
2540 3783245 
2541 3783245 
2542 3783245 
2543 3783245 
2544 3783245 
2545 3783245 
2546 3783245 
2547 3783245 
2548 3783245 
2549 3783245 
2550 3783245 
2551 3783245 
2552 3783245 
2553 3783245 
2554 3783245 
2555 3783245 
2556 3783245 
2557 3783245 
2558 3783245 
2559 3783245 
2560 3783245 
2561 3783245 
2562 3783245 
2563 3783245 
2564 3783245 
2565 3783245 
2566 3783245 
2567 3783245 
2568 3783245 
2569 3783245 
2570 3783245 
2571 3783245 
2572 3783245 
2573 3783245 
2574 3783245 
2575 3783245 
2576 3783245 
2577 3783245 
2578 3783245 
2579 3783245 
2580 3783245 
2581 3783245 
2582 3783245 
2583 3783245 
2584 3783245 
2585 3783245 
2586 3783245 
2587 3783245 
2588 3783245 
2589 3783245 
2590 3783245 
2591 3783245 
2592 3783245 
2593 3783245 
2594 3783245 
2595 3783245 
2596 3783245 
2597 3783245 
2598 3783245 
2599 3783245 
2600 3783245 
2601 3783245 
2602 3783245 
2603 3783245 
2604 3783245 
2605 3783245 
2606 3783245 
2607 3783245 
2608 3783245 
2609 3783245 
2610 3783245 
2611 3783245 
2612 3783245 
2613 3783245 
2614 3783245 
2615 3783245 
2616 3783245 
2617 3783245 
2618 3783245 
2619 3783245 
2620 3783245 
2621 3783245 
2622 3783245 
2623 3783245 
2624 3783245 
2625 3783245 
2626 3783245 
2627 3783245 
2628 3783245 
2629 3783245 
2630 3783245 
2631 3783245 
2632 3783245 
2633 3783245 
2634 3783245 
2635 3783245 
2636 3783245 
2637 3783245 
2638 3783245 
2639 3783245 
2640 3783245 
2641 3783245 
2642 3783245 
2643 3783245 
2644 3783245 
2645 3783245 
2646 3783245 
2647 3783245 
2648 3783245 
2649 3783245 
2650 3783245 
2651 3783245 
2652 3783245 
2653 3783245 
2654 3783245 
2655 3783245 
2656 3783245 
2657 3783245 
2658 3783245 
2659 3783245 
2660 3783245 
2661 3783245 
2662 3783245 
2663 3783245 
2664 3783245 
2665 3783245 
2666 3783245 
2667 3783245 
2668 3783245 
2669 3783245 
2670 3783245 
2671 3783245 
2672 3783245 
2673 3783245 
2674 3783245 
2675 3783245 
2676 3783245 
2677 3783245 
2678 3783245 
2679 3783245 
2680 3783245 
2681 3783245 
2682 3783245 
2683 3783245 
2684 3783245 
2685 3783245 
2686 3783245 
2687 3783245 
2688 3783245 
2689 3783245 
2690 3783245 
2691 3783245 
2692 3783245 
2693 3783245 
2694 3783245 
2695 3783245 
2696 3783245 
2697 3783245 
2698 3783245 
2699 3783245 
2700 3783245 
2701 3783245 
2702 3783245 
2703 3783245 
2704 3783245 
2705 3783245 
2706 3783245 
2707 3783245 
2708 3783245 
2709 3783245 
2710 3783245 
2711 3783245 
2712 3783245 
2713 3783245 
2714 3783245 
2715 3783245 
2716 3783245 
2717 3783245 
2718 3783245 
2719 3783245 
2720 3783245 
2721 3783245 
2722 3783245 
2723 3783245 
2724 3783245 
2725 3783245 
2726 3783245 
2727 3783245 
2728 3783245 
2729 3783245 
2730 3783245 
2731 3783245 
2732 3783245 
2733 3783245 
2734 3783245 
2735 3783245 
2736 3783245 
2737 3783245 
2738 3783245 
2739 3783245 
2740 3783245 
2741 3783245 
2742 3783245 
2743 3783245 
2744 3783245 
2745 3783245 
2746 3783245 
2747 3783245 
2748 3783245 
2749 3783245 
2750 3783245 
2751 3783245 
2752 3783245 
2753 3783245 
2754 3783245 
2755 3783245 
2756 3783245 
2757 3783245 
2758 3783245 
2759 3783245 
2760 3783245 
2761 3783245 
2762 3783245 
2763 3783245 
2764 3783245 
2765 3783245 
2766 3783245 
2767 3783245 
2768 3783245 
2769 3783245 
2770 3783245 
2771 3783245 
2772 3783245 
2773 3783245 
2774 3783245 
2775 3783245 
2776 3783245 
2777 3783245 
2778 3783245 
2779 3783245 
2780 3783245 
2781 3783245 
2782 3783245 
2783 3783245 
2784 3783245 
2785 3783245 
2786 3783245 
2787 3783245 
2788 3783245 
2789 3783245 
2790 3783245 
2791 3783245 
2792 3783245 
2793 3783245 
2794 3783245 
2795 3783245 
2796 3783245 
2797 3783245 
2798 3783245 
2799 3783245 
2800 3783245 
2801 3783245 
2802 3783245 
2803 3783245 
2804 3783245 
2805 3783245 
2806 3783245 
2807 3783245 
2808 3783245 
2809 3783245 
2810 3783245 
2811 3783245 
2812 3783245 
2813 3783245 
2814 3783245 
2815 3783245 
2816 3783245 
2817 3783245 
2818 3783245 
2819 3783245 
2820 3783245 
2821 3783245 
2822 3783245 
2823 3783245 
2824 3783245 
2825 3783245 
2826 3783245 
2827 3783245 
2828 3783245 
2829 3783245 
2830 3783245 
2831 3783245 
2832 3783245 
2833 3783245 
2834 3783245 
2835 3783245 
2836 3783245 
2837 3783245 
2838 3783245 
2839 3783245 
2840 3783245 
2841 3783245 
2842 3783245 
2843 3783245 
2844 3783245 
2845 3783245 
2846 3783245 
2847 3783245 
2848 3783245 
2849 3783245 
2850 3783245 
2851 3783245 
2852 3783245 
2853 3783245 
2854 3783245 
2855 3783245 
2856 3783245 
2857 3783245 
2858 3783245 
2859 3783245 
2860 3783245 
2861 3783245 
2862 3783245 
2863 3783245 
2864 3783245 
2865 3783245 
2866 3783245 
2867 3783245 
2868 3783245 
2869 3783245 
2870 3783245 
2871 3783245 
2872 3783245 
2873 3783245 
2874 3783245 
2875 3783245 
2876 3783245 
2877 3783245 
2878 3783245 
2879 3783245 
2880 3783245 
2881 3783245 
2882 3783245 
2883 3783245 
2884 3783245 
2885 3783245 
2886 3783245 
2887 3783245 
2888 3783245 
2889 3783245 
2890 3783245 
2891 3783245 
2892 3783245 
2893 3783245 
2894 3783245 
2895 3783245 
2896 3783245 
2897 3783245 
2898 3783245 
2899 3783245 
2900 3783245 
2901 3783245 
2902 3783245 
2903 3783245 
2904 3783245 
2905 3783245 
2906 3783245 
2907 3783245 
2908 3783245 
2909 3783245 
2910 3783245 
2911 3783245 
2912 3783245 
2913 3783245 
2914 3783245 
2915 3783245 
2916 3783245 
2917 3783245 
2918 3783245 
2919 3783245 
2920 3783245 
2921 3783245 
2922 3783245 
2923 3783245 
2924 3783245 
2925 3783245 
2926 3783245 

