0 5763604 
1 5749904 
2 5680568 
3 5663052 
4 5648466 
5 5648368 
6 5648008 
7 5647735 
8 5647610 
9 5640438 
10 5638747 
11 5637867 
12 5637653 
13 5637640 
14 5637553 
15 5637090 
16 5636989 
17 5636912 
18 5636900 
19 5636886 
20 5636117 
21 5635943 
22 5635532 
23 5635528 
24 5632428 
25 5632408 
26 5632397 
27 5632242 
28 5630961 
29 5629311 
30 5626332 
31 5624600 
32 5624253 
33 5624253 
34 5624126 
35 5622573 
36 5622360 
37 5615199 
38 5603875 
39 5597110 
40 5597009 
41 5596755 
42 5596414 
43 5596020 
44 5595728 
45 5593426 
46 5588566 
47 5588566 
48 5588563 
49 5588439 
50 5587474 
51 5583735 
52 5583456 
53 5582613 
54 5582164 
55 5582059 
56 5581740 
57 5576349 
58 5576349 
59 5576343 
60 5574238 
61 5573802 
62 5573510 
63 5573498 
64 5573082 
65 5573030 
66 5573010 
67 5572338 
68 5572002 
69 5571432 
70 5571383 
71 5570064 
72 5570039 
73 5569977 
74 5569265 
75 5568832 
76 5568618 
77 5567270 
78 5567086 
79 5564666 
80 5564141 
81 5563979 
82 5563897 
83 5563715 
84 5561736 
85 5558573 
86 5557728 
87 5557619 
88 5549619 
89 5549326 
90 5549322 
91 5549221 
92 5549212 
93 5549119 
94 5548431 
95 5548242 
96 5546443 
97 5545939 
98 5545415 
99 5545112 
100 5544965 
101 5517938 
102 5517845 
103 5516186 
104 5515796 
105 5515467 
106 5515061 
107 5515061 
108 5514937 
109 5507996 
110 5505216 
111 5504287 
112 5504281 
113 5503231 
114 5502604 
115 5502541 
116 5500898 
117 5500845 
118 5498580 
119 5498384 
120 5498355 
121 5497869 
122 5495529 
123 5493535 
124 5492997 
125 5492978 
126 5492516 
127 5492390 
128 5491933 
129 5491642 
130 5490516 
131 5490350 
132 5489328 
133 5488279 
134 5488028 
135 5488017 
136 5487877 
137 5487376 
138 5482469 
139 5481869 
140 5476443 
141 5476393 
142 5474593 
143 5472145 
144 5465880 
145 5464506 
146 5464506 
147 5463310 
148 5462782 
149 5462687 
150 5462506 
151 5462427 
152 5462427 
153 5462059 
154 5461432 
155 5460276 
156 5458284 
157 5457931 
158 5457822 
159 5457815 
160 5456793 
161 5456488 
162 5455834 
163 5455567 
164 5447347 
165 5439800 
166 5439660 
167 5439660 
168 5439457 
169 5436312 
170 5436207 
171 5435550 
172 5435294 
173 5435201 
174 5435063 
175 5427973 
176 5427819 
177 5425798 
178 5425345 
179 5425230 
180 5424682 
181 5424672 
182 5424010 
183 5423944 
184 5423699 
185 5420221 
186 5418140 
187 5414193 
188 5414153 
189 5414025 
190 5414025 
191 5412774 
192 5411983 
193 5411904 
194 5411456 
195 5410323 
196 5409147 
197 5409128 
198 5408988 
199 5406855 
200 5405840 
201 5405759 
202 5405753 
203 5405227 
204 5405217 
205 5405188 
206 5405174 
207 5404989 
208 5404097 
209 5403893 
210 5403857 
211 5403834 
212 5403833 
213 5403815 
214 5403083 
215 5402665 
216 5402554 
217 5402394 
218 5402334 
219 5398068 
220 5398015 
221 5397975 
222 5396628 
223 5396614 
224 5395676 
225 5395629 
226 5394708 
227 5393688 
228 5393630 
229 5393630 
230 5393411 
231 5393130 
232 5393102 
233 5392912 
234 5392911 
235 5392680 
236 5392680 
237 5391513 
238 5391272 
239 5390092 
240 5389813 
241 5389813 
242 5389813 
243 5389409 
244 5389409 
245 5389290 
246 5389290 
247 5389290 
248 5389120 
249 5388048 
250 5388048 
251 5387956 
252 5387956 
253 5387909 
254 5387727 
255 5387727 
256 5387727 
257 5387727 
258 5387727 
259 5387727 
260 5387727 
261 5387505 
262 5387505 
263 5387505 
264 5387420 
265 5387420 
266 5387420 
267 5387420 
268 5387420 
269 5387420 
270 5387420 
271 5387420 
272 5387420 
273 5387420 
274 5387420 
275 5387420 
276 5387420 
277 5387420 
278 5387420 
279 5387420 
280 5387420 
281 5387420 
282 5387420 
283 5387420 
284 5387420 
285 5387420 
286 5387420 
287 5387420 
288 5387420 
289 5387420 
290 5387420 
291 5387420 
292 5387420 
293 5387420 
294 5387420 
295 5387420 
296 5387420 
297 5387420 
298 5387420 
299 5387420 
300 5387420 
301 5387420 
302 5387420 
303 5387420 
304 5387420 
305 5387420 
306 5387420 
307 5387420 
308 5387420 
309 5387420 
310 5387420 
311 5387420 
312 5387420 
313 5387420 
314 5387420 
315 5387420 
316 5387420 
317 5387420 
318 5387420 
319 5387420 
320 5387420 
321 5387420 
322 5387420 
323 5387420 
324 5387420 
325 5387420 
326 5387420 
327 5387420 
328 5387420 
329 5387420 
330 5387420 
331 5387420 
332 5387420 
333 5387420 
334 5387420 
335 5387420 
336 5387420 
337 5387420 
338 5387420 
339 5387420 
340 5387420 
341 5387420 
342 5387420 
343 5387420 
344 5387420 
345 5387420 
346 5387420 
347 5387420 
348 5387420 
349 5387420 
350 5387420 
351 5387420 
352 5387420 
353 5387420 
354 5387420 
355 5387420 
356 5387420 
357 5387420 
358 5387420 
359 5387420 
360 5387420 
361 5387420 
362 5387420 
363 5387420 
364 5387420 
365 5387420 
366 5387420 
367 5387420 
368 5387420 
369 5387420 
370 5387420 
371 5387420 
372 5387420 
373 5387420 
374 5387420 
375 5387420 
376 5387420 
377 5387420 
378 5387420 
379 5387420 
380 5387420 
381 5387420 
382 5387420 
383 5387420 
384 5387420 
385 5387420 
386 5387420 
387 5387420 
388 5387420 
389 5387420 
390 5387420 
391 5387420 
392 5387420 
393 5387420 
394 5387420 
395 5387420 
396 5387420 
397 5387420 
398 5387420 
399 5387420 
400 5387420 
401 5387420 
402 5387420 
403 5387420 
404 5387420 
405 5387420 
406 5387420 
407 5387420 
408 5387420 
409 5387420 
410 5387420 
411 5387420 
412 5387420 
413 5387420 
414 5387420 
415 5387420 
416 5387420 
417 5387420 
418 5387420 
419 5387420 
420 5387420 
421 5387420 
422 5387420 
423 5387420 
424 5387420 
425 5387420 
426 5387420 
427 5387420 
428 5387420 
429 5387420 
430 5387420 
431 5387420 
432 5387420 
433 5387420 
434 5387420 
435 5387420 
436 5387420 
437 5387420 
438 5387420 
439 5387420 
440 5387420 
441 5387420 
442 5387420 
443 5387420 
444 5387420 
445 5387420 
446 5387420 
447 5387420 
448 5387420 
449 5387420 
450 5387420 
451 5387420 
452 5387420 
453 5387420 
454 5387420 
455 5387420 
456 5387420 
457 5387420 
458 5387420 
459 5387420 
460 5387420 
461 5387420 
462 5387420 
463 5387420 
464 5387420 
465 5387420 
466 5387420 
467 5387420 
468 5387420 
469 5387420 
470 5387420 
471 5387420 
472 5387420 
473 5387420 
474 5387420 
475 5387420 
476 5387420 
477 5387420 
478 5387420 
479 5387420 
480 5387420 
481 5387420 
482 5387420 
483 5387420 
484 5387420 
485 5387420 
486 5387420 
487 5387420 
488 5387420 
489 5387420 
490 5387420 
491 5387420 
492 5387420 
493 5387420 
494 5387420 
495 5387420 
496 5387420 
497 5387420 
498 5387420 
499 5387420 
500 5387420 
501 5387420 
502 5387420 
503 5387420 
504 5387420 
505 5387420 
506 5387420 
507 5387420 
508 5387420 
509 5387420 
510 5387420 
511 5387420 
512 5387420 
513 5387420 
514 5387420 
515 5387420 
516 5387420 
517 5387420 
518 5387420 
519 5387420 
520 5387420 
521 5387420 
522 5387420 
523 5387420 
524 5387420 
525 5387420 
526 5387420 
527 5387420 
528 5387420 
529 5387420 
530 5387420 
531 5387420 
532 5387420 
533 5387420 
534 5387420 
535 5387420 
536 5387420 
537 5387420 
538 5387420 
539 5387420 
540 5387420 
541 5387420 
542 5387420 
543 5387420 
544 5387420 
545 5387420 
546 5387420 
547 5387420 
548 5387420 
549 5387420 
550 5387420 
551 5387420 
552 5387420 
553 5387420 
554 5387420 
555 5387420 
556 5387420 
557 5387420 
558 5387420 
559 5387420 
560 5387420 
561 5387420 
562 5387420 
563 5387420 
564 5387420 
565 5387420 
566 5387420 
567 5387420 
568 5387420 
569 5387420 
570 5387420 
571 5387420 
572 5387420 
573 5387420 
574 5387420 
575 5387420 
576 5387420 
577 5387420 
578 5387420 
579 5387420 
580 5387420 
581 5387420 
582 5387420 
583 5387420 
584 5387420 
585 5387420 
586 5387420 
587 5387420 
588 5387420 
589 5387420 
590 5387420 
591 5387420 
592 5387420 
593 5387420 
594 5387420 
595 5387420 
596 5387420 
597 5387420 
598 5387420 
599 5387420 
600 5387420 
601 5387420 
602 5387420 
603 5387420 
604 5387420 
605 5387420 
606 5387420 
607 5387420 
608 5387420 
609 5387420 
610 5387420 
611 5387420 
612 5387420 
613 5387420 
614 5387420 
615 5387420 
616 5387420 
617 5387420 
618 5387420 
619 5387420 
620 5387420 
621 5387420 
622 5387420 
623 5387420 
624 5387420 
625 5387420 
626 5387420 
627 5387420 
628 5387420 
629 5387420 
630 5387420 
631 5387420 
632 5387420 
633 5387420 
634 5387420 
635 5387420 
636 5387420 
637 5387420 
638 5387420 
639 5387420 
640 5387420 
641 5387420 
642 5387420 
643 5387420 
644 5387420 
645 5387420 
646 5387420 
647 5387420 
648 5387420 
649 5387420 
650 5387420 
651 5387420 
652 5387420 
653 5387420 
654 5387420 
655 5387420 
656 5387420 
657 5387420 
658 5387420 
659 5387420 
660 5387420 
661 5387420 
662 5387420 
663 5387420 
664 5387420 
665 5387420 
666 5387420 
667 5387420 
668 5387420 
669 5387420 
670 5387420 
671 5387420 
672 5387420 
673 5387420 
674 5387420 
675 5387420 
676 5387420 
677 5387420 
678 5387420 
679 5387420 
680 5387420 
681 5387420 
682 5387420 
683 5387420 
684 5387420 
685 5387420 
686 5387420 
687 5387420 
688 5387420 
689 5387420 
690 5387420 
691 5387420 
692 5387420 
693 5387420 
694 5387420 
695 5387420 
696 5387420 
697 5387420 
698 5387420 
699 5387420 
700 5387420 
701 5387420 
702 5387420 
703 5387420 
704 5387420 
705 5387420 
706 5387420 
707 5387420 
708 5387420 
709 5387420 
710 5387420 
711 5387420 
712 5387420 
713 5387420 
714 5387420 
715 5387420 
716 5387420 
717 5387420 
718 5387420 
719 5387420 
720 5387420 
721 5387420 
722 5387420 
723 5387420 
724 5387420 
725 5387420 
726 5387420 
727 5387420 
728 5387420 
729 5387420 
730 5387420 
731 5387420 
732 5387420 
733 5387420 
734 5387420 
735 5387420 
736 5387420 
737 5387420 
738 5387420 
739 5387420 
740 5387420 
741 5387420 
742 5387420 
743 5387420 
744 5387420 
745 5387420 
746 5387420 
747 5387420 
748 5387420 
749 5387420 
750 5387420 
751 5387420 
752 5387420 
753 5387420 
754 5387420 
755 5387420 
756 5387420 
757 5387420 
758 5387420 
759 5387420 
760 5387420 
761 5387420 
762 5387420 
763 5387420 
764 5387420 
765 5387420 
766 5387420 
767 5387420 
768 5387420 
769 5387420 
770 5387420 
771 5387420 
772 5387420 
773 5387420 
774 5387420 
775 5387420 
776 5387420 
777 5387420 
778 5387420 
779 5387420 
780 5387420 
781 5387420 
782 5387420 
783 5387420 
784 5387420 
785 5387420 
786 5387420 
787 5387420 
788 5387420 
789 5387420 
790 5387420 
791 5387420 
792 5387420 
793 5387420 
794 5387420 
795 5387420 
796 5387420 
797 5387420 
798 5387420 
799 5387420 
800 5387420 
801 5387420 
802 5387420 
803 5387420 
804 5387420 
805 5387420 
806 5387420 
807 5387420 
808 5387420 
809 5387420 
810 5387420 
811 5387420 
812 5387420 
813 5387420 
814 5387420 
815 5387420 
816 5387420 
817 5387420 
818 5387420 
819 5387420 
820 5387420 
821 5387420 
822 5387420 
823 5387420 
824 5387420 
825 5387420 
826 5387420 
827 5387420 
828 5387420 
829 5387420 
830 5387420 
831 5387420 
832 5387420 
833 5387420 
834 5387420 
835 5387420 
836 5387420 
837 5387420 
838 5387420 
839 5387420 
840 5387420 
841 5387420 
842 5387420 
843 5387420 
844 5387420 
845 5387420 
846 5387420 
847 5387420 
848 5387420 
849 5387420 
850 5387420 
851 5387420 
852 5387420 
853 5387420 
854 5387420 
855 5387420 
856 5387420 
857 5387420 
858 5387420 
859 5387420 
860 5387420 
861 5387420 
862 5387420 
863 5387420 
864 5387420 
865 5387420 
866 5387420 
867 5387420 
868 5387420 
869 5387420 
870 5387420 
871 5387420 
872 5387420 
873 5387420 
874 5387420 
875 5387420 
876 5387420 
877 5387420 
878 5387420 
879 5387420 
880 5387420 
881 5387420 
882 5387420 
883 5387420 
884 5387420 
885 5387420 
886 5387420 
887 5387420 
888 5387420 
889 5387420 
890 5387420 
891 5387420 
892 5387420 
893 5387420 
894 5387420 
895 5387420 
896 5387420 
897 5387420 
898 5387420 
899 5387420 
900 5387420 
901 5387420 
902 5387420 
903 5387420 
904 5387420 
905 5387420 
906 5387420 
907 5387420 
908 5387420 
909 5387420 
910 5387420 
911 5387420 
912 5387420 
913 5387420 
914 5387420 
915 5387420 
916 5387420 
917 5387420 
918 5387420 
919 5387420 
920 5387420 
921 5387420 
922 5387420 
923 5387420 
924 5387420 
925 5387420 
926 5387420 
927 5387420 
928 5387420 
929 5387420 
930 5387420 
931 5387420 
932 5387420 
933 5387420 
934 5387420 
935 5387420 
936 5387420 
937 5387420 
938 5387420 
939 5387420 
940 5387420 
941 5387420 
942 5387420 
943 5387420 
944 5387420 
945 5387420 
946 5387420 
947 5387420 
948 5387420 
949 5387420 
950 5387420 
951 5387420 
952 5387420 
953 5387420 
954 5387420 
955 5387420 
956 5387420 
957 5387420 
958 5387420 
959 5387420 
960 5387420 
961 5387420 
962 5387420 
963 5387420 
964 5387420 
965 5387420 
966 5387420 
967 5387420 
968 5387420 
969 5387420 
970 5387420 
971 5387420 
972 5387420 
973 5387420 
974 5387420 
975 5387420 
976 5387420 
977 5387420 
978 5387420 
979 5387420 
980 5387420 
981 5387420 
982 5387420 
983 5387420 
984 5387420 
985 5387420 
986 5387420 
987 5387420 
988 5387420 
989 5387420 
990 5387420 
991 5387420 
992 5387420 
993 5387420 
994 5387420 
995 5387420 
996 5387420 
997 5387420 
998 5387420 
999 5387420 
1000 5387420 
1001 5387420 
1002 5387420 
1003 5387420 
1004 5387420 
1005 5387420 
1006 5387420 
1007 5387420 
1008 5387420 
1009 5387420 
1010 5387420 
1011 5387420 
1012 5387420 
1013 5387420 
1014 5387420 
1015 5387420 
1016 5387420 
1017 5387420 
1018 5387420 
1019 5387420 
1020 5387420 
1021 5387420 
1022 5387420 
1023 5387420 
1024 5387420 
1025 5387420 
1026 5387420 
1027 5387420 
1028 5387420 
1029 5387420 
1030 5387420 
1031 5387420 
1032 5387420 
1033 5387420 
1034 5387420 
1035 5387420 
1036 5387420 
1037 5387420 
1038 5387420 
1039 5387420 
1040 5387420 
1041 5387420 
1042 5387420 
1043 5387420 
1044 5387420 
1045 5387420 
1046 5387420 
1047 5387420 
1048 5387420 
1049 5387420 
1050 5387420 
1051 5387420 
1052 5387420 
1053 5387420 
1054 5387420 
1055 5387420 
1056 5387420 
1057 5387420 
1058 5387420 
1059 5387420 
1060 5387420 
1061 5387420 
1062 5387420 
1063 5387420 
1064 5387420 
1065 5387420 
1066 5387420 
1067 5387420 
1068 5387420 
1069 5387420 
1070 5387420 
1071 5387420 
1072 5387420 
1073 5387420 
1074 5387420 
1075 5387420 
1076 5387420 
1077 5387420 
1078 5387420 
1079 5387420 
1080 5387420 
1081 5387420 
1082 5387420 
1083 5387420 
1084 5387420 
1085 5387420 
1086 5387420 
1087 5387420 
1088 5387420 
1089 5387420 
1090 5387420 
1091 5387420 
1092 5387420 
1093 5387420 
1094 5387420 
1095 5387420 
1096 5387420 
1097 5387420 
1098 5387420 
1099 5387420 
1100 5387420 
1101 5387420 
1102 5387420 
1103 5387420 
1104 5387420 
1105 5387420 
1106 5387420 
1107 5387420 
1108 5387420 
1109 5387420 
1110 5387420 
1111 5387420 
1112 5387420 
1113 5387420 
1114 5387420 
1115 5387420 
1116 5387420 
1117 5387420 
1118 5387420 
1119 5387420 
1120 5387420 
1121 5387420 
1122 5387420 
1123 5387420 
1124 5387420 
1125 5387420 
1126 5387420 
1127 5387420 
1128 5387420 
1129 5387420 
1130 5387420 
1131 5387420 
1132 5387420 
1133 5387420 
1134 5387420 
1135 5387420 
1136 5387420 
1137 5387420 
1138 5387420 
1139 5387420 
1140 5387420 
1141 5387420 
1142 5387420 
1143 5387420 
1144 5387420 
1145 5387420 
1146 5387420 
1147 5387420 
1148 5387420 
1149 5387420 
1150 5387420 
1151 5387420 
1152 5387420 
1153 5387420 
1154 5387420 
1155 5387420 
1156 5387420 
1157 5387420 
1158 5387420 
1159 5387420 
1160 5387420 
1161 5387420 
1162 5387420 
1163 5387420 
1164 5387420 
1165 5387420 
1166 5387420 
1167 5387420 
1168 5387420 
1169 5387420 
1170 5387420 
1171 5387420 
1172 5387420 
1173 5387420 
1174 5387420 
1175 5387420 
1176 5387420 
1177 5387420 
1178 5387420 
1179 5387420 
1180 5387420 
1181 5387420 
1182 5387420 
1183 5387420 
1184 5387420 
1185 5387420 
1186 5387420 
1187 5387420 
1188 5387420 
1189 5387420 
1190 5387420 
1191 5387420 
1192 5387420 
1193 5387420 
1194 5387420 
1195 5387420 
1196 5387420 
1197 5387420 
1198 5387420 
1199 5387420 
1200 5387420 
1201 5387420 
1202 5387420 
1203 5387420 
1204 5387420 
1205 5387420 
1206 5387420 
1207 5387420 
1208 5387420 
1209 5387420 
1210 5387420 
1211 5387420 
1212 5387420 
1213 5387420 
1214 5387420 
1215 5387420 
1216 5387420 
1217 5387420 
1218 5387420 
1219 5387420 
1220 5387420 
1221 5387420 
1222 5387420 
1223 5387420 
1224 5387420 
1225 5387420 
1226 5387420 
1227 5387420 
1228 5387420 
1229 5387420 
1230 5387420 
1231 5387420 
1232 5387420 
1233 5387420 
1234 5387420 
1235 5387420 
1236 5387420 
1237 5387420 
1238 5387420 
1239 5387420 
1240 5387420 
1241 5387420 
1242 5387420 
1243 5387420 
1244 5387420 
1245 5387420 
1246 5387420 
1247 5387420 
1248 5387420 
1249 5387420 
1250 5387420 
1251 5387420 
1252 5387420 
1253 5387420 
1254 5387420 
1255 5387420 
1256 5387420 
1257 5387420 
1258 5387420 
1259 5387420 
1260 5387420 
1261 5387420 
1262 5387420 
1263 5387420 
1264 5387420 
1265 5387420 
1266 5387420 
1267 5387420 
1268 5387420 
1269 5387420 
1270 5387420 
1271 5387420 
1272 5387420 
1273 5387420 
1274 5387420 
1275 5387420 
1276 5387420 
1277 5387420 
1278 5387420 
1279 5387420 
1280 5387420 
1281 5387420 
1282 5387420 
1283 5387420 
1284 5387420 
1285 5387420 
1286 5387420 
1287 5387420 
1288 5387420 
1289 5387420 
1290 5387420 
1291 5387420 
1292 5387420 
1293 5387420 
1294 5387420 
1295 5387420 
1296 5387420 
1297 5387420 
1298 5387420 
1299 5387420 
1300 5387420 
1301 5387420 
1302 5387420 
1303 5387420 
1304 5387420 
1305 5387420 
1306 5387420 
1307 5387420 
1308 5387420 
1309 5387420 
1310 5387420 
1311 5387420 
1312 5387420 
1313 5387420 
1314 5387420 
1315 5387420 
1316 5387420 
1317 5387420 
1318 5387420 
1319 5387420 
1320 5387420 
1321 5387420 
1322 5387420 
1323 5387420 
1324 5387420 
1325 5387420 
1326 5387420 
1327 5387420 
1328 5387420 
1329 5387420 
1330 5387420 
1331 5387420 
1332 5387420 
1333 5387420 
1334 5387420 
1335 5387420 
1336 5387420 
1337 5387420 
1338 5387420 
1339 5387420 
1340 5387420 
1341 5387420 
1342 5387420 
1343 5387420 
1344 5387420 
1345 5387420 
1346 5387420 
1347 5387420 
1348 5387420 
1349 5387420 
1350 5387420 
1351 5387420 
1352 5387420 
1353 5387420 
1354 5387420 
1355 5387420 
1356 5387420 
1357 5387420 
1358 5387420 
1359 5387420 
1360 5387420 
1361 5387420 
1362 5387420 
1363 5387420 
1364 5387420 
1365 5387420 
1366 5387420 
1367 5387420 
1368 5387420 
1369 5387420 
1370 5387420 
1371 5387420 
1372 5387420 
1373 5387420 
1374 5387420 
1375 5387420 
1376 5387420 
1377 5387420 
1378 5387420 
1379 5387420 
1380 5387420 
1381 5387420 
1382 5387420 
1383 5387420 
1384 5387420 
1385 5387420 
1386 5387420 
1387 5387420 
1388 5387420 
1389 5387420 
1390 5387420 
1391 5387420 
1392 5387420 
1393 5387420 
1394 5387420 
1395 5387420 
1396 5387420 
1397 5387420 
1398 5387420 
1399 5387420 
1400 5387420 
1401 5387420 
1402 5387420 
1403 5387420 
1404 5387420 
1405 5387420 
1406 5387420 
1407 5387420 
1408 5387420 
1409 5387420 
1410 5387420 
1411 5387420 
1412 5387420 
1413 5387420 
1414 5387420 
1415 5387420 
1416 5387420 
1417 5387420 
1418 5387420 
1419 5387420 
1420 5387420 
1421 5387420 
1422 5387420 
1423 5387420 
1424 5387420 
1425 5387420 
1426 5387420 
1427 5387420 
1428 5387420 
1429 5387420 
1430 5387420 
1431 5387420 
1432 5387420 
1433 5387420 
1434 5387420 
1435 5387420 
1436 5387420 
1437 5387420 
1438 5387420 
1439 5387420 
1440 5387420 
1441 5387420 
1442 5387420 
1443 5387420 
1444 5387420 
1445 5387420 
1446 5387420 
1447 5387420 
1448 5387420 
1449 5387420 
1450 5387420 
1451 5387420 
1452 5387420 
1453 5387420 
1454 5387420 
1455 5387420 
1456 5387420 
1457 5387420 
1458 5387420 
1459 5387420 
1460 5387420 
1461 5387420 
1462 5387420 
1463 5387420 
1464 5387420 
1465 5387420 
1466 5387420 
1467 5387420 
1468 5387420 
1469 5387420 
1470 5387420 
1471 5387420 
1472 5387420 
1473 5387420 
1474 5387420 
1475 5387420 
1476 5387420 
1477 5387420 
1478 5387420 
1479 5387420 
1480 5387420 
1481 5387420 
1482 5387420 
1483 5387420 
1484 5387420 
1485 5387420 
1486 5387420 
1487 5387420 
1488 5387420 
1489 5387420 
1490 5387420 
1491 5387420 
1492 5387420 
1493 5387420 
1494 5387420 
1495 5387420 
1496 5387420 
1497 5387420 
1498 5387420 
1499 5387420 
1500 5387420 
1501 5387420 
1502 5387420 
1503 5387420 
1504 5387420 
1505 5387420 
1506 5387420 
1507 5387420 
1508 5387420 
1509 5387420 
1510 5387420 
1511 5387420 
1512 5387420 
1513 5387420 
1514 5387420 
1515 5387420 
1516 5387420 
1517 5387420 
1518 5387420 
1519 5387420 
1520 5387420 
1521 5387420 
1522 5387420 
1523 5387420 
1524 5387420 
1525 5387420 
1526 5387420 
1527 5387420 
1528 5387420 
1529 5387420 
1530 5387420 
1531 5387420 
1532 5387420 
1533 5387420 
1534 5387420 
1535 5387420 
1536 5387420 
1537 5387420 
1538 5387420 
1539 5387420 
1540 5387420 
1541 5387420 
1542 5387420 
1543 5387420 
1544 5387420 
1545 5387420 
1546 5387420 
1547 5387420 
1548 5387420 
1549 5387420 
1550 5387420 
1551 5387420 
1552 5387420 
1553 5387420 
1554 5387420 
1555 5387420 
1556 5387420 
1557 5387420 
1558 5387420 
1559 5387420 
1560 5387420 
1561 5387420 
1562 5387420 
1563 5387420 
1564 5387420 
1565 5387420 
1566 5387420 
1567 5387420 
1568 5387420 
1569 5387420 
1570 5387420 
1571 5387420 
1572 5387420 
1573 5387420 
1574 5387420 
1575 5387420 
1576 5387420 
1577 5387420 
1578 5387420 
1579 5387420 
1580 5387420 
1581 5387420 
1582 5387420 
1583 5387420 
1584 5387420 
1585 5387420 
1586 5387420 
1587 5387420 
1588 5387420 
1589 5387420 
1590 5387420 
1591 5387420 
1592 5387420 
1593 5387420 
1594 5387420 
1595 5387420 
1596 5387420 
1597 5387420 
1598 5387420 
1599 5387420 
1600 5387420 
1601 5387420 
1602 5387420 
1603 5387420 
1604 5387420 
1605 5387420 
1606 5387420 
1607 5387420 
1608 5387420 
1609 5387420 
1610 5387420 
1611 5387420 
1612 5387420 
1613 5387420 
1614 5387420 
1615 5387420 
1616 5387420 
1617 5387420 
1618 5387420 
1619 5387420 
1620 5387420 
1621 5387420 
1622 5387420 
1623 5387420 
1624 5387420 
1625 5387420 
1626 5387420 
1627 5387420 
1628 5387420 
1629 5387420 
1630 5387420 
1631 5387420 
1632 5387420 
1633 5387420 
1634 5387420 
1635 5387420 
1636 5387420 
1637 5387420 
1638 5387420 
1639 5387420 
1640 5387420 
1641 5387420 
1642 5387420 
1643 5387420 
1644 5387420 
1645 5387420 
1646 5387420 
1647 5387420 
1648 5387420 
1649 5387420 
1650 5387420 
1651 5387420 
1652 5387420 
1653 5387420 
1654 5387420 
1655 5387420 
1656 5387420 
1657 5387420 
1658 5387420 
1659 5387420 
1660 5387420 
1661 5387420 
1662 5387420 
1663 5387420 
1664 5387420 
1665 5387420 
1666 5387420 
1667 5387420 
1668 5387420 
1669 5387420 
1670 5387420 
1671 5387420 
1672 5387420 
1673 5387420 
1674 5387420 
1675 5387420 
1676 5387420 
1677 5387420 
1678 5387420 
1679 5387420 
1680 5387420 
1681 5387420 
1682 5387420 
1683 5387420 
1684 5387420 
1685 5387420 
1686 5387420 
1687 5387420 
1688 5387420 
1689 5387420 
1690 5387420 
1691 5387420 
1692 5387420 
1693 5387420 
1694 5387420 
1695 5387420 
1696 5387420 
1697 5387420 
1698 5387420 
1699 5387420 
1700 5387420 
1701 5387420 
1702 5387420 
1703 5387420 
1704 5387420 
1705 5387420 
1706 5387420 
1707 5387420 
1708 5387420 
1709 5387420 
1710 5387420 
1711 5387420 
1712 5387420 
1713 5387420 
1714 5387420 
1715 5387420 
1716 5387420 
1717 5387420 
1718 5387420 
1719 5387420 
1720 5387420 
1721 5387420 
1722 5387420 
1723 5387420 
1724 5387420 
1725 5387420 
1726 5387420 
1727 5387420 
1728 5387420 
1729 5387420 
1730 5387420 
1731 5387420 
1732 5387420 
1733 5387420 
1734 5387420 
1735 5387420 
1736 5387420 
1737 5387420 
1738 5387420 
1739 5387420 
1740 5387420 
1741 5387420 
1742 5387420 
1743 5387420 
1744 5387420 
1745 5387420 
1746 5387420 
1747 5387420 
1748 5387420 
1749 5387420 
1750 5387420 
1751 5387420 
1752 5387420 
1753 5387420 
1754 5387420 
1755 5387420 
1756 5387420 
1757 5387420 
1758 5387420 
1759 5387420 
1760 5387420 
1761 5387420 
1762 5387420 
1763 5387420 
1764 5387420 
1765 5387420 
1766 5387420 
1767 5387420 
1768 5387420 
1769 5387420 
1770 5387420 
1771 5387420 
1772 5387420 
1773 5387420 
1774 5387420 
1775 5387420 
1776 5387420 
1777 5387420 
1778 5387420 
1779 5387420 
1780 5387420 
1781 5387420 
1782 5387420 
1783 5387420 
1784 5387420 
1785 5387420 
1786 5387420 
1787 5387420 
1788 5387420 
1789 5387420 
1790 5387420 
1791 5387420 
1792 5387420 
1793 5387420 
1794 5387420 
1795 5387420 
1796 5387420 
1797 5387420 
1798 5387420 
1799 5387420 
1800 5387420 
1801 5387420 
1802 5387420 
1803 5387420 
1804 5387420 
1805 5387420 
1806 5387420 
1807 5387420 
1808 5387420 
1809 5387420 
1810 5387420 
1811 5387420 
1812 5387420 
1813 5387420 
1814 5387420 
1815 5387420 
1816 5387420 
1817 5387420 
1818 5387420 
1819 5387420 
1820 5387420 
1821 5387420 
1822 5387420 
1823 5387420 
1824 5387420 
1825 5387420 
1826 5387420 
1827 5387420 
1828 5387420 
1829 5387420 
1830 5387420 
1831 5387420 
1832 5387420 
1833 5387420 
1834 5387420 
1835 5387420 
1836 5387420 
1837 5387420 
1838 5387420 
1839 5387420 
1840 5387420 
1841 5387420 
1842 5387420 
1843 5387420 
1844 5387420 
1845 5387420 
1846 5387420 
1847 5387420 
1848 5387420 
1849 5387420 
1850 5387420 
1851 5387420 
1852 5387420 
1853 5387420 
1854 5387420 
1855 5387420 
1856 5387420 
1857 5387420 
1858 5387420 
1859 5387420 
1860 5387420 
1861 5387420 
1862 5387420 
1863 5387420 
1864 5387420 
1865 5387420 
1866 5387420 
1867 5387420 
1868 5387420 
1869 5387420 
1870 5387420 
1871 5387420 
1872 5387420 
1873 5387420 
1874 5387420 
1875 5387420 
1876 5387420 
1877 5387420 
1878 5387420 
1879 5387420 
1880 5387420 
1881 5387420 
1882 5387420 
1883 5387420 
1884 5387420 
1885 5387420 
1886 5387420 
1887 5387420 
1888 5387420 
1889 5387420 
1890 5387420 
1891 5387420 
1892 5387420 
1893 5387420 
1894 5387420 
1895 5387420 
1896 5387420 
1897 5387420 
1898 5387420 
1899 5387420 
1900 5387420 
1901 5387420 
1902 5387420 
1903 5387420 
1904 5387420 
1905 5387420 
1906 5387420 
1907 5387420 
1908 5387420 
1909 5387420 
1910 5387420 
1911 5387420 
1912 5387420 
1913 5387420 
1914 5387420 
1915 5387420 
1916 5387420 
1917 5387420 
1918 5387420 
1919 5387420 
1920 5387420 
1921 5387420 
1922 5387420 
1923 5387420 
1924 5387420 
1925 5387420 
1926 5387420 
1927 5387420 
1928 5387420 
1929 5387420 
1930 5387420 
1931 5387420 
1932 5387420 
1933 5387420 
1934 5387420 
1935 5387420 
1936 5387420 
1937 5387420 
1938 5387420 
1939 5387420 
1940 5387420 
1941 5387420 
1942 5387420 
1943 5387420 
1944 5387420 
1945 5387420 
1946 5387420 
1947 5387420 
1948 5387420 
1949 5387420 
1950 5387420 
1951 5387420 
1952 5387420 
1953 5387420 
1954 5387420 
1955 5387420 
1956 5387420 
1957 5387420 
1958 5387420 
1959 5387420 
1960 5387420 
1961 5387420 
1962 5387420 
1963 5387420 
1964 5387420 
1965 5387420 
1966 5387420 
1967 5387420 
1968 5387420 
1969 5387420 
1970 5387420 
1971 5387420 
1972 5387420 
1973 5387420 
1974 5387420 
1975 5387420 
1976 5387420 
1977 5387420 
1978 5387420 
1979 5387420 
1980 5387420 
1981 5387420 
1982 5387420 
1983 5387420 
1984 5387420 
1985 5387420 
1986 5387420 
1987 5387420 
1988 5387420 
1989 5387420 
1990 5387420 
1991 5387420 
1992 5387420 
1993 5387420 
1994 5387420 
1995 5387420 
1996 5387420 
1997 5387420 
1998 5387420 
1999 5387420 
2000 5387420 
2001 5387420 
2002 5387420 
2003 5387420 
2004 5387420 
2005 5387420 
2006 5387420 
2007 5387420 
2008 5387420 
2009 5387420 
2010 5387420 
2011 5387420 
2012 5387420 
2013 5387420 
2014 5387420 
2015 5387420 
2016 5387420 
2017 5387420 
2018 5387420 
2019 5387420 
2020 5387420 
2021 5387420 
2022 5387420 
2023 5387420 
2024 5387420 
2025 5387420 
2026 5387420 
2027 5387420 
2028 5387420 
2029 5387420 
2030 5387420 
2031 5387420 
2032 5387420 
2033 5387420 
2034 5387420 
2035 5387420 
2036 5387420 
2037 5387420 
2038 5387420 
2039 5387420 
2040 5387420 
2041 5387420 
2042 5387420 
2043 5387420 
2044 5387420 
2045 5387420 
2046 5387420 
2047 5387420 
2048 5387420 
2049 5387420 
2050 5387420 
2051 5387420 
2052 5387420 
2053 5387420 
2054 5387420 
2055 5387420 
2056 5387420 
2057 5387420 
2058 5387420 
2059 5387420 
2060 5387420 
2061 5387420 
2062 5387420 
2063 5387420 
2064 5387420 
2065 5387420 
2066 5387420 
2067 5387420 
2068 5387420 
2069 5387420 
2070 5387420 
2071 5387420 
2072 5387420 
2073 5387420 
2074 5387420 
2075 5387420 
2076 5387420 
2077 5387420 
2078 5387420 
2079 5387420 
2080 5387420 
2081 5387420 
2082 5387420 
2083 5387420 
2084 5387420 
2085 5387420 
2086 5387420 
2087 5387420 
2088 5387420 
2089 5387420 
2090 5387420 
2091 5387420 
2092 5387420 
2093 5387420 
2094 5387420 
2095 5387420 
2096 5387420 
2097 5387420 
2098 5387420 
2099 5387420 
2100 5387420 
2101 5387420 
2102 5387420 
2103 5387420 
2104 5387420 
2105 5387420 
2106 5387420 
2107 5387420 
2108 5387420 
2109 5387420 
2110 5387420 
2111 5387420 
2112 5387420 
2113 5387420 
2114 5387420 
2115 5387420 
2116 5387420 
2117 5387420 
2118 5387420 
2119 5387420 
2120 5387420 
2121 5387420 
2122 5387420 
2123 5387420 
2124 5387420 
2125 5387420 
2126 5387420 
2127 5387420 
2128 5387420 
2129 5387420 
2130 5387420 
2131 5387420 
2132 5387420 
2133 5387420 
2134 5387420 
2135 5387420 
2136 5387420 
2137 5387420 
2138 5387420 
2139 5387420 
2140 5387420 
2141 5387420 
2142 5387420 
2143 5387420 
2144 5387420 
2145 5387420 
2146 5387420 
2147 5387420 
2148 5387420 
2149 5387420 
2150 5387420 
2151 5387420 
2152 5387420 
2153 5387420 
2154 5387420 
2155 5387420 
2156 5387420 
2157 5387420 
2158 5387420 
2159 5387420 
2160 5387420 
2161 5387420 
2162 5387420 
2163 5387420 
2164 5387420 
2165 5387420 
2166 5387420 
2167 5387420 
2168 5387420 
2169 5387420 
2170 5387420 
2171 5387420 
2172 5387420 
2173 5387420 
2174 5387420 
2175 5387420 
2176 5387420 
2177 5387420 
2178 5387420 
2179 5387420 
2180 5387420 
2181 5387420 
2182 5387420 
2183 5387420 
2184 5387420 
2185 5387420 
2186 5387420 
2187 5387420 
2188 5387420 
2189 5387420 
2190 5387420 
2191 5387420 
2192 5387420 
2193 5387420 
2194 5387420 
2195 5387420 
2196 5387420 
2197 5387420 
2198 5387420 
2199 5387420 
2200 5387420 
2201 5387420 
2202 5387420 
2203 5387420 
2204 5387420 
2205 5387420 
2206 5387420 
2207 5387420 
2208 5387420 
2209 5387420 
2210 5387420 
2211 5387420 
2212 5387420 
2213 5387420 
2214 5387420 
2215 5387420 
2216 5387420 
2217 5387420 
2218 5387420 
2219 5387420 
2220 5387420 
2221 5387420 
2222 5387420 
2223 5387420 
2224 5387420 
2225 5387420 
2226 5387420 
2227 5387420 
2228 5387420 
2229 5387420 
2230 5387420 
2231 5387420 
2232 5387420 
2233 5387420 
2234 5387420 
2235 5387420 
2236 5387420 
2237 5387420 
2238 5387420 
2239 5387420 
2240 5387420 
2241 5387420 
2242 5387420 
2243 5387420 
2244 5387420 
2245 5387420 
2246 5387420 
2247 5387420 
2248 5387420 
2249 5387420 
2250 5387420 
2251 5387420 
2252 5387420 
2253 5387420 
2254 5387420 
2255 5387420 
2256 5387420 
2257 5387420 
2258 5387420 
2259 5387420 
2260 5387420 
2261 5387420 
2262 5387420 
2263 5387420 
2264 5387420 
2265 5387420 
2266 5387420 
2267 5387420 
2268 5387420 
2269 5387420 
2270 5387420 
2271 5387420 
2272 5387420 
2273 5387420 
2274 5387420 
2275 5387420 
2276 5387420 
2277 5387420 
2278 5387420 
2279 5387420 
2280 5387420 
2281 5387420 
2282 5387420 
2283 5387420 
2284 5387420 
2285 5387420 
2286 5387420 
2287 5387420 
2288 5387420 
2289 5387420 
2290 5387420 
2291 5387420 
2292 5387420 
2293 5387420 
2294 5387420 
2295 5387420 
2296 5387420 
2297 5387420 
2298 5387420 
2299 5387420 
2300 5387420 
2301 5387420 
2302 5387420 
2303 5387420 
2304 5387420 
2305 5387420 
2306 5387420 
2307 5387420 
2308 5387420 
2309 5387420 
2310 5387420 
2311 5387420 
2312 5387420 
2313 5387420 
2314 5387420 
2315 5387420 
2316 5387420 
2317 5387420 
2318 5387420 
2319 5387420 
2320 5387420 
2321 5387420 
2322 5387420 
2323 5387420 
2324 5387420 
2325 5387420 
2326 5387420 
2327 5387420 
2328 5387420 
2329 5387420 
2330 5387420 
2331 5387420 
2332 5387420 
2333 5387420 
2334 5387420 
2335 5387420 
2336 5387420 
2337 5387420 
2338 5387420 
2339 5387420 
2340 5387420 
2341 5387420 
2342 5387420 
2343 5387420 
2344 5387420 
2345 5387420 
2346 5387420 
2347 5387420 
2348 5387420 
2349 5387420 
2350 5387420 
2351 5387420 
2352 5387420 
2353 5387420 
2354 5387420 
2355 5387420 
2356 5387420 
2357 5387420 
2358 5387420 
2359 5387420 
2360 5387420 
2361 5387420 
2362 5387420 
2363 5387420 
2364 5387420 
2365 5387420 
2366 5387420 
2367 5387420 
2368 5387420 
2369 5387420 
2370 5387420 
2371 5387420 
2372 5387420 
2373 5387420 
2374 5387420 
2375 5387420 
2376 5387420 
2377 5387420 
2378 5387420 
2379 5387420 
2380 5387420 
2381 5387420 
2382 5387420 
2383 5387420 
2384 5387420 
2385 5387420 
2386 5387420 
2387 5387420 
2388 5387420 
2389 5387420 
2390 5387420 
2391 5387420 
2392 5387420 
2393 5387420 
2394 5387420 
2395 5387420 
2396 5387420 
2397 5387420 
2398 5387420 
2399 5387420 
2400 5387420 
2401 5387420 
2402 5387420 
2403 5387420 
2404 5387420 
2405 5387420 
2406 5387420 
2407 5387420 
2408 5387420 
2409 5387420 
2410 5387420 
2411 5387420 
2412 5387420 
2413 5387420 
2414 5387420 
2415 5387420 
2416 5387420 
2417 5387420 
2418 5387420 
2419 5387420 
2420 5387420 
2421 5387420 
2422 5387420 
2423 5387420 
2424 5387420 
2425 5387420 
2426 5387420 
2427 5387420 
2428 5387420 
2429 5387420 
2430 5387420 
2431 5387420 
2432 5387420 
2433 5387420 
2434 5387420 
2435 5387420 
2436 5387420 
2437 5387420 
2438 5387420 
2439 5387420 
2440 5387420 
2441 5387420 
2442 5387420 
2443 5387420 
2444 5387420 
2445 5387420 
2446 5387420 
2447 5387420 
2448 5387420 
2449 5387420 
2450 5387420 
2451 5387420 
2452 5387420 
2453 5387420 
2454 5387420 
2455 5387420 
2456 5387420 
2457 5387420 
2458 5387420 
2459 5387420 
2460 5387420 
2461 5387420 
2462 5387420 
2463 5387420 
2464 5387420 
2465 5387420 
2466 5387420 
2467 5387420 
2468 5387420 
2469 5387420 
2470 5387420 
2471 5387420 
2472 5387420 
2473 5387420 
2474 5387420 
2475 5387420 
2476 5387420 
2477 5387420 
2478 5387420 
2479 5387420 
2480 5387420 
2481 5387420 
2482 5387420 
2483 5387420 
2484 5387420 
2485 5387420 
2486 5387420 
2487 5387420 
2488 5387420 
2489 5387420 
2490 5387420 
2491 5387420 
2492 5387420 
2493 5387420 
2494 5387420 
2495 5387420 
2496 5387420 
2497 5387420 
2498 5387420 
2499 5387420 
2500 5387420 
2501 5387420 
2502 5387420 
2503 5387420 
2504 5387420 
2505 5387420 
2506 5387420 
2507 5387420 
2508 5387420 
2509 5387420 
2510 5387420 
2511 5387420 
2512 5387420 
2513 5387420 
2514 5387420 
2515 5387420 
2516 5387420 
2517 5387420 
2518 5387420 
2519 5387420 
2520 5387420 
2521 5387420 
2522 5387420 
2523 5387420 
2524 5387420 
2525 5387420 
2526 5387420 
2527 5387420 
2528 5387420 
2529 5387420 
2530 5387420 
2531 5387420 
2532 5387420 
2533 5387420 
2534 5387420 
2535 5387420 
2536 5387420 
2537 5387420 
2538 5387420 
2539 5387420 
2540 5387420 
2541 5387420 
2542 5387420 
2543 5387420 
2544 5387420 
2545 5387420 
2546 5387420 
2547 5387420 
2548 5387420 
2549 5387420 
2550 5387420 
2551 5387420 
2552 5387420 
2553 5387420 
2554 5387420 
2555 5387420 
2556 5387420 
2557 5387420 
2558 5387420 
2559 5387420 
2560 5387420 
2561 5387420 
2562 5387420 
2563 5387420 
2564 5387420 
2565 5387420 
2566 5387420 
2567 5387420 
2568 5387420 
2569 5387420 
2570 5387420 
2571 5387420 
2572 5387420 
2573 5387420 
2574 5387420 
2575 5387420 
2576 5387420 
2577 5387420 
2578 5387420 
2579 5387420 
2580 5387420 
2581 5387420 
2582 5387420 
2583 5387420 
2584 5387420 
2585 5387420 
2586 5387420 
2587 5387420 
2588 5387420 
2589 5387420 
2590 5387420 
2591 5387420 
2592 5387420 
2593 5387420 
2594 5387420 
2595 5387420 
2596 5387420 
2597 5387420 
2598 5387420 
2599 5387420 
2600 5387420 
2601 5387420 
2602 5387420 
2603 5387420 
2604 5387420 
2605 5387420 
2606 5387420 
2607 5387420 
2608 5387420 
2609 5387420 
2610 5387420 
2611 5387420 
2612 5387420 
2613 5387420 
2614 5387420 
2615 5387420 
2616 5387420 
2617 5387420 
2618 5387420 
2619 5387420 
2620 5387420 
2621 5387420 
2622 5387420 
2623 5387420 
2624 5387420 
2625 5387420 
2626 5387420 
2627 5387420 
2628 5387420 
2629 5387420 
2630 5387420 
2631 5387420 
2632 5387420 
2633 5387420 
2634 5387420 
2635 5387420 
2636 5387420 
2637 5387420 
2638 5387420 
2639 5387420 
2640 5387420 
2641 5387420 
2642 5387420 
2643 5387420 
2644 5387420 
2645 5387420 
2646 5387420 
2647 5387420 
2648 5387420 
2649 5387420 
2650 5387420 
2651 5387420 
2652 5387420 
2653 5387420 
2654 5387420 
2655 5387420 
2656 5387420 
2657 5387420 
2658 5387420 
2659 5387420 
2660 5387420 
2661 5387420 
2662 5387420 
2663 5387420 
2664 5387420 
2665 5387420 
2666 5387420 
2667 5387420 
2668 5387420 
2669 5387420 
2670 5387420 
2671 5387420 
2672 5387420 
2673 5387420 
2674 5387420 
2675 5387420 
2676 5387420 
2677 5387420 
2678 5387420 
2679 5387420 
2680 5387420 
2681 5387420 
2682 5387420 
2683 5387420 
2684 5387420 
2685 5387420 
2686 5387420 
2687 5387420 
2688 5387420 
2689 5387420 
2690 5387420 
2691 5387420 
2692 5387420 
2693 5387420 
2694 5387420 
2695 5387420 
2696 5387420 
2697 5387420 
2698 5387420 
2699 5387420 
2700 5387420 
2701 5387420 
2702 5387420 
2703 5387420 
2704 5387420 
2705 5387420 
2706 5387420 
2707 5387420 
2708 5387420 
2709 5387420 
2710 5387420 
2711 5387420 
2712 5387420 
2713 5387420 
2714 5387420 
2715 5387420 
2716 5387420 
2717 5387420 
2718 5387420 
2719 5387420 
2720 5387420 
2721 5387420 
2722 5387420 
2723 5387420 
2724 5387420 
2725 5387420 
2726 5387420 
2727 5387420 
2728 5387420 
2729 5387420 
2730 5387420 
2731 5387420 
2732 5387420 
2733 5387420 
2734 5387420 
2735 5387420 
2736 5387420 
2737 5387420 
2738 5387420 
2739 5387420 
2740 5387420 
2741 5387420 
2742 5387420 
2743 5387420 
2744 5387420 
2745 5387420 
2746 5387420 
2747 5387420 
2748 5387420 
2749 5387420 
2750 5387420 
2751 5387420 
2752 5387420 
2753 5387420 
2754 5387420 
2755 5387420 
2756 5387420 
2757 5387420 
2758 5387420 
2759 5387420 
2760 5387420 
2761 5387420 
2762 5387420 
2763 5387420 
2764 5387420 
2765 5387420 
2766 5387420 
2767 5387420 
2768 5387420 
2769 5387420 
2770 5387420 
2771 5387420 
2772 5387420 
2773 5387420 
2774 5387420 
2775 5387420 
2776 5387420 
2777 5387420 
2778 5387420 
2779 5387420 
2780 5387420 
2781 5387420 
2782 5387420 
2783 5387420 
2784 5387420 
2785 5387420 
2786 5387420 
2787 5387420 
2788 5387420 
2789 5387420 
2790 5387420 
2791 5387420 
2792 5387420 
2793 5387420 
2794 5387420 
2795 5387420 
2796 5387420 
2797 5387420 
2798 5387420 
2799 5387420 
2800 5387420 
2801 5387420 
2802 5387420 
2803 5387420 
2804 5387420 
2805 5387420 
2806 5387420 
2807 5387420 
2808 5387420 
2809 5387420 
2810 5387420 
2811 5387420 
2812 5387420 
2813 5387420 
2814 5387420 
2815 5387420 
2816 5387420 
2817 5387420 
2818 5387420 
2819 5387420 
2820 5387420 
2821 5387420 
2822 5387420 
2823 5387420 
2824 5387420 
2825 5387420 
2826 5387420 
2827 5387420 
2828 5387420 
2829 5387420 
2830 5387420 
2831 5387420 
2832 5387420 
2833 5387420 
2834 5387420 
2835 5387420 
2836 5387420 
2837 5387420 
2838 5387420 
2839 5387420 
2840 5387420 
2841 5387420 
2842 5387420 
2843 5387420 
2844 5387420 
2845 5387420 
2846 5387420 
2847 5387420 
2848 5387420 
2849 5387420 
2850 5387420 
2851 5387420 
2852 5387420 
2853 5387420 
2854 5387420 
2855 5387420 
2856 5387420 
2857 5387420 
2858 5387420 
2859 5387420 
2860 5387420 
2861 5387420 
2862 5387420 
2863 5387420 
2864 5387420 

