0 8117235 
1 8117038 
2 7892632 
3 7886730 
4 7861536 
5 7838519 
6 7837623 
7 7837357 
8 7836837 
9 7833873 
10 7833801 
11 7829641 
12 7780358 
13 7778924 
14 7778408 
15 7778317 
16 7778113 
17 7777120 
18 7775151 
19 7773170 
20 7770615 
21 7770218 
22 7770002 
23 7745886 
24 7745873 
25 7745869 
26 7745820 
27 7745789 
28 7745620 
29 7745584 
30 7744366 
31 7744353 
32 7738921 
33 7738334 
34 7738258 
35 7738135 
36 7738099 
37 7737840 
38 7732296 
39 7731529 
40 7731386 
41 7730411 
42 7729033 
43 7714304 
44 7705464 
45 7705423 
46 7705414 
47 7705336 
48 7702739 
49 7697314 
50 7696396 
51 7694765 
52 7693805 
53 7693402 
54 7692581 
55 7690285 
56 7690191 
57 7675267 
58 7671828 
59 7670385 
60 7669192 
61 7669161 
62 7669077 
63 7665762 
64 7665755 
65 7664985 
66 7664278 
67 7662601 
68 7662591 
69 7662492 
70 7659737 
71 7659666 
72 7657898 
73 7657858 
74 7657823 
75 7657726 
76 7633949 
77 7631870 
78 7625188 
79 7622223 
80 7621865 
81 7621849 
82 7621663 
83 7619672 
84 7618892 
85 7618865 
86 7612302 
87 7607830 
88 7601382 
89 7600940 
90 7599855 
91 7587126 
92 7586942 
93 7586900 
94 7585837 
95 7585795 
96 7585725 
97 7585640 
98 7583430 
99 7583151 
100 7583037 
101 7582638 
102 7582526 
103 7582204 
104 7581728 
105 7581686 
106 7581653 
107 7578579 
108 7577435 
109 7577417 
110 7575046 
111 7573759 
112 7573371 
113 7573350 
114 7573285 
115 7571945 
116 7570615 
117 7570356 
118 7569758 
119 7568602 
120 7568427 
121 7568104 
122 7567675 
123 7567545 
124 7561253 
125 7560692 
126 7560561 
127 7560454 
128 7558193 
129 7533843 
130 7533573 
131 7533560 
132 7533204 
133 7533139 
134 7530080 
135 7529991 
136 7529864 
137 7527959 
138 7527901 
139 7527868 
140 7527075 
141 7526347 
142 7525615 
143 7525615 
144 7525369 
145 7525334 
146 7525310 
147 7525269 
148 7524257 
149 7520233 
150 7520175 
151 7520142 
152 7519667 
153 7519100 
154 7518308 
155 7518243 
156 7516102 
157 7516016 
158 7515988 
159 7515963 
160 7515963 
161 7515963 
162 7515805 
163 7515781 
164 7512966 
165 7507467 
166 7507467 
167 7507466 
168 7507441 
169 7505772 
170 7505772 
171 7505741 
172 7505014 
173 7504840 
174 7504775 
175 7504344 
176 7504101 
177 7503390 
178 7502147 
179 7501766 
180 7501701 
181 7501533 
182 7500805 
183 7500799 
184 7499416 
185 7498413 
186 7498397 
187 7498374 
188 7498345 
189 7498345 
190 7498208 
191 7498064 
192 7498058 
193 7498034 
194 7497709 
195 7495778 
196 7490734 
197 7475719 
198 7460639 
199 7460639 
200 7460618 
201 7459542 
202 7451404 
203 7451369 
204 7446974 
205 7444755 
206 7444692 
207 7444583 
208 7444570 
209 7439866 
210 7430562 
211 7412308 
212 7412140 
213 7411972 
214 7410946 
215 7403393 
216 7400694 
217 7400176 
218 7396966 
219 7394563 
220 7378107 
221 7377725 
222 7377531 
223 7376075 
224 7367217 
225 7367103 
226 7365392 
227 7365021 
228 7364972 
229 7364538 
230 7364370 
231 7362990 
232 7362815 
233 7362652 
234 7357387 
235 7356827 
236 7354312 
237 7354305 
238 7353325 
239 7353069 
240 7346261 
241 7345519 
242 7345332 
243 7345267 
244 7345232 
245 7345154 
246 7344413 
247 7344156 
248 7332396 
249 7332266 
250 7332201 
251 7329406 
252 7329276 
253 7314930 
254 7314865 
255 7314851 
256 7314819 
257 7314650 
258 7314475 
259 7306841 
260 7306659 
261 7306659 
262 7306659 
263 7306474 
264 7306474 
265 7304914 
266 7304784 
267 7297620 
268 7297594 
269 7297529 
270 7297399 
271 7286487 
272 7281181 
273 7281012 
274 7280740 
275 7279565 
276 7279068 
277 7277380 
278 7277079 
279 7276539 
280 7275804 
281 7274425 
282 7274100 
283 7271713 
284 7271114 
285 7270024 
286 7269240 
287 7269233 
288 7266218 
289 7264199 
290 7264192 
291 7263765 
292 7263695 
293 7263502 
294 7263412 
295 7263404 
296 7263002 
297 7262858 
298 7262336 
299 7262280 
300 7262215 
301 7262177 
302 7262102 
303 7261842 
304 7261740 
305 7261740 
306 7261737 
307 7261597 
308 7261456 
309 7260973 
310 7260662 
311 7259349 
312 7259349 
313 7249131 
314 7248654 
315 7247561 
316 7246330 
317 7246272 
318 7244259 
319 7242865 
320 7240738 
321 7240665 
322 7240319 
323 7240270 
324 7239159 
325 7239153 
326 7239083 
327 7239083 
328 7239083 
329 7239011 
330 7239003 
331 7236475 
332 7236341 
333 7236307 
334 7233778 
335 7233730 
336 7233660 
337 7233608 
338 7233517 
339 7232497 
340 7232385 
341 7231033 
342 7231033 
343 7231033 
344 7231033 
345 7230361 
346 7220439 
347 7219672 
348 7219580 
349 7209026 
350 7208998 
351 7208455 
352 7208159 
353 7208112 
354 7208042 
355 7207541 
356 7207541 
357 7207394 
358 7206736 
359 7206561 
360 7206491 
361 7206458 
362 7206442 
363 7206377 
364 7205721 
365 7205691 
366 7205442 
367 7205020 
368 7204362 
369 7204362 
370 7204362 
371 7204053 
372 7203999 
373 7203940 
374 7203923 
375 7200475 
376 7200345 
377 7200288 
378 7200288 
379 7200097 
380 7200083 
381 7199912 
382 7199912 
383 7199912 
384 7199630 
385 7198738 
386 7198725 
387 7198634 
388 7198605 
389 7198549 
390 7198521 
391 7198146 
392 7198087 
393 7197961 
394 7197866 
395 7197824 
396 7197817 
397 7197530 
398 7197320 
399 7197024 
400 7196884 
401 7196758 
402 7196569 
403 7196426 
404 7196405 
405 7191712 
406 7190690 
407 7190655 
408 7188769 
409 7177073 
410 7169118 
411 7168943 
412 7166226 
413 7166226 
414 7166226 
415 7166082 
416 7162958 
417 7162776 
418 7155771 
419 7154960 
420 7154420 
421 7154212 
422 7149662 
423 7149610 
424 7149610 
425 7149376 
426 7148904 
427 7146015 
428 7143896 
429 7143896 
430 7143077 
431 7143063 
432 7141054 
433 7140991 
434 7139373 
435 7131624 
436 7131624 
437 7124536 
438 7124445 
439 7124326 
440 7124326 
441 7123949 
442 7123936 
443 7123919 
444 7123723 
445 7123628 
446 7121366 
447 7121236 
448 7121107 
449 7121081 
450 7121053 
451 7121027 
452 7121013 
453 7120954 
454 7120954 
455 7120941 
456 7120367 
457 7120129 
458 7120050 
459 7120050 
460 7120050 
461 7119952 
462 7119931 
463 7119931 
464 7119923 
465 7119853 
466 7119769 
467 7119741 
468 7119611 
469 7119325 
470 7119255 
471 7118793 
472 7118758 
473 7118737 
474 7118737 
475 7118737 
476 7118737 
477 7118737 
478 7118737 
479 7118709 
480 7118680 
481 7118645 
482 7118638 
483 7118638 
484 7118631 
485 7118631 
486 7118631 
487 7118631 
488 7118631 
489 7118631 
490 7102159 
491 7102159 
492 7102054 
493 7102054 
494 7102054 
495 7101970 
496 7101970 
497 7101970 
498 7101970 
499 7101899 
500 7101899 
501 7101899 
502 7101899 
503 7101899 
504 7101899 
505 7101899 
506 7101899 
507 7101899 
508 7101899 
509 7101899 
510 7101899 
511 7101899 
512 7101899 
513 7101899 
514 7101899 
515 7101899 
516 7101899 
517 7101899 
518 7101899 
519 7101899 
520 7101899 
521 7101899 
522 7101899 
523 7101899 
524 7101899 
525 7101899 
526 7101899 
527 7101899 
528 7101899 
529 7101899 
530 7101899 
531 7101899 
532 7101899 
533 7101899 
534 7101899 
535 7101899 
536 7101899 
537 7101899 
538 7101899 
539 7101899 
540 7101899 
541 7101899 
542 7101899 
543 7101899 
544 7101899 
545 7101899 
546 7101899 
547 7101899 
548 7101899 
549 7101899 
550 7101899 
551 7101899 
552 7101899 
553 7101899 
554 7101899 
555 7101899 
556 7101899 
557 7101899 
558 7101899 
559 7101899 
560 7101899 
561 7101899 
562 7101899 
563 7101899 
564 7101899 
565 7101899 
566 7101899 
567 7101899 
568 7101899 
569 7101899 
570 7101899 
571 7101899 
572 7101899 
573 7101899 
574 7101899 
575 7101899 
576 7101899 
577 7101899 
578 7101899 
579 7101899 
580 7101899 
581 7101899 
582 7101899 
583 7101899 
584 7101899 
585 7101899 
586 7101899 
587 7101899 
588 7101899 
589 7101899 
590 7101899 
591 7101899 
592 7101899 
593 7101899 
594 7101899 
595 7101899 
596 7101899 
597 7101899 
598 7101899 
599 7101899 
600 7101899 
601 7101899 
602 7101899 
603 7101899 
604 7101899 
605 7101899 
606 7101899 
607 7101899 
608 7101899 
609 7101899 
610 7101899 
611 7101899 
612 7101899 
613 7101899 
614 7101899 
615 7101899 
616 7101899 
617 7101899 
618 7101899 
619 7101899 
620 7101899 
621 7101899 
622 7101899 
623 7101899 
624 7101899 
625 7101899 
626 7101899 
627 7101899 
628 7101899 
629 7101899 
630 7101899 
631 7101899 
632 7101899 
633 7101899 
634 7101899 
635 7101899 
636 7101899 
637 7101899 
638 7101899 
639 7101899 
640 7101899 
641 7101899 
642 7101899 
643 7101899 
644 7101899 
645 7101899 
646 7101899 
647 7101899 
648 7101899 
649 7101899 
650 7101899 
651 7101899 
652 7101899 
653 7101899 
654 7101899 
655 7101899 
656 7101899 
657 7101899 
658 7101899 
659 7101899 
660 7101899 
661 7101899 
662 7101899 
663 7101899 
664 7101899 
665 7101899 
666 7101899 
667 7101899 
668 7101899 
669 7101899 
670 7101899 
671 7101899 
672 7101899 
673 7101899 
674 7101899 
675 7101899 
676 7101899 
677 7101899 
678 7101899 
679 7101899 
680 7101899 
681 7101899 
682 7101899 
683 7101899 
684 7101899 
685 7101899 
686 7101899 
687 7101899 
688 7101899 
689 7101899 
690 7101899 
691 7101899 
692 7101899 
693 7101899 
694 7101899 
695 7101899 
696 7101899 
697 7101899 
698 7101899 
699 7101899 
700 7101899 
701 7101899 
702 7101899 
703 7101899 
704 7101899 
705 7101899 
706 7101899 
707 7101899 
708 7101899 
709 7101899 
710 7101899 
711 7101899 
712 7101899 
713 7101899 
714 7101899 
715 7101899 
716 7101899 
717 7101899 
718 7101899 
719 7101899 
720 7101899 
721 7101899 
722 7101899 
723 7101899 
724 7101899 
725 7101899 
726 7101899 
727 7101899 
728 7101899 
729 7101899 
730 7101899 
731 7101899 
732 7101899 
733 7101899 
734 7101899 
735 7101899 
736 7101899 
737 7101899 
738 7101899 
739 7101899 
740 7101899 
741 7101899 
742 7101899 
743 7101899 
744 7101899 
745 7101899 
746 7101899 
747 7101899 
748 7101899 
749 7101899 
750 7101899 
751 7101899 
752 7101899 
753 7101899 
754 7101899 
755 7101899 
756 7101899 
757 7101899 
758 7101899 
759 7101899 
760 7101899 
761 7101899 
762 7101899 
763 7101899 
764 7101899 
765 7101899 
766 7101899 
767 7101899 
768 7101899 
769 7101899 
770 7101899 
771 7101899 
772 7101899 
773 7101899 
774 7101899 
775 7101899 
776 7101899 
777 7101899 
778 7101899 
779 7101899 
780 7101899 
781 7101899 
782 7101899 
783 7101899 
784 7101899 
785 7101899 
786 7101899 
787 7101899 
788 7101899 
789 7101899 
790 7101899 
791 7101899 
792 7101899 
793 7101899 
794 7101899 
795 7101899 
796 7101899 
797 7101899 
798 7101899 
799 7101899 
800 7101899 
801 7101899 
802 7101899 
803 7101899 
804 7101899 
805 7101899 
806 7101899 
807 7101899 
808 7101899 
809 7101899 
810 7101899 
811 7101899 
812 7101899 
813 7101899 
814 7101899 
815 7101899 
816 7101899 
817 7101899 
818 7101899 
819 7101899 
820 7101899 
821 7101899 
822 7101899 
823 7101899 
824 7101899 
825 7101899 
826 7101899 
827 7101899 
828 7101899 
829 7101899 
830 7101899 
831 7101899 
832 7101899 
833 7101899 
834 7101899 
835 7101899 
836 7101899 
837 7101899 
838 7101899 
839 7101899 
840 7101899 
841 7101899 
842 7101899 
843 7101899 
844 7101899 
845 7101899 
846 7101899 
847 7101899 
848 7101899 
849 7101899 
850 7101899 
851 7101899 
852 7101899 
853 7101899 
854 7101899 
855 7101899 
856 7101899 
857 7101899 
858 7101899 
859 7101899 
860 7101899 
861 7101899 
862 7101899 
863 7101899 
864 7101899 
865 7101899 
866 7101899 
867 7101899 
868 7101899 
869 7101899 
870 7101899 
871 7101899 
872 7101899 
873 7101899 
874 7101899 
875 7101899 
876 7101899 
877 7101899 
878 7101899 
879 7101899 
880 7101899 
881 7101899 
882 7101899 
883 7101899 
884 7101899 
885 7101899 
886 7101899 
887 7101899 
888 7101899 
889 7101899 
890 7101899 
891 7101899 
892 7101899 
893 7101899 
894 7101899 
895 7101899 
896 7101899 
897 7101899 
898 7101899 
899 7101899 
900 7101899 
901 7101899 
902 7101899 
903 7101899 
904 7101899 
905 7101899 
906 7101899 
907 7101899 
908 7101899 
909 7101899 
910 7101899 
911 7101899 
912 7101899 
913 7101899 
914 7101899 
915 7101899 
916 7101899 
917 7101899 
918 7101899 
919 7101899 
920 7101899 
921 7101899 
922 7101899 
923 7101899 
924 7101899 
925 7101899 
926 7101899 
927 7101899 
928 7101899 
929 7101899 
930 7101899 
931 7101899 
932 7101899 
933 7101899 
934 7101899 
935 7101899 
936 7101899 
937 7101899 
938 7101899 
939 7101899 
940 7101899 
941 7101899 
942 7101899 
943 7101899 
944 7101899 
945 7101899 
946 7101899 
947 7101899 
948 7101899 
949 7101899 
950 7101899 
951 7101899 
952 7101899 
953 7101899 
954 7101899 
955 7101899 
956 7101899 
957 7101899 
958 7101899 
959 7101899 
960 7101899 
961 7101899 
962 7101899 
963 7101899 
964 7101899 
965 7101899 
966 7101899 
967 7101899 
968 7101899 
969 7101899 
970 7101899 
971 7101899 
972 7101899 
973 7101899 
974 7101899 
975 7101899 
976 7101899 
977 7101899 
978 7101899 
979 7101899 
980 7101899 
981 7101899 
982 7101899 
983 7101899 
984 7101899 
985 7101899 
986 7101899 
987 7101899 
988 7101899 
989 7101899 
990 7101899 
991 7101899 
992 7101899 
993 7101899 
994 7101899 
995 7101899 
996 7101899 
997 7101899 
998 7101899 
999 7101899 
1000 7101899 
1001 7101899 
1002 7101899 
1003 7101899 
1004 7101899 
1005 7101899 
1006 7101899 
1007 7101899 
1008 7101899 
1009 7101899 
1010 7101899 
1011 7101899 
1012 7101899 
1013 7101899 
1014 7101899 
1015 7101899 
1016 7101899 
1017 7101899 
1018 7101899 
1019 7101899 
1020 7101899 
1021 7101899 
1022 7101899 
1023 7101899 
1024 7101899 
1025 7101899 
1026 7101899 
1027 7101899 
1028 7101899 
1029 7101899 
1030 7101899 
1031 7101899 
1032 7101899 
1033 7101899 
1034 7101899 
1035 7101899 
1036 7101899 
1037 7101899 
1038 7101899 
1039 7101899 
1040 7101899 
1041 7101899 
1042 7101899 
1043 7101899 
1044 7101899 
1045 7101899 
1046 7101899 
1047 7101899 
1048 7101899 
1049 7101899 
1050 7101899 
1051 7101899 
1052 7101899 
1053 7101899 
1054 7101899 
1055 7101899 
1056 7101899 
1057 7101899 
1058 7101899 
1059 7101899 
1060 7101899 
1061 7101899 
1062 7101899 
1063 7101899 
1064 7101899 
1065 7101899 
1066 7101899 
1067 7101899 
1068 7101899 
1069 7101899 
1070 7101899 
1071 7101899 
1072 7101899 
1073 7101899 
1074 7101899 
1075 7101899 
1076 7101899 
1077 7101899 
1078 7101899 
1079 7101899 
1080 7101899 
1081 7101899 
1082 7101899 
1083 7101899 
1084 7101899 
1085 7101899 
1086 7101899 
1087 7101899 
1088 7101899 
1089 7101899 
1090 7101899 
1091 7101899 
1092 7101899 
1093 7101899 
1094 7101899 
1095 7101899 
1096 7101899 
1097 7101899 
1098 7101899 
1099 7101899 
1100 7101899 
1101 7101899 
1102 7101899 
1103 7101899 
1104 7101899 
1105 7101899 
1106 7101899 
1107 7101899 
1108 7101899 
1109 7101899 
1110 7101899 
1111 7101899 
1112 7101899 
1113 7101899 
1114 7101899 
1115 7101899 
1116 7101899 
1117 7101899 
1118 7101899 
1119 7101899 
1120 7101899 
1121 7101899 
1122 7101899 
1123 7101899 
1124 7101899 
1125 7101899 
1126 7101899 
1127 7101899 
1128 7101899 
1129 7101899 
1130 7101899 
1131 7101899 
1132 7101899 
1133 7101899 
1134 7101899 
1135 7101899 
1136 7101899 
1137 7101899 
1138 7101899 
1139 7101899 
1140 7101899 
1141 7101899 
1142 7101899 
1143 7101899 
1144 7101899 
1145 7101899 
1146 7101899 
1147 7101899 
1148 7101899 
1149 7101899 
1150 7101899 
1151 7101899 
1152 7101899 
1153 7101899 
1154 7101899 
1155 7101899 
1156 7101899 
1157 7101899 
1158 7101899 
1159 7101899 
1160 7101899 
1161 7101899 
1162 7101899 
1163 7101899 
1164 7101899 
1165 7101899 
1166 7101899 
1167 7101899 
1168 7101899 
1169 7101899 
1170 7101899 
1171 7101899 
1172 7101899 
1173 7101899 
1174 7101899 
1175 7101899 
1176 7101899 
1177 7101899 
1178 7101899 
1179 7101899 
1180 7101899 
1181 7101899 
1182 7101899 
1183 7101899 
1184 7101899 
1185 7101899 
1186 7101899 
1187 7101899 
1188 7101899 
1189 7101899 
1190 7101899 
1191 7101899 
1192 7101899 
1193 7101899 
1194 7101899 
1195 7101899 
1196 7101899 
1197 7101899 
1198 7101899 
1199 7101899 
1200 7101899 
1201 7101899 
1202 7101899 
1203 7101899 
1204 7101899 
1205 7101899 
1206 7101899 
1207 7101899 
1208 7101899 
1209 7101899 
1210 7101899 
1211 7101899 
1212 7101899 
1213 7101899 
1214 7101899 
1215 7101899 
1216 7101899 
1217 7101899 
1218 7101899 
1219 7101899 
1220 7101899 
1221 7101899 
1222 7101899 
1223 7101899 
1224 7101899 
1225 7101899 
1226 7101899 
1227 7101899 
1228 7101899 
1229 7101899 
1230 7101899 
1231 7101899 
1232 7101899 
1233 7101899 
1234 7101899 
1235 7101899 
1236 7101899 
1237 7101899 
1238 7101899 
1239 7101899 
1240 7101899 
1241 7101899 
1242 7101899 
1243 7101899 
1244 7101899 
1245 7101899 
1246 7101899 
1247 7101899 
1248 7101899 
1249 7101899 
1250 7101899 
1251 7101899 
1252 7101899 
1253 7101899 
1254 7101899 
1255 7101899 
1256 7101899 
1257 7101899 
1258 7101899 
1259 7101899 
1260 7101899 
1261 7101899 
1262 7101899 
1263 7101899 
1264 7101899 
1265 7101899 
1266 7101899 
1267 7101899 
1268 7101899 
1269 7101899 
1270 7101899 
1271 7101899 
1272 7101899 
1273 7101899 
1274 7101899 
1275 7101899 
1276 7101899 
1277 7101899 
1278 7101899 
1279 7101899 
1280 7101899 
1281 7101899 
1282 7101899 
1283 7101899 
1284 7101899 
1285 7101899 
1286 7101899 
1287 7101899 
1288 7101899 
1289 7101899 
1290 7101899 
1291 7101899 
1292 7101899 
1293 7101899 
1294 7101899 
1295 7101899 
1296 7101899 
1297 7101899 
1298 7101899 
1299 7101899 
1300 7101899 
1301 7101899 
1302 7101899 
1303 7101899 
1304 7101899 
1305 7101899 
1306 7101899 
1307 7101899 
1308 7101899 
1309 7101899 
1310 7101899 
1311 7101899 
1312 7101899 
1313 7101899 
1314 7101899 
1315 7101899 
1316 7101899 
1317 7101899 
1318 7101899 
1319 7101899 
1320 7101899 
1321 7101899 
1322 7101899 
1323 7101899 
1324 7101899 
1325 7101899 
1326 7101899 
1327 7101899 
1328 7101899 
1329 7101899 
1330 7101899 
1331 7101899 
1332 7101899 
1333 7101899 
1334 7101899 
1335 7101899 
1336 7101899 
1337 7101899 
1338 7101899 
1339 7101899 
1340 7101899 
1341 7101899 
1342 7101899 
1343 7101899 
1344 7101899 
1345 7101899 
1346 7101899 
1347 7101899 
1348 7101899 
1349 7101899 
1350 7101899 
1351 7101899 
1352 7101899 
1353 7101899 
1354 7101899 
1355 7101899 
1356 7101899 
1357 7101899 
1358 7101899 
1359 7101899 
1360 7101899 
1361 7101899 
1362 7101899 
1363 7101899 
1364 7101899 
1365 7101899 
1366 7101899 
1367 7101899 
1368 7101899 
1369 7101899 
1370 7101899 
1371 7101899 
1372 7101899 
1373 7101899 
1374 7101899 
1375 7101899 
1376 7101899 
1377 7101899 
1378 7101899 
1379 7101899 
1380 7101899 
1381 7101899 
1382 7101899 
1383 7101899 
1384 7101899 
1385 7101899 
1386 7101899 
1387 7101899 
1388 7101899 
1389 7101899 
1390 7101899 
1391 7101899 
1392 7101899 
1393 7101899 
1394 7101899 
1395 7101899 
1396 7101899 
1397 7101899 
1398 7101899 
1399 7101899 
1400 7101899 
1401 7101899 
1402 7101899 
1403 7101899 
1404 7101899 
1405 7101899 
1406 7101899 
1407 7101899 
1408 7101899 
1409 7101899 
1410 7101899 
1411 7101899 
1412 7101899 
1413 7101899 
1414 7101899 
1415 7101899 
1416 7101899 
1417 7101899 
1418 7101899 
1419 7101899 
1420 7101899 
1421 7101899 
1422 7101899 
1423 7101899 
1424 7101899 
1425 7101899 
1426 7101899 
1427 7101899 
1428 7101899 
1429 7101899 
1430 7101899 
1431 7101899 
1432 7101899 
1433 7101899 
1434 7101899 
1435 7101899 
1436 7101899 
1437 7101899 
1438 7101899 
1439 7101899 
1440 7101899 
1441 7101899 
1442 7101899 
1443 7101899 
1444 7101899 
1445 7101899 
1446 7101899 
1447 7101899 
1448 7101899 
1449 7101899 
1450 7101899 
1451 7101899 
1452 7101899 
1453 7101899 
1454 7101899 
1455 7101899 
1456 7101899 
1457 7101899 
1458 7101899 
1459 7101899 
1460 7101899 
1461 7101899 
1462 7101899 
1463 7101899 
1464 7101899 
1465 7101899 
1466 7101899 
1467 7101899 
1468 7101899 
1469 7101899 
1470 7101899 
1471 7101899 
1472 7101899 
1473 7101899 
1474 7101899 
1475 7101899 
1476 7101899 
1477 7101899 
1478 7101899 
1479 7101899 
1480 7101899 
1481 7101899 
1482 7101899 
1483 7101899 
1484 7101899 
1485 7101899 
1486 7101899 
1487 7101899 
1488 7101899 
1489 7101899 
1490 7101899 
1491 7101899 
1492 7101899 
1493 7101899 
1494 7101899 
1495 7101899 
1496 7101899 
1497 7101899 
1498 7101899 
1499 7101899 
1500 7101899 
1501 7101899 
1502 7101899 
1503 7101899 
1504 7101899 
1505 7101899 
1506 7101899 
1507 7101899 
1508 7101899 
1509 7101899 
1510 7101899 
1511 7101899 
1512 7101899 
1513 7101899 
1514 7101899 
1515 7101899 
1516 7101899 
1517 7101899 
1518 7101899 
1519 7101899 
1520 7101899 
1521 7101899 
1522 7101899 
1523 7101899 
1524 7101899 
1525 7101899 
1526 7101899 
1527 7101899 
1528 7101899 
1529 7101899 
1530 7101899 
1531 7101899 
1532 7101899 
1533 7101899 
1534 7101899 
1535 7101899 
1536 7101899 
1537 7101899 
1538 7101899 
1539 7101899 
1540 7101899 
1541 7101899 
1542 7101899 
1543 7101899 
1544 7101899 
1545 7101899 
1546 7101899 
1547 7101899 
1548 7101899 
1549 7101899 
1550 7101899 
1551 7101899 
1552 7101899 
1553 7101899 
1554 7101899 
1555 7101899 
1556 7101899 
1557 7101899 
1558 7101899 
1559 7101899 
1560 7101899 
1561 7101899 
1562 7101899 
1563 7101899 
1564 7101899 
1565 7101899 
1566 7101899 
1567 7101899 
1568 7101899 
1569 7101899 
1570 7101899 
1571 7101899 
1572 7101899 
1573 7101899 
1574 7101899 
1575 7101899 
1576 7101899 
1577 7101899 
1578 7101899 
1579 7101899 
1580 7101899 
1581 7101899 
1582 7101899 
1583 7101899 
1584 7101899 
1585 7101899 
1586 7101899 
1587 7101899 
1588 7101899 
1589 7101899 
1590 7101899 
1591 7101899 
1592 7101899 
1593 7101899 
1594 7101899 
1595 7101899 
1596 7101899 
1597 7101899 
1598 7101899 
1599 7101899 
1600 7101899 
1601 7101899 
1602 7101899 
1603 7101899 
1604 7101899 
1605 7101899 
1606 7101899 
1607 7101899 
1608 7101899 
1609 7101899 
1610 7101899 
1611 7101899 
1612 7101899 
1613 7101899 
1614 7101899 
1615 7101899 
1616 7101899 
1617 7101899 
1618 7101899 
1619 7101899 
1620 7101899 
1621 7101899 
1622 7101899 
1623 7101899 
1624 7101899 
1625 7101899 
1626 7101899 
1627 7101899 
1628 7101899 
1629 7101899 
1630 7101899 
1631 7101899 
1632 7101899 
1633 7101899 
1634 7101899 
1635 7101899 
1636 7101899 
1637 7101899 
1638 7101899 
1639 7101899 
1640 7101899 
1641 7101899 
1642 7101899 
1643 7101899 
1644 7101899 
1645 7101899 
1646 7101899 
1647 7101899 
1648 7101899 
1649 7101899 
1650 7101899 
1651 7101899 
1652 7101899 
1653 7101899 
1654 7101899 
1655 7101899 
1656 7101899 
1657 7101899 
1658 7101899 
1659 7101899 
1660 7101899 
1661 7101899 
1662 7101899 
1663 7101899 
1664 7101899 
1665 7101899 
1666 7101899 
1667 7101899 
1668 7101899 
1669 7101899 
1670 7101899 
1671 7101899 
1672 7101899 
1673 7101899 
1674 7101899 
1675 7101899 
1676 7101899 
1677 7101899 
1678 7101899 
1679 7101899 
1680 7101899 
1681 7101899 
1682 7101899 
1683 7101899 
1684 7101899 
1685 7101899 
1686 7101899 
1687 7101899 
1688 7101899 
1689 7101899 
1690 7101899 
1691 7101899 
1692 7101899 
1693 7101899 
1694 7101899 
1695 7101899 
1696 7101899 
1697 7101899 
1698 7101899 
1699 7101899 
1700 7101899 
1701 7101899 
1702 7101899 
1703 7101899 
1704 7101899 
1705 7101899 
1706 7101899 
1707 7101899 
1708 7101899 
1709 7101899 
1710 7101899 
1711 7101899 
1712 7101899 
1713 7101899 
1714 7101899 
1715 7101899 
1716 7101899 
1717 7101899 
1718 7101899 
1719 7101899 
1720 7101899 
1721 7101899 
1722 7101899 
1723 7101899 
1724 7101899 
1725 7101899 
1726 7101899 
1727 7101899 
1728 7101899 
1729 7101899 
1730 7101899 
1731 7101899 
1732 7101899 
1733 7101899 
1734 7101899 
1735 7101899 
1736 7101899 
1737 7101899 
1738 7101899 
1739 7101899 
1740 7101899 
1741 7101899 
1742 7101899 
1743 7101899 
1744 7101899 
1745 7101899 
1746 7101899 
1747 7101899 
1748 7101899 
1749 7101899 
1750 7101899 
1751 7101899 
1752 7101899 
1753 7101899 
1754 7101899 
1755 7101899 
1756 7101899 
1757 7101899 
1758 7101899 
1759 7101899 
1760 7101899 
1761 7101899 
1762 7101899 
1763 7101899 
1764 7101899 
1765 7101899 
1766 7101899 
1767 7101899 
1768 7101899 
1769 7101899 
1770 7101899 
1771 7101899 
1772 7101899 
1773 7101899 
1774 7101899 
1775 7101899 
1776 7101899 
1777 7101899 
1778 7101899 
1779 7101899 
1780 7101899 
1781 7101899 
1782 7101899 
1783 7101899 
1784 7101899 
1785 7101899 
1786 7101899 
1787 7101899 
1788 7101899 
1789 7101899 
1790 7101899 
1791 7101899 
1792 7101899 
1793 7101899 
1794 7101899 
1795 7101899 
1796 7101899 
1797 7101899 
1798 7101899 
1799 7101899 
1800 7101899 
1801 7101899 
1802 7101899 
1803 7101899 
1804 7101899 
1805 7101899 
1806 7101899 
1807 7101899 
1808 7101899 
1809 7101899 
1810 7101899 
1811 7101899 
1812 7101899 
1813 7101899 
1814 7101899 
1815 7101899 
1816 7101899 
1817 7101899 
1818 7101899 
1819 7101899 
1820 7101899 
1821 7101899 
1822 7101899 
1823 7101899 
1824 7101899 
1825 7101899 
1826 7101899 
1827 7101899 
1828 7101899 
1829 7101899 
1830 7101899 
1831 7101899 
1832 7101899 
1833 7101899 
1834 7101899 
1835 7101899 
1836 7101899 
1837 7101899 
1838 7101899 
1839 7101899 
1840 7101899 
1841 7101899 
1842 7101899 
1843 7101899 
1844 7101899 
1845 7101899 
1846 7101899 
1847 7101899 
1848 7101899 
1849 7101899 
1850 7101899 
1851 7101899 
1852 7101899 
1853 7101899 
1854 7101899 
1855 7101899 
1856 7101899 
1857 7101899 
1858 7101899 
1859 7101899 
1860 7101899 
1861 7101899 
1862 7101899 
1863 7101899 
1864 7101899 
1865 7101899 
1866 7101899 
1867 7101899 
1868 7101899 
1869 7101899 
1870 7101899 
1871 7101899 
1872 7101899 
1873 7101899 
1874 7101899 
1875 7101899 
1876 7101899 
1877 7101899 
1878 7101899 
1879 7101899 
1880 7101899 
1881 7101899 
1882 7101899 
1883 7101899 
1884 7101899 
1885 7101899 
1886 7101899 
1887 7101899 
1888 7101899 
1889 7101899 
1890 7101899 
1891 7101899 
1892 7101899 
1893 7101899 
1894 7101899 
1895 7101899 
1896 7101899 
1897 7101899 
1898 7101899 
1899 7101899 
1900 7101899 
1901 7101899 
1902 7101899 
1903 7101899 
1904 7101899 
1905 7101899 
1906 7101899 
1907 7101899 
1908 7101899 
1909 7101899 
1910 7101899 
1911 7101899 
1912 7101899 
1913 7101899 
1914 7101899 
1915 7101899 
1916 7101899 
1917 7101899 
1918 7101899 
1919 7101899 
1920 7101899 
1921 7101899 
1922 7101899 
1923 7101899 
1924 7101899 
1925 7101899 
1926 7101899 
1927 7101899 
1928 7101899 
1929 7101899 
1930 7101899 
1931 7101899 
1932 7101899 
1933 7101899 
1934 7101899 
1935 7101899 
1936 7101899 
1937 7101899 
1938 7101899 
1939 7101899 
1940 7101899 
1941 7101899 
1942 7101899 
1943 7101899 
1944 7101899 
1945 7101899 
1946 7101899 
1947 7101899 
1948 7101899 
1949 7101899 
1950 7101899 
1951 7101899 
1952 7101899 
1953 7101899 
1954 7101899 
1955 7101899 
1956 7101899 
1957 7101899 
1958 7101899 
1959 7101899 
1960 7101899 
1961 7101899 
1962 7101899 
1963 7101899 
1964 7101899 
1965 7101899 
1966 7101899 
1967 7101899 
1968 7101899 
1969 7101899 
1970 7101899 
1971 7101899 
1972 7101899 
1973 7101899 
1974 7101899 
1975 7101899 
1976 7101899 
1977 7101899 
1978 7101899 
1979 7101899 
1980 7101899 
1981 7101899 
1982 7101899 
1983 7101899 
1984 7101899 
1985 7101899 
1986 7101899 
1987 7101899 
1988 7101899 
1989 7101899 
1990 7101899 
1991 7101899 
1992 7101899 
1993 7101899 
1994 7101899 
1995 7101899 
1996 7101899 
1997 7101899 
1998 7101899 
1999 7101899 
2000 7101899 
2001 7101899 
2002 7101899 
2003 7101899 
2004 7101899 
2005 7101899 
2006 7101899 
2007 7101899 
2008 7101899 
2009 7101899 
2010 7101899 
2011 7101899 
2012 7101899 
2013 7101899 
2014 7101899 
2015 7101899 
2016 7101899 
2017 7101899 
2018 7101899 
2019 7101899 
2020 7101899 
2021 7101899 
2022 7101899 
2023 7101899 
2024 7101899 
2025 7101899 
2026 7101899 
2027 7101899 
2028 7101899 
2029 7101899 
2030 7101899 
2031 7101899 
2032 7101899 
2033 7101899 
2034 7101899 
2035 7101899 
2036 7101899 
2037 7101899 
2038 7101899 
2039 7101899 
2040 7101899 
2041 7101899 
2042 7101899 
2043 7101899 
2044 7101899 
2045 7101899 
2046 7101899 
2047 7101899 
2048 7101899 
2049 7101899 
2050 7101899 
2051 7101899 
2052 7101899 
2053 7101899 
2054 7101899 
2055 7101899 
2056 7101899 
2057 7101899 
2058 7101899 
2059 7101899 
2060 7101899 
2061 7101899 
2062 7101899 
2063 7101899 
2064 7101899 
2065 7101899 
2066 7101899 
2067 7101899 
2068 7101899 
2069 7101899 
2070 7101899 
2071 7101899 
2072 7101899 
2073 7101899 
2074 7101899 
2075 7101899 
2076 7101899 
2077 7101899 
2078 7101899 
2079 7101899 
2080 7101899 
2081 7101899 
2082 7101899 
2083 7101899 
2084 7101899 
2085 7101899 
2086 7101899 
2087 7101899 
2088 7101899 
2089 7101899 
2090 7101899 
2091 7101899 
2092 7101899 
2093 7101899 
2094 7101899 
2095 7101899 
2096 7101899 
2097 7101899 
2098 7101899 
2099 7101899 
2100 7101899 
2101 7101899 
2102 7101899 
2103 7101899 
2104 7101899 
2105 7101899 
2106 7101899 
2107 7101899 
2108 7101899 
2109 7101899 
2110 7101899 
2111 7101899 
2112 7101899 
2113 7101899 
2114 7101899 
2115 7101899 
2116 7101899 
2117 7101899 
2118 7101899 
2119 7101899 
2120 7101899 
2121 7101899 
2122 7101899 
2123 7101899 
2124 7101899 
2125 7101899 
2126 7101899 
2127 7101899 
2128 7101899 
2129 7101899 
2130 7101899 
2131 7101899 
2132 7101899 
2133 7101899 
2134 7101899 
2135 7101899 
2136 7101899 
2137 7101899 
2138 7101899 
2139 7101899 
2140 7101899 
2141 7101899 
2142 7101899 
2143 7101899 
2144 7101899 
2145 7101899 
2146 7101899 
2147 7101899 
2148 7101899 
2149 7101899 
2150 7101899 
2151 7101899 
2152 7101899 
2153 7101899 
2154 7101899 
2155 7101899 
2156 7101899 
2157 7101899 
2158 7101899 
2159 7101899 
2160 7101899 
2161 7101899 
2162 7101899 
2163 7101899 
2164 7101899 
2165 7101899 
2166 7101899 
2167 7101899 
2168 7101899 
2169 7101899 
2170 7101899 
2171 7101899 
2172 7101899 
2173 7101899 
2174 7101899 
2175 7101899 
2176 7101899 
2177 7101899 
2178 7101899 
2179 7101899 
2180 7101899 
2181 7101899 
2182 7101899 
2183 7101899 
2184 7101899 
2185 7101899 
2186 7101899 
2187 7101899 
2188 7101899 
2189 7101899 
2190 7101899 
2191 7101899 
2192 7101899 
2193 7101899 
2194 7101899 
2195 7101899 
2196 7101899 
2197 7101899 
2198 7101899 
2199 7101899 
2200 7101899 
2201 7101899 
2202 7101899 
2203 7101899 
2204 7101899 
2205 7101899 
2206 7101899 
2207 7101899 
2208 7101899 
2209 7101899 
2210 7101899 
2211 7101899 
2212 7101899 
2213 7101899 
2214 7101899 
2215 7101899 
2216 7101899 
2217 7101899 
2218 7101899 
2219 7101899 
2220 7101899 
2221 7101899 
2222 7101899 
2223 7101899 
2224 7101899 
2225 7101899 
2226 7101899 
2227 7101899 
2228 7101899 
2229 7101899 
2230 7101899 
2231 7101899 
2232 7101899 
2233 7101899 
2234 7101899 
2235 7101899 
2236 7101899 
2237 7101899 
2238 7101899 
2239 7101899 
2240 7101899 
2241 7101899 
2242 7101899 
2243 7101899 
2244 7101899 
2245 7101899 
2246 7101899 
2247 7101899 
2248 7101899 
2249 7101899 
2250 7101899 
2251 7101899 
2252 7101899 
2253 7101899 
2254 7101899 
2255 7101899 
2256 7101899 
2257 7101899 
2258 7101899 
2259 7101899 
2260 7101899 
2261 7101899 
2262 7101899 
2263 7101899 
2264 7101899 
2265 7101899 
2266 7101899 
2267 7101899 
2268 7101899 
2269 7101899 
2270 7101899 
2271 7101899 
2272 7101899 
2273 7101899 
2274 7101899 
2275 7101899 
2276 7101899 
2277 7101899 
2278 7101899 
2279 7101899 
2280 7101899 
2281 7101899 
2282 7101899 
2283 7101899 
2284 7101899 
2285 7101899 
2286 7101899 
2287 7101899 
2288 7101899 
2289 7101899 
2290 7101899 
2291 7101899 
2292 7101899 
2293 7101899 
2294 7101899 
2295 7101899 
2296 7101899 
2297 7101899 
2298 7101899 
2299 7101899 
2300 7101899 
2301 7101899 
2302 7101899 
2303 7101899 
2304 7101899 
2305 7101899 
2306 7101899 
2307 7101899 
2308 7101899 
2309 7101899 
2310 7101899 
2311 7101899 
2312 7101899 
2313 7101899 
2314 7101899 
2315 7101899 
2316 7101899 
2317 7101899 
2318 7101899 
2319 7101899 
2320 7101899 
2321 7101899 
2322 7101899 
2323 7101899 
2324 7101899 
2325 7101899 
2326 7101899 
2327 7101899 
2328 7101899 
2329 7101899 
2330 7101899 
2331 7101899 
2332 7101899 
2333 7101899 
2334 7101899 
2335 7101899 
2336 7101899 
2337 7101899 
2338 7101899 
2339 7101899 
2340 7101899 
2341 7101899 
2342 7101899 
2343 7101899 
2344 7101899 
2345 7101899 
2346 7101899 
2347 7101899 
2348 7101899 
2349 7101899 
2350 7101899 
2351 7101899 
2352 7101899 
2353 7101899 
2354 7101899 
2355 7101899 
2356 7101899 
2357 7101899 
2358 7101899 
2359 7101899 
2360 7101899 
2361 7101899 
2362 7101899 
2363 7101899 
2364 7101899 
2365 7101899 
2366 7101899 
2367 7101899 
2368 7101899 
2369 7101899 
2370 7101899 
2371 7101899 
2372 7101899 
2373 7101899 
2374 7101899 
2375 7101899 
2376 7101899 
2377 7101899 
2378 7101899 
2379 7101899 
2380 7101899 
2381 7101899 
2382 7101899 
2383 7101899 
2384 7101899 
2385 7101899 
2386 7101899 
2387 7101899 
2388 7101899 
2389 7101899 
2390 7101899 
2391 7101899 
2392 7101899 
2393 7101899 
2394 7101899 
2395 7101899 
2396 7101899 
2397 7101899 
2398 7101899 
2399 7101899 
2400 7101899 
2401 7101899 
2402 7101899 
2403 7101899 
2404 7101899 
2405 7101899 
2406 7101899 
2407 7101899 
2408 7101899 
2409 7101899 
2410 7101899 
2411 7101899 
2412 7101899 
2413 7101899 
2414 7101899 
2415 7101899 
2416 7101899 
2417 7101899 
2418 7101899 
2419 7101899 
2420 7101899 
2421 7101899 
2422 7101899 
2423 7101899 
2424 7101899 
2425 7101899 
2426 7101899 
2427 7101899 
2428 7101899 
2429 7101899 
2430 7101899 
2431 7101899 
2432 7101899 
2433 7101899 
2434 7101899 
2435 7101899 
2436 7101899 
2437 7101899 
2438 7101899 
2439 7101899 
2440 7101899 
2441 7101899 
2442 7101899 
2443 7101899 
2444 7101899 
2445 7101899 
2446 7101899 
2447 7101899 
2448 7101899 
2449 7101899 
2450 7101899 
2451 7101899 
2452 7101899 
2453 7101899 
2454 7101899 
2455 7101899 
2456 7101899 
2457 7101899 
2458 7101899 
2459 7101899 
2460 7101899 
2461 7101899 
2462 7101899 
2463 7101899 
2464 7101899 
2465 7101899 
2466 7101899 
2467 7101899 
2468 7101899 
2469 7101899 
2470 7101899 
2471 7101899 
2472 7101899 
2473 7101899 
2474 7101899 
2475 7101899 
2476 7101899 
2477 7101899 
2478 7101899 
2479 7101899 
2480 7101899 
2481 7101899 
2482 7101899 
2483 7101899 
2484 7101899 
2485 7101899 
2486 7101899 
2487 7101899 
2488 7101899 
2489 7101899 
2490 7101899 
2491 7101899 
2492 7101899 
2493 7101899 
2494 7101899 
2495 7101899 
2496 7101899 
2497 7101899 
2498 7101899 
2499 7101899 
2500 7101899 
2501 7101899 
2502 7101899 
2503 7101899 
2504 7101899 
2505 7101899 
2506 7101899 
2507 7101899 
2508 7101899 
2509 7101899 
2510 7101899 
2511 7101899 
2512 7101899 
2513 7101899 
2514 7101899 
2515 7101899 
2516 7101899 
2517 7101899 
2518 7101899 
2519 7101899 
2520 7101899 
2521 7101899 
2522 7101899 
2523 7101899 
2524 7101899 
2525 7101899 
2526 7101899 
2527 7101899 
2528 7101899 
2529 7101899 
2530 7101899 
2531 7101899 
2532 7101899 
2533 7101899 
2534 7101899 
2535 7101899 
2536 7101899 
2537 7101899 
2538 7101899 
2539 7101899 
2540 7101899 
2541 7101899 
2542 7101899 
2543 7101899 
2544 7101899 
2545 7101899 
2546 7101899 
2547 7101899 
2548 7101899 
2549 7101899 
2550 7101899 
2551 7101899 
2552 7101899 
2553 7101899 
2554 7101899 
2555 7101899 
2556 7101899 
2557 7101899 
2558 7101899 
2559 7101899 
2560 7101899 
2561 7101899 
2562 7101899 
2563 7101899 
2564 7101899 
2565 7101899 
2566 7101899 
2567 7101899 
2568 7101899 
2569 7101899 
2570 7101899 
2571 7101899 
2572 7101899 
2573 7101899 
2574 7101899 
2575 7101899 
2576 7101899 
2577 7101899 
2578 7101899 
2579 7101899 
2580 7101899 
2581 7101899 
2582 7101899 
2583 7101899 
2584 7101899 
2585 7101899 
2586 7101899 
2587 7101899 
2588 7101899 
2589 7101899 
2590 7101899 
2591 7101899 
2592 7101899 
2593 7101899 
2594 7101899 
2595 7101899 
2596 7101899 
2597 7101899 
2598 7101899 
2599 7101899 
2600 7101899 
2601 7101899 
2602 7101899 
2603 7101899 
2604 7101899 
2605 7101899 
2606 7101899 
2607 7101899 
2608 7101899 
2609 7101899 
2610 7101899 
2611 7101899 
2612 7101899 
2613 7101899 
2614 7101899 
2615 7101899 
2616 7101899 
2617 7101899 
2618 7101899 
2619 7101899 
2620 7101899 
2621 7101899 
2622 7101899 
2623 7101899 
2624 7101899 
2625 7101899 
2626 7101899 
2627 7101899 
2628 7101899 
2629 7101899 
2630 7101899 
2631 7101899 
2632 7101899 
2633 7101899 
2634 7101899 
2635 7101899 
2636 7101899 
2637 7101899 
2638 7101899 
2639 7101899 
2640 7101899 
2641 7101899 
2642 7101899 
2643 7101899 
2644 7101899 
2645 7101899 
2646 7101899 
2647 7101899 
2648 7101899 
2649 7101899 
2650 7101899 
2651 7101899 
2652 7101899 
2653 7101899 
2654 7101899 
2655 7101899 
2656 7101899 
2657 7101899 
2658 7101899 
2659 7101899 
2660 7101899 
2661 7101899 
2662 7101899 
2663 7101899 
2664 7101899 
2665 7101899 
2666 7101899 
2667 7101899 
2668 7101899 
2669 7101899 
2670 7101899 
2671 7101899 
2672 7101899 
2673 7101899 
2674 7101899 
2675 7101899 
2676 7101899 
2677 7101899 
2678 7101899 
2679 7101899 
2680 7101899 
2681 7101899 
2682 7101899 
2683 7101899 
2684 7101899 
2685 7101899 
2686 7101899 
2687 7101899 
2688 7101899 
2689 7101899 
2690 7101899 
2691 7101899 
2692 7101899 
2693 7101899 
2694 7101899 
2695 7101899 
2696 7101899 
2697 7101899 
2698 7101899 
2699 7101899 
2700 7101899 
2701 7101899 
2702 7101899 
2703 7101899 
2704 7101899 
2705 7101899 
2706 7101899 
2707 7101899 
2708 7101899 
2709 7101899 
2710 7101899 
2711 7101899 
2712 7101899 
2713 7101899 
2714 7101899 
2715 7101899 
2716 7101899 
2717 7101899 
2718 7101899 
2719 7101899 
2720 7101899 
2721 7101899 
2722 7101899 
2723 7101899 
2724 7101899 
2725 7101899 
2726 7101899 
2727 7101899 
2728 7101899 
2729 7101899 
2730 7101899 
2731 7101899 
2732 7101899 
2733 7101899 
2734 7101899 
2735 7101899 
2736 7101899 
2737 7101899 
2738 7101899 
2739 7101899 
2740 7101899 
2741 7101899 
2742 7101899 
2743 7101899 
2744 7101899 
2745 7101899 
2746 7101899 
2747 7101899 
2748 7101899 
2749 7101899 
2750 7101899 
2751 7101899 
2752 7101899 
2753 7101899 
2754 7101899 
2755 7101899 
2756 7101899 
2757 7101899 
2758 7101899 
2759 7101899 
2760 7101899 
2761 7101899 
2762 7101899 
2763 7101899 
2764 7101899 
2765 7101899 
2766 7101899 
2767 7101899 
2768 7101899 
2769 7101899 
2770 7101899 
2771 7101899 
2772 7101899 
2773 7101899 
2774 7101899 
2775 7101899 
2776 7101899 
2777 7101899 
2778 7101899 
2779 7101899 
2780 7101899 
2781 7101899 
2782 7101899 
2783 7101899 
2784 7101899 
2785 7101899 
2786 7101899 
2787 7101899 
2788 7101899 
2789 7101899 
2790 7101899 
2791 7101899 
2792 7101899 
2793 7101899 
2794 7101899 
2795 7101899 
2796 7101899 
2797 7101899 
2798 7101899 
2799 7101899 
2800 7101899 
2801 7101899 
2802 7101899 
2803 7101899 
2804 7101899 
2805 7101899 
2806 7101899 
2807 7101899 
2808 7101899 
2809 7101899 
2810 7101899 
2811 7101899 
2812 7101899 
2813 7101899 
2814 7101899 
2815 7101899 
2816 7101899 
2817 7101899 
2818 7101899 
2819 7101899 
2820 7101899 
2821 7101899 
2822 7101899 
2823 7101899 
2824 7101899 
2825 7101899 
2826 7101899 
2827 7101899 
2828 7101899 
2829 7101899 
2830 7101899 
2831 7101899 
2832 7101899 
2833 7101899 
2834 7101899 
2835 7101899 
2836 7101899 
2837 7101899 
2838 7101899 
2839 7101899 
2840 7101899 
2841 7101899 
2842 7101899 
2843 7101899 
2844 7101899 
2845 7101899 
2846 7101899 
2847 7101899 
2848 7101899 
2849 7101899 
2850 7101899 
2851 7101899 
2852 7101899 
2853 7101899 
2854 7101899 
2855 7101899 
2856 7101899 
2857 7101899 
2858 7101899 
2859 7101899 
2860 7101899 
2861 7101899 
2862 7101899 
2863 7101899 
2864 7101899 
2865 7101899 
2866 7101899 
2867 7101899 
2868 7101899 
2869 7101899 
2870 7101899 
2871 7101899 
2872 7101899 
2873 7101899 
2874 7101899 
2875 7101899 
2876 7101899 
2877 7101899 
2878 7101899 
2879 7101899 
2880 7101899 
2881 7101899 
2882 7101899 
2883 7101899 
2884 7101899 
2885 7101899 
2886 7101899 
2887 7101899 
2888 7101899 
2889 7101899 
2890 7101899 
2891 7101899 
2892 7101899 
2893 7101899 
2894 7101899 
2895 7101899 
2896 7101899 
2897 7101899 
2898 7101899 
2899 7101899 
2900 7101899 
2901 7101899 
2902 7101899 
2903 7101899 
2904 7101899 
2905 7101899 
2906 7101899 
2907 7101899 
2908 7101899 
2909 7101899 
2910 7101899 
2911 7101899 
2912 7101899 
2913 7101899 
2914 7101899 
2915 7101899 
2916 7101899 
2917 7101899 
2918 7101899 
2919 7101899 
2920 7101899 
2921 7101899 
2922 7101899 
2923 7101899 
2924 7101899 
2925 7101899 
2926 7101899 
2927 7101899 
2928 7101899 
2929 7101899 
2930 7101899 
2931 7101899 
2932 7101899 
2933 7101899 
2934 7101899 
2935 7101899 
2936 7101899 
2937 7101899 
2938 7101899 
2939 7101899 
2940 7101899 
2941 7101899 
2942 7101899 
2943 7101899 
2944 7101899 
2945 7101899 
2946 7101899 
2947 7101899 
2948 7101899 
2949 7101899 
2950 7101899 
2951 7101899 
2952 7101899 
2953 7101899 
2954 7101899 
2955 7101899 
2956 7101899 
2957 7101899 
2958 7101899 
2959 7101899 
2960 7101899 
2961 7101899 
2962 7101899 
2963 7101899 
2964 7101899 
2965 7101899 
2966 7101899 
2967 7101899 
2968 7101899 
2969 7101899 
2970 7101899 
2971 7101899 
2972 7101899 
2973 7101899 
2974 7101899 
2975 7101899 
2976 7101899 
2977 7101899 
2978 7101899 
2979 7101899 
2980 7101899 
2981 7101899 
2982 7101899 
2983 7101899 
2984 7101899 
2985 7101899 
2986 7101899 
2987 7101899 
2988 7101899 
2989 7101899 
2990 7101899 
2991 7101899 
2992 7101899 
2993 7101899 
2994 7101899 
2995 7101899 
2996 7101899 
2997 7101899 
2998 7101899 
2999 7101899 
3000 7101899 
3001 7101899 
3002 7101899 
3003 7101899 
3004 7101899 
3005 7101899 
3006 7101899 
3007 7101899 
3008 7101899 
3009 7101899 
3010 7101899 
3011 7101899 
3012 7101899 
3013 7101899 
3014 7101899 
3015 7101899 
3016 7101899 
3017 7101899 
3018 7101899 
3019 7101899 
3020 7101899 
3021 7101899 
3022 7101899 
3023 7101899 
3024 7101899 
3025 7101899 
3026 7101899 
3027 7101899 
3028 7101899 
3029 7101899 
3030 7101899 
3031 7101899 
3032 7101899 
3033 7101899 
3034 7101899 
3035 7101899 
3036 7101899 
3037 7101899 
3038 7101899 
3039 7101899 
3040 7101899 
3041 7101899 
3042 7101899 
3043 7101899 
3044 7101899 
3045 7101899 
3046 7101899 
3047 7101899 
3048 7101899 
3049 7101899 
3050 7101899 
3051 7101899 
3052 7101899 
3053 7101899 
3054 7101899 
3055 7101899 
3056 7101899 
3057 7101899 
3058 7101899 
3059 7101899 
3060 7101899 
3061 7101899 
3062 7101899 
3063 7101899 
3064 7101899 
3065 7101899 
3066 7101899 
3067 7101899 
3068 7101899 
3069 7101899 
3070 7101899 
3071 7101899 
3072 7101899 
3073 7101899 
3074 7101899 
3075 7101899 
3076 7101899 
3077 7101899 
3078 7101899 
3079 7101899 
3080 7101899 
3081 7101899 
3082 7101899 
3083 7101899 
3084 7101899 
3085 7101899 
3086 7101899 
3087 7101899 
3088 7101899 
3089 7101899 
3090 7101899 
3091 7101899 
3092 7101899 
3093 7101899 
3094 7101899 
3095 7101899 
3096 7101899 
3097 7101899 
3098 7101899 
3099 7101899 

