0 8041055 
1 8037800 
2 8031998 
3 8013921 
4 7998106 
5 7995486 
6 7995141 
7 7989135 
8 7959210 
9 7933271 
10 7909416 
11 7895610 
12 7891226 
13 7889259 
14 7888452 
15 7888417 
16 7869881 
17 7869281 
18 7867210 
19 7866538 
20 7865082 
21 7864759 
22 7863159 
23 7862860 
24 7862825 
25 7862825 
26 7860113 
27 7858800 
28 7855849 
29 7855532 
30 7855480 
31 7795095 
32 7790908 
33 7790736 
34 7785959 
35 7698196 
36 7696953 
37 7696733 
38 7693405 
39 7691742 
40 7691595 
41 7691553 
42 7691475 
43 7689506 
44 7689485 
45 7689478 
46 7689366 
47 7689331 
48 7689107 
49 7689100 
50 7689093 
51 7683369 
52 7683229 
53 7683187 
54 7681969 
55 7681941 
56 7681941 
57 7681906 
58 7678745 
59 7665550 
60 7652582 
61 7648551 
62 7648544 
63 7648460 
64 7648453 
65 7646444 
66 7646393 
67 7639911 
68 7639890 
69 7639821 
70 7635525 
71 7635036 
72 7633548 
73 7633548 
74 7633541 
75 7633535 
76 7632880 
77 7625308 
78 7584527 
79 7583954 
80 7583845 
81 7581971 
82 7581943 
83 7581488 
84 7581460 
85 7581291 
86 7579961 
87 7570474 
88 7570272 
89 7570201 
90 7570174 
91 7567557 
92 7567466 
93 7567368 
94 7567186 
95 7566816 
96 7566132 
97 7565767 
98 7564877 
99 7555595 
100 7555563 
101 7549991 
102 7549970 
103 7549657 
104 7531821 
105 7531114 
106 7527750 
107 7527290 
108 7526898 
109 7526807 
110 7526391 
111 7525628 
112 7525173 
113 7525158 
114 7525082 
115 7524029 
116 7523986 
117 7523927 
118 7523920 
119 7523794 
120 7523413 
121 7523386 
122 7522947 
123 7512690 
124 7511443 
125 7505023 
126 7504974 
127 7502915 
128 7502712 
129 7501529 
130 7500801 
131 7500541 
132 7500479 
133 7499107 
134 7496234 
135 7495948 
136 7495827 
137 7495805 
138 7494753 
139 7494741 
140 7494170 
141 7492009 
142 7489886 
143 7485814 
144 7485609 
145 7485343 
146 7484174 
147 7483733 
148 7483656 
149 7482268 
150 7482150 
151 7477689 
152 7476870 
153 7476822 
154 7456578 
155 7456536 
156 7456305 
157 7456097 
158 7455888 
159 7455881 
160 7455859 
161 7448731 
162 7448589 
163 7447894 
164 7445632 
165 7445581 
166 7445474 
167 7444296 
168 7444257 
169 7444181 
170 7444129 
171 7444012 
172 7443968 
173 7443896 
174 7443812 
175 7443786 
176 7435037 
177 7435037 
178 7434927 
179 7434771 
180 7434638 
181 7434638 
182 7434638 
183 7428682 
184 7426641 
185 7426322 
186 7424815 
187 7424125 
188 7409136 
189 7400716 
190 7393292 
191 7393292 
192 7392373 
193 7391385 
194 7391074 
195 7383639 
196 7383444 
197 7383303 
198 7381983 
199 7381934 
200 7381138 
201 7381112 
202 7381048 
203 7380949 
204 7380801 
205 7380364 
206 7380279 
207 7378121 
208 7378056 
209 7378036 
210 7377993 
211 7376781 
212 7376698 
213 7376594 
214 7376588 
215 7372330 
216 7371595 
217 7371595 
218 7370076 
219 7370029 
220 7369994 
221 7369969 
222 7369876 
223 7369764 
224 7369680 
225 7369001 
226 7368999 
227 7368964 
228 7368902 
229 7368867 
230 7368575 
231 7368535 
232 7368494 
233 7367989 
234 7365507 
235 7364765 
236 7364240 
237 7364191 
238 7358492 
239 7356413 
240 7356292 
241 7356292 
242 7339613 
243 7337858 
244 7327978 
245 7327588 
246 7327431 
247 7327409 
248 7326916 
249 7326896 
250 7326644 
251 7326585 
252 7325274 
253 7323949 
254 7323743 
255 7323674 
256 7323365 
257 7323330 
258 7323291 
259 7321891 
260 7321863 
261 7321548 
262 7321295 
263 7321295 
264 7321115 
265 7320101 
266 7319814 
267 7318489 
268 7318374 
269 7317700 
270 7316717 
271 7316333 
272 7316127 
273 7316099 
274 7315998 
275 7315291 
276 7315291 
277 7315291 
278 7314170 
279 7313197 
280 7313197 
281 7313158 
282 7312955 
283 7312854 
284 7312784 
285 7312745 
286 7310831 
287 7310805 
288 7310746 
289 7310571 
290 7310421 
291 7309953 
292 7309876 
293 7309837 
294 7307577 
295 7305965 
296 7303778 
297 7290141 
298 7290071 
299 7287217 
300 7286593 
301 7286488 
302 7281820 
303 7280791 
304 7280540 
305 7280491 
306 7279450 
307 7279064 
308 7271442 
309 7271197 
310 7270412 
311 7270171 
312 7270170 
313 7270144 
314 7269322 
315 7269044 
316 7268141 
317 7256506 
318 7252045 
319 7249016 
320 7248728 
321 7248258 
322 7248047 
323 7232915 
324 7232639 
325 7232534 
326 7231994 
327 7231373 
328 7231366 
329 7230849 
330 7223525 
331 7222220 
332 7221905 
333 7221743 
334 7215253 
335 7213433 
336 7213286 
337 7213216 
338 7213181 
339 7213149 
340 7212941 
341 7209418 
342 7209418 
343 7209411 
344 7203593 
345 7203420 
346 7203381 
347 7203325 
348 7201700 
349 7201665 
350 7201574 
351 7201570 
352 7201570 
353 7201528 
354 7201320 
355 7196540 
356 7196540 
357 7187017 
358 7186831 
359 7185885 
360 7182193 
361 7178838 
362 7178822 
363 7178780 
364 7178109 
365 7178091 
366 7163739 
367 7163403 
368 7163403 
369 7163279 
370 7162050 
371 7146580 
372 7146319 
373 7145983 
374 7145971 
375 7145717 
376 7143989 
377 7143989 
378 7143950 
379 7143860 
380 7143522 
381 7143503 
382 7143222 
383 7139722 
384 7139721 
385 7139653 
386 7139621 
387 7139393 
388 7139234 
389 7139155 
390 7139155 
391 7138915 
392 7138678 
393 7138552 
394 7137061 
395 7136216 
396 7136177 
397 7136112 
398 7135769 
399 7135701 
400 7135418 
401 7135379 
402 7134366 
403 7131230 
404 7130815 
405 7130790 
406 7126482 
407 7125846 
408 7125820 
409 7124835 
410 7124828 
411 7124828 
412 7123116 
413 7119913 
414 7119575 
415 7119379 
416 7118291 
417 7118133 
418 7118105 
419 7117534 
420 7117483 
421 7116917 
422 7116917 
423 7116912 
424 7116627 
425 7115444 
426 7115067 
427 7114871 
428 7114871 
429 7113205 
430 7112581 
431 7110618 
432 7108603 
433 7108582 
434 7108244 
435 7107844 
436 7105969 
437 7105969 
438 7105761 
439 7105761 
440 7105517 
441 7105176 
442 7105176 
443 7104664 
444 7104478 
445 7103474 
446 7103390 
447 7102382 
448 7102107 
449 7101994 
450 7101989 
451 7101989 
452 7101989 
453 7101928 
454 7101928 
455 7101928 
456 7101904 
457 7101902 
458 7101902 
459 7101902 
460 7101889 
461 7101889 
462 7101889 
463 7101889 
464 7101889 
465 7101580 
466 7100810 
467 7100810 
468 7100810 
469 7100810 
470 7100487 
471 7100422 
472 7100422 
473 7100422 
474 7100422 
475 7100383 
476 7100383 
477 7100383 
478 7100383 
479 7100289 
480 7099821 
481 7099727 
482 7099727 
483 7099727 
484 7099727 
485 7099727 
486 7099727 
487 7099727 
488 7099727 
489 7099727 
490 7099651 
491 7099651 
492 7099651 
493 7099556 
494 7099556 
495 7099556 
496 7099556 
497 7099556 
498 7099556 
499 7099556 
500 7099556 
501 7099556 
502 7099556 
503 7099556 
504 7099556 
505 7099556 
506 7099556 
507 7099556 
508 7099344 
509 7099344 
510 7099344 
511 7099344 
512 7098905 
513 7098905 
514 7098905 
515 7098905 
516 7098905 
517 7098905 
518 7098905 
519 7098905 
520 7098905 
521 7098905 
522 7098905 
523 7098905 
524 7098905 
525 7098905 
526 7098905 
527 7098905 
528 7098905 
529 7098905 
530 7098905 
531 7098905 
532 7098905 
533 7098905 
534 7098905 
535 7098905 
536 7098905 
537 7098905 
538 7098905 
539 7098905 
540 7098905 
541 7098905 
542 7098905 
543 7098905 
544 7098905 
545 7098905 
546 7098905 
547 7098905 
548 7098905 
549 7098905 
550 7098905 
551 7098905 
552 7098905 
553 7098905 
554 7098905 
555 7098905 
556 7098905 
557 7098905 
558 7098905 
559 7098905 
560 7098905 
561 7098905 
562 7098905 
563 7098905 
564 7098905 
565 7098905 
566 7098905 
567 7098905 
568 7098905 
569 7098905 
570 7098905 
571 7098905 
572 7098905 
573 7098905 
574 7098905 
575 7098905 
576 7098905 
577 7098905 
578 7098905 
579 7098905 
580 7098905 
581 7098905 
582 7098905 
583 7098905 
584 7098905 
585 7098905 
586 7098905 
587 7098905 
588 7098905 
589 7098905 
590 7098905 
591 7098905 
592 7098905 
593 7098905 
594 7098905 
595 7098905 
596 7098905 
597 7098905 
598 7098905 
599 7098905 
600 7098905 
601 7098905 
602 7098905 
603 7098905 
604 7098905 
605 7098905 
606 7098905 
607 7098905 
608 7098905 
609 7098905 
610 7098905 
611 7098905 
612 7098905 
613 7098905 
614 7098905 
615 7098905 
616 7098905 
617 7098905 
618 7098905 
619 7098905 
620 7098905 
621 7098905 
622 7098905 
623 7098905 
624 7098905 
625 7098905 
626 7098905 
627 7098905 
628 7098905 
629 7098905 
630 7098905 
631 7098905 
632 7098905 
633 7098905 
634 7098905 
635 7098905 
636 7098905 
637 7098905 
638 7098905 
639 7098905 
640 7098905 
641 7098905 
642 7098905 
643 7098905 
644 7098905 
645 7098905 
646 7098905 
647 7098905 
648 7098905 
649 7098905 
650 7098905 
651 7098905 
652 7098905 
653 7098905 
654 7098905 
655 7098905 
656 7098905 
657 7098905 
658 7098905 
659 7098905 
660 7098905 
661 7098905 
662 7098905 
663 7098905 
664 7098905 
665 7098905 
666 7098905 
667 7098905 
668 7098905 
669 7098905 
670 7098905 
671 7098905 
672 7098905 
673 7098905 
674 7098905 
675 7098905 
676 7098905 
677 7098905 
678 7098905 
679 7098905 
680 7098905 
681 7098905 
682 7098905 
683 7098905 
684 7098905 
685 7098905 
686 7098905 
687 7098905 
688 7098905 
689 7098905 
690 7098905 
691 7098905 
692 7098905 
693 7098905 
694 7098905 
695 7098905 
696 7098905 
697 7098905 
698 7098905 
699 7098905 
700 7098905 
701 7098905 
702 7098905 
703 7098905 
704 7098905 
705 7098905 
706 7098905 
707 7098905 
708 7098905 
709 7098905 
710 7098905 
711 7098905 
712 7098905 
713 7098905 
714 7098905 
715 7098905 
716 7098905 
717 7098905 
718 7098905 
719 7098905 
720 7098905 
721 7098905 
722 7098905 
723 7098905 
724 7098905 
725 7098905 
726 7098905 
727 7098905 
728 7098905 
729 7098905 
730 7098905 
731 7098905 
732 7098905 
733 7098905 
734 7098905 
735 7098905 
736 7098905 
737 7098905 
738 7098905 
739 7098905 
740 7098905 
741 7098905 
742 7098905 
743 7098905 
744 7098905 
745 7098905 
746 7098905 
747 7098905 
748 7098905 
749 7098905 
750 7098905 
751 7098905 
752 7098905 
753 7098905 
754 7098905 
755 7098905 
756 7098905 
757 7098905 
758 7098905 
759 7098905 
760 7098905 
761 7098905 
762 7098905 
763 7098905 
764 7098905 
765 7098905 
766 7098905 
767 7098905 
768 7098905 
769 7098905 
770 7098905 
771 7098905 
772 7098905 
773 7098905 
774 7098905 
775 7098905 
776 7098905 
777 7098905 
778 7098905 
779 7098905 
780 7098905 
781 7098905 
782 7098905 
783 7098905 
784 7098905 
785 7098905 
786 7098905 
787 7098905 
788 7098905 
789 7098905 
790 7098905 
791 7098905 
792 7098905 
793 7098905 
794 7098905 
795 7098905 
796 7098905 
797 7098905 
798 7098905 
799 7098905 
800 7098905 
801 7098905 
802 7098905 
803 7098905 
804 7098905 
805 7098905 
806 7098905 
807 7098905 
808 7098905 
809 7098905 
810 7098905 
811 7098905 
812 7098905 
813 7098905 
814 7098905 
815 7098905 
816 7098905 
817 7098905 
818 7098905 
819 7098905 
820 7098905 
821 7098905 
822 7098905 
823 7098905 
824 7098905 
825 7098905 
826 7098905 
827 7098905 
828 7098905 
829 7098905 
830 7098905 
831 7098905 
832 7098905 
833 7098905 
834 7098905 
835 7098905 
836 7098905 
837 7098905 
838 7098905 
839 7098905 
840 7098905 
841 7098905 
842 7098905 
843 7098905 
844 7098905 
845 7098905 
846 7098905 
847 7098905 
848 7098905 
849 7098905 
850 7098905 
851 7098905 
852 7098905 
853 7098905 
854 7098905 
855 7098905 
856 7098905 
857 7098905 
858 7098905 
859 7098905 
860 7098905 
861 7098905 
862 7098905 
863 7098905 
864 7098905 
865 7098905 
866 7098905 
867 7098905 
868 7098905 
869 7098905 
870 7098905 
871 7098905 
872 7098905 
873 7098905 
874 7098905 
875 7098905 
876 7098905 
877 7098905 
878 7098905 
879 7098905 
880 7098905 
881 7098905 
882 7098905 
883 7098905 
884 7098905 
885 7098905 
886 7098905 
887 7098905 
888 7098905 
889 7098905 
890 7098905 
891 7098905 
892 7098905 
893 7098905 
894 7098905 
895 7098905 
896 7098905 
897 7098905 
898 7098905 
899 7098905 
900 7098905 
901 7098905 
902 7098905 
903 7098905 
904 7098905 
905 7098905 
906 7098905 
907 7098905 
908 7098905 
909 7098905 
910 7098905 
911 7098905 
912 7098905 
913 7098905 
914 7098905 
915 7098905 
916 7098905 
917 7098905 
918 7098905 
919 7098905 
920 7098905 
921 7098905 
922 7098905 
923 7098905 
924 7098905 
925 7098905 
926 7098905 
927 7098905 
928 7098905 
929 7098905 
930 7098905 
931 7098905 
932 7098905 
933 7098905 
934 7098905 
935 7098905 
936 7098905 
937 7098905 
938 7098905 
939 7098905 
940 7098905 
941 7098905 
942 7098905 
943 7098905 
944 7098905 
945 7098905 
946 7098905 
947 7098905 
948 7098905 
949 7098905 
950 7098905 
951 7098905 
952 7098905 
953 7098905 
954 7098905 
955 7098905 
956 7098905 
957 7098905 
958 7098905 
959 7098905 
960 7098905 
961 7098905 
962 7098905 
963 7098905 
964 7098905 
965 7098905 
966 7098905 
967 7098905 
968 7098905 
969 7098905 
970 7098905 
971 7098905 
972 7098905 
973 7098905 
974 7098905 
975 7098905 
976 7098905 
977 7098905 
978 7098905 
979 7098905 
980 7098905 
981 7098905 
982 7098905 
983 7098905 
984 7098905 
985 7098905 
986 7098905 
987 7098905 
988 7098905 
989 7098905 
990 7098905 
991 7098905 
992 7098905 
993 7098905 
994 7098905 
995 7098905 
996 7098905 
997 7098905 
998 7098905 
999 7098905 
1000 7098905 
1001 7098905 
1002 7098905 
1003 7098905 
1004 7098905 
1005 7098905 
1006 7098905 
1007 7098905 
1008 7098905 
1009 7098905 
1010 7098905 
1011 7098905 
1012 7098905 
1013 7098905 
1014 7098905 
1015 7098905 
1016 7098905 
1017 7098905 
1018 7098905 
1019 7098905 
1020 7098905 
1021 7098905 
1022 7098905 
1023 7098905 
1024 7098905 
1025 7098905 
1026 7098905 
1027 7098905 
1028 7098905 
1029 7098905 
1030 7098905 
1031 7098905 
1032 7098905 
1033 7098905 
1034 7098905 
1035 7098905 
1036 7098905 
1037 7098905 
1038 7098905 
1039 7098905 
1040 7098905 
1041 7098905 
1042 7098905 
1043 7098905 
1044 7098905 
1045 7098905 
1046 7098905 
1047 7098905 
1048 7098905 
1049 7098905 
1050 7098905 
1051 7098905 
1052 7098905 
1053 7098905 
1054 7098905 
1055 7098905 
1056 7098905 
1057 7098905 
1058 7098905 
1059 7098905 
1060 7098905 
1061 7098905 
1062 7098905 
1063 7098905 
1064 7098905 
1065 7098905 
1066 7098905 
1067 7098905 
1068 7098905 
1069 7098905 
1070 7098905 
1071 7098905 
1072 7098905 
1073 7098905 
1074 7098905 
1075 7098905 
1076 7098905 
1077 7098905 
1078 7098905 
1079 7098905 
1080 7098905 
1081 7098905 
1082 7098905 
1083 7098905 
1084 7098905 
1085 7098905 
1086 7098905 
1087 7098905 
1088 7098905 
1089 7098905 
1090 7098905 
1091 7098905 
1092 7098905 
1093 7098905 
1094 7098905 
1095 7098905 
1096 7098905 
1097 7098905 
1098 7098905 
1099 7098905 
1100 7098905 
1101 7098905 
1102 7098905 
1103 7098905 
1104 7098905 
1105 7098905 
1106 7098905 
1107 7098905 
1108 7098905 
1109 7098905 
1110 7098905 
1111 7098905 
1112 7098905 
1113 7098905 
1114 7098905 
1115 7098905 
1116 7098905 
1117 7098905 
1118 7098905 
1119 7098905 
1120 7098905 
1121 7098905 
1122 7098905 
1123 7098905 
1124 7098905 
1125 7098905 
1126 7098905 
1127 7098905 
1128 7098905 
1129 7098905 
1130 7098905 
1131 7098905 
1132 7098905 
1133 7098905 
1134 7098905 
1135 7098905 
1136 7098905 
1137 7098905 
1138 7098905 
1139 7098905 
1140 7098905 
1141 7098905 
1142 7098905 
1143 7098905 
1144 7098905 
1145 7098905 
1146 7098905 
1147 7098905 
1148 7098905 
1149 7098905 
1150 7098905 
1151 7098905 
1152 7098905 
1153 7098905 
1154 7098905 
1155 7098905 
1156 7098905 
1157 7098905 
1158 7098905 
1159 7098905 
1160 7098905 
1161 7098905 
1162 7098905 
1163 7098905 
1164 7098905 
1165 7098905 
1166 7098905 
1167 7098905 
1168 7098905 
1169 7098905 
1170 7098905 
1171 7098905 
1172 7098905 
1173 7098905 
1174 7098905 
1175 7098905 
1176 7098905 
1177 7098905 
1178 7098905 
1179 7098905 
1180 7098905 
1181 7098905 
1182 7098905 
1183 7098905 
1184 7098905 
1185 7098905 
1186 7098905 
1187 7098905 
1188 7098905 
1189 7098905 
1190 7098905 
1191 7098905 
1192 7098905 
1193 7098905 
1194 7098905 
1195 7098905 
1196 7098905 
1197 7098905 
1198 7098905 
1199 7098905 
1200 7098905 
1201 7098905 
1202 7098905 
1203 7098905 
1204 7098905 
1205 7098905 
1206 7098905 
1207 7098905 
1208 7098905 
1209 7098905 
1210 7098905 
1211 7098905 
1212 7098905 
1213 7098905 
1214 7098905 
1215 7098905 
1216 7098905 
1217 7098905 
1218 7098905 
1219 7098905 
1220 7098905 
1221 7098905 
1222 7098905 
1223 7098905 
1224 7098905 
1225 7098905 
1226 7098905 
1227 7098905 
1228 7098905 
1229 7098905 
1230 7098905 
1231 7098905 
1232 7098905 
1233 7098905 
1234 7098905 
1235 7098905 
1236 7098905 
1237 7098905 
1238 7098905 
1239 7098905 
1240 7098905 
1241 7098905 
1242 7098905 
1243 7098905 
1244 7098905 
1245 7098905 
1246 7098905 
1247 7098905 
1248 7098905 
1249 7098905 
1250 7098905 
1251 7098905 
1252 7098905 
1253 7098905 
1254 7098905 
1255 7098905 
1256 7098905 
1257 7098905 
1258 7098905 
1259 7098905 
1260 7098905 
1261 7098905 
1262 7098905 
1263 7098905 
1264 7098905 
1265 7098905 
1266 7098905 
1267 7098905 
1268 7098905 
1269 7098905 
1270 7098905 
1271 7098905 
1272 7098905 
1273 7098905 
1274 7098905 
1275 7098905 
1276 7098905 
1277 7098905 
1278 7098905 
1279 7098905 
1280 7098905 
1281 7098905 
1282 7098905 
1283 7098905 
1284 7098905 
1285 7098905 
1286 7098905 
1287 7098905 
1288 7098905 
1289 7098905 
1290 7098905 
1291 7098905 
1292 7098905 
1293 7098905 
1294 7098905 
1295 7098905 
1296 7098905 
1297 7098905 
1298 7098905 
1299 7098905 
1300 7098905 
1301 7098905 
1302 7098905 
1303 7098905 
1304 7098905 
1305 7098905 
1306 7098905 
1307 7098905 
1308 7098905 
1309 7098905 
1310 7098905 
1311 7098905 
1312 7098905 
1313 7098905 
1314 7098905 
1315 7098905 
1316 7098905 
1317 7098905 
1318 7098905 
1319 7098905 
1320 7098905 
1321 7098905 
1322 7098905 
1323 7098905 
1324 7098905 
1325 7098905 
1326 7098905 
1327 7098905 
1328 7098905 
1329 7098905 
1330 7098905 
1331 7098905 
1332 7098905 
1333 7098905 
1334 7098905 
1335 7098905 
1336 7098905 
1337 7098905 
1338 7098905 
1339 7098905 
1340 7098905 
1341 7098905 
1342 7098905 
1343 7098905 
1344 7098905 
1345 7098905 
1346 7098905 
1347 7098905 
1348 7098905 
1349 7098905 
1350 7098905 
1351 7098905 
1352 7098905 
1353 7098905 
1354 7098905 
1355 7098905 
1356 7098905 
1357 7098905 
1358 7098905 
1359 7098905 
1360 7098905 
1361 7098905 
1362 7098905 
1363 7098905 
1364 7098905 
1365 7098905 
1366 7098905 
1367 7098905 
1368 7098905 
1369 7098905 
1370 7098905 
1371 7098905 
1372 7098905 
1373 7098905 
1374 7098905 
1375 7098905 
1376 7098905 
1377 7098905 
1378 7098905 
1379 7098905 
1380 7098905 
1381 7098905 
1382 7098905 
1383 7098905 
1384 7098905 
1385 7098905 
1386 7098905 
1387 7098905 
1388 7098905 
1389 7098905 
1390 7098905 
1391 7098905 
1392 7098905 
1393 7098905 
1394 7098905 
1395 7098905 
1396 7098905 
1397 7098905 
1398 7098905 
1399 7098905 
1400 7098905 
1401 7098905 
1402 7098905 
1403 7098905 
1404 7098905 
1405 7098905 
1406 7098905 
1407 7098905 
1408 7098905 
1409 7098905 
1410 7098905 
1411 7098905 
1412 7098905 
1413 7098905 
1414 7098905 
1415 7098905 
1416 7098905 
1417 7098905 
1418 7098905 
1419 7098905 
1420 7098905 
1421 7098905 
1422 7098905 
1423 7098905 
1424 7098905 
1425 7098905 
1426 7098905 
1427 7098905 
1428 7098905 
1429 7098905 
1430 7098905 
1431 7098905 
1432 7098905 
1433 7098905 
1434 7098905 
1435 7098905 
1436 7098905 
1437 7098905 
1438 7098905 
1439 7098905 
1440 7098905 
1441 7098905 
1442 7098905 
1443 7098905 
1444 7098905 
1445 7098905 
1446 7098905 
1447 7098905 
1448 7098905 
1449 7098905 
1450 7098905 
1451 7098905 
1452 7098905 
1453 7098905 
1454 7098905 
1455 7098905 
1456 7098905 
1457 7098905 
1458 7098905 
1459 7098905 
1460 7098905 
1461 7098905 
1462 7098905 
1463 7098905 
1464 7098905 
1465 7098905 
1466 7098905 
1467 7098905 
1468 7098905 
1469 7098905 
1470 7098905 
1471 7098905 
1472 7098905 
1473 7098905 
1474 7098905 
1475 7098905 
1476 7098905 
1477 7098905 
1478 7098905 
1479 7098905 
1480 7098905 
1481 7098905 
1482 7098905 
1483 7098905 
1484 7098905 
1485 7098905 
1486 7098905 
1487 7098905 
1488 7098905 
1489 7098905 
1490 7098905 
1491 7098905 
1492 7098905 
1493 7098905 
1494 7098905 
1495 7098905 
1496 7098905 
1497 7098905 
1498 7098905 
1499 7098905 
1500 7098905 
1501 7098905 
1502 7098905 
1503 7098905 
1504 7098905 
1505 7098905 
1506 7098905 
1507 7098905 
1508 7098905 
1509 7098905 
1510 7098905 
1511 7098905 
1512 7098905 
1513 7098905 
1514 7098905 
1515 7098905 
1516 7098905 
1517 7098905 
1518 7098905 
1519 7098905 
1520 7098905 
1521 7098905 
1522 7098905 
1523 7098905 
1524 7098905 
1525 7098905 
1526 7098905 
1527 7098905 
1528 7098905 
1529 7098905 
1530 7098905 
1531 7098905 
1532 7098905 
1533 7098905 
1534 7098905 
1535 7098905 
1536 7098905 
1537 7098905 
1538 7098905 
1539 7098905 
1540 7098905 
1541 7098905 
1542 7098905 
1543 7098905 
1544 7098905 
1545 7098905 
1546 7098905 
1547 7098905 
1548 7098905 
1549 7098905 
1550 7098905 
1551 7098905 
1552 7098905 
1553 7098905 
1554 7098905 
1555 7098905 
1556 7098905 
1557 7098905 
1558 7098905 
1559 7098905 
1560 7098905 
1561 7098905 
1562 7098905 
1563 7098905 
1564 7098905 
1565 7098905 
1566 7098905 
1567 7098905 
1568 7098905 
1569 7098905 
1570 7098905 
1571 7098905 
1572 7098905 
1573 7098905 
1574 7098905 
1575 7098905 
1576 7098905 
1577 7098905 
1578 7098905 
1579 7098905 
1580 7098905 
1581 7098905 
1582 7098905 
1583 7098905 
1584 7098905 
1585 7098905 
1586 7098905 
1587 7098905 
1588 7098905 
1589 7098905 
1590 7098905 
1591 7098905 
1592 7098905 
1593 7098905 
1594 7098905 
1595 7098905 
1596 7098905 
1597 7098905 
1598 7098905 
1599 7098905 
1600 7098905 
1601 7098905 
1602 7098905 
1603 7098905 
1604 7098905 
1605 7098905 
1606 7098905 
1607 7098905 
1608 7098905 
1609 7098905 
1610 7098905 
1611 7098905 
1612 7098905 
1613 7098905 
1614 7098905 
1615 7098905 
1616 7098905 
1617 7098905 
1618 7098905 
1619 7098905 
1620 7098905 
1621 7098905 
1622 7098905 
1623 7098905 
1624 7098905 
1625 7098905 
1626 7098905 
1627 7098905 
1628 7098905 
1629 7098905 
1630 7098905 
1631 7098905 
1632 7098905 
1633 7098905 
1634 7098905 
1635 7098905 
1636 7098905 
1637 7098905 
1638 7098905 
1639 7098905 
1640 7098905 
1641 7098905 
1642 7098905 
1643 7098905 
1644 7098905 
1645 7098905 
1646 7098905 
1647 7098905 
1648 7098905 
1649 7098905 
1650 7098905 
1651 7098905 
1652 7098905 
1653 7098905 
1654 7098905 
1655 7098905 
1656 7098905 
1657 7098905 
1658 7098905 
1659 7098905 
1660 7098905 
1661 7098905 
1662 7098905 
1663 7098905 
1664 7098905 
1665 7098905 
1666 7098905 
1667 7098905 
1668 7098905 
1669 7098905 
1670 7098905 
1671 7098905 
1672 7098905 
1673 7098905 
1674 7098905 
1675 7098905 
1676 7098905 
1677 7098905 
1678 7098905 
1679 7098905 
1680 7098905 
1681 7098905 
1682 7098905 
1683 7098905 
1684 7098905 
1685 7098905 
1686 7098905 
1687 7098905 
1688 7098905 
1689 7098905 
1690 7098905 
1691 7098905 
1692 7098905 
1693 7098905 
1694 7098905 
1695 7098905 
1696 7098905 
1697 7098905 
1698 7098905 
1699 7098905 
1700 7098905 
1701 7098905 
1702 7098905 
1703 7098905 
1704 7098905 
1705 7098905 
1706 7098905 
1707 7098905 
1708 7098905 
1709 7098905 
1710 7098905 
1711 7098905 
1712 7098905 
1713 7098905 
1714 7098905 
1715 7098905 
1716 7098905 
1717 7098905 
1718 7098905 
1719 7098905 
1720 7098905 
1721 7098905 
1722 7098905 
1723 7098905 
1724 7098905 
1725 7098905 
1726 7098905 
1727 7098905 
1728 7098905 
1729 7098905 
1730 7098905 
1731 7098905 
1732 7098905 
1733 7098905 
1734 7098905 
1735 7098905 
1736 7098905 
1737 7098905 
1738 7098905 
1739 7098905 
1740 7098905 
1741 7098905 
1742 7098905 
1743 7098905 
1744 7098905 
1745 7098905 
1746 7098905 
1747 7098905 
1748 7098905 
1749 7098905 
1750 7098905 
1751 7098905 
1752 7098905 
1753 7098905 
1754 7098905 
1755 7098905 
1756 7098905 
1757 7098905 
1758 7098905 
1759 7098905 
1760 7098905 
1761 7098905 
1762 7098905 
1763 7098905 
1764 7098905 
1765 7098905 
1766 7098905 
1767 7098905 
1768 7098905 
1769 7098905 
1770 7098905 
1771 7098905 
1772 7098905 
1773 7098905 
1774 7098905 
1775 7098905 
1776 7098905 
1777 7098905 
1778 7098905 
1779 7098905 
1780 7098905 
1781 7098905 
1782 7098905 
1783 7098905 
1784 7098905 
1785 7098905 
1786 7098905 
1787 7098905 
1788 7098905 
1789 7098905 
1790 7098905 
1791 7098905 
1792 7098905 
1793 7098905 
1794 7098905 
1795 7098905 
1796 7098905 
1797 7098905 
1798 7098905 
1799 7098905 
1800 7098905 
1801 7098905 
1802 7098905 
1803 7098905 
1804 7098905 
1805 7098905 
1806 7098905 
1807 7098905 
1808 7098905 
1809 7098905 
1810 7098905 
1811 7098905 
1812 7098905 
1813 7098905 
1814 7098905 
1815 7098905 
1816 7098905 
1817 7098905 
1818 7098905 
1819 7098905 
1820 7098905 
1821 7098905 
1822 7098905 
1823 7098905 
1824 7098905 
1825 7098905 
1826 7098905 
1827 7098905 
1828 7098905 
1829 7098905 
1830 7098905 
1831 7098905 
1832 7098905 
1833 7098905 
1834 7098905 
1835 7098905 
1836 7098905 
1837 7098905 
1838 7098905 
1839 7098905 
1840 7098905 
1841 7098905 
1842 7098905 
1843 7098905 
1844 7098905 
1845 7098905 
1846 7098905 
1847 7098905 
1848 7098905 
1849 7098905 
1850 7098905 
1851 7098905 
1852 7098905 
1853 7098905 
1854 7098905 
1855 7098905 
1856 7098905 
1857 7098905 
1858 7098905 
1859 7098905 
1860 7098905 
1861 7098905 
1862 7098905 
1863 7098905 
1864 7098905 
1865 7098905 
1866 7098905 
1867 7098905 
1868 7098905 
1869 7098905 
1870 7098905 
1871 7098905 
1872 7098905 
1873 7098905 
1874 7098905 
1875 7098905 
1876 7098905 
1877 7098905 
1878 7098905 
1879 7098905 
1880 7098905 
1881 7098905 
1882 7098905 
1883 7098905 
1884 7098905 
1885 7098905 
1886 7098905 
1887 7098905 
1888 7098905 
1889 7098905 
1890 7098905 
1891 7098905 
1892 7098905 
1893 7098905 
1894 7098905 
1895 7098905 
1896 7098905 
1897 7098905 
1898 7098905 
1899 7098905 
1900 7098905 
1901 7098905 
1902 7098905 
1903 7098905 
1904 7098905 
1905 7098905 
1906 7098905 
1907 7098905 
1908 7098905 
1909 7098905 
1910 7098905 
1911 7098905 
1912 7098905 
1913 7098905 
1914 7098905 
1915 7098905 
1916 7098905 
1917 7098905 
1918 7098905 
1919 7098905 
1920 7098905 
1921 7098905 
1922 7098905 
1923 7098905 
1924 7098905 
1925 7098905 
1926 7098905 
1927 7098905 
1928 7098905 
1929 7098905 
1930 7098905 
1931 7098905 
1932 7098905 
1933 7098905 
1934 7098905 
1935 7098905 
1936 7098905 
1937 7098905 
1938 7098905 
1939 7098905 
1940 7098905 
1941 7098905 
1942 7098905 
1943 7098905 
1944 7098905 
1945 7098905 
1946 7098905 
1947 7098905 
1948 7098905 
1949 7098905 
1950 7098905 
1951 7098905 
1952 7098905 
1953 7098905 
1954 7098905 
1955 7098905 
1956 7098905 
1957 7098905 
1958 7098905 
1959 7098905 
1960 7098905 
1961 7098905 
1962 7098905 
1963 7098905 
1964 7098905 
1965 7098905 
1966 7098905 
1967 7098905 
1968 7098905 
1969 7098905 
1970 7098905 
1971 7098905 
1972 7098905 
1973 7098905 
1974 7098905 
1975 7098905 
1976 7098905 
1977 7098905 
1978 7098905 
1979 7098905 
1980 7098905 
1981 7098905 
1982 7098905 
1983 7098905 
1984 7098905 
1985 7098905 
1986 7098905 
1987 7098905 
1988 7098905 
1989 7098905 
1990 7098905 
1991 7098905 
1992 7098905 
1993 7098905 
1994 7098905 
1995 7098905 
1996 7098905 
1997 7098905 
1998 7098905 
1999 7098905 
2000 7098905 
2001 7098905 
2002 7098905 
2003 7098905 
2004 7098905 
2005 7098905 
2006 7098905 
2007 7098905 
2008 7098905 
2009 7098905 
2010 7098905 
2011 7098905 
2012 7098905 
2013 7098905 
2014 7098905 
2015 7098905 
2016 7098905 
2017 7098905 
2018 7098905 
2019 7098905 
2020 7098905 
2021 7098905 
2022 7098905 
2023 7098905 
2024 7098905 
2025 7098905 
2026 7098905 
2027 7098905 
2028 7098905 
2029 7098905 
2030 7098905 
2031 7098905 
2032 7098905 
2033 7098905 
2034 7098905 
2035 7098905 
2036 7098905 
2037 7098905 
2038 7098905 
2039 7098905 
2040 7098905 
2041 7098905 
2042 7098905 
2043 7098905 
2044 7098905 
2045 7098905 
2046 7098905 
2047 7098905 
2048 7098905 
2049 7098905 
2050 7098905 
2051 7098905 
2052 7098905 
2053 7098905 
2054 7098905 
2055 7098905 
2056 7098905 
2057 7098905 
2058 7098905 
2059 7098905 
2060 7098905 
2061 7098905 
2062 7098905 
2063 7098905 
2064 7098905 
2065 7098905 
2066 7098905 
2067 7098905 
2068 7098905 
2069 7098905 
2070 7098905 
2071 7098905 
2072 7098905 
2073 7098905 
2074 7098905 
2075 7098905 
2076 7098905 
2077 7098905 
2078 7098905 
2079 7098905 
2080 7098905 
2081 7098905 
2082 7098905 
2083 7098905 
2084 7098905 
2085 7098905 
2086 7098905 
2087 7098905 
2088 7098905 
2089 7098905 
2090 7098905 
2091 7098905 
2092 7098905 
2093 7098905 
2094 7098905 
2095 7098905 
2096 7098905 
2097 7098905 
2098 7098905 
2099 7098905 
2100 7098905 
2101 7098905 
2102 7098905 
2103 7098905 
2104 7098905 
2105 7098905 
2106 7098905 
2107 7098905 
2108 7098905 
2109 7098905 
2110 7098905 
2111 7098905 
2112 7098905 
2113 7098905 
2114 7098905 
2115 7098905 
2116 7098905 
2117 7098905 
2118 7098905 
2119 7098905 
2120 7098905 
2121 7098905 
2122 7098905 
2123 7098905 
2124 7098905 
2125 7098905 
2126 7098905 
2127 7098905 
2128 7098905 
2129 7098905 
2130 7098905 
2131 7098905 
2132 7098905 
2133 7098905 
2134 7098905 
2135 7098905 
2136 7098905 
2137 7098905 
2138 7098905 
2139 7098905 
2140 7098905 
2141 7098905 
2142 7098905 
2143 7098905 
2144 7098905 
2145 7098905 
2146 7098905 
2147 7098905 
2148 7098905 
2149 7098905 
2150 7098905 
2151 7098905 
2152 7098905 
2153 7098905 
2154 7098905 
2155 7098905 
2156 7098905 
2157 7098905 
2158 7098905 
2159 7098905 
2160 7098905 
2161 7098905 
2162 7098905 
2163 7098905 
2164 7098905 
2165 7098905 
2166 7098905 
2167 7098905 
2168 7098905 
2169 7098905 
2170 7098905 
2171 7098905 
2172 7098905 
2173 7098905 
2174 7098905 
2175 7098905 
2176 7098905 
2177 7098905 
2178 7098905 
2179 7098905 
2180 7098905 
2181 7098905 
2182 7098905 
2183 7098905 
2184 7098905 
2185 7098905 
2186 7098905 
2187 7098905 
2188 7098905 
2189 7098905 
2190 7098905 
2191 7098905 
2192 7098905 
2193 7098905 
2194 7098905 
2195 7098905 
2196 7098905 
2197 7098905 
2198 7098905 
2199 7098905 
2200 7098905 
2201 7098905 
2202 7098905 
2203 7098905 
2204 7098905 
2205 7098905 
2206 7098905 
2207 7098905 
2208 7098905 
2209 7098905 
2210 7098905 
2211 7098905 
2212 7098905 
2213 7098905 
2214 7098905 
2215 7098905 
2216 7098905 
2217 7098905 
2218 7098905 
2219 7098905 
2220 7098905 
2221 7098905 
2222 7098905 
2223 7098905 
2224 7098905 
2225 7098905 
2226 7098905 
2227 7098905 
2228 7098905 
2229 7098905 
2230 7098905 
2231 7098905 
2232 7098905 
2233 7098905 
2234 7098905 
2235 7098905 
2236 7098905 
2237 7098905 
2238 7098905 
2239 7098905 
2240 7098905 
2241 7098905 
2242 7098905 
2243 7098905 
2244 7098905 
2245 7098905 
2246 7098905 
2247 7098905 
2248 7098905 
2249 7098905 
2250 7098905 
2251 7098905 
2252 7098905 
2253 7098905 
2254 7098905 
2255 7098905 
2256 7098905 
2257 7098905 
2258 7098905 
2259 7098905 
2260 7098905 
2261 7098905 
2262 7098905 
2263 7098905 
2264 7098905 
2265 7098905 
2266 7098905 
2267 7098905 
2268 7098905 
2269 7098905 
2270 7098905 
2271 7098905 
2272 7098905 
2273 7098905 
2274 7098905 
2275 7098905 
2276 7098905 
2277 7098905 
2278 7098905 
2279 7098905 
2280 7098905 
2281 7098905 
2282 7098905 
2283 7098905 
2284 7098905 
2285 7098905 
2286 7098905 
2287 7098905 
2288 7098905 
2289 7098905 
2290 7098905 
2291 7098905 
2292 7098905 
2293 7098905 
2294 7098905 
2295 7098905 
2296 7098905 
2297 7098905 
2298 7098905 
2299 7098905 
2300 7098905 
2301 7098905 
2302 7098905 
2303 7098905 
2304 7098905 
2305 7098905 
2306 7098905 
2307 7098905 
2308 7098905 
2309 7098905 
2310 7098905 
2311 7098905 
2312 7098905 
2313 7098905 
2314 7098905 
2315 7098905 
2316 7098905 
2317 7098905 
2318 7098905 
2319 7098905 
2320 7098905 
2321 7098905 
2322 7098905 
2323 7098905 
2324 7098905 
2325 7098905 
2326 7098905 
2327 7098905 
2328 7098905 
2329 7098905 
2330 7098905 
2331 7098905 
2332 7098905 
2333 7098905 
2334 7098905 
2335 7098905 
2336 7098905 
2337 7098905 
2338 7098905 
2339 7098905 
2340 7098905 
2341 7098905 
2342 7098905 
2343 7098905 
2344 7098905 
2345 7098905 
2346 7098905 
2347 7098905 
2348 7098905 
2349 7098905 
2350 7098905 
2351 7098905 
2352 7098905 
2353 7098905 
2354 7098905 
2355 7098905 
2356 7098905 
2357 7098905 
2358 7098905 
2359 7098905 
2360 7098905 
2361 7098905 
2362 7098905 
2363 7098905 
2364 7098905 
2365 7098905 
2366 7098905 
2367 7098905 
2368 7098905 
2369 7098905 
2370 7098905 
2371 7098905 
2372 7098905 
2373 7098905 
2374 7098905 
2375 7098905 
2376 7098905 
2377 7098905 
2378 7098905 
2379 7098905 
2380 7098905 
2381 7098905 
2382 7098905 
2383 7098905 
2384 7098905 
2385 7098905 
2386 7098905 
2387 7098905 
2388 7098905 
2389 7098905 
2390 7098905 
2391 7098905 
2392 7098905 
2393 7098905 
2394 7098905 
2395 7098905 
2396 7098905 
2397 7098905 
2398 7098905 
2399 7098905 
2400 7098905 
2401 7098905 
2402 7098905 
2403 7098905 
2404 7098905 
2405 7098905 
2406 7098905 
2407 7098905 
2408 7098905 
2409 7098905 
2410 7098905 
2411 7098905 
2412 7098905 
2413 7098905 
2414 7098905 
2415 7098905 
2416 7098905 
2417 7098905 
2418 7098905 
2419 7098905 
2420 7098905 
2421 7098905 
2422 7098905 
2423 7098905 
2424 7098905 
2425 7098905 
2426 7098905 
2427 7098905 
2428 7098905 
2429 7098905 
2430 7098905 
2431 7098905 
2432 7098905 
2433 7098905 
2434 7098905 
2435 7098905 
2436 7098905 
2437 7098905 
2438 7098905 
2439 7098905 
2440 7098905 
2441 7098905 
2442 7098905 
2443 7098905 
2444 7098905 
2445 7098905 
2446 7098905 
2447 7098905 
2448 7098905 
2449 7098905 
2450 7098905 
2451 7098905 
2452 7098905 
2453 7098905 
2454 7098905 
2455 7098905 
2456 7098905 
2457 7098905 
2458 7098905 
2459 7098905 
2460 7098905 
2461 7098905 
2462 7098905 
2463 7098905 
2464 7098905 
2465 7098905 
2466 7098905 
2467 7098905 
2468 7098905 
2469 7098905 
2470 7098905 
2471 7098905 
2472 7098905 
2473 7098905 
2474 7098905 
2475 7098905 
2476 7098905 
2477 7098905 
2478 7098905 
2479 7098905 
2480 7098905 
2481 7098905 
2482 7098905 
2483 7098905 
2484 7098905 
2485 7098905 
2486 7098905 
2487 7098905 
2488 7098905 
2489 7098905 
2490 7098905 
2491 7098905 
2492 7098905 
2493 7098905 
2494 7098905 
2495 7098905 
2496 7098905 
2497 7098905 
2498 7098905 
2499 7098905 
2500 7098905 
2501 7098905 
2502 7098905 
2503 7098905 
2504 7098905 
2505 7098905 
2506 7098905 
2507 7098905 
2508 7098905 
2509 7098905 
2510 7098905 
2511 7098905 
2512 7098905 
2513 7098905 
2514 7098905 
2515 7098905 
2516 7098905 
2517 7098905 
2518 7098905 
2519 7098905 
2520 7098905 
2521 7098905 
2522 7098905 
2523 7098905 
2524 7098905 
2525 7098905 
2526 7098905 
2527 7098905 
2528 7098905 
2529 7098905 
2530 7098905 
2531 7098905 
2532 7098905 
2533 7098905 
2534 7098905 
2535 7098905 
2536 7098905 
2537 7098905 
2538 7098905 
2539 7098905 
2540 7098905 
2541 7098905 
2542 7098905 
2543 7098905 
2544 7098905 
2545 7098905 
2546 7098905 
2547 7098905 
2548 7098905 
2549 7098905 
2550 7098905 
2551 7098905 
2552 7098905 
2553 7098905 
2554 7098905 
2555 7098905 
2556 7098905 
2557 7098905 
2558 7098905 
2559 7098905 
2560 7098905 
2561 7098905 
2562 7098905 
2563 7098905 
2564 7098905 
2565 7098905 
2566 7098905 
2567 7098905 
2568 7098905 
2569 7098905 
2570 7098905 
2571 7098905 
2572 7098905 
2573 7098905 
2574 7098905 
2575 7098905 
2576 7098905 
2577 7098905 
2578 7098905 
2579 7098905 
2580 7098905 
2581 7098905 
2582 7098905 
2583 7098905 
2584 7098905 
2585 7098905 
2586 7098905 
2587 7098905 
2588 7098905 
2589 7098905 
2590 7098905 
2591 7098905 
2592 7098905 
2593 7098905 
2594 7098905 
2595 7098905 
2596 7098905 
2597 7098905 
2598 7098905 
2599 7098905 
2600 7098905 
2601 7098905 
2602 7098905 
2603 7098905 
2604 7098905 
2605 7098905 
2606 7098905 
2607 7098905 
2608 7098905 
2609 7098905 
2610 7098905 
2611 7098905 
2612 7098905 
2613 7098905 
2614 7098905 
2615 7098905 
2616 7098905 
2617 7098905 
2618 7098905 
2619 7098905 
2620 7098905 
2621 7098905 
2622 7098905 
2623 7098905 
2624 7098905 
2625 7098905 
2626 7098905 
2627 7098905 
2628 7098905 
2629 7098905 
2630 7098905 
2631 7098905 
2632 7098905 
2633 7098905 
2634 7098905 
2635 7098905 
2636 7098905 
2637 7098905 
2638 7098905 
2639 7098905 
2640 7098905 
2641 7098905 
2642 7098905 
2643 7098905 
2644 7098905 
2645 7098905 
2646 7098905 
2647 7098905 
2648 7098905 
2649 7098905 
2650 7098905 
2651 7098905 
2652 7098905 
2653 7098905 
2654 7098905 
2655 7098905 
2656 7098905 
2657 7098905 
2658 7098905 
2659 7098905 
2660 7098905 
2661 7098905 
2662 7098905 
2663 7098905 
2664 7098905 
2665 7098905 
2666 7098905 
2667 7098905 
2668 7098905 
2669 7098905 
2670 7098905 
2671 7098905 
2672 7098905 
2673 7098905 
2674 7098905 
2675 7098905 
2676 7098905 
2677 7098905 
2678 7098905 
2679 7098905 
2680 7098905 
2681 7098905 
2682 7098905 
2683 7098905 
2684 7098905 
2685 7098905 
2686 7098905 
2687 7098905 
2688 7098905 
2689 7098905 
2690 7098905 
2691 7098905 
2692 7098905 
2693 7098905 
2694 7098905 
2695 7098905 
2696 7098905 
2697 7098905 
2698 7098905 
2699 7098905 
2700 7098905 
2701 7098905 
2702 7098905 
2703 7098905 
2704 7098905 
2705 7098905 
2706 7098905 
2707 7098905 
2708 7098905 
2709 7098905 
2710 7098905 
2711 7098905 
2712 7098905 
2713 7098905 
2714 7098905 
2715 7098905 
2716 7098905 
2717 7098905 
2718 7098905 
2719 7098905 
2720 7098905 
2721 7098905 
2722 7098905 
2723 7098905 
2724 7098905 
2725 7098905 
2726 7098905 
2727 7098905 
2728 7098905 
2729 7098905 
2730 7098905 
2731 7098905 
2732 7098905 
2733 7098905 
2734 7098905 
2735 7098905 
2736 7098905 
2737 7098905 
2738 7098905 
2739 7098905 
2740 7098905 
2741 7098905 
2742 7098905 
2743 7098905 
2744 7098905 
2745 7098905 
2746 7098905 
2747 7098905 
2748 7098905 
2749 7098905 
2750 7098905 
2751 7098905 
2752 7098905 
2753 7098905 
2754 7098905 
2755 7098905 
2756 7098905 
2757 7098905 
2758 7098905 
2759 7098905 
2760 7098905 
2761 7098905 
2762 7098905 
2763 7098905 
2764 7098905 
2765 7098905 
2766 7098905 
2767 7098905 
2768 7098905 
2769 7098905 
2770 7098905 
2771 7098905 
2772 7098905 
2773 7098905 
2774 7098905 
2775 7098905 
2776 7098905 
2777 7098905 
2778 7098905 
2779 7098905 
2780 7098905 
2781 7098905 
2782 7098905 
2783 7098905 
2784 7098905 
2785 7098905 
2786 7098905 
2787 7098905 
2788 7098905 
2789 7098905 
2790 7098905 
2791 7098905 
2792 7098905 
2793 7098905 
2794 7098905 
2795 7098905 
2796 7098905 
2797 7098905 
2798 7098905 
2799 7098905 
2800 7098905 
2801 7098905 
2802 7098905 
2803 7098905 
2804 7098905 
2805 7098905 
2806 7098905 
2807 7098905 
2808 7098905 
2809 7098905 
2810 7098905 
2811 7098905 
2812 7098905 
2813 7098905 
2814 7098905 
2815 7098905 
2816 7098905 
2817 7098905 
2818 7098905 
2819 7098905 
2820 7098905 
2821 7098905 
2822 7098905 
2823 7098905 
2824 7098905 
2825 7098905 
2826 7098905 
2827 7098905 
2828 7098905 
2829 7098905 
2830 7098905 
2831 7098905 
2832 7098905 
2833 7098905 
2834 7098905 
2835 7098905 
2836 7098905 
2837 7098905 
2838 7098905 
2839 7098905 
2840 7098905 
2841 7098905 
2842 7098905 
2843 7098905 
2844 7098905 
2845 7098905 
2846 7098905 
2847 7098905 
2848 7098905 
2849 7098905 
2850 7098905 
2851 7098905 
2852 7098905 
2853 7098905 
2854 7098905 
2855 7098905 
2856 7098905 
2857 7098905 
2858 7098905 
2859 7098905 
2860 7098905 
2861 7098905 
2862 7098905 
2863 7098905 
2864 7098905 
2865 7098905 
2866 7098905 
2867 7098905 
2868 7098905 
2869 7098905 
2870 7098905 
2871 7098905 
2872 7098905 
2873 7098905 
2874 7098905 
2875 7098905 
2876 7098905 
2877 7098905 
2878 7098905 
2879 7098905 
2880 7098905 
2881 7098905 
2882 7098905 
2883 7098905 
2884 7098905 
2885 7098905 
2886 7098905 
2887 7098905 
2888 7098905 
2889 7098905 
2890 7098905 
2891 7098905 
2892 7098905 
2893 7098905 
2894 7098905 
2895 7098905 
2896 7098905 
2897 7098905 
2898 7098905 
2899 7098905 
2900 7098905 
2901 7098905 
2902 7098905 
2903 7098905 
2904 7098905 
2905 7098905 
2906 7098905 
2907 7098905 
2908 7098905 
2909 7098905 
2910 7098905 
2911 7098905 
2912 7098905 
2913 7098905 
2914 7098905 
2915 7098905 
2916 7098905 
2917 7098905 
2918 7098905 
2919 7098905 
2920 7098905 
2921 7098905 
2922 7098905 
2923 7098905 
2924 7098905 
2925 7098905 
2926 7098905 
2927 7098905 
2928 7098905 
2929 7098905 
2930 7098905 
2931 7098905 
2932 7098905 
2933 7098905 
2934 7098905 
2935 7098905 
2936 7098905 
2937 7098905 
2938 7098905 
2939 7098905 
2940 7098905 
2941 7098905 
2942 7098905 
2943 7098905 
2944 7098905 
2945 7098905 
2946 7098905 
2947 7098905 
2948 7098905 
2949 7098905 
2950 7098905 
2951 7098905 
2952 7098905 
2953 7098905 
2954 7098905 
2955 7098905 
2956 7098905 
2957 7098905 
2958 7098905 
2959 7098905 
2960 7098905 
2961 7098905 
2962 7098905 
2963 7098905 
2964 7098905 
2965 7098905 
2966 7098905 
2967 7098905 
2968 7098905 
2969 7098905 
2970 7098905 
2971 7098905 
2972 7098905 
2973 7098905 
2974 7098905 
2975 7098905 
2976 7098905 
2977 7098905 
2978 7098905 
2979 7098905 
2980 7098905 
2981 7098905 
2982 7098905 
2983 7098905 
2984 7098905 
2985 7098905 
2986 7098905 
2987 7098905 
2988 7098905 
2989 7098905 
2990 7098905 
2991 7098905 
2992 7098905 
2993 7098905 
2994 7098905 
2995 7098905 
2996 7098905 
2997 7098905 
2998 7098905 
2999 7098905 
3000 7098905 
3001 7098905 
3002 7098905 
3003 7098905 
3004 7098905 
3005 7098905 
3006 7098905 
3007 7098905 
3008 7098905 
3009 7098905 
3010 7098905 
3011 7098905 
3012 7098905 
3013 7098905 
3014 7098905 
3015 7098905 
3016 7098905 
3017 7098905 
3018 7098905 
3019 7098905 
3020 7098905 
3021 7098905 
3022 7098905 
3023 7098905 
3024 7098905 
3025 7098905 
3026 7098905 
3027 7098905 
3028 7098905 
3029 7098905 
3030 7098905 
3031 7098905 
3032 7098905 
3033 7098905 
3034 7098905 
3035 7098905 
3036 7098905 
3037 7098905 
3038 7098905 
3039 7098905 
3040 7098905 
3041 7098905 
3042 7098905 
3043 7098905 
3044 7098905 
3045 7098905 
3046 7098905 
3047 7098905 
3048 7098905 
3049 7098905 
3050 7098905 
3051 7098905 
3052 7098905 
3053 7098905 
3054 7098905 
3055 7098905 
3056 7098905 
3057 7098905 
3058 7098905 
3059 7098905 
3060 7098905 
3061 7098905 
3062 7098905 
3063 7098905 
3064 7098905 
3065 7098905 
3066 7098905 
3067 7098905 
3068 7098905 
3069 7098905 
3070 7098905 
3071 7098905 
3072 7098905 
3073 7098905 
3074 7098905 
3075 7098905 
3076 7098905 
3077 7098905 
3078 7098905 
3079 7098905 
3080 7098905 
3081 7098905 
3082 7098905 
3083 7098905 
3084 7098905 
3085 7098905 
3086 7098905 
3087 7098905 
3088 7098905 
3089 7098905 
3090 7098905 
3091 7098905 
3092 7098905 
3093 7098905 
3094 7098905 
3095 7098905 
3096 7098905 
3097 7098905 
3098 7098905 
3099 7098905 
3100 7098905 
3101 7098905 
3102 7098905 
3103 7098905 
3104 7098905 
3105 7098905 
3106 7098905 
3107 7098905 
3108 7098905 
3109 7098905 
3110 7098905 
3111 7098905 
3112 7098905 

