0 4198288 
1 4183804 
2 4180445 
3 4173367 
4 4170610 
5 4169872 
6 4169113 
7 4168963 
8 4166837 
9 4166431 
10 4166431 
11 4164409 
12 4164235 
13 4163414 
14 4163232 
15 4162530 
16 4162114 
17 4162107 
18 4161471 
19 4159903 
20 4159902 
21 4159895 
22 4159882 
23 4159042 
24 4156335 
25 4153002 
26 4153001 
27 4152968 
28 4152838 
29 4150467 
30 4148961 
31 4145751 
32 4123175 
33 4118807 
34 4106899 
35 4103016 
36 4103009 
37 4099422 
38 4097992 
39 4097488 
40 4097068 
41 4096397 
42 4095545 
43 4095381 
44 4094886 
45 4094206 
46 4093982 
47 4093195 
48 4092744 
49 4085398 
50 4085222 
51 4085196 
52 4085196 
53 4084854 
54 4084609 
55 4084607 
56 4084600 
57 4084595 
58 4083997 
59 4083997 
60 4083996 
61 4083474 
62 4083461 
63 4080992 
64 4080803 
65 4080673 
66 4080673 
67 4080643 
68 4080622 
69 4080596 
70 4074460 
71 4073527 
72 4073433 
73 4073426 
74 4073185 
75 4072622 
76 4072615 
77 4072615 
78 4072583 
79 4071968 
80 4071792 
81 4071276 
82 4071022 
83 4070632 
84 4069794 
85 4069526 
86 4066588 
87 4064214 
88 4064193 
89 4064180 
90 4063305 
91 4063130 
92 4062922 
93 4062909 
94 4061739 
95 4061700 
96 4061608 
97 4060978 
98 4060952 
99 4060931 
100 4060557 
101 4060463 
102 4060449 
103 4059996 
104 4059564 
105 4059539 
106 4058674 
107 4058667 
108 4058666 
109 4058660 
110 4057426 
111 4057419 
112 4056847 
113 4055178 
114 4055089 
115 4055034 
116 4054586 
117 4054261 
118 4053019 
119 4052571 
120 4048906 
121 4048472 
122 4048225 
123 4048183 
124 4047376 
125 4047220 
126 4047181 
127 4047025 
128 4046973 
129 4046539 
130 4046292 
131 4045529 
132 4044853 
133 4043994 
134 4043791 
135 4043739 
136 4043726 
137 4041906 
138 4041698 
139 4041680 
140 4041660 
141 4041387 
142 4039324 
143 4039065 
144 4036578 
145 4025216 
146 4024683 
147 4023686 
148 4023535 
149 4023009 
150 4022420 
151 4021683 
152 4018003 
153 4017990 
154 4017787 
155 4017501 
156 4017489 
157 4016936 
158 4016793 
159 4016766 
160 4016746 
161 4015484 
162 4015197 
163 4015195 
164 4015146 
165 4015133 
166 4013756 
167 4013613 
168 4012804 
169 4012709 
170 4011527 
171 4010905 
172 4010695 
173 4010380 
174 4010352 
175 4008883 
176 4007245 
177 4006973 
178 4006940 
179 4006522 
180 4006471 
181 4005210 
182 4005210 
183 4004326 
184 4002540 
185 3994351 
186 3991106 
187 3991067 
188 3990891 
189 3990852 
190 3990852 
191 3990163 
192 3989860 
193 3989358 
194 3989094 
195 3983278 
196 3981590 
197 3981481 
198 3981206 
199 3980690 
200 3980495 
201 3979520 
202 3979295 
203 3979295 
204 3978108 
205 3975976 
206 3975934 
207 3975341 
208 3975237 
209 3974602 
210 3974158 
211 3965812 
212 3965805 
213 3965662 
214 3964974 
215 3964464 
216 3964431 
217 3964417 
218 3964417 
219 3964410 
220 3963533 
221 3962504 
222 3961529 
223 3961529 
224 3953573 
225 3950404 
226 3949092 
227 3948925 
228 3948918 
229 3948897 
230 3948897 
231 3948860 
232 3948832 
233 3948776 
234 3948727 
235 3948714 
236 3948679 
237 3947895 
238 3947607 
239 3947557 
240 3947522 
241 3947512 
242 3946637 
243 3946630 
244 3946623 
245 3946363 
246 3946036 
247 3946036 
248 3945191 
249 3944894 
250 3944499 
251 3944113 
252 3941630 
253 3941305 
254 3941148 
255 3940562 
256 3940470 
257 3940424 
258 3940328 
259 3940321 
260 3940204 
261 3940152 
262 3939437 
263 3939294 
264 3936923 
265 3936477 
266 3935723 
267 3932709 
268 3926781 
269 3926439 
270 3923527 
271 3922937 
272 3922921 
273 3922795 
274 3922374 
275 3919192 
276 3919192 
277 3916116 
278 3914608 
279 3913295 
280 3912670 
281 3911324 
282 3910544 
283 3908555 
284 3908555 
285 3902532 
286 3902315 
287 3901340 
288 3901093 
289 3897531 
290 3897468 
291 3897442 
292 3897435 
293 3897162 
294 3897162 
295 3896308 
296 3896191 
297 3896191 
298 3896170 
299 3895078 
300 3894796 
301 3894770 
302 3893821 
303 3893779 
304 3893450 
305 3889869 
306 3888358 
307 3886280 
308 3886224 
309 3886044 
310 3885527 
311 3883787 
312 3883710 
313 3883008 
314 3882969 
315 3882688 
316 3882681 
317 3882330 
318 3881290 
319 3881017 
320 3879666 
321 3879659 
322 3879501 
323 3879176 
324 3878847 
325 3878602 
326 3878602 
327 3878358 
328 3878313 
329 3878040 
330 3877969 
331 3877969 
332 3877864 
333 3877815 
334 3877815 
335 3877439 
336 3876808 
337 3876773 
338 3876766 
339 3876462 
340 3876455 
341 3876402 
342 3876374 
343 3876374 
344 3876367 
345 3876361 
346 3876354 
347 3876354 
348 3876319 
349 3876312 
350 3876312 
351 3875417 
352 3875222 
353 3874975 
354 3874806 
355 3874266 
356 3871561 
357 3871405 
358 3871405 
359 3871166 
360 3871114 
361 3871114 
362 3871107 
363 3871102 
364 3870750 
365 3870529 
366 3870384 
367 3870180 
368 3870180 
369 3869567 
370 3869567 
371 3869567 
372 3869567 
373 3869560 
374 3869461 
375 3869429 
376 3869429 
377 3869427 
378 3869343 
379 3869336 
380 3869182 
381 3868532 
382 3868525 
383 3867700 
384 3867693 
385 3867672 
386 3867388 
387 3867381 
388 3867374 
389 3867374 
390 3867289 
391 3867282 
392 3867282 
393 3866848 
394 3866618 
395 3866611 
396 3866611 
397 3866604 
398 3866597 
399 3866590 
400 3866590 
401 3864998 
402 3864998 
403 3864484 
404 3863873 
405 3861897 
406 3861897 
407 3861143 
408 3861048 
409 3861048 
410 3860918 
411 3860918 
412 3860918 
413 3860918 
414 3860736 
415 3860729 
416 3860729 
417 3860729 
418 3860729 
419 3860729 
420 3860729 
421 3860729 
422 3860729 
423 3860729 
424 3860715 
425 3860596 
426 3860582 
427 3860582 
428 3860582 
429 3860582 
430 3860582 
431 3860582 
432 3860582 
433 3860582 
434 3860582 
435 3860582 
436 3860582 
437 3860582 
438 3860582 
439 3860582 
440 3860582 
441 3860582 
442 3860582 
443 3860582 
444 3860582 
445 3860582 
446 3860582 
447 3860582 
448 3860582 
449 3860582 
450 3860582 
451 3860582 
452 3860582 
453 3860582 
454 3860582 
455 3860582 
456 3860582 
457 3860582 
458 3860582 
459 3860582 
460 3860582 
461 3860582 
462 3860582 
463 3860582 
464 3860582 
465 3860582 
466 3860582 
467 3860582 
468 3860582 
469 3860582 
470 3860582 
471 3860582 
472 3860582 
473 3860582 
474 3860582 
475 3860582 
476 3860582 
477 3860582 
478 3860582 
479 3860582 
480 3860582 
481 3860582 
482 3860582 
483 3860582 
484 3860582 
485 3860582 
486 3860582 
487 3860582 
488 3860582 
489 3860582 
490 3860582 
491 3860582 
492 3860582 
493 3860582 
494 3860582 
495 3860582 
496 3860582 
497 3860582 
498 3860582 
499 3860582 
500 3860582 
501 3860582 
502 3860582 
503 3860582 
504 3860582 
505 3860582 
506 3860582 
507 3860582 
508 3860582 
509 3860582 
510 3860582 
511 3860582 
512 3860582 
513 3860582 
514 3860582 
515 3860582 
516 3860582 
517 3860582 
518 3860582 
519 3860582 
520 3860582 
521 3860582 
522 3860582 
523 3860582 
524 3860582 
525 3860582 
526 3860582 
527 3860582 
528 3860582 
529 3860582 
530 3860582 
531 3860582 
532 3860582 
533 3860582 
534 3860582 
535 3860582 
536 3860582 
537 3860582 
538 3860582 
539 3860582 
540 3860582 
541 3860582 
542 3860582 
543 3860582 
544 3860582 
545 3860582 
546 3860582 
547 3860582 
548 3860582 
549 3860582 
550 3860582 
551 3860582 
552 3860582 
553 3860582 
554 3860582 
555 3860582 
556 3860582 
557 3860582 
558 3860582 
559 3860582 
560 3860582 
561 3860582 
562 3860582 
563 3860582 
564 3860582 
565 3860582 
566 3860582 
567 3860582 
568 3860582 
569 3860582 
570 3860582 
571 3860582 
572 3860582 
573 3860582 
574 3860582 
575 3860582 
576 3860582 
577 3860582 
578 3860582 
579 3860582 
580 3860582 
581 3860582 
582 3860582 
583 3860582 
584 3860582 
585 3860582 
586 3860582 
587 3860582 
588 3860582 
589 3860582 
590 3860582 
591 3860582 
592 3860582 
593 3860582 
594 3860582 
595 3860582 
596 3860582 
597 3860582 
598 3860582 
599 3860582 
600 3860582 
601 3860582 
602 3860582 
603 3860582 
604 3860582 
605 3860582 
606 3860582 
607 3860582 
608 3860582 
609 3860582 
610 3860582 
611 3860582 
612 3860582 
613 3860582 
614 3860582 
615 3860582 
616 3860582 
617 3860582 
618 3860582 
619 3860582 
620 3860582 
621 3860582 
622 3860582 
623 3860582 
624 3860582 
625 3860582 
626 3860582 
627 3860582 
628 3860582 
629 3860582 
630 3860582 
631 3860582 
632 3860582 
633 3860582 
634 3860582 
635 3860582 
636 3860582 
637 3860582 
638 3860582 
639 3860582 
640 3860582 
641 3860582 
642 3860582 
643 3860582 
644 3860582 
645 3860582 
646 3860582 
647 3860582 
648 3860582 
649 3860582 
650 3860582 
651 3860582 
652 3860582 
653 3860582 
654 3860582 
655 3860582 
656 3860582 
657 3860582 
658 3860582 
659 3860582 
660 3860582 
661 3860582 
662 3860582 
663 3860582 
664 3860582 
665 3860582 
666 3860582 
667 3860582 
668 3860582 
669 3860582 
670 3860582 
671 3860582 
672 3860582 
673 3860582 
674 3860582 
675 3860582 
676 3860582 
677 3860582 
678 3860582 
679 3860582 
680 3860582 
681 3860582 
682 3860582 
683 3860582 
684 3860582 
685 3860582 
686 3860582 
687 3860582 
688 3860582 
689 3860582 
690 3860582 
691 3860582 
692 3860582 
693 3860582 
694 3860582 
695 3860582 
696 3860582 
697 3860582 
698 3860582 
699 3860582 
700 3860582 
701 3860582 
702 3860582 
703 3860582 
704 3860582 
705 3860582 
706 3860582 
707 3860582 
708 3860582 
709 3860582 
710 3860582 
711 3860582 
712 3860582 
713 3860582 
714 3860582 
715 3860582 
716 3860582 
717 3860582 
718 3860582 
719 3860582 
720 3860582 
721 3860582 
722 3860582 
723 3860582 
724 3860582 
725 3860582 
726 3860582 
727 3860582 
728 3860582 
729 3860582 
730 3860582 
731 3860582 
732 3860582 
733 3860582 
734 3860582 
735 3860582 
736 3860582 
737 3860582 
738 3860582 
739 3860582 
740 3860582 
741 3860582 
742 3860582 
743 3860582 
744 3860582 
745 3860582 
746 3860582 
747 3860582 
748 3860582 
749 3860582 
750 3860582 
751 3860582 
752 3860582 
753 3860582 
754 3860582 
755 3860582 
756 3860582 
757 3860582 
758 3860582 
759 3860582 
760 3860582 
761 3860582 
762 3860582 
763 3860582 
764 3860582 
765 3860582 
766 3860582 
767 3860582 
768 3860582 
769 3860582 
770 3860582 
771 3860582 
772 3860582 
773 3860582 
774 3860582 
775 3860582 
776 3860582 
777 3860582 
778 3860582 
779 3860582 
780 3860582 
781 3860582 
782 3860582 
783 3860582 
784 3860582 
785 3860582 
786 3860582 
787 3860582 
788 3860582 
789 3860582 
790 3860582 
791 3860582 
792 3860582 
793 3860582 
794 3860582 
795 3860582 
796 3860582 
797 3860582 
798 3860582 
799 3860582 
800 3860582 
801 3860582 
802 3860582 
803 3860582 
804 3860582 
805 3860582 
806 3860582 
807 3860582 
808 3860582 
809 3860582 
810 3860582 
811 3860582 
812 3860582 
813 3860582 
814 3860582 
815 3860582 
816 3860582 
817 3860582 
818 3860582 
819 3860582 
820 3860582 
821 3860582 
822 3860582 
823 3860582 
824 3860582 
825 3860582 
826 3860582 
827 3860582 
828 3860582 
829 3860582 
830 3860582 
831 3860582 
832 3860582 
833 3860582 
834 3860582 
835 3860582 
836 3860582 
837 3860582 
838 3860582 
839 3860582 
840 3860582 
841 3860582 
842 3860582 
843 3860582 
844 3860582 
845 3860582 
846 3860582 
847 3860582 
848 3860582 
849 3860582 
850 3860582 
851 3860582 
852 3860582 
853 3860582 
854 3860582 
855 3860582 
856 3860582 
857 3860582 
858 3860582 
859 3860582 
860 3860582 
861 3860582 
862 3860582 
863 3860582 
864 3860582 
865 3860582 
866 3860582 
867 3860582 
868 3860582 
869 3860582 
870 3860582 
871 3860582 
872 3860582 
873 3860582 
874 3860582 
875 3860582 
876 3860582 
877 3860582 
878 3860582 
879 3860582 
880 3860582 
881 3860582 
882 3860582 
883 3860582 
884 3860582 
885 3860582 
886 3860582 
887 3860582 
888 3860582 
889 3860582 
890 3860582 
891 3860582 
892 3860582 
893 3860582 
894 3860582 
895 3860582 
896 3860582 
897 3860582 
898 3860582 
899 3860582 
900 3860582 
901 3860582 
902 3860582 
903 3860582 
904 3860582 
905 3860582 
906 3860582 
907 3860582 
908 3860582 
909 3860582 
910 3860582 
911 3860582 
912 3860582 
913 3860582 
914 3860582 
915 3860582 
916 3860582 
917 3860582 
918 3860582 
919 3860582 
920 3860582 
921 3860582 
922 3860582 
923 3860582 
924 3860582 
925 3860582 
926 3860582 
927 3860582 
928 3860582 
929 3860582 
930 3860582 
931 3860582 
932 3860582 
933 3860582 
934 3860582 
935 3860582 
936 3860582 
937 3860582 
938 3860582 
939 3860582 
940 3860582 
941 3860582 
942 3860582 
943 3860582 
944 3860582 
945 3860582 
946 3860582 
947 3860582 
948 3860582 
949 3860582 
950 3860582 
951 3860582 
952 3860582 
953 3860582 
954 3860582 
955 3860582 
956 3860582 
957 3860582 
958 3860582 
959 3860582 
960 3860582 
961 3860582 
962 3860582 
963 3860582 
964 3860582 
965 3860582 
966 3860582 
967 3860582 
968 3860582 
969 3860582 
970 3860582 
971 3860582 
972 3860582 
973 3860582 
974 3860582 
975 3860582 
976 3860582 
977 3860582 
978 3860582 
979 3860582 
980 3860582 
981 3860582 
982 3860582 
983 3860582 
984 3860582 
985 3860582 
986 3860582 
987 3860582 
988 3860582 
989 3860582 
990 3860582 
991 3860582 
992 3860582 
993 3860582 
994 3860582 
995 3860582 
996 3860582 
997 3860582 
998 3860582 
999 3860582 
1000 3860582 
1001 3860582 
1002 3860582 
1003 3860582 
1004 3860582 
1005 3860582 
1006 3860582 
1007 3860582 
1008 3860582 
1009 3860582 
1010 3860582 
1011 3860582 
1012 3860582 
1013 3860582 
1014 3860582 
1015 3860582 
1016 3860582 
1017 3860582 
1018 3860582 
1019 3860582 
1020 3860582 
1021 3860582 
1022 3860582 
1023 3860582 
1024 3860582 
1025 3860582 
1026 3860582 
1027 3860582 
1028 3860582 
1029 3860582 
1030 3860582 
1031 3860582 
1032 3860582 
1033 3860582 
1034 3860582 
1035 3860582 
1036 3860582 
1037 3860582 
1038 3860582 
1039 3860582 
1040 3860582 
1041 3860582 
1042 3860582 
1043 3860582 
1044 3860582 
1045 3860582 
1046 3860582 
1047 3860582 
1048 3860582 
1049 3860582 
1050 3860582 
1051 3860582 
1052 3860582 
1053 3860582 
1054 3860582 
1055 3860582 
1056 3860582 
1057 3860582 
1058 3860582 
1059 3860582 
1060 3860582 
1061 3860582 
1062 3860582 
1063 3860582 
1064 3860582 
1065 3860582 
1066 3860582 
1067 3860582 
1068 3860582 
1069 3860582 
1070 3860582 
1071 3860582 
1072 3860582 
1073 3860582 
1074 3860582 
1075 3860582 
1076 3860582 
1077 3860582 
1078 3860582 
1079 3860582 
1080 3860582 
1081 3860582 
1082 3860582 
1083 3860582 
1084 3860582 
1085 3860582 
1086 3860582 
1087 3860582 
1088 3860582 
1089 3860582 
1090 3860582 
1091 3860582 
1092 3860582 
1093 3860582 
1094 3860582 
1095 3860582 
1096 3860582 
1097 3860582 
1098 3860582 
1099 3860582 
1100 3860582 
1101 3860582 
1102 3860582 
1103 3860582 
1104 3860582 
1105 3860582 
1106 3860582 
1107 3860582 
1108 3860582 
1109 3860582 
1110 3860582 
1111 3860582 
1112 3860582 
1113 3860582 
1114 3860582 
1115 3860582 
1116 3860582 
1117 3860582 
1118 3860582 
1119 3860582 
1120 3860582 
1121 3860582 
1122 3860582 
1123 3860582 
1124 3860582 
1125 3860582 
1126 3860582 
1127 3860582 
1128 3860582 
1129 3860582 
1130 3860582 
1131 3860582 
1132 3860582 
1133 3860582 
1134 3860582 
1135 3860582 
1136 3860582 
1137 3860582 
1138 3860582 
1139 3860582 
1140 3860582 
1141 3860582 
1142 3860582 
1143 3860582 
1144 3860582 
1145 3860582 
1146 3860582 
1147 3860582 
1148 3860582 
1149 3860582 
1150 3860582 
1151 3860582 
1152 3860582 
1153 3860582 
1154 3860582 
1155 3860582 
1156 3860582 
1157 3860582 
1158 3860582 
1159 3860582 
1160 3860582 
1161 3860582 
1162 3860582 
1163 3860582 
1164 3860582 
1165 3860582 
1166 3860582 
1167 3860582 
1168 3860582 
1169 3860582 
1170 3860582 
1171 3860582 
1172 3860582 
1173 3860582 
1174 3860582 
1175 3860582 
1176 3860582 
1177 3860582 
1178 3860582 
1179 3860582 
1180 3860582 
1181 3860582 
1182 3860582 
1183 3860582 
1184 3860582 
1185 3860582 
1186 3860582 
1187 3860582 
1188 3860582 
1189 3860582 
1190 3860582 
1191 3860582 
1192 3860582 
1193 3860582 
1194 3860582 
1195 3860582 
1196 3860582 
1197 3860582 
1198 3860582 
1199 3860582 
1200 3860582 
1201 3860582 
1202 3860582 
1203 3860582 
1204 3860582 
1205 3860582 
1206 3860582 
1207 3860582 
1208 3860582 
1209 3860582 
1210 3860582 
1211 3860582 
1212 3860582 
1213 3860582 
1214 3860582 
1215 3860582 
1216 3860582 
1217 3860582 
1218 3860582 
1219 3860582 
1220 3860582 
1221 3860582 
1222 3860582 
1223 3860582 
1224 3860582 
1225 3860582 
1226 3860582 
1227 3860582 
1228 3860582 
1229 3860582 
1230 3860582 
1231 3860582 
1232 3860582 
1233 3860582 
1234 3860582 
1235 3860582 
1236 3860582 
1237 3860582 
1238 3860582 
1239 3860582 
1240 3860582 
1241 3860582 
1242 3860582 
1243 3860582 
1244 3860582 
1245 3860582 
1246 3860582 
1247 3860582 
1248 3860582 
1249 3860582 
1250 3860582 
1251 3860582 
1252 3860582 
1253 3860582 
1254 3860582 
1255 3860582 
1256 3860582 
1257 3860582 
1258 3860582 
1259 3860582 
1260 3860582 
1261 3860582 
1262 3860582 
1263 3860582 
1264 3860582 
1265 3860582 
1266 3860582 
1267 3860582 
1268 3860582 
1269 3860582 
1270 3860582 
1271 3860582 
1272 3860582 
1273 3860582 
1274 3860582 
1275 3860582 
1276 3860582 
1277 3860582 
1278 3860582 
1279 3860582 
1280 3860582 
1281 3860582 
1282 3860582 
1283 3860582 
1284 3860582 
1285 3860582 
1286 3860582 
1287 3860582 
1288 3860582 
1289 3860582 
1290 3860582 
1291 3860582 
1292 3860582 
1293 3860582 
1294 3860582 
1295 3860582 
1296 3860582 
1297 3860582 
1298 3860582 
1299 3860582 
1300 3860582 
1301 3860582 
1302 3860582 
1303 3860582 
1304 3860582 
1305 3860582 
1306 3860582 
1307 3860582 
1308 3860582 
1309 3860582 
1310 3860582 
1311 3860582 
1312 3860582 
1313 3860582 
1314 3860582 
1315 3860582 
1316 3860582 
1317 3860582 
1318 3860582 
1319 3860582 
1320 3860582 
1321 3860582 
1322 3860582 
1323 3860582 
1324 3860582 
1325 3860582 
1326 3860582 
1327 3860582 
1328 3860582 
1329 3860582 
1330 3860582 
1331 3860582 
1332 3860582 
1333 3860582 
1334 3860582 
1335 3860582 
1336 3860582 
1337 3860582 
1338 3860582 
1339 3860582 
1340 3860582 
1341 3860582 
1342 3860582 
1343 3860582 
1344 3860582 
1345 3860582 
1346 3860582 
1347 3860582 
1348 3860582 
1349 3860582 
1350 3860582 
1351 3860582 
1352 3860582 
1353 3860582 
1354 3860582 
1355 3860582 
1356 3860582 
1357 3860582 
1358 3860582 
1359 3860582 
1360 3860582 
1361 3860582 
1362 3860582 
1363 3860582 
1364 3860582 
1365 3860582 
1366 3860582 
1367 3860582 
1368 3860582 
1369 3860582 
1370 3860582 
1371 3860582 
1372 3860582 
1373 3860582 
1374 3860582 
1375 3860582 
1376 3860582 
1377 3860582 
1378 3860582 
1379 3860582 
1380 3860582 
1381 3860582 
1382 3860582 
1383 3860582 
1384 3860582 
1385 3860582 
1386 3860582 
1387 3860582 
1388 3860582 
1389 3860582 
1390 3860582 
1391 3860582 
1392 3860582 
1393 3860582 
1394 3860582 
1395 3860582 
1396 3860582 
1397 3860582 
1398 3860582 
1399 3860582 
1400 3860582 
1401 3860582 
1402 3860582 
1403 3860582 
1404 3860582 
1405 3860582 
1406 3860582 
1407 3860582 
1408 3860582 
1409 3860582 
1410 3860582 
1411 3860582 
1412 3860582 
1413 3860582 
1414 3860582 
1415 3860582 
1416 3860582 
1417 3860582 
1418 3860582 
1419 3860582 
1420 3860582 
1421 3860582 
1422 3860582 
1423 3860582 
1424 3860582 
1425 3860582 
1426 3860582 
1427 3860582 
1428 3860582 
1429 3860582 
1430 3860582 
1431 3860582 
1432 3860582 
1433 3860582 
1434 3860582 
1435 3860582 
1436 3860582 
1437 3860582 
1438 3860582 
1439 3860582 
1440 3860582 
1441 3860582 
1442 3860582 
1443 3860582 
1444 3860582 
1445 3860582 
1446 3860582 
1447 3860582 
1448 3860582 
1449 3860582 
1450 3860582 
1451 3860582 
1452 3860582 
1453 3860582 
1454 3860582 
1455 3860582 
1456 3860582 
1457 3860582 
1458 3860582 
1459 3860582 
1460 3860582 
1461 3860582 
1462 3860582 
1463 3860582 
1464 3860582 
1465 3860582 
1466 3860582 
1467 3860582 
1468 3860582 
1469 3860582 
1470 3860582 
1471 3860582 
1472 3860582 
1473 3860582 
1474 3860582 
1475 3860582 
1476 3860582 
1477 3860582 
1478 3860582 
1479 3860582 
1480 3860582 
1481 3860582 
1482 3860582 
1483 3860582 
1484 3860582 
1485 3860582 
1486 3860582 
1487 3860582 
1488 3860582 
1489 3860582 
1490 3860582 
1491 3860582 
1492 3860582 
1493 3860582 
1494 3860582 
1495 3860582 
1496 3860582 
1497 3860582 
1498 3860582 
1499 3860582 
1500 3860582 
1501 3860582 
1502 3860582 
1503 3860582 
1504 3860582 
1505 3860582 
1506 3860582 
1507 3860582 
1508 3860582 
1509 3860582 
1510 3860582 
1511 3860582 
1512 3860582 
1513 3860582 
1514 3860582 
1515 3860582 
1516 3860582 
1517 3860582 
1518 3860582 
1519 3860582 
1520 3860582 
1521 3860582 
1522 3860582 
1523 3860582 
1524 3860582 
1525 3860582 
1526 3860582 
1527 3860582 
1528 3860582 
1529 3860582 
1530 3860582 
1531 3860582 
1532 3860582 
1533 3860582 
1534 3860582 
1535 3860582 
1536 3860582 
1537 3860582 
1538 3860582 
1539 3860582 
1540 3860582 
1541 3860582 
1542 3860582 
1543 3860582 
1544 3860582 
1545 3860582 
1546 3860582 
1547 3860582 
1548 3860582 
1549 3860582 
1550 3860582 
1551 3860582 
1552 3860582 
1553 3860582 
1554 3860582 
1555 3860582 
1556 3860582 
1557 3860582 
1558 3860582 
1559 3860582 
1560 3860582 
1561 3860582 
1562 3860582 
1563 3860582 
1564 3860582 
1565 3860582 
1566 3860582 
1567 3860582 
1568 3860582 
1569 3860582 
1570 3860582 
1571 3860582 
1572 3860582 
1573 3860582 
1574 3860582 
1575 3860582 
1576 3860582 
1577 3860582 
1578 3860582 
1579 3860582 
1580 3860582 
1581 3860582 
1582 3860582 
1583 3860582 
1584 3860582 
1585 3860582 
1586 3860582 
1587 3860582 
1588 3860582 
1589 3860582 
1590 3860582 
1591 3860582 
1592 3860582 
1593 3860582 
1594 3860582 
1595 3860582 
1596 3860582 
1597 3860582 
1598 3860582 
1599 3860582 
1600 3860582 
1601 3860582 
1602 3860582 
1603 3860582 
1604 3860582 
1605 3860582 
1606 3860582 
1607 3860582 
1608 3860582 
1609 3860582 
1610 3860582 
1611 3860582 
1612 3860582 
1613 3860582 
1614 3860582 
1615 3860582 
1616 3860582 
1617 3860582 
1618 3860582 
1619 3860582 
1620 3860582 
1621 3860582 
1622 3860582 
1623 3860582 
1624 3860582 
1625 3860582 
1626 3860582 
1627 3860582 
1628 3860582 
1629 3860582 
1630 3860582 
1631 3860582 
1632 3860582 
1633 3860582 
1634 3860582 
1635 3860582 
1636 3860582 
1637 3860582 
1638 3860582 
1639 3860582 
1640 3860582 
1641 3860582 
1642 3860582 
1643 3860582 
1644 3860582 
1645 3860582 
1646 3860582 
1647 3860582 
1648 3860582 
1649 3860582 
1650 3860582 
1651 3860582 
1652 3860582 
1653 3860582 
1654 3860582 
1655 3860582 
1656 3860582 
1657 3860582 
1658 3860582 
1659 3860582 
1660 3860582 
1661 3860582 
1662 3860582 
1663 3860582 
1664 3860582 
1665 3860582 
1666 3860582 
1667 3860582 
1668 3860582 
1669 3860582 
1670 3860582 
1671 3860582 
1672 3860582 
1673 3860582 
1674 3860582 
1675 3860582 
1676 3860582 
1677 3860582 
1678 3860582 
1679 3860582 
1680 3860582 
1681 3860582 
1682 3860582 
1683 3860582 
1684 3860582 
1685 3860582 
1686 3860582 
1687 3860582 
1688 3860582 
1689 3860582 
1690 3860582 
1691 3860582 
1692 3860582 
1693 3860582 
1694 3860582 
1695 3860582 
1696 3860582 
1697 3860582 
1698 3860582 
1699 3860582 
1700 3860582 
1701 3860582 
1702 3860582 
1703 3860582 
1704 3860582 
1705 3860582 
1706 3860582 
1707 3860582 
1708 3860582 
1709 3860582 
1710 3860582 
1711 3860582 
1712 3860582 
1713 3860582 
1714 3860582 
1715 3860582 
1716 3860582 
1717 3860582 
1718 3860582 
1719 3860582 
1720 3860582 
1721 3860582 
1722 3860582 
1723 3860582 
1724 3860582 
1725 3860582 
1726 3860582 
1727 3860582 
1728 3860582 
1729 3860582 
1730 3860582 
1731 3860582 
1732 3860582 
1733 3860582 
1734 3860582 
1735 3860582 
1736 3860582 
1737 3860582 
1738 3860582 
1739 3860582 
1740 3860582 
1741 3860582 
1742 3860582 
1743 3860582 
1744 3860582 
1745 3860582 
1746 3860582 
1747 3860582 
1748 3860582 
1749 3860582 
1750 3860582 
1751 3860582 
1752 3860582 
1753 3860582 
1754 3860582 
1755 3860582 
1756 3860582 
1757 3860582 
1758 3860582 
1759 3860582 
1760 3860582 
1761 3860582 
1762 3860582 
1763 3860582 
1764 3860582 
1765 3860582 
1766 3860582 
1767 3860582 
1768 3860582 
1769 3860582 
1770 3860582 
1771 3860582 
1772 3860582 
1773 3860582 
1774 3860582 
1775 3860582 
1776 3860582 
1777 3860582 
1778 3860582 
1779 3860582 
1780 3860582 
1781 3860582 
1782 3860582 
1783 3860582 
1784 3860582 
1785 3860582 
1786 3860582 
1787 3860582 
1788 3860582 
1789 3860582 
1790 3860582 
1791 3860582 
1792 3860582 
1793 3860582 
1794 3860582 
1795 3860582 
1796 3860582 
1797 3860582 
1798 3860582 
1799 3860582 
1800 3860582 
1801 3860582 
1802 3860582 
1803 3860582 
1804 3860582 
1805 3860582 
1806 3860582 
1807 3860582 
1808 3860582 
1809 3860582 
1810 3860582 
1811 3860582 
1812 3860582 
1813 3860582 
1814 3860582 
1815 3860582 
1816 3860582 
1817 3860582 
1818 3860582 
1819 3860582 
1820 3860582 
1821 3860582 
1822 3860582 
1823 3860582 
1824 3860582 
1825 3860582 
1826 3860582 
1827 3860582 
1828 3860582 
1829 3860582 
1830 3860582 
1831 3860582 
1832 3860582 
1833 3860582 
1834 3860582 
1835 3860582 
1836 3860582 
1837 3860582 
1838 3860582 
1839 3860582 
1840 3860582 
1841 3860582 
1842 3860582 
1843 3860582 
1844 3860582 
1845 3860582 
1846 3860582 
1847 3860582 
1848 3860582 
1849 3860582 
1850 3860582 
1851 3860582 
1852 3860582 
1853 3860582 
1854 3860582 
1855 3860582 
1856 3860582 
1857 3860582 
1858 3860582 
1859 3860582 
1860 3860582 
1861 3860582 
1862 3860582 
1863 3860582 
1864 3860582 
1865 3860582 
1866 3860582 
1867 3860582 
1868 3860582 
1869 3860582 
1870 3860582 
1871 3860582 
1872 3860582 
1873 3860582 
1874 3860582 
1875 3860582 
1876 3860582 
1877 3860582 
1878 3860582 
1879 3860582 
1880 3860582 
1881 3860582 
1882 3860582 
1883 3860582 
1884 3860582 
1885 3860582 
1886 3860582 
1887 3860582 
1888 3860582 
1889 3860582 
1890 3860582 
1891 3860582 
1892 3860582 
1893 3860582 
1894 3860582 
1895 3860582 
1896 3860582 
1897 3860582 
1898 3860582 
1899 3860582 
1900 3860582 
1901 3860582 
1902 3860582 
1903 3860582 
1904 3860582 
1905 3860582 
1906 3860582 
1907 3860582 
1908 3860582 
1909 3860582 
1910 3860582 
1911 3860582 
1912 3860582 
1913 3860582 
1914 3860582 
1915 3860582 
1916 3860582 
1917 3860582 
1918 3860582 
1919 3860582 
1920 3860582 
1921 3860582 
1922 3860582 
1923 3860582 
1924 3860582 
1925 3860582 
1926 3860582 
1927 3860582 
1928 3860582 
1929 3860582 
1930 3860582 
1931 3860582 
1932 3860582 
1933 3860582 
1934 3860582 
1935 3860582 
1936 3860582 
1937 3860582 
1938 3860582 
1939 3860582 
1940 3860582 
1941 3860582 
1942 3860582 
1943 3860582 
1944 3860582 
1945 3860582 
1946 3860582 
1947 3860582 
1948 3860582 
1949 3860582 
1950 3860582 
1951 3860582 
1952 3860582 
1953 3860582 
1954 3860582 
1955 3860582 
1956 3860582 
1957 3860582 
1958 3860582 
1959 3860582 
1960 3860582 
1961 3860582 
1962 3860582 
1963 3860582 
1964 3860582 
1965 3860582 
1966 3860582 
1967 3860582 
1968 3860582 
1969 3860582 
1970 3860582 
1971 3860582 
1972 3860582 
1973 3860582 
1974 3860582 
1975 3860582 
1976 3860582 
1977 3860582 
1978 3860582 
1979 3860582 
1980 3860582 
1981 3860582 
1982 3860582 
1983 3860582 
1984 3860582 
1985 3860582 
1986 3860582 
1987 3860582 
1988 3860582 
1989 3860582 
1990 3860582 
1991 3860582 
1992 3860582 
1993 3860582 
1994 3860582 
1995 3860582 
1996 3860582 
1997 3860582 
1998 3860582 
1999 3860582 
2000 3860582 
2001 3860582 
2002 3860582 
2003 3860582 
2004 3860582 
2005 3860582 
2006 3860582 
2007 3860582 
2008 3860582 
2009 3860582 
2010 3860582 
2011 3860582 
2012 3860582 
2013 3860582 
2014 3860582 
2015 3860582 
2016 3860582 
2017 3860582 
2018 3860582 
2019 3860582 
2020 3860582 
2021 3860582 
2022 3860582 
2023 3860582 
2024 3860582 
2025 3860582 
2026 3860582 
2027 3860582 
2028 3860582 
2029 3860582 
2030 3860582 
2031 3860582 
2032 3860582 
2033 3860582 
2034 3860582 
2035 3860582 
2036 3860582 
2037 3860582 
2038 3860582 
2039 3860582 
2040 3860582 
2041 3860582 
2042 3860582 
2043 3860582 
2044 3860582 
2045 3860582 
2046 3860582 
2047 3860582 
2048 3860582 
2049 3860582 
2050 3860582 
2051 3860582 
2052 3860582 
2053 3860582 
2054 3860582 
2055 3860582 
2056 3860582 
2057 3860582 
2058 3860582 
2059 3860582 
2060 3860582 
2061 3860582 
2062 3860582 
2063 3860582 
2064 3860582 
2065 3860582 
2066 3860582 
2067 3860582 
2068 3860582 
2069 3860582 
2070 3860582 
2071 3860582 
2072 3860582 
2073 3860582 
2074 3860582 
2075 3860582 
2076 3860582 
2077 3860582 
2078 3860582 
2079 3860582 
2080 3860582 
2081 3860582 
2082 3860582 
2083 3860582 
2084 3860582 
2085 3860582 
2086 3860582 
2087 3860582 
2088 3860582 
2089 3860582 
2090 3860582 
2091 3860582 
2092 3860582 
2093 3860582 
2094 3860582 
2095 3860582 
2096 3860582 
2097 3860582 
2098 3860582 
2099 3860582 
2100 3860582 
2101 3860582 
2102 3860582 
2103 3860582 
2104 3860582 
2105 3860582 
2106 3860582 
2107 3860582 
2108 3860582 
2109 3860582 
2110 3860582 
2111 3860582 
2112 3860582 
2113 3860582 
2114 3860582 
2115 3860582 
2116 3860582 
2117 3860582 
2118 3860582 
2119 3860582 
2120 3860582 
2121 3860582 
2122 3860582 
2123 3860582 
2124 3860582 
2125 3860582 
2126 3860582 
2127 3860582 
2128 3860582 
2129 3860582 
2130 3860582 
2131 3860582 
2132 3860582 
2133 3860582 
2134 3860582 
2135 3860582 
2136 3860582 
2137 3860582 
2138 3860582 
2139 3860582 
2140 3860582 
2141 3860582 
2142 3860582 
2143 3860582 
2144 3860582 
2145 3860582 
2146 3860582 
2147 3860582 
2148 3860582 
2149 3860582 
2150 3860582 
2151 3860582 
2152 3860582 
2153 3860582 
2154 3860582 
2155 3860582 
2156 3860582 
2157 3860582 
2158 3860582 
2159 3860582 
2160 3860582 
2161 3860582 
2162 3860582 
2163 3860582 
2164 3860582 
2165 3860582 
2166 3860582 
2167 3860582 
2168 3860582 
2169 3860582 
2170 3860582 
2171 3860582 
2172 3860582 
2173 3860582 
2174 3860582 
2175 3860582 
2176 3860582 
2177 3860582 
2178 3860582 
2179 3860582 
2180 3860582 
2181 3860582 
2182 3860582 
2183 3860582 
2184 3860582 
2185 3860582 
2186 3860582 
2187 3860582 
2188 3860582 
2189 3860582 
2190 3860582 
2191 3860582 
2192 3860582 
2193 3860582 
2194 3860582 
2195 3860582 
2196 3860582 
2197 3860582 
2198 3860582 
2199 3860582 
2200 3860582 
2201 3860582 
2202 3860582 
2203 3860582 
2204 3860582 
2205 3860582 
2206 3860582 
2207 3860582 
2208 3860582 
2209 3860582 
2210 3860582 
2211 3860582 
2212 3860582 
2213 3860582 
2214 3860582 
2215 3860582 
2216 3860582 
2217 3860582 
2218 3860582 
2219 3860582 
2220 3860582 
2221 3860582 
2222 3860582 
2223 3860582 
2224 3860582 
2225 3860582 
2226 3860582 
2227 3860582 
2228 3860582 
2229 3860582 
2230 3860582 
2231 3860582 
2232 3860582 
2233 3860582 
2234 3860582 
2235 3860582 
2236 3860582 
2237 3860582 
2238 3860582 
2239 3860582 
2240 3860582 
2241 3860582 
2242 3860582 
2243 3860582 
2244 3860582 
2245 3860582 
2246 3860582 
2247 3860582 
2248 3860582 
2249 3860582 
2250 3860582 
2251 3860582 
2252 3860582 
2253 3860582 
2254 3860582 
2255 3860582 
2256 3860582 
2257 3860582 
2258 3860582 
2259 3860582 
2260 3860582 
2261 3860582 
2262 3860582 
2263 3860582 
2264 3860582 
2265 3860582 
2266 3860582 
2267 3860582 
2268 3860582 
2269 3860582 
2270 3860582 
2271 3860582 
2272 3860582 
2273 3860582 
2274 3860582 
2275 3860582 
2276 3860582 
2277 3860582 
2278 3860582 
2279 3860582 
2280 3860582 
2281 3860582 
2282 3860582 
2283 3860582 
2284 3860582 
2285 3860582 
2286 3860582 
2287 3860582 
2288 3860582 
2289 3860582 
2290 3860582 
2291 3860582 
2292 3860582 
2293 3860582 
2294 3860582 
2295 3860582 
2296 3860582 
2297 3860582 
2298 3860582 
2299 3860582 
2300 3860582 
2301 3860582 
2302 3860582 
2303 3860582 
2304 3860582 
2305 3860582 
2306 3860582 
2307 3860582 
2308 3860582 
2309 3860582 
2310 3860582 
2311 3860582 
2312 3860582 
2313 3860582 
2314 3860582 
2315 3860582 
2316 3860582 
2317 3860582 
2318 3860582 
2319 3860582 
2320 3860582 
2321 3860582 
2322 3860582 
2323 3860582 
2324 3860582 
2325 3860582 
2326 3860582 
2327 3860582 
2328 3860582 
2329 3860582 
2330 3860582 
2331 3860582 
2332 3860582 
2333 3860582 
2334 3860582 
2335 3860582 
2336 3860582 
2337 3860582 
2338 3860582 
2339 3860582 
2340 3860582 
2341 3860582 
2342 3860582 
2343 3860582 
2344 3860582 
2345 3860582 
2346 3860582 
2347 3860582 
2348 3860582 
2349 3860582 
2350 3860582 
2351 3860582 
2352 3860582 
2353 3860582 
2354 3860582 
2355 3860582 
2356 3860582 
2357 3860582 
2358 3860582 
2359 3860582 
2360 3860582 
2361 3860582 
2362 3860582 
2363 3860582 
2364 3860582 
2365 3860582 
2366 3860582 
2367 3860582 
2368 3860582 
2369 3860582 
2370 3860582 
2371 3860582 
2372 3860582 
2373 3860582 
2374 3860582 
2375 3860582 
2376 3860582 
2377 3860582 
2378 3860582 
2379 3860582 
2380 3860582 
2381 3860582 
2382 3860582 
2383 3860582 
2384 3860582 
2385 3860582 
2386 3860582 
2387 3860582 
2388 3860582 
2389 3860582 
2390 3860582 
2391 3860582 
2392 3860582 
2393 3860582 
2394 3860582 
2395 3860582 
2396 3860582 
2397 3860582 
2398 3860582 
2399 3860582 
2400 3860582 
2401 3860582 
2402 3860582 
2403 3860582 
2404 3860582 
2405 3860582 
2406 3860582 
2407 3860582 
2408 3860582 
2409 3860582 
2410 3860582 
2411 3860582 
2412 3860582 
2413 3860582 
2414 3860582 
2415 3860582 
2416 3860582 
2417 3860582 
2418 3860582 
2419 3860582 
2420 3860582 
2421 3860582 
2422 3860582 
2423 3860582 
2424 3860582 
2425 3860582 
2426 3860582 
2427 3860582 
2428 3860582 
2429 3860582 
2430 3860582 
2431 3860582 
2432 3860582 
2433 3860582 
2434 3860582 
2435 3860582 
2436 3860582 
2437 3860582 
2438 3860582 
2439 3860582 
2440 3860582 
2441 3860582 
2442 3860582 
2443 3860582 
2444 3860582 
2445 3860582 
2446 3860582 
2447 3860582 
2448 3860582 
2449 3860582 
2450 3860582 
2451 3860582 
2452 3860582 
2453 3860582 
2454 3860582 
2455 3860582 
2456 3860582 
2457 3860582 
2458 3860582 
2459 3860582 
2460 3860582 
2461 3860582 
2462 3860582 
2463 3860582 
2464 3860582 
2465 3860582 
2466 3860582 
2467 3860582 
2468 3860582 
2469 3860582 
2470 3860582 
2471 3860582 
2472 3860582 
2473 3860582 
2474 3860582 
2475 3860582 
2476 3860582 
2477 3860582 
2478 3860582 
2479 3860582 
2480 3860582 
2481 3860582 
2482 3860582 
2483 3860582 
2484 3860582 
2485 3860582 
2486 3860582 
2487 3860582 
2488 3860582 
2489 3860582 
2490 3860582 
2491 3860582 
2492 3860582 
2493 3860582 
2494 3860582 
2495 3860582 
2496 3860582 
2497 3860582 
2498 3860582 
2499 3860582 
2500 3860582 
2501 3860582 
2502 3860582 
2503 3860582 
2504 3860582 
2505 3860582 
2506 3860582 
2507 3860582 
2508 3860582 
2509 3860582 
2510 3860582 
2511 3860582 
2512 3860582 
2513 3860582 
2514 3860582 
2515 3860582 
2516 3860582 
2517 3860582 
2518 3860582 
2519 3860582 
2520 3860582 
2521 3860582 
2522 3860582 
2523 3860582 
2524 3860582 
2525 3860582 
2526 3860582 
2527 3860582 
2528 3860582 
2529 3860582 
2530 3860582 
2531 3860582 
2532 3860582 
2533 3860582 
2534 3860582 
2535 3860582 
2536 3860582 
2537 3860582 
2538 3860582 
2539 3860582 
2540 3860582 
2541 3860582 
2542 3860582 
2543 3860582 
2544 3860582 
2545 3860582 
2546 3860582 
2547 3860582 
2548 3860582 
2549 3860582 
2550 3860582 
2551 3860582 
2552 3860582 
2553 3860582 
2554 3860582 
2555 3860582 
2556 3860582 
2557 3860582 
2558 3860582 
2559 3860582 
2560 3860582 
2561 3860582 
2562 3860582 
2563 3860582 
2564 3860582 
2565 3860582 
2566 3860582 
2567 3860582 
2568 3860582 
2569 3860582 
2570 3860582 
2571 3860582 
2572 3860582 
2573 3860582 
2574 3860582 
2575 3860582 
2576 3860582 
2577 3860582 
2578 3860582 
2579 3860582 
2580 3860582 
2581 3860582 
2582 3860582 
2583 3860582 
2584 3860582 
2585 3860582 
2586 3860582 
2587 3860582 
2588 3860582 
2589 3860582 
2590 3860582 
2591 3860582 
2592 3860582 
2593 3860582 
2594 3860582 
2595 3860582 
2596 3860582 
2597 3860582 
2598 3860582 
2599 3860582 
2600 3860582 
2601 3860582 
2602 3860582 
2603 3860582 
2604 3860582 
2605 3860582 
2606 3860582 
2607 3860582 
2608 3860582 
2609 3860582 
2610 3860582 
2611 3860582 
2612 3860582 
2613 3860582 
2614 3860582 
2615 3860582 
2616 3860582 
2617 3860582 
2618 3860582 
2619 3860582 
2620 3860582 
2621 3860582 
2622 3860582 
2623 3860582 
2624 3860582 
2625 3860582 
2626 3860582 
2627 3860582 
2628 3860582 
2629 3860582 
2630 3860582 
2631 3860582 
2632 3860582 
2633 3860582 
2634 3860582 
2635 3860582 
2636 3860582 
2637 3860582 
2638 3860582 
2639 3860582 
2640 3860582 
2641 3860582 
2642 3860582 
2643 3860582 
2644 3860582 
2645 3860582 
2646 3860582 
2647 3860582 
2648 3860582 
2649 3860582 
2650 3860582 
2651 3860582 
2652 3860582 
2653 3860582 
2654 3860582 
2655 3860582 
2656 3860582 
2657 3860582 
2658 3860582 
2659 3860582 
2660 3860582 
2661 3860582 
2662 3860582 
2663 3860582 
2664 3860582 
2665 3860582 
2666 3860582 
2667 3860582 
2668 3860582 
2669 3860582 
2670 3860582 
2671 3860582 
2672 3860582 
2673 3860582 
2674 3860582 
2675 3860582 
2676 3860582 
2677 3860582 
2678 3860582 
2679 3860582 
2680 3860582 
2681 3860582 
2682 3860582 
2683 3860582 
2684 3860582 
2685 3860582 
2686 3860582 
2687 3860582 
2688 3860582 
2689 3860582 
2690 3860582 
2691 3860582 
2692 3860582 
2693 3860582 
2694 3860582 
2695 3860582 
2696 3860582 
2697 3860582 
2698 3860582 
2699 3860582 
2700 3860582 
2701 3860582 
2702 3860582 
2703 3860582 
2704 3860582 
2705 3860582 
2706 3860582 
2707 3860582 
2708 3860582 
2709 3860582 
2710 3860582 
2711 3860582 
2712 3860582 
2713 3860582 
2714 3860582 
2715 3860582 
2716 3860582 
2717 3860582 
2718 3860582 
2719 3860582 
2720 3860582 
2721 3860582 
2722 3860582 
2723 3860582 
2724 3860582 
2725 3860582 
2726 3860582 
2727 3860582 
2728 3860582 
2729 3860582 
2730 3860582 
2731 3860582 
2732 3860582 
2733 3860582 
2734 3860582 
2735 3860582 
2736 3860582 
2737 3860582 
2738 3860582 
2739 3860582 
2740 3860582 
2741 3860582 
2742 3860582 
2743 3860582 
2744 3860582 
2745 3860582 
2746 3860582 
2747 3860582 
2748 3860582 
2749 3860582 
2750 3860582 
2751 3860582 
2752 3860582 
2753 3860582 
2754 3860582 
2755 3860582 
2756 3860582 
2757 3860582 
2758 3860582 
2759 3860582 
2760 3860582 
2761 3860582 
2762 3860582 
2763 3860582 
2764 3860582 
2765 3860582 
2766 3860582 
2767 3860582 
2768 3860582 
2769 3860582 
2770 3860582 
2771 3860582 
2772 3860582 
2773 3860582 
2774 3860582 
2775 3860582 
2776 3860582 
2777 3860582 
2778 3860582 
2779 3860582 
2780 3860582 
2781 3860582 
2782 3860582 
2783 3860582 
2784 3860582 
2785 3860582 
2786 3860582 
2787 3860582 
2788 3860582 
2789 3860582 
2790 3860582 
2791 3860582 
2792 3860582 
2793 3860582 
2794 3860582 
2795 3860582 
2796 3860582 
2797 3860582 
2798 3860582 
2799 3860582 
2800 3860582 
2801 3860582 
2802 3860582 
2803 3860582 
2804 3860582 
2805 3860582 
2806 3860582 
2807 3860582 
2808 3860582 
2809 3860582 
2810 3860582 
2811 3860582 
2812 3860582 
2813 3860582 
2814 3860582 
2815 3860582 
2816 3860582 
2817 3860582 
2818 3860582 
2819 3860582 
2820 3860582 
2821 3860582 
2822 3860582 
2823 3860582 
2824 3860582 
2825 3860582 
2826 3860582 
2827 3860582 
2828 3860582 
2829 3860582 
2830 3860582 
2831 3860582 
2832 3860582 
2833 3860582 
2834 3860582 
2835 3860582 
2836 3860582 
2837 3860582 
2838 3860582 
2839 3860582 
2840 3860582 
2841 3860582 
2842 3860582 
2843 3860582 
2844 3860582 
2845 3860582 
2846 3860582 
2847 3860582 
2848 3860582 
2849 3860582 
2850 3860582 
2851 3860582 
2852 3860582 
2853 3860582 
2854 3860582 
2855 3860582 
2856 3860582 
2857 3860582 
2858 3860582 
2859 3860582 
2860 3860582 
2861 3860582 
2862 3860582 
2863 3860582 
2864 3860582 
2865 3860582 
2866 3860582 
2867 3860582 
2868 3860582 
2869 3860582 
2870 3860582 
2871 3860582 
2872 3860582 
2873 3860582 
2874 3860582 
2875 3860582 
2876 3860582 
2877 3860582 
2878 3860582 
2879 3860582 
2880 3860582 
2881 3860582 
2882 3860582 
2883 3860582 
2884 3860582 
2885 3860582 
2886 3860582 
2887 3860582 
2888 3860582 
2889 3860582 
2890 3860582 
2891 3860582 
2892 3860582 
2893 3860582 
2894 3860582 
2895 3860582 
2896 3860582 
2897 3860582 
2898 3860582 
2899 3860582 
2900 3860582 
2901 3860582 
2902 3860582 
2903 3860582 
2904 3860582 
2905 3860582 
2906 3860582 
2907 3860582 
2908 3860582 
2909 3860582 
2910 3860582 
2911 3860582 
2912 3860582 
2913 3860582 
2914 3860582 
2915 3860582 
2916 3860582 
2917 3860582 
2918 3860582 
2919 3860582 
2920 3860582 
2921 3860582 
2922 3860582 
2923 3860582 
2924 3860582 
2925 3860582 
2926 3860582 
2927 3860582 
2928 3860582 
2929 3860582 
2930 3860582 
2931 3860582 
2932 3860582 
2933 3860582 
2934 3860582 
2935 3860582 
2936 3860582 
2937 3860582 
2938 3860582 
2939 3860582 
2940 3860582 
2941 3860582 
2942 3860582 
2943 3860582 
2944 3860582 
2945 3860582 
2946 3860582 
2947 3860582 
2948 3860582 
2949 3860582 
2950 3860582 
2951 3860582 
2952 3860582 
2953 3860582 
2954 3860582 
2955 3860582 
2956 3860582 
2957 3860582 
2958 3860582 
2959 3860582 
2960 3860582 
2961 3860582 
2962 3860582 
2963 3860582 
2964 3860582 
2965 3860582 
2966 3860582 
2967 3860582 
2968 3860582 
2969 3860582 
2970 3860582 
2971 3860582 
2972 3860582 
2973 3860582 
2974 3860582 
2975 3860582 
2976 3860582 
2977 3860582 
2978 3860582 
2979 3860582 
2980 3860582 
2981 3860582 
2982 3860582 
2983 3860582 
2984 3860582 
2985 3860582 
2986 3860582 
2987 3860582 
2988 3860582 
2989 3860582 
2990 3860582 
2991 3860582 
2992 3860582 
2993 3860582 
2994 3860582 
2995 3860582 
2996 3860582 
2997 3860582 
2998 3860582 
2999 3860582 
3000 3860582 
3001 3860582 
3002 3860582 
3003 3860582 
3004 3860582 
3005 3860582 
3006 3860582 
3007 3860582 
3008 3860582 
3009 3860582 
3010 3860582 
3011 3860582 
3012 3860582 
3013 3860582 
3014 3860582 
3015 3860582 
3016 3860582 
3017 3860582 
3018 3860582 
3019 3860582 
3020 3860582 
3021 3860582 
3022 3860582 
3023 3860582 
3024 3860582 
3025 3860582 
3026 3860582 

