0 7976907 
1 7939169 
2 7937630 
3 7932559 
4 7918685 
5 7917749 
6 7915565 
7 7913675 
8 7913626 
9 7912160 
10 7907415 
11 7890931 
12 7886451 
13 7885580 
14 7885153 
15 7884845 
16 7883194 
17 7882963 
18 7880870 
19 7880814 
20 7880246 
21 7880211 
22 7874446 
23 7874349 
24 7874206 
25 7874193 
26 7868005 
27 7867550 
28 7867123 
29 7863652 
30 7863554 
31 7857838 
32 7857451 
33 7827459 
34 7825119 
35 7816601 
36 7816546 
37 7814947 
38 7814937 
39 7814768 
40 7814747 
41 7814673 
42 7798137 
43 7798130 
44 7797124 
45 7794386 
46 7794365 
47 7788379 
48 7788365 
49 7788218 
50 7788204 
51 7788162 
52 7788127 
53 7784100 
54 7784037 
55 7782795 
56 7780168 
57 7777522 
58 7776530 
59 7759877 
60 7754832 
61 7752516 
62 7752460 
63 7752460 
64 7750817 
65 7748919 
66 7745461 
67 7739210 
68 7737403 
69 7734803 
70 7734673 
71 7734608 
72 7733222 
73 7733182 
74 7728666 
75 7721971 
76 7721724 
77 7719481 
78 7710830 
79 7710336 
80 7708668 
81 7698260 
82 7687960 
83 7685470 
84 7685271 
85 7684708 
86 7684350 
87 7684301 
88 7682895 
89 7682648 
90 7672850 
91 7672516 
92 7667582 
93 7667482 
94 7666712 
95 7666348 
96 7664979 
97 7654272 
98 7653258 
99 7640232 
100 7640031 
101 7639994 
102 7638984 
103 7633303 
104 7633303 
105 7633030 
106 7632044 
107 7631905 
108 7626082 
109 7625988 
110 7625974 
111 7625883 
112 7625883 
113 7624991 
114 7624975 
115 7622351 
116 7622337 
117 7622181 
118 7621844 
119 7621730 
120 7621028 
121 7620722 
122 7620666 
123 7619823 
124 7618405 
125 7618327 
126 7617939 
127 7614104 
128 7614021 
129 7613725 
130 7613704 
131 7613210 
132 7612443 
133 7610819 
134 7601465 
135 7601380 
136 7572559 
137 7534547 
138 7534235 
139 7532386 
140 7532380 
141 7532167 
142 7531886 
143 7531886 
144 7531785 
145 7529746 
146 7529746 
147 7521188 
148 7519724 
149 7512316 
150 7509417 
151 7509324 
152 7509318 
153 7509298 
154 7507865 
155 7505414 
156 7502187 
157 7502187 
158 7495671 
159 7493207 
160 7487253 
161 7485601 
162 7482703 
163 7482633 
164 7482304 
165 7478041 
166 7468164 
167 7468164 
168 7467226 
169 7467184 
170 7459904 
171 7459820 
172 7459820 
173 7459657 
174 7459006 
175 7451011 
176 7451011 
177 7450851 
178 7446683 
179 7446025 
180 7441874 
181 7441846 
182 7441748 
183 7430906 
184 7426733 
185 7413824 
186 7413796 
187 7413692 
188 7413623 
189 7413617 
190 7397442 
191 7397435 
192 7397427 
193 7396537 
194 7396461 
195 7395135 
196 7392071 
197 7391434 
198 7390347 
199 7390242 
200 7389952 
201 7385348 
202 7381496 
203 7381457 
204 7380968 
205 7380513 
206 7380488 
207 7380256 
208 7380241 
209 7380037 
210 7380037 
211 7373130 
212 7369735 
213 7369630 
214 7369623 
215 7368640 
216 7321887 
217 7321817 
218 7320669 
219 7319577 
220 7319291 
221 7319266 
222 7318100 
223 7318039 
224 7304412 
225 7302111 
226 7302058 
227 7301726 
228 7300674 
229 7299132 
230 7299017 
231 7296034 
232 7290481 
233 7289727 
234 7289159 
235 7289016 
236 7288889 
237 7287475 
238 7287363 
239 7287363 
240 7287205 
241 7287098 
242 7287074 
243 7286507 
244 7286457 
245 7286444 
246 7277330 
247 7276667 
248 7276660 
249 7276590 
250 7276558 
251 7276026 
252 7275921 
253 7275839 
254 7275779 
255 7275557 
256 7275149 
257 7274808 
258 7274787 
259 7274738 
260 7274738 
261 7273904 
262 7273631 
263 7273275 
264 7272429 
265 7272429 
266 7258934 
267 7257312 
268 7257250 
269 7256914 
270 7255393 
271 7254294 
272 7254294 
273 7253831 
274 7253831 
275 7248502 
276 7244069 
277 7243835 
278 7243835 
279 7239557 
280 7235124 
281 7235110 
282 7234947 
283 7234215 
284 7234208 
285 7233928 
286 7233777 
287 7233777 
288 7233118 
289 7233073 
290 7233010 
291 7233010 
292 7232997 
293 7232833 
294 7232831 
295 7232751 
296 7222528 
297 7222255 
298 7222032 
299 7222032 
300 7221864 
301 7221833 
302 7220873 
303 7220850 
304 7220475 
305 7220280 
306 7218730 
307 7217468 
308 7217404 
309 7207810 
310 7207303 
311 7206643 
312 7198687 
313 7198645 
314 7198435 
315 7198435 
316 7198358 
317 7198029 
318 7198001 
319 7198001 
320 7197462 
321 7197163 
322 7197163 
323 7184488 
324 7184481 
325 7184453 
326 7184292 
327 7182445 
328 7178727 
329 7178727 
330 7178720 
331 7178720 
332 7178713 
333 7169300 
334 7169251 
335 7167236 
336 7166807 
337 7166739 
338 7165850 
339 7165787 
340 7165626 
341 7165248 
342 7165185 
343 7165101 
344 7164009 
345 7164002 
346 7163939 
347 7163939 
348 7162951 
349 7162944 
350 7161441 
351 7161343 
352 7161336 
353 7161310 
354 7161265 
355 7161258 
356 7161258 
357 7160300 
358 7160091 
359 7159100 
360 7159100 
361 7145055 
362 7145055 
363 7144876 
364 7144801 
365 7144220 
366 7143896 
367 7143390 
368 7142412 
369 7142291 
370 7138902 
371 7138902 
372 7137511 
373 7137381 
374 7136256 
375 7135999 
376 7134156 
377 7134156 
378 7134044 
379 7134044 
380 7134044 
381 7133793 
382 7133793 
383 7133779 
384 7133779 
385 7133610 
386 7133402 
387 7133296 
388 7132200 
389 7131892 
390 7131245 
391 7130428 
392 7130272 
393 7130272 
394 7130209 
395 7130209 
396 7130209 
397 7130167 
398 7130132 
399 7129071 
400 7121640 
401 7121608 
402 7121608 
403 7120927 
404 7120906 
405 7120636 
406 7104423 
407 7104423 
408 7104122 
409 7104073 
410 7104073 
411 7104054 
412 7104040 
413 7104040 
414 7102988 
415 7102981 
416 7102981 
417 7102948 
418 7101876 
419 7101750 
420 7101750 
421 7101715 
422 7101396 
423 7101202 
424 7101181 
425 7100873 
426 7100873 
427 7100873 
428 7100873 
429 7100873 
430 7100808 
431 7100738 
432 7100610 
433 7100610 
434 7100610 
435 7100610 
436 7100582 
437 7100568 
438 7100568 
439 7100568 
440 7100038 
441 7100038 
442 7100038 
443 7100024 
444 7099989 
445 7099989 
446 7099989 
447 7099989 
448 7099968 
449 7099884 
450 7099884 
451 7099884 
452 7099884 
453 7099797 
454 7099797 
455 7099797 
456 7099797 
457 7099797 
458 7099762 
459 7099755 
460 7099755 
461 7099755 
462 7099755 
463 7099755 
464 7099755 
465 7099755 
466 7099755 
467 7099755 
468 7099755 
469 7099755 
470 7099755 
471 7099755 
472 7099755 
473 7099755 
474 7099755 
475 7099755 
476 7099755 
477 7099755 
478 7099755 
479 7099755 
480 7099755 
481 7099755 
482 7099755 
483 7099755 
484 7099755 
485 7099755 
486 7099755 
487 7099755 
488 7099755 
489 7099755 
490 7099755 
491 7099755 
492 7099755 
493 7099755 
494 7099755 
495 7099755 
496 7099755 
497 7099755 
498 7099755 
499 7099755 
500 7099755 
501 7099755 
502 7099755 
503 7099755 
504 7099755 
505 7099755 
506 7099755 
507 7099755 
508 7099755 
509 7099755 
510 7099755 
511 7099755 
512 7099755 
513 7099755 
514 7099755 
515 7099755 
516 7099755 
517 7099755 
518 7099755 
519 7099755 
520 7099755 
521 7099755 
522 7099755 
523 7099755 
524 7099755 
525 7099755 
526 7099755 
527 7099755 
528 7099755 
529 7099755 
530 7099755 
531 7099755 
532 7099755 
533 7099755 
534 7099755 
535 7099755 
536 7099755 
537 7099755 
538 7099755 
539 7099755 
540 7099755 
541 7099755 
542 7099755 
543 7099755 
544 7099755 
545 7099755 
546 7099755 
547 7099755 
548 7099755 
549 7099755 
550 7099755 
551 7099755 
552 7099755 
553 7099755 
554 7099755 
555 7099755 
556 7099755 
557 7099755 
558 7099755 
559 7099755 
560 7099755 
561 7099755 
562 7099755 
563 7099755 
564 7099755 
565 7099755 
566 7099755 
567 7099755 
568 7099755 
569 7099755 
570 7099755 
571 7099755 
572 7099755 
573 7099755 
574 7099755 
575 7099755 
576 7099755 
577 7099755 
578 7099755 
579 7099755 
580 7099755 
581 7099755 
582 7099755 
583 7099755 
584 7099755 
585 7099755 
586 7099755 
587 7099755 
588 7099755 
589 7099755 
590 7099755 
591 7099755 
592 7099755 
593 7099755 
594 7099755 
595 7099755 
596 7099755 
597 7099755 
598 7099755 
599 7099755 
600 7099755 
601 7099755 
602 7099755 
603 7099755 
604 7099755 
605 7099755 
606 7099755 
607 7099755 
608 7099755 
609 7099755 
610 7099755 
611 7099755 
612 7099755 
613 7099755 
614 7099755 
615 7099755 
616 7099755 
617 7099755 
618 7099755 
619 7099755 
620 7099755 
621 7099755 
622 7099755 
623 7099755 
624 7099755 
625 7099755 
626 7099755 
627 7099755 
628 7099755 
629 7099755 
630 7099755 
631 7099755 
632 7099755 
633 7099755 
634 7099755 
635 7099755 
636 7099755 
637 7099755 
638 7099755 
639 7099755 
640 7099755 
641 7099755 
642 7099755 
643 7099755 
644 7099755 
645 7099755 
646 7099755 
647 7099755 
648 7099755 
649 7099755 
650 7099755 
651 7099755 
652 7099755 
653 7099755 
654 7099755 
655 7099755 
656 7099755 
657 7099755 
658 7099755 
659 7099755 
660 7099755 
661 7099755 
662 7099755 
663 7099755 
664 7099755 
665 7099755 
666 7099755 
667 7099755 
668 7099755 
669 7099755 
670 7099755 
671 7099755 
672 7099755 
673 7099755 
674 7099755 
675 7099755 
676 7099755 
677 7099755 
678 7099755 
679 7099755 
680 7099755 
681 7099755 
682 7099755 
683 7099755 
684 7099755 
685 7099755 
686 7099755 
687 7099755 
688 7099755 
689 7099755 
690 7099755 
691 7099755 
692 7099755 
693 7099755 
694 7099755 
695 7099755 
696 7099755 
697 7099755 
698 7099755 
699 7099755 
700 7099755 
701 7099755 
702 7099755 
703 7099755 
704 7099755 
705 7099755 
706 7099755 
707 7099755 
708 7099755 
709 7099755 
710 7099755 
711 7099755 
712 7099755 
713 7099755 
714 7099755 
715 7099755 
716 7099755 
717 7099755 
718 7099755 
719 7099755 
720 7099755 
721 7099755 
722 7099755 
723 7099755 
724 7099755 
725 7099755 
726 7099755 
727 7099755 
728 7099755 
729 7099755 
730 7099755 
731 7099755 
732 7099755 
733 7099755 
734 7099755 
735 7099755 
736 7099755 
737 7099755 
738 7099755 
739 7099755 
740 7099755 
741 7099755 
742 7099755 
743 7099755 
744 7099755 
745 7099755 
746 7099755 
747 7099755 
748 7099755 
749 7099755 
750 7099755 
751 7099755 
752 7099755 
753 7099755 
754 7099755 
755 7099755 
756 7099755 
757 7099755 
758 7099755 
759 7099755 
760 7099755 
761 7099755 
762 7099755 
763 7099755 
764 7099755 
765 7099755 
766 7099755 
767 7099755 
768 7099755 
769 7099755 
770 7099755 
771 7099755 
772 7099755 
773 7099755 
774 7099755 
775 7099755 
776 7099755 
777 7099755 
778 7099755 
779 7099755 
780 7099755 
781 7099755 
782 7099755 
783 7099755 
784 7099755 
785 7099755 
786 7099755 
787 7099755 
788 7099755 
789 7099755 
790 7099755 
791 7099755 
792 7099755 
793 7099755 
794 7099755 
795 7099755 
796 7099755 
797 7099755 
798 7099755 
799 7099755 
800 7099755 
801 7099755 
802 7099755 
803 7099755 
804 7099755 
805 7099755 
806 7099755 
807 7099755 
808 7099755 
809 7099755 
810 7099755 
811 7099755 
812 7099755 
813 7099755 
814 7099755 
815 7099755 
816 7099755 
817 7099755 
818 7099755 
819 7099755 
820 7099755 
821 7099755 
822 7099755 
823 7099755 
824 7099755 
825 7099755 
826 7099755 
827 7099755 
828 7099755 
829 7099755 
830 7099755 
831 7099755 
832 7099755 
833 7099755 
834 7099755 
835 7099755 
836 7099755 
837 7099755 
838 7099755 
839 7099755 
840 7099755 
841 7099755 
842 7099755 
843 7099755 
844 7099755 
845 7099755 
846 7099755 
847 7099755 
848 7099755 
849 7099755 
850 7099755 
851 7099755 
852 7099755 
853 7099755 
854 7099755 
855 7099755 
856 7099755 
857 7099755 
858 7099755 
859 7099755 
860 7099755 
861 7099755 
862 7099755 
863 7099755 
864 7099755 
865 7099755 
866 7099755 
867 7099755 
868 7099755 
869 7099755 
870 7099755 
871 7099755 
872 7099755 
873 7099755 
874 7099755 
875 7099755 
876 7099755 
877 7099755 
878 7099755 
879 7099755 
880 7099755 
881 7099755 
882 7099755 
883 7099755 
884 7099755 
885 7099755 
886 7099755 
887 7099755 
888 7099755 
889 7099755 
890 7099755 
891 7099755 
892 7099755 
893 7099755 
894 7099755 
895 7099755 
896 7099755 
897 7099755 
898 7099755 
899 7099755 
900 7099755 
901 7099755 
902 7099755 
903 7099755 
904 7099755 
905 7099755 
906 7099755 
907 7099755 
908 7099755 
909 7099755 
910 7099755 
911 7099755 
912 7099755 
913 7099755 
914 7099755 
915 7099755 
916 7099755 
917 7099755 
918 7099755 
919 7099755 
920 7099755 
921 7099755 
922 7099755 
923 7099755 
924 7099755 
925 7099755 
926 7099755 
927 7099755 
928 7099755 
929 7099755 
930 7099755 
931 7099755 
932 7099755 
933 7099755 
934 7099755 
935 7099755 
936 7099755 
937 7099755 
938 7099755 
939 7099755 
940 7099755 
941 7099755 
942 7099755 
943 7099755 
944 7099755 
945 7099755 
946 7099755 
947 7099755 
948 7099755 
949 7099755 
950 7099755 
951 7099755 
952 7099755 
953 7099755 
954 7099755 
955 7099755 
956 7099755 
957 7099755 
958 7099755 
959 7099755 
960 7099755 
961 7099755 
962 7099755 
963 7099755 
964 7099755 
965 7099755 
966 7099755 
967 7099755 
968 7099755 
969 7099755 
970 7099755 
971 7099755 
972 7099755 
973 7099755 
974 7099755 
975 7099755 
976 7099755 
977 7099755 
978 7099755 
979 7099755 
980 7099755 
981 7099755 
982 7099755 
983 7099755 
984 7099755 
985 7099755 
986 7099755 
987 7099755 
988 7099755 
989 7099755 
990 7099755 
991 7099755 
992 7099755 
993 7099755 
994 7099755 
995 7099755 
996 7099755 
997 7099755 
998 7099755 
999 7099755 
1000 7099755 
1001 7099755 
1002 7099755 
1003 7099755 
1004 7099755 
1005 7099755 
1006 7099755 
1007 7099755 
1008 7099755 
1009 7099755 
1010 7099755 
1011 7099755 
1012 7099755 
1013 7099755 
1014 7099755 
1015 7099755 
1016 7099755 
1017 7099755 
1018 7099755 
1019 7099755 
1020 7099755 
1021 7099755 
1022 7099755 
1023 7099755 
1024 7099755 
1025 7099755 
1026 7099755 
1027 7099755 
1028 7099755 
1029 7099755 
1030 7099755 
1031 7099755 
1032 7099755 
1033 7099755 
1034 7099755 
1035 7099755 
1036 7099755 
1037 7099755 
1038 7099755 
1039 7099755 
1040 7099755 
1041 7099755 
1042 7099755 
1043 7099755 
1044 7099755 
1045 7099755 
1046 7099755 
1047 7099755 
1048 7099755 
1049 7099755 
1050 7099755 
1051 7099755 
1052 7099755 
1053 7099755 
1054 7099755 
1055 7099755 
1056 7099755 
1057 7099755 
1058 7099755 
1059 7099755 
1060 7099755 
1061 7099755 
1062 7099755 
1063 7099755 
1064 7099755 
1065 7099755 
1066 7099755 
1067 7099755 
1068 7099755 
1069 7099755 
1070 7099755 
1071 7099755 
1072 7099755 
1073 7099755 
1074 7099755 
1075 7099755 
1076 7099755 
1077 7099755 
1078 7099755 
1079 7099755 
1080 7099755 
1081 7099755 
1082 7099755 
1083 7099755 
1084 7099755 
1085 7099755 
1086 7099755 
1087 7099755 
1088 7099755 
1089 7099755 
1090 7099755 
1091 7099755 
1092 7099755 
1093 7099755 
1094 7099755 
1095 7099755 
1096 7099755 
1097 7099755 
1098 7099755 
1099 7099755 
1100 7099755 
1101 7099755 
1102 7099755 
1103 7099755 
1104 7099755 
1105 7099755 
1106 7099755 
1107 7099755 
1108 7099755 
1109 7099755 
1110 7099755 
1111 7099755 
1112 7099755 
1113 7099755 
1114 7099755 
1115 7099755 
1116 7099755 
1117 7099755 
1118 7099755 
1119 7099755 
1120 7099755 
1121 7099755 
1122 7099755 
1123 7099755 
1124 7099755 
1125 7099755 
1126 7099755 
1127 7099755 
1128 7099755 
1129 7099755 
1130 7099755 
1131 7099755 
1132 7099755 
1133 7099755 
1134 7099755 
1135 7099755 
1136 7099755 
1137 7099755 
1138 7099755 
1139 7099755 
1140 7099755 
1141 7099755 
1142 7099755 
1143 7099755 
1144 7099755 
1145 7099755 
1146 7099755 
1147 7099755 
1148 7099755 
1149 7099755 
1150 7099755 
1151 7099755 
1152 7099755 
1153 7099755 
1154 7099755 
1155 7099755 
1156 7099755 
1157 7099755 
1158 7099755 
1159 7099755 
1160 7099755 
1161 7099755 
1162 7099755 
1163 7099755 
1164 7099755 
1165 7099755 
1166 7099755 
1167 7099755 
1168 7099755 
1169 7099755 
1170 7099755 
1171 7099755 
1172 7099755 
1173 7099755 
1174 7099755 
1175 7099755 
1176 7099755 
1177 7099755 
1178 7099755 
1179 7099755 
1180 7099755 
1181 7099755 
1182 7099755 
1183 7099755 
1184 7099755 
1185 7099755 
1186 7099755 
1187 7099755 
1188 7099755 
1189 7099755 
1190 7099755 
1191 7099755 
1192 7099755 
1193 7099755 
1194 7099755 
1195 7099755 
1196 7099755 
1197 7099755 
1198 7099755 
1199 7099755 
1200 7099755 
1201 7099755 
1202 7099755 
1203 7099755 
1204 7099755 
1205 7099755 
1206 7099755 
1207 7099755 
1208 7099755 
1209 7099755 
1210 7099755 
1211 7099755 
1212 7099755 
1213 7099755 
1214 7099755 
1215 7099755 
1216 7099755 
1217 7099755 
1218 7099755 
1219 7099755 
1220 7099755 
1221 7099755 
1222 7099755 
1223 7099755 
1224 7099755 
1225 7099755 
1226 7099755 
1227 7099755 
1228 7099755 
1229 7099755 
1230 7099755 
1231 7099755 
1232 7099755 
1233 7099755 
1234 7099755 
1235 7099755 
1236 7099755 
1237 7099755 
1238 7099755 
1239 7099755 
1240 7099755 
1241 7099755 
1242 7099755 
1243 7099755 
1244 7099755 
1245 7099755 
1246 7099755 
1247 7099755 
1248 7099755 
1249 7099755 
1250 7099755 
1251 7099755 
1252 7099755 
1253 7099755 
1254 7099755 
1255 7099755 
1256 7099755 
1257 7099755 
1258 7099755 
1259 7099755 
1260 7099755 
1261 7099755 
1262 7099755 
1263 7099755 
1264 7099755 
1265 7099755 
1266 7099755 
1267 7099755 
1268 7099755 
1269 7099755 
1270 7099755 
1271 7099755 
1272 7099755 
1273 7099755 
1274 7099755 
1275 7099755 
1276 7099755 
1277 7099755 
1278 7099755 
1279 7099755 
1280 7099755 
1281 7099755 
1282 7099755 
1283 7099755 
1284 7099755 
1285 7099755 
1286 7099755 
1287 7099755 
1288 7099755 
1289 7099755 
1290 7099755 
1291 7099755 
1292 7099755 
1293 7099755 
1294 7099755 
1295 7099755 
1296 7099755 
1297 7099755 
1298 7099755 
1299 7099755 
1300 7099755 
1301 7099755 
1302 7099755 
1303 7099755 
1304 7099755 
1305 7099755 
1306 7099755 
1307 7099755 
1308 7099755 
1309 7099755 
1310 7099755 
1311 7099755 
1312 7099755 
1313 7099755 
1314 7099755 
1315 7099755 
1316 7099755 
1317 7099755 
1318 7099755 
1319 7099755 
1320 7099755 
1321 7099755 
1322 7099755 
1323 7099755 
1324 7099755 
1325 7099755 
1326 7099755 
1327 7099755 
1328 7099755 
1329 7099755 
1330 7099755 
1331 7099755 
1332 7099755 
1333 7099755 
1334 7099755 
1335 7099755 
1336 7099755 
1337 7099755 
1338 7099755 
1339 7099755 
1340 7099755 
1341 7099755 
1342 7099755 
1343 7099755 
1344 7099755 
1345 7099755 
1346 7099755 
1347 7099755 
1348 7099755 
1349 7099755 
1350 7099755 
1351 7099755 
1352 7099755 
1353 7099755 
1354 7099755 
1355 7099755 
1356 7099755 
1357 7099755 
1358 7099755 
1359 7099755 
1360 7099755 
1361 7099755 
1362 7099755 
1363 7099755 
1364 7099755 
1365 7099755 
1366 7099755 
1367 7099755 
1368 7099755 
1369 7099755 
1370 7099755 
1371 7099755 
1372 7099755 
1373 7099755 
1374 7099755 
1375 7099755 
1376 7099755 
1377 7099755 
1378 7099755 
1379 7099755 
1380 7099755 
1381 7099755 
1382 7099755 
1383 7099755 
1384 7099755 
1385 7099755 
1386 7099755 
1387 7099755 
1388 7099755 
1389 7099755 
1390 7099755 
1391 7099755 
1392 7099755 
1393 7099755 
1394 7099755 
1395 7099755 
1396 7099755 
1397 7099755 
1398 7099755 
1399 7099755 
1400 7099755 
1401 7099755 
1402 7099755 
1403 7099755 
1404 7099755 
1405 7099755 
1406 7099755 
1407 7099755 
1408 7099755 
1409 7099755 
1410 7099755 
1411 7099755 
1412 7099755 
1413 7099755 
1414 7099755 
1415 7099755 
1416 7099755 
1417 7099755 
1418 7099755 
1419 7099755 
1420 7099755 
1421 7099755 
1422 7099755 
1423 7099755 
1424 7099755 
1425 7099755 
1426 7099755 
1427 7099755 
1428 7099755 
1429 7099755 
1430 7099755 
1431 7099755 
1432 7099755 
1433 7099755 
1434 7099755 
1435 7099755 
1436 7099755 
1437 7099755 
1438 7099755 
1439 7099755 
1440 7099755 
1441 7099755 
1442 7099755 
1443 7099755 
1444 7099755 
1445 7099755 
1446 7099755 
1447 7099755 
1448 7099755 
1449 7099755 
1450 7099755 
1451 7099755 
1452 7099755 
1453 7099755 
1454 7099755 
1455 7099755 
1456 7099755 
1457 7099755 
1458 7099755 
1459 7099755 
1460 7099755 
1461 7099755 
1462 7099755 
1463 7099755 
1464 7099755 
1465 7099755 
1466 7099755 
1467 7099755 
1468 7099755 
1469 7099755 
1470 7099755 
1471 7099755 
1472 7099755 
1473 7099755 
1474 7099755 
1475 7099755 
1476 7099755 
1477 7099755 
1478 7099755 
1479 7099755 
1480 7099755 
1481 7099755 
1482 7099755 
1483 7099755 
1484 7099755 
1485 7099755 
1486 7099755 
1487 7099755 
1488 7099755 
1489 7099755 
1490 7099755 
1491 7099755 
1492 7099755 
1493 7099755 
1494 7099755 
1495 7099755 
1496 7099755 
1497 7099755 
1498 7099755 
1499 7099755 
1500 7099755 
1501 7099755 
1502 7099755 
1503 7099755 
1504 7099755 
1505 7099755 
1506 7099755 
1507 7099755 
1508 7099755 
1509 7099755 
1510 7099755 
1511 7099755 
1512 7099755 
1513 7099755 
1514 7099755 
1515 7099755 
1516 7099755 
1517 7099755 
1518 7099755 
1519 7099755 
1520 7099755 
1521 7099755 
1522 7099755 
1523 7099755 
1524 7099755 
1525 7099755 
1526 7099755 
1527 7099755 
1528 7099755 
1529 7099755 
1530 7099755 
1531 7099755 
1532 7099755 
1533 7099755 
1534 7099755 
1535 7099755 
1536 7099755 
1537 7099755 
1538 7099755 
1539 7099755 
1540 7099755 
1541 7099755 
1542 7099755 
1543 7099755 
1544 7099755 
1545 7099755 
1546 7099755 
1547 7099755 
1548 7099755 
1549 7099755 
1550 7099755 
1551 7099755 
1552 7099755 
1553 7099755 
1554 7099755 
1555 7099755 
1556 7099755 
1557 7099755 
1558 7099755 
1559 7099755 
1560 7099755 
1561 7099755 
1562 7099755 
1563 7099755 
1564 7099755 
1565 7099755 
1566 7099755 
1567 7099755 
1568 7099755 
1569 7099755 
1570 7099755 
1571 7099755 
1572 7099755 
1573 7099755 
1574 7099755 
1575 7099755 
1576 7099755 
1577 7099755 
1578 7099755 
1579 7099755 
1580 7099755 
1581 7099755 
1582 7099755 
1583 7099755 
1584 7099755 
1585 7099755 
1586 7099755 
1587 7099755 
1588 7099755 
1589 7099755 
1590 7099755 
1591 7099755 
1592 7099755 
1593 7099755 
1594 7099755 
1595 7099755 
1596 7099755 
1597 7099755 
1598 7099755 
1599 7099755 
1600 7099755 
1601 7099755 
1602 7099755 
1603 7099755 
1604 7099755 
1605 7099755 
1606 7099755 
1607 7099755 
1608 7099755 
1609 7099755 
1610 7099755 
1611 7099755 
1612 7099755 
1613 7099755 
1614 7099755 
1615 7099755 
1616 7099755 
1617 7099755 
1618 7099755 
1619 7099755 
1620 7099755 
1621 7099755 
1622 7099755 
1623 7099755 
1624 7099755 
1625 7099755 
1626 7099755 
1627 7099755 
1628 7099755 
1629 7099755 
1630 7099755 
1631 7099755 
1632 7099755 
1633 7099755 
1634 7099755 
1635 7099755 
1636 7099755 
1637 7099755 
1638 7099755 
1639 7099755 
1640 7099755 
1641 7099755 
1642 7099755 
1643 7099755 
1644 7099755 
1645 7099755 
1646 7099755 
1647 7099755 
1648 7099755 
1649 7099755 
1650 7099755 
1651 7099755 
1652 7099755 
1653 7099755 
1654 7099755 
1655 7099755 
1656 7099755 
1657 7099755 
1658 7099755 
1659 7099755 
1660 7099755 
1661 7099755 
1662 7099755 
1663 7099755 
1664 7099755 
1665 7099755 
1666 7099755 
1667 7099755 
1668 7099755 
1669 7099755 
1670 7099755 
1671 7099755 
1672 7099755 
1673 7099755 
1674 7099755 
1675 7099755 
1676 7099755 
1677 7099755 
1678 7099755 
1679 7099755 
1680 7099755 
1681 7099755 
1682 7099755 
1683 7099755 
1684 7099755 
1685 7099755 
1686 7099755 
1687 7099755 
1688 7099755 
1689 7099755 
1690 7099755 
1691 7099755 
1692 7099755 
1693 7099755 
1694 7099755 
1695 7099755 
1696 7099755 
1697 7099755 
1698 7099755 
1699 7099755 
1700 7099755 
1701 7099755 
1702 7099755 
1703 7099755 
1704 7099755 
1705 7099755 
1706 7099755 
1707 7099755 
1708 7099755 
1709 7099755 
1710 7099755 
1711 7099755 
1712 7099755 
1713 7099755 
1714 7099755 
1715 7099755 
1716 7099755 
1717 7099755 
1718 7099755 
1719 7099755 
1720 7099755 
1721 7099755 
1722 7099755 
1723 7099755 
1724 7099755 
1725 7099755 
1726 7099755 
1727 7099755 
1728 7099755 
1729 7099755 
1730 7099755 
1731 7099755 
1732 7099755 
1733 7099755 
1734 7099755 
1735 7099755 
1736 7099755 
1737 7099755 
1738 7099755 
1739 7099755 
1740 7099755 
1741 7099755 
1742 7099755 
1743 7099755 
1744 7099755 
1745 7099755 
1746 7099755 
1747 7099755 
1748 7099755 
1749 7099755 
1750 7099755 
1751 7099755 
1752 7099755 
1753 7099755 
1754 7099755 
1755 7099755 
1756 7099755 
1757 7099755 
1758 7099755 
1759 7099755 
1760 7099755 
1761 7099755 
1762 7099755 
1763 7099755 
1764 7099755 
1765 7099755 
1766 7099755 
1767 7099755 
1768 7099755 
1769 7099755 
1770 7099755 
1771 7099755 
1772 7099755 
1773 7099755 
1774 7099755 
1775 7099755 
1776 7099755 
1777 7099755 
1778 7099755 
1779 7099755 
1780 7099755 
1781 7099755 
1782 7099755 
1783 7099755 
1784 7099755 
1785 7099755 
1786 7099755 
1787 7099755 
1788 7099755 
1789 7099755 
1790 7099755 
1791 7099755 
1792 7099755 
1793 7099755 
1794 7099755 
1795 7099755 
1796 7099755 
1797 7099755 
1798 7099755 
1799 7099755 
1800 7099755 
1801 7099755 
1802 7099755 
1803 7099755 
1804 7099755 
1805 7099755 
1806 7099755 
1807 7099755 
1808 7099755 
1809 7099755 
1810 7099755 
1811 7099755 
1812 7099755 
1813 7099755 
1814 7099755 
1815 7099755 
1816 7099755 
1817 7099755 
1818 7099755 
1819 7099755 
1820 7099755 
1821 7099755 
1822 7099755 
1823 7099755 
1824 7099755 
1825 7099755 
1826 7099755 
1827 7099755 
1828 7099755 
1829 7099755 
1830 7099755 
1831 7099755 
1832 7099755 
1833 7099755 
1834 7099755 
1835 7099755 
1836 7099755 
1837 7099755 
1838 7099755 
1839 7099755 
1840 7099755 
1841 7099755 
1842 7099755 
1843 7099755 
1844 7099755 
1845 7099755 
1846 7099755 
1847 7099755 
1848 7099755 
1849 7099755 
1850 7099755 
1851 7099755 
1852 7099755 
1853 7099755 
1854 7099755 
1855 7099755 
1856 7099755 
1857 7099755 
1858 7099755 
1859 7099755 
1860 7099755 
1861 7099755 
1862 7099755 
1863 7099755 
1864 7099755 
1865 7099755 
1866 7099755 
1867 7099755 
1868 7099755 
1869 7099755 
1870 7099755 
1871 7099755 
1872 7099755 
1873 7099755 
1874 7099755 
1875 7099755 
1876 7099755 
1877 7099755 
1878 7099755 
1879 7099755 
1880 7099755 
1881 7099755 
1882 7099755 
1883 7099755 
1884 7099755 
1885 7099755 
1886 7099755 
1887 7099755 
1888 7099755 
1889 7099755 
1890 7099755 
1891 7099755 
1892 7099755 
1893 7099755 
1894 7099755 
1895 7099755 
1896 7099755 
1897 7099755 
1898 7099755 
1899 7099755 
1900 7099755 
1901 7099755 
1902 7099755 
1903 7099755 
1904 7099755 
1905 7099755 
1906 7099755 
1907 7099755 
1908 7099755 
1909 7099755 
1910 7099755 
1911 7099755 
1912 7099755 
1913 7099755 
1914 7099755 
1915 7099755 
1916 7099755 
1917 7099755 
1918 7099755 
1919 7099755 
1920 7099755 
1921 7099755 
1922 7099755 
1923 7099755 
1924 7099755 
1925 7099755 
1926 7099755 
1927 7099755 
1928 7099755 
1929 7099755 
1930 7099755 
1931 7099755 
1932 7099755 
1933 7099755 
1934 7099755 
1935 7099755 
1936 7099755 
1937 7099755 
1938 7099755 
1939 7099755 
1940 7099755 
1941 7099755 
1942 7099755 
1943 7099755 
1944 7099755 
1945 7099755 
1946 7099755 
1947 7099755 
1948 7099755 
1949 7099755 
1950 7099755 
1951 7099755 
1952 7099755 
1953 7099755 
1954 7099755 
1955 7099755 
1956 7099755 
1957 7099755 
1958 7099755 
1959 7099755 
1960 7099755 
1961 7099755 
1962 7099755 
1963 7099755 
1964 7099755 
1965 7099755 
1966 7099755 
1967 7099755 
1968 7099755 
1969 7099755 
1970 7099755 
1971 7099755 
1972 7099755 
1973 7099755 
1974 7099755 
1975 7099755 
1976 7099755 
1977 7099755 
1978 7099755 
1979 7099755 
1980 7099755 
1981 7099755 
1982 7099755 
1983 7099755 
1984 7099755 
1985 7099755 
1986 7099755 
1987 7099755 
1988 7099755 
1989 7099755 
1990 7099755 
1991 7099755 
1992 7099755 
1993 7099755 
1994 7099755 
1995 7099755 
1996 7099755 
1997 7099755 
1998 7099755 
1999 7099755 
2000 7099755 
2001 7099755 
2002 7099755 
2003 7099755 
2004 7099755 
2005 7099755 
2006 7099755 
2007 7099755 
2008 7099755 
2009 7099755 
2010 7099755 
2011 7099755 
2012 7099755 
2013 7099755 
2014 7099755 
2015 7099755 
2016 7099755 
2017 7099755 
2018 7099755 
2019 7099755 
2020 7099755 
2021 7099755 
2022 7099755 
2023 7099755 
2024 7099755 
2025 7099755 
2026 7099755 
2027 7099755 
2028 7099755 
2029 7099755 
2030 7099755 
2031 7099755 
2032 7099755 
2033 7099755 
2034 7099755 
2035 7099755 
2036 7099755 
2037 7099755 
2038 7099755 
2039 7099755 
2040 7099755 
2041 7099755 
2042 7099755 
2043 7099755 
2044 7099755 
2045 7099755 
2046 7099755 
2047 7099755 
2048 7099755 
2049 7099755 
2050 7099755 
2051 7099755 
2052 7099755 
2053 7099755 
2054 7099755 
2055 7099755 
2056 7099755 
2057 7099755 
2058 7099755 
2059 7099755 
2060 7099755 
2061 7099755 
2062 7099755 
2063 7099755 
2064 7099755 
2065 7099755 
2066 7099755 
2067 7099755 
2068 7099755 
2069 7099755 
2070 7099755 
2071 7099755 
2072 7099755 
2073 7099755 
2074 7099755 
2075 7099755 
2076 7099755 
2077 7099755 
2078 7099755 
2079 7099755 
2080 7099755 
2081 7099755 
2082 7099755 
2083 7099755 
2084 7099755 
2085 7099755 
2086 7099755 
2087 7099755 
2088 7099755 
2089 7099755 
2090 7099755 
2091 7099755 
2092 7099755 
2093 7099755 
2094 7099755 
2095 7099755 
2096 7099755 
2097 7099755 
2098 7099755 
2099 7099755 
2100 7099755 
2101 7099755 
2102 7099755 
2103 7099755 
2104 7099755 
2105 7099755 
2106 7099755 
2107 7099755 
2108 7099755 
2109 7099755 
2110 7099755 
2111 7099755 
2112 7099755 
2113 7099755 
2114 7099755 
2115 7099755 
2116 7099755 
2117 7099755 
2118 7099755 
2119 7099755 
2120 7099755 
2121 7099755 
2122 7099755 
2123 7099755 
2124 7099755 
2125 7099755 
2126 7099755 
2127 7099755 
2128 7099755 
2129 7099755 
2130 7099755 
2131 7099755 
2132 7099755 
2133 7099755 
2134 7099755 
2135 7099755 
2136 7099755 
2137 7099755 
2138 7099755 
2139 7099755 
2140 7099755 
2141 7099755 
2142 7099755 
2143 7099755 
2144 7099755 
2145 7099755 
2146 7099755 
2147 7099755 
2148 7099755 
2149 7099755 
2150 7099755 
2151 7099755 
2152 7099755 
2153 7099755 
2154 7099755 
2155 7099755 
2156 7099755 
2157 7099755 
2158 7099755 
2159 7099755 
2160 7099755 
2161 7099755 
2162 7099755 
2163 7099755 
2164 7099755 
2165 7099755 
2166 7099755 
2167 7099755 
2168 7099755 
2169 7099755 
2170 7099755 
2171 7099755 
2172 7099755 
2173 7099755 
2174 7099755 
2175 7099755 
2176 7099755 
2177 7099755 
2178 7099755 
2179 7099755 
2180 7099755 
2181 7099755 
2182 7099755 
2183 7099755 
2184 7099755 
2185 7099755 
2186 7099755 
2187 7099755 
2188 7099755 
2189 7099755 
2190 7099755 
2191 7099755 
2192 7099755 
2193 7099755 
2194 7099755 
2195 7099755 
2196 7099755 
2197 7099755 
2198 7099755 
2199 7099755 
2200 7099755 
2201 7099755 
2202 7099755 
2203 7099755 
2204 7099755 
2205 7099755 
2206 7099755 
2207 7099755 
2208 7099755 
2209 7099755 
2210 7099755 
2211 7099755 
2212 7099755 
2213 7099755 
2214 7099755 
2215 7099755 
2216 7099755 
2217 7099755 
2218 7099755 
2219 7099755 
2220 7099755 
2221 7099755 
2222 7099755 
2223 7099755 
2224 7099755 
2225 7099755 
2226 7099755 
2227 7099755 
2228 7099755 
2229 7099755 
2230 7099755 
2231 7099755 
2232 7099755 
2233 7099755 
2234 7099755 
2235 7099755 
2236 7099755 
2237 7099755 
2238 7099755 
2239 7099755 
2240 7099755 
2241 7099755 
2242 7099755 
2243 7099755 
2244 7099755 
2245 7099755 
2246 7099755 
2247 7099755 
2248 7099755 
2249 7099755 
2250 7099755 
2251 7099755 
2252 7099755 
2253 7099755 
2254 7099755 
2255 7099755 
2256 7099755 
2257 7099755 
2258 7099755 
2259 7099755 
2260 7099755 
2261 7099755 
2262 7099755 
2263 7099755 
2264 7099755 
2265 7099755 
2266 7099755 
2267 7099755 
2268 7099755 
2269 7099755 
2270 7099755 
2271 7099755 
2272 7099755 
2273 7099755 
2274 7099755 
2275 7099755 
2276 7099755 
2277 7099755 
2278 7099755 
2279 7099755 
2280 7099755 
2281 7099755 
2282 7099755 
2283 7099755 
2284 7099755 
2285 7099755 
2286 7099755 
2287 7099755 
2288 7099755 
2289 7099755 
2290 7099755 
2291 7099755 
2292 7099755 
2293 7099755 
2294 7099755 
2295 7099755 
2296 7099755 
2297 7099755 
2298 7099755 
2299 7099755 
2300 7099755 
2301 7099755 
2302 7099755 
2303 7099755 
2304 7099755 
2305 7099755 
2306 7099755 
2307 7099755 
2308 7099755 
2309 7099755 
2310 7099755 
2311 7099755 
2312 7099755 
2313 7099755 
2314 7099755 
2315 7099755 
2316 7099755 
2317 7099755 
2318 7099755 
2319 7099755 
2320 7099755 
2321 7099755 
2322 7099755 
2323 7099755 
2324 7099755 
2325 7099755 
2326 7099755 
2327 7099755 
2328 7099755 
2329 7099755 
2330 7099755 
2331 7099755 
2332 7099755 
2333 7099755 
2334 7099755 
2335 7099755 
2336 7099755 
2337 7099755 
2338 7099755 
2339 7099755 
2340 7099755 
2341 7099755 
2342 7099755 
2343 7099755 
2344 7099755 
2345 7099755 
2346 7099755 
2347 7099755 
2348 7099755 
2349 7099755 
2350 7099755 
2351 7099755 
2352 7099755 
2353 7099755 
2354 7099755 
2355 7099755 
2356 7099755 
2357 7099755 
2358 7099755 
2359 7099755 
2360 7099755 
2361 7099755 
2362 7099755 
2363 7099755 
2364 7099755 
2365 7099755 
2366 7099755 
2367 7099755 
2368 7099755 
2369 7099755 
2370 7099755 
2371 7099755 
2372 7099755 
2373 7099755 
2374 7099755 
2375 7099755 
2376 7099755 
2377 7099755 
2378 7099755 
2379 7099755 
2380 7099755 
2381 7099755 
2382 7099755 
2383 7099755 
2384 7099755 
2385 7099755 
2386 7099755 
2387 7099755 
2388 7099755 
2389 7099755 
2390 7099755 
2391 7099755 
2392 7099755 
2393 7099755 
2394 7099755 
2395 7099755 
2396 7099755 
2397 7099755 
2398 7099755 
2399 7099755 
2400 7099755 
2401 7099755 
2402 7099755 
2403 7099755 
2404 7099755 
2405 7099755 
2406 7099755 
2407 7099755 
2408 7099755 
2409 7099755 
2410 7099755 
2411 7099755 
2412 7099755 
2413 7099755 
2414 7099755 
2415 7099755 
2416 7099755 
2417 7099755 
2418 7099755 
2419 7099755 
2420 7099755 
2421 7099755 
2422 7099755 
2423 7099755 
2424 7099755 
2425 7099755 
2426 7099755 
2427 7099755 
2428 7099755 
2429 7099755 
2430 7099755 
2431 7099755 
2432 7099755 
2433 7099755 
2434 7099755 
2435 7099755 
2436 7099755 
2437 7099755 
2438 7099755 
2439 7099755 
2440 7099755 
2441 7099755 
2442 7099755 
2443 7099755 
2444 7099755 
2445 7099755 
2446 7099755 
2447 7099755 
2448 7099755 
2449 7099755 
2450 7099755 
2451 7099755 
2452 7099755 
2453 7099755 
2454 7099755 
2455 7099755 
2456 7099755 
2457 7099755 
2458 7099755 
2459 7099755 
2460 7099755 
2461 7099755 
2462 7099755 
2463 7099755 
2464 7099755 
2465 7099755 
2466 7099755 
2467 7099755 
2468 7099755 
2469 7099755 
2470 7099755 
2471 7099755 
2472 7099755 
2473 7099755 
2474 7099755 
2475 7099755 
2476 7099755 
2477 7099755 
2478 7099755 
2479 7099755 
2480 7099755 
2481 7099755 
2482 7099755 
2483 7099755 
2484 7099755 
2485 7099755 
2486 7099755 
2487 7099755 
2488 7099755 
2489 7099755 
2490 7099755 
2491 7099755 
2492 7099755 
2493 7099755 
2494 7099755 
2495 7099755 
2496 7099755 
2497 7099755 
2498 7099755 
2499 7099755 
2500 7099755 
2501 7099755 
2502 7099755 
2503 7099755 
2504 7099755 
2505 7099755 
2506 7099755 
2507 7099755 
2508 7099755 
2509 7099755 
2510 7099755 
2511 7099755 
2512 7099755 
2513 7099755 
2514 7099755 
2515 7099755 
2516 7099755 
2517 7099755 
2518 7099755 
2519 7099755 
2520 7099755 
2521 7099755 
2522 7099755 
2523 7099755 
2524 7099755 
2525 7099755 
2526 7099755 
2527 7099755 
2528 7099755 
2529 7099755 
2530 7099755 
2531 7099755 
2532 7099755 
2533 7099755 
2534 7099755 
2535 7099755 
2536 7099755 
2537 7099755 
2538 7099755 
2539 7099755 
2540 7099755 
2541 7099755 
2542 7099755 
2543 7099755 
2544 7099755 
2545 7099755 
2546 7099755 
2547 7099755 
2548 7099755 
2549 7099755 
2550 7099755 
2551 7099755 
2552 7099755 
2553 7099755 
2554 7099755 
2555 7099755 
2556 7099755 
2557 7099755 
2558 7099755 
2559 7099755 
2560 7099755 
2561 7099755 
2562 7099755 
2563 7099755 
2564 7099755 
2565 7099755 
2566 7099755 
2567 7099755 
2568 7099755 
2569 7099755 
2570 7099755 
2571 7099755 
2572 7099755 
2573 7099755 
2574 7099755 
2575 7099755 
2576 7099755 
2577 7099755 
2578 7099755 
2579 7099755 
2580 7099755 
2581 7099755 
2582 7099755 
2583 7099755 
2584 7099755 
2585 7099755 
2586 7099755 
2587 7099755 
2588 7099755 
2589 7099755 
2590 7099755 
2591 7099755 
2592 7099755 
2593 7099755 
2594 7099755 
2595 7099755 
2596 7099755 
2597 7099755 
2598 7099755 
2599 7099755 
2600 7099755 
2601 7099755 
2602 7099755 
2603 7099755 
2604 7099755 
2605 7099755 
2606 7099755 
2607 7099755 
2608 7099755 
2609 7099755 
2610 7099755 
2611 7099755 
2612 7099755 
2613 7099755 
2614 7099755 
2615 7099755 
2616 7099755 
2617 7099755 
2618 7099755 
2619 7099755 
2620 7099755 
2621 7099755 
2622 7099755 
2623 7099755 
2624 7099755 
2625 7099755 
2626 7099755 
2627 7099755 
2628 7099755 
2629 7099755 
2630 7099755 
2631 7099755 
2632 7099755 
2633 7099755 
2634 7099755 
2635 7099755 
2636 7099755 
2637 7099755 
2638 7099755 
2639 7099755 
2640 7099755 
2641 7099755 
2642 7099755 
2643 7099755 
2644 7099755 
2645 7099755 
2646 7099755 
2647 7099755 
2648 7099755 
2649 7099755 
2650 7099755 
2651 7099755 
2652 7099755 
2653 7099755 
2654 7099755 
2655 7099755 
2656 7099755 
2657 7099755 
2658 7099755 
2659 7099755 
2660 7099755 
2661 7099755 
2662 7099755 
2663 7099755 
2664 7099755 
2665 7099755 
2666 7099755 
2667 7099755 
2668 7099755 
2669 7099755 
2670 7099755 
2671 7099755 
2672 7099755 
2673 7099755 
2674 7099755 
2675 7099755 
2676 7099755 
2677 7099755 
2678 7099755 
2679 7099755 
2680 7099755 
2681 7099755 
2682 7099755 
2683 7099755 
2684 7099755 
2685 7099755 
2686 7099755 
2687 7099755 
2688 7099755 
2689 7099755 
2690 7099755 
2691 7099755 
2692 7099755 
2693 7099755 
2694 7099755 
2695 7099755 
2696 7099755 
2697 7099755 
2698 7099755 
2699 7099755 
2700 7099755 
2701 7099755 
2702 7099755 
2703 7099755 
2704 7099755 
2705 7099755 
2706 7099755 
2707 7099755 
2708 7099755 
2709 7099755 
2710 7099755 
2711 7099755 
2712 7099755 
2713 7099755 
2714 7099755 
2715 7099755 
2716 7099755 
2717 7099755 
2718 7099755 
2719 7099755 
2720 7099755 
2721 7099755 
2722 7099755 
2723 7099755 
2724 7099755 
2725 7099755 
2726 7099755 
2727 7099755 
2728 7099755 
2729 7099755 
2730 7099755 
2731 7099755 
2732 7099755 
2733 7099755 
2734 7099755 
2735 7099755 
2736 7099755 
2737 7099755 
2738 7099755 
2739 7099755 
2740 7099755 
2741 7099755 
2742 7099755 
2743 7099755 
2744 7099755 
2745 7099755 
2746 7099755 
2747 7099755 
2748 7099755 
2749 7099755 
2750 7099755 
2751 7099755 
2752 7099755 
2753 7099755 
2754 7099755 
2755 7099755 
2756 7099755 
2757 7099755 
2758 7099755 
2759 7099755 
2760 7099755 
2761 7099755 
2762 7099755 
2763 7099755 
2764 7099755 
2765 7099755 
2766 7099755 
2767 7099755 
2768 7099755 
2769 7099755 
2770 7099755 
2771 7099755 
2772 7099755 
2773 7099755 
2774 7099755 
2775 7099755 
2776 7099755 
2777 7099755 
2778 7099755 
2779 7099755 
2780 7099755 
2781 7099755 
2782 7099755 
2783 7099755 
2784 7099755 
2785 7099755 
2786 7099755 
2787 7099755 
2788 7099755 
2789 7099755 
2790 7099755 
2791 7099755 
2792 7099755 
2793 7099755 
2794 7099755 
2795 7099755 
2796 7099755 
2797 7099755 
2798 7099755 
2799 7099755 
2800 7099755 
2801 7099755 
2802 7099755 
2803 7099755 
2804 7099755 
2805 7099755 
2806 7099755 
2807 7099755 
2808 7099755 
2809 7099755 
2810 7099755 
2811 7099755 
2812 7099755 
2813 7099755 
2814 7099755 
2815 7099755 
2816 7099755 
2817 7099755 
2818 7099755 
2819 7099755 
2820 7099755 
2821 7099755 
2822 7099755 
2823 7099755 
2824 7099755 
2825 7099755 
2826 7099755 
2827 7099755 
2828 7099755 
2829 7099755 
2830 7099755 
2831 7099755 
2832 7099755 
2833 7099755 
2834 7099755 
2835 7099755 
2836 7099755 
2837 7099755 
2838 7099755 
2839 7099755 
2840 7099755 
2841 7099755 
2842 7099755 
2843 7099755 
2844 7099755 
2845 7099755 
2846 7099755 
2847 7099755 
2848 7099755 
2849 7099755 
2850 7099755 
2851 7099755 
2852 7099755 
2853 7099755 
2854 7099755 
2855 7099755 
2856 7099755 
2857 7099755 
2858 7099755 
2859 7099755 
2860 7099755 
2861 7099755 
2862 7099755 
2863 7099755 
2864 7099755 
2865 7099755 
2866 7099755 
2867 7099755 
2868 7099755 
2869 7099755 
2870 7099755 
2871 7099755 
2872 7099755 
2873 7099755 
2874 7099755 
2875 7099755 
2876 7099755 
2877 7099755 
2878 7099755 
2879 7099755 
2880 7099755 
2881 7099755 
2882 7099755 
2883 7099755 
2884 7099755 
2885 7099755 
2886 7099755 
2887 7099755 
2888 7099755 
2889 7099755 
2890 7099755 
2891 7099755 
2892 7099755 
2893 7099755 
2894 7099755 
2895 7099755 
2896 7099755 
2897 7099755 
2898 7099755 
2899 7099755 
2900 7099755 
2901 7099755 
2902 7099755 
2903 7099755 
2904 7099755 
2905 7099755 
2906 7099755 
2907 7099755 
2908 7099755 
2909 7099755 
2910 7099755 
2911 7099755 
2912 7099755 
2913 7099755 
2914 7099755 
2915 7099755 
2916 7099755 
2917 7099755 
2918 7099755 
2919 7099755 
2920 7099755 
2921 7099755 
2922 7099755 
2923 7099755 
2924 7099755 
2925 7099755 
2926 7099755 
2927 7099755 
2928 7099755 
2929 7099755 
2930 7099755 
2931 7099755 
2932 7099755 
2933 7099755 
2934 7099755 
2935 7099755 
2936 7099755 
2937 7099755 
2938 7099755 
2939 7099755 
2940 7099755 
2941 7099755 
2942 7099755 
2943 7099755 
2944 7099755 
2945 7099755 
2946 7099755 
2947 7099755 
2948 7099755 
2949 7099755 
2950 7099755 
2951 7099755 
2952 7099755 
2953 7099755 
2954 7099755 
2955 7099755 
2956 7099755 
2957 7099755 
2958 7099755 
2959 7099755 
2960 7099755 
2961 7099755 
2962 7099755 
2963 7099755 
2964 7099755 
2965 7099755 
2966 7099755 
2967 7099755 
2968 7099755 
2969 7099755 
2970 7099755 
2971 7099755 
2972 7099755 
2973 7099755 
2974 7099755 
2975 7099755 
2976 7099755 
2977 7099755 
2978 7099755 
2979 7099755 
2980 7099755 
2981 7099755 
2982 7099755 
2983 7099755 
2984 7099755 
2985 7099755 
2986 7099755 
2987 7099755 
2988 7099755 
2989 7099755 
2990 7099755 
2991 7099755 
2992 7099755 
2993 7099755 
2994 7099755 
2995 7099755 
2996 7099755 
2997 7099755 
2998 7099755 
2999 7099755 
3000 7099755 
3001 7099755 
3002 7099755 
3003 7099755 
3004 7099755 
3005 7099755 
3006 7099755 
3007 7099755 
3008 7099755 
3009 7099755 
3010 7099755 
3011 7099755 
3012 7099755 
3013 7099755 
3014 7099755 
3015 7099755 
3016 7099755 
3017 7099755 
3018 7099755 
3019 7099755 
3020 7099755 
3021 7099755 
3022 7099755 
3023 7099755 
3024 7099755 
3025 7099755 
3026 7099755 
3027 7099755 
3028 7099755 
3029 7099755 
3030 7099755 
3031 7099755 
3032 7099755 
3033 7099755 
3034 7099755 
3035 7099755 
3036 7099755 
3037 7099755 
3038 7099755 
3039 7099755 
3040 7099755 
3041 7099755 
3042 7099755 
3043 7099755 
3044 7099755 
3045 7099755 
3046 7099755 
3047 7099755 
3048 7099755 
3049 7099755 
3050 7099755 
3051 7099755 
3052 7099755 
3053 7099755 
3054 7099755 
3055 7099755 
3056 7099755 
3057 7099755 
3058 7099755 
3059 7099755 

