0 4351363 
1 4349083 
2 4348381 
3 4347241 
4 4347098 
5 4332924 
6 4295398 
7 4282801 
8 4277737 
9 4277723 
10 4277424 
11 4276267 
12 4274836 
13 4274794 
14 4272673 
15 4272423 
16 4270838 
17 4268955 
18 4266428 
19 4254702 
20 4241459 
21 4234023 
22 4222596 
23 4222589 
24 4222302 
25 4222270 
26 4211768 
27 4209480 
28 4209466 
29 4205280 
30 4204098 
31 4204035 
32 4203821 
33 4203772 
34 4202965 
35 4202951 
36 4202908 
37 4202895 
38 4200699 
39 4200587 
40 4200573 
41 4200559 
42 4200516 
43 4200503 
44 4191306 
45 4191234 
46 4189648 
47 4188912 
48 4181787 
49 4178826 
50 4170376 
51 4170355 
52 4170329 
53 4168083 
54 4167886 
55 4167159 
56 4167126 
57 4166898 
58 4166891 
59 4166878 
60 4166757 
61 4166567 
62 4166541 
63 4166534 
64 4163311 
65 4152551 
66 4151651 
67 4150899 
68 4149433 
69 4149377 
70 4148865 
71 4138841 
72 4138291 
73 4138207 
74 4136400 
75 4136348 
76 4136297 
77 4136050 
78 4135994 
79 4135505 
80 4132540 
81 4131534 
82 4130592 
83 4130587 
84 4130580 
85 4129236 
86 4129199 
87 4129192 
88 4128945 
89 4128938 
90 4126671 
91 4126587 
92 4126547 
93 4125804 
94 4125739 
95 4125668 
96 4110081 
97 4101410 
98 4101312 
99 4101182 
100 4096242 
101 4091666 
102 4070541 
103 4064743 
104 4064685 
105 4061524 
106 4059753 
107 4059538 
108 4059253 
109 4054502 
110 4051308 
111 4051295 
112 4051253 
113 4051126 
114 4051029 
115 4050743 
116 4050715 
117 4050708 
118 4050708 
119 4050501 
120 4049536 
121 4008991 
122 4008166 
123 4008159 
124 4008124 
125 4007654 
126 4003900 
127 4003835 
128 4003832 
129 4003756 
130 4003756 
131 4003719 
132 4003686 
133 4003179 
134 4002808 
135 4002766 
136 4002752 
137 3996354 
138 3995403 
139 3995326 
140 3995312 
141 3995312 
142 3995291 
143 3994325 
144 3994312 
145 3993517 
146 3993503 
147 3993218 
148 3989654 
149 3989029 
150 3981189 
151 3981176 
152 3980390 
153 3978256 
154 3975499 
155 3975486 
156 3973479 
157 3973465 
158 3973446 
159 3973181 
160 3973174 
161 3972830 
162 3972571 
163 3972541 
164 3971692 
165 3971622 
166 3970877 
167 3969771 
168 3968898 
169 3968807 
170 3968781 
171 3968281 
172 3967878 
173 3967857 
174 3967850 
175 3967236 
176 3967215 
177 3967180 
178 3967173 
179 3967173 
180 3967152 
181 3966856 
182 3962119 
183 3961064 
184 3960483 
185 3960483 
186 3959904 
187 3955052 
188 3954740 
189 3954584 
190 3954557 
191 3954466 
192 3954050 
193 3952711 
194 3950272 
195 3949297 
196 3948711 
197 3941509 
198 3941467 
199 3940720 
200 3940629 
201 3938466 
202 3938445 
203 3938276 
204 3938237 
205 3937964 
206 3937529 
207 3933421 
208 3932861 
209 3932861 
210 3932826 
211 3931156 
212 3930709 
213 3930695 
214 3930695 
215 3930682 
216 3930576 
217 3930550 
218 3930543 
219 3929517 
220 3929459 
221 3929361 
222 3929354 
223 3929319 
224 3929319 
225 3918282 
226 3918239 
227 3918182 
228 3915301 
229 3915268 
230 3915164 
231 3915157 
232 3914936 
233 3914923 
234 3914892 
235 3914170 
236 3913702 
237 3913152 
238 3913123 
239 3913096 
240 3911330 
241 3907179 
242 3905451 
243 3904510 
244 3904439 
245 3904432 
246 3902915 
247 3902876 
248 3902834 
249 3902815 
250 3902542 
251 3902360 
252 3901855 
253 3901666 
254 3901392 
255 3900651 
256 3900553 
257 3899164 
258 3898983 
259 3898943 
260 3898345 
261 3898216 
262 3898209 
263 3897901 
264 3897734 
265 3897213 
266 3896995 
267 3891001 
268 3888788 
269 3888788 
270 3886851 
271 3886728 
272 3886483 
273 3886442 
274 3886430 
275 3886360 
276 3886353 
277 3883473 
278 3883414 
279 3883342 
280 3883250 
281 3883068 
282 3882262 
283 3882262 
284 3879917 
285 3876139 
286 3875236 
287 3875194 
288 3874701 
289 3874551 
290 3874544 
291 3874538 
292 3874488 
293 3874476 
294 3874275 
295 3874240 
296 3874065 
297 3872781 
298 3872753 
299 3871529 
300 3871487 
301 3871435 
302 3871435 
303 3871323 
304 3871180 
305 3870499 
306 3870450 
307 3870266 
308 3870259 
309 3870071 
310 3870045 
311 3870004 
312 3869465 
313 3868928 
314 3867576 
315 3867368 
316 3866778 
317 3863756 
318 3863743 
319 3863724 
320 3863373 
321 3863068 
322 3863032 
323 3862317 
324 3859675 
325 3859357 
326 3857642 
327 3857471 
328 3856987 
329 3856259 
330 3856259 
331 3855557 
332 3854973 
333 3854902 
334 3854619 
335 3854606 
336 3854599 
337 3854599 
338 3853926 
339 3853731 
340 3852067 
341 3852067 
342 3852041 
343 3851924 
344 3851871 
345 3846294 
346 3844164 
347 3842412 
348 3841581 
349 3840130 
350 3840130 
351 3837264 
352 3837250 
353 3837243 
354 3837236 
355 3834372 
356 3832814 
357 3832788 
358 3831889 
359 3831791 
360 3831570 
361 3831439 
362 3831432 
363 3831432 
364 3831419 
365 3831315 
366 3830262 
367 3830241 
368 3830098 
369 3830077 
370 3830063 
371 3828873 
372 3828803 
373 3826107 
374 3825724 
375 3825724 
376 3825717 
377 3825711 
378 3825581 
379 3825458 
380 3825325 
381 3825192 
382 3824934 
383 3824858 
384 3822019 
385 3821993 
386 3821993 
387 3821986 
388 3821979 
389 3821960 
390 3821323 
391 3821140 
392 3821016 
393 3820858 
394 3820844 
395 3820809 
396 3820795 
397 3820471 
398 3817786 
399 3817778 
400 3816687 
401 3816687 
402 3816673 
403 3816666 
404 3816652 
405 3816652 
406 3816652 
407 3816631 
408 3816631 
409 3815501 
410 3815473 
411 3815452 
412 3815290 
413 3815290 
414 3815168 
415 3815167 
416 3815024 
417 3815024 
418 3814542 
419 3814532 
420 3814532 
421 3814506 
422 3814428 
423 3814363 
424 3814318 
425 3814292 
426 3814259 
427 3814207 
428 3814207 
429 3814136 
430 3814136 
431 3814105 
432 3814071 
433 3813697 
434 3813669 
435 3813669 
436 3813669 
437 3813669 
438 3813650 
439 3813649 
440 3813350 
441 3813350 
442 3813324 
443 3813168 
444 3813116 
445 3813116 
446 3813109 
447 3812983 
448 3812964 
449 3812964 
450 3812922 
451 3812909 
452 3812902 
453 3812895 
454 3812895 
455 3812895 
456 3812888 
457 3812888 
458 3812888 
459 3812888 
460 3812888 
461 3812881 
462 3812867 
463 3812867 
464 3812867 
465 3812867 
466 3812867 
467 3812802 
468 3812802 
469 3812802 
470 3812802 
471 3812750 
472 3812750 
473 3812750 
474 3812750 
475 3812750 
476 3812750 
477 3812750 
478 3812624 
479 3812624 
480 3812624 
481 3812624 
482 3812624 
483 3812624 
484 3812624 
485 3812536 
486 3812536 
487 3812536 
488 3812536 
489 3812522 
490 3812522 
491 3812522 
492 3812522 
493 3812522 
494 3812522 
495 3812522 
496 3812522 
497 3812522 
498 3812522 
499 3812522 
500 3812522 
501 3812522 
502 3812522 
503 3812522 
504 3812522 
505 3812522 
506 3812522 
507 3812522 
508 3812522 
509 3812512 
510 3812512 
511 3812512 
512 3812512 
513 3812512 
514 3812512 
515 3812512 
516 3812512 
517 3812512 
518 3812512 
519 3812512 
520 3812512 
521 3812512 
522 3812512 
523 3812512 
524 3812512 
525 3812512 
526 3812512 
527 3812512 
528 3812512 
529 3812512 
530 3812512 
531 3812512 
532 3812512 
533 3812512 
534 3812512 
535 3812512 
536 3812512 
537 3812512 
538 3812512 
539 3812512 
540 3812512 
541 3812512 
542 3812512 
543 3812512 
544 3812512 
545 3812512 
546 3812512 
547 3812512 
548 3812512 
549 3812512 
550 3812512 
551 3812512 
552 3812512 
553 3812512 
554 3812512 
555 3812512 
556 3812512 
557 3812512 
558 3812512 
559 3812512 
560 3812512 
561 3812512 
562 3812512 
563 3812512 
564 3812512 
565 3812512 
566 3812512 
567 3812512 
568 3812512 
569 3812512 
570 3812512 
571 3812512 
572 3812512 
573 3812512 
574 3812512 
575 3812512 
576 3812512 
577 3812512 
578 3812512 
579 3812512 
580 3812512 
581 3812512 
582 3812512 
583 3812512 
584 3812512 
585 3812512 
586 3812512 
587 3812512 
588 3812512 
589 3812512 
590 3812512 
591 3812512 
592 3812512 
593 3812512 
594 3812512 
595 3812512 
596 3812512 
597 3812512 
598 3812512 
599 3812512 
600 3812512 
601 3812512 
602 3812512 
603 3812512 
604 3812512 
605 3812512 
606 3812512 
607 3812512 
608 3812512 
609 3812512 
610 3812512 
611 3812512 
612 3812512 
613 3812512 
614 3812512 
615 3812512 
616 3812512 
617 3812512 
618 3812512 
619 3812512 
620 3812512 
621 3812512 
622 3812512 
623 3812512 
624 3812512 
625 3812512 
626 3812512 
627 3812512 
628 3812512 
629 3812512 
630 3812512 
631 3812512 
632 3812512 
633 3812512 
634 3812512 
635 3812512 
636 3812512 
637 3812512 
638 3812512 
639 3812512 
640 3812512 
641 3812512 
642 3812512 
643 3812512 
644 3812512 
645 3812512 
646 3812512 
647 3812512 
648 3812512 
649 3812512 
650 3812512 
651 3812512 
652 3812512 
653 3812512 
654 3812512 
655 3812512 
656 3812512 
657 3812512 
658 3812512 
659 3812512 
660 3812512 
661 3812512 
662 3812512 
663 3812512 
664 3812512 
665 3812512 
666 3812512 
667 3812512 
668 3812512 
669 3812512 
670 3812512 
671 3812512 
672 3812512 
673 3812512 
674 3812512 
675 3812512 
676 3812512 
677 3812512 
678 3812512 
679 3812512 
680 3812512 
681 3812512 
682 3812512 
683 3812512 
684 3812512 
685 3812512 
686 3812512 
687 3812512 
688 3812512 
689 3812512 
690 3812512 
691 3812512 
692 3812512 
693 3812512 
694 3812512 
695 3812512 
696 3812512 
697 3812512 
698 3812512 
699 3812512 
700 3812512 
701 3812512 
702 3812512 
703 3812512 
704 3812512 
705 3812512 
706 3812512 
707 3812512 
708 3812512 
709 3812512 
710 3812512 
711 3812512 
712 3812512 
713 3812512 
714 3812512 
715 3812512 
716 3812512 
717 3812512 
718 3812512 
719 3812512 
720 3812512 
721 3812512 
722 3812512 
723 3812512 
724 3812512 
725 3812512 
726 3812512 
727 3812512 
728 3812512 
729 3812512 
730 3812512 
731 3812512 
732 3812512 
733 3812512 
734 3812512 
735 3812512 
736 3812512 
737 3812512 
738 3812512 
739 3812512 
740 3812512 
741 3812512 
742 3812512 
743 3812512 
744 3812512 
745 3812512 
746 3812512 
747 3812512 
748 3812512 
749 3812512 
750 3812512 
751 3812512 
752 3812512 
753 3812512 
754 3812512 
755 3812512 
756 3812512 
757 3812512 
758 3812512 
759 3812512 
760 3812512 
761 3812512 
762 3812512 
763 3812512 
764 3812512 
765 3812512 
766 3812512 
767 3812512 
768 3812512 
769 3812512 
770 3812512 
771 3812512 
772 3812512 
773 3812512 
774 3812512 
775 3812512 
776 3812512 
777 3812512 
778 3812512 
779 3812512 
780 3812512 
781 3812512 
782 3812512 
783 3812512 
784 3812512 
785 3812512 
786 3812512 
787 3812512 
788 3812512 
789 3812512 
790 3812512 
791 3812512 
792 3812512 
793 3812512 
794 3812512 
795 3812512 
796 3812512 
797 3812512 
798 3812512 
799 3812512 
800 3812512 
801 3812512 
802 3812512 
803 3812512 
804 3812512 
805 3812512 
806 3812512 
807 3812512 
808 3812512 
809 3812512 
810 3812512 
811 3812512 
812 3812512 
813 3812512 
814 3812512 
815 3812512 
816 3812512 
817 3812512 
818 3812512 
819 3812512 
820 3812512 
821 3812512 
822 3812512 
823 3812512 
824 3812512 
825 3812512 
826 3812512 
827 3812512 
828 3812512 
829 3812512 
830 3812512 
831 3812512 
832 3812512 
833 3812512 
834 3812512 
835 3812512 
836 3812512 
837 3812512 
838 3812512 
839 3812512 
840 3812512 
841 3812512 
842 3812512 
843 3812512 
844 3812512 
845 3812512 
846 3812512 
847 3812512 
848 3812512 
849 3812512 
850 3812512 
851 3812512 
852 3812512 
853 3812512 
854 3812512 
855 3812512 
856 3812512 
857 3812512 
858 3812512 
859 3812512 
860 3812512 
861 3812512 
862 3812512 
863 3812512 
864 3812512 
865 3812512 
866 3812512 
867 3812512 
868 3812512 
869 3812512 
870 3812512 
871 3812512 
872 3812512 
873 3812512 
874 3812512 
875 3812512 
876 3812512 
877 3812512 
878 3812512 
879 3812512 
880 3812512 
881 3812512 
882 3812512 
883 3812512 
884 3812512 
885 3812512 
886 3812512 
887 3812512 
888 3812512 
889 3812512 
890 3812512 
891 3812512 
892 3812512 
893 3812512 
894 3812512 
895 3812512 
896 3812512 
897 3812512 
898 3812512 
899 3812512 
900 3812512 
901 3812512 
902 3812512 
903 3812512 
904 3812512 
905 3812512 
906 3812512 
907 3812512 
908 3812512 
909 3812512 
910 3812512 
911 3812512 
912 3812512 
913 3812512 
914 3812512 
915 3812512 
916 3812512 
917 3812512 
918 3812512 
919 3812512 
920 3812512 
921 3812512 
922 3812512 
923 3812512 
924 3812512 
925 3812512 
926 3812512 
927 3812512 
928 3812512 
929 3812512 
930 3812512 
931 3812512 
932 3812512 
933 3812512 
934 3812512 
935 3812512 
936 3812512 
937 3812512 
938 3812512 
939 3812512 
940 3812512 
941 3812512 
942 3812512 
943 3812512 
944 3812512 
945 3812512 
946 3812512 
947 3812512 
948 3812512 
949 3812512 
950 3812512 
951 3812512 
952 3812512 
953 3812512 
954 3812512 
955 3812512 
956 3812512 
957 3812512 
958 3812512 
959 3812512 
960 3812512 
961 3812512 
962 3812512 
963 3812512 
964 3812512 
965 3812512 
966 3812512 
967 3812512 
968 3812512 
969 3812512 
970 3812512 
971 3812512 
972 3812512 
973 3812512 
974 3812512 
975 3812512 
976 3812512 
977 3812512 
978 3812512 
979 3812512 
980 3812512 
981 3812512 
982 3812512 
983 3812512 
984 3812512 
985 3812512 
986 3812512 
987 3812512 
988 3812512 
989 3812512 
990 3812512 
991 3812512 
992 3812512 
993 3812512 
994 3812512 
995 3812512 
996 3812512 
997 3812512 
998 3812512 
999 3812512 
1000 3812512 
1001 3812512 
1002 3812512 
1003 3812512 
1004 3812512 
1005 3812512 
1006 3812512 
1007 3812512 
1008 3812512 
1009 3812512 
1010 3812512 
1011 3812512 
1012 3812512 
1013 3812512 
1014 3812512 
1015 3812512 
1016 3812512 
1017 3812512 
1018 3812512 
1019 3812512 
1020 3812512 
1021 3812512 
1022 3812512 
1023 3812512 
1024 3812512 
1025 3812512 
1026 3812512 
1027 3812512 
1028 3812512 
1029 3812512 
1030 3812512 
1031 3812512 
1032 3812512 
1033 3812512 
1034 3812512 
1035 3812512 
1036 3812512 
1037 3812512 
1038 3812512 
1039 3812512 
1040 3812512 
1041 3812512 
1042 3812512 
1043 3812512 
1044 3812512 
1045 3812512 
1046 3812512 
1047 3812512 
1048 3812512 
1049 3812512 
1050 3812512 
1051 3812512 
1052 3812512 
1053 3812512 
1054 3812512 
1055 3812512 
1056 3812512 
1057 3812512 
1058 3812512 
1059 3812512 
1060 3812512 
1061 3812512 
1062 3812512 
1063 3812512 
1064 3812512 
1065 3812512 
1066 3812512 
1067 3812512 
1068 3812512 
1069 3812512 
1070 3812512 
1071 3812512 
1072 3812512 
1073 3812512 
1074 3812512 
1075 3812512 
1076 3812512 
1077 3812512 
1078 3812512 
1079 3812512 
1080 3812512 
1081 3812512 
1082 3812512 
1083 3812512 
1084 3812512 
1085 3812512 
1086 3812512 
1087 3812512 
1088 3812512 
1089 3812512 
1090 3812512 
1091 3812512 
1092 3812512 
1093 3812512 
1094 3812512 
1095 3812512 
1096 3812512 
1097 3812512 
1098 3812512 
1099 3812512 
1100 3812512 
1101 3812512 
1102 3812512 
1103 3812512 
1104 3812512 
1105 3812512 
1106 3812512 
1107 3812512 
1108 3812512 
1109 3812512 
1110 3812512 
1111 3812512 
1112 3812512 
1113 3812512 
1114 3812512 
1115 3812512 
1116 3812512 
1117 3812512 
1118 3812512 
1119 3812512 
1120 3812512 
1121 3812512 
1122 3812512 
1123 3812512 
1124 3812512 
1125 3812512 
1126 3812512 
1127 3812512 
1128 3812512 
1129 3812512 
1130 3812512 
1131 3812512 
1132 3812512 
1133 3812512 
1134 3812512 
1135 3812512 
1136 3812512 
1137 3812512 
1138 3812512 
1139 3812512 
1140 3812512 
1141 3812512 
1142 3812512 
1143 3812512 
1144 3812512 
1145 3812512 
1146 3812512 
1147 3812512 
1148 3812512 
1149 3812512 
1150 3812512 
1151 3812512 
1152 3812512 
1153 3812512 
1154 3812512 
1155 3812512 
1156 3812512 
1157 3812512 
1158 3812512 
1159 3812512 
1160 3812512 
1161 3812512 
1162 3812512 
1163 3812512 
1164 3812512 
1165 3812512 
1166 3812512 
1167 3812512 
1168 3812512 
1169 3812512 
1170 3812512 
1171 3812512 
1172 3812512 
1173 3812512 
1174 3812512 
1175 3812512 
1176 3812512 
1177 3812512 
1178 3812512 
1179 3812512 
1180 3812512 
1181 3812512 
1182 3812512 
1183 3812512 
1184 3812512 
1185 3812512 
1186 3812512 
1187 3812512 
1188 3812512 
1189 3812512 
1190 3812512 
1191 3812512 
1192 3812512 
1193 3812512 
1194 3812512 
1195 3812512 
1196 3812512 
1197 3812512 
1198 3812512 
1199 3812512 
1200 3812512 
1201 3812512 
1202 3812512 
1203 3812512 
1204 3812512 
1205 3812512 
1206 3812512 
1207 3812512 
1208 3812512 
1209 3812512 
1210 3812512 
1211 3812512 
1212 3812512 
1213 3812512 
1214 3812512 
1215 3812512 
1216 3812512 
1217 3812512 
1218 3812512 
1219 3812512 
1220 3812512 
1221 3812512 
1222 3812512 
1223 3812512 
1224 3812512 
1225 3812512 
1226 3812512 
1227 3812512 
1228 3812512 
1229 3812512 
1230 3812512 
1231 3812512 
1232 3812512 
1233 3812512 
1234 3812512 
1235 3812512 
1236 3812512 
1237 3812512 
1238 3812512 
1239 3812512 
1240 3812512 
1241 3812512 
1242 3812512 
1243 3812512 
1244 3812512 
1245 3812512 
1246 3812512 
1247 3812512 
1248 3812512 
1249 3812512 
1250 3812512 
1251 3812512 
1252 3812512 
1253 3812512 
1254 3812512 
1255 3812512 
1256 3812512 
1257 3812512 
1258 3812512 
1259 3812512 
1260 3812512 
1261 3812512 
1262 3812512 
1263 3812512 
1264 3812512 
1265 3812512 
1266 3812512 
1267 3812512 
1268 3812512 
1269 3812512 
1270 3812512 
1271 3812512 
1272 3812512 
1273 3812512 
1274 3812512 
1275 3812512 
1276 3812512 
1277 3812512 
1278 3812512 
1279 3812512 
1280 3812512 
1281 3812512 
1282 3812512 
1283 3812512 
1284 3812512 
1285 3812512 
1286 3812512 
1287 3812512 
1288 3812512 
1289 3812512 
1290 3812512 
1291 3812512 
1292 3812512 
1293 3812512 
1294 3812512 
1295 3812512 
1296 3812512 
1297 3812512 
1298 3812512 
1299 3812512 
1300 3812512 
1301 3812512 
1302 3812512 
1303 3812512 
1304 3812512 
1305 3812512 
1306 3812512 
1307 3812512 
1308 3812512 
1309 3812512 
1310 3812512 
1311 3812512 
1312 3812512 
1313 3812512 
1314 3812512 
1315 3812512 
1316 3812512 
1317 3812512 
1318 3812512 
1319 3812512 
1320 3812512 
1321 3812512 
1322 3812512 
1323 3812512 
1324 3812512 
1325 3812512 
1326 3812512 
1327 3812512 
1328 3812512 
1329 3812512 
1330 3812512 
1331 3812512 
1332 3812512 
1333 3812512 
1334 3812512 
1335 3812512 
1336 3812512 
1337 3812512 
1338 3812512 
1339 3812512 
1340 3812512 
1341 3812512 
1342 3812512 
1343 3812512 
1344 3812512 
1345 3812512 
1346 3812512 
1347 3812512 
1348 3812512 
1349 3812512 
1350 3812512 
1351 3812512 
1352 3812512 
1353 3812512 
1354 3812512 
1355 3812512 
1356 3812512 
1357 3812512 
1358 3812512 
1359 3812512 
1360 3812512 
1361 3812512 
1362 3812512 
1363 3812512 
1364 3812512 
1365 3812512 
1366 3812512 
1367 3812512 
1368 3812512 
1369 3812512 
1370 3812512 
1371 3812512 
1372 3812512 
1373 3812512 
1374 3812512 
1375 3812512 
1376 3812512 
1377 3812512 
1378 3812512 
1379 3812512 
1380 3812512 
1381 3812512 
1382 3812512 
1383 3812512 
1384 3812512 
1385 3812512 
1386 3812512 
1387 3812512 
1388 3812512 
1389 3812512 
1390 3812512 
1391 3812512 
1392 3812512 
1393 3812512 
1394 3812512 
1395 3812512 
1396 3812512 
1397 3812512 
1398 3812512 
1399 3812512 
1400 3812512 
1401 3812512 
1402 3812512 
1403 3812512 
1404 3812512 
1405 3812512 
1406 3812512 
1407 3812512 
1408 3812512 
1409 3812512 
1410 3812512 
1411 3812512 
1412 3812512 
1413 3812512 
1414 3812512 
1415 3812512 
1416 3812512 
1417 3812512 
1418 3812512 
1419 3812512 
1420 3812512 
1421 3812512 
1422 3812512 
1423 3812512 
1424 3812512 
1425 3812512 
1426 3812512 
1427 3812512 
1428 3812512 
1429 3812512 
1430 3812512 
1431 3812512 
1432 3812512 
1433 3812512 
1434 3812512 
1435 3812512 
1436 3812512 
1437 3812512 
1438 3812512 
1439 3812512 
1440 3812512 
1441 3812512 
1442 3812512 
1443 3812512 
1444 3812512 
1445 3812512 
1446 3812512 
1447 3812512 
1448 3812512 
1449 3812512 
1450 3812512 
1451 3812512 
1452 3812512 
1453 3812512 
1454 3812512 
1455 3812512 
1456 3812512 
1457 3812512 
1458 3812512 
1459 3812512 
1460 3812512 
1461 3812512 
1462 3812512 
1463 3812512 
1464 3812512 
1465 3812512 
1466 3812512 
1467 3812512 
1468 3812512 
1469 3812512 
1470 3812512 
1471 3812512 
1472 3812512 
1473 3812512 
1474 3812512 
1475 3812512 
1476 3812512 
1477 3812512 
1478 3812512 
1479 3812512 
1480 3812512 
1481 3812512 
1482 3812512 
1483 3812512 
1484 3812512 
1485 3812512 
1486 3812512 
1487 3812512 
1488 3812512 
1489 3812512 
1490 3812512 
1491 3812512 
1492 3812512 
1493 3812512 
1494 3812512 
1495 3812512 
1496 3812512 
1497 3812512 
1498 3812512 
1499 3812512 
1500 3812512 
1501 3812512 
1502 3812512 
1503 3812512 
1504 3812512 
1505 3812512 
1506 3812512 
1507 3812512 
1508 3812512 
1509 3812512 
1510 3812512 
1511 3812512 
1512 3812512 
1513 3812512 
1514 3812512 
1515 3812512 
1516 3812512 
1517 3812512 
1518 3812512 
1519 3812512 
1520 3812512 
1521 3812512 
1522 3812512 
1523 3812512 
1524 3812512 
1525 3812512 
1526 3812512 
1527 3812512 
1528 3812512 
1529 3812512 
1530 3812512 
1531 3812512 
1532 3812512 
1533 3812512 
1534 3812512 
1535 3812512 
1536 3812512 
1537 3812512 
1538 3812512 
1539 3812512 
1540 3812512 
1541 3812512 
1542 3812512 
1543 3812512 
1544 3812512 
1545 3812512 
1546 3812512 
1547 3812512 
1548 3812512 
1549 3812512 
1550 3812512 
1551 3812512 
1552 3812512 
1553 3812512 
1554 3812512 
1555 3812512 
1556 3812512 
1557 3812512 
1558 3812512 
1559 3812512 
1560 3812512 
1561 3812512 
1562 3812512 
1563 3812512 
1564 3812512 
1565 3812512 
1566 3812512 
1567 3812512 
1568 3812512 
1569 3812512 
1570 3812512 
1571 3812512 
1572 3812512 
1573 3812512 
1574 3812512 
1575 3812512 
1576 3812512 
1577 3812512 
1578 3812512 
1579 3812512 
1580 3812512 
1581 3812512 
1582 3812512 
1583 3812512 
1584 3812512 
1585 3812512 
1586 3812512 
1587 3812512 
1588 3812512 
1589 3812512 
1590 3812512 
1591 3812512 
1592 3812512 
1593 3812512 
1594 3812512 
1595 3812512 
1596 3812512 
1597 3812512 
1598 3812512 
1599 3812512 
1600 3812512 
1601 3812512 
1602 3812512 
1603 3812512 
1604 3812512 
1605 3812512 
1606 3812512 
1607 3812512 
1608 3812512 
1609 3812512 
1610 3812512 
1611 3812512 
1612 3812512 
1613 3812512 
1614 3812512 
1615 3812512 
1616 3812512 
1617 3812512 
1618 3812512 
1619 3812512 
1620 3812512 
1621 3812512 
1622 3812512 
1623 3812512 
1624 3812512 
1625 3812512 
1626 3812512 
1627 3812512 
1628 3812512 
1629 3812512 
1630 3812512 
1631 3812512 
1632 3812512 
1633 3812512 
1634 3812512 
1635 3812512 
1636 3812512 
1637 3812512 
1638 3812512 
1639 3812512 
1640 3812512 
1641 3812512 
1642 3812512 
1643 3812512 
1644 3812512 
1645 3812512 
1646 3812512 
1647 3812512 
1648 3812512 
1649 3812512 
1650 3812512 
1651 3812512 
1652 3812512 
1653 3812512 
1654 3812512 
1655 3812512 
1656 3812512 
1657 3812512 
1658 3812512 
1659 3812512 
1660 3812512 
1661 3812512 
1662 3812512 
1663 3812512 
1664 3812512 
1665 3812512 
1666 3812512 
1667 3812512 
1668 3812512 
1669 3812512 
1670 3812512 
1671 3812512 
1672 3812512 
1673 3812512 
1674 3812512 
1675 3812512 
1676 3812512 
1677 3812512 
1678 3812512 
1679 3812512 
1680 3812512 
1681 3812512 
1682 3812512 
1683 3812512 
1684 3812512 
1685 3812512 
1686 3812512 
1687 3812512 
1688 3812512 
1689 3812512 
1690 3812512 
1691 3812512 
1692 3812512 
1693 3812512 
1694 3812512 
1695 3812512 
1696 3812512 
1697 3812512 
1698 3812512 
1699 3812512 
1700 3812512 
1701 3812512 
1702 3812512 
1703 3812512 
1704 3812512 
1705 3812512 
1706 3812512 
1707 3812512 
1708 3812512 
1709 3812512 
1710 3812512 
1711 3812512 
1712 3812512 
1713 3812512 
1714 3812512 
1715 3812512 
1716 3812512 
1717 3812512 
1718 3812512 
1719 3812512 
1720 3812512 
1721 3812512 
1722 3812512 
1723 3812512 
1724 3812512 
1725 3812512 
1726 3812512 
1727 3812512 
1728 3812512 
1729 3812512 
1730 3812512 
1731 3812512 
1732 3812512 
1733 3812512 
1734 3812512 
1735 3812512 
1736 3812512 
1737 3812512 
1738 3812512 
1739 3812512 
1740 3812512 
1741 3812512 
1742 3812512 
1743 3812512 
1744 3812512 
1745 3812512 
1746 3812512 
1747 3812512 
1748 3812512 
1749 3812512 
1750 3812512 
1751 3812512 
1752 3812512 
1753 3812512 
1754 3812512 
1755 3812512 
1756 3812512 
1757 3812512 
1758 3812512 
1759 3812512 
1760 3812512 
1761 3812512 
1762 3812512 
1763 3812512 
1764 3812512 
1765 3812512 
1766 3812512 
1767 3812512 
1768 3812512 
1769 3812512 
1770 3812512 
1771 3812512 
1772 3812512 
1773 3812512 
1774 3812512 
1775 3812512 
1776 3812512 
1777 3812512 
1778 3812512 
1779 3812512 
1780 3812512 
1781 3812512 
1782 3812512 
1783 3812512 
1784 3812512 
1785 3812512 
1786 3812512 
1787 3812512 
1788 3812512 
1789 3812512 
1790 3812512 
1791 3812512 
1792 3812512 
1793 3812512 
1794 3812512 
1795 3812512 
1796 3812512 
1797 3812512 
1798 3812512 
1799 3812512 
1800 3812512 
1801 3812512 
1802 3812512 
1803 3812512 
1804 3812512 
1805 3812512 
1806 3812512 
1807 3812512 
1808 3812512 
1809 3812512 
1810 3812512 
1811 3812512 
1812 3812512 
1813 3812512 
1814 3812512 
1815 3812512 
1816 3812512 
1817 3812512 
1818 3812512 
1819 3812512 
1820 3812512 
1821 3812512 
1822 3812512 
1823 3812512 
1824 3812512 
1825 3812512 
1826 3812512 
1827 3812512 
1828 3812512 
1829 3812512 
1830 3812512 
1831 3812512 
1832 3812512 
1833 3812512 
1834 3812512 
1835 3812512 
1836 3812512 
1837 3812512 
1838 3812512 
1839 3812512 
1840 3812512 
1841 3812512 
1842 3812512 
1843 3812512 
1844 3812512 
1845 3812512 
1846 3812512 
1847 3812512 
1848 3812512 
1849 3812512 
1850 3812512 
1851 3812512 
1852 3812512 
1853 3812512 
1854 3812512 
1855 3812512 
1856 3812512 
1857 3812512 
1858 3812512 
1859 3812512 
1860 3812512 
1861 3812512 
1862 3812512 
1863 3812512 
1864 3812512 
1865 3812512 
1866 3812512 
1867 3812512 
1868 3812512 
1869 3812512 
1870 3812512 
1871 3812512 
1872 3812512 
1873 3812512 
1874 3812512 
1875 3812512 
1876 3812512 
1877 3812512 
1878 3812512 
1879 3812512 
1880 3812512 
1881 3812512 
1882 3812512 
1883 3812512 
1884 3812512 
1885 3812512 
1886 3812512 
1887 3812512 
1888 3812512 
1889 3812512 
1890 3812512 
1891 3812512 
1892 3812512 
1893 3812512 
1894 3812512 
1895 3812512 
1896 3812512 
1897 3812512 
1898 3812512 
1899 3812512 
1900 3812512 
1901 3812512 
1902 3812512 
1903 3812512 
1904 3812512 
1905 3812512 
1906 3812512 
1907 3812512 
1908 3812512 
1909 3812512 
1910 3812512 
1911 3812512 
1912 3812512 
1913 3812512 
1914 3812512 
1915 3812512 
1916 3812512 
1917 3812512 
1918 3812512 
1919 3812512 
1920 3812512 
1921 3812512 
1922 3812512 
1923 3812512 
1924 3812512 
1925 3812512 
1926 3812512 
1927 3812512 
1928 3812512 
1929 3812512 
1930 3812512 
1931 3812512 
1932 3812512 
1933 3812512 
1934 3812512 
1935 3812512 
1936 3812512 
1937 3812512 
1938 3812512 
1939 3812512 
1940 3812512 
1941 3812512 
1942 3812512 
1943 3812512 
1944 3812512 
1945 3812512 
1946 3812512 
1947 3812512 
1948 3812512 
1949 3812512 
1950 3812512 
1951 3812512 
1952 3812512 
1953 3812512 
1954 3812512 
1955 3812512 
1956 3812512 
1957 3812512 
1958 3812512 
1959 3812512 
1960 3812512 
1961 3812512 
1962 3812512 
1963 3812512 
1964 3812512 
1965 3812512 
1966 3812512 
1967 3812512 
1968 3812512 
1969 3812512 
1970 3812512 
1971 3812512 
1972 3812512 
1973 3812512 
1974 3812512 
1975 3812512 
1976 3812512 
1977 3812512 
1978 3812512 
1979 3812512 
1980 3812512 
1981 3812512 
1982 3812512 
1983 3812512 
1984 3812512 
1985 3812512 
1986 3812512 
1987 3812512 
1988 3812512 
1989 3812512 
1990 3812512 
1991 3812512 
1992 3812512 
1993 3812512 
1994 3812512 
1995 3812512 
1996 3812512 
1997 3812512 
1998 3812512 
1999 3812512 
2000 3812512 
2001 3812512 
2002 3812512 
2003 3812512 
2004 3812512 
2005 3812512 
2006 3812512 
2007 3812512 
2008 3812512 
2009 3812512 
2010 3812512 
2011 3812512 
2012 3812512 
2013 3812512 
2014 3812512 
2015 3812512 
2016 3812512 
2017 3812512 
2018 3812512 
2019 3812512 
2020 3812512 
2021 3812512 
2022 3812512 
2023 3812512 
2024 3812512 
2025 3812512 
2026 3812512 
2027 3812512 
2028 3812512 
2029 3812512 
2030 3812512 
2031 3812512 
2032 3812512 
2033 3812512 
2034 3812512 
2035 3812512 
2036 3812512 
2037 3812512 
2038 3812512 
2039 3812512 
2040 3812512 
2041 3812512 
2042 3812512 
2043 3812512 
2044 3812512 
2045 3812512 
2046 3812512 
2047 3812512 
2048 3812512 
2049 3812512 
2050 3812512 
2051 3812512 
2052 3812512 
2053 3812512 
2054 3812512 
2055 3812512 
2056 3812512 
2057 3812512 
2058 3812512 
2059 3812512 
2060 3812512 
2061 3812512 
2062 3812512 
2063 3812512 
2064 3812512 
2065 3812512 
2066 3812512 
2067 3812512 
2068 3812512 
2069 3812512 
2070 3812512 
2071 3812512 
2072 3812512 
2073 3812512 
2074 3812512 
2075 3812512 
2076 3812512 
2077 3812512 
2078 3812512 
2079 3812512 
2080 3812512 
2081 3812512 
2082 3812512 
2083 3812512 
2084 3812512 
2085 3812512 
2086 3812512 
2087 3812512 
2088 3812512 
2089 3812512 
2090 3812512 
2091 3812512 
2092 3812512 
2093 3812512 
2094 3812512 
2095 3812512 
2096 3812512 
2097 3812512 
2098 3812512 
2099 3812512 
2100 3812512 
2101 3812512 
2102 3812512 
2103 3812512 
2104 3812512 
2105 3812512 
2106 3812512 
2107 3812512 
2108 3812512 
2109 3812512 
2110 3812512 
2111 3812512 
2112 3812512 
2113 3812512 
2114 3812512 
2115 3812512 
2116 3812512 
2117 3812512 
2118 3812512 
2119 3812512 
2120 3812512 
2121 3812512 
2122 3812512 
2123 3812512 
2124 3812512 
2125 3812512 
2126 3812512 
2127 3812512 
2128 3812512 
2129 3812512 
2130 3812512 
2131 3812512 
2132 3812512 
2133 3812512 
2134 3812512 
2135 3812512 
2136 3812512 
2137 3812512 
2138 3812512 
2139 3812512 
2140 3812512 
2141 3812512 
2142 3812512 
2143 3812512 
2144 3812512 
2145 3812512 
2146 3812512 
2147 3812512 
2148 3812512 
2149 3812512 
2150 3812512 
2151 3812512 
2152 3812512 
2153 3812512 
2154 3812512 
2155 3812512 
2156 3812512 
2157 3812512 
2158 3812512 
2159 3812512 
2160 3812512 
2161 3812512 
2162 3812512 
2163 3812512 
2164 3812512 
2165 3812512 
2166 3812512 
2167 3812512 
2168 3812512 
2169 3812512 
2170 3812512 
2171 3812512 
2172 3812512 
2173 3812512 
2174 3812512 
2175 3812512 
2176 3812512 
2177 3812512 
2178 3812512 
2179 3812512 
2180 3812512 
2181 3812512 
2182 3812512 
2183 3812512 
2184 3812512 
2185 3812512 
2186 3812512 
2187 3812512 
2188 3812512 
2189 3812512 
2190 3812512 
2191 3812512 
2192 3812512 
2193 3812512 
2194 3812512 
2195 3812512 
2196 3812512 
2197 3812512 
2198 3812512 
2199 3812512 
2200 3812512 
2201 3812512 
2202 3812512 
2203 3812512 
2204 3812512 
2205 3812512 
2206 3812512 
2207 3812512 
2208 3812512 
2209 3812512 
2210 3812512 
2211 3812512 
2212 3812512 
2213 3812512 
2214 3812512 
2215 3812512 
2216 3812512 
2217 3812512 
2218 3812512 
2219 3812512 
2220 3812512 
2221 3812512 
2222 3812512 
2223 3812512 
2224 3812512 
2225 3812512 
2226 3812512 
2227 3812512 
2228 3812512 
2229 3812512 
2230 3812512 
2231 3812512 
2232 3812512 
2233 3812512 
2234 3812512 
2235 3812512 
2236 3812512 
2237 3812512 
2238 3812512 
2239 3812512 
2240 3812512 
2241 3812512 
2242 3812512 
2243 3812512 
2244 3812512 
2245 3812512 
2246 3812512 
2247 3812512 
2248 3812512 
2249 3812512 
2250 3812512 
2251 3812512 
2252 3812512 
2253 3812512 
2254 3812512 
2255 3812512 
2256 3812512 
2257 3812512 
2258 3812512 
2259 3812512 
2260 3812512 
2261 3812512 
2262 3812512 
2263 3812512 
2264 3812512 
2265 3812512 
2266 3812512 
2267 3812512 
2268 3812512 
2269 3812512 
2270 3812512 
2271 3812512 
2272 3812512 
2273 3812512 
2274 3812512 
2275 3812512 
2276 3812512 
2277 3812512 
2278 3812512 
2279 3812512 
2280 3812512 
2281 3812512 
2282 3812512 
2283 3812512 
2284 3812512 
2285 3812512 
2286 3812512 
2287 3812512 
2288 3812512 
2289 3812512 
2290 3812512 
2291 3812512 
2292 3812512 
2293 3812512 
2294 3812512 
2295 3812512 
2296 3812512 
2297 3812512 
2298 3812512 
2299 3812512 
2300 3812512 
2301 3812512 
2302 3812512 
2303 3812512 
2304 3812512 
2305 3812512 
2306 3812512 
2307 3812512 
2308 3812512 
2309 3812512 
2310 3812512 
2311 3812512 
2312 3812512 
2313 3812512 
2314 3812512 
2315 3812512 
2316 3812512 
2317 3812512 
2318 3812512 
2319 3812512 
2320 3812512 
2321 3812512 
2322 3812512 
2323 3812512 
2324 3812512 
2325 3812512 
2326 3812512 
2327 3812512 
2328 3812512 
2329 3812512 
2330 3812512 
2331 3812512 
2332 3812512 
2333 3812512 
2334 3812512 
2335 3812512 
2336 3812512 
2337 3812512 
2338 3812512 
2339 3812512 
2340 3812512 
2341 3812512 
2342 3812512 
2343 3812512 
2344 3812512 
2345 3812512 
2346 3812512 
2347 3812512 
2348 3812512 
2349 3812512 
2350 3812512 
2351 3812512 
2352 3812512 
2353 3812512 
2354 3812512 
2355 3812512 
2356 3812512 
2357 3812512 
2358 3812512 
2359 3812512 
2360 3812512 
2361 3812512 
2362 3812512 
2363 3812512 
2364 3812512 
2365 3812512 
2366 3812512 
2367 3812512 
2368 3812512 
2369 3812512 
2370 3812512 
2371 3812512 
2372 3812512 
2373 3812512 
2374 3812512 
2375 3812512 
2376 3812512 
2377 3812512 
2378 3812512 
2379 3812512 
2380 3812512 
2381 3812512 
2382 3812512 
2383 3812512 
2384 3812512 
2385 3812512 
2386 3812512 
2387 3812512 
2388 3812512 
2389 3812512 
2390 3812512 
2391 3812512 
2392 3812512 
2393 3812512 
2394 3812512 
2395 3812512 
2396 3812512 
2397 3812512 
2398 3812512 
2399 3812512 
2400 3812512 
2401 3812512 
2402 3812512 
2403 3812512 
2404 3812512 
2405 3812512 
2406 3812512 
2407 3812512 
2408 3812512 
2409 3812512 
2410 3812512 
2411 3812512 
2412 3812512 
2413 3812512 
2414 3812512 
2415 3812512 
2416 3812512 
2417 3812512 
2418 3812512 
2419 3812512 
2420 3812512 
2421 3812512 
2422 3812512 
2423 3812512 
2424 3812512 
2425 3812512 
2426 3812512 
2427 3812512 
2428 3812512 
2429 3812512 
2430 3812512 
2431 3812512 
2432 3812512 
2433 3812512 
2434 3812512 
2435 3812512 
2436 3812512 
2437 3812512 
2438 3812512 
2439 3812512 
2440 3812512 
2441 3812512 
2442 3812512 
2443 3812512 
2444 3812512 
2445 3812512 
2446 3812512 
2447 3812512 
2448 3812512 
2449 3812512 
2450 3812512 
2451 3812512 
2452 3812512 
2453 3812512 
2454 3812512 
2455 3812512 
2456 3812512 
2457 3812512 
2458 3812512 
2459 3812512 
2460 3812512 
2461 3812512 
2462 3812512 
2463 3812512 
2464 3812512 
2465 3812512 
2466 3812512 
2467 3812512 
2468 3812512 
2469 3812512 
2470 3812512 
2471 3812512 
2472 3812512 
2473 3812512 
2474 3812512 
2475 3812512 
2476 3812512 
2477 3812512 
2478 3812512 
2479 3812512 
2480 3812512 
2481 3812512 
2482 3812512 
2483 3812512 
2484 3812512 
2485 3812512 
2486 3812512 
2487 3812512 
2488 3812512 
2489 3812512 
2490 3812512 
2491 3812512 
2492 3812512 
2493 3812512 
2494 3812512 
2495 3812512 
2496 3812512 
2497 3812512 
2498 3812512 
2499 3812512 
2500 3812512 
2501 3812512 
2502 3812512 
2503 3812512 
2504 3812512 
2505 3812512 
2506 3812512 
2507 3812512 
2508 3812512 
2509 3812512 
2510 3812512 
2511 3812512 
2512 3812512 
2513 3812512 
2514 3812512 
2515 3812512 
2516 3812512 
2517 3812512 
2518 3812512 
2519 3812512 
2520 3812512 
2521 3812512 
2522 3812512 
2523 3812512 
2524 3812512 
2525 3812512 
2526 3812512 
2527 3812512 
2528 3812512 
2529 3812512 
2530 3812512 
2531 3812512 
2532 3812512 
2533 3812512 
2534 3812512 
2535 3812512 
2536 3812512 
2537 3812512 
2538 3812512 
2539 3812512 
2540 3812512 
2541 3812512 
2542 3812512 
2543 3812512 
2544 3812512 
2545 3812512 
2546 3812512 
2547 3812512 
2548 3812512 
2549 3812512 
2550 3812512 
2551 3812512 
2552 3812512 
2553 3812512 
2554 3812512 
2555 3812512 
2556 3812512 
2557 3812512 
2558 3812512 
2559 3812512 
2560 3812512 
2561 3812512 
2562 3812512 
2563 3812512 
2564 3812512 
2565 3812512 
2566 3812512 
2567 3812512 
2568 3812512 
2569 3812512 
2570 3812512 
2571 3812512 
2572 3812512 
2573 3812512 
2574 3812512 
2575 3812512 
2576 3812512 
2577 3812512 
2578 3812512 
2579 3812512 
2580 3812512 
2581 3812512 
2582 3812512 
2583 3812512 
2584 3812512 
2585 3812512 
2586 3812512 
2587 3812512 
2588 3812512 
2589 3812512 
2590 3812512 
2591 3812512 
2592 3812512 
2593 3812512 
2594 3812512 
2595 3812512 
2596 3812512 
2597 3812512 
2598 3812512 
2599 3812512 
2600 3812512 
2601 3812512 
2602 3812512 
2603 3812512 
2604 3812512 
2605 3812512 
2606 3812512 
2607 3812512 
2608 3812512 
2609 3812512 
2610 3812512 
2611 3812512 
2612 3812512 
2613 3812512 
2614 3812512 
2615 3812512 
2616 3812512 
2617 3812512 
2618 3812512 
2619 3812512 
2620 3812512 
2621 3812512 
2622 3812512 
2623 3812512 
2624 3812512 
2625 3812512 
2626 3812512 
2627 3812512 
2628 3812512 
2629 3812512 
2630 3812512 
2631 3812512 
2632 3812512 
2633 3812512 
2634 3812512 
2635 3812512 
2636 3812512 
2637 3812512 
2638 3812512 
2639 3812512 
2640 3812512 
2641 3812512 
2642 3812512 
2643 3812512 
2644 3812512 
2645 3812512 
2646 3812512 
2647 3812512 
2648 3812512 
2649 3812512 
2650 3812512 
2651 3812512 
2652 3812512 
2653 3812512 
2654 3812512 
2655 3812512 
2656 3812512 
2657 3812512 
2658 3812512 
2659 3812512 
2660 3812512 
2661 3812512 
2662 3812512 
2663 3812512 
2664 3812512 
2665 3812512 
2666 3812512 
2667 3812512 
2668 3812512 
2669 3812512 
2670 3812512 
2671 3812512 
2672 3812512 
2673 3812512 
2674 3812512 
2675 3812512 
2676 3812512 
2677 3812512 
2678 3812512 
2679 3812512 
2680 3812512 
2681 3812512 
2682 3812512 
2683 3812512 
2684 3812512 
2685 3812512 
2686 3812512 
2687 3812512 
2688 3812512 
2689 3812512 
2690 3812512 
2691 3812512 
2692 3812512 
2693 3812512 
2694 3812512 
2695 3812512 
2696 3812512 
2697 3812512 
2698 3812512 
2699 3812512 
2700 3812512 
2701 3812512 
2702 3812512 
2703 3812512 
2704 3812512 
2705 3812512 
2706 3812512 
2707 3812512 
2708 3812512 
2709 3812512 
2710 3812512 
2711 3812512 
2712 3812512 
2713 3812512 
2714 3812512 
2715 3812512 
2716 3812512 
2717 3812512 
2718 3812512 
2719 3812512 
2720 3812512 
2721 3812512 
2722 3812512 
2723 3812512 
2724 3812512 
2725 3812512 
2726 3812512 
2727 3812512 
2728 3812512 
2729 3812512 
2730 3812512 
2731 3812512 
2732 3812512 
2733 3812512 
2734 3812512 
2735 3812512 
2736 3812512 
2737 3812512 
2738 3812512 
2739 3812512 
2740 3812512 
2741 3812512 
2742 3812512 
2743 3812512 
2744 3812512 
2745 3812512 
2746 3812512 
2747 3812512 
2748 3812512 
2749 3812512 
2750 3812512 
2751 3812512 
2752 3812512 
2753 3812512 
2754 3812512 
2755 3812512 
2756 3812512 
2757 3812512 
2758 3812512 
2759 3812512 
2760 3812512 
2761 3812512 
2762 3812512 
2763 3812512 
2764 3812512 
2765 3812512 
2766 3812512 
2767 3812512 
2768 3812512 
2769 3812512 
2770 3812512 
2771 3812512 
2772 3812512 
2773 3812512 
2774 3812512 
2775 3812512 
2776 3812512 
2777 3812512 
2778 3812512 
2779 3812512 
2780 3812512 
2781 3812512 
2782 3812512 
2783 3812512 
2784 3812512 
2785 3812512 
2786 3812512 
2787 3812512 
2788 3812512 
2789 3812512 
2790 3812512 
2791 3812512 
2792 3812512 
2793 3812512 
2794 3812512 
2795 3812512 
2796 3812512 
2797 3812512 
2798 3812512 
2799 3812512 
2800 3812512 
2801 3812512 
2802 3812512 
2803 3812512 
2804 3812512 
2805 3812512 
2806 3812512 
2807 3812512 
2808 3812512 
2809 3812512 
2810 3812512 
2811 3812512 
2812 3812512 
2813 3812512 
2814 3812512 
2815 3812512 
2816 3812512 
2817 3812512 
2818 3812512 
2819 3812512 
2820 3812512 
2821 3812512 
2822 3812512 
2823 3812512 
2824 3812512 
2825 3812512 
2826 3812512 
2827 3812512 
2828 3812512 
2829 3812512 
2830 3812512 
2831 3812512 
2832 3812512 
2833 3812512 
2834 3812512 
2835 3812512 
2836 3812512 
2837 3812512 
2838 3812512 
2839 3812512 
2840 3812512 
2841 3812512 
2842 3812512 
2843 3812512 
2844 3812512 
2845 3812512 
2846 3812512 
2847 3812512 
2848 3812512 
2849 3812512 
2850 3812512 
2851 3812512 
2852 3812512 
2853 3812512 
2854 3812512 
2855 3812512 
2856 3812512 
2857 3812512 
2858 3812512 
2859 3812512 
2860 3812512 
2861 3812512 
2862 3812512 
2863 3812512 
2864 3812512 
2865 3812512 
2866 3812512 
2867 3812512 
2868 3812512 
2869 3812512 
2870 3812512 
2871 3812512 
2872 3812512 
2873 3812512 
2874 3812512 
2875 3812512 
2876 3812512 
2877 3812512 
2878 3812512 
2879 3812512 
2880 3812512 
2881 3812512 
2882 3812512 
2883 3812512 
2884 3812512 
2885 3812512 
2886 3812512 
2887 3812512 
2888 3812512 
2889 3812512 
2890 3812512 
2891 3812512 
2892 3812512 
2893 3812512 
2894 3812512 
2895 3812512 
2896 3812512 
2897 3812512 
2898 3812512 
2899 3812512 
2900 3812512 
2901 3812512 
2902 3812512 
2903 3812512 
2904 3812512 
2905 3812512 
2906 3812512 
2907 3812512 
2908 3812512 
2909 3812512 
2910 3812512 
2911 3812512 
2912 3812512 
2913 3812512 
2914 3812512 
2915 3812512 
2916 3812512 
2917 3812512 
2918 3812512 
2919 3812512 
2920 3812512 
2921 3812512 
2922 3812512 
2923 3812512 
2924 3812512 
2925 3812512 
2926 3812512 
2927 3812512 
2928 3812512 
2929 3812512 
2930 3812512 
2931 3812512 
2932 3812512 
2933 3812512 
2934 3812512 
2935 3812512 
2936 3812512 
2937 3812512 
2938 3812512 
2939 3812512 
2940 3812512 
2941 3812512 
2942 3812512 
2943 3812512 
2944 3812512 
2945 3812512 
2946 3812512 
2947 3812512 
2948 3812512 
2949 3812512 
2950 3812512 
2951 3812512 
2952 3812512 
2953 3812512 
2954 3812512 
2955 3812512 
2956 3812512 
2957 3812512 
2958 3812512 
2959 3812512 
2960 3812512 
2961 3812512 
2962 3812512 
2963 3812512 
2964 3812512 
2965 3812512 
2966 3812512 
2967 3812512 
2968 3812512 
2969 3812512 
2970 3812512 
2971 3812512 
2972 3812512 
2973 3812512 
2974 3812512 
2975 3812512 
2976 3812512 
2977 3812512 
2978 3812512 
2979 3812512 
2980 3812512 
2981 3812512 
2982 3812512 
2983 3812512 
2984 3812512 
2985 3812512 
2986 3812512 
2987 3812512 
2988 3812512 
2989 3812512 
2990 3812512 
2991 3812512 
2992 3812512 
2993 3812512 
2994 3812512 
2995 3812512 
2996 3812512 
2997 3812512 
2998 3812512 
2999 3812512 
3000 3812512 
3001 3812512 
3002 3812512 
3003 3812512 
3004 3812512 
3005 3812512 
3006 3812512 
3007 3812512 
3008 3812512 
3009 3812512 
3010 3812512 
3011 3812512 
3012 3812512 
3013 3812512 
3014 3812512 
3015 3812512 
3016 3812512 
3017 3812512 
3018 3812512 
3019 3812512 
3020 3812512 
3021 3812512 
3022 3812512 
3023 3812512 
3024 3812512 
3025 3812512 
3026 3812512 
3027 3812512 
3028 3812512 
3029 3812512 
3030 3812512 
3031 3812512 
3032 3812512 
3033 3812512 
3034 3812512 
3035 3812512 
3036 3812512 
3037 3812512 
3038 3812512 
3039 3812512 
3040 3812512 
3041 3812512 
3042 3812512 
3043 3812512 
3044 3812512 
3045 3812512 
3046 3812512 
3047 3812512 
3048 3812512 
3049 3812512 
3050 3812512 
3051 3812512 
3052 3812512 
3053 3812512 
3054 3812512 
3055 3812512 
3056 3812512 
3057 3812512 
3058 3812512 
3059 3812512 
3060 3812512 
3061 3812512 
3062 3812512 
3063 3812512 
3064 3812512 
3065 3812512 
3066 3812512 
3067 3812512 
3068 3812512 
3069 3812512 
3070 3812512 
3071 3812512 
3072 3812512 
3073 3812512 
3074 3812512 
3075 3812512 
3076 3812512 
3077 3812512 
3078 3812512 
3079 3812512 
3080 3812512 
3081 3812512 
3082 3812512 
3083 3812512 
3084 3812512 
3085 3812512 
3086 3812512 
3087 3812512 
3088 3812512 
3089 3812512 
3090 3812512 
3091 3812512 
3092 3812512 
3093 3812512 
3094 3812512 
3095 3812512 
3096 3812512 
3097 3812512 
3098 3812512 
3099 3812512 
3100 3812512 
3101 3812512 
3102 3812512 
3103 3812512 
3104 3812512 
3105 3812512 
3106 3812512 
3107 3812512 
3108 3812512 
3109 3812512 

