0 6072523 
1 6058485 
2 6052560 
3 6048854 
4 6046993 
5 6046862 
6 6035221 
7 6029318 
8 6027440 
9 6025875 
10 6025146 
11 6022345 
12 6022285 
13 6022242 
14 6020201 
15 6020077 
16 6020070 
17 6020026 
18 6020006 
19 6019119 
20 6013304 
21 6013262 
22 6012911 
23 6012775 
24 6011339 
25 6011239 
26 6011208 
27 6010387 
28 6000974 
29 6000823 
30 6000819 
31 6000739 
32 5997476 
33 5996512 
34 5995778 
35 5988999 
36 5988306 
37 5986642 
38 5972761 
39 5972747 
40 5972019 
41 5971990 
42 5965011 
43 5964951 
44 5964845 
45 5960182 
46 5959846 
47 5951820 
48 5951800 
49 5951522 
50 5951373 
51 5951373 
52 5950943 
53 5950866 
54 5949319 
55 5948239 
56 5947600 
57 5944951 
58 5935552 
59 5934589 
60 5933685 
61 5929413 
62 5893023 
63 5891496 
64 5890577 
65 5890519 
66 5890238 
67 5889519 
68 5888728 
69 5888640 
70 5888462 
71 5888015 
72 5877585 
73 5877488 
74 5875797 
75 5875776 
76 5875767 
77 5874250 
78 5873853 
79 5873706 
80 5873126 
81 5870447 
82 5868913 
83 5863153 
84 5863123 
85 5862894 
86 5839130 
87 5837421 
88 5835402 
89 5833887 
90 5833834 
91 5830187 
92 5829675 
93 5829559 
94 5829144 
95 5829098 
96 5829070 
97 5828721 
98 5827811 
99 5821393 
100 5821337 
101 5813621 
102 5809312 
103 5802411 
104 5800501 
105 5797713 
106 5796432 
107 5791991 
108 5791330 
109 5790609 
110 5789866 
111 5789235 
112 5788248 
113 5786213 
114 5786135 
115 5785342 
116 5785273 
117 5785261 
118 5784065 
119 5784062 
120 5783581 
121 5782880 
122 5782830 
123 5782761 
124 5782449 
125 5782121 
126 5782109 
127 5781596 
128 5781592 
129 5781585 
130 5780842 
131 5780192 
132 5778847 
133 5778189 
134 5777530 
135 5776402 
136 5775048 
137 5774447 
138 5774434 
139 5773934 
140 5772550 
141 5771464 
142 5770149 
143 5751902 
144 5750670 
145 5744233 
146 5743069 
147 5743056 
148 5731619 
149 5731564 
150 5729814 
151 5722954 
152 5722904 
153 5720899 
154 5720461 
155 5720435 
156 5720355 
157 5720053 
158 5716732 
159 5716412 
160 5714194 
161 5712531 
162 5711957 
163 5711842 
164 5711295 
165 5711276 
166 5710300 
167 5709406 
168 5707909 
169 5707233 
170 5707218 
171 5707163 
172 5706799 
173 5706276 
174 5706261 
175 5705408 
176 5704420 
177 5704362 
178 5703894 
179 5703870 
180 5703851 
181 5703831 
182 5701921 
183 5701909 
184 5699278 
185 5699122 
186 5699072 
187 5698953 
188 5698951 
189 5698880 
190 5698875 
191 5698775 
192 5698483 
193 5696180 
194 5695509 
195 5694278 
196 5694219 
197 5691403 
198 5690485 
199 5690451 
200 5690051 
201 5690011 
202 5689952 
203 5689609 
204 5689129 
205 5682878 
206 5682607 
207 5682555 
208 5682555 
209 5682544 
210 5682469 
211 5682196 
212 5682171 
213 5681296 
214 5680276 
215 5676602 
216 5676591 
217 5672460 
218 5671840 
219 5654963 
220 5653956 
221 5653312 
222 5650717 
223 5650677 
224 5650461 
225 5650450 
226 5650017 
227 5649966 
228 5649951 
229 5649853 
230 5647085 
231 5646487 
232 5646380 
233 5644241 
234 5643797 
235 5642778 
236 5642276 
237 5642210 
238 5642047 
239 5641301 
240 5641276 
241 5639623 
242 5639582 
243 5635939 
244 5633924 
245 5632649 
246 5628592 
247 5627298 
248 5627259 
249 5625961 
250 5625480 
251 5623100 
252 5622600 
253 5621692 
254 5621412 
255 5621373 
256 5620756 
257 5616818 
258 5615712 
259 5615688 
260 5615072 
261 5604484 
262 5603584 
263 5602212 
264 5599879 
265 5597268 
266 5597238 
267 5596323 
268 5593139 
269 5592962 
270 5587150 
271 5586967 
272 5586388 
273 5585821 
274 5579022 
275 5576037 
276 5575962 
277 5573082 
278 5572957 
279 5571527 
280 5571491 
281 5571248 
282 5568461 
283 5568094 
284 5567667 
285 5567576 
286 5560384 
287 5547858 
288 5547250 
289 5546590 
290 5545184 
291 5544368 
292 5544368 
293 5544172 
294 5542638 
295 5541818 
296 5538267 
297 5536895 
298 5535648 
299 5535638 
300 5534270 
301 5532446 
302 5530605 
303 5530168 
304 5528894 
305 5524706 
306 5520780 
307 5520780 
308 5517285 
309 5516906 
310 5516552 
311 5514550 
312 5513773 
313 5512343 
314 5511102 
315 5510345 
316 5510345 
317 5510071 
318 5509595 
319 5509498 
320 5508247 
321 5507819 
322 5507143 
323 5506660 
324 5505172 
325 5505109 
326 5504486 
327 5504373 
328 5504038 
329 5503940 
330 5503767 
331 5503767 
332 5503303 
333 5503259 
334 5503036 
335 5493343 
336 5489322 
337 5487928 
338 5487905 
339 5487416 
340 5487402 
341 5486003 
342 5485526 
343 5482543 
344 5482313 
345 5481994 
346 5481972 
347 5481638 
348 5481423 
349 5481247 
350 5481247 
351 5480811 
352 5480237 
353 5479401 
354 5478968 
355 5477975 
356 5477972 
357 5477637 
358 5477546 
359 5477478 
360 5477138 
361 5476805 
362 5476791 
363 5476401 
364 5476361 
365 5476255 
366 5474890 
367 5473045 
368 5473045 
369 5473010 
370 5472791 
371 5472396 
372 5470895 
373 5470760 
374 5469807 
375 5469643 
376 5469399 
377 5468093 
378 5468030 
379 5466353 
380 5464507 
381 5464475 
382 5464456 
383 5463448 
384 5463369 
385 5463369 
386 5462195 
387 5462195 
388 5461638 
389 5461484 
390 5461484 
391 5461033 
392 5460962 
393 5460962 
394 5459428 
395 5459388 
396 5458272 
397 5457410 
398 5457410 
399 5456975 
400 5456025 
401 5455983 
402 5455940 
403 5454749 
404 5454634 
405 5453604 
406 5446490 
407 5446344 
408 5446332 
409 5446223 
410 5446136 
411 5444934 
412 5444104 
413 5443645 
414 5443343 
415 5442295 
416 5442204 
417 5442204 
418 5441010 
419 5437646 
420 5437646 
421 5437646 
422 5437358 
423 5437052 
424 5436816 
425 5436747 
426 5435985 
427 5435985 
428 5435880 
429 5435399 
430 5435303 
431 5435303 
432 5435214 
433 5435214 
434 5435144 
435 5435144 
436 5435129 
437 5435021 
438 5434870 
439 5434638 
440 5434580 
441 5434462 
442 5434462 
443 5433007 
444 5433007 
445 5432376 
446 5432376 
447 5432376 
448 5432376 
449 5432376 
450 5432376 
451 5432376 
452 5432376 
453 5432376 
454 5432376 
455 5432376 
456 5432376 
457 5432376 
458 5432376 
459 5432376 
460 5432376 
461 5432376 
462 5432376 
463 5432376 
464 5432376 
465 5432376 
466 5432376 
467 5432376 
468 5432376 
469 5432376 
470 5432376 
471 5432376 
472 5432376 
473 5432376 
474 5432376 
475 5432376 
476 5432376 
477 5432376 
478 5432376 
479 5432376 
480 5432376 
481 5432376 
482 5432376 
483 5432376 
484 5432376 
485 5432376 
486 5432376 
487 5432376 
488 5432376 
489 5432376 
490 5432376 
491 5432376 
492 5432376 
493 5432376 
494 5432376 
495 5432376 
496 5432376 
497 5432376 
498 5432376 
499 5432376 
500 5432376 
501 5432376 
502 5432376 
503 5432376 
504 5432376 
505 5432376 
506 5432376 
507 5432376 
508 5432376 
509 5432376 
510 5432376 
511 5432376 
512 5432376 
513 5432376 
514 5432376 
515 5432376 
516 5432376 
517 5432376 
518 5432376 
519 5432376 
520 5432376 
521 5432376 
522 5432376 
523 5432376 
524 5432376 
525 5432376 
526 5432376 
527 5432376 
528 5432376 
529 5432376 
530 5432376 
531 5432376 
532 5432376 
533 5432376 
534 5432376 
535 5432376 
536 5432376 
537 5432376 
538 5432376 
539 5432376 
540 5432376 
541 5432376 
542 5432376 
543 5432376 
544 5432376 
545 5432376 
546 5432376 
547 5432376 
548 5432376 
549 5432376 
550 5432376 
551 5432376 
552 5432376 
553 5432376 
554 5432376 
555 5432376 
556 5432376 
557 5432376 
558 5432376 
559 5432376 
560 5432376 
561 5432376 
562 5432376 
563 5432376 
564 5432376 
565 5432376 
566 5432376 
567 5432376 
568 5432376 
569 5432376 
570 5432376 
571 5432376 
572 5432376 
573 5432376 
574 5432376 
575 5432376 
576 5432376 
577 5432376 
578 5432376 
579 5432376 
580 5432376 
581 5432376 
582 5432376 
583 5432376 
584 5432376 
585 5432376 
586 5432376 
587 5432376 
588 5432376 
589 5432376 
590 5432376 
591 5432376 
592 5432376 
593 5432376 
594 5432376 
595 5432376 
596 5432376 
597 5432376 
598 5432376 
599 5432376 
600 5432376 
601 5432376 
602 5432376 
603 5432376 
604 5432376 
605 5432376 
606 5432376 
607 5432376 
608 5432376 
609 5432376 
610 5432376 
611 5432376 
612 5432376 
613 5432376 
614 5432376 
615 5432376 
616 5432376 
617 5432376 
618 5432376 
619 5432376 
620 5432376 
621 5432376 
622 5432376 
623 5432376 
624 5432376 
625 5432376 
626 5432376 
627 5432376 
628 5432376 
629 5432376 
630 5432376 
631 5432376 
632 5432376 
633 5432376 
634 5432376 
635 5432376 
636 5432376 
637 5432376 
638 5432376 
639 5432376 
640 5432376 
641 5432376 
642 5432376 
643 5432376 
644 5432376 
645 5432376 
646 5432376 
647 5432376 
648 5432376 
649 5432376 
650 5432376 
651 5432376 
652 5432376 
653 5432376 
654 5432376 
655 5432376 
656 5432376 
657 5432376 
658 5432376 
659 5432376 
660 5432376 
661 5432376 
662 5432376 
663 5432376 
664 5432376 
665 5432376 
666 5432376 
667 5432376 
668 5432376 
669 5432376 
670 5432376 
671 5432376 
672 5432376 
673 5432376 
674 5432376 
675 5432376 
676 5432376 
677 5432376 
678 5432376 
679 5432376 
680 5432376 
681 5432376 
682 5432376 
683 5432376 
684 5432376 
685 5432376 
686 5432376 
687 5432376 
688 5432376 
689 5432376 
690 5432376 
691 5432376 
692 5432376 
693 5432376 
694 5432376 
695 5432376 
696 5432376 
697 5432376 
698 5432376 
699 5432376 
700 5432376 
701 5432376 
702 5432376 
703 5432376 
704 5432376 
705 5432376 
706 5432376 
707 5432376 
708 5432376 
709 5432376 
710 5432376 
711 5432376 
712 5432376 
713 5432376 
714 5432376 
715 5432376 
716 5432376 
717 5432376 
718 5432376 
719 5432376 
720 5432376 
721 5432376 
722 5432376 
723 5432376 
724 5432376 
725 5432376 
726 5432376 
727 5432376 
728 5432376 
729 5432376 
730 5432376 
731 5432376 
732 5432376 
733 5432376 
734 5432376 
735 5432376 
736 5432376 
737 5432376 
738 5432376 
739 5432376 
740 5432376 
741 5432376 
742 5432376 
743 5432376 
744 5432376 
745 5432376 
746 5432376 
747 5432376 
748 5432376 
749 5432376 
750 5432376 
751 5432376 
752 5432376 
753 5432376 
754 5432376 
755 5432376 
756 5432376 
757 5432376 
758 5432376 
759 5432376 
760 5432376 
761 5432376 
762 5432376 
763 5432376 
764 5432376 
765 5432376 
766 5432376 
767 5432376 
768 5432376 
769 5432376 
770 5432376 
771 5432376 
772 5432376 
773 5432376 
774 5432376 
775 5432376 
776 5432376 
777 5432376 
778 5432376 
779 5432376 
780 5432376 
781 5432376 
782 5432376 
783 5432376 
784 5432376 
785 5432376 
786 5432376 
787 5432376 
788 5432376 
789 5432376 
790 5432376 
791 5432376 
792 5432376 
793 5432376 
794 5432376 
795 5432376 
796 5432376 
797 5432376 
798 5432376 
799 5432376 
800 5432376 
801 5432376 
802 5432376 
803 5432376 
804 5432376 
805 5432376 
806 5432376 
807 5432376 
808 5432376 
809 5432376 
810 5432376 
811 5432376 
812 5432376 
813 5432376 
814 5432376 
815 5432376 
816 5432376 
817 5432376 
818 5432376 
819 5432376 
820 5432376 
821 5432376 
822 5432376 
823 5432376 
824 5432376 
825 5432376 
826 5432376 
827 5432376 
828 5432376 
829 5432376 
830 5432376 
831 5432376 
832 5432376 
833 5432376 
834 5432376 
835 5432376 
836 5432376 
837 5432376 
838 5432376 
839 5432376 
840 5432376 
841 5432376 
842 5432376 
843 5432376 
844 5432376 
845 5432376 
846 5432376 
847 5432376 
848 5432376 
849 5432376 
850 5432376 
851 5432376 
852 5432376 
853 5432376 
854 5432376 
855 5432376 
856 5432376 
857 5432376 
858 5432376 
859 5432376 
860 5432376 
861 5432376 
862 5432376 
863 5432376 
864 5432376 
865 5432376 
866 5432376 
867 5432376 
868 5432376 
869 5432376 
870 5432376 
871 5432376 
872 5432376 
873 5432376 
874 5432376 
875 5432376 
876 5432376 
877 5432376 
878 5432376 
879 5432376 
880 5432376 
881 5432376 
882 5432376 
883 5432376 
884 5432376 
885 5432376 
886 5432376 
887 5432376 
888 5432376 
889 5432376 
890 5432376 
891 5432376 
892 5432376 
893 5432376 
894 5432376 
895 5432376 
896 5432376 
897 5432376 
898 5432376 
899 5432376 
900 5432376 
901 5432376 
902 5432376 
903 5432376 
904 5432376 
905 5432376 
906 5432376 
907 5432376 
908 5432376 
909 5432376 
910 5432376 
911 5432376 
912 5432376 
913 5432376 
914 5432376 
915 5432376 
916 5432376 
917 5432376 
918 5432376 
919 5432376 
920 5432376 
921 5432376 
922 5432376 
923 5432376 
924 5432376 
925 5432376 
926 5432376 
927 5432376 
928 5432376 
929 5432376 
930 5432376 
931 5432376 
932 5432376 
933 5432376 
934 5432376 
935 5432376 
936 5432376 
937 5432376 
938 5432376 
939 5432376 
940 5432376 
941 5432376 
942 5432376 
943 5432376 
944 5432376 
945 5432376 
946 5432376 
947 5432376 
948 5432376 
949 5432376 
950 5432376 
951 5432376 
952 5432376 
953 5432376 
954 5432376 
955 5432376 
956 5432376 
957 5432376 
958 5432376 
959 5432376 
960 5432376 
961 5432376 
962 5432376 
963 5432376 
964 5432376 
965 5432376 
966 5432376 
967 5432376 
968 5432376 
969 5432376 
970 5432376 
971 5432376 
972 5432376 
973 5432376 
974 5432376 
975 5432376 
976 5432376 
977 5432376 
978 5432376 
979 5432376 
980 5432376 
981 5432376 
982 5432376 
983 5432376 
984 5432376 
985 5432376 
986 5432376 
987 5432376 
988 5432376 
989 5432376 
990 5432376 
991 5432376 
992 5432376 
993 5432376 
994 5432376 
995 5432376 
996 5432376 
997 5432376 
998 5432376 
999 5432376 
1000 5432376 
1001 5432376 
1002 5432376 
1003 5432376 
1004 5432376 
1005 5432376 
1006 5432376 
1007 5432376 
1008 5432376 
1009 5432376 
1010 5432376 
1011 5432376 
1012 5432376 
1013 5432376 
1014 5432376 
1015 5432376 
1016 5432376 
1017 5432376 
1018 5432376 
1019 5432376 
1020 5432376 
1021 5432376 
1022 5432376 
1023 5432376 
1024 5432376 
1025 5432376 
1026 5432376 
1027 5432376 
1028 5432376 
1029 5432376 
1030 5432376 
1031 5432376 
1032 5432376 
1033 5432376 
1034 5432376 
1035 5432376 
1036 5432376 
1037 5432376 
1038 5432376 
1039 5432376 
1040 5432376 
1041 5432376 
1042 5432376 
1043 5432376 
1044 5432376 
1045 5432376 
1046 5432376 
1047 5432376 
1048 5432376 
1049 5432376 
1050 5432376 
1051 5432376 
1052 5432376 
1053 5432376 
1054 5432376 
1055 5432376 
1056 5432376 
1057 5432376 
1058 5432376 
1059 5432376 
1060 5432376 
1061 5432376 
1062 5432376 
1063 5432376 
1064 5432376 
1065 5432376 
1066 5432376 
1067 5432376 
1068 5432376 
1069 5432376 
1070 5432376 
1071 5432376 
1072 5432376 
1073 5432376 
1074 5432376 
1075 5432376 
1076 5432376 
1077 5432376 
1078 5432376 
1079 5432376 
1080 5432376 
1081 5432376 
1082 5432376 
1083 5432376 
1084 5432376 
1085 5432376 
1086 5432376 
1087 5432376 
1088 5432376 
1089 5432376 
1090 5432376 
1091 5432376 
1092 5432376 
1093 5432376 
1094 5432376 
1095 5432376 
1096 5432376 
1097 5432376 
1098 5432376 
1099 5432376 
1100 5432376 
1101 5432376 
1102 5432376 
1103 5432376 
1104 5432376 
1105 5432376 
1106 5432376 
1107 5432376 
1108 5432376 
1109 5432376 
1110 5432376 
1111 5432376 
1112 5432376 
1113 5432376 
1114 5432376 
1115 5432376 
1116 5432376 
1117 5432376 
1118 5432376 
1119 5432376 
1120 5432376 
1121 5432376 
1122 5432376 
1123 5432376 
1124 5432376 
1125 5432376 
1126 5432376 
1127 5432376 
1128 5432376 
1129 5432376 
1130 5432376 
1131 5432376 
1132 5432376 
1133 5432376 
1134 5432376 
1135 5432376 
1136 5432376 
1137 5432376 
1138 5432376 
1139 5432376 
1140 5432376 
1141 5432376 
1142 5432376 
1143 5432376 
1144 5432376 
1145 5432376 
1146 5432376 
1147 5432376 
1148 5432376 
1149 5432376 
1150 5432376 
1151 5432376 
1152 5432376 
1153 5432376 
1154 5432376 
1155 5432376 
1156 5432376 
1157 5432376 
1158 5432376 
1159 5432376 
1160 5432376 
1161 5432376 
1162 5432376 
1163 5432376 
1164 5432376 
1165 5432376 
1166 5432376 
1167 5432376 
1168 5432376 
1169 5432376 
1170 5432376 
1171 5432376 
1172 5432376 
1173 5432376 
1174 5432376 
1175 5432376 
1176 5432376 
1177 5432376 
1178 5432376 
1179 5432376 
1180 5432376 
1181 5432376 
1182 5432376 
1183 5432376 
1184 5432376 
1185 5432376 
1186 5432376 
1187 5432376 
1188 5432376 
1189 5432376 
1190 5432376 
1191 5432376 
1192 5432376 
1193 5432376 
1194 5432376 
1195 5432376 
1196 5432376 
1197 5432376 
1198 5432376 
1199 5432376 
1200 5432376 
1201 5432376 
1202 5432376 
1203 5432376 
1204 5432376 
1205 5432376 
1206 5432376 
1207 5432376 
1208 5432376 
1209 5432376 
1210 5432376 
1211 5432376 
1212 5432376 
1213 5432376 
1214 5432376 
1215 5432376 
1216 5432376 
1217 5432376 
1218 5432376 
1219 5432376 
1220 5432376 
1221 5432376 
1222 5432376 
1223 5432376 
1224 5432376 
1225 5432376 
1226 5432376 
1227 5432376 
1228 5432376 
1229 5432376 
1230 5432376 
1231 5432376 
1232 5432376 
1233 5432376 
1234 5432376 
1235 5432376 
1236 5432376 
1237 5432376 
1238 5432376 
1239 5432376 
1240 5432376 
1241 5432376 
1242 5432376 
1243 5432376 
1244 5432376 
1245 5432376 
1246 5432376 
1247 5432376 
1248 5432376 
1249 5432376 
1250 5432376 
1251 5432376 
1252 5432376 
1253 5432376 
1254 5432376 
1255 5432376 
1256 5432376 
1257 5432376 
1258 5432376 
1259 5432376 
1260 5432376 
1261 5432376 
1262 5432376 
1263 5432376 
1264 5432376 
1265 5432376 
1266 5432376 
1267 5432376 
1268 5432376 
1269 5432376 
1270 5432376 
1271 5432376 
1272 5432376 
1273 5432376 
1274 5432376 
1275 5432376 
1276 5432376 
1277 5432376 
1278 5432376 
1279 5432376 
1280 5432376 
1281 5432376 
1282 5432376 
1283 5432376 
1284 5432376 
1285 5432376 
1286 5432376 
1287 5432376 
1288 5432376 
1289 5432376 
1290 5432376 
1291 5432376 
1292 5432376 
1293 5432376 
1294 5432376 
1295 5432376 
1296 5432376 
1297 5432376 
1298 5432376 
1299 5432376 
1300 5432376 
1301 5432376 
1302 5432376 
1303 5432376 
1304 5432376 
1305 5432376 
1306 5432376 
1307 5432376 
1308 5432376 
1309 5432376 
1310 5432376 
1311 5432376 
1312 5432376 
1313 5432376 
1314 5432376 
1315 5432376 
1316 5432376 
1317 5432376 
1318 5432376 
1319 5432376 
1320 5432376 
1321 5432376 
1322 5432376 
1323 5432376 
1324 5432376 
1325 5432376 
1326 5432376 
1327 5432376 
1328 5432376 
1329 5432376 
1330 5432376 
1331 5432376 
1332 5432376 
1333 5432376 
1334 5432376 
1335 5432376 
1336 5432376 
1337 5432376 
1338 5432376 
1339 5432376 
1340 5432376 
1341 5432376 
1342 5432376 
1343 5432376 
1344 5432376 
1345 5432376 
1346 5432376 
1347 5432376 
1348 5432376 
1349 5432376 
1350 5432376 
1351 5432376 
1352 5432376 
1353 5432376 
1354 5432376 
1355 5432376 
1356 5432376 
1357 5432376 
1358 5432376 
1359 5432376 
1360 5432376 
1361 5432376 
1362 5432376 
1363 5432376 
1364 5432376 
1365 5432376 
1366 5432376 
1367 5432376 
1368 5432376 
1369 5432376 
1370 5432376 
1371 5432376 
1372 5432376 
1373 5432376 
1374 5432376 
1375 5432376 
1376 5432376 
1377 5432376 
1378 5432376 
1379 5432376 
1380 5432376 
1381 5432376 
1382 5432376 
1383 5432376 
1384 5432376 
1385 5432376 
1386 5432376 
1387 5432376 
1388 5432376 
1389 5432376 
1390 5432376 
1391 5432376 
1392 5432376 
1393 5432376 
1394 5432376 
1395 5432376 
1396 5432376 
1397 5432376 
1398 5432376 
1399 5432376 
1400 5432376 
1401 5432376 
1402 5432376 
1403 5432376 
1404 5432376 
1405 5432376 
1406 5432376 
1407 5432376 
1408 5432376 
1409 5432376 
1410 5432376 
1411 5432376 
1412 5432376 
1413 5432376 
1414 5432376 
1415 5432376 
1416 5432376 
1417 5432376 
1418 5432376 
1419 5432376 
1420 5432376 
1421 5432376 
1422 5432376 
1423 5432376 
1424 5432376 
1425 5432376 
1426 5432376 
1427 5432376 
1428 5432376 
1429 5432376 
1430 5432376 
1431 5432376 
1432 5432376 
1433 5432376 
1434 5432376 
1435 5432376 
1436 5432376 
1437 5432376 
1438 5432376 
1439 5432376 
1440 5432376 
1441 5432376 
1442 5432376 
1443 5432376 
1444 5432376 
1445 5432376 
1446 5432376 
1447 5432376 
1448 5432376 
1449 5432376 
1450 5432376 
1451 5432376 
1452 5432376 
1453 5432376 
1454 5432376 
1455 5432376 
1456 5432376 
1457 5432376 
1458 5432376 
1459 5432376 
1460 5432376 
1461 5432376 
1462 5432376 
1463 5432376 
1464 5432376 
1465 5432376 
1466 5432376 
1467 5432376 
1468 5432376 
1469 5432376 
1470 5432376 
1471 5432376 
1472 5432376 
1473 5432376 
1474 5432376 
1475 5432376 
1476 5432376 
1477 5432376 
1478 5432376 
1479 5432376 
1480 5432376 
1481 5432376 
1482 5432376 
1483 5432376 
1484 5432376 
1485 5432376 
1486 5432376 
1487 5432376 
1488 5432376 
1489 5432376 
1490 5432376 
1491 5432376 
1492 5432376 
1493 5432376 
1494 5432376 
1495 5432376 
1496 5432376 
1497 5432376 
1498 5432376 
1499 5432376 
1500 5432376 
1501 5432376 
1502 5432376 
1503 5432376 
1504 5432376 
1505 5432376 
1506 5432376 
1507 5432376 
1508 5432376 
1509 5432376 
1510 5432376 
1511 5432376 
1512 5432376 
1513 5432376 
1514 5432376 
1515 5432376 
1516 5432376 
1517 5432376 
1518 5432376 
1519 5432376 
1520 5432376 
1521 5432376 
1522 5432376 
1523 5432376 
1524 5432376 
1525 5432376 
1526 5432376 
1527 5432376 
1528 5432376 
1529 5432376 
1530 5432376 
1531 5432376 
1532 5432376 
1533 5432376 
1534 5432376 
1535 5432376 
1536 5432376 
1537 5432376 
1538 5432376 
1539 5432376 
1540 5432376 
1541 5432376 
1542 5432376 
1543 5432376 
1544 5432376 
1545 5432376 
1546 5432376 
1547 5432376 
1548 5432376 
1549 5432376 
1550 5432376 
1551 5432376 
1552 5432376 
1553 5432376 
1554 5432376 
1555 5432376 
1556 5432376 
1557 5432376 
1558 5432376 
1559 5432376 
1560 5432376 
1561 5432376 
1562 5432376 
1563 5432376 
1564 5432376 
1565 5432376 
1566 5432376 
1567 5432376 
1568 5432376 
1569 5432376 
1570 5432376 
1571 5432376 
1572 5432376 
1573 5432376 
1574 5432376 
1575 5432376 
1576 5432376 
1577 5432376 
1578 5432376 
1579 5432376 
1580 5432376 
1581 5432376 
1582 5432376 
1583 5432376 
1584 5432376 
1585 5432376 
1586 5432376 
1587 5432376 
1588 5432376 
1589 5432376 
1590 5432376 
1591 5432376 
1592 5432376 
1593 5432376 
1594 5432376 
1595 5432376 
1596 5432376 
1597 5432376 
1598 5432376 
1599 5432376 
1600 5432376 
1601 5432376 
1602 5432376 
1603 5432376 
1604 5432376 
1605 5432376 
1606 5432376 
1607 5432376 
1608 5432376 
1609 5432376 
1610 5432376 
1611 5432376 
1612 5432376 
1613 5432376 
1614 5432376 
1615 5432376 
1616 5432376 
1617 5432376 
1618 5432376 
1619 5432376 
1620 5432376 
1621 5432376 
1622 5432376 
1623 5432376 
1624 5432376 
1625 5432376 
1626 5432376 
1627 5432376 
1628 5432376 
1629 5432376 
1630 5432376 
1631 5432376 
1632 5432376 
1633 5432376 
1634 5432376 
1635 5432376 
1636 5432376 
1637 5432376 
1638 5432376 
1639 5432376 
1640 5432376 
1641 5432376 
1642 5432376 
1643 5432376 
1644 5432376 
1645 5432376 
1646 5432376 
1647 5432376 
1648 5432376 
1649 5432376 
1650 5432376 
1651 5432376 
1652 5432376 
1653 5432376 
1654 5432376 
1655 5432376 
1656 5432376 
1657 5432376 
1658 5432376 
1659 5432376 
1660 5432376 
1661 5432376 
1662 5432376 
1663 5432376 
1664 5432376 
1665 5432376 
1666 5432376 
1667 5432376 
1668 5432376 
1669 5432376 
1670 5432376 
1671 5432376 
1672 5432376 
1673 5432376 
1674 5432376 
1675 5432376 
1676 5432376 
1677 5432376 
1678 5432376 
1679 5432376 
1680 5432376 
1681 5432376 
1682 5432376 
1683 5432376 
1684 5432376 
1685 5432376 
1686 5432376 
1687 5432376 
1688 5432376 
1689 5432376 
1690 5432376 
1691 5432376 
1692 5432376 
1693 5432376 
1694 5432376 
1695 5432376 
1696 5432376 
1697 5432376 
1698 5432376 
1699 5432376 
1700 5432376 
1701 5432376 
1702 5432376 
1703 5432376 
1704 5432376 
1705 5432376 
1706 5432376 
1707 5432376 
1708 5432376 
1709 5432376 
1710 5432376 
1711 5432376 
1712 5432376 
1713 5432376 
1714 5432376 
1715 5432376 
1716 5432376 
1717 5432376 
1718 5432376 
1719 5432376 
1720 5432376 
1721 5432376 
1722 5432376 
1723 5432376 
1724 5432376 
1725 5432376 
1726 5432376 
1727 5432376 
1728 5432376 
1729 5432376 
1730 5432376 
1731 5432376 
1732 5432376 
1733 5432376 
1734 5432376 
1735 5432376 
1736 5432376 
1737 5432376 
1738 5432376 
1739 5432376 
1740 5432376 
1741 5432376 
1742 5432376 
1743 5432376 
1744 5432376 
1745 5432376 
1746 5432376 
1747 5432376 
1748 5432376 
1749 5432376 
1750 5432376 
1751 5432376 
1752 5432376 
1753 5432376 
1754 5432376 
1755 5432376 
1756 5432376 
1757 5432376 
1758 5432376 
1759 5432376 
1760 5432376 
1761 5432376 
1762 5432376 
1763 5432376 
1764 5432376 
1765 5432376 
1766 5432376 
1767 5432376 
1768 5432376 
1769 5432376 
1770 5432376 
1771 5432376 
1772 5432376 
1773 5432376 
1774 5432376 
1775 5432376 
1776 5432376 
1777 5432376 
1778 5432376 
1779 5432376 
1780 5432376 
1781 5432376 
1782 5432376 
1783 5432376 
1784 5432376 
1785 5432376 
1786 5432376 
1787 5432376 
1788 5432376 
1789 5432376 
1790 5432376 
1791 5432376 
1792 5432376 
1793 5432376 
1794 5432376 
1795 5432376 
1796 5432376 
1797 5432376 
1798 5432376 
1799 5432376 
1800 5432376 
1801 5432376 
1802 5432376 
1803 5432376 
1804 5432376 
1805 5432376 
1806 5432376 
1807 5432376 
1808 5432376 
1809 5432376 
1810 5432376 
1811 5432376 
1812 5432376 
1813 5432376 
1814 5432376 
1815 5432376 
1816 5432376 
1817 5432376 
1818 5432376 
1819 5432376 
1820 5432376 
1821 5432376 
1822 5432376 
1823 5432376 
1824 5432376 
1825 5432376 
1826 5432376 
1827 5432376 
1828 5432376 
1829 5432376 
1830 5432376 
1831 5432376 
1832 5432376 
1833 5432376 
1834 5432376 
1835 5432376 
1836 5432376 
1837 5432376 
1838 5432376 
1839 5432376 
1840 5432376 
1841 5432376 
1842 5432376 
1843 5432376 
1844 5432376 
1845 5432376 
1846 5432376 
1847 5432376 
1848 5432376 
1849 5432376 
1850 5432376 
1851 5432376 
1852 5432376 
1853 5432376 
1854 5432376 
1855 5432376 
1856 5432376 
1857 5432376 
1858 5432376 
1859 5432376 
1860 5432376 
1861 5432376 
1862 5432376 
1863 5432376 
1864 5432376 
1865 5432376 
1866 5432376 
1867 5432376 
1868 5432376 
1869 5432376 
1870 5432376 
1871 5432376 
1872 5432376 
1873 5432376 
1874 5432376 
1875 5432376 
1876 5432376 
1877 5432376 
1878 5432376 
1879 5432376 
1880 5432376 
1881 5432376 
1882 5432376 
1883 5432376 
1884 5432376 
1885 5432376 
1886 5432376 
1887 5432376 
1888 5432376 
1889 5432376 
1890 5432376 
1891 5432376 
1892 5432376 
1893 5432376 
1894 5432376 
1895 5432376 
1896 5432376 
1897 5432376 
1898 5432376 
1899 5432376 
1900 5432376 
1901 5432376 
1902 5432376 
1903 5432376 
1904 5432376 
1905 5432376 
1906 5432376 
1907 5432376 
1908 5432376 
1909 5432376 
1910 5432376 
1911 5432376 
1912 5432376 
1913 5432376 
1914 5432376 
1915 5432376 
1916 5432376 
1917 5432376 
1918 5432376 
1919 5432376 
1920 5432376 
1921 5432376 
1922 5432376 
1923 5432376 
1924 5432376 
1925 5432376 
1926 5432376 
1927 5432376 
1928 5432376 
1929 5432376 
1930 5432376 
1931 5432376 
1932 5432376 
1933 5432376 
1934 5432376 
1935 5432376 
1936 5432376 
1937 5432376 
1938 5432376 
1939 5432376 
1940 5432376 
1941 5432376 
1942 5432376 
1943 5432376 
1944 5432376 
1945 5432376 
1946 5432376 
1947 5432376 
1948 5432376 
1949 5432376 
1950 5432376 
1951 5432376 
1952 5432376 
1953 5432376 
1954 5432376 
1955 5432376 
1956 5432376 
1957 5432376 
1958 5432376 
1959 5432376 
1960 5432376 
1961 5432376 
1962 5432376 
1963 5432376 
1964 5432376 
1965 5432376 
1966 5432376 
1967 5432376 
1968 5432376 
1969 5432376 
1970 5432376 
1971 5432376 
1972 5432376 
1973 5432376 
1974 5432376 
1975 5432376 
1976 5432376 
1977 5432376 
1978 5432376 
1979 5432376 
1980 5432376 
1981 5432376 
1982 5432376 
1983 5432376 
1984 5432376 
1985 5432376 
1986 5432376 
1987 5432376 
1988 5432376 
1989 5432376 
1990 5432376 
1991 5432376 
1992 5432376 
1993 5432376 
1994 5432376 
1995 5432376 
1996 5432376 
1997 5432376 
1998 5432376 
1999 5432376 
2000 5432376 
2001 5432376 
2002 5432376 
2003 5432376 
2004 5432376 
2005 5432376 
2006 5432376 
2007 5432376 
2008 5432376 
2009 5432376 
2010 5432376 
2011 5432376 
2012 5432376 
2013 5432376 
2014 5432376 
2015 5432376 
2016 5432376 
2017 5432376 
2018 5432376 
2019 5432376 
2020 5432376 
2021 5432376 
2022 5432376 
2023 5432376 
2024 5432376 
2025 5432376 
2026 5432376 
2027 5432376 
2028 5432376 
2029 5432376 
2030 5432376 
2031 5432376 
2032 5432376 
2033 5432376 
2034 5432376 
2035 5432376 
2036 5432376 
2037 5432376 
2038 5432376 
2039 5432376 
2040 5432376 
2041 5432376 
2042 5432376 
2043 5432376 
2044 5432376 
2045 5432376 
2046 5432376 
2047 5432376 
2048 5432376 
2049 5432376 
2050 5432376 
2051 5432376 
2052 5432376 
2053 5432376 
2054 5432376 
2055 5432376 
2056 5432376 
2057 5432376 
2058 5432376 
2059 5432376 
2060 5432376 
2061 5432376 
2062 5432376 
2063 5432376 
2064 5432376 
2065 5432376 
2066 5432376 
2067 5432376 
2068 5432376 
2069 5432376 
2070 5432376 
2071 5432376 
2072 5432376 
2073 5432376 
2074 5432376 
2075 5432376 
2076 5432376 
2077 5432376 
2078 5432376 
2079 5432376 
2080 5432376 
2081 5432376 
2082 5432376 
2083 5432376 
2084 5432376 
2085 5432376 
2086 5432376 
2087 5432376 
2088 5432376 
2089 5432376 
2090 5432376 
2091 5432376 
2092 5432376 
2093 5432376 
2094 5432376 
2095 5432376 
2096 5432376 
2097 5432376 
2098 5432376 
2099 5432376 
2100 5432376 
2101 5432376 
2102 5432376 
2103 5432376 
2104 5432376 
2105 5432376 
2106 5432376 
2107 5432376 
2108 5432376 
2109 5432376 
2110 5432376 
2111 5432376 
2112 5432376 
2113 5432376 
2114 5432376 
2115 5432376 
2116 5432376 
2117 5432376 
2118 5432376 
2119 5432376 
2120 5432376 
2121 5432376 
2122 5432376 
2123 5432376 
2124 5432376 
2125 5432376 
2126 5432376 
2127 5432376 
2128 5432376 
2129 5432376 
2130 5432376 
2131 5432376 
2132 5432376 
2133 5432376 
2134 5432376 
2135 5432376 
2136 5432376 
2137 5432376 
2138 5432376 
2139 5432376 
2140 5432376 
2141 5432376 
2142 5432376 
2143 5432376 
2144 5432376 
2145 5432376 
2146 5432376 
2147 5432376 
2148 5432376 
2149 5432376 
2150 5432376 
2151 5432376 
2152 5432376 
2153 5432376 
2154 5432376 
2155 5432376 
2156 5432376 
2157 5432376 
2158 5432376 
2159 5432376 
2160 5432376 
2161 5432376 
2162 5432376 
2163 5432376 
2164 5432376 
2165 5432376 
2166 5432376 
2167 5432376 
2168 5432376 
2169 5432376 
2170 5432376 
2171 5432376 
2172 5432376 
2173 5432376 
2174 5432376 
2175 5432376 
2176 5432376 
2177 5432376 
2178 5432376 
2179 5432376 
2180 5432376 
2181 5432376 
2182 5432376 
2183 5432376 
2184 5432376 
2185 5432376 
2186 5432376 
2187 5432376 
2188 5432376 
2189 5432376 
2190 5432376 
2191 5432376 
2192 5432376 
2193 5432376 
2194 5432376 
2195 5432376 
2196 5432376 
2197 5432376 
2198 5432376 
2199 5432376 
2200 5432376 
2201 5432376 
2202 5432376 
2203 5432376 
2204 5432376 
2205 5432376 
2206 5432376 
2207 5432376 
2208 5432376 
2209 5432376 
2210 5432376 
2211 5432376 
2212 5432376 
2213 5432376 
2214 5432376 
2215 5432376 
2216 5432376 
2217 5432376 
2218 5432376 
2219 5432376 
2220 5432376 
2221 5432376 
2222 5432376 
2223 5432376 
2224 5432376 
2225 5432376 
2226 5432376 
2227 5432376 
2228 5432376 
2229 5432376 
2230 5432376 
2231 5432376 
2232 5432376 
2233 5432376 
2234 5432376 
2235 5432376 
2236 5432376 
2237 5432376 
2238 5432376 
2239 5432376 
2240 5432376 
2241 5432376 
2242 5432376 
2243 5432376 
2244 5432376 
2245 5432376 
2246 5432376 
2247 5432376 
2248 5432376 
2249 5432376 
2250 5432376 
2251 5432376 
2252 5432376 
2253 5432376 
2254 5432376 
2255 5432376 
2256 5432376 
2257 5432376 
2258 5432376 
2259 5432376 
2260 5432376 
2261 5432376 
2262 5432376 
2263 5432376 
2264 5432376 
2265 5432376 
2266 5432376 
2267 5432376 
2268 5432376 
2269 5432376 
2270 5432376 
2271 5432376 
2272 5432376 
2273 5432376 
2274 5432376 
2275 5432376 
2276 5432376 
2277 5432376 
2278 5432376 
2279 5432376 
2280 5432376 
2281 5432376 
2282 5432376 
2283 5432376 
2284 5432376 
2285 5432376 
2286 5432376 
2287 5432376 
2288 5432376 
2289 5432376 
2290 5432376 
2291 5432376 
2292 5432376 
2293 5432376 
2294 5432376 
2295 5432376 
2296 5432376 
2297 5432376 
2298 5432376 
2299 5432376 
2300 5432376 
2301 5432376 
2302 5432376 
2303 5432376 
2304 5432376 
2305 5432376 
2306 5432376 
2307 5432376 
2308 5432376 
2309 5432376 
2310 5432376 
2311 5432376 
2312 5432376 
2313 5432376 
2314 5432376 
2315 5432376 
2316 5432376 
2317 5432376 
2318 5432376 
2319 5432376 
2320 5432376 
2321 5432376 
2322 5432376 
2323 5432376 
2324 5432376 
2325 5432376 
2326 5432376 
2327 5432376 
2328 5432376 
2329 5432376 
2330 5432376 
2331 5432376 
2332 5432376 
2333 5432376 
2334 5432376 
2335 5432376 
2336 5432376 
2337 5432376 
2338 5432376 
2339 5432376 
2340 5432376 
2341 5432376 
2342 5432376 
2343 5432376 
2344 5432376 
2345 5432376 
2346 5432376 
2347 5432376 
2348 5432376 
2349 5432376 
2350 5432376 
2351 5432376 
2352 5432376 
2353 5432376 
2354 5432376 
2355 5432376 
2356 5432376 
2357 5432376 
2358 5432376 
2359 5432376 
2360 5432376 
2361 5432376 
2362 5432376 
2363 5432376 
2364 5432376 
2365 5432376 
2366 5432376 
2367 5432376 
2368 5432376 
2369 5432376 
2370 5432376 
2371 5432376 
2372 5432376 
2373 5432376 
2374 5432376 
2375 5432376 
2376 5432376 
2377 5432376 
2378 5432376 
2379 5432376 
2380 5432376 
2381 5432376 
2382 5432376 
2383 5432376 
2384 5432376 
2385 5432376 
2386 5432376 
2387 5432376 
2388 5432376 
2389 5432376 
2390 5432376 
2391 5432376 
2392 5432376 
2393 5432376 
2394 5432376 
2395 5432376 
2396 5432376 
2397 5432376 
2398 5432376 
2399 5432376 
2400 5432376 
2401 5432376 
2402 5432376 
2403 5432376 
2404 5432376 
2405 5432376 
2406 5432376 
2407 5432376 
2408 5432376 
2409 5432376 
2410 5432376 
2411 5432376 
2412 5432376 
2413 5432376 
2414 5432376 
2415 5432376 
2416 5432376 
2417 5432376 
2418 5432376 
2419 5432376 
2420 5432376 
2421 5432376 
2422 5432376 
2423 5432376 
2424 5432376 
2425 5432376 
2426 5432376 
2427 5432376 
2428 5432376 
2429 5432376 
2430 5432376 
2431 5432376 
2432 5432376 
2433 5432376 
2434 5432376 
2435 5432376 
2436 5432376 
2437 5432376 
2438 5432376 
2439 5432376 
2440 5432376 
2441 5432376 
2442 5432376 
2443 5432376 
2444 5432376 
2445 5432376 
2446 5432376 
2447 5432376 
2448 5432376 
2449 5432376 
2450 5432376 
2451 5432376 
2452 5432376 
2453 5432376 
2454 5432376 
2455 5432376 
2456 5432376 
2457 5432376 
2458 5432376 
2459 5432376 
2460 5432376 
2461 5432376 
2462 5432376 
2463 5432376 
2464 5432376 
2465 5432376 
2466 5432376 
2467 5432376 
2468 5432376 
2469 5432376 
2470 5432376 
2471 5432376 
2472 5432376 
2473 5432376 
2474 5432376 
2475 5432376 
2476 5432376 
2477 5432376 
2478 5432376 
2479 5432376 
2480 5432376 
2481 5432376 
2482 5432376 
2483 5432376 
2484 5432376 
2485 5432376 
2486 5432376 
2487 5432376 
2488 5432376 
2489 5432376 
2490 5432376 
2491 5432376 
2492 5432376 
2493 5432376 
2494 5432376 
2495 5432376 
2496 5432376 
2497 5432376 
2498 5432376 
2499 5432376 
2500 5432376 
2501 5432376 
2502 5432376 
2503 5432376 
2504 5432376 
2505 5432376 
2506 5432376 
2507 5432376 
2508 5432376 
2509 5432376 
2510 5432376 
2511 5432376 
2512 5432376 
2513 5432376 
2514 5432376 
2515 5432376 
2516 5432376 
2517 5432376 
2518 5432376 
2519 5432376 
2520 5432376 
2521 5432376 
2522 5432376 
2523 5432376 
2524 5432376 
2525 5432376 
2526 5432376 
2527 5432376 
2528 5432376 
2529 5432376 
2530 5432376 
2531 5432376 
2532 5432376 
2533 5432376 
2534 5432376 
2535 5432376 
2536 5432376 
2537 5432376 
2538 5432376 
2539 5432376 
2540 5432376 
2541 5432376 
2542 5432376 
2543 5432376 
2544 5432376 
2545 5432376 
2546 5432376 
2547 5432376 
2548 5432376 
2549 5432376 
2550 5432376 
2551 5432376 
2552 5432376 
2553 5432376 
2554 5432376 
2555 5432376 
2556 5432376 
2557 5432376 
2558 5432376 
2559 5432376 
2560 5432376 
2561 5432376 
2562 5432376 
2563 5432376 
2564 5432376 
2565 5432376 
2566 5432376 
2567 5432376 
2568 5432376 
2569 5432376 
2570 5432376 
2571 5432376 
2572 5432376 
2573 5432376 
2574 5432376 
2575 5432376 
2576 5432376 
2577 5432376 
2578 5432376 
2579 5432376 
2580 5432376 
2581 5432376 
2582 5432376 
2583 5432376 
2584 5432376 
2585 5432376 
2586 5432376 
2587 5432376 
2588 5432376 
2589 5432376 
2590 5432376 
2591 5432376 
2592 5432376 
2593 5432376 
2594 5432376 
2595 5432376 
2596 5432376 
2597 5432376 
2598 5432376 
2599 5432376 
2600 5432376 
2601 5432376 
2602 5432376 
2603 5432376 
2604 5432376 
2605 5432376 
2606 5432376 
2607 5432376 
2608 5432376 
2609 5432376 
2610 5432376 
2611 5432376 
2612 5432376 
2613 5432376 
2614 5432376 
2615 5432376 
2616 5432376 
2617 5432376 
2618 5432376 
2619 5432376 
2620 5432376 
2621 5432376 
2622 5432376 
2623 5432376 
2624 5432376 
2625 5432376 
2626 5432376 
2627 5432376 
2628 5432376 
2629 5432376 
2630 5432376 
2631 5432376 
2632 5432376 
2633 5432376 
2634 5432376 
2635 5432376 
2636 5432376 
2637 5432376 
2638 5432376 
2639 5432376 
2640 5432376 
2641 5432376 
2642 5432376 
2643 5432376 
2644 5432376 
2645 5432376 
2646 5432376 
2647 5432376 
2648 5432376 
2649 5432376 
2650 5432376 
2651 5432376 
2652 5432376 
2653 5432376 
2654 5432376 
2655 5432376 
2656 5432376 
2657 5432376 
2658 5432376 
2659 5432376 
2660 5432376 
2661 5432376 
2662 5432376 
2663 5432376 
2664 5432376 
2665 5432376 
2666 5432376 
2667 5432376 
2668 5432376 
2669 5432376 
2670 5432376 
2671 5432376 
2672 5432376 
2673 5432376 
2674 5432376 
2675 5432376 
2676 5432376 
2677 5432376 
2678 5432376 
2679 5432376 
2680 5432376 
2681 5432376 
2682 5432376 
2683 5432376 
2684 5432376 
2685 5432376 
2686 5432376 
2687 5432376 
2688 5432376 
2689 5432376 
2690 5432376 
2691 5432376 
2692 5432376 
2693 5432376 
2694 5432376 
2695 5432376 
2696 5432376 
2697 5432376 
2698 5432376 
2699 5432376 
2700 5432376 
2701 5432376 
2702 5432376 
2703 5432376 
2704 5432376 
2705 5432376 
2706 5432376 
2707 5432376 
2708 5432376 
2709 5432376 
2710 5432376 
2711 5432376 
2712 5432376 
2713 5432376 
2714 5432376 
2715 5432376 
2716 5432376 
2717 5432376 
2718 5432376 
2719 5432376 
2720 5432376 
2721 5432376 
2722 5432376 
2723 5432376 
2724 5432376 
2725 5432376 
2726 5432376 
2727 5432376 
2728 5432376 
2729 5432376 
2730 5432376 
2731 5432376 
2732 5432376 
2733 5432376 
2734 5432376 
2735 5432376 
2736 5432376 
2737 5432376 
2738 5432376 
2739 5432376 
2740 5432376 
2741 5432376 
2742 5432376 
2743 5432376 
2744 5432376 
2745 5432376 
2746 5432376 
2747 5432376 
2748 5432376 
2749 5432376 
2750 5432376 
2751 5432376 
2752 5432376 
2753 5432376 
2754 5432376 
2755 5432376 
2756 5432376 
2757 5432376 
2758 5432376 
2759 5432376 
2760 5432376 
2761 5432376 
2762 5432376 
2763 5432376 
2764 5432376 
2765 5432376 
2766 5432376 
2767 5432376 
2768 5432376 
2769 5432376 
2770 5432376 
2771 5432376 
2772 5432376 
2773 5432376 
2774 5432376 
2775 5432376 
2776 5432376 
2777 5432376 
2778 5432376 
2779 5432376 
2780 5432376 
2781 5432376 
2782 5432376 
2783 5432376 
2784 5432376 
2785 5432376 
2786 5432376 
2787 5432376 
2788 5432376 
2789 5432376 
2790 5432376 
2791 5432376 
2792 5432376 
2793 5432376 
2794 5432376 
2795 5432376 
2796 5432376 
2797 5432376 
2798 5432376 
2799 5432376 
2800 5432376 
2801 5432376 
2802 5432376 
2803 5432376 
2804 5432376 
2805 5432376 
2806 5432376 
2807 5432376 
2808 5432376 
2809 5432376 
2810 5432376 
2811 5432376 
2812 5432376 
2813 5432376 
2814 5432376 
2815 5432376 
2816 5432376 
2817 5432376 
2818 5432376 
2819 5432376 
2820 5432376 
2821 5432376 
2822 5432376 
2823 5432376 
2824 5432376 
2825 5432376 
2826 5432376 
2827 5432376 
2828 5432376 
2829 5432376 
2830 5432376 
2831 5432376 
2832 5432376 
2833 5432376 
2834 5432376 
2835 5432376 
2836 5432376 
2837 5432376 
2838 5432376 
2839 5432376 
2840 5432376 
2841 5432376 
2842 5432376 
2843 5432376 
2844 5432376 
2845 5432376 
2846 5432376 
2847 5432376 
2848 5432376 
2849 5432376 
2850 5432376 
2851 5432376 
2852 5432376 
2853 5432376 
2854 5432376 
2855 5432376 
2856 5432376 
2857 5432376 
2858 5432376 
2859 5432376 
2860 5432376 
2861 5432376 
2862 5432376 
2863 5432376 
2864 5432376 
2865 5432376 
2866 5432376 
2867 5432376 
2868 5432376 
2869 5432376 
2870 5432376 
2871 5432376 
2872 5432376 
2873 5432376 
2874 5432376 
2875 5432376 
2876 5432376 
2877 5432376 
2878 5432376 
2879 5432376 
2880 5432376 
2881 5432376 
2882 5432376 
2883 5432376 
2884 5432376 
2885 5432376 
2886 5432376 
2887 5432376 
2888 5432376 
2889 5432376 
2890 5432376 
2891 5432376 
2892 5432376 
2893 5432376 
2894 5432376 
2895 5432376 
2896 5432376 
2897 5432376 
2898 5432376 
2899 5432376 
2900 5432376 
2901 5432376 
2902 5432376 
2903 5432376 
2904 5432376 
2905 5432376 
2906 5432376 
2907 5432376 
2908 5432376 
2909 5432376 
2910 5432376 
2911 5432376 
2912 5432376 
2913 5432376 
2914 5432376 
2915 5432376 
2916 5432376 
2917 5432376 
2918 5432376 
2919 5432376 
2920 5432376 
2921 5432376 
2922 5432376 
2923 5432376 
2924 5432376 
2925 5432376 
2926 5432376 
2927 5432376 
2928 5432376 
2929 5432376 
2930 5432376 
2931 5432376 
2932 5432376 
2933 5432376 
2934 5432376 
2935 5432376 
2936 5432376 
2937 5432376 
2938 5432376 
2939 5432376 
2940 5432376 
2941 5432376 
2942 5432376 
2943 5432376 
2944 5432376 
2945 5432376 
2946 5432376 
2947 5432376 
2948 5432376 
2949 5432376 
2950 5432376 
2951 5432376 
2952 5432376 
2953 5432376 
2954 5432376 
2955 5432376 
2956 5432376 
2957 5432376 
2958 5432376 
2959 5432376 
2960 5432376 
2961 5432376 
2962 5432376 
2963 5432376 
2964 5432376 
2965 5432376 
2966 5432376 
2967 5432376 
2968 5432376 
2969 5432376 
2970 5432376 
2971 5432376 
2972 5432376 
2973 5432376 
2974 5432376 
2975 5432376 
2976 5432376 
2977 5432376 
2978 5432376 
2979 5432376 
2980 5432376 
2981 5432376 
2982 5432376 
2983 5432376 
2984 5432376 
2985 5432376 
2986 5432376 
2987 5432376 
2988 5432376 
2989 5432376 
2990 5432376 
2991 5432376 
2992 5432376 
2993 5432376 
2994 5432376 
2995 5432376 
2996 5432376 
2997 5432376 
2998 5432376 
2999 5432376 
3000 5432376 
3001 5432376 
3002 5432376 
3003 5432376 
3004 5432376 
3005 5432376 
3006 5432376 
3007 5432376 
3008 5432376 
3009 5432376 
3010 5432376 
3011 5432376 
3012 5432376 
3013 5432376 
3014 5432376 
3015 5432376 
3016 5432376 
3017 5432376 
3018 5432376 
3019 5432376 
3020 5432376 
3021 5432376 
3022 5432376 
3023 5432376 
3024 5432376 
3025 5432376 
3026 5432376 
3027 5432376 
3028 5432376 
3029 5432376 
3030 5432376 
3031 5432376 
3032 5432376 
3033 5432376 
3034 5432376 
3035 5432376 
3036 5432376 
3037 5432376 
3038 5432376 
3039 5432376 
3040 5432376 
3041 5432376 
3042 5432376 
3043 5432376 
3044 5432376 
3045 5432376 

