0 4217482 
1 4203195 
2 4200049 
3 4196253 
4 4191547 
5 4177624 
6 4173986 
7 4161804 
8 4160224 
9 4160139 
10 4159016 
11 4158986 
12 4157873 
13 4157866 
14 4157840 
15 4156388 
16 4156243 
17 4156139 
18 4155592 
19 4151115 
20 4150724 
21 4122749 
22 4122723 
23 4121834 
24 4121768 
25 4121768 
26 4121767 
27 4120598 
28 4120522 
29 4120376 
30 4120350 
31 4120302 
32 4119769 
33 4119744 
34 4117662 
35 4117648 
36 4117629 
37 4117220 
38 4117213 
39 4117206 
40 4117153 
41 4116113 
42 4116113 
43 4116088 
44 4115404 
45 4115385 
46 4115360 
47 4115339 
48 4112725 
49 4112031 
50 4109640 
51 4109636 
52 4109414 
53 4107325 
54 4096106 
55 4094876 
56 4094842 
57 4089271 
58 4039117 
59 4039116 
60 4038938 
61 4038925 
62 4038918 
63 4038892 
64 4038886 
65 4038681 
66 4038434 
67 4038419 
68 4037868 
69 4037833 
70 4037651 
71 4037638 
72 4037559 
73 4035585 
74 4035566 
75 4035559 
76 4035387 
77 4035348 
78 4034997 
79 4034973 
80 4034959 
81 4034933 
82 4034919 
83 4034673 
84 4034666 
85 4034654 
86 4033757 
87 4033750 
88 4033724 
89 4033717 
90 4033710 
91 4033298 
92 4033285 
93 4033270 
94 4031539 
95 4031518 
96 4031076 
97 4031062 
98 4030033 
99 4013594 
100 4009965 
101 4009138 
102 4008951 
103 4007887 
104 4006436 
105 4006387 
106 4005925 
107 4005918 
108 4001956 
109 4001042 
110 4001028 
111 4000762 
112 4000755 
113 4000749 
114 4000743 
115 4000610 
116 4000588 
117 4000055 
118 3999879 
119 3998774 
120 3998312 
121 3998305 
122 3998298 
123 3997206 
124 3992285 
125 3992220 
126 3991951 
127 3991600 
128 3990100 
129 3989834 
130 3989785 
131 3985529 
132 3985522 
133 3984122 
134 3984108 
135 3982070 
136 3982056 
137 3981461 
138 3981405 
139 3980287 
140 3980202 
141 3980183 
142 3980162 
143 3980026 
144 3979881 
145 3979879 
146 3979872 
147 3979185 
148 3978932 
149 3978799 
150 3978792 
151 3978540 
152 3978281 
153 3977847 
154 3977745 
155 3977644 
156 3977476 
157 3977357 
158 3977315 
159 3976901 
160 3976761 
161 3976395 
162 3976161 
163 3976133 
164 3976133 
165 3974640 
166 3974009 
167 3969520 
168 3969506 
169 3969506 
170 3969499 
171 3969269 
172 3969248 
173 3969235 
174 3969200 
175 3969193 
176 3967594 
177 3966944 
178 3965313 
179 3963143 
180 3958747 
181 3958735 
182 3958470 
183 3958068 
184 3958068 
185 3957918 
186 3957917 
187 3957917 
188 3953471 
189 3953368 
190 3953355 
191 3952953 
192 3952912 
193 3952660 
194 3951245 
195 3947813 
196 3945668 
197 3944147 
198 3944140 
199 3943740 
200 3941920 
201 3941413 
202 3941300 
203 3940793 
204 3940761 
205 3940461 
206 3940457 
207 3940223 
208 3940140 
209 3939951 
210 3939951 
211 3939709 
212 3938825 
213 3938825 
214 3938804 
215 3938758 
216 3938400 
217 3937940 
218 3937884 
219 3937870 
220 3937870 
221 3937607 
222 3937593 
223 3937587 
224 3935892 
225 3935836 
226 3935809 
227 3935809 
228 3931645 
229 3931622 
230 3931601 
231 3931514 
232 3931507 
233 3931507 
234 3931353 
235 3931346 
236 3930041 
237 3929997 
238 3929971 
239 3927879 
240 3927738 
241 3912944 
242 3912773 
243 3912773 
244 3912759 
245 3912538 
246 3912467 
247 3912309 
248 3912295 
249 3912204 
250 3912183 
251 3912093 
252 3912093 
253 3911991 
254 3907357 
255 3907352 
256 3907268 
257 3907144 
258 3901891 
259 3899598 
260 3899598 
261 3899577 
262 3899576 
263 3899576 
264 3899576 
265 3898177 
266 3897919 
267 3897866 
268 3897712 
269 3897061 
270 3896998 
271 3896963 
272 3896937 
273 3896638 
274 3896631 
275 3896566 
276 3896300 
277 3896286 
278 3896272 
279 3892157 
280 3881964 
281 3876075 
282 3876068 
283 3876068 
284 3876068 
285 3876062 
286 3875256 
287 3875106 
288 3872961 
289 3872817 
290 3872810 
291 3872803 
292 3872617 
293 3866819 
294 3866260 
295 3863599 
296 3860894 
297 3860875 
298 3860867 
299 3860860 
300 3858769 
301 3858179 
302 3854968 
303 3854709 
304 3854695 
305 3854374 
306 3852973 
307 3852687 
308 3852681 
309 3852293 
310 3850434 
311 3850356 
312 3850336 
313 3850039 
314 3850032 
315 3850013 
316 3849922 
317 3849805 
318 3849805 
319 3849779 
320 3844501 
321 3842010 
322 3839709 
323 3839709 
324 3839566 
325 3839553 
326 3839461 
327 3839162 
328 3838733 
329 3838726 
330 3838643 
331 3837686 
332 3837679 
333 3835235 
334 3830488 
335 3830306 
336 3830278 
337 3830194 
338 3830160 
339 3829888 
340 3829859 
341 3826869 
342 3826869 
343 3825058 
344 3824953 
345 3824238 
346 3824238 
347 3823809 
348 3823802 
349 3822406 
350 3822399 
351 3822398 
352 3822391 
353 3822379 
354 3821644 
355 3821319 
356 3820376 
357 3820116 
358 3818753 
359 3818219 
360 3817981 
361 3817910 
362 3817889 
363 3817889 
364 3817861 
365 3817523 
366 3817516 
367 3817238 
368 3817231 
369 3816874 
370 3816473 
371 3814704 
372 3814683 
373 3812668 
374 3812528 
375 3812528 
376 3812521 
377 3810105 
378 3809389 
379 3809220 
380 3808226 
381 3808201 
382 3808006 
383 3807765 
384 3807674 
385 3805654 
386 3805346 
387 3805339 
388 3805325 
389 3805243 
390 3804619 
391 3804612 
392 3804579 
393 3803310 
394 3802972 
395 3802965 
396 3802724 
397 3802344 
398 3802316 
399 3802270 
400 3801919 
401 3799831 
402 3799803 
403 3799775 
404 3799761 
405 3799761 
406 3799733 
407 3799369 
408 3799140 
409 3799119 
410 3798715 
411 3798663 
412 3798523 
413 3798523 
414 3798523 
415 3798474 
416 3798407 
417 3798400 
418 3798397 
419 3798397 
420 3798260 
421 3798260 
422 3798168 
423 3798012 
424 3798012 
425 3798012 
426 3797983 
427 3797970 
428 3797970 
429 3797970 
430 3797908 
431 3797908 
432 3797908 
433 3797891 
434 3797849 
435 3797849 
436 3797849 
437 3797849 
438 3797702 
439 3797702 
440 3797702 
441 3797702 
442 3797702 
443 3797702 
444 3797702 
445 3797702 
446 3797702 
447 3797702 
448 3797702 
449 3797702 
450 3797702 
451 3797702 
452 3797702 
453 3797702 
454 3797702 
455 3797702 
456 3797702 
457 3797702 
458 3797702 
459 3797702 
460 3797702 
461 3797702 
462 3797702 
463 3797702 
464 3797702 
465 3797702 
466 3797702 
467 3797702 
468 3797702 
469 3797702 
470 3797702 
471 3797702 
472 3797702 
473 3797702 
474 3797702 
475 3797702 
476 3797702 
477 3797702 
478 3797702 
479 3797702 
480 3797702 
481 3797702 
482 3797702 
483 3797702 
484 3797702 
485 3797702 
486 3797702 
487 3797702 
488 3797702 
489 3797702 
490 3797702 
491 3797702 
492 3797702 
493 3797702 
494 3797702 
495 3797702 
496 3797702 
497 3797702 
498 3797702 
499 3797702 
500 3797702 
501 3797702 
502 3797702 
503 3797702 
504 3797702 
505 3797702 
506 3797702 
507 3797702 
508 3797702 
509 3797702 
510 3797702 
511 3797702 
512 3797702 
513 3797702 
514 3797702 
515 3797702 
516 3797702 
517 3797702 
518 3797702 
519 3797702 
520 3797702 
521 3797702 
522 3797702 
523 3797702 
524 3797702 
525 3797702 
526 3797702 
527 3797702 
528 3797702 
529 3797702 
530 3797702 
531 3797702 
532 3797702 
533 3797702 
534 3797702 
535 3797702 
536 3797702 
537 3797702 
538 3797702 
539 3797702 
540 3797702 
541 3797702 
542 3797702 
543 3797702 
544 3797702 
545 3797702 
546 3797702 
547 3797702 
548 3797702 
549 3797702 
550 3797702 
551 3797702 
552 3797702 
553 3797702 
554 3797702 
555 3797702 
556 3797702 
557 3797702 
558 3797702 
559 3797702 
560 3797702 
561 3797702 
562 3797702 
563 3797702 
564 3797702 
565 3797702 
566 3797702 
567 3797702 
568 3797702 
569 3797702 
570 3797702 
571 3797702 
572 3797702 
573 3797702 
574 3797702 
575 3797702 
576 3797702 
577 3797702 
578 3797702 
579 3797702 
580 3797702 
581 3797702 
582 3797702 
583 3797702 
584 3797702 
585 3797702 
586 3797702 
587 3797702 
588 3797702 
589 3797702 
590 3797702 
591 3797702 
592 3797702 
593 3797702 
594 3797702 
595 3797702 
596 3797702 
597 3797702 
598 3797702 
599 3797702 
600 3797702 
601 3797702 
602 3797702 
603 3797702 
604 3797702 
605 3797702 
606 3797702 
607 3797702 
608 3797702 
609 3797702 
610 3797702 
611 3797702 
612 3797702 
613 3797702 
614 3797702 
615 3797702 
616 3797702 
617 3797702 
618 3797702 
619 3797702 
620 3797702 
621 3797702 
622 3797702 
623 3797702 
624 3797702 
625 3797702 
626 3797702 
627 3797702 
628 3797702 
629 3797702 
630 3797702 
631 3797702 
632 3797702 
633 3797702 
634 3797702 
635 3797702 
636 3797702 
637 3797702 
638 3797702 
639 3797702 
640 3797702 
641 3797702 
642 3797702 
643 3797702 
644 3797702 
645 3797702 
646 3797702 
647 3797702 
648 3797702 
649 3797702 
650 3797702 
651 3797702 
652 3797702 
653 3797702 
654 3797702 
655 3797702 
656 3797702 
657 3797702 
658 3797702 
659 3797702 
660 3797702 
661 3797702 
662 3797702 
663 3797702 
664 3797702 
665 3797702 
666 3797702 
667 3797702 
668 3797702 
669 3797702 
670 3797702 
671 3797702 
672 3797702 
673 3797702 
674 3797702 
675 3797702 
676 3797702 
677 3797702 
678 3797702 
679 3797702 
680 3797702 
681 3797702 
682 3797702 
683 3797702 
684 3797702 
685 3797702 
686 3797702 
687 3797702 
688 3797702 
689 3797702 
690 3797702 
691 3797702 
692 3797702 
693 3797702 
694 3797702 
695 3797702 
696 3797702 
697 3797702 
698 3797702 
699 3797702 
700 3797702 
701 3797702 
702 3797702 
703 3797702 
704 3797702 
705 3797702 
706 3797702 
707 3797702 
708 3797702 
709 3797702 
710 3797702 
711 3797702 
712 3797702 
713 3797702 
714 3797702 
715 3797702 
716 3797702 
717 3797702 
718 3797702 
719 3797702 
720 3797702 
721 3797702 
722 3797702 
723 3797702 
724 3797702 
725 3797702 
726 3797702 
727 3797702 
728 3797702 
729 3797702 
730 3797702 
731 3797702 
732 3797702 
733 3797702 
734 3797702 
735 3797702 
736 3797702 
737 3797702 
738 3797702 
739 3797702 
740 3797702 
741 3797702 
742 3797702 
743 3797702 
744 3797702 
745 3797702 
746 3797702 
747 3797702 
748 3797702 
749 3797702 
750 3797702 
751 3797702 
752 3797702 
753 3797702 
754 3797702 
755 3797702 
756 3797702 
757 3797702 
758 3797702 
759 3797702 
760 3797702 
761 3797702 
762 3797702 
763 3797702 
764 3797702 
765 3797702 
766 3797702 
767 3797702 
768 3797702 
769 3797702 
770 3797702 
771 3797702 
772 3797702 
773 3797702 
774 3797702 
775 3797702 
776 3797702 
777 3797702 
778 3797702 
779 3797702 
780 3797702 
781 3797702 
782 3797702 
783 3797702 
784 3797702 
785 3797702 
786 3797702 
787 3797702 
788 3797702 
789 3797702 
790 3797702 
791 3797702 
792 3797702 
793 3797702 
794 3797702 
795 3797702 
796 3797702 
797 3797702 
798 3797702 
799 3797702 
800 3797702 
801 3797702 
802 3797702 
803 3797702 
804 3797702 
805 3797702 
806 3797702 
807 3797702 
808 3797702 
809 3797702 
810 3797702 
811 3797702 
812 3797702 
813 3797702 
814 3797702 
815 3797702 
816 3797702 
817 3797702 
818 3797702 
819 3797702 
820 3797702 
821 3797702 
822 3797702 
823 3797702 
824 3797702 
825 3797702 
826 3797702 
827 3797702 
828 3797702 
829 3797702 
830 3797702 
831 3797702 
832 3797702 
833 3797702 
834 3797702 
835 3797702 
836 3797702 
837 3797702 
838 3797702 
839 3797702 
840 3797702 
841 3797702 
842 3797702 
843 3797702 
844 3797702 
845 3797702 
846 3797702 
847 3797702 
848 3797702 
849 3797702 
850 3797702 
851 3797702 
852 3797702 
853 3797702 
854 3797702 
855 3797702 
856 3797702 
857 3797702 
858 3797702 
859 3797702 
860 3797702 
861 3797702 
862 3797702 
863 3797702 
864 3797702 
865 3797702 
866 3797702 
867 3797702 
868 3797702 
869 3797702 
870 3797702 
871 3797702 
872 3797702 
873 3797702 
874 3797702 
875 3797702 
876 3797702 
877 3797702 
878 3797702 
879 3797702 
880 3797702 
881 3797702 
882 3797702 
883 3797702 
884 3797702 
885 3797702 
886 3797702 
887 3797702 
888 3797702 
889 3797702 
890 3797702 
891 3797702 
892 3797702 
893 3797702 
894 3797702 
895 3797702 
896 3797702 
897 3797702 
898 3797702 
899 3797702 
900 3797702 
901 3797702 
902 3797702 
903 3797702 
904 3797702 
905 3797702 
906 3797702 
907 3797702 
908 3797702 
909 3797702 
910 3797702 
911 3797702 
912 3797702 
913 3797702 
914 3797702 
915 3797702 
916 3797702 
917 3797702 
918 3797702 
919 3797702 
920 3797702 
921 3797702 
922 3797702 
923 3797702 
924 3797702 
925 3797702 
926 3797702 
927 3797702 
928 3797702 
929 3797702 
930 3797702 
931 3797702 
932 3797702 
933 3797702 
934 3797702 
935 3797702 
936 3797702 
937 3797702 
938 3797702 
939 3797702 
940 3797702 
941 3797702 
942 3797702 
943 3797702 
944 3797702 
945 3797702 
946 3797702 
947 3797702 
948 3797702 
949 3797702 
950 3797702 
951 3797702 
952 3797702 
953 3797702 
954 3797702 
955 3797702 
956 3797702 
957 3797702 
958 3797702 
959 3797702 
960 3797702 
961 3797702 
962 3797702 
963 3797702 
964 3797702 
965 3797702 
966 3797702 
967 3797702 
968 3797702 
969 3797702 
970 3797702 
971 3797702 
972 3797702 
973 3797702 
974 3797702 
975 3797702 
976 3797702 
977 3797702 
978 3797702 
979 3797702 
980 3797702 
981 3797702 
982 3797702 
983 3797702 
984 3797702 
985 3797702 
986 3797702 
987 3797702 
988 3797702 
989 3797702 
990 3797702 
991 3797702 
992 3797702 
993 3797702 
994 3797702 
995 3797702 
996 3797702 
997 3797702 
998 3797702 
999 3797702 
1000 3797702 
1001 3797702 
1002 3797702 
1003 3797702 
1004 3797702 
1005 3797702 
1006 3797702 
1007 3797702 
1008 3797702 
1009 3797702 
1010 3797702 
1011 3797702 
1012 3797702 
1013 3797702 
1014 3797702 
1015 3797702 
1016 3797702 
1017 3797702 
1018 3797702 
1019 3797702 
1020 3797702 
1021 3797702 
1022 3797702 
1023 3797702 
1024 3797702 
1025 3797702 
1026 3797702 
1027 3797702 
1028 3797702 
1029 3797702 
1030 3797702 
1031 3797702 
1032 3797702 
1033 3797702 
1034 3797702 
1035 3797702 
1036 3797702 
1037 3797702 
1038 3797702 
1039 3797702 
1040 3797702 
1041 3797702 
1042 3797702 
1043 3797702 
1044 3797702 
1045 3797702 
1046 3797702 
1047 3797702 
1048 3797702 
1049 3797702 
1050 3797702 
1051 3797702 
1052 3797702 
1053 3797702 
1054 3797702 
1055 3797702 
1056 3797702 
1057 3797702 
1058 3797702 
1059 3797702 
1060 3797702 
1061 3797702 
1062 3797702 
1063 3797702 
1064 3797702 
1065 3797702 
1066 3797702 
1067 3797702 
1068 3797702 
1069 3797702 
1070 3797702 
1071 3797702 
1072 3797702 
1073 3797702 
1074 3797702 
1075 3797702 
1076 3797702 
1077 3797702 
1078 3797702 
1079 3797702 
1080 3797702 
1081 3797702 
1082 3797702 
1083 3797702 
1084 3797702 
1085 3797702 
1086 3797702 
1087 3797702 
1088 3797702 
1089 3797702 
1090 3797702 
1091 3797702 
1092 3797702 
1093 3797702 
1094 3797702 
1095 3797702 
1096 3797702 
1097 3797702 
1098 3797702 
1099 3797702 
1100 3797702 
1101 3797702 
1102 3797702 
1103 3797702 
1104 3797702 
1105 3797702 
1106 3797702 
1107 3797702 
1108 3797702 
1109 3797702 
1110 3797702 
1111 3797702 
1112 3797702 
1113 3797702 
1114 3797702 
1115 3797702 
1116 3797702 
1117 3797702 
1118 3797702 
1119 3797702 
1120 3797702 
1121 3797702 
1122 3797702 
1123 3797702 
1124 3797702 
1125 3797702 
1126 3797702 
1127 3797702 
1128 3797702 
1129 3797702 
1130 3797702 
1131 3797702 
1132 3797702 
1133 3797702 
1134 3797702 
1135 3797702 
1136 3797702 
1137 3797702 
1138 3797702 
1139 3797702 
1140 3797702 
1141 3797702 
1142 3797702 
1143 3797702 
1144 3797702 
1145 3797702 
1146 3797702 
1147 3797702 
1148 3797702 
1149 3797702 
1150 3797702 
1151 3797702 
1152 3797702 
1153 3797702 
1154 3797702 
1155 3797702 
1156 3797702 
1157 3797702 
1158 3797702 
1159 3797702 
1160 3797702 
1161 3797702 
1162 3797702 
1163 3797702 
1164 3797702 
1165 3797702 
1166 3797702 
1167 3797702 
1168 3797702 
1169 3797702 
1170 3797702 
1171 3797702 
1172 3797702 
1173 3797702 
1174 3797702 
1175 3797702 
1176 3797702 
1177 3797702 
1178 3797702 
1179 3797702 
1180 3797702 
1181 3797702 
1182 3797702 
1183 3797702 
1184 3797702 
1185 3797702 
1186 3797702 
1187 3797702 
1188 3797702 
1189 3797702 
1190 3797702 
1191 3797702 
1192 3797702 
1193 3797702 
1194 3797702 
1195 3797702 
1196 3797702 
1197 3797702 
1198 3797702 
1199 3797702 
1200 3797702 
1201 3797702 
1202 3797702 
1203 3797702 
1204 3797702 
1205 3797702 
1206 3797702 
1207 3797702 
1208 3797702 
1209 3797702 
1210 3797702 
1211 3797702 
1212 3797702 
1213 3797702 
1214 3797702 
1215 3797702 
1216 3797702 
1217 3797702 
1218 3797702 
1219 3797702 
1220 3797702 
1221 3797702 
1222 3797702 
1223 3797702 
1224 3797702 
1225 3797702 
1226 3797702 
1227 3797702 
1228 3797702 
1229 3797702 
1230 3797702 
1231 3797702 
1232 3797702 
1233 3797702 
1234 3797702 
1235 3797702 
1236 3797702 
1237 3797702 
1238 3797702 
1239 3797702 
1240 3797702 
1241 3797702 
1242 3797702 
1243 3797702 
1244 3797702 
1245 3797702 
1246 3797702 
1247 3797702 
1248 3797702 
1249 3797702 
1250 3797702 
1251 3797702 
1252 3797702 
1253 3797702 
1254 3797702 
1255 3797702 
1256 3797702 
1257 3797702 
1258 3797702 
1259 3797702 
1260 3797702 
1261 3797702 
1262 3797702 
1263 3797702 
1264 3797702 
1265 3797702 
1266 3797702 
1267 3797702 
1268 3797702 
1269 3797702 
1270 3797702 
1271 3797702 
1272 3797702 
1273 3797702 
1274 3797702 
1275 3797702 
1276 3797702 
1277 3797702 
1278 3797702 
1279 3797702 
1280 3797702 
1281 3797702 
1282 3797702 
1283 3797702 
1284 3797702 
1285 3797702 
1286 3797702 
1287 3797702 
1288 3797702 
1289 3797702 
1290 3797702 
1291 3797702 
1292 3797702 
1293 3797702 
1294 3797702 
1295 3797702 
1296 3797702 
1297 3797702 
1298 3797702 
1299 3797702 
1300 3797702 
1301 3797702 
1302 3797702 
1303 3797702 
1304 3797702 
1305 3797702 
1306 3797702 
1307 3797702 
1308 3797702 
1309 3797702 
1310 3797702 
1311 3797702 
1312 3797702 
1313 3797702 
1314 3797702 
1315 3797702 
1316 3797702 
1317 3797702 
1318 3797702 
1319 3797702 
1320 3797702 
1321 3797702 
1322 3797702 
1323 3797702 
1324 3797702 
1325 3797702 
1326 3797702 
1327 3797702 
1328 3797702 
1329 3797702 
1330 3797702 
1331 3797702 
1332 3797702 
1333 3797702 
1334 3797702 
1335 3797702 
1336 3797702 
1337 3797702 
1338 3797702 
1339 3797702 
1340 3797702 
1341 3797702 
1342 3797702 
1343 3797702 
1344 3797702 
1345 3797702 
1346 3797702 
1347 3797702 
1348 3797702 
1349 3797702 
1350 3797702 
1351 3797702 
1352 3797702 
1353 3797702 
1354 3797702 
1355 3797702 
1356 3797702 
1357 3797702 
1358 3797702 
1359 3797702 
1360 3797702 
1361 3797702 
1362 3797702 
1363 3797702 
1364 3797702 
1365 3797702 
1366 3797702 
1367 3797702 
1368 3797702 
1369 3797702 
1370 3797702 
1371 3797702 
1372 3797702 
1373 3797702 
1374 3797702 
1375 3797702 
1376 3797702 
1377 3797702 
1378 3797702 
1379 3797702 
1380 3797702 
1381 3797702 
1382 3797702 
1383 3797702 
1384 3797702 
1385 3797702 
1386 3797702 
1387 3797702 
1388 3797702 
1389 3797702 
1390 3797702 
1391 3797702 
1392 3797702 
1393 3797702 
1394 3797702 
1395 3797702 
1396 3797702 
1397 3797702 
1398 3797702 
1399 3797702 
1400 3797702 
1401 3797702 
1402 3797702 
1403 3797702 
1404 3797702 
1405 3797702 
1406 3797702 
1407 3797702 
1408 3797702 
1409 3797702 
1410 3797702 
1411 3797702 
1412 3797702 
1413 3797702 
1414 3797702 
1415 3797702 
1416 3797702 
1417 3797702 
1418 3797702 
1419 3797702 
1420 3797702 
1421 3797702 
1422 3797702 
1423 3797702 
1424 3797702 
1425 3797702 
1426 3797702 
1427 3797702 
1428 3797702 
1429 3797702 
1430 3797702 
1431 3797702 
1432 3797702 
1433 3797702 
1434 3797702 
1435 3797702 
1436 3797702 
1437 3797702 
1438 3797702 
1439 3797702 
1440 3797702 
1441 3797702 
1442 3797702 
1443 3797702 
1444 3797702 
1445 3797702 
1446 3797702 
1447 3797702 
1448 3797702 
1449 3797702 
1450 3797702 
1451 3797702 
1452 3797702 
1453 3797702 
1454 3797702 
1455 3797702 
1456 3797702 
1457 3797702 
1458 3797702 
1459 3797702 
1460 3797702 
1461 3797702 
1462 3797702 
1463 3797702 
1464 3797702 
1465 3797702 
1466 3797702 
1467 3797702 
1468 3797702 
1469 3797702 
1470 3797702 
1471 3797702 
1472 3797702 
1473 3797702 
1474 3797702 
1475 3797702 
1476 3797702 
1477 3797702 
1478 3797702 
1479 3797702 
1480 3797702 
1481 3797702 
1482 3797702 
1483 3797702 
1484 3797702 
1485 3797702 
1486 3797702 
1487 3797702 
1488 3797702 
1489 3797702 
1490 3797702 
1491 3797702 
1492 3797702 
1493 3797702 
1494 3797702 
1495 3797702 
1496 3797702 
1497 3797702 
1498 3797702 
1499 3797702 
1500 3797702 
1501 3797702 
1502 3797702 
1503 3797702 
1504 3797702 
1505 3797702 
1506 3797702 
1507 3797702 
1508 3797702 
1509 3797702 
1510 3797702 
1511 3797702 
1512 3797702 
1513 3797702 
1514 3797702 
1515 3797702 
1516 3797702 
1517 3797702 
1518 3797702 
1519 3797702 
1520 3797702 
1521 3797702 
1522 3797702 
1523 3797702 
1524 3797702 
1525 3797702 
1526 3797702 
1527 3797702 
1528 3797702 
1529 3797702 
1530 3797702 
1531 3797702 
1532 3797702 
1533 3797702 
1534 3797702 
1535 3797702 
1536 3797702 
1537 3797702 
1538 3797702 
1539 3797702 
1540 3797702 
1541 3797702 
1542 3797702 
1543 3797702 
1544 3797702 
1545 3797702 
1546 3797702 
1547 3797702 
1548 3797702 
1549 3797702 
1550 3797702 
1551 3797702 
1552 3797702 
1553 3797702 
1554 3797702 
1555 3797702 
1556 3797702 
1557 3797702 
1558 3797702 
1559 3797702 
1560 3797702 
1561 3797702 
1562 3797702 
1563 3797702 
1564 3797702 
1565 3797702 
1566 3797702 
1567 3797702 
1568 3797702 
1569 3797702 
1570 3797702 
1571 3797702 
1572 3797702 
1573 3797702 
1574 3797702 
1575 3797702 
1576 3797702 
1577 3797702 
1578 3797702 
1579 3797702 
1580 3797702 
1581 3797702 
1582 3797702 
1583 3797702 
1584 3797702 
1585 3797702 
1586 3797702 
1587 3797702 
1588 3797702 
1589 3797702 
1590 3797702 
1591 3797702 
1592 3797702 
1593 3797702 
1594 3797702 
1595 3797702 
1596 3797702 
1597 3797702 
1598 3797702 
1599 3797702 
1600 3797702 
1601 3797702 
1602 3797702 
1603 3797702 
1604 3797702 
1605 3797702 
1606 3797702 
1607 3797702 
1608 3797702 
1609 3797702 
1610 3797702 
1611 3797702 
1612 3797702 
1613 3797702 
1614 3797702 
1615 3797702 
1616 3797702 
1617 3797702 
1618 3797702 
1619 3797702 
1620 3797702 
1621 3797702 
1622 3797702 
1623 3797702 
1624 3797702 
1625 3797702 
1626 3797702 
1627 3797702 
1628 3797702 
1629 3797702 
1630 3797702 
1631 3797702 
1632 3797702 
1633 3797702 
1634 3797702 
1635 3797702 
1636 3797702 
1637 3797702 
1638 3797702 
1639 3797702 
1640 3797702 
1641 3797702 
1642 3797702 
1643 3797702 
1644 3797702 
1645 3797702 
1646 3797702 
1647 3797702 
1648 3797702 
1649 3797702 
1650 3797702 
1651 3797702 
1652 3797702 
1653 3797702 
1654 3797702 
1655 3797702 
1656 3797702 
1657 3797702 
1658 3797702 
1659 3797702 
1660 3797702 
1661 3797702 
1662 3797702 
1663 3797702 
1664 3797702 
1665 3797702 
1666 3797702 
1667 3797702 
1668 3797702 
1669 3797702 
1670 3797702 
1671 3797702 
1672 3797702 
1673 3797702 
1674 3797702 
1675 3797702 
1676 3797702 
1677 3797702 
1678 3797702 
1679 3797702 
1680 3797702 
1681 3797702 
1682 3797702 
1683 3797702 
1684 3797702 
1685 3797702 
1686 3797702 
1687 3797702 
1688 3797702 
1689 3797702 
1690 3797702 
1691 3797702 
1692 3797702 
1693 3797702 
1694 3797702 
1695 3797702 
1696 3797702 
1697 3797702 
1698 3797702 
1699 3797702 
1700 3797702 
1701 3797702 
1702 3797702 
1703 3797702 
1704 3797702 
1705 3797702 
1706 3797702 
1707 3797702 
1708 3797702 
1709 3797702 
1710 3797702 
1711 3797702 
1712 3797702 
1713 3797702 
1714 3797702 
1715 3797702 
1716 3797702 
1717 3797702 
1718 3797702 
1719 3797702 
1720 3797702 
1721 3797702 
1722 3797702 
1723 3797702 
1724 3797702 
1725 3797702 
1726 3797702 
1727 3797702 
1728 3797702 
1729 3797702 
1730 3797702 
1731 3797702 
1732 3797702 
1733 3797702 
1734 3797702 
1735 3797702 
1736 3797702 
1737 3797702 
1738 3797702 
1739 3797702 
1740 3797702 
1741 3797702 
1742 3797702 
1743 3797702 
1744 3797702 
1745 3797702 
1746 3797702 
1747 3797702 
1748 3797702 
1749 3797702 
1750 3797702 
1751 3797702 
1752 3797702 
1753 3797702 
1754 3797702 
1755 3797702 
1756 3797702 
1757 3797702 
1758 3797702 
1759 3797702 
1760 3797702 
1761 3797702 
1762 3797702 
1763 3797702 
1764 3797702 
1765 3797702 
1766 3797702 
1767 3797702 
1768 3797702 
1769 3797702 
1770 3797702 
1771 3797702 
1772 3797702 
1773 3797702 
1774 3797702 
1775 3797702 
1776 3797702 
1777 3797702 
1778 3797702 
1779 3797702 
1780 3797702 
1781 3797702 
1782 3797702 
1783 3797702 
1784 3797702 
1785 3797702 
1786 3797702 
1787 3797702 
1788 3797702 
1789 3797702 
1790 3797702 
1791 3797702 
1792 3797702 
1793 3797702 
1794 3797702 
1795 3797702 
1796 3797702 
1797 3797702 
1798 3797702 
1799 3797702 
1800 3797702 
1801 3797702 
1802 3797702 
1803 3797702 
1804 3797702 
1805 3797702 
1806 3797702 
1807 3797702 
1808 3797702 
1809 3797702 
1810 3797702 
1811 3797702 
1812 3797702 
1813 3797702 
1814 3797702 
1815 3797702 
1816 3797702 
1817 3797702 
1818 3797702 
1819 3797702 
1820 3797702 
1821 3797702 
1822 3797702 
1823 3797702 
1824 3797702 
1825 3797702 
1826 3797702 
1827 3797702 
1828 3797702 
1829 3797702 
1830 3797702 
1831 3797702 
1832 3797702 
1833 3797702 
1834 3797702 
1835 3797702 
1836 3797702 
1837 3797702 
1838 3797702 
1839 3797702 
1840 3797702 
1841 3797702 
1842 3797702 
1843 3797702 
1844 3797702 
1845 3797702 
1846 3797702 
1847 3797702 
1848 3797702 
1849 3797702 
1850 3797702 
1851 3797702 
1852 3797702 
1853 3797702 
1854 3797702 
1855 3797702 
1856 3797702 
1857 3797702 
1858 3797702 
1859 3797702 
1860 3797702 
1861 3797702 
1862 3797702 
1863 3797702 
1864 3797702 
1865 3797702 
1866 3797702 
1867 3797702 
1868 3797702 
1869 3797702 
1870 3797702 
1871 3797702 
1872 3797702 
1873 3797702 
1874 3797702 
1875 3797702 
1876 3797702 
1877 3797702 
1878 3797702 
1879 3797702 
1880 3797702 
1881 3797702 
1882 3797702 
1883 3797702 
1884 3797702 
1885 3797702 
1886 3797702 
1887 3797702 
1888 3797702 
1889 3797702 
1890 3797702 
1891 3797702 
1892 3797702 
1893 3797702 
1894 3797702 
1895 3797702 
1896 3797702 
1897 3797702 
1898 3797702 
1899 3797702 
1900 3797702 
1901 3797702 
1902 3797702 
1903 3797702 
1904 3797702 
1905 3797702 
1906 3797702 
1907 3797702 
1908 3797702 
1909 3797702 
1910 3797702 
1911 3797702 
1912 3797702 
1913 3797702 
1914 3797702 
1915 3797702 
1916 3797702 
1917 3797702 
1918 3797702 
1919 3797702 
1920 3797702 
1921 3797702 
1922 3797702 
1923 3797702 
1924 3797702 
1925 3797702 
1926 3797702 
1927 3797702 
1928 3797702 
1929 3797702 
1930 3797702 
1931 3797702 
1932 3797702 
1933 3797702 
1934 3797702 
1935 3797702 
1936 3797702 
1937 3797702 
1938 3797702 
1939 3797702 
1940 3797702 
1941 3797702 
1942 3797702 
1943 3797702 
1944 3797702 
1945 3797702 
1946 3797702 
1947 3797702 
1948 3797702 
1949 3797702 
1950 3797702 
1951 3797702 
1952 3797702 
1953 3797702 
1954 3797702 
1955 3797702 
1956 3797702 
1957 3797702 
1958 3797702 
1959 3797702 
1960 3797702 
1961 3797702 
1962 3797702 
1963 3797702 
1964 3797702 
1965 3797702 
1966 3797702 
1967 3797702 
1968 3797702 
1969 3797702 
1970 3797702 
1971 3797702 
1972 3797702 
1973 3797702 
1974 3797702 
1975 3797702 
1976 3797702 
1977 3797702 
1978 3797702 
1979 3797702 
1980 3797702 
1981 3797702 
1982 3797702 
1983 3797702 
1984 3797702 
1985 3797702 
1986 3797702 
1987 3797702 
1988 3797702 
1989 3797702 
1990 3797702 
1991 3797702 
1992 3797702 
1993 3797702 
1994 3797702 
1995 3797702 
1996 3797702 
1997 3797702 
1998 3797702 
1999 3797702 
2000 3797702 
2001 3797702 
2002 3797702 
2003 3797702 
2004 3797702 
2005 3797702 
2006 3797702 
2007 3797702 
2008 3797702 
2009 3797702 
2010 3797702 
2011 3797702 
2012 3797702 
2013 3797702 
2014 3797702 
2015 3797702 
2016 3797702 
2017 3797702 
2018 3797702 
2019 3797702 
2020 3797702 
2021 3797702 
2022 3797702 
2023 3797702 
2024 3797702 
2025 3797702 
2026 3797702 
2027 3797702 
2028 3797702 
2029 3797702 
2030 3797702 
2031 3797702 
2032 3797702 
2033 3797702 
2034 3797702 
2035 3797702 
2036 3797702 
2037 3797702 
2038 3797702 
2039 3797702 
2040 3797702 
2041 3797702 
2042 3797702 
2043 3797702 
2044 3797702 
2045 3797702 
2046 3797702 
2047 3797702 
2048 3797702 
2049 3797702 
2050 3797702 
2051 3797702 
2052 3797702 
2053 3797702 
2054 3797702 
2055 3797702 
2056 3797702 
2057 3797702 
2058 3797702 
2059 3797702 
2060 3797702 
2061 3797702 
2062 3797702 
2063 3797702 
2064 3797702 
2065 3797702 
2066 3797702 
2067 3797702 
2068 3797702 
2069 3797702 
2070 3797702 
2071 3797702 
2072 3797702 
2073 3797702 
2074 3797702 
2075 3797702 
2076 3797702 
2077 3797702 
2078 3797702 
2079 3797702 
2080 3797702 
2081 3797702 
2082 3797702 
2083 3797702 
2084 3797702 
2085 3797702 
2086 3797702 
2087 3797702 
2088 3797702 
2089 3797702 
2090 3797702 
2091 3797702 
2092 3797702 
2093 3797702 
2094 3797702 
2095 3797702 
2096 3797702 
2097 3797702 
2098 3797702 
2099 3797702 
2100 3797702 
2101 3797702 
2102 3797702 
2103 3797702 
2104 3797702 
2105 3797702 
2106 3797702 
2107 3797702 
2108 3797702 
2109 3797702 
2110 3797702 
2111 3797702 
2112 3797702 
2113 3797702 
2114 3797702 
2115 3797702 
2116 3797702 
2117 3797702 
2118 3797702 
2119 3797702 
2120 3797702 
2121 3797702 
2122 3797702 
2123 3797702 
2124 3797702 
2125 3797702 
2126 3797702 
2127 3797702 
2128 3797702 
2129 3797702 
2130 3797702 
2131 3797702 
2132 3797702 
2133 3797702 
2134 3797702 
2135 3797702 
2136 3797702 
2137 3797702 
2138 3797702 
2139 3797702 
2140 3797702 
2141 3797702 
2142 3797702 
2143 3797702 
2144 3797702 
2145 3797702 
2146 3797702 
2147 3797702 
2148 3797702 
2149 3797702 
2150 3797702 
2151 3797702 
2152 3797702 
2153 3797702 
2154 3797702 
2155 3797702 
2156 3797702 
2157 3797702 
2158 3797702 
2159 3797702 
2160 3797702 
2161 3797702 
2162 3797702 
2163 3797702 
2164 3797702 
2165 3797702 
2166 3797702 
2167 3797702 
2168 3797702 
2169 3797702 
2170 3797702 
2171 3797702 
2172 3797702 
2173 3797702 
2174 3797702 
2175 3797702 
2176 3797702 
2177 3797702 
2178 3797702 
2179 3797702 
2180 3797702 
2181 3797702 
2182 3797702 
2183 3797702 
2184 3797702 
2185 3797702 
2186 3797702 
2187 3797702 
2188 3797702 
2189 3797702 
2190 3797702 
2191 3797702 
2192 3797702 
2193 3797702 
2194 3797702 
2195 3797702 
2196 3797702 
2197 3797702 
2198 3797702 
2199 3797702 
2200 3797702 
2201 3797702 
2202 3797702 
2203 3797702 
2204 3797702 
2205 3797702 
2206 3797702 
2207 3797702 
2208 3797702 
2209 3797702 
2210 3797702 
2211 3797702 
2212 3797702 
2213 3797702 
2214 3797702 
2215 3797702 
2216 3797702 
2217 3797702 
2218 3797702 
2219 3797702 
2220 3797702 
2221 3797702 
2222 3797702 
2223 3797702 
2224 3797702 
2225 3797702 
2226 3797702 
2227 3797702 
2228 3797702 
2229 3797702 
2230 3797702 
2231 3797702 
2232 3797702 
2233 3797702 
2234 3797702 
2235 3797702 
2236 3797702 
2237 3797702 
2238 3797702 
2239 3797702 
2240 3797702 
2241 3797702 
2242 3797702 
2243 3797702 
2244 3797702 
2245 3797702 
2246 3797702 
2247 3797702 
2248 3797702 
2249 3797702 
2250 3797702 
2251 3797702 
2252 3797702 
2253 3797702 
2254 3797702 
2255 3797702 
2256 3797702 
2257 3797702 
2258 3797702 
2259 3797702 
2260 3797702 
2261 3797702 
2262 3797702 
2263 3797702 
2264 3797702 
2265 3797702 
2266 3797702 
2267 3797702 
2268 3797702 
2269 3797702 
2270 3797702 
2271 3797702 
2272 3797702 
2273 3797702 
2274 3797702 
2275 3797702 
2276 3797702 
2277 3797702 
2278 3797702 
2279 3797702 
2280 3797702 
2281 3797702 
2282 3797702 
2283 3797702 
2284 3797702 
2285 3797702 
2286 3797702 
2287 3797702 
2288 3797702 
2289 3797702 
2290 3797702 
2291 3797702 
2292 3797702 
2293 3797702 
2294 3797702 
2295 3797702 
2296 3797702 
2297 3797702 
2298 3797702 
2299 3797702 
2300 3797702 
2301 3797702 
2302 3797702 
2303 3797702 
2304 3797702 
2305 3797702 
2306 3797702 
2307 3797702 
2308 3797702 
2309 3797702 
2310 3797702 
2311 3797702 
2312 3797702 
2313 3797702 
2314 3797702 
2315 3797702 
2316 3797702 
2317 3797702 
2318 3797702 
2319 3797702 
2320 3797702 
2321 3797702 
2322 3797702 
2323 3797702 
2324 3797702 
2325 3797702 
2326 3797702 
2327 3797702 
2328 3797702 
2329 3797702 
2330 3797702 
2331 3797702 
2332 3797702 
2333 3797702 
2334 3797702 
2335 3797702 
2336 3797702 
2337 3797702 
2338 3797702 
2339 3797702 
2340 3797702 
2341 3797702 
2342 3797702 
2343 3797702 
2344 3797702 
2345 3797702 
2346 3797702 
2347 3797702 
2348 3797702 
2349 3797702 
2350 3797702 
2351 3797702 
2352 3797702 
2353 3797702 
2354 3797702 
2355 3797702 
2356 3797702 
2357 3797702 
2358 3797702 
2359 3797702 
2360 3797702 
2361 3797702 
2362 3797702 
2363 3797702 
2364 3797702 
2365 3797702 
2366 3797702 
2367 3797702 
2368 3797702 
2369 3797702 
2370 3797702 
2371 3797702 
2372 3797702 
2373 3797702 
2374 3797702 
2375 3797702 
2376 3797702 
2377 3797702 
2378 3797702 
2379 3797702 
2380 3797702 
2381 3797702 
2382 3797702 
2383 3797702 
2384 3797702 
2385 3797702 
2386 3797702 
2387 3797702 
2388 3797702 
2389 3797702 
2390 3797702 
2391 3797702 
2392 3797702 
2393 3797702 
2394 3797702 
2395 3797702 
2396 3797702 
2397 3797702 
2398 3797702 
2399 3797702 
2400 3797702 
2401 3797702 
2402 3797702 
2403 3797702 
2404 3797702 
2405 3797702 
2406 3797702 
2407 3797702 
2408 3797702 
2409 3797702 
2410 3797702 
2411 3797702 
2412 3797702 
2413 3797702 
2414 3797702 
2415 3797702 
2416 3797702 
2417 3797702 
2418 3797702 
2419 3797702 
2420 3797702 
2421 3797702 
2422 3797702 
2423 3797702 
2424 3797702 
2425 3797702 
2426 3797702 
2427 3797702 
2428 3797702 
2429 3797702 
2430 3797702 
2431 3797702 
2432 3797702 
2433 3797702 
2434 3797702 
2435 3797702 
2436 3797702 
2437 3797702 
2438 3797702 
2439 3797702 
2440 3797702 
2441 3797702 
2442 3797702 
2443 3797702 
2444 3797702 
2445 3797702 
2446 3797702 
2447 3797702 
2448 3797702 
2449 3797702 
2450 3797702 
2451 3797702 
2452 3797702 
2453 3797702 
2454 3797702 
2455 3797702 
2456 3797702 
2457 3797702 
2458 3797702 
2459 3797702 
2460 3797702 
2461 3797702 
2462 3797702 
2463 3797702 
2464 3797702 
2465 3797702 
2466 3797702 
2467 3797702 
2468 3797702 
2469 3797702 
2470 3797702 
2471 3797702 
2472 3797702 
2473 3797702 
2474 3797702 
2475 3797702 
2476 3797702 
2477 3797702 
2478 3797702 
2479 3797702 
2480 3797702 
2481 3797702 
2482 3797702 
2483 3797702 
2484 3797702 
2485 3797702 
2486 3797702 
2487 3797702 
2488 3797702 
2489 3797702 
2490 3797702 
2491 3797702 
2492 3797702 
2493 3797702 
2494 3797702 
2495 3797702 
2496 3797702 
2497 3797702 
2498 3797702 
2499 3797702 
2500 3797702 
2501 3797702 
2502 3797702 
2503 3797702 
2504 3797702 
2505 3797702 
2506 3797702 
2507 3797702 
2508 3797702 
2509 3797702 
2510 3797702 
2511 3797702 
2512 3797702 
2513 3797702 
2514 3797702 
2515 3797702 
2516 3797702 
2517 3797702 
2518 3797702 
2519 3797702 
2520 3797702 
2521 3797702 
2522 3797702 
2523 3797702 
2524 3797702 
2525 3797702 
2526 3797702 
2527 3797702 
2528 3797702 
2529 3797702 
2530 3797702 
2531 3797702 
2532 3797702 
2533 3797702 
2534 3797702 
2535 3797702 
2536 3797702 
2537 3797702 
2538 3797702 
2539 3797702 
2540 3797702 
2541 3797702 
2542 3797702 
2543 3797702 
2544 3797702 
2545 3797702 
2546 3797702 
2547 3797702 
2548 3797702 
2549 3797702 
2550 3797702 
2551 3797702 
2552 3797702 
2553 3797702 
2554 3797702 
2555 3797702 
2556 3797702 
2557 3797702 
2558 3797702 
2559 3797702 
2560 3797702 
2561 3797702 
2562 3797702 
2563 3797702 
2564 3797702 
2565 3797702 
2566 3797702 
2567 3797702 
2568 3797702 
2569 3797702 
2570 3797702 
2571 3797702 
2572 3797702 
2573 3797702 
2574 3797702 
2575 3797702 
2576 3797702 
2577 3797702 
2578 3797702 
2579 3797702 
2580 3797702 
2581 3797702 
2582 3797702 
2583 3797702 
2584 3797702 
2585 3797702 
2586 3797702 
2587 3797702 
2588 3797702 
2589 3797702 
2590 3797702 
2591 3797702 
2592 3797702 
2593 3797702 
2594 3797702 
2595 3797702 
2596 3797702 
2597 3797702 
2598 3797702 
2599 3797702 
2600 3797702 
2601 3797702 
2602 3797702 
2603 3797702 
2604 3797702 
2605 3797702 
2606 3797702 
2607 3797702 
2608 3797702 
2609 3797702 
2610 3797702 
2611 3797702 
2612 3797702 
2613 3797702 
2614 3797702 
2615 3797702 
2616 3797702 
2617 3797702 
2618 3797702 
2619 3797702 
2620 3797702 
2621 3797702 
2622 3797702 
2623 3797702 
2624 3797702 
2625 3797702 
2626 3797702 
2627 3797702 
2628 3797702 
2629 3797702 
2630 3797702 
2631 3797702 
2632 3797702 
2633 3797702 
2634 3797702 
2635 3797702 
2636 3797702 
2637 3797702 
2638 3797702 
2639 3797702 
2640 3797702 
2641 3797702 
2642 3797702 
2643 3797702 
2644 3797702 
2645 3797702 
2646 3797702 
2647 3797702 
2648 3797702 
2649 3797702 
2650 3797702 
2651 3797702 
2652 3797702 
2653 3797702 
2654 3797702 
2655 3797702 
2656 3797702 
2657 3797702 
2658 3797702 
2659 3797702 
2660 3797702 
2661 3797702 
2662 3797702 
2663 3797702 
2664 3797702 
2665 3797702 
2666 3797702 
2667 3797702 
2668 3797702 
2669 3797702 
2670 3797702 
2671 3797702 
2672 3797702 
2673 3797702 
2674 3797702 
2675 3797702 
2676 3797702 
2677 3797702 
2678 3797702 
2679 3797702 
2680 3797702 
2681 3797702 
2682 3797702 
2683 3797702 
2684 3797702 
2685 3797702 
2686 3797702 
2687 3797702 
2688 3797702 
2689 3797702 
2690 3797702 
2691 3797702 
2692 3797702 
2693 3797702 
2694 3797702 
2695 3797702 
2696 3797702 
2697 3797702 
2698 3797702 
2699 3797702 
2700 3797702 
2701 3797702 
2702 3797702 
2703 3797702 
2704 3797702 
2705 3797702 
2706 3797702 
2707 3797702 
2708 3797702 
2709 3797702 
2710 3797702 
2711 3797702 
2712 3797702 
2713 3797702 
2714 3797702 
2715 3797702 
2716 3797702 
2717 3797702 
2718 3797702 
2719 3797702 
2720 3797702 
2721 3797702 
2722 3797702 
2723 3797702 
2724 3797702 
2725 3797702 
2726 3797702 
2727 3797702 
2728 3797702 
2729 3797702 
2730 3797702 
2731 3797702 
2732 3797702 
2733 3797702 
2734 3797702 
2735 3797702 
2736 3797702 
2737 3797702 
2738 3797702 
2739 3797702 
2740 3797702 
2741 3797702 
2742 3797702 
2743 3797702 
2744 3797702 
2745 3797702 
2746 3797702 
2747 3797702 
2748 3797702 
2749 3797702 
2750 3797702 
2751 3797702 
2752 3797702 
2753 3797702 
2754 3797702 
2755 3797702 
2756 3797702 
2757 3797702 
2758 3797702 
2759 3797702 
2760 3797702 
2761 3797702 
2762 3797702 
2763 3797702 
2764 3797702 
2765 3797702 
2766 3797702 
2767 3797702 
2768 3797702 
2769 3797702 
2770 3797702 
2771 3797702 
2772 3797702 
2773 3797702 
2774 3797702 
2775 3797702 
2776 3797702 
2777 3797702 
2778 3797702 
2779 3797702 
2780 3797702 
2781 3797702 
2782 3797702 
2783 3797702 
2784 3797702 
2785 3797702 
2786 3797702 
2787 3797702 
2788 3797702 
2789 3797702 
2790 3797702 
2791 3797702 
2792 3797702 
2793 3797702 
2794 3797702 
2795 3797702 
2796 3797702 
2797 3797702 
2798 3797702 
2799 3797702 
2800 3797702 
2801 3797702 
2802 3797702 
2803 3797702 
2804 3797702 
2805 3797702 
2806 3797702 
2807 3797702 
2808 3797702 
2809 3797702 
2810 3797702 
2811 3797702 
2812 3797702 
2813 3797702 
2814 3797702 
2815 3797702 
2816 3797702 
2817 3797702 
2818 3797702 
2819 3797702 
2820 3797702 
2821 3797702 
2822 3797702 
2823 3797702 
2824 3797702 
2825 3797702 
2826 3797702 
2827 3797702 
2828 3797702 
2829 3797702 
2830 3797702 
2831 3797702 
2832 3797702 
2833 3797702 
2834 3797702 
2835 3797702 
2836 3797702 
2837 3797702 
2838 3797702 
2839 3797702 
2840 3797702 
2841 3797702 
2842 3797702 
2843 3797702 
2844 3797702 
2845 3797702 
2846 3797702 
2847 3797702 
2848 3797702 
2849 3797702 
2850 3797702 
2851 3797702 
2852 3797702 
2853 3797702 
2854 3797702 
2855 3797702 
2856 3797702 
2857 3797702 
2858 3797702 
2859 3797702 
2860 3797702 
2861 3797702 
2862 3797702 
2863 3797702 
2864 3797702 
2865 3797702 
2866 3797702 
2867 3797702 
2868 3797702 
2869 3797702 
2870 3797702 
2871 3797702 
2872 3797702 
2873 3797702 
2874 3797702 
2875 3797702 
2876 3797702 
2877 3797702 
2878 3797702 
2879 3797702 
2880 3797702 
2881 3797702 
2882 3797702 
2883 3797702 
2884 3797702 
2885 3797702 
2886 3797702 
2887 3797702 
2888 3797702 
2889 3797702 
2890 3797702 
2891 3797702 
2892 3797702 
2893 3797702 
2894 3797702 
2895 3797702 
2896 3797702 
2897 3797702 
2898 3797702 
2899 3797702 
2900 3797702 
2901 3797702 
2902 3797702 
2903 3797702 
2904 3797702 
2905 3797702 
2906 3797702 
2907 3797702 
2908 3797702 
2909 3797702 
2910 3797702 
2911 3797702 
2912 3797702 
2913 3797702 
2914 3797702 
2915 3797702 
2916 3797702 
2917 3797702 
2918 3797702 
2919 3797702 
2920 3797702 
2921 3797702 
2922 3797702 
2923 3797702 
2924 3797702 
2925 3797702 
2926 3797702 
2927 3797702 
2928 3797702 
2929 3797702 
2930 3797702 
2931 3797702 
2932 3797702 
2933 3797702 
2934 3797702 
2935 3797702 
2936 3797702 
2937 3797702 
2938 3797702 
2939 3797702 
2940 3797702 
2941 3797702 
2942 3797702 
2943 3797702 
2944 3797702 
2945 3797702 
2946 3797702 
2947 3797702 
2948 3797702 
2949 3797702 
2950 3797702 
2951 3797702 
2952 3797702 
2953 3797702 
2954 3797702 
2955 3797702 
2956 3797702 
2957 3797702 
2958 3797702 
2959 3797702 
2960 3797702 
2961 3797702 
2962 3797702 
2963 3797702 
2964 3797702 
2965 3797702 
2966 3797702 
2967 3797702 
2968 3797702 
2969 3797702 
2970 3797702 
2971 3797702 
2972 3797702 
2973 3797702 
2974 3797702 
2975 3797702 
2976 3797702 
2977 3797702 
2978 3797702 
2979 3797702 
2980 3797702 
2981 3797702 
2982 3797702 
2983 3797702 
2984 3797702 
2985 3797702 
2986 3797702 
2987 3797702 
2988 3797702 
2989 3797702 
2990 3797702 
2991 3797702 
2992 3797702 
2993 3797702 
2994 3797702 
2995 3797702 
2996 3797702 
2997 3797702 
2998 3797702 
2999 3797702 
3000 3797702 
3001 3797702 
3002 3797702 
3003 3797702 
3004 3797702 
3005 3797702 
3006 3797702 
3007 3797702 
3008 3797702 
3009 3797702 
3010 3797702 
3011 3797702 
3012 3797702 
3013 3797702 
3014 3797702 
3015 3797702 
3016 3797702 
3017 3797702 
3018 3797702 
3019 3797702 
3020 3797702 
3021 3797702 
3022 3797702 
3023 3797702 
3024 3797702 
3025 3797702 
3026 3797702 
3027 3797702 
3028 3797702 
3029 3797702 
3030 3797702 
3031 3797702 
3032 3797702 
3033 3797702 
3034 3797702 
3035 3797702 
3036 3797702 
3037 3797702 
3038 3797702 

