0 4333579 
1 4325415 
2 4319552 
3 4317775 
4 4300246 
5 4292109 
6 4288543 
7 4287848 
8 4285157 
9 4274823 
10 4274370 
11 4274357 
12 4273629 
13 4271143 
14 4265939 
15 4265887 
16 4260952 
17 4220215 
18 4215327 
19 4215275 
20 4215262 
21 4195626 
22 4178830 
23 4177390 
24 4177367 
25 4176954 
26 4176954 
27 4176492 
28 4170883 
29 4170800 
30 4170781 
31 4170765 
32 4169595 
33 4169569 
34 4168638 
35 4165611 
36 4163050 
37 4147347 
38 4146486 
39 4146369 
40 4146369 
41 4144138 
42 4143706 
43 4143601 
44 4143549 
45 4143277 
46 4143256 
47 4142080 
48 4142019 
49 4141876 
50 4141160 
51 4141147 
52 4141042 
53 4140999 
54 4140426 
55 4140222 
56 4139608 
57 4133910 
58 4132308 
59 4130590 
60 4130535 
61 4130528 
62 4130274 
63 4129986 
64 4129727 
65 4129188 
66 4129133 
67 4128931 
68 4128629 
69 4117774 
70 4117627 
71 4117485 
72 4116890 
73 4114963 
74 4114355 
75 4114348 
76 4114251 
77 4114244 
78 4114230 
79 4114069 
80 4111198 
81 4111169 
82 4111162 
83 4110896 
84 4110510 
85 4110370 
86 4109226 
87 4109210 
88 4109021 
89 4108126 
90 4108126 
91 4097616 
92 4097551 
93 4097334 
94 4097257 
95 4097026 
96 4096631 
97 4095721 
98 4093284 
99 4093039 
100 4091645 
101 4088814 
102 4088681 
103 4088024 
104 4087905 
105 4086044 
106 4085849 
107 4085702 
108 4080410 
109 4080397 
110 4080376 
111 4080345 
112 4080306 
113 4080306 
114 4080285 
115 4078421 
116 4076285 
117 4076264 
118 4075856 
119 4074680 
120 4074669 
121 4065049 
122 4061975 
123 4061611 
124 4061490 
125 4061477 
126 4061449 
127 4061182 
128 4061016 
129 4054324 
130 4053931 
131 4051951 
132 4051615 
133 4046911 
134 4042595 
135 4042114 
136 4039453 
137 4039310 
138 4037128 
139 4037128 
140 4036595 
141 4036154 
142 4035650 
143 4035622 
144 4033697 
145 4033683 
146 4033557 
147 4033497 
148 4033397 
149 4032808 
150 4030626 
151 4030556 
152 4029893 
153 4025230 
154 4025087 
155 4024976 
156 4023533 
157 4014921 
158 3998047 
159 3995841 
160 3995488 
161 3995365 
162 3995351 
163 3995295 
164 3995022 
165 3994892 
166 3994703 
167 3994647 
168 3994626 
169 3994570 
170 3994479 
171 3994430 
172 3991256 
173 3989798 
174 3987146 
175 3983305 
176 3983270 
177 3983226 
178 3983200 
179 3983144 
180 3983123 
181 3983116 
182 3982542 
183 3982535 
184 3982223 
185 3982209 
186 3981812 
187 3981791 
188 3981791 
189 3981763 
190 3981712 
191 3981672 
192 3980841 
193 3980813 
194 3978673 
195 3975958 
196 3975825 
197 3971154 
198 3971112 
199 3971105 
200 3971091 
201 3971042 
202 3970846 
203 3970818 
204 3970783 
205 3970741 
206 3970709 
207 3970343 
208 3966886 
209 3966224 
210 3965274 
211 3965241 
212 3965233 
213 3965079 
214 3965014 
215 3965014 
216 3964986 
217 3964674 
218 3964622 
219 3964499 
220 3961868 
221 3961745 
222 3961329 
223 3960828 
224 3960723 
225 3960415 
226 3960259 
227 3960259 
228 3960254 
229 3960032 
230 3959991 
231 3959978 
232 3959964 
233 3959952 
234 3959920 
235 3959842 
236 3959842 
237 3959541 
238 3959527 
239 3959430 
240 3959051 
241 3958561 
242 3958535 
243 3956960 
244 3956804 
245 3955790 
246 3955777 
247 3955700 
248 3954678 
249 3954662 
250 3954559 
251 3954545 
252 3953567 
253 3953216 
254 3953209 
255 3953118 
256 3953111 
257 3952879 
258 3948938 
259 3948934 
260 3948933 
261 3948920 
262 3948859 
263 3948826 
264 3948750 
265 3947948 
266 3946713 
267 3946442 
268 3932649 
269 3932584 
270 3932576 
271 3932569 
272 3932555 
273 3931894 
274 3931739 
275 3931343 
276 3931301 
277 3931217 
278 3931217 
279 3920323 
280 3916990 
281 3912037 
282 3909762 
283 3909203 
284 3909193 
285 3909151 
286 3909123 
287 3909113 
288 3909071 
289 3908989 
290 3908968 
291 3908889 
292 3908882 
293 3908882 
294 3908856 
295 3907643 
296 3907513 
297 3906217 
298 3906140 
299 3905804 
300 3903341 
301 3902665 
302 3902616 
303 3902595 
304 3902588 
305 3902567 
306 3902567 
307 3902535 
308 3902528 
309 3901922 
310 3901922 
311 3901880 
312 3900060 
313 3900010 
314 3897474 
315 3897462 
316 3897397 
317 3895775 
318 3895671 
319 3894976 
320 3894846 
321 3894832 
322 3894733 
323 3894684 
324 3894502 
325 3893585 
326 3893543 
327 3893277 
328 3893092 
329 3893085 
330 3892186 
331 3892186 
332 3891241 
333 3891241 
334 3890959 
335 3879512 
336 3877945 
337 3877945 
338 3877919 
339 3877451 
340 3877373 
341 3876057 
342 3875797 
343 3875759 
344 3875293 
345 3875267 
346 3875141 
347 3874763 
348 3874252 
349 3873928 
350 3873691 
351 3873689 
352 3873584 
353 3873215 
354 3873168 
355 3868953 
356 3868915 
357 3868792 
358 3868783 
359 3868657 
360 3868657 
361 3865459 
362 3865389 
363 3865381 
364 3865381 
365 3865361 
366 3865361 
367 3864971 
368 3864967 
369 3864927 
370 3863984 
371 3862632 
372 3862587 
373 3862552 
374 3862532 
375 3861440 
376 3861206 
377 3861136 
378 3860219 
379 3860212 
380 3859705 
381 3858860 
382 3858784 
383 3858784 
384 3858134 
385 3858106 
386 3858106 
387 3857802 
388 3857369 
389 3857096 
390 3857061 
391 3857054 
392 3857054 
393 3857033 
394 3857033 
395 3856998 
396 3856991 
397 3847702 
398 3843867 
399 3843867 
400 3843650 
401 3843601 
402 3843300 
403 3843237 
404 3843216 
405 3842832 
406 3842817 
407 3842559 
408 3842532 
409 3842486 
410 3842432 
411 3842206 
412 3842199 
413 3842199 
414 3841263 
415 3841263 
416 3841263 
417 3840119 
418 3840090 
419 3839651 
420 3839315 
421 3839315 
422 3839302 
423 3839302 
424 3839295 
425 3839281 
426 3839015 
427 3838677 
428 3838677 
429 3838572 
430 3836739 
431 3836739 
432 3836422 
433 3836416 
434 3836415 
435 3836352 
436 3836345 
437 3836051 
438 3836038 
439 3835937 
440 3835671 
441 3835614 
442 3835593 
443 3835587 
444 3835030 
445 3835027 
446 3834999 
447 3834336 
448 3833374 
449 3833374 
450 3833359 
451 3833158 
452 3833151 
453 3832738 
454 3832504 
455 3832309 
456 3831846 
457 3831846 
458 3831844 
459 3831830 
460 3831830 
461 3831704 
462 3830681 
463 3830667 
464 3830653 
465 3830653 
466 3830632 
467 3830388 
468 3830388 
469 3830388 
470 3830374 
471 3830224 
472 3830203 
473 3830203 
474 3830182 
475 3829584 
476 3829535 
477 3829507 
478 3829507 
479 3829457 
480 3829457 
481 3828772 
482 3828768 
483 3828586 
484 3828404 
485 3828397 
486 3828334 
487 3828334 
488 3828314 
489 3828202 
490 3828146 
491 3828139 
492 3828139 
493 3828048 
494 3827936 
495 3827936 
496 3827936 
497 3827936 
498 3827786 
499 3827786 
500 3827786 
501 3827786 
502 3827786 
503 3827786 
504 3827786 
505 3827786 
506 3827786 
507 3827786 
508 3827721 
509 3827721 
510 3827721 
511 3827721 
512 3827721 
513 3827706 
514 3827706 
515 3827706 
516 3827706 
517 3827706 
518 3827706 
519 3827706 
520 3827706 
521 3827706 
522 3827706 
523 3827706 
524 3827706 
525 3827706 
526 3827706 
527 3827706 
528 3827706 
529 3827706 
530 3827706 
531 3827706 
532 3827581 
533 3827581 
534 3827581 
535 3827581 
536 3827581 
537 3827581 
538 3827581 
539 3827581 
540 3827581 
541 3827581 
542 3827581 
543 3827581 
544 3827581 
545 3827581 
546 3827581 
547 3827581 
548 3827581 
549 3827581 
550 3827581 
551 3827581 
552 3827581 
553 3827581 
554 3827581 
555 3827581 
556 3827581 
557 3827581 
558 3827581 
559 3827581 
560 3827581 
561 3827581 
562 3827581 
563 3827581 
564 3827581 
565 3827581 
566 3827581 
567 3827581 
568 3827581 
569 3827581 
570 3827581 
571 3827581 
572 3827581 
573 3827581 
574 3827581 
575 3827581 
576 3827581 
577 3827581 
578 3827581 
579 3827581 
580 3827581 
581 3827581 
582 3827581 
583 3827581 
584 3827581 
585 3827581 
586 3827581 
587 3827581 
588 3827581 
589 3827581 
590 3827581 
591 3827581 
592 3827581 
593 3827581 
594 3827581 
595 3827581 
596 3827581 
597 3827581 
598 3827581 
599 3827581 
600 3827581 
601 3827581 
602 3827581 
603 3827581 
604 3827581 
605 3827581 
606 3827581 
607 3827581 
608 3827581 
609 3827581 
610 3827581 
611 3827581 
612 3827581 
613 3827581 
614 3827581 
615 3827581 
616 3827581 
617 3827581 
618 3827581 
619 3827581 
620 3827581 
621 3827581 
622 3827581 
623 3827581 
624 3827581 
625 3827581 
626 3827581 
627 3827581 
628 3827581 
629 3827581 
630 3827581 
631 3827581 
632 3827581 
633 3827581 
634 3827581 
635 3827581 
636 3827581 
637 3827581 
638 3827581 
639 3827581 
640 3827581 
641 3827581 
642 3827581 
643 3827581 
644 3827581 
645 3827581 
646 3827581 
647 3827581 
648 3827581 
649 3827581 
650 3827581 
651 3827581 
652 3827581 
653 3827581 
654 3827581 
655 3827581 
656 3827581 
657 3827581 
658 3827581 
659 3827581 
660 3827581 
661 3827581 
662 3827581 
663 3827581 
664 3827581 
665 3827581 
666 3827581 
667 3827581 
668 3827581 
669 3827581 
670 3827581 
671 3827581 
672 3827581 
673 3827581 
674 3827581 
675 3827581 
676 3827581 
677 3827581 
678 3827581 
679 3827581 
680 3827581 
681 3827581 
682 3827581 
683 3827581 
684 3827581 
685 3827581 
686 3827581 
687 3827581 
688 3827581 
689 3827581 
690 3827581 
691 3827581 
692 3827581 
693 3827581 
694 3827581 
695 3827581 
696 3827581 
697 3827581 
698 3827581 
699 3827581 
700 3827581 
701 3827581 
702 3827581 
703 3827581 
704 3827581 
705 3827581 
706 3827581 
707 3827581 
708 3827581 
709 3827581 
710 3827581 
711 3827581 
712 3827581 
713 3827581 
714 3827581 
715 3827581 
716 3827581 
717 3827581 
718 3827581 
719 3827581 
720 3827581 
721 3827581 
722 3827581 
723 3827581 
724 3827581 
725 3827581 
726 3827581 
727 3827581 
728 3827581 
729 3827581 
730 3827581 
731 3827581 
732 3827581 
733 3827581 
734 3827581 
735 3827581 
736 3827581 
737 3827581 
738 3827581 
739 3827581 
740 3827581 
741 3827581 
742 3827581 
743 3827581 
744 3827581 
745 3827581 
746 3827581 
747 3827581 
748 3827581 
749 3827581 
750 3827581 
751 3827581 
752 3827581 
753 3827581 
754 3827581 
755 3827581 
756 3827581 
757 3827581 
758 3827581 
759 3827581 
760 3827581 
761 3827581 
762 3827581 
763 3827581 
764 3827581 
765 3827581 
766 3827581 
767 3827581 
768 3827581 
769 3827581 
770 3827581 
771 3827581 
772 3827581 
773 3827581 
774 3827581 
775 3827581 
776 3827581 
777 3827581 
778 3827581 
779 3827581 
780 3827581 
781 3827581 
782 3827581 
783 3827581 
784 3827581 
785 3827581 
786 3827581 
787 3827581 
788 3827581 
789 3827581 
790 3827581 
791 3827581 
792 3827581 
793 3827581 
794 3827581 
795 3827581 
796 3827581 
797 3827581 
798 3827581 
799 3827581 
800 3827581 
801 3827581 
802 3827581 
803 3827581 
804 3827581 
805 3827581 
806 3827581 
807 3827581 
808 3827581 
809 3827581 
810 3827581 
811 3827581 
812 3827581 
813 3827581 
814 3827581 
815 3827581 
816 3827581 
817 3827581 
818 3827581 
819 3827581 
820 3827581 
821 3827581 
822 3827581 
823 3827581 
824 3827581 
825 3827581 
826 3827581 
827 3827581 
828 3827581 
829 3827581 
830 3827581 
831 3827581 
832 3827581 
833 3827581 
834 3827581 
835 3827581 
836 3827581 
837 3827581 
838 3827581 
839 3827581 
840 3827581 
841 3827581 
842 3827581 
843 3827581 
844 3827581 
845 3827581 
846 3827581 
847 3827581 
848 3827581 
849 3827581 
850 3827581 
851 3827581 
852 3827581 
853 3827581 
854 3827581 
855 3827581 
856 3827581 
857 3827581 
858 3827581 
859 3827581 
860 3827581 
861 3827581 
862 3827581 
863 3827581 
864 3827581 
865 3827581 
866 3827581 
867 3827581 
868 3827581 
869 3827581 
870 3827581 
871 3827581 
872 3827581 
873 3827581 
874 3827581 
875 3827581 
876 3827581 
877 3827581 
878 3827581 
879 3827581 
880 3827581 
881 3827581 
882 3827581 
883 3827581 
884 3827581 
885 3827581 
886 3827581 
887 3827581 
888 3827581 
889 3827581 
890 3827581 
891 3827581 
892 3827581 
893 3827581 
894 3827581 
895 3827581 
896 3827581 
897 3827581 
898 3827581 
899 3827581 
900 3827581 
901 3827581 
902 3827581 
903 3827581 
904 3827581 
905 3827581 
906 3827581 
907 3827581 
908 3827581 
909 3827581 
910 3827581 
911 3827581 
912 3827581 
913 3827581 
914 3827581 
915 3827581 
916 3827581 
917 3827581 
918 3827581 
919 3827581 
920 3827581 
921 3827581 
922 3827581 
923 3827581 
924 3827581 
925 3827581 
926 3827581 
927 3827581 
928 3827581 
929 3827581 
930 3827581 
931 3827581 
932 3827581 
933 3827581 
934 3827581 
935 3827581 
936 3827581 
937 3827581 
938 3827581 
939 3827581 
940 3827581 
941 3827581 
942 3827581 
943 3827581 
944 3827581 
945 3827581 
946 3827581 
947 3827581 
948 3827581 
949 3827581 
950 3827581 
951 3827581 
952 3827581 
953 3827581 
954 3827581 
955 3827581 
956 3827581 
957 3827581 
958 3827581 
959 3827581 
960 3827581 
961 3827581 
962 3827581 
963 3827581 
964 3827581 
965 3827581 
966 3827581 
967 3827581 
968 3827581 
969 3827581 
970 3827581 
971 3827581 
972 3827581 
973 3827581 
974 3827581 
975 3827581 
976 3827581 
977 3827581 
978 3827581 
979 3827581 
980 3827581 
981 3827581 
982 3827581 
983 3827581 
984 3827581 
985 3827581 
986 3827581 
987 3827581 
988 3827581 
989 3827581 
990 3827581 
991 3827581 
992 3827581 
993 3827581 
994 3827581 
995 3827581 
996 3827581 
997 3827581 
998 3827581 
999 3827581 
1000 3827581 
1001 3827581 
1002 3827581 
1003 3827581 
1004 3827581 
1005 3827581 
1006 3827581 
1007 3827581 
1008 3827581 
1009 3827581 
1010 3827581 
1011 3827581 
1012 3827581 
1013 3827581 
1014 3827581 
1015 3827581 
1016 3827581 
1017 3827581 
1018 3827581 
1019 3827581 
1020 3827581 
1021 3827581 
1022 3827581 
1023 3827581 
1024 3827581 
1025 3827581 
1026 3827581 
1027 3827581 
1028 3827581 
1029 3827581 
1030 3827581 
1031 3827581 
1032 3827581 
1033 3827581 
1034 3827581 
1035 3827581 
1036 3827581 
1037 3827581 
1038 3827581 
1039 3827581 
1040 3827581 
1041 3827581 
1042 3827581 
1043 3827581 
1044 3827581 
1045 3827581 
1046 3827581 
1047 3827581 
1048 3827581 
1049 3827581 
1050 3827581 
1051 3827581 
1052 3827581 
1053 3827581 
1054 3827581 
1055 3827581 
1056 3827581 
1057 3827581 
1058 3827581 
1059 3827581 
1060 3827581 
1061 3827581 
1062 3827581 
1063 3827581 
1064 3827581 
1065 3827581 
1066 3827581 
1067 3827581 
1068 3827581 
1069 3827581 
1070 3827581 
1071 3827581 
1072 3827581 
1073 3827581 
1074 3827581 
1075 3827581 
1076 3827581 
1077 3827581 
1078 3827581 
1079 3827581 
1080 3827581 
1081 3827581 
1082 3827581 
1083 3827581 
1084 3827581 
1085 3827581 
1086 3827581 
1087 3827581 
1088 3827581 
1089 3827581 
1090 3827581 
1091 3827581 
1092 3827581 
1093 3827581 
1094 3827581 
1095 3827581 
1096 3827581 
1097 3827581 
1098 3827581 
1099 3827581 
1100 3827581 
1101 3827581 
1102 3827581 
1103 3827581 
1104 3827581 
1105 3827581 
1106 3827581 
1107 3827581 
1108 3827581 
1109 3827581 
1110 3827581 
1111 3827581 
1112 3827581 
1113 3827581 
1114 3827581 
1115 3827581 
1116 3827581 
1117 3827581 
1118 3827581 
1119 3827581 
1120 3827581 
1121 3827581 
1122 3827581 
1123 3827581 
1124 3827581 
1125 3827581 
1126 3827581 
1127 3827581 
1128 3827581 
1129 3827581 
1130 3827581 
1131 3827581 
1132 3827581 
1133 3827581 
1134 3827581 
1135 3827581 
1136 3827581 
1137 3827581 
1138 3827581 
1139 3827581 
1140 3827581 
1141 3827581 
1142 3827581 
1143 3827581 
1144 3827581 
1145 3827581 
1146 3827581 
1147 3827581 
1148 3827581 
1149 3827581 
1150 3827581 
1151 3827581 
1152 3827581 
1153 3827581 
1154 3827581 
1155 3827581 
1156 3827581 
1157 3827581 
1158 3827581 
1159 3827581 
1160 3827581 
1161 3827581 
1162 3827581 
1163 3827581 
1164 3827581 
1165 3827581 
1166 3827581 
1167 3827581 
1168 3827581 
1169 3827581 
1170 3827581 
1171 3827581 
1172 3827581 
1173 3827581 
1174 3827581 
1175 3827581 
1176 3827581 
1177 3827581 
1178 3827581 
1179 3827581 
1180 3827581 
1181 3827581 
1182 3827581 
1183 3827581 
1184 3827581 
1185 3827581 
1186 3827581 
1187 3827581 
1188 3827581 
1189 3827581 
1190 3827581 
1191 3827581 
1192 3827581 
1193 3827581 
1194 3827581 
1195 3827581 
1196 3827581 
1197 3827581 
1198 3827581 
1199 3827581 
1200 3827581 
1201 3827581 
1202 3827581 
1203 3827581 
1204 3827581 
1205 3827581 
1206 3827581 
1207 3827581 
1208 3827581 
1209 3827581 
1210 3827581 
1211 3827581 
1212 3827581 
1213 3827581 
1214 3827581 
1215 3827581 
1216 3827581 
1217 3827581 
1218 3827581 
1219 3827581 
1220 3827581 
1221 3827581 
1222 3827581 
1223 3827581 
1224 3827581 
1225 3827581 
1226 3827581 
1227 3827581 
1228 3827581 
1229 3827581 
1230 3827581 
1231 3827581 
1232 3827581 
1233 3827581 
1234 3827581 
1235 3827581 
1236 3827581 
1237 3827581 
1238 3827581 
1239 3827581 
1240 3827581 
1241 3827581 
1242 3827581 
1243 3827581 
1244 3827581 
1245 3827581 
1246 3827581 
1247 3827581 
1248 3827581 
1249 3827581 
1250 3827581 
1251 3827581 
1252 3827581 
1253 3827581 
1254 3827581 
1255 3827581 
1256 3827581 
1257 3827581 
1258 3827581 
1259 3827581 
1260 3827581 
1261 3827581 
1262 3827581 
1263 3827581 
1264 3827581 
1265 3827581 
1266 3827581 
1267 3827581 
1268 3827581 
1269 3827581 
1270 3827581 
1271 3827581 
1272 3827581 
1273 3827581 
1274 3827581 
1275 3827581 
1276 3827581 
1277 3827581 
1278 3827581 
1279 3827581 
1280 3827581 
1281 3827581 
1282 3827581 
1283 3827581 
1284 3827581 
1285 3827581 
1286 3827581 
1287 3827581 
1288 3827581 
1289 3827581 
1290 3827581 
1291 3827581 
1292 3827581 
1293 3827581 
1294 3827581 
1295 3827581 
1296 3827581 
1297 3827581 
1298 3827581 
1299 3827581 
1300 3827581 
1301 3827581 
1302 3827581 
1303 3827581 
1304 3827581 
1305 3827581 
1306 3827581 
1307 3827581 
1308 3827581 
1309 3827581 
1310 3827581 
1311 3827581 
1312 3827581 
1313 3827581 
1314 3827581 
1315 3827581 
1316 3827581 
1317 3827581 
1318 3827581 
1319 3827581 
1320 3827581 
1321 3827581 
1322 3827581 
1323 3827581 
1324 3827581 
1325 3827581 
1326 3827581 
1327 3827581 
1328 3827581 
1329 3827581 
1330 3827581 
1331 3827581 
1332 3827581 
1333 3827581 
1334 3827581 
1335 3827581 
1336 3827581 
1337 3827581 
1338 3827581 
1339 3827581 
1340 3827581 
1341 3827581 
1342 3827581 
1343 3827581 
1344 3827581 
1345 3827581 
1346 3827581 
1347 3827581 
1348 3827581 
1349 3827581 
1350 3827581 
1351 3827581 
1352 3827581 
1353 3827581 
1354 3827581 
1355 3827581 
1356 3827581 
1357 3827581 
1358 3827581 
1359 3827581 
1360 3827581 
1361 3827581 
1362 3827581 
1363 3827581 
1364 3827581 
1365 3827581 
1366 3827581 
1367 3827581 
1368 3827581 
1369 3827581 
1370 3827581 
1371 3827581 
1372 3827581 
1373 3827581 
1374 3827581 
1375 3827581 
1376 3827581 
1377 3827581 
1378 3827581 
1379 3827581 
1380 3827581 
1381 3827581 
1382 3827581 
1383 3827581 
1384 3827581 
1385 3827581 
1386 3827581 
1387 3827581 
1388 3827581 
1389 3827581 
1390 3827581 
1391 3827581 
1392 3827581 
1393 3827581 
1394 3827581 
1395 3827581 
1396 3827581 
1397 3827581 
1398 3827581 
1399 3827581 
1400 3827581 
1401 3827581 
1402 3827581 
1403 3827581 
1404 3827581 
1405 3827581 
1406 3827581 
1407 3827581 
1408 3827581 
1409 3827581 
1410 3827581 
1411 3827581 
1412 3827581 
1413 3827581 
1414 3827581 
1415 3827581 
1416 3827581 
1417 3827581 
1418 3827581 
1419 3827581 
1420 3827581 
1421 3827581 
1422 3827581 
1423 3827581 
1424 3827581 
1425 3827581 
1426 3827581 
1427 3827581 
1428 3827581 
1429 3827581 
1430 3827581 
1431 3827581 
1432 3827581 
1433 3827581 
1434 3827581 
1435 3827581 
1436 3827581 
1437 3827581 
1438 3827581 
1439 3827581 
1440 3827581 
1441 3827581 
1442 3827581 
1443 3827581 
1444 3827581 
1445 3827581 
1446 3827581 
1447 3827581 
1448 3827581 
1449 3827581 
1450 3827581 
1451 3827581 
1452 3827581 
1453 3827581 
1454 3827581 
1455 3827581 
1456 3827581 
1457 3827581 
1458 3827581 
1459 3827581 
1460 3827581 
1461 3827581 
1462 3827581 
1463 3827581 
1464 3827581 
1465 3827581 
1466 3827581 
1467 3827581 
1468 3827581 
1469 3827581 
1470 3827581 
1471 3827581 
1472 3827581 
1473 3827581 
1474 3827581 
1475 3827581 
1476 3827581 
1477 3827581 
1478 3827581 
1479 3827581 
1480 3827581 
1481 3827581 
1482 3827581 
1483 3827581 
1484 3827581 
1485 3827581 
1486 3827581 
1487 3827581 
1488 3827581 
1489 3827581 
1490 3827581 
1491 3827581 
1492 3827581 
1493 3827581 
1494 3827581 
1495 3827581 
1496 3827581 
1497 3827581 
1498 3827581 
1499 3827581 
1500 3827581 
1501 3827581 
1502 3827581 
1503 3827581 
1504 3827581 
1505 3827581 
1506 3827581 
1507 3827581 
1508 3827581 
1509 3827581 
1510 3827581 
1511 3827581 
1512 3827581 
1513 3827581 
1514 3827581 
1515 3827581 
1516 3827581 
1517 3827581 
1518 3827581 
1519 3827581 
1520 3827581 
1521 3827581 
1522 3827581 
1523 3827581 
1524 3827581 
1525 3827581 
1526 3827581 
1527 3827581 
1528 3827581 
1529 3827581 
1530 3827581 
1531 3827581 
1532 3827581 
1533 3827581 
1534 3827581 
1535 3827581 
1536 3827581 
1537 3827581 
1538 3827581 
1539 3827581 
1540 3827581 
1541 3827581 
1542 3827581 
1543 3827581 
1544 3827581 
1545 3827581 
1546 3827581 
1547 3827581 
1548 3827581 
1549 3827581 
1550 3827581 
1551 3827581 
1552 3827581 
1553 3827581 
1554 3827581 
1555 3827581 
1556 3827581 
1557 3827581 
1558 3827581 
1559 3827581 
1560 3827581 
1561 3827581 
1562 3827581 
1563 3827581 
1564 3827581 
1565 3827581 
1566 3827581 
1567 3827581 
1568 3827581 
1569 3827581 
1570 3827581 
1571 3827581 
1572 3827581 
1573 3827581 
1574 3827581 
1575 3827581 
1576 3827581 
1577 3827581 
1578 3827581 
1579 3827581 
1580 3827581 
1581 3827581 
1582 3827581 
1583 3827581 
1584 3827581 
1585 3827581 
1586 3827581 
1587 3827581 
1588 3827581 
1589 3827581 
1590 3827581 
1591 3827581 
1592 3827581 
1593 3827581 
1594 3827581 
1595 3827581 
1596 3827581 
1597 3827581 
1598 3827581 
1599 3827581 
1600 3827581 
1601 3827581 
1602 3827581 
1603 3827581 
1604 3827581 
1605 3827581 
1606 3827581 
1607 3827581 
1608 3827581 
1609 3827581 
1610 3827581 
1611 3827581 
1612 3827581 
1613 3827581 
1614 3827581 
1615 3827581 
1616 3827581 
1617 3827581 
1618 3827581 
1619 3827581 
1620 3827581 
1621 3827581 
1622 3827581 
1623 3827581 
1624 3827581 
1625 3827581 
1626 3827581 
1627 3827581 
1628 3827581 
1629 3827581 
1630 3827581 
1631 3827581 
1632 3827581 
1633 3827581 
1634 3827581 
1635 3827581 
1636 3827581 
1637 3827581 
1638 3827581 
1639 3827581 
1640 3827581 
1641 3827581 
1642 3827581 
1643 3827581 
1644 3827581 
1645 3827581 
1646 3827581 
1647 3827581 
1648 3827581 
1649 3827581 
1650 3827581 
1651 3827581 
1652 3827581 
1653 3827581 
1654 3827581 
1655 3827581 
1656 3827581 
1657 3827581 
1658 3827581 
1659 3827581 
1660 3827581 
1661 3827581 
1662 3827581 
1663 3827581 
1664 3827581 
1665 3827581 
1666 3827581 
1667 3827581 
1668 3827581 
1669 3827581 
1670 3827581 
1671 3827581 
1672 3827581 
1673 3827581 
1674 3827581 
1675 3827581 
1676 3827581 
1677 3827581 
1678 3827581 
1679 3827581 
1680 3827581 
1681 3827581 
1682 3827581 
1683 3827581 
1684 3827581 
1685 3827581 
1686 3827581 
1687 3827581 
1688 3827581 
1689 3827581 
1690 3827581 
1691 3827581 
1692 3827581 
1693 3827581 
1694 3827581 
1695 3827581 
1696 3827581 
1697 3827581 
1698 3827581 
1699 3827581 
1700 3827581 
1701 3827581 
1702 3827581 
1703 3827581 
1704 3827581 
1705 3827581 
1706 3827581 
1707 3827581 
1708 3827581 
1709 3827581 
1710 3827581 
1711 3827581 
1712 3827581 
1713 3827581 
1714 3827581 
1715 3827581 
1716 3827581 
1717 3827581 
1718 3827581 
1719 3827581 
1720 3827581 
1721 3827581 
1722 3827581 
1723 3827581 
1724 3827581 
1725 3827581 
1726 3827581 
1727 3827581 
1728 3827581 
1729 3827581 
1730 3827581 
1731 3827581 
1732 3827581 
1733 3827581 
1734 3827581 
1735 3827581 
1736 3827581 
1737 3827581 
1738 3827581 
1739 3827581 
1740 3827581 
1741 3827581 
1742 3827581 
1743 3827581 
1744 3827581 
1745 3827581 
1746 3827581 
1747 3827581 
1748 3827581 
1749 3827581 
1750 3827581 
1751 3827581 
1752 3827581 
1753 3827581 
1754 3827581 
1755 3827581 
1756 3827581 
1757 3827581 
1758 3827581 
1759 3827581 
1760 3827581 
1761 3827581 
1762 3827581 
1763 3827581 
1764 3827581 
1765 3827581 
1766 3827581 
1767 3827581 
1768 3827581 
1769 3827581 
1770 3827581 
1771 3827581 
1772 3827581 
1773 3827581 
1774 3827581 
1775 3827581 
1776 3827581 
1777 3827581 
1778 3827581 
1779 3827581 
1780 3827581 
1781 3827581 
1782 3827581 
1783 3827581 
1784 3827581 
1785 3827581 
1786 3827581 
1787 3827581 
1788 3827581 
1789 3827581 
1790 3827581 
1791 3827581 
1792 3827581 
1793 3827581 
1794 3827581 
1795 3827581 
1796 3827581 
1797 3827581 
1798 3827581 
1799 3827581 
1800 3827581 
1801 3827581 
1802 3827581 
1803 3827581 
1804 3827581 
1805 3827581 
1806 3827581 
1807 3827581 
1808 3827581 
1809 3827581 
1810 3827581 
1811 3827581 
1812 3827581 
1813 3827581 
1814 3827581 
1815 3827581 
1816 3827581 
1817 3827581 
1818 3827581 
1819 3827581 
1820 3827581 
1821 3827581 
1822 3827581 
1823 3827581 
1824 3827581 
1825 3827581 
1826 3827581 
1827 3827581 
1828 3827581 
1829 3827581 
1830 3827581 
1831 3827581 
1832 3827581 
1833 3827581 
1834 3827581 
1835 3827581 
1836 3827581 
1837 3827581 
1838 3827581 
1839 3827581 
1840 3827581 
1841 3827581 
1842 3827581 
1843 3827581 
1844 3827581 
1845 3827581 
1846 3827581 
1847 3827581 
1848 3827581 
1849 3827581 
1850 3827581 
1851 3827581 
1852 3827581 
1853 3827581 
1854 3827581 
1855 3827581 
1856 3827581 
1857 3827581 
1858 3827581 
1859 3827581 
1860 3827581 
1861 3827581 
1862 3827581 
1863 3827581 
1864 3827581 
1865 3827581 
1866 3827581 
1867 3827581 
1868 3827581 
1869 3827581 
1870 3827581 
1871 3827581 
1872 3827581 
1873 3827581 
1874 3827581 
1875 3827581 
1876 3827581 
1877 3827581 
1878 3827581 
1879 3827581 
1880 3827581 
1881 3827581 
1882 3827581 
1883 3827581 
1884 3827581 
1885 3827581 
1886 3827581 
1887 3827581 
1888 3827581 
1889 3827581 
1890 3827581 
1891 3827581 
1892 3827581 
1893 3827581 
1894 3827581 
1895 3827581 
1896 3827581 
1897 3827581 
1898 3827581 
1899 3827581 
1900 3827581 
1901 3827581 
1902 3827581 
1903 3827581 
1904 3827581 
1905 3827581 
1906 3827581 
1907 3827581 
1908 3827581 
1909 3827581 
1910 3827581 
1911 3827581 
1912 3827581 
1913 3827581 
1914 3827581 
1915 3827581 
1916 3827581 
1917 3827581 
1918 3827581 
1919 3827581 
1920 3827581 
1921 3827581 
1922 3827581 
1923 3827581 
1924 3827581 
1925 3827581 
1926 3827581 
1927 3827581 
1928 3827581 
1929 3827581 
1930 3827581 
1931 3827581 
1932 3827581 
1933 3827581 
1934 3827581 
1935 3827581 
1936 3827581 
1937 3827581 
1938 3827581 
1939 3827581 
1940 3827581 
1941 3827581 
1942 3827581 
1943 3827581 
1944 3827581 
1945 3827581 
1946 3827581 
1947 3827581 
1948 3827581 
1949 3827581 
1950 3827581 
1951 3827581 
1952 3827581 
1953 3827581 
1954 3827581 
1955 3827581 
1956 3827581 
1957 3827581 
1958 3827581 
1959 3827581 
1960 3827581 
1961 3827581 
1962 3827581 
1963 3827581 
1964 3827581 
1965 3827581 
1966 3827581 
1967 3827581 
1968 3827581 
1969 3827581 
1970 3827581 
1971 3827581 
1972 3827581 
1973 3827581 
1974 3827581 
1975 3827581 
1976 3827581 
1977 3827581 
1978 3827581 
1979 3827581 
1980 3827581 
1981 3827581 
1982 3827581 
1983 3827581 
1984 3827581 
1985 3827581 
1986 3827581 
1987 3827581 
1988 3827581 
1989 3827581 
1990 3827581 
1991 3827581 
1992 3827581 
1993 3827581 
1994 3827581 
1995 3827581 
1996 3827581 
1997 3827581 
1998 3827581 
1999 3827581 
2000 3827581 
2001 3827581 
2002 3827581 
2003 3827581 
2004 3827581 
2005 3827581 
2006 3827581 
2007 3827581 
2008 3827581 
2009 3827581 
2010 3827581 
2011 3827581 
2012 3827581 
2013 3827581 
2014 3827581 
2015 3827581 
2016 3827581 
2017 3827581 
2018 3827581 
2019 3827581 
2020 3827581 
2021 3827581 
2022 3827581 
2023 3827581 
2024 3827581 
2025 3827581 
2026 3827581 
2027 3827581 
2028 3827581 
2029 3827581 
2030 3827581 
2031 3827581 
2032 3827581 
2033 3827581 
2034 3827581 
2035 3827581 
2036 3827581 
2037 3827581 
2038 3827581 
2039 3827581 
2040 3827581 
2041 3827581 
2042 3827581 
2043 3827581 
2044 3827581 
2045 3827581 
2046 3827581 
2047 3827581 
2048 3827581 
2049 3827581 
2050 3827581 
2051 3827581 
2052 3827581 
2053 3827581 
2054 3827581 
2055 3827581 
2056 3827581 
2057 3827581 
2058 3827581 
2059 3827581 
2060 3827581 
2061 3827581 
2062 3827581 
2063 3827581 
2064 3827581 
2065 3827581 
2066 3827581 
2067 3827581 
2068 3827581 
2069 3827581 
2070 3827581 
2071 3827581 
2072 3827581 
2073 3827581 
2074 3827581 
2075 3827581 
2076 3827581 
2077 3827581 
2078 3827581 
2079 3827581 
2080 3827581 
2081 3827581 
2082 3827581 
2083 3827581 
2084 3827581 
2085 3827581 
2086 3827581 
2087 3827581 
2088 3827581 
2089 3827581 
2090 3827581 
2091 3827581 
2092 3827581 
2093 3827581 
2094 3827581 
2095 3827581 
2096 3827581 
2097 3827581 
2098 3827581 
2099 3827581 
2100 3827581 
2101 3827581 
2102 3827581 
2103 3827581 
2104 3827581 
2105 3827581 
2106 3827581 
2107 3827581 
2108 3827581 
2109 3827581 
2110 3827581 
2111 3827581 
2112 3827581 
2113 3827581 
2114 3827581 
2115 3827581 
2116 3827581 
2117 3827581 
2118 3827581 
2119 3827581 
2120 3827581 
2121 3827581 
2122 3827581 
2123 3827581 
2124 3827581 
2125 3827581 
2126 3827581 
2127 3827581 
2128 3827581 
2129 3827581 
2130 3827581 
2131 3827581 
2132 3827581 
2133 3827581 
2134 3827581 
2135 3827581 
2136 3827581 
2137 3827581 
2138 3827581 
2139 3827581 
2140 3827581 
2141 3827581 
2142 3827581 
2143 3827581 
2144 3827581 
2145 3827581 
2146 3827581 
2147 3827581 
2148 3827581 
2149 3827581 
2150 3827581 
2151 3827581 
2152 3827581 
2153 3827581 
2154 3827581 
2155 3827581 
2156 3827581 
2157 3827581 
2158 3827581 
2159 3827581 
2160 3827581 
2161 3827581 
2162 3827581 
2163 3827581 
2164 3827581 
2165 3827581 
2166 3827581 
2167 3827581 
2168 3827581 
2169 3827581 
2170 3827581 
2171 3827581 
2172 3827581 
2173 3827581 
2174 3827581 
2175 3827581 
2176 3827581 
2177 3827581 
2178 3827581 
2179 3827581 
2180 3827581 
2181 3827581 
2182 3827581 
2183 3827581 
2184 3827581 
2185 3827581 
2186 3827581 
2187 3827581 
2188 3827581 
2189 3827581 
2190 3827581 
2191 3827581 
2192 3827581 
2193 3827581 
2194 3827581 
2195 3827581 
2196 3827581 
2197 3827581 
2198 3827581 
2199 3827581 
2200 3827581 
2201 3827581 
2202 3827581 
2203 3827581 
2204 3827581 
2205 3827581 
2206 3827581 
2207 3827581 
2208 3827581 
2209 3827581 
2210 3827581 
2211 3827581 
2212 3827581 
2213 3827581 
2214 3827581 
2215 3827581 
2216 3827581 
2217 3827581 
2218 3827581 
2219 3827581 
2220 3827581 
2221 3827581 
2222 3827581 
2223 3827581 
2224 3827581 
2225 3827581 
2226 3827581 
2227 3827581 
2228 3827581 
2229 3827581 
2230 3827581 
2231 3827581 
2232 3827581 
2233 3827581 
2234 3827581 
2235 3827581 
2236 3827581 
2237 3827581 
2238 3827581 
2239 3827581 
2240 3827581 
2241 3827581 
2242 3827581 
2243 3827581 
2244 3827581 
2245 3827581 
2246 3827581 
2247 3827581 
2248 3827581 
2249 3827581 
2250 3827581 
2251 3827581 
2252 3827581 
2253 3827581 
2254 3827581 
2255 3827581 
2256 3827581 
2257 3827581 
2258 3827581 
2259 3827581 
2260 3827581 
2261 3827581 
2262 3827581 
2263 3827581 
2264 3827581 
2265 3827581 
2266 3827581 
2267 3827581 
2268 3827581 
2269 3827581 
2270 3827581 
2271 3827581 
2272 3827581 
2273 3827581 
2274 3827581 
2275 3827581 
2276 3827581 
2277 3827581 
2278 3827581 
2279 3827581 
2280 3827581 
2281 3827581 
2282 3827581 
2283 3827581 
2284 3827581 
2285 3827581 
2286 3827581 
2287 3827581 
2288 3827581 
2289 3827581 
2290 3827581 
2291 3827581 
2292 3827581 
2293 3827581 
2294 3827581 
2295 3827581 
2296 3827581 
2297 3827581 
2298 3827581 
2299 3827581 
2300 3827581 
2301 3827581 
2302 3827581 
2303 3827581 
2304 3827581 
2305 3827581 
2306 3827581 
2307 3827581 
2308 3827581 
2309 3827581 
2310 3827581 
2311 3827581 
2312 3827581 
2313 3827581 
2314 3827581 
2315 3827581 
2316 3827581 
2317 3827581 
2318 3827581 
2319 3827581 
2320 3827581 
2321 3827581 
2322 3827581 
2323 3827581 
2324 3827581 
2325 3827581 
2326 3827581 
2327 3827581 
2328 3827581 
2329 3827581 
2330 3827581 
2331 3827581 
2332 3827581 
2333 3827581 
2334 3827581 
2335 3827581 
2336 3827581 
2337 3827581 
2338 3827581 
2339 3827581 
2340 3827581 
2341 3827581 
2342 3827581 
2343 3827581 
2344 3827581 
2345 3827581 
2346 3827581 
2347 3827581 
2348 3827581 
2349 3827581 
2350 3827581 
2351 3827581 
2352 3827581 
2353 3827581 
2354 3827581 
2355 3827581 
2356 3827581 
2357 3827581 
2358 3827581 
2359 3827581 
2360 3827581 
2361 3827581 
2362 3827581 
2363 3827581 
2364 3827581 
2365 3827581 
2366 3827581 
2367 3827581 
2368 3827581 
2369 3827581 
2370 3827581 
2371 3827581 
2372 3827581 
2373 3827581 
2374 3827581 
2375 3827581 
2376 3827581 
2377 3827581 
2378 3827581 
2379 3827581 
2380 3827581 
2381 3827581 
2382 3827581 
2383 3827581 
2384 3827581 
2385 3827581 
2386 3827581 
2387 3827581 
2388 3827581 
2389 3827581 
2390 3827581 
2391 3827581 
2392 3827581 
2393 3827581 
2394 3827581 
2395 3827581 
2396 3827581 
2397 3827581 
2398 3827581 
2399 3827581 
2400 3827581 
2401 3827581 
2402 3827581 
2403 3827581 
2404 3827581 
2405 3827581 
2406 3827581 
2407 3827581 
2408 3827581 
2409 3827581 
2410 3827581 
2411 3827581 
2412 3827581 
2413 3827581 
2414 3827581 
2415 3827581 
2416 3827581 
2417 3827581 
2418 3827581 
2419 3827581 
2420 3827581 
2421 3827581 
2422 3827581 
2423 3827581 
2424 3827581 
2425 3827581 
2426 3827581 
2427 3827581 
2428 3827581 
2429 3827581 
2430 3827581 
2431 3827581 
2432 3827581 
2433 3827581 
2434 3827581 
2435 3827581 
2436 3827581 
2437 3827581 
2438 3827581 
2439 3827581 
2440 3827581 
2441 3827581 
2442 3827581 
2443 3827581 
2444 3827581 
2445 3827581 
2446 3827581 
2447 3827581 
2448 3827581 
2449 3827581 
2450 3827581 
2451 3827581 
2452 3827581 
2453 3827581 
2454 3827581 
2455 3827581 
2456 3827581 
2457 3827581 
2458 3827581 
2459 3827581 
2460 3827581 
2461 3827581 
2462 3827581 
2463 3827581 
2464 3827581 
2465 3827581 
2466 3827581 
2467 3827581 
2468 3827581 
2469 3827581 
2470 3827581 
2471 3827581 
2472 3827581 
2473 3827581 
2474 3827581 
2475 3827581 
2476 3827581 
2477 3827581 
2478 3827581 
2479 3827581 
2480 3827581 
2481 3827581 
2482 3827581 
2483 3827581 
2484 3827581 
2485 3827581 
2486 3827581 
2487 3827581 
2488 3827581 
2489 3827581 
2490 3827581 
2491 3827581 
2492 3827581 
2493 3827581 
2494 3827581 
2495 3827581 
2496 3827581 
2497 3827581 
2498 3827581 
2499 3827581 
2500 3827581 
2501 3827581 
2502 3827581 
2503 3827581 
2504 3827581 
2505 3827581 
2506 3827581 
2507 3827581 
2508 3827581 
2509 3827581 
2510 3827581 
2511 3827581 
2512 3827581 
2513 3827581 
2514 3827581 
2515 3827581 
2516 3827581 
2517 3827581 
2518 3827581 
2519 3827581 
2520 3827581 
2521 3827581 
2522 3827581 
2523 3827581 
2524 3827581 
2525 3827581 
2526 3827581 
2527 3827581 
2528 3827581 
2529 3827581 
2530 3827581 
2531 3827581 
2532 3827581 
2533 3827581 
2534 3827581 
2535 3827581 
2536 3827581 
2537 3827581 
2538 3827581 
2539 3827581 
2540 3827581 
2541 3827581 
2542 3827581 
2543 3827581 
2544 3827581 
2545 3827581 
2546 3827581 
2547 3827581 
2548 3827581 
2549 3827581 
2550 3827581 
2551 3827581 
2552 3827581 
2553 3827581 
2554 3827581 
2555 3827581 
2556 3827581 
2557 3827581 
2558 3827581 
2559 3827581 
2560 3827581 
2561 3827581 
2562 3827581 
2563 3827581 
2564 3827581 
2565 3827581 
2566 3827581 
2567 3827581 
2568 3827581 
2569 3827581 
2570 3827581 
2571 3827581 
2572 3827581 
2573 3827581 
2574 3827581 
2575 3827581 
2576 3827581 
2577 3827581 
2578 3827581 
2579 3827581 
2580 3827581 
2581 3827581 
2582 3827581 
2583 3827581 
2584 3827581 
2585 3827581 
2586 3827581 
2587 3827581 
2588 3827581 
2589 3827581 
2590 3827581 
2591 3827581 
2592 3827581 
2593 3827581 
2594 3827581 
2595 3827581 
2596 3827581 
2597 3827581 
2598 3827581 
2599 3827581 
2600 3827581 
2601 3827581 
2602 3827581 
2603 3827581 
2604 3827581 
2605 3827581 
2606 3827581 
2607 3827581 
2608 3827581 
2609 3827581 
2610 3827581 
2611 3827581 
2612 3827581 
2613 3827581 
2614 3827581 
2615 3827581 
2616 3827581 
2617 3827581 
2618 3827581 
2619 3827581 
2620 3827581 
2621 3827581 
2622 3827581 
2623 3827581 
2624 3827581 
2625 3827581 
2626 3827581 
2627 3827581 
2628 3827581 
2629 3827581 
2630 3827581 
2631 3827581 
2632 3827581 
2633 3827581 
2634 3827581 
2635 3827581 
2636 3827581 
2637 3827581 
2638 3827581 
2639 3827581 
2640 3827581 
2641 3827581 
2642 3827581 
2643 3827581 
2644 3827581 
2645 3827581 
2646 3827581 
2647 3827581 
2648 3827581 
2649 3827581 
2650 3827581 
2651 3827581 
2652 3827581 
2653 3827581 
2654 3827581 
2655 3827581 
2656 3827581 
2657 3827581 
2658 3827581 
2659 3827581 
2660 3827581 
2661 3827581 
2662 3827581 
2663 3827581 
2664 3827581 
2665 3827581 
2666 3827581 
2667 3827581 
2668 3827581 
2669 3827581 
2670 3827581 
2671 3827581 
2672 3827581 
2673 3827581 
2674 3827581 
2675 3827581 
2676 3827581 
2677 3827581 
2678 3827581 
2679 3827581 
2680 3827581 
2681 3827581 
2682 3827581 
2683 3827581 
2684 3827581 
2685 3827581 
2686 3827581 
2687 3827581 
2688 3827581 
2689 3827581 
2690 3827581 
2691 3827581 
2692 3827581 
2693 3827581 
2694 3827581 
2695 3827581 
2696 3827581 
2697 3827581 
2698 3827581 
2699 3827581 
2700 3827581 
2701 3827581 
2702 3827581 
2703 3827581 
2704 3827581 
2705 3827581 
2706 3827581 
2707 3827581 
2708 3827581 
2709 3827581 
2710 3827581 
2711 3827581 
2712 3827581 
2713 3827581 
2714 3827581 
2715 3827581 
2716 3827581 
2717 3827581 
2718 3827581 
2719 3827581 
2720 3827581 
2721 3827581 
2722 3827581 
2723 3827581 
2724 3827581 
2725 3827581 
2726 3827581 
2727 3827581 
2728 3827581 
2729 3827581 
2730 3827581 
2731 3827581 
2732 3827581 
2733 3827581 
2734 3827581 
2735 3827581 
2736 3827581 
2737 3827581 
2738 3827581 
2739 3827581 
2740 3827581 
2741 3827581 
2742 3827581 
2743 3827581 
2744 3827581 
2745 3827581 
2746 3827581 
2747 3827581 
2748 3827581 
2749 3827581 
2750 3827581 
2751 3827581 
2752 3827581 
2753 3827581 
2754 3827581 
2755 3827581 
2756 3827581 
2757 3827581 
2758 3827581 
2759 3827581 
2760 3827581 
2761 3827581 
2762 3827581 
2763 3827581 
2764 3827581 
2765 3827581 
2766 3827581 
2767 3827581 
2768 3827581 
2769 3827581 
2770 3827581 
2771 3827581 
2772 3827581 
2773 3827581 
2774 3827581 
2775 3827581 
2776 3827581 
2777 3827581 
2778 3827581 
2779 3827581 
2780 3827581 
2781 3827581 
2782 3827581 
2783 3827581 
2784 3827581 
2785 3827581 
2786 3827581 
2787 3827581 
2788 3827581 
2789 3827581 
2790 3827581 
2791 3827581 
2792 3827581 
2793 3827581 
2794 3827581 
2795 3827581 
2796 3827581 
2797 3827581 
2798 3827581 
2799 3827581 
2800 3827581 
2801 3827581 
2802 3827581 
2803 3827581 
2804 3827581 
2805 3827581 
2806 3827581 
2807 3827581 
2808 3827581 
2809 3827581 
2810 3827581 
2811 3827581 
2812 3827581 
2813 3827581 
2814 3827581 
2815 3827581 
2816 3827581 
2817 3827581 
2818 3827581 
2819 3827581 
2820 3827581 
2821 3827581 
2822 3827581 
2823 3827581 
2824 3827581 
2825 3827581 
2826 3827581 
2827 3827581 
2828 3827581 
2829 3827581 
2830 3827581 
2831 3827581 
2832 3827581 
2833 3827581 
2834 3827581 
2835 3827581 
2836 3827581 
2837 3827581 
2838 3827581 
2839 3827581 
2840 3827581 
2841 3827581 
2842 3827581 
2843 3827581 
2844 3827581 
2845 3827581 
2846 3827581 
2847 3827581 
2848 3827581 
2849 3827581 
2850 3827581 
2851 3827581 
2852 3827581 
2853 3827581 
2854 3827581 
2855 3827581 
2856 3827581 
2857 3827581 
2858 3827581 
2859 3827581 
2860 3827581 
2861 3827581 
2862 3827581 
2863 3827581 
2864 3827581 
2865 3827581 
2866 3827581 
2867 3827581 
2868 3827581 
2869 3827581 
2870 3827581 
2871 3827581 
2872 3827581 
2873 3827581 
2874 3827581 
2875 3827581 
2876 3827581 
2877 3827581 
2878 3827581 
2879 3827581 
2880 3827581 
2881 3827581 
2882 3827581 
2883 3827581 
2884 3827581 
2885 3827581 
2886 3827581 
2887 3827581 
2888 3827581 
2889 3827581 
2890 3827581 
2891 3827581 
2892 3827581 
2893 3827581 
2894 3827581 
2895 3827581 
2896 3827581 
2897 3827581 
2898 3827581 
2899 3827581 
2900 3827581 
2901 3827581 
2902 3827581 
2903 3827581 
2904 3827581 
2905 3827581 
2906 3827581 
2907 3827581 
2908 3827581 
2909 3827581 
2910 3827581 
2911 3827581 
2912 3827581 
2913 3827581 
2914 3827581 
2915 3827581 
2916 3827581 
2917 3827581 
2918 3827581 
2919 3827581 
2920 3827581 
2921 3827581 
2922 3827581 
2923 3827581 
2924 3827581 
2925 3827581 
2926 3827581 
2927 3827581 
2928 3827581 
2929 3827581 
2930 3827581 
2931 3827581 
2932 3827581 
2933 3827581 
2934 3827581 
2935 3827581 
2936 3827581 
2937 3827581 
2938 3827581 
2939 3827581 
2940 3827581 
2941 3827581 
2942 3827581 
2943 3827581 
2944 3827581 
2945 3827581 
2946 3827581 
2947 3827581 
2948 3827581 
2949 3827581 
2950 3827581 
2951 3827581 
2952 3827581 
2953 3827581 
2954 3827581 
2955 3827581 
2956 3827581 
2957 3827581 
2958 3827581 
2959 3827581 
2960 3827581 
2961 3827581 
2962 3827581 
2963 3827581 
2964 3827581 
2965 3827581 
2966 3827581 
2967 3827581 
2968 3827581 
2969 3827581 
2970 3827581 
2971 3827581 
2972 3827581 
2973 3827581 
2974 3827581 
2975 3827581 
2976 3827581 
2977 3827581 
2978 3827581 
2979 3827581 
2980 3827581 
2981 3827581 
2982 3827581 
2983 3827581 
2984 3827581 
2985 3827581 
2986 3827581 
2987 3827581 
2988 3827581 
2989 3827581 
2990 3827581 
2991 3827581 
2992 3827581 
2993 3827581 
2994 3827581 
2995 3827581 
2996 3827581 
2997 3827581 
2998 3827581 
2999 3827581 
3000 3827581 
3001 3827581 
3002 3827581 
3003 3827581 
3004 3827581 
3005 3827581 
3006 3827581 
3007 3827581 
3008 3827581 
3009 3827581 
3010 3827581 
3011 3827581 
3012 3827581 
3013 3827581 
3014 3827581 
3015 3827581 
3016 3827581 
3017 3827581 
3018 3827581 
3019 3827581 
3020 3827581 
3021 3827581 
3022 3827581 
3023 3827581 
3024 3827581 
3025 3827581 
3026 3827581 
3027 3827581 
3028 3827581 
3029 3827581 
3030 3827581 
3031 3827581 
3032 3827581 
3033 3827581 
3034 3827581 
3035 3827581 
3036 3827581 
3037 3827581 
3038 3827581 
3039 3827581 
3040 3827581 
3041 3827581 
3042 3827581 
3043 3827581 
3044 3827581 
3045 3827581 
3046 3827581 
3047 3827581 
3048 3827581 
3049 3827581 
3050 3827581 
3051 3827581 
3052 3827581 
3053 3827581 
3054 3827581 
3055 3827581 
3056 3827581 
3057 3827581 
3058 3827581 
3059 3827581 
3060 3827581 
3061 3827581 
3062 3827581 
3063 3827581 
3064 3827581 
3065 3827581 
3066 3827581 
3067 3827581 
3068 3827581 
3069 3827581 
3070 3827581 
3071 3827581 
3072 3827581 
3073 3827581 
3074 3827581 
3075 3827581 
3076 3827581 
3077 3827581 
3078 3827581 
3079 3827581 
3080 3827581 
3081 3827581 
3082 3827581 
3083 3827581 
3084 3827581 
3085 3827581 
3086 3827581 
3087 3827581 
3088 3827581 
3089 3827581 
3090 3827581 
3091 3827581 
3092 3827581 
3093 3827581 
3094 3827581 
3095 3827581 
3096 3827581 
3097 3827581 
3098 3827581 
3099 3827581 
3100 3827581 
3101 3827581 
3102 3827581 
3103 3827581 
3104 3827581 
3105 3827581 
3106 3827581 
3107 3827581 
3108 3827581 
3109 3827581 
3110 3827581 
3111 3827581 
3112 3827581 
3113 3827581 
3114 3827581 
3115 3827581 
3116 3827581 
3117 3827581 
3118 3827581 
3119 3827581 
3120 3827581 
3121 3827581 
3122 3827581 
3123 3827581 
3124 3827581 
3125 3827581 
3126 3827581 
3127 3827581 
3128 3827581 
3129 3827581 
3130 3827581 
3131 3827581 
3132 3827581 

