0 10989832 
1 10942970 
2 10935710 
3 10934300 
4 10933644 
5 10929877 
6 10893365 
7 10886600 
8 10884749 
9 10883237 
10 10883032 
11 10878534 
12 10878261 
13 10874266 
14 10870966 
15 10854161 
16 10841452 
17 10838306 
18 10833892 
19 10833132 
20 10832390 
21 10831803 
22 10831672 
23 10831554 
24 10824579 
25 10823992 
26 10823533 
27 10823193 
28 10822463 
29 10820045 
30 10819805 
31 10819593 
32 10819478 
33 10819140 
34 10814564 
35 10814165 
36 10804497 
37 10804246 
38 10803889 
39 10801355 
40 10799603 
41 10799124 
42 10797524 
43 10796319 
44 10794780 
45 10781731 
46 10779876 
47 10760267 
48 10759725 
49 10758762 
50 10756442 
51 10747066 
52 10742242 
53 10742172 
54 10742133 
55 10742126 
56 10741932 
57 10741618 
58 10741268 
59 10739845 
60 10734846 
61 10730420 
62 10730355 
63 10716396 
64 10711335 
65 10706535 
66 10701841 
67 10701595 
68 10700848 
69 10698274 
70 10698174 
71 10697578 
72 10696971 
73 10696964 
74 10696884 
75 10696005 
76 10695905 
77 10693649 
78 10693647 
79 10678191 
80 10670833 
81 10668562 
82 10667729 
83 10667169 
84 10662369 
85 10661532 
86 10661492 
87 10661201 
88 10661201 
89 10657294 
90 10652141 
91 10651359 
92 10643726 
93 10635616 
94 10635038 
95 10627639 
96 10607958 
97 10607694 
98 10596834 
99 10596502 
100 10596481 
101 10592283 
102 10589639 
103 10589619 
104 10587419 
105 10587417 
106 10587374 
107 10587179 
108 10587149 
109 10586764 
110 10583100 
111 10582394 
112 10562772 
113 10555917 
114 10554056 
115 10553717 
116 10553371 
117 10553053 
118 10552224 
119 10551559 
120 10551311 
121 10551091 
122 10550289 
123 10550230 
124 10549894 
125 10549874 
126 10549784 
127 10549367 
128 10548948 
129 10548863 
130 10548723 
131 10548531 
132 10548367 
133 10544909 
134 10542238 
135 10541728 
136 10541329 
137 10541293 
138 10539111 
139 10536636 
140 10535507 
141 10535401 
142 10535253 
143 10526488 
144 10525748 
145 10525748 
146 10525706 
147 10525639 
148 10525562 
149 10525562 
150 10525555 
151 10524842 
152 10524455 
153 10521950 
154 10521780 
155 10521341 
156 10499182 
157 10499182 
158 10492167 
159 10491817 
160 10488019 
161 10488010 
162 10485821 
163 10484561 
164 10482642 
165 10482642 
166 10482548 
167 10464563 
168 10464023 
169 10461474 
170 10459028 
171 10458268 
172 10455100 
173 10454634 
174 10454574 
175 10446562 
176 10435688 
177 10435651 
178 10435476 
179 10435476 
180 10433743 
181 10432002 
182 10431876 
183 10429129 
184 10427785 
185 10427486 
186 10427152 
187 10425909 
188 10423356 
189 10421032 
190 10419008 
191 10417434 
192 10415709 
193 10415623 
194 10414642 
195 10414588 
196 10412225 
197 10409817 
198 10408012 
199 10407854 
200 10403506 
201 10402820 
202 10400114 
203 10398721 
204 10398329 
205 10395014 
206 10394723 
207 10394693 
208 10392407 
209 10379281 
210 10378334 
211 10377814 
212 10377508 
213 10377324 
214 10376946 
215 10376214 
216 10375191 
217 10372462 
218 10361574 
219 10359894 
220 10358057 
221 10357992 
222 10355472 
223 10355472 
224 10336302 
225 10334253 
226 10334175 
227 10329235 
228 10327425 
229 10327271 
230 10327271 
231 10322103 
232 10321668 
233 10321453 
234 10321273 
235 10319719 
236 10319679 
237 10317774 
238 10317754 
239 10316709 
240 10316695 
241 10312606 
242 10312285 
243 10293794 
244 10291995 
245 10291758 
246 10289801 
247 10289433 
248 10288198 
249 10287900 
250 10287101 
251 10286431 
252 10284965 
253 10284704 
254 10284630 
255 10284452 
256 10284132 
257 10283420 
258 10281458 
259 10281458 
260 10278018 
261 10275439 
262 10275102 
263 10273814 
264 10273454 
265 10271090 
266 10270447 
267 10269691 
268 10268117 
269 10267877 
270 10267846 
271 10267796 
272 10263862 
273 10263182 
274 10261322 
275 10259756 
276 10259668 
277 10256849 
278 10256221 
279 10249953 
280 10249953 
281 10240427 
282 10239707 
283 10239411 
284 10238550 
285 10238246 
286 10234558 
287 10223436 
288 10222715 
289 10222132 
290 10221785 
291 10221165 
292 10218687 
293 10218258 
294 10218032 
295 10217220 
296 10216998 
297 10216841 
298 10216787 
299 10214742 
300 10213071 
301 10212747 
302 10212526 
303 10210430 
304 10210296 
305 10208143 
306 10205882 
307 10205882 
308 10199268 
309 10198380 
310 10198337 
311 10198323 
312 10188368 
313 10188146 
314 10188146 
315 10187686 
316 10187125 
317 10185146 
318 10184052 
319 10184021 
320 10178978 
321 10178530 
322 10178312 
323 10178202 
324 10177369 
325 10177195 
326 10174772 
327 10174772 
328 10174331 
329 10173608 
330 10173069 
331 10171956 
332 10171870 
333 10171845 
334 10171825 
335 10171825 
336 10171648 
337 10170867 
338 10170765 
339 10170688 
340 10160308 
341 10160233 
342 10155281 
343 10146733 
344 10146714 
345 10146714 
346 10146656 
347 10144745 
348 10144423 
349 10144409 
350 10143463 
351 10143386 
352 10140329 
353 10139752 
354 10136352 
355 10135519 
356 10134094 
357 10133604 
358 10133388 
359 10133356 
360 10131813 
361 10131813 
362 10131277 
363 10128596 
364 10128299 
365 10127518 
366 10127418 
367 10126901 
368 10126887 
369 10126543 
370 10124821 
371 10124800 
372 10124588 
373 10124497 
374 10124497 
375 10124497 
376 10124469 
377 10124149 
378 10124092 
379 10124061 
380 10123865 
381 10123839 
382 10123839 
383 10123131 
384 10123131 
385 10122865 
386 10122865 
387 10122745 
388 10122406 
389 10122385 
390 10121994 
391 10121994 
392 10121994 
393 10121923 
394 10121923 
395 10121923 
396 10121923 
397 10121778 
398 10121535 
399 10121162 
400 10120801 
401 10120456 
402 10120456 
403 10120456 
404 10120456 
405 10120456 
406 10120456 
407 10120456 
408 10120456 
409 10120456 
410 10120456 
411 10120456 
412 10120456 
413 10120456 
414 10120456 
415 10120456 
416 10120456 
417 10120456 
418 10120456 
419 10120456 
420 10120456 
421 10120456 
422 10120456 
423 10120456 
424 10120456 
425 10120456 
426 10120456 
427 10120456 
428 10120456 
429 10120456 
430 10120456 
431 10120456 
432 10120456 
433 10120456 
434 10120456 
435 10120456 
436 10120456 
437 10120456 
438 10120456 
439 10120456 
440 10120456 
441 10120456 
442 10120456 
443 10120456 
444 10120456 
445 10120456 
446 10120456 
447 10120456 
448 10120456 
449 10120456 
450 10120456 
451 10120456 
452 10120456 
453 10120456 
454 10120456 
455 10120456 
456 10120456 
457 10120456 
458 10120456 
459 10120456 
460 10120456 
461 10120456 
462 10120456 
463 10120456 
464 10120456 
465 10120456 
466 10120456 
467 10120456 
468 10120456 
469 10120456 
470 10120456 
471 10120456 
472 10120456 
473 10120456 
474 10120456 
475 10120456 
476 10120456 
477 10120456 
478 10120456 
479 10120456 
480 10120456 
481 10120456 
482 10120456 
483 10120456 
484 10120456 
485 10120456 
486 10120456 
487 10120456 
488 10120456 
489 10120456 
490 10120456 
491 10120456 
492 10120456 
493 10120456 
494 10120456 
495 10120456 
496 10120456 
497 10120456 
498 10120456 
499 10120456 
500 10120456 
501 10120456 
502 10120456 
503 10120456 
504 10120456 
505 10120456 
506 10120456 
507 10120456 
508 10120456 
509 10120456 
510 10120456 
511 10120456 
512 10120456 
513 10120456 
514 10120456 
515 10120456 
516 10120456 
517 10120456 
518 10120456 
519 10120456 
520 10120456 
521 10120456 
522 10120456 
523 10120456 
524 10120456 
525 10120456 
526 10120456 
527 10120456 
528 10120456 
529 10120456 
530 10120456 
531 10120456 
532 10120456 
533 10120456 
534 10120456 
535 10120456 
536 10120456 
537 10120456 
538 10120456 
539 10120456 
540 10120456 
541 10120456 
542 10120456 
543 10120456 
544 10120456 
545 10120456 
546 10120456 
547 10120456 
548 10120456 
549 10120456 
550 10120456 
551 10120456 
552 10120456 
553 10120456 
554 10120456 
555 10120456 
556 10120456 
557 10120456 
558 10120456 
559 10120456 
560 10120456 
561 10120456 
562 10120456 
563 10120456 
564 10120456 
565 10120456 
566 10120456 
567 10120456 
568 10120456 
569 10120456 
570 10120456 
571 10120456 
572 10120456 
573 10120456 
574 10120456 
575 10120456 
576 10120456 
577 10120456 
578 10120456 
579 10120456 
580 10120456 
581 10120456 
582 10120456 
583 10120456 
584 10120456 
585 10120456 
586 10120456 
587 10120456 
588 10120456 
589 10120456 
590 10120456 
591 10120456 
592 10120456 
593 10120456 
594 10120456 
595 10120456 
596 10120456 
597 10120456 
598 10120456 
599 10120456 
600 10120456 
601 10120456 
602 10120456 
603 10120456 
604 10120456 
605 10120456 
606 10120456 
607 10120456 
608 10120456 
609 10120456 
610 10120456 
611 10120456 
612 10120456 
613 10120456 
614 10120456 
615 10120456 
616 10120456 
617 10120456 
618 10120456 
619 10120456 
620 10120456 
621 10120456 
622 10120456 
623 10120456 
624 10120456 
625 10120456 
626 10120456 
627 10120456 
628 10120456 
629 10120456 
630 10120456 
631 10120456 
632 10120456 
633 10120456 
634 10120456 
635 10120456 
636 10120456 
637 10120456 
638 10120456 
639 10120456 
640 10120456 
641 10120456 
642 10120456 
643 10120456 
644 10120456 
645 10120456 
646 10120456 
647 10120456 
648 10120456 
649 10120456 
650 10120456 
651 10120456 
652 10120456 
653 10120456 
654 10120456 
655 10120456 
656 10120456 
657 10120456 
658 10120456 
659 10120456 
660 10120456 
661 10120456 
662 10120456 
663 10120456 
664 10120456 
665 10120456 
666 10120456 
667 10120456 
668 10120456 
669 10120456 
670 10120456 
671 10120456 
672 10120456 
673 10120456 
674 10120456 
675 10120456 
676 10120456 
677 10120456 
678 10120456 
679 10120456 
680 10120456 
681 10120456 
682 10120456 
683 10120456 
684 10120456 
685 10120456 
686 10120456 
687 10120456 
688 10120456 
689 10120456 
690 10120456 
691 10120456 
692 10120456 
693 10120456 
694 10120456 
695 10120456 
696 10120456 
697 10120456 
698 10120456 
699 10120456 
700 10120456 
701 10120456 
702 10120456 
703 10120456 
704 10120456 
705 10120456 
706 10120456 
707 10120456 
708 10120456 
709 10120456 
710 10120456 
711 10120456 
712 10120456 
713 10120456 
714 10120456 
715 10120456 
716 10120456 
717 10120456 
718 10120456 
719 10120456 
720 10120456 
721 10120456 
722 10120456 
723 10120456 
724 10120456 
725 10120456 
726 10120456 
727 10120456 
728 10120456 
729 10120456 
730 10120456 
731 10120456 
732 10120456 
733 10120456 
734 10120456 
735 10120456 
736 10120456 
737 10120456 
738 10120456 
739 10120456 
740 10120456 
741 10120456 
742 10120456 
743 10120456 
744 10120456 
745 10120456 
746 10120456 
747 10120456 
748 10120456 
749 10120456 
750 10120456 
751 10120456 
752 10120456 
753 10120456 
754 10120456 
755 10120456 
756 10120456 
757 10120456 
758 10120456 
759 10120456 
760 10120456 
761 10120456 
762 10120456 
763 10120456 
764 10120456 
765 10120456 
766 10120456 
767 10120456 
768 10120456 
769 10120456 
770 10120456 
771 10120456 
772 10120456 
773 10120456 
774 10120456 
775 10120456 
776 10120456 
777 10120456 
778 10120456 
779 10120456 
780 10120456 
781 10120456 
782 10120456 
783 10120456 
784 10120456 
785 10120456 
786 10120456 
787 10120456 
788 10120456 
789 10120456 
790 10120456 
791 10120456 
792 10120456 
793 10120456 
794 10120456 
795 10120456 
796 10120456 
797 10120456 
798 10120456 
799 10120456 
800 10120456 
801 10120456 
802 10120456 
803 10120456 
804 10120456 
805 10120456 
806 10120456 
807 10120456 
808 10120456 
809 10120456 
810 10120456 
811 10120456 
812 10120456 
813 10120456 
814 10120456 
815 10120456 
816 10120456 
817 10120456 
818 10120456 
819 10120456 
820 10120456 
821 10120456 
822 10120456 
823 10120456 
824 10120456 
825 10120456 
826 10120456 
827 10120456 
828 10120456 
829 10120456 
830 10120456 
831 10120456 
832 10120456 
833 10120456 
834 10120456 
835 10120456 
836 10120456 
837 10120456 
838 10120456 
839 10120456 
840 10120456 
841 10120456 
842 10120456 
843 10120456 
844 10120456 
845 10120456 
846 10120456 
847 10120456 
848 10120456 
849 10120456 
850 10120456 
851 10120456 
852 10120456 
853 10120456 
854 10120456 
855 10120456 
856 10120456 
857 10120456 
858 10120456 
859 10120456 
860 10120456 
861 10120456 
862 10120456 
863 10120456 
864 10120456 
865 10120456 
866 10120456 
867 10120456 
868 10120456 
869 10120456 
870 10120456 
871 10120456 
872 10120456 
873 10120456 
874 10120456 
875 10120456 
876 10120456 
877 10120456 
878 10120456 
879 10120456 
880 10120456 
881 10120456 
882 10120456 
883 10120456 
884 10120456 
885 10120456 
886 10120456 
887 10120456 
888 10120456 
889 10120456 
890 10120456 
891 10120456 
892 10120456 
893 10120456 
894 10120456 
895 10120456 
896 10120456 
897 10120456 
898 10120456 
899 10120456 
900 10120456 
901 10120456 
902 10120456 
903 10120456 
904 10120456 
905 10120456 
906 10120456 
907 10120456 
908 10120456 
909 10120456 
910 10120456 
911 10120456 
912 10120456 
913 10120456 
914 10120456 
915 10120456 
916 10120456 
917 10120456 
918 10120456 
919 10120456 
920 10120456 
921 10120456 
922 10120456 
923 10120456 
924 10120456 
925 10120456 
926 10120456 
927 10120456 
928 10120456 
929 10120456 
930 10120456 
931 10120456 
932 10120456 
933 10120456 
934 10120456 
935 10120456 
936 10120456 
937 10120456 
938 10120456 
939 10120456 
940 10120456 
941 10120456 
942 10120456 
943 10120456 
944 10120456 
945 10120456 
946 10120456 
947 10120456 
948 10120456 
949 10120456 
950 10120456 
951 10120456 
952 10120456 
953 10120456 
954 10120456 
955 10120456 
956 10120456 
957 10120456 
958 10120456 
959 10120456 
960 10120456 
961 10120456 
962 10120456 
963 10120456 
964 10120456 
965 10120456 
966 10120456 
967 10120456 
968 10120456 
969 10120456 
970 10120456 
971 10120456 
972 10120456 
973 10120456 
974 10120456 
975 10120456 
976 10120456 
977 10120456 
978 10120456 
979 10120456 
980 10120456 
981 10120456 
982 10120456 
983 10120456 
984 10120456 
985 10120456 
986 10120456 
987 10120456 
988 10120456 
989 10120456 
990 10120456 
991 10120456 
992 10120456 
993 10120456 
994 10120456 
995 10120456 
996 10120456 
997 10120456 
998 10120456 
999 10120456 
1000 10120456 
1001 10120456 
1002 10120456 
1003 10120456 
1004 10120456 
1005 10120456 
1006 10120456 
1007 10120456 
1008 10120456 
1009 10120456 
1010 10120456 
1011 10120456 
1012 10120456 
1013 10120456 
1014 10120456 
1015 10120456 
1016 10120456 
1017 10120456 
1018 10120456 
1019 10120456 
1020 10120456 
1021 10120456 
1022 10120456 
1023 10120456 
1024 10120456 
1025 10120456 
1026 10120456 
1027 10120456 
1028 10120456 
1029 10120456 
1030 10120456 
1031 10120456 
1032 10120456 
1033 10120456 
1034 10120456 
1035 10120456 
1036 10120456 
1037 10120456 
1038 10120456 
1039 10120456 
1040 10120456 
1041 10120456 
1042 10120456 
1043 10120456 
1044 10120456 
1045 10120456 
1046 10120456 
1047 10120456 
1048 10120456 
1049 10120456 
1050 10120456 
1051 10120456 
1052 10120456 
1053 10120456 
1054 10120456 
1055 10120456 
1056 10120456 
1057 10120456 
1058 10120456 
1059 10120456 
1060 10120456 
1061 10120456 
1062 10120456 
1063 10120456 
1064 10120456 
1065 10120456 
1066 10120456 
1067 10120456 
1068 10120456 
1069 10120456 
1070 10120456 
1071 10120456 
1072 10120456 
1073 10120456 
1074 10120456 
1075 10120456 
1076 10120456 
1077 10120456 
1078 10120456 
1079 10120456 
1080 10120456 
1081 10120456 
1082 10120456 
1083 10120456 
1084 10120456 
1085 10120456 
1086 10120456 
1087 10120456 
1088 10120456 
1089 10120456 
1090 10120456 
1091 10120456 
1092 10120456 
1093 10120456 
1094 10120456 
1095 10120456 
1096 10120456 
1097 10120456 
1098 10120456 
1099 10120456 
1100 10120456 
1101 10120456 
1102 10120456 
1103 10120456 
1104 10120456 
1105 10120456 
1106 10120456 
1107 10120456 
1108 10120456 
1109 10120456 
1110 10120456 
1111 10120456 
1112 10120456 
1113 10120456 
1114 10120456 
1115 10120456 
1116 10120456 
1117 10120456 
1118 10120456 
1119 10120456 
1120 10120456 
1121 10120456 
1122 10120456 
1123 10120456 
1124 10120456 
1125 10120456 
1126 10120456 
1127 10120456 
1128 10120456 
1129 10120456 
1130 10120456 
1131 10120456 
1132 10120456 
1133 10120456 
1134 10120456 
1135 10120456 
1136 10120456 
1137 10120456 
1138 10120456 
1139 10120456 
1140 10120456 
1141 10120456 
1142 10120456 
1143 10120456 
1144 10120456 
1145 10120456 
1146 10120456 
1147 10120456 
1148 10120456 
1149 10120456 
1150 10120456 
1151 10120456 
1152 10120456 
1153 10120456 
1154 10120456 
1155 10120456 
1156 10120456 
1157 10120456 
1158 10120456 
1159 10120456 
1160 10120456 
1161 10120456 
1162 10120456 
1163 10120456 
1164 10120456 
1165 10120456 
1166 10120456 
1167 10120456 
1168 10120456 
1169 10120456 
1170 10120456 
1171 10120456 
1172 10120456 
1173 10120456 
1174 10120456 
1175 10120456 
1176 10120456 
1177 10120456 
1178 10120456 
1179 10120456 
1180 10120456 
1181 10120456 
1182 10120456 
1183 10120456 
1184 10120456 
1185 10120456 
1186 10120456 
1187 10120456 
1188 10120456 
1189 10120456 
1190 10120456 
1191 10120456 
1192 10120456 
1193 10120456 
1194 10120456 
1195 10120456 
1196 10120456 
1197 10120456 
1198 10120456 
1199 10120456 
1200 10120456 
1201 10120456 
1202 10120456 
1203 10120456 
1204 10120456 
1205 10120456 
1206 10120456 
1207 10120456 
1208 10120456 
1209 10120456 
1210 10120456 
1211 10120456 
1212 10120456 
1213 10120456 
1214 10120456 
1215 10120456 
1216 10120456 
1217 10120456 
1218 10120456 
1219 10120456 
1220 10120456 
1221 10120456 
1222 10120456 
1223 10120456 
1224 10120456 
1225 10120456 
1226 10120456 
1227 10120456 
1228 10120456 
1229 10120456 
1230 10120456 
1231 10120456 
1232 10120456 
1233 10120456 
1234 10120456 
1235 10120456 
1236 10120456 
1237 10120456 
1238 10120456 
1239 10120456 
1240 10120456 
1241 10120456 
1242 10120456 
1243 10120456 
1244 10120456 
1245 10120456 
1246 10120456 
1247 10120456 
1248 10120456 
1249 10120456 
1250 10120456 
1251 10120456 
1252 10120456 
1253 10120456 
1254 10120456 
1255 10120456 
1256 10120456 
1257 10120456 
1258 10120456 
1259 10120456 
1260 10120456 
1261 10120456 
1262 10120456 
1263 10120456 
1264 10120456 
1265 10120456 
1266 10120456 
1267 10120456 
1268 10120456 
1269 10120456 
1270 10120456 
1271 10120456 
1272 10120456 
1273 10120456 
1274 10120456 
1275 10120456 
1276 10120456 
1277 10120456 
1278 10120456 
1279 10120456 
1280 10120456 
1281 10120456 
1282 10120456 
1283 10120456 
1284 10120456 
1285 10120456 
1286 10120456 
1287 10120456 
1288 10120456 
1289 10120456 
1290 10120456 
1291 10120456 
1292 10120456 
1293 10120456 
1294 10120456 
1295 10120456 
1296 10120456 
1297 10120456 
1298 10120456 
1299 10120456 
1300 10120456 
1301 10120456 
1302 10120456 
1303 10120456 
1304 10120456 
1305 10120456 
1306 10120456 
1307 10120456 
1308 10120456 
1309 10120456 
1310 10120456 
1311 10120456 
1312 10120456 
1313 10120456 
1314 10120456 
1315 10120456 
1316 10120456 
1317 10120456 
1318 10120456 
1319 10120456 
1320 10120456 
1321 10120456 
1322 10120456 
1323 10120456 
1324 10120456 
1325 10120456 
1326 10120456 
1327 10120456 
1328 10120456 
1329 10120456 
1330 10120456 
1331 10120456 
1332 10120456 
1333 10120456 
1334 10120456 
1335 10120456 
1336 10120456 
1337 10120456 
1338 10120456 
1339 10120456 
1340 10120456 
1341 10120456 
1342 10120456 
1343 10120456 
1344 10120456 
1345 10120456 
1346 10120456 
1347 10120456 
1348 10120456 
1349 10120456 
1350 10120456 
1351 10120456 
1352 10120456 
1353 10120456 
1354 10120456 
1355 10120456 
1356 10120456 
1357 10120456 
1358 10120456 
1359 10120456 
1360 10120456 
1361 10120456 
1362 10120456 
1363 10120456 
1364 10120456 
1365 10120456 
1366 10120456 
1367 10120456 
1368 10120456 
1369 10120456 
1370 10120456 
1371 10120456 
1372 10120456 
1373 10120456 
1374 10120456 
1375 10120456 
1376 10120456 
1377 10120456 
1378 10120456 
1379 10120456 
1380 10120456 
1381 10120456 
1382 10120456 
1383 10120456 
1384 10120456 
1385 10120456 
1386 10120456 
1387 10120456 
1388 10120456 
1389 10120456 
1390 10120456 
1391 10120456 
1392 10120456 
1393 10120456 
1394 10120456 
1395 10120456 
1396 10120456 
1397 10120456 
1398 10120456 
1399 10120456 
1400 10120456 
1401 10120456 
1402 10120456 
1403 10120456 
1404 10120456 
1405 10120456 
1406 10120456 
1407 10120456 
1408 10120456 
1409 10120456 
1410 10120456 
1411 10120456 
1412 10120456 
1413 10120456 
1414 10120456 
1415 10120456 
1416 10120456 
1417 10120456 
1418 10120456 
1419 10120456 
1420 10120456 
1421 10120456 
1422 10120456 
1423 10120456 
1424 10120456 
1425 10120456 
1426 10120456 
1427 10120456 
1428 10120456 
1429 10120456 
1430 10120456 
1431 10120456 
1432 10120456 
1433 10120456 
1434 10120456 
1435 10120456 
1436 10120456 
1437 10120456 
1438 10120456 
1439 10120456 
1440 10120456 
1441 10120456 
1442 10120456 
1443 10120456 
1444 10120456 
1445 10120456 
1446 10120456 
1447 10120456 
1448 10120456 
1449 10120456 
1450 10120456 
1451 10120456 
1452 10120456 
1453 10120456 
1454 10120456 
1455 10120456 
1456 10120456 
1457 10120456 
1458 10120456 
1459 10120456 
1460 10120456 
1461 10120456 
1462 10120456 
1463 10120456 
1464 10120456 
1465 10120456 
1466 10120456 
1467 10120456 
1468 10120456 
1469 10120456 
1470 10120456 
1471 10120456 
1472 10120456 
1473 10120456 
1474 10120456 
1475 10120456 
1476 10120456 
1477 10120456 
1478 10120456 
1479 10120456 
1480 10120456 
1481 10120456 
1482 10120456 
1483 10120456 
1484 10120456 
1485 10120456 
1486 10120456 
1487 10120456 
1488 10120456 
1489 10120456 
1490 10120456 
1491 10120456 
1492 10120456 
1493 10120456 
1494 10120456 
1495 10120456 
1496 10120456 
1497 10120456 
1498 10120456 
1499 10120456 
1500 10120456 
1501 10120456 
1502 10120456 
1503 10120456 
1504 10120456 
1505 10120456 
1506 10120456 
1507 10120456 
1508 10120456 
1509 10120456 
1510 10120456 
1511 10120456 
1512 10120456 
1513 10120456 
1514 10120456 
1515 10120456 
1516 10120456 
1517 10120456 
1518 10120456 
1519 10120456 
1520 10120456 
1521 10120456 
1522 10120456 
1523 10120456 
1524 10120456 
1525 10120456 
1526 10120456 
1527 10120456 
1528 10120456 
1529 10120456 
1530 10120456 
1531 10120456 
1532 10120456 
1533 10120456 
1534 10120456 
1535 10120456 
1536 10120456 
1537 10120456 
1538 10120456 
1539 10120456 
1540 10120456 
1541 10120456 
1542 10120456 
1543 10120456 
1544 10120456 
1545 10120456 
1546 10120456 
1547 10120456 
1548 10120456 
1549 10120456 
1550 10120456 
1551 10120456 
1552 10120456 
1553 10120456 
1554 10120456 
1555 10120456 
1556 10120456 
1557 10120456 
1558 10120456 
1559 10120456 
1560 10120456 
1561 10120456 
1562 10120456 
1563 10120456 
1564 10120456 
1565 10120456 
1566 10120456 
1567 10120456 
1568 10120456 
1569 10120456 
1570 10120456 
1571 10120456 
1572 10120456 
1573 10120456 
1574 10120456 
1575 10120456 
1576 10120456 
1577 10120456 
1578 10120456 
1579 10120456 
1580 10120456 
1581 10120456 
1582 10120456 
1583 10120456 
1584 10120456 
1585 10120456 
1586 10120456 
1587 10120456 
1588 10120456 
1589 10120456 
1590 10120456 
1591 10120456 
1592 10120456 
1593 10120456 
1594 10120456 
1595 10120456 
1596 10120456 
1597 10120456 
1598 10120456 
1599 10120456 
1600 10120456 
1601 10120456 
1602 10120456 
1603 10120456 
1604 10120456 
1605 10120456 
1606 10120456 
1607 10120456 
1608 10120456 
1609 10120456 
1610 10120456 
1611 10120456 
1612 10120456 
1613 10120456 
1614 10120456 
1615 10120456 
1616 10120456 
1617 10120456 
1618 10120456 
1619 10120456 
1620 10120456 
1621 10120456 
1622 10120456 
1623 10120456 
1624 10120456 
1625 10120456 
1626 10120456 
1627 10120456 
1628 10120456 
1629 10120456 
1630 10120456 
1631 10120456 
1632 10120456 
1633 10120456 
1634 10120456 
1635 10120456 
1636 10120456 
1637 10120456 
1638 10120456 
1639 10120456 
1640 10120456 
1641 10120456 
1642 10120456 
1643 10120456 
1644 10120456 
1645 10120456 
1646 10120456 
1647 10120456 
1648 10120456 
1649 10120456 
1650 10120456 
1651 10120456 
1652 10120456 
1653 10120456 
1654 10120456 
1655 10120456 
1656 10120456 
1657 10120456 
1658 10120456 
1659 10120456 
1660 10120456 
1661 10120456 
1662 10120456 
1663 10120456 
1664 10120456 
1665 10120456 
1666 10120456 
1667 10120456 
1668 10120456 
1669 10120456 
1670 10120456 
1671 10120456 
1672 10120456 
1673 10120456 
1674 10120456 
1675 10120456 
1676 10120456 
1677 10120456 
1678 10120456 
1679 10120456 
1680 10120456 
1681 10120456 
1682 10120456 
1683 10120456 
1684 10120456 
1685 10120456 
1686 10120456 
1687 10120456 
1688 10120456 
1689 10120456 
1690 10120456 
1691 10120456 
1692 10120456 
1693 10120456 
1694 10120456 
1695 10120456 
1696 10120456 
1697 10120456 
1698 10120456 
1699 10120456 
1700 10120456 
1701 10120456 
1702 10120456 
1703 10120456 
1704 10120456 
1705 10120456 
1706 10120456 
1707 10120456 
1708 10120456 
1709 10120456 
1710 10120456 
1711 10120456 
1712 10120456 
1713 10120456 
1714 10120456 
1715 10120456 
1716 10120456 
1717 10120456 
1718 10120456 
1719 10120456 
1720 10120456 
1721 10120456 
1722 10120456 
1723 10120456 
1724 10120456 
1725 10120456 
1726 10120456 
1727 10120456 
1728 10120456 
1729 10120456 
1730 10120456 
1731 10120456 
1732 10120456 
1733 10120456 
1734 10120456 
1735 10120456 
1736 10120456 
1737 10120456 
1738 10120456 
1739 10120456 
1740 10120456 
1741 10120456 
1742 10120456 
1743 10120456 
1744 10120456 
1745 10120456 
1746 10120456 
1747 10120456 
1748 10120456 
1749 10120456 
1750 10120456 
1751 10120456 
1752 10120456 
1753 10120456 
1754 10120456 
1755 10120456 
1756 10120456 
1757 10120456 
1758 10120456 
1759 10120456 
1760 10120456 
1761 10120456 
1762 10120456 
1763 10120456 
1764 10120456 
1765 10120456 
1766 10120456 
1767 10120456 
1768 10120456 
1769 10120456 
1770 10120456 
1771 10120456 
1772 10120456 
1773 10120456 
1774 10120456 
1775 10120456 
1776 10120456 
1777 10120456 
1778 10120456 
1779 10120456 
1780 10120456 
1781 10120456 
1782 10120456 
1783 10120456 
1784 10120456 
1785 10120456 
1786 10120456 
1787 10120456 
1788 10120456 
1789 10120456 
1790 10120456 
1791 10120456 
1792 10120456 
1793 10120456 
1794 10120456 
1795 10120456 
1796 10120456 
1797 10120456 
1798 10120456 
1799 10120456 
1800 10120456 
1801 10120456 
1802 10120456 
1803 10120456 
1804 10120456 
1805 10120456 
1806 10120456 
1807 10120456 
1808 10120456 
1809 10120456 
1810 10120456 
1811 10120456 
1812 10120456 
1813 10120456 
1814 10120456 
1815 10120456 
1816 10120456 
1817 10120456 
1818 10120456 
1819 10120456 
1820 10120456 
1821 10120456 
1822 10120456 
1823 10120456 
1824 10120456 
1825 10120456 
1826 10120456 
1827 10120456 
1828 10120456 
1829 10120456 
1830 10120456 
1831 10120456 
1832 10120456 
1833 10120456 
1834 10120456 
1835 10120456 
1836 10120456 
1837 10120456 
1838 10120456 
1839 10120456 
1840 10120456 
1841 10120456 
1842 10120456 
1843 10120456 
1844 10120456 
1845 10120456 
1846 10120456 
1847 10120456 
1848 10120456 
1849 10120456 
1850 10120456 
1851 10120456 
1852 10120456 
1853 10120456 
1854 10120456 
1855 10120456 
1856 10120456 
1857 10120456 
1858 10120456 
1859 10120456 
1860 10120456 
1861 10120456 
1862 10120456 
1863 10120456 
1864 10120456 
1865 10120456 
1866 10120456 
1867 10120456 
1868 10120456 
1869 10120456 
1870 10120456 
1871 10120456 
1872 10120456 
1873 10120456 
1874 10120456 
1875 10120456 
1876 10120456 
1877 10120456 
1878 10120456 
1879 10120456 
1880 10120456 
1881 10120456 
1882 10120456 
1883 10120456 
1884 10120456 
1885 10120456 
1886 10120456 
1887 10120456 
1888 10120456 
1889 10120456 
1890 10120456 
1891 10120456 
1892 10120456 
1893 10120456 
1894 10120456 
1895 10120456 
1896 10120456 
1897 10120456 
1898 10120456 
1899 10120456 
1900 10120456 
1901 10120456 
1902 10120456 
1903 10120456 
1904 10120456 
1905 10120456 
1906 10120456 
1907 10120456 
1908 10120456 
1909 10120456 
1910 10120456 
1911 10120456 
1912 10120456 
1913 10120456 
1914 10120456 
1915 10120456 
1916 10120456 
1917 10120456 
1918 10120456 
1919 10120456 
1920 10120456 
1921 10120456 
1922 10120456 
1923 10120456 
1924 10120456 
1925 10120456 
1926 10120456 
1927 10120456 
1928 10120456 
1929 10120456 
1930 10120456 
1931 10120456 
1932 10120456 
1933 10120456 
1934 10120456 
1935 10120456 
1936 10120456 
1937 10120456 
1938 10120456 
1939 10120456 
1940 10120456 
1941 10120456 
1942 10120456 
1943 10120456 
1944 10120456 
1945 10120456 
1946 10120456 
1947 10120456 
1948 10120456 
1949 10120456 
1950 10120456 
1951 10120456 
1952 10120456 
1953 10120456 
1954 10120456 
1955 10120456 
1956 10120456 
1957 10120456 
1958 10120456 
1959 10120456 
1960 10120456 
1961 10120456 
1962 10120456 
1963 10120456 
1964 10120456 
1965 10120456 
1966 10120456 
1967 10120456 
1968 10120456 
1969 10120456 
1970 10120456 
1971 10120456 
1972 10120456 
1973 10120456 
1974 10120456 
1975 10120456 
1976 10120456 
1977 10120456 
1978 10120456 
1979 10120456 
1980 10120456 
1981 10120456 
1982 10120456 
1983 10120456 
1984 10120456 
1985 10120456 
1986 10120456 
1987 10120456 
1988 10120456 
1989 10120456 
1990 10120456 
1991 10120456 
1992 10120456 
1993 10120456 
1994 10120456 
1995 10120456 
1996 10120456 
1997 10120456 
1998 10120456 
1999 10120456 
2000 10120456 
2001 10120456 
2002 10120456 
2003 10120456 
2004 10120456 
2005 10120456 
2006 10120456 
2007 10120456 
2008 10120456 
2009 10120456 
2010 10120456 
2011 10120456 
2012 10120456 
2013 10120456 
2014 10120456 
2015 10120456 
2016 10120456 
2017 10120456 
2018 10120456 
2019 10120456 
2020 10120456 
2021 10120456 
2022 10120456 
2023 10120456 
2024 10120456 
2025 10120456 
2026 10120456 
2027 10120456 
2028 10120456 
2029 10120456 
2030 10120456 
2031 10120456 
2032 10120456 
2033 10120456 
2034 10120456 
2035 10120456 
2036 10120456 
2037 10120456 
2038 10120456 
2039 10120456 
2040 10120456 
2041 10120456 
2042 10120456 
2043 10120456 
2044 10120456 
2045 10120456 
2046 10120456 
2047 10120456 
2048 10120456 
2049 10120456 
2050 10120456 
2051 10120456 
2052 10120456 
2053 10120456 
2054 10120456 
2055 10120456 
2056 10120456 
2057 10120456 
2058 10120456 
2059 10120456 
2060 10120456 
2061 10120456 
2062 10120456 
2063 10120456 
2064 10120456 
2065 10120456 
2066 10120456 
2067 10120456 
2068 10120456 
2069 10120456 
2070 10120456 
2071 10120456 
2072 10120456 
2073 10120456 
2074 10120456 
2075 10120456 
2076 10120456 
2077 10120456 
2078 10120456 
2079 10120456 
2080 10120456 
2081 10120456 
2082 10120456 
2083 10120456 
2084 10120456 
2085 10120456 
2086 10120456 
2087 10120456 
2088 10120456 
2089 10120456 
2090 10120456 
2091 10120456 
2092 10120456 
2093 10120456 
2094 10120456 
2095 10120456 
2096 10120456 
2097 10120456 
2098 10120456 
2099 10120456 
2100 10120456 
2101 10120456 
2102 10120456 
2103 10120456 
2104 10120456 
2105 10120456 
2106 10120456 
2107 10120456 
2108 10120456 
2109 10120456 
2110 10120456 
2111 10120456 
2112 10120456 
2113 10120456 
2114 10120456 
2115 10120456 
2116 10120456 
2117 10120456 
2118 10120456 
2119 10120456 
2120 10120456 
2121 10120456 
2122 10120456 
2123 10120456 
2124 10120456 
2125 10120456 
2126 10120456 
2127 10120456 
2128 10120456 
2129 10120456 
2130 10120456 
2131 10120456 
2132 10120456 
2133 10120456 
2134 10120456 
2135 10120456 
2136 10120456 
2137 10120456 
2138 10120456 
2139 10120456 
2140 10120456 
2141 10120456 
2142 10120456 
2143 10120456 
2144 10120456 
2145 10120456 
2146 10120456 
2147 10120456 
2148 10120456 
2149 10120456 
2150 10120456 
2151 10120456 
2152 10120456 
2153 10120456 
2154 10120456 
2155 10120456 
2156 10120456 
2157 10120456 
2158 10120456 
2159 10120456 
2160 10120456 
2161 10120456 
2162 10120456 
2163 10120456 
2164 10120456 
2165 10120456 
2166 10120456 
2167 10120456 
2168 10120456 
2169 10120456 
2170 10120456 
2171 10120456 
2172 10120456 
2173 10120456 
2174 10120456 
2175 10120456 
2176 10120456 
2177 10120456 
2178 10120456 
2179 10120456 
2180 10120456 
2181 10120456 
2182 10120456 
2183 10120456 
2184 10120456 
2185 10120456 
2186 10120456 
2187 10120456 
2188 10120456 
2189 10120456 
2190 10120456 
2191 10120456 
2192 10120456 
2193 10120456 
2194 10120456 
2195 10120456 
2196 10120456 
2197 10120456 
2198 10120456 
2199 10120456 
2200 10120456 
2201 10120456 
2202 10120456 
2203 10120456 
2204 10120456 
2205 10120456 
2206 10120456 
2207 10120456 
2208 10120456 
2209 10120456 
2210 10120456 
2211 10120456 
2212 10120456 
2213 10120456 
2214 10120456 
2215 10120456 
2216 10120456 
2217 10120456 
2218 10120456 
2219 10120456 
2220 10120456 
2221 10120456 
2222 10120456 
2223 10120456 
2224 10120456 
2225 10120456 
2226 10120456 
2227 10120456 
2228 10120456 
2229 10120456 
2230 10120456 
2231 10120456 
2232 10120456 
2233 10120456 
2234 10120456 
2235 10120456 
2236 10120456 
2237 10120456 
2238 10120456 
2239 10120456 
2240 10120456 
2241 10120456 
2242 10120456 
2243 10120456 
2244 10120456 
2245 10120456 
2246 10120456 
2247 10120456 
2248 10120456 
2249 10120456 
2250 10120456 
2251 10120456 
2252 10120456 
2253 10120456 
2254 10120456 
2255 10120456 
2256 10120456 
2257 10120456 
2258 10120456 
2259 10120456 
2260 10120456 
2261 10120456 
2262 10120456 
2263 10120456 
2264 10120456 
2265 10120456 
2266 10120456 
2267 10120456 
2268 10120456 
2269 10120456 
2270 10120456 
2271 10120456 
2272 10120456 
2273 10120456 
2274 10120456 
2275 10120456 
2276 10120456 
2277 10120456 
2278 10120456 
2279 10120456 
2280 10120456 
2281 10120456 
2282 10120456 
2283 10120456 
2284 10120456 
2285 10120456 
2286 10120456 
2287 10120456 
2288 10120456 
2289 10120456 
2290 10120456 
2291 10120456 
2292 10120456 
2293 10120456 
2294 10120456 
2295 10120456 
2296 10120456 
2297 10120456 
2298 10120456 
2299 10120456 
2300 10120456 
2301 10120456 
2302 10120456 
2303 10120456 
2304 10120456 
2305 10120456 
2306 10120456 
2307 10120456 
2308 10120456 
2309 10120456 
2310 10120456 
2311 10120456 
2312 10120456 
2313 10120456 
2314 10120456 
2315 10120456 
2316 10120456 
2317 10120456 
2318 10120456 
2319 10120456 
2320 10120456 
2321 10120456 
2322 10120456 
2323 10120456 
2324 10120456 
2325 10120456 
2326 10120456 
2327 10120456 
2328 10120456 
2329 10120456 
2330 10120456 
2331 10120456 
2332 10120456 
2333 10120456 
2334 10120456 
2335 10120456 
2336 10120456 
2337 10120456 
2338 10120456 
2339 10120456 
2340 10120456 
2341 10120456 
2342 10120456 
2343 10120456 
2344 10120456 
2345 10120456 
2346 10120456 
2347 10120456 
2348 10120456 
2349 10120456 
2350 10120456 
2351 10120456 
2352 10120456 
2353 10120456 
2354 10120456 
2355 10120456 
2356 10120456 
2357 10120456 
2358 10120456 
2359 10120456 
2360 10120456 
2361 10120456 
2362 10120456 
2363 10120456 
2364 10120456 
2365 10120456 
2366 10120456 
2367 10120456 
2368 10120456 
2369 10120456 
2370 10120456 
2371 10120456 
2372 10120456 
2373 10120456 
2374 10120456 
2375 10120456 
2376 10120456 
2377 10120456 
2378 10120456 
2379 10120456 
2380 10120456 
2381 10120456 
2382 10120456 
2383 10120456 
2384 10120456 
2385 10120456 
2386 10120456 
2387 10120456 
2388 10120456 
2389 10120456 
2390 10120456 
2391 10120456 
2392 10120456 
2393 10120456 
2394 10120456 
2395 10120456 
2396 10120456 
2397 10120456 
2398 10120456 
2399 10120456 
2400 10120456 
2401 10120456 
2402 10120456 
2403 10120456 
2404 10120456 
2405 10120456 
2406 10120456 
2407 10120456 
2408 10120456 
2409 10120456 
2410 10120456 
2411 10120456 
2412 10120456 
2413 10120456 
2414 10120456 
2415 10120456 
2416 10120456 
2417 10120456 
2418 10120456 
2419 10120456 
2420 10120456 
2421 10120456 
2422 10120456 
2423 10120456 
2424 10120456 
2425 10120456 
2426 10120456 
2427 10120456 
2428 10120456 
2429 10120456 
2430 10120456 
2431 10120456 
2432 10120456 
2433 10120456 
2434 10120456 
2435 10120456 
2436 10120456 
2437 10120456 
2438 10120456 
2439 10120456 
2440 10120456 
2441 10120456 
2442 10120456 
2443 10120456 
2444 10120456 
2445 10120456 
2446 10120456 
2447 10120456 
2448 10120456 
2449 10120456 
2450 10120456 
2451 10120456 
2452 10120456 
2453 10120456 
2454 10120456 
2455 10120456 
2456 10120456 
2457 10120456 
2458 10120456 
2459 10120456 
2460 10120456 
2461 10120456 
2462 10120456 
2463 10120456 
2464 10120456 
2465 10120456 
2466 10120456 
2467 10120456 
2468 10120456 
2469 10120456 
2470 10120456 
2471 10120456 
2472 10120456 
2473 10120456 
2474 10120456 
2475 10120456 
2476 10120456 
2477 10120456 
2478 10120456 
2479 10120456 
2480 10120456 
2481 10120456 
2482 10120456 
2483 10120456 
2484 10120456 
2485 10120456 
2486 10120456 
2487 10120456 
2488 10120456 
2489 10120456 
2490 10120456 
2491 10120456 
2492 10120456 
2493 10120456 
2494 10120456 
2495 10120456 
2496 10120456 
2497 10120456 
2498 10120456 
2499 10120456 
2500 10120456 
2501 10120456 
2502 10120456 
2503 10120456 
2504 10120456 
2505 10120456 
2506 10120456 
2507 10120456 
2508 10120456 
2509 10120456 
2510 10120456 
2511 10120456 
2512 10120456 
2513 10120456 
2514 10120456 
2515 10120456 
2516 10120456 
2517 10120456 
2518 10120456 
2519 10120456 
2520 10120456 
2521 10120456 
2522 10120456 
2523 10120456 
2524 10120456 
2525 10120456 
2526 10120456 
2527 10120456 
2528 10120456 
2529 10120456 
2530 10120456 
2531 10120456 
2532 10120456 
2533 10120456 
2534 10120456 
2535 10120456 
2536 10120456 
2537 10120456 
2538 10120456 
2539 10120456 
2540 10120456 
2541 10120456 
2542 10120456 
2543 10120456 
2544 10120456 
2545 10120456 
2546 10120456 
2547 10120456 
2548 10120456 
2549 10120456 
2550 10120456 
2551 10120456 
2552 10120456 
2553 10120456 
2554 10120456 
2555 10120456 
2556 10120456 
2557 10120456 
2558 10120456 
2559 10120456 
2560 10120456 
2561 10120456 
2562 10120456 
2563 10120456 
2564 10120456 
2565 10120456 
2566 10120456 
2567 10120456 
2568 10120456 
2569 10120456 
2570 10120456 
2571 10120456 
2572 10120456 
2573 10120456 
2574 10120456 
2575 10120456 
2576 10120456 
2577 10120456 
2578 10120456 
2579 10120456 
2580 10120456 
2581 10120456 
2582 10120456 
2583 10120456 
2584 10120456 
2585 10120456 
2586 10120456 
2587 10120456 
2588 10120456 
2589 10120456 
2590 10120456 
2591 10120456 
2592 10120456 
2593 10120456 
2594 10120456 
2595 10120456 
2596 10120456 
2597 10120456 
2598 10120456 
2599 10120456 
2600 10120456 
2601 10120456 
2602 10120456 
2603 10120456 
2604 10120456 
2605 10120456 
2606 10120456 
2607 10120456 
2608 10120456 
2609 10120456 
2610 10120456 
2611 10120456 
2612 10120456 
2613 10120456 
2614 10120456 
2615 10120456 
2616 10120456 
2617 10120456 
2618 10120456 
2619 10120456 
2620 10120456 
2621 10120456 
2622 10120456 
2623 10120456 
2624 10120456 
2625 10120456 
2626 10120456 
2627 10120456 
2628 10120456 
2629 10120456 
2630 10120456 
2631 10120456 
2632 10120456 
2633 10120456 
2634 10120456 
2635 10120456 
2636 10120456 
2637 10120456 
2638 10120456 
2639 10120456 
2640 10120456 
2641 10120456 
2642 10120456 
2643 10120456 
2644 10120456 
2645 10120456 
2646 10120456 
2647 10120456 
2648 10120456 
2649 10120456 
2650 10120456 
2651 10120456 
2652 10120456 
2653 10120456 
2654 10120456 
2655 10120456 
2656 10120456 
2657 10120456 
2658 10120456 
2659 10120456 
2660 10120456 
2661 10120456 
2662 10120456 
2663 10120456 
2664 10120456 
2665 10120456 
2666 10120456 
2667 10120456 
2668 10120456 
2669 10120456 
2670 10120456 
2671 10120456 
2672 10120456 
2673 10120456 
2674 10120456 
2675 10120456 
2676 10120456 
2677 10120456 
2678 10120456 
2679 10120456 
2680 10120456 
2681 10120456 
2682 10120456 
2683 10120456 
2684 10120456 
2685 10120456 
2686 10120456 
2687 10120456 
2688 10120456 
2689 10120456 
2690 10120456 
2691 10120456 
2692 10120456 
2693 10120456 
2694 10120456 
2695 10120456 
2696 10120456 
2697 10120456 
2698 10120456 
2699 10120456 
2700 10120456 
2701 10120456 
2702 10120456 
2703 10120456 
2704 10120456 
2705 10120456 
2706 10120456 
2707 10120456 
2708 10120456 
2709 10120456 
2710 10120456 
2711 10120456 
2712 10120456 
2713 10120456 
2714 10120456 
2715 10120456 
2716 10120456 
2717 10120456 
2718 10120456 
2719 10120456 
2720 10120456 
2721 10120456 
2722 10120456 
2723 10120456 
2724 10120456 
2725 10120456 
2726 10120456 
2727 10120456 
2728 10120456 
2729 10120456 
2730 10120456 
2731 10120456 
2732 10120456 
2733 10120456 
2734 10120456 
2735 10120456 
2736 10120456 
2737 10120456 
2738 10120456 
2739 10120456 
2740 10120456 
2741 10120456 
2742 10120456 
2743 10120456 
2744 10120456 
2745 10120456 
2746 10120456 
2747 10120456 
2748 10120456 
2749 10120456 
2750 10120456 
2751 10120456 
2752 10120456 
2753 10120456 
2754 10120456 
2755 10120456 
2756 10120456 
2757 10120456 
2758 10120456 
2759 10120456 
2760 10120456 
2761 10120456 
2762 10120456 
2763 10120456 
2764 10120456 
2765 10120456 
2766 10120456 
2767 10120456 
2768 10120456 
2769 10120456 
2770 10120456 
2771 10120456 
2772 10120456 
2773 10120456 
2774 10120456 
2775 10120456 
2776 10120456 
2777 10120456 
2778 10120456 
2779 10120456 
2780 10120456 
2781 10120456 
2782 10120456 
2783 10120456 
2784 10120456 
2785 10120456 
2786 10120456 
2787 10120456 
2788 10120456 
2789 10120456 
2790 10120456 
2791 10120456 
2792 10120456 
2793 10120456 
2794 10120456 
2795 10120456 
2796 10120456 
2797 10120456 
2798 10120456 
2799 10120456 
2800 10120456 
2801 10120456 
2802 10120456 
2803 10120456 
2804 10120456 
2805 10120456 
2806 10120456 
2807 10120456 
2808 10120456 
2809 10120456 
2810 10120456 
2811 10120456 
2812 10120456 
2813 10120456 
2814 10120456 
2815 10120456 
2816 10120456 
2817 10120456 
2818 10120456 
2819 10120456 
2820 10120456 
2821 10120456 
2822 10120456 
2823 10120456 
2824 10120456 
2825 10120456 
2826 10120456 
2827 10120456 
2828 10120456 
2829 10120456 
2830 10120456 
2831 10120456 
2832 10120456 
2833 10120456 
2834 10120456 
2835 10120456 
2836 10120456 
2837 10120456 
2838 10120456 
2839 10120456 
2840 10120456 
2841 10120456 
2842 10120456 
2843 10120456 
2844 10120456 
2845 10120456 
2846 10120456 
2847 10120456 
2848 10120456 
2849 10120456 
2850 10120456 
2851 10120456 
2852 10120456 
2853 10120456 
2854 10120456 
2855 10120456 
2856 10120456 
2857 10120456 
2858 10120456 
2859 10120456 
2860 10120456 
2861 10120456 
2862 10120456 
2863 10120456 
2864 10120456 
2865 10120456 
2866 10120456 
2867 10120456 
2868 10120456 
2869 10120456 
2870 10120456 
2871 10120456 
2872 10120456 
2873 10120456 
2874 10120456 
2875 10120456 
2876 10120456 
2877 10120456 
2878 10120456 
2879 10120456 
2880 10120456 
2881 10120456 
2882 10120456 
2883 10120456 
2884 10120456 
2885 10120456 
2886 10120456 
2887 10120456 
2888 10120456 
2889 10120456 
2890 10120456 
2891 10120456 
2892 10120456 
2893 10120456 
2894 10120456 
2895 10120456 
2896 10120456 
2897 10120456 
2898 10120456 
2899 10120456 
2900 10120456 
2901 10120456 
2902 10120456 
2903 10120456 
2904 10120456 
2905 10120456 
2906 10120456 
2907 10120456 
2908 10120456 
2909 10120456 
2910 10120456 
2911 10120456 
2912 10120456 
2913 10120456 
2914 10120456 
2915 10120456 
2916 10120456 
2917 10120456 
2918 10120456 
2919 10120456 
2920 10120456 
2921 10120456 
2922 10120456 
2923 10120456 
2924 10120456 
2925 10120456 
2926 10120456 
2927 10120456 
2928 10120456 
2929 10120456 
2930 10120456 
2931 10120456 
2932 10120456 
2933 10120456 
2934 10120456 
2935 10120456 
2936 10120456 
2937 10120456 
2938 10120456 
2939 10120456 
2940 10120456 
2941 10120456 
2942 10120456 
2943 10120456 
2944 10120456 
2945 10120456 
2946 10120456 
2947 10120456 
2948 10120456 
2949 10120456 
2950 10120456 
2951 10120456 
2952 10120456 
2953 10120456 
2954 10120456 
2955 10120456 
2956 10120456 
2957 10120456 
2958 10120456 
2959 10120456 
2960 10120456 
2961 10120456 
2962 10120456 
2963 10120456 
2964 10120456 
2965 10120456 
2966 10120456 
2967 10120456 
2968 10120456 
2969 10120456 
2970 10120456 
2971 10120456 
2972 10120456 
2973 10120456 
2974 10120456 
2975 10120456 
2976 10120456 
2977 10120456 
2978 10120456 
2979 10120456 
2980 10120456 
2981 10120456 
2982 10120456 
2983 10120456 
2984 10120456 
2985 10120456 
2986 10120456 
2987 10120456 
2988 10120456 
2989 10120456 
2990 10120456 
2991 10120456 
2992 10120456 
2993 10120456 
2994 10120456 
2995 10120456 
2996 10120456 
2997 10120456 
2998 10120456 
2999 10120456 
3000 10120456 
3001 10120456 

