0 4180456 
1 4139743 
2 4135245 
3 4134516 
4 4130753 
5 4107601 
6 4105802 
7 4104815 
8 4102930 
9 4102891 
10 4098160 
11 4093168 
12 4089385 
13 4086172 
14 4083493 
15 4074146 
16 4073399 
17 4064356 
18 4060080 
19 4059384 
20 4059340 
21 4050817 
22 4050322 
23 4049581 
24 4049406 
25 4049210 
26 4048958 
27 4047307 
28 4045624 
29 4045279 
30 4041331 
31 4038146 
32 4038146 
33 4033081 
34 4032892 
35 4032229 
36 4031189 
37 4030838 
38 4030670 
39 4030649 
40 4030330 
41 4029848 
42 4027433 
43 4026782 
44 4025911 
45 4024898 
46 4023830 
47 4017746 
48 4017662 
49 4014678 
50 4014678 
51 4014671 
52 4014580 
53 4014573 
54 4014243 
55 4014236 
56 4011900 
57 3998302 
58 3997626 
59 3997058 
60 3995751 
61 3995625 
62 3995123 
63 3995116 
64 3995064 
65 3995005 
66 3994420 
67 3994284 
68 3994193 
69 3992642 
70 3981956 
71 3981430 
72 3978487 
73 3977171 
74 3977084 
75 3976828 
76 3976531 
77 3976426 
78 3976412 
79 3974111 
80 3974086 
81 3974072 
82 3973670 
83 3973177 
84 3972809 
85 3972774 
86 3972525 
87 3972302 
88 3971858 
89 3971773 
90 3970616 
91 3969615 
92 3966131 
93 3964818 
94 3964702 
95 3964396 
96 3962771 
97 3962004 
98 3961808 
99 3961794 
100 3959458 
101 3959238 
102 3957275 
103 3957239 
104 3956901 
105 3956888 
106 3956887 
107 3956712 
108 3956546 
109 3956525 
110 3955623 
111 3955623 
112 3955455 
113 3954901 
114 3954888 
115 3954888 
116 3954888 
117 3952429 
118 3952236 
119 3948906 
120 3948798 
121 3948525 
122 3948330 
123 3948323 
124 3946317 
125 3946282 
126 3946254 
127 3945904 
128 3945267 
129 3945170 
130 3945163 
131 3939988 
132 3939939 
133 3939904 
134 3939578 
135 3939236 
136 3938907 
137 3938879 
138 3938879 
139 3938762 
140 3938055 
141 3936924 
142 3936691 
143 3936288 
144 3935729 
145 3933694 
146 3933645 
147 3933152 
148 3919501 
149 3914535 
150 3909595 
151 3907736 
152 3907392 
153 3907258 
154 3907077 
155 3904204 
156 3897847 
157 3897847 
158 3896729 
159 3895689 
160 3895611 
161 3895572 
162 3894532 
163 3894389 
164 3894382 
165 3894368 
166 3894368 
167 3894050 
168 3893350 
169 3893161 
170 3892415 
171 3883471 
172 3883458 
173 3883378 
174 3883371 
175 3882425 
176 3882397 
177 3882397 
178 3882022 
179 3881994 
180 3881813 
181 3881571 
182 3880823 
183 3880368 
184 3879413 
185 3879400 
186 3876453 
187 3876440 
188 3876433 
189 3876417 
190 3876332 
191 3876318 
192 3875942 
193 3875214 
194 3874642 
195 3874628 
196 3874473 
197 3874459 
198 3873913 
199 3873849 
200 3873849 
201 3873849 
202 3873490 
203 3873165 
204 3873132 
205 3872621 
206 3872082 
207 3872080 
208 3871384 
209 3870430 
210 3870213 
211 3870066 
212 3869577 
213 3869244 
214 3868971 
215 3868335 
216 3868307 
217 3867737 
218 3867730 
219 3867709 
220 3867436 
221 3867375 
222 3867231 
223 3867182 
224 3865343 
225 3864042 
226 3862964 
227 3862957 
228 3862950 
229 3862950 
230 3862943 
231 3862500 
232 3861842 
233 3861800 
234 3861448 
235 3860846 
236 3860648 
237 3858334 
238 3857405 
239 3857398 
240 3857303 
241 3856770 
242 3856756 
243 3856665 
244 3856644 
245 3856087 
246 3856057 
247 3851299 
248 3849363 
249 3849181 
250 3849167 
251 3848866 
252 3848859 
253 3848838 
254 3848617 
255 3848578 
256 3848578 
257 3848201 
258 3847577 
259 3846527 
260 3846371 
261 3846271 
262 3846264 
263 3846199 
264 3845328 
265 3845198 
266 3845081 
267 3844769 
268 3844153 
269 3844153 
270 3844153 
271 3844132 
272 3844097 
273 3844090 
274 3844062 
275 3843691 
276 3843670 
277 3843670 
278 3842835 
279 3842429 
280 3842429 
281 3842422 
282 3842359 
283 3842310 
284 3842064 
285 3841894 
286 3841654 
287 3841629 
288 3841526 
289 3841513 
290 3841513 
291 3841513 
292 3839445 
293 3839445 
294 3839291 
295 3839177 
296 3839177 
297 3838951 
298 3838925 
299 3838840 
300 3835252 
301 3834918 
302 3834869 
303 3834869 
304 3833764 
305 3833764 
306 3833764 
307 3833764 
308 3833660 
309 3833225 
310 3833204 
311 3833204 
312 3832854 
313 3832852 
314 3832688 
315 3832611 
316 3832611 
317 3831363 
318 3831034 
319 3831014 
320 3830413 
321 3830400 
322 3830400 
323 3829931 
324 3829931 
325 3829931 
326 3829931 
327 3829931 
328 3829875 
329 3829657 
330 3829629 
331 3829629 
332 3829608 
333 3829267 
334 3829267 
335 3829239 
336 3829239 
337 3829239 
338 3829239 
339 3829239 
340 3829239 
341 3829239 
342 3829239 
343 3829239 
344 3829239 
345 3829239 
346 3829218 
347 3829218 
348 3829218 
349 3829218 
350 3829218 
351 3829218 
352 3829218 
353 3829218 
354 3829218 
355 3829218 
356 3829218 
357 3829218 
358 3829218 
359 3829218 
360 3829218 
361 3829218 
362 3829218 
363 3829218 
364 3829218 
365 3829218 
366 3829218 
367 3829218 
368 3829218 
369 3829218 
370 3829218 
371 3829218 
372 3829218 
373 3829218 
374 3829218 
375 3829218 
376 3829218 
377 3829218 
378 3829218 
379 3829218 
380 3829218 
381 3829218 
382 3829218 
383 3829218 
384 3829218 
385 3829218 
386 3829218 
387 3829218 
388 3829218 
389 3829218 
390 3829218 
391 3829218 
392 3829218 
393 3829218 
394 3829218 
395 3829218 
396 3829218 
397 3829218 
398 3829218 
399 3829218 
400 3829218 
401 3829218 
402 3829218 
403 3829218 
404 3829218 
405 3829218 
406 3829218 
407 3829218 
408 3829218 
409 3829218 
410 3829218 
411 3829218 
412 3829218 
413 3829218 
414 3829218 
415 3829218 
416 3829218 
417 3829218 
418 3829218 
419 3829218 
420 3829218 
421 3829218 
422 3829218 
423 3829218 
424 3829218 
425 3829218 
426 3829218 
427 3829218 
428 3829218 
429 3829218 
430 3829218 
431 3829218 
432 3829218 
433 3829218 
434 3829218 
435 3829218 
436 3829218 
437 3829218 
438 3829218 
439 3829218 
440 3829218 
441 3829218 
442 3829218 
443 3829218 
444 3829218 
445 3829218 
446 3829218 
447 3829218 
448 3829218 
449 3829218 
450 3829218 
451 3829218 
452 3829218 
453 3829218 
454 3829218 
455 3829218 
456 3829218 
457 3829218 
458 3829218 
459 3829218 
460 3829218 
461 3829218 
462 3829218 
463 3829218 
464 3829218 
465 3829218 
466 3829218 
467 3829218 
468 3829218 
469 3829218 
470 3829218 
471 3829218 
472 3829218 
473 3829218 
474 3829218 
475 3829218 
476 3829218 
477 3829218 
478 3829218 
479 3829218 
480 3829218 
481 3829218 
482 3829218 
483 3829218 
484 3829218 
485 3829218 
486 3829218 
487 3829218 
488 3829218 
489 3829218 
490 3829218 
491 3829218 
492 3829218 
493 3829218 
494 3829218 
495 3829218 
496 3829218 
497 3829218 
498 3829218 
499 3829218 
500 3829218 
501 3829218 
502 3829218 
503 3829218 
504 3829218 
505 3829218 
506 3829218 
507 3829218 
508 3829218 
509 3829218 
510 3829218 
511 3829218 
512 3829218 
513 3829218 
514 3829218 
515 3829218 
516 3829218 
517 3829218 
518 3829218 
519 3829218 
520 3829218 
521 3829218 
522 3829218 
523 3829218 
524 3829218 
525 3829218 
526 3829218 
527 3829218 
528 3829218 
529 3829218 
530 3829218 
531 3829218 
532 3829218 
533 3829218 
534 3829218 
535 3829218 
536 3829218 
537 3829218 
538 3829218 
539 3829218 
540 3829218 
541 3829218 
542 3829218 
543 3829218 
544 3829218 
545 3829218 
546 3829218 
547 3829218 
548 3829218 
549 3829218 
550 3829218 
551 3829218 
552 3829218 
553 3829218 
554 3829218 
555 3829218 
556 3829218 
557 3829218 
558 3829218 
559 3829218 
560 3829218 
561 3829218 
562 3829218 
563 3829218 
564 3829218 
565 3829218 
566 3829218 
567 3829218 
568 3829218 
569 3829218 
570 3829218 
571 3829218 
572 3829218 
573 3829218 
574 3829218 
575 3829218 
576 3829218 
577 3829218 
578 3829218 
579 3829218 
580 3829218 
581 3829218 
582 3829218 
583 3829218 
584 3829218 
585 3829218 
586 3829218 
587 3829218 
588 3829218 
589 3829218 
590 3829218 
591 3829218 
592 3829218 
593 3829218 
594 3829218 
595 3829218 
596 3829218 
597 3829218 
598 3829218 
599 3829218 
600 3829218 
601 3829218 
602 3829218 
603 3829218 
604 3829218 
605 3829218 
606 3829218 
607 3829218 
608 3829218 
609 3829218 
610 3829218 
611 3829218 
612 3829218 
613 3829218 
614 3829218 
615 3829218 
616 3829218 
617 3829218 
618 3829218 
619 3829218 
620 3829218 
621 3829218 
622 3829218 
623 3829218 
624 3829218 
625 3829218 
626 3829218 
627 3829218 
628 3829218 
629 3829218 
630 3829218 
631 3829218 
632 3829218 
633 3829218 
634 3829218 
635 3829218 
636 3829218 
637 3829218 
638 3829218 
639 3829218 
640 3829218 
641 3829218 
642 3829218 
643 3829218 
644 3829218 
645 3829218 
646 3829218 
647 3829218 
648 3829218 
649 3829218 
650 3829218 
651 3829218 
652 3829218 
653 3829218 
654 3829218 
655 3829218 
656 3829218 
657 3829218 
658 3829218 
659 3829218 
660 3829218 
661 3829218 
662 3829218 
663 3829218 
664 3829218 
665 3829218 
666 3829218 
667 3829218 
668 3829218 
669 3829218 
670 3829218 
671 3829218 
672 3829218 
673 3829218 
674 3829218 
675 3829218 
676 3829218 
677 3829218 
678 3829218 
679 3829218 
680 3829218 
681 3829218 
682 3829218 
683 3829218 
684 3829218 
685 3829218 
686 3829218 
687 3829218 
688 3829218 
689 3829218 
690 3829218 
691 3829218 
692 3829218 
693 3829218 
694 3829218 
695 3829218 
696 3829218 
697 3829218 
698 3829218 
699 3829218 
700 3829218 
701 3829218 
702 3829218 
703 3829218 
704 3829218 
705 3829218 
706 3829218 
707 3829218 
708 3829218 
709 3829218 
710 3829218 
711 3829218 
712 3829218 
713 3829218 
714 3829218 
715 3829218 
716 3829218 
717 3829218 
718 3829218 
719 3829218 
720 3829218 
721 3829218 
722 3829218 
723 3829218 
724 3829218 
725 3829218 
726 3829218 
727 3829218 
728 3829218 
729 3829218 
730 3829218 
731 3829218 
732 3829218 
733 3829218 
734 3829218 
735 3829218 
736 3829218 
737 3829218 
738 3829218 
739 3829218 
740 3829218 
741 3829218 
742 3829218 
743 3829218 
744 3829218 
745 3829218 
746 3829218 
747 3829218 
748 3829218 
749 3829218 
750 3829218 
751 3829218 
752 3829218 
753 3829218 
754 3829218 
755 3829218 
756 3829218 
757 3829218 
758 3829218 
759 3829218 
760 3829218 
761 3829218 
762 3829218 
763 3829218 
764 3829218 
765 3829218 
766 3829218 
767 3829218 
768 3829218 
769 3829218 
770 3829218 
771 3829218 
772 3829218 
773 3829218 
774 3829218 
775 3829218 
776 3829218 
777 3829218 
778 3829218 
779 3829218 
780 3829218 
781 3829218 
782 3829218 
783 3829218 
784 3829218 
785 3829218 
786 3829218 
787 3829218 
788 3829218 
789 3829218 
790 3829218 
791 3829218 
792 3829218 
793 3829218 
794 3829218 
795 3829218 
796 3829218 
797 3829218 
798 3829218 
799 3829218 
800 3829218 
801 3829218 
802 3829218 
803 3829218 
804 3829218 
805 3829218 
806 3829218 
807 3829218 
808 3829218 
809 3829218 
810 3829218 
811 3829218 
812 3829218 
813 3829218 
814 3829218 
815 3829218 
816 3829218 
817 3829218 
818 3829218 
819 3829218 
820 3829218 
821 3829218 
822 3829218 
823 3829218 
824 3829218 
825 3829218 
826 3829218 
827 3829218 
828 3829218 
829 3829218 
830 3829218 
831 3829218 
832 3829218 
833 3829218 
834 3829218 
835 3829218 
836 3829218 
837 3829218 
838 3829218 
839 3829218 
840 3829218 
841 3829218 
842 3829218 
843 3829218 
844 3829218 
845 3829218 
846 3829218 
847 3829218 
848 3829218 
849 3829218 
850 3829218 
851 3829218 
852 3829218 
853 3829218 
854 3829218 
855 3829218 
856 3829218 
857 3829218 
858 3829218 
859 3829218 
860 3829218 
861 3829218 
862 3829218 
863 3829218 
864 3829218 
865 3829218 
866 3829218 
867 3829218 
868 3829218 
869 3829218 
870 3829218 
871 3829218 
872 3829218 
873 3829218 
874 3829218 
875 3829218 
876 3829218 
877 3829218 
878 3829218 
879 3829218 
880 3829218 
881 3829218 
882 3829218 
883 3829218 
884 3829218 
885 3829218 
886 3829218 
887 3829218 
888 3829218 
889 3829218 
890 3829218 
891 3829218 
892 3829218 
893 3829218 
894 3829218 
895 3829218 
896 3829218 
897 3829218 
898 3829218 
899 3829218 
900 3829218 
901 3829218 
902 3829218 
903 3829218 
904 3829218 
905 3829218 
906 3829218 
907 3829218 
908 3829218 
909 3829218 
910 3829218 
911 3829218 
912 3829218 
913 3829218 
914 3829218 
915 3829218 
916 3829218 
917 3829218 
918 3829218 
919 3829218 
920 3829218 
921 3829218 
922 3829218 
923 3829218 
924 3829218 
925 3829218 
926 3829218 
927 3829218 
928 3829218 
929 3829218 
930 3829218 
931 3829218 
932 3829218 
933 3829218 
934 3829218 
935 3829218 
936 3829218 
937 3829218 
938 3829218 
939 3829218 
940 3829218 
941 3829218 
942 3829218 
943 3829218 
944 3829218 
945 3829218 
946 3829218 
947 3829218 
948 3829218 
949 3829218 
950 3829218 
951 3829218 
952 3829218 
953 3829218 
954 3829218 
955 3829218 
956 3829218 
957 3829218 
958 3829218 
959 3829218 
960 3829218 
961 3829218 
962 3829218 
963 3829218 
964 3829218 
965 3829218 
966 3829218 
967 3829218 
968 3829218 
969 3829218 
970 3829218 
971 3829218 
972 3829218 
973 3829218 
974 3829218 
975 3829218 
976 3829218 
977 3829218 
978 3829218 
979 3829218 
980 3829218 
981 3829218 
982 3829218 
983 3829218 
984 3829218 
985 3829218 
986 3829218 
987 3829218 
988 3829218 
989 3829218 
990 3829218 
991 3829218 
992 3829218 
993 3829218 
994 3829218 
995 3829218 
996 3829218 
997 3829218 
998 3829218 
999 3829218 
1000 3829218 
1001 3829218 
1002 3829218 
1003 3829218 
1004 3829218 
1005 3829218 
1006 3829218 
1007 3829218 
1008 3829218 
1009 3829218 
1010 3829218 
1011 3829218 
1012 3829218 
1013 3829218 
1014 3829218 
1015 3829218 
1016 3829218 
1017 3829218 
1018 3829218 
1019 3829218 
1020 3829218 
1021 3829218 
1022 3829218 
1023 3829218 
1024 3829218 
1025 3829218 
1026 3829218 
1027 3829218 
1028 3829218 
1029 3829218 
1030 3829218 
1031 3829218 
1032 3829218 
1033 3829218 
1034 3829218 
1035 3829218 
1036 3829218 
1037 3829218 
1038 3829218 
1039 3829218 
1040 3829218 
1041 3829218 
1042 3829218 
1043 3829218 
1044 3829218 
1045 3829218 
1046 3829218 
1047 3829218 
1048 3829218 
1049 3829218 
1050 3829218 
1051 3829218 
1052 3829218 
1053 3829218 
1054 3829218 
1055 3829218 
1056 3829218 
1057 3829218 
1058 3829218 
1059 3829218 
1060 3829218 
1061 3829218 
1062 3829218 
1063 3829218 
1064 3829218 
1065 3829218 
1066 3829218 
1067 3829218 
1068 3829218 
1069 3829218 
1070 3829218 
1071 3829218 
1072 3829218 
1073 3829218 
1074 3829218 
1075 3829218 
1076 3829218 
1077 3829218 
1078 3829218 
1079 3829218 
1080 3829218 
1081 3829218 
1082 3829218 
1083 3829218 
1084 3829218 
1085 3829218 
1086 3829218 
1087 3829218 
1088 3829218 
1089 3829218 
1090 3829218 
1091 3829218 
1092 3829218 
1093 3829218 
1094 3829218 
1095 3829218 
1096 3829218 
1097 3829218 
1098 3829218 
1099 3829218 
1100 3829218 
1101 3829218 
1102 3829218 
1103 3829218 
1104 3829218 
1105 3829218 
1106 3829218 
1107 3829218 
1108 3829218 
1109 3829218 
1110 3829218 
1111 3829218 
1112 3829218 
1113 3829218 
1114 3829218 
1115 3829218 
1116 3829218 
1117 3829218 
1118 3829218 
1119 3829218 
1120 3829218 
1121 3829218 
1122 3829218 
1123 3829218 
1124 3829218 
1125 3829218 
1126 3829218 
1127 3829218 
1128 3829218 
1129 3829218 
1130 3829218 
1131 3829218 
1132 3829218 
1133 3829218 
1134 3829218 
1135 3829218 
1136 3829218 
1137 3829218 
1138 3829218 
1139 3829218 
1140 3829218 
1141 3829218 
1142 3829218 
1143 3829218 
1144 3829218 
1145 3829218 
1146 3829218 
1147 3829218 
1148 3829218 
1149 3829218 
1150 3829218 
1151 3829218 
1152 3829218 
1153 3829218 
1154 3829218 
1155 3829218 
1156 3829218 
1157 3829218 
1158 3829218 
1159 3829218 
1160 3829218 
1161 3829218 
1162 3829218 
1163 3829218 
1164 3829218 
1165 3829218 
1166 3829218 
1167 3829218 
1168 3829218 
1169 3829218 
1170 3829218 
1171 3829218 
1172 3829218 
1173 3829218 
1174 3829218 
1175 3829218 
1176 3829218 
1177 3829218 
1178 3829218 
1179 3829218 
1180 3829218 
1181 3829218 
1182 3829218 
1183 3829218 
1184 3829218 
1185 3829218 
1186 3829218 
1187 3829218 
1188 3829218 
1189 3829218 
1190 3829218 
1191 3829218 
1192 3829218 
1193 3829218 
1194 3829218 
1195 3829218 
1196 3829218 
1197 3829218 
1198 3829218 
1199 3829218 
1200 3829218 
1201 3829218 
1202 3829218 
1203 3829218 
1204 3829218 
1205 3829218 
1206 3829218 
1207 3829218 
1208 3829218 
1209 3829218 
1210 3829218 
1211 3829218 
1212 3829218 
1213 3829218 
1214 3829218 
1215 3829218 
1216 3829218 
1217 3829218 
1218 3829218 
1219 3829218 
1220 3829218 
1221 3829218 
1222 3829218 
1223 3829218 
1224 3829218 
1225 3829218 
1226 3829218 
1227 3829218 
1228 3829218 
1229 3829218 
1230 3829218 
1231 3829218 
1232 3829218 
1233 3829218 
1234 3829218 
1235 3829218 
1236 3829218 
1237 3829218 
1238 3829218 
1239 3829218 
1240 3829218 
1241 3829218 
1242 3829218 
1243 3829218 
1244 3829218 
1245 3829218 
1246 3829218 
1247 3829218 
1248 3829218 
1249 3829218 
1250 3829218 
1251 3829218 
1252 3829218 
1253 3829218 
1254 3829218 
1255 3829218 
1256 3829218 
1257 3829218 
1258 3829218 
1259 3829218 
1260 3829218 
1261 3829218 
1262 3829218 
1263 3829218 
1264 3829218 
1265 3829218 
1266 3829218 
1267 3829218 
1268 3829218 
1269 3829218 
1270 3829218 
1271 3829218 
1272 3829218 
1273 3829218 
1274 3829218 
1275 3829218 
1276 3829218 
1277 3829218 
1278 3829218 
1279 3829218 
1280 3829218 
1281 3829218 
1282 3829218 
1283 3829218 
1284 3829218 
1285 3829218 
1286 3829218 
1287 3829218 
1288 3829218 
1289 3829218 
1290 3829218 
1291 3829218 
1292 3829218 
1293 3829218 
1294 3829218 
1295 3829218 
1296 3829218 
1297 3829218 
1298 3829218 
1299 3829218 
1300 3829218 
1301 3829218 
1302 3829218 
1303 3829218 
1304 3829218 
1305 3829218 
1306 3829218 
1307 3829218 
1308 3829218 
1309 3829218 
1310 3829218 
1311 3829218 
1312 3829218 
1313 3829218 
1314 3829218 
1315 3829218 
1316 3829218 
1317 3829218 
1318 3829218 
1319 3829218 
1320 3829218 
1321 3829218 
1322 3829218 
1323 3829218 
1324 3829218 
1325 3829218 
1326 3829218 
1327 3829218 
1328 3829218 
1329 3829218 
1330 3829218 
1331 3829218 
1332 3829218 
1333 3829218 
1334 3829218 
1335 3829218 
1336 3829218 
1337 3829218 
1338 3829218 
1339 3829218 
1340 3829218 
1341 3829218 
1342 3829218 
1343 3829218 
1344 3829218 
1345 3829218 
1346 3829218 
1347 3829218 
1348 3829218 
1349 3829218 
1350 3829218 
1351 3829218 
1352 3829218 
1353 3829218 
1354 3829218 
1355 3829218 
1356 3829218 
1357 3829218 
1358 3829218 
1359 3829218 
1360 3829218 
1361 3829218 
1362 3829218 
1363 3829218 
1364 3829218 
1365 3829218 
1366 3829218 
1367 3829218 
1368 3829218 
1369 3829218 
1370 3829218 
1371 3829218 
1372 3829218 
1373 3829218 
1374 3829218 
1375 3829218 
1376 3829218 
1377 3829218 
1378 3829218 
1379 3829218 
1380 3829218 
1381 3829218 
1382 3829218 
1383 3829218 
1384 3829218 
1385 3829218 
1386 3829218 
1387 3829218 
1388 3829218 
1389 3829218 
1390 3829218 
1391 3829218 
1392 3829218 
1393 3829218 
1394 3829218 
1395 3829218 
1396 3829218 
1397 3829218 
1398 3829218 
1399 3829218 
1400 3829218 
1401 3829218 
1402 3829218 
1403 3829218 
1404 3829218 
1405 3829218 
1406 3829218 
1407 3829218 
1408 3829218 
1409 3829218 
1410 3829218 
1411 3829218 
1412 3829218 
1413 3829218 
1414 3829218 
1415 3829218 
1416 3829218 
1417 3829218 
1418 3829218 
1419 3829218 
1420 3829218 
1421 3829218 
1422 3829218 
1423 3829218 
1424 3829218 
1425 3829218 
1426 3829218 
1427 3829218 
1428 3829218 
1429 3829218 
1430 3829218 
1431 3829218 
1432 3829218 
1433 3829218 
1434 3829218 
1435 3829218 
1436 3829218 
1437 3829218 
1438 3829218 
1439 3829218 
1440 3829218 
1441 3829218 
1442 3829218 
1443 3829218 
1444 3829218 
1445 3829218 
1446 3829218 
1447 3829218 
1448 3829218 
1449 3829218 
1450 3829218 
1451 3829218 
1452 3829218 
1453 3829218 
1454 3829218 
1455 3829218 
1456 3829218 
1457 3829218 
1458 3829218 
1459 3829218 
1460 3829218 
1461 3829218 
1462 3829218 
1463 3829218 
1464 3829218 
1465 3829218 
1466 3829218 
1467 3829218 
1468 3829218 
1469 3829218 
1470 3829218 
1471 3829218 
1472 3829218 
1473 3829218 
1474 3829218 
1475 3829218 
1476 3829218 
1477 3829218 
1478 3829218 
1479 3829218 
1480 3829218 
1481 3829218 
1482 3829218 
1483 3829218 
1484 3829218 
1485 3829218 
1486 3829218 
1487 3829218 
1488 3829218 
1489 3829218 
1490 3829218 
1491 3829218 
1492 3829218 
1493 3829218 
1494 3829218 
1495 3829218 
1496 3829218 
1497 3829218 
1498 3829218 
1499 3829218 
1500 3829218 
1501 3829218 
1502 3829218 
1503 3829218 
1504 3829218 
1505 3829218 
1506 3829218 
1507 3829218 
1508 3829218 
1509 3829218 
1510 3829218 
1511 3829218 
1512 3829218 
1513 3829218 
1514 3829218 
1515 3829218 
1516 3829218 
1517 3829218 
1518 3829218 
1519 3829218 
1520 3829218 
1521 3829218 
1522 3829218 
1523 3829218 
1524 3829218 
1525 3829218 
1526 3829218 
1527 3829218 
1528 3829218 
1529 3829218 
1530 3829218 
1531 3829218 
1532 3829218 
1533 3829218 
1534 3829218 
1535 3829218 
1536 3829218 
1537 3829218 
1538 3829218 
1539 3829218 
1540 3829218 
1541 3829218 
1542 3829218 
1543 3829218 
1544 3829218 
1545 3829218 
1546 3829218 
1547 3829218 
1548 3829218 
1549 3829218 
1550 3829218 
1551 3829218 
1552 3829218 
1553 3829218 
1554 3829218 
1555 3829218 
1556 3829218 
1557 3829218 
1558 3829218 
1559 3829218 
1560 3829218 
1561 3829218 
1562 3829218 
1563 3829218 
1564 3829218 
1565 3829218 
1566 3829218 
1567 3829218 
1568 3829218 
1569 3829218 
1570 3829218 
1571 3829218 
1572 3829218 
1573 3829218 
1574 3829218 
1575 3829218 
1576 3829218 
1577 3829218 
1578 3829218 
1579 3829218 
1580 3829218 
1581 3829218 
1582 3829218 
1583 3829218 
1584 3829218 
1585 3829218 
1586 3829218 
1587 3829218 
1588 3829218 
1589 3829218 
1590 3829218 
1591 3829218 
1592 3829218 
1593 3829218 
1594 3829218 
1595 3829218 
1596 3829218 
1597 3829218 
1598 3829218 
1599 3829218 
1600 3829218 
1601 3829218 
1602 3829218 
1603 3829218 
1604 3829218 
1605 3829218 
1606 3829218 
1607 3829218 
1608 3829218 
1609 3829218 
1610 3829218 
1611 3829218 
1612 3829218 
1613 3829218 
1614 3829218 
1615 3829218 
1616 3829218 
1617 3829218 
1618 3829218 
1619 3829218 
1620 3829218 
1621 3829218 
1622 3829218 
1623 3829218 
1624 3829218 
1625 3829218 
1626 3829218 
1627 3829218 
1628 3829218 
1629 3829218 
1630 3829218 
1631 3829218 
1632 3829218 
1633 3829218 
1634 3829218 
1635 3829218 
1636 3829218 
1637 3829218 
1638 3829218 
1639 3829218 
1640 3829218 
1641 3829218 
1642 3829218 
1643 3829218 
1644 3829218 
1645 3829218 
1646 3829218 
1647 3829218 
1648 3829218 
1649 3829218 
1650 3829218 
1651 3829218 
1652 3829218 
1653 3829218 
1654 3829218 
1655 3829218 
1656 3829218 
1657 3829218 
1658 3829218 
1659 3829218 
1660 3829218 
1661 3829218 
1662 3829218 
1663 3829218 
1664 3829218 
1665 3829218 
1666 3829218 
1667 3829218 
1668 3829218 
1669 3829218 
1670 3829218 
1671 3829218 
1672 3829218 
1673 3829218 
1674 3829218 
1675 3829218 
1676 3829218 
1677 3829218 
1678 3829218 
1679 3829218 
1680 3829218 
1681 3829218 
1682 3829218 
1683 3829218 
1684 3829218 
1685 3829218 
1686 3829218 
1687 3829218 
1688 3829218 
1689 3829218 
1690 3829218 
1691 3829218 
1692 3829218 
1693 3829218 
1694 3829218 
1695 3829218 
1696 3829218 
1697 3829218 
1698 3829218 
1699 3829218 
1700 3829218 
1701 3829218 
1702 3829218 
1703 3829218 
1704 3829218 
1705 3829218 
1706 3829218 
1707 3829218 
1708 3829218 
1709 3829218 
1710 3829218 
1711 3829218 
1712 3829218 
1713 3829218 
1714 3829218 
1715 3829218 
1716 3829218 
1717 3829218 
1718 3829218 
1719 3829218 
1720 3829218 
1721 3829218 
1722 3829218 
1723 3829218 
1724 3829218 
1725 3829218 
1726 3829218 
1727 3829218 
1728 3829218 
1729 3829218 
1730 3829218 
1731 3829218 
1732 3829218 
1733 3829218 
1734 3829218 
1735 3829218 
1736 3829218 
1737 3829218 
1738 3829218 
1739 3829218 
1740 3829218 
1741 3829218 
1742 3829218 
1743 3829218 
1744 3829218 
1745 3829218 
1746 3829218 
1747 3829218 
1748 3829218 
1749 3829218 
1750 3829218 
1751 3829218 
1752 3829218 
1753 3829218 
1754 3829218 
1755 3829218 
1756 3829218 
1757 3829218 
1758 3829218 
1759 3829218 
1760 3829218 
1761 3829218 
1762 3829218 
1763 3829218 
1764 3829218 
1765 3829218 
1766 3829218 
1767 3829218 
1768 3829218 
1769 3829218 
1770 3829218 
1771 3829218 
1772 3829218 
1773 3829218 
1774 3829218 
1775 3829218 
1776 3829218 
1777 3829218 
1778 3829218 
1779 3829218 
1780 3829218 
1781 3829218 
1782 3829218 
1783 3829218 
1784 3829218 
1785 3829218 
1786 3829218 
1787 3829218 
1788 3829218 
1789 3829218 
1790 3829218 
1791 3829218 
1792 3829218 
1793 3829218 
1794 3829218 
1795 3829218 
1796 3829218 
1797 3829218 
1798 3829218 
1799 3829218 
1800 3829218 
1801 3829218 
1802 3829218 
1803 3829218 
1804 3829218 
1805 3829218 
1806 3829218 
1807 3829218 
1808 3829218 
1809 3829218 
1810 3829218 
1811 3829218 
1812 3829218 
1813 3829218 
1814 3829218 
1815 3829218 
1816 3829218 
1817 3829218 
1818 3829218 
1819 3829218 
1820 3829218 
1821 3829218 
1822 3829218 
1823 3829218 
1824 3829218 
1825 3829218 
1826 3829218 
1827 3829218 
1828 3829218 
1829 3829218 
1830 3829218 
1831 3829218 
1832 3829218 
1833 3829218 
1834 3829218 
1835 3829218 
1836 3829218 
1837 3829218 
1838 3829218 
1839 3829218 
1840 3829218 
1841 3829218 
1842 3829218 
1843 3829218 
1844 3829218 
1845 3829218 
1846 3829218 
1847 3829218 
1848 3829218 
1849 3829218 
1850 3829218 
1851 3829218 
1852 3829218 
1853 3829218 
1854 3829218 
1855 3829218 
1856 3829218 
1857 3829218 
1858 3829218 
1859 3829218 
1860 3829218 
1861 3829218 
1862 3829218 
1863 3829218 
1864 3829218 
1865 3829218 
1866 3829218 
1867 3829218 
1868 3829218 
1869 3829218 
1870 3829218 
1871 3829218 
1872 3829218 
1873 3829218 
1874 3829218 
1875 3829218 
1876 3829218 
1877 3829218 
1878 3829218 
1879 3829218 
1880 3829218 
1881 3829218 
1882 3829218 
1883 3829218 
1884 3829218 
1885 3829218 
1886 3829218 
1887 3829218 
1888 3829218 
1889 3829218 
1890 3829218 
1891 3829218 
1892 3829218 
1893 3829218 
1894 3829218 
1895 3829218 
1896 3829218 
1897 3829218 
1898 3829218 
1899 3829218 
1900 3829218 
1901 3829218 
1902 3829218 
1903 3829218 
1904 3829218 
1905 3829218 
1906 3829218 
1907 3829218 
1908 3829218 
1909 3829218 
1910 3829218 
1911 3829218 
1912 3829218 
1913 3829218 
1914 3829218 
1915 3829218 
1916 3829218 
1917 3829218 
1918 3829218 
1919 3829218 
1920 3829218 
1921 3829218 
1922 3829218 
1923 3829218 
1924 3829218 
1925 3829218 
1926 3829218 
1927 3829218 
1928 3829218 
1929 3829218 
1930 3829218 
1931 3829218 
1932 3829218 
1933 3829218 
1934 3829218 
1935 3829218 
1936 3829218 
1937 3829218 
1938 3829218 
1939 3829218 
1940 3829218 
1941 3829218 
1942 3829218 
1943 3829218 
1944 3829218 
1945 3829218 
1946 3829218 
1947 3829218 
1948 3829218 
1949 3829218 
1950 3829218 
1951 3829218 
1952 3829218 
1953 3829218 
1954 3829218 
1955 3829218 
1956 3829218 
1957 3829218 
1958 3829218 
1959 3829218 
1960 3829218 
1961 3829218 
1962 3829218 
1963 3829218 
1964 3829218 
1965 3829218 
1966 3829218 
1967 3829218 
1968 3829218 
1969 3829218 
1970 3829218 
1971 3829218 
1972 3829218 
1973 3829218 
1974 3829218 
1975 3829218 
1976 3829218 
1977 3829218 
1978 3829218 
1979 3829218 
1980 3829218 
1981 3829218 
1982 3829218 
1983 3829218 
1984 3829218 
1985 3829218 
1986 3829218 
1987 3829218 
1988 3829218 
1989 3829218 
1990 3829218 
1991 3829218 
1992 3829218 
1993 3829218 
1994 3829218 
1995 3829218 
1996 3829218 
1997 3829218 
1998 3829218 
1999 3829218 
2000 3829218 
2001 3829218 
2002 3829218 
2003 3829218 
2004 3829218 
2005 3829218 
2006 3829218 
2007 3829218 
2008 3829218 
2009 3829218 
2010 3829218 
2011 3829218 
2012 3829218 
2013 3829218 
2014 3829218 
2015 3829218 
2016 3829218 
2017 3829218 
2018 3829218 
2019 3829218 
2020 3829218 
2021 3829218 
2022 3829218 
2023 3829218 
2024 3829218 
2025 3829218 
2026 3829218 
2027 3829218 
2028 3829218 
2029 3829218 
2030 3829218 
2031 3829218 
2032 3829218 
2033 3829218 
2034 3829218 
2035 3829218 
2036 3829218 
2037 3829218 
2038 3829218 
2039 3829218 
2040 3829218 
2041 3829218 
2042 3829218 
2043 3829218 
2044 3829218 
2045 3829218 
2046 3829218 
2047 3829218 
2048 3829218 
2049 3829218 
2050 3829218 
2051 3829218 
2052 3829218 
2053 3829218 
2054 3829218 
2055 3829218 
2056 3829218 
2057 3829218 
2058 3829218 
2059 3829218 
2060 3829218 
2061 3829218 
2062 3829218 
2063 3829218 
2064 3829218 
2065 3829218 
2066 3829218 
2067 3829218 
2068 3829218 
2069 3829218 
2070 3829218 
2071 3829218 
2072 3829218 
2073 3829218 
2074 3829218 
2075 3829218 
2076 3829218 
2077 3829218 
2078 3829218 
2079 3829218 
2080 3829218 
2081 3829218 
2082 3829218 
2083 3829218 
2084 3829218 
2085 3829218 
2086 3829218 
2087 3829218 
2088 3829218 
2089 3829218 
2090 3829218 
2091 3829218 
2092 3829218 
2093 3829218 
2094 3829218 
2095 3829218 
2096 3829218 
2097 3829218 
2098 3829218 
2099 3829218 
2100 3829218 
2101 3829218 
2102 3829218 
2103 3829218 
2104 3829218 
2105 3829218 
2106 3829218 
2107 3829218 
2108 3829218 
2109 3829218 
2110 3829218 
2111 3829218 
2112 3829218 
2113 3829218 
2114 3829218 
2115 3829218 
2116 3829218 
2117 3829218 
2118 3829218 
2119 3829218 
2120 3829218 
2121 3829218 
2122 3829218 
2123 3829218 
2124 3829218 
2125 3829218 
2126 3829218 
2127 3829218 
2128 3829218 
2129 3829218 
2130 3829218 
2131 3829218 
2132 3829218 
2133 3829218 
2134 3829218 
2135 3829218 
2136 3829218 
2137 3829218 
2138 3829218 
2139 3829218 
2140 3829218 
2141 3829218 
2142 3829218 
2143 3829218 
2144 3829218 
2145 3829218 
2146 3829218 
2147 3829218 
2148 3829218 
2149 3829218 
2150 3829218 
2151 3829218 
2152 3829218 
2153 3829218 
2154 3829218 
2155 3829218 
2156 3829218 
2157 3829218 
2158 3829218 
2159 3829218 
2160 3829218 
2161 3829218 
2162 3829218 
2163 3829218 
2164 3829218 
2165 3829218 
2166 3829218 
2167 3829218 
2168 3829218 
2169 3829218 
2170 3829218 
2171 3829218 
2172 3829218 
2173 3829218 
2174 3829218 
2175 3829218 
2176 3829218 
2177 3829218 
2178 3829218 
2179 3829218 
2180 3829218 
2181 3829218 
2182 3829218 
2183 3829218 
2184 3829218 
2185 3829218 
2186 3829218 
2187 3829218 
2188 3829218 
2189 3829218 
2190 3829218 
2191 3829218 
2192 3829218 
2193 3829218 
2194 3829218 
2195 3829218 
2196 3829218 
2197 3829218 
2198 3829218 
2199 3829218 
2200 3829218 
2201 3829218 
2202 3829218 
2203 3829218 
2204 3829218 
2205 3829218 
2206 3829218 
2207 3829218 
2208 3829218 
2209 3829218 
2210 3829218 
2211 3829218 
2212 3829218 
2213 3829218 
2214 3829218 
2215 3829218 
2216 3829218 
2217 3829218 
2218 3829218 
2219 3829218 
2220 3829218 
2221 3829218 
2222 3829218 
2223 3829218 
2224 3829218 
2225 3829218 
2226 3829218 
2227 3829218 
2228 3829218 
2229 3829218 
2230 3829218 
2231 3829218 
2232 3829218 
2233 3829218 
2234 3829218 
2235 3829218 
2236 3829218 
2237 3829218 
2238 3829218 
2239 3829218 
2240 3829218 
2241 3829218 
2242 3829218 
2243 3829218 
2244 3829218 
2245 3829218 
2246 3829218 
2247 3829218 
2248 3829218 
2249 3829218 
2250 3829218 
2251 3829218 
2252 3829218 
2253 3829218 
2254 3829218 
2255 3829218 
2256 3829218 
2257 3829218 
2258 3829218 
2259 3829218 
2260 3829218 
2261 3829218 
2262 3829218 
2263 3829218 
2264 3829218 
2265 3829218 
2266 3829218 
2267 3829218 
2268 3829218 
2269 3829218 
2270 3829218 
2271 3829218 
2272 3829218 
2273 3829218 
2274 3829218 
2275 3829218 
2276 3829218 
2277 3829218 
2278 3829218 
2279 3829218 
2280 3829218 
2281 3829218 
2282 3829218 
2283 3829218 
2284 3829218 
2285 3829218 
2286 3829218 
2287 3829218 
2288 3829218 
2289 3829218 
2290 3829218 
2291 3829218 
2292 3829218 
2293 3829218 
2294 3829218 
2295 3829218 
2296 3829218 
2297 3829218 
2298 3829218 
2299 3829218 
2300 3829218 
2301 3829218 
2302 3829218 
2303 3829218 
2304 3829218 
2305 3829218 
2306 3829218 
2307 3829218 
2308 3829218 
2309 3829218 
2310 3829218 
2311 3829218 
2312 3829218 
2313 3829218 
2314 3829218 
2315 3829218 
2316 3829218 
2317 3829218 
2318 3829218 
2319 3829218 
2320 3829218 
2321 3829218 
2322 3829218 
2323 3829218 
2324 3829218 
2325 3829218 
2326 3829218 
2327 3829218 
2328 3829218 
2329 3829218 
2330 3829218 
2331 3829218 
2332 3829218 
2333 3829218 
2334 3829218 
2335 3829218 
2336 3829218 
2337 3829218 
2338 3829218 
2339 3829218 
2340 3829218 
2341 3829218 
2342 3829218 
2343 3829218 
2344 3829218 
2345 3829218 
2346 3829218 
2347 3829218 
2348 3829218 
2349 3829218 
2350 3829218 
2351 3829218 
2352 3829218 
2353 3829218 
2354 3829218 
2355 3829218 
2356 3829218 
2357 3829218 
2358 3829218 
2359 3829218 
2360 3829218 
2361 3829218 
2362 3829218 
2363 3829218 
2364 3829218 
2365 3829218 
2366 3829218 
2367 3829218 
2368 3829218 
2369 3829218 
2370 3829218 
2371 3829218 
2372 3829218 
2373 3829218 
2374 3829218 
2375 3829218 
2376 3829218 
2377 3829218 
2378 3829218 
2379 3829218 
2380 3829218 
2381 3829218 
2382 3829218 
2383 3829218 
2384 3829218 
2385 3829218 
2386 3829218 
2387 3829218 
2388 3829218 
2389 3829218 
2390 3829218 
2391 3829218 
2392 3829218 
2393 3829218 
2394 3829218 
2395 3829218 
2396 3829218 
2397 3829218 
2398 3829218 
2399 3829218 
2400 3829218 
2401 3829218 
2402 3829218 
2403 3829218 
2404 3829218 
2405 3829218 
2406 3829218 
2407 3829218 
2408 3829218 
2409 3829218 
2410 3829218 
2411 3829218 
2412 3829218 
2413 3829218 
2414 3829218 
2415 3829218 
2416 3829218 
2417 3829218 
2418 3829218 
2419 3829218 
2420 3829218 
2421 3829218 
2422 3829218 
2423 3829218 
2424 3829218 
2425 3829218 
2426 3829218 
2427 3829218 
2428 3829218 
2429 3829218 
2430 3829218 
2431 3829218 
2432 3829218 
2433 3829218 
2434 3829218 
2435 3829218 
2436 3829218 
2437 3829218 
2438 3829218 
2439 3829218 
2440 3829218 
2441 3829218 
2442 3829218 
2443 3829218 
2444 3829218 
2445 3829218 
2446 3829218 
2447 3829218 
2448 3829218 
2449 3829218 
2450 3829218 
2451 3829218 
2452 3829218 
2453 3829218 
2454 3829218 
2455 3829218 
2456 3829218 
2457 3829218 
2458 3829218 
2459 3829218 
2460 3829218 
2461 3829218 
2462 3829218 
2463 3829218 
2464 3829218 
2465 3829218 
2466 3829218 
2467 3829218 
2468 3829218 
2469 3829218 
2470 3829218 
2471 3829218 
2472 3829218 
2473 3829218 
2474 3829218 
2475 3829218 
2476 3829218 
2477 3829218 
2478 3829218 
2479 3829218 
2480 3829218 
2481 3829218 
2482 3829218 
2483 3829218 
2484 3829218 
2485 3829218 
2486 3829218 
2487 3829218 
2488 3829218 
2489 3829218 
2490 3829218 
2491 3829218 
2492 3829218 
2493 3829218 
2494 3829218 
2495 3829218 
2496 3829218 
2497 3829218 
2498 3829218 
2499 3829218 
2500 3829218 
2501 3829218 
2502 3829218 
2503 3829218 
2504 3829218 
2505 3829218 
2506 3829218 
2507 3829218 
2508 3829218 
2509 3829218 
2510 3829218 
2511 3829218 
2512 3829218 
2513 3829218 
2514 3829218 
2515 3829218 
2516 3829218 
2517 3829218 
2518 3829218 
2519 3829218 
2520 3829218 
2521 3829218 
2522 3829218 
2523 3829218 
2524 3829218 
2525 3829218 
2526 3829218 
2527 3829218 
2528 3829218 
2529 3829218 
2530 3829218 
2531 3829218 
2532 3829218 
2533 3829218 
2534 3829218 
2535 3829218 
2536 3829218 
2537 3829218 
2538 3829218 
2539 3829218 
2540 3829218 
2541 3829218 
2542 3829218 
2543 3829218 
2544 3829218 
2545 3829218 
2546 3829218 
2547 3829218 
2548 3829218 
2549 3829218 
2550 3829218 
2551 3829218 
2552 3829218 
2553 3829218 
2554 3829218 
2555 3829218 
2556 3829218 
2557 3829218 
2558 3829218 
2559 3829218 
2560 3829218 
2561 3829218 
2562 3829218 
2563 3829218 
2564 3829218 
2565 3829218 
2566 3829218 
2567 3829218 
2568 3829218 
2569 3829218 
2570 3829218 
2571 3829218 
2572 3829218 
2573 3829218 
2574 3829218 
2575 3829218 
2576 3829218 
2577 3829218 
2578 3829218 
2579 3829218 
2580 3829218 
2581 3829218 
2582 3829218 
2583 3829218 
2584 3829218 
2585 3829218 
2586 3829218 
2587 3829218 
2588 3829218 
2589 3829218 
2590 3829218 
2591 3829218 
2592 3829218 
2593 3829218 
2594 3829218 
2595 3829218 
2596 3829218 
2597 3829218 
2598 3829218 
2599 3829218 
2600 3829218 
2601 3829218 
2602 3829218 
2603 3829218 
2604 3829218 
2605 3829218 
2606 3829218 
2607 3829218 
2608 3829218 
2609 3829218 
2610 3829218 
2611 3829218 
2612 3829218 
2613 3829218 
2614 3829218 
2615 3829218 
2616 3829218 
2617 3829218 
2618 3829218 
2619 3829218 
2620 3829218 
2621 3829218 
2622 3829218 
2623 3829218 
2624 3829218 
2625 3829218 
2626 3829218 
2627 3829218 
2628 3829218 
2629 3829218 
2630 3829218 
2631 3829218 
2632 3829218 
2633 3829218 
2634 3829218 
2635 3829218 
2636 3829218 
2637 3829218 
2638 3829218 
2639 3829218 
2640 3829218 
2641 3829218 
2642 3829218 
2643 3829218 
2644 3829218 
2645 3829218 
2646 3829218 
2647 3829218 
2648 3829218 
2649 3829218 
2650 3829218 
2651 3829218 
2652 3829218 
2653 3829218 
2654 3829218 
2655 3829218 
2656 3829218 
2657 3829218 
2658 3829218 
2659 3829218 
2660 3829218 
2661 3829218 
2662 3829218 
2663 3829218 
2664 3829218 
2665 3829218 
2666 3829218 
2667 3829218 
2668 3829218 
2669 3829218 
2670 3829218 
2671 3829218 
2672 3829218 
2673 3829218 
2674 3829218 
2675 3829218 
2676 3829218 
2677 3829218 
2678 3829218 
2679 3829218 
2680 3829218 
2681 3829218 
2682 3829218 
2683 3829218 
2684 3829218 
2685 3829218 
2686 3829218 
2687 3829218 
2688 3829218 
2689 3829218 
2690 3829218 
2691 3829218 
2692 3829218 
2693 3829218 
2694 3829218 
2695 3829218 
2696 3829218 
2697 3829218 
2698 3829218 
2699 3829218 
2700 3829218 
2701 3829218 
2702 3829218 
2703 3829218 
2704 3829218 
2705 3829218 
2706 3829218 
2707 3829218 
2708 3829218 
2709 3829218 
2710 3829218 
2711 3829218 
2712 3829218 
2713 3829218 
2714 3829218 
2715 3829218 
2716 3829218 
2717 3829218 
2718 3829218 
2719 3829218 
2720 3829218 
2721 3829218 
2722 3829218 
2723 3829218 
2724 3829218 
2725 3829218 
2726 3829218 
2727 3829218 
2728 3829218 
2729 3829218 
2730 3829218 
2731 3829218 
2732 3829218 
2733 3829218 
2734 3829218 
2735 3829218 
2736 3829218 
2737 3829218 
2738 3829218 
2739 3829218 
2740 3829218 
2741 3829218 
2742 3829218 
2743 3829218 
2744 3829218 
2745 3829218 
2746 3829218 
2747 3829218 
2748 3829218 
2749 3829218 
2750 3829218 
2751 3829218 
2752 3829218 
2753 3829218 
2754 3829218 
2755 3829218 
2756 3829218 
2757 3829218 
2758 3829218 
2759 3829218 
2760 3829218 
2761 3829218 
2762 3829218 
2763 3829218 
2764 3829218 
2765 3829218 
2766 3829218 
2767 3829218 
2768 3829218 
2769 3829218 
2770 3829218 
2771 3829218 
2772 3829218 
2773 3829218 
2774 3829218 
2775 3829218 
2776 3829218 
2777 3829218 
2778 3829218 
2779 3829218 
2780 3829218 
2781 3829218 
2782 3829218 
2783 3829218 
2784 3829218 
2785 3829218 
2786 3829218 
2787 3829218 
2788 3829218 
2789 3829218 
2790 3829218 
2791 3829218 
2792 3829218 
2793 3829218 
2794 3829218 
2795 3829218 
2796 3829218 
2797 3829218 
2798 3829218 
2799 3829218 
2800 3829218 
2801 3829218 
2802 3829218 
2803 3829218 
2804 3829218 
2805 3829218 
2806 3829218 
2807 3829218 
2808 3829218 
2809 3829218 
2810 3829218 
2811 3829218 
2812 3829218 
2813 3829218 
2814 3829218 
2815 3829218 
2816 3829218 
2817 3829218 
2818 3829218 
2819 3829218 
2820 3829218 
2821 3829218 
2822 3829218 
2823 3829218 
2824 3829218 
2825 3829218 
2826 3829218 
2827 3829218 
2828 3829218 
2829 3829218 
2830 3829218 
2831 3829218 
2832 3829218 
2833 3829218 
2834 3829218 
2835 3829218 
2836 3829218 
2837 3829218 
2838 3829218 
2839 3829218 
2840 3829218 
2841 3829218 
2842 3829218 
2843 3829218 
2844 3829218 
2845 3829218 
2846 3829218 
2847 3829218 
2848 3829218 
2849 3829218 
2850 3829218 
2851 3829218 
2852 3829218 
2853 3829218 
2854 3829218 
2855 3829218 
2856 3829218 
2857 3829218 
2858 3829218 
2859 3829218 
2860 3829218 
2861 3829218 
2862 3829218 
2863 3829218 
2864 3829218 
2865 3829218 
2866 3829218 
2867 3829218 
2868 3829218 
2869 3829218 
2870 3829218 
2871 3829218 
2872 3829218 
2873 3829218 
2874 3829218 
2875 3829218 
2876 3829218 
2877 3829218 
2878 3829218 
2879 3829218 
2880 3829218 
2881 3829218 
2882 3829218 
2883 3829218 
2884 3829218 
2885 3829218 
2886 3829218 
2887 3829218 
2888 3829218 
2889 3829218 
2890 3829218 
2891 3829218 
2892 3829218 
2893 3829218 
2894 3829218 
2895 3829218 
2896 3829218 
2897 3829218 
2898 3829218 
2899 3829218 
2900 3829218 
2901 3829218 
2902 3829218 
2903 3829218 
2904 3829218 
2905 3829218 
2906 3829218 
2907 3829218 
2908 3829218 
2909 3829218 
2910 3829218 
2911 3829218 
2912 3829218 
2913 3829218 
2914 3829218 
2915 3829218 
2916 3829218 
2917 3829218 
2918 3829218 
2919 3829218 
2920 3829218 
2921 3829218 
2922 3829218 
2923 3829218 
2924 3829218 
2925 3829218 
2926 3829218 
2927 3829218 
2928 3829218 
2929 3829218 
2930 3829218 
2931 3829218 
2932 3829218 
2933 3829218 
2934 3829218 
2935 3829218 
2936 3829218 
2937 3829218 
2938 3829218 
2939 3829218 
2940 3829218 
2941 3829218 
2942 3829218 
2943 3829218 
2944 3829218 
2945 3829218 
2946 3829218 

