0 11193324 
1 11184582 
2 10977834 
3 10977724 
4 10976691 
5 10965175 
6 10964010 
7 10952516 
8 10936938 
9 10863801 
10 10861847 
11 10861203 
12 10861134 
13 10860260 
14 10860056 
15 10855626 
16 10855518 
17 10855303 
18 10849382 
19 10846890 
20 10846876 
21 10846236 
22 10843140 
23 10809226 
24 10806282 
25 10796825 
26 10795391 
27 10792177 
28 10790801 
29 10790801 
30 10789139 
31 10789062 
32 10788782 
33 10788412 
34 10786526 
35 10786526 
36 10786368 
37 10756982 
38 10756974 
39 10750742 
40 10750414 
41 10748321 
42 10747215 
43 10744961 
44 10744896 
45 10740671 
46 10740661 
47 10740587 
48 10740234 
49 10739912 
50 10739068 
51 10736965 
52 10734389 
53 10732895 
54 10732575 
55 10732375 
56 10730781 
57 10730369 
58 10729284 
59 10729271 
60 10729166 
61 10729038 
62 10719865 
63 10719702 
64 10719544 
65 10717246 
66 10715710 
67 10713656 
68 10686551 
69 10685103 
70 10680140 
71 10674930 
72 10674363 
73 10673826 
74 10672284 
75 10657374 
76 10654425 
77 10653818 
78 10652703 
79 10648831 
80 10645524 
81 10640912 
82 10636419 
83 10635934 
84 10634794 
85 10626770 
86 10626450 
87 10625388 
88 10625360 
89 10623870 
90 10623467 
91 10623265 
92 10618637 
93 10600592 
94 10600519 
95 10599585 
96 10588461 
97 10587870 
98 10587856 
99 10586294 
100 10579041 
101 10577806 
102 10573293 
103 10572890 
104 10570569 
105 10569811 
106 10568940 
107 10567685 
108 10567578 
109 10566015 
110 10564517 
111 10563965 
112 10558444 
113 10546558 
114 10545274 
115 10531900 
116 10528176 
117 10528079 
118 10528049 
119 10527755 
120 10523713 
121 10523494 
122 10522728 
123 10515987 
124 10514636 
125 10514610 
126 10514380 
127 10514028 
128 10512388 
129 10511520 
130 10510551 
131 10510367 
132 10510272 
133 10509061 
134 10508996 
135 10508836 
136 10506992 
137 10503382 
138 10482002 
139 10479153 
140 10478865 
141 10478685 
142 10478461 
143 10477102 
144 10475168 
145 10473157 
146 10472009 
147 10471759 
148 10469897 
149 10469682 
150 10467030 
151 10464043 
152 10462719 
153 10462652 
154 10462387 
155 10462234 
156 10459051 
157 10458800 
158 10455224 
159 10448997 
160 10448819 
161 10448056 
162 10439380 
163 10438594 
164 10438304 
165 10436632 
166 10432868 
167 10432005 
168 10431974 
169 10431585 
170 10424840 
171 10416750 
172 10413790 
173 10412924 
174 10412692 
175 10412641 
176 10412544 
177 10412045 
178 10411497 
179 10410403 
180 10410380 
181 10410162 
182 10408839 
183 10408725 
184 10407381 
185 10407381 
186 10407271 
187 10407251 
188 10386613 
189 10385876 
190 10384323 
191 10384118 
192 10380478 
193 10367743 
194 10367604 
195 10366966 
196 10366931 
197 10366043 
198 10363544 
199 10362359 
200 10360812 
201 10360476 
202 10360250 
203 10360227 
204 10356220 
205 10355889 
206 10352049 
207 10351740 
208 10351633 
209 10351024 
210 10347480 
211 10345778 
212 10345722 
213 10344967 
214 10344807 
215 10324719 
216 10324013 
217 10323609 
218 10322585 
219 10319674 
220 10319654 
221 10318632 
222 10318572 
223 10318534 
224 10316712 
225 10315565 
226 10314612 
227 10313859 
228 10313396 
229 10306036 
230 10306035 
231 10302728 
232 10301779 
233 10295953 
234 10295768 
235 10292765 
236 10292088 
237 10291565 
238 10288409 
239 10278862 
240 10277282 
241 10275630 
242 10274261 
243 10269858 
244 10250215 
245 10247587 
246 10246821 
247 10242421 
248 10242064 
249 10241778 
250 10240462 
251 10238207 
252 10237101 
253 10235692 
254 10226000 
255 10222736 
256 10221725 
257 10211445 
258 10206705 
259 10205592 
260 10205491 
261 10205376 
262 10200499 
263 10198651 
264 10198036 
265 10198000 
266 10188960 
267 10166893 
268 10166879 
269 10163842 
270 10163842 
271 10163671 
272 10163587 
273 10163587 
274 10163074 
275 10163046 
276 10160995 
277 10160053 
278 10159753 
279 10159592 
280 10158627 
281 10158188 
282 10157619 
283 10157432 
284 10156998 
285 10156798 
286 10156222 
287 10155749 
288 10154759 
289 10154433 
290 10153781 
291 10153254 
292 10152932 
293 10151742 
294 10151564 
295 10151276 
296 10151188 
297 10150641 
298 10150390 
299 10149742 
300 10144581 
301 10144289 
302 10144273 
303 10139918 
304 10138968 
305 10138117 
306 10134942 
307 10132961 
308 10131368 
309 10131146 
310 10131057 
311 10131048 
312 10130829 
313 10130074 
314 10129508 
315 10129217 
316 10129148 
317 10129148 
318 10127668 
319 10127456 
320 10127303 
321 10127303 
322 10127056 
323 10125925 
324 10122710 
325 10121663 
326 10121587 
327 10121224 
328 10121224 
329 10121200 
330 10121159 
331 10120977 
332 10120850 
333 10120549 
334 10120549 
335 10120549 
336 10120069 
337 10118890 
338 10118890 
339 10118890 
340 10118890 
341 10118317 
342 10118259 
343 10118259 
344 10118259 
345 10118259 
346 10118259 
347 10118259 
348 10118259 
349 10118259 
350 10118259 
351 10118259 
352 10118259 
353 10118259 
354 10118259 
355 10118259 
356 10118259 
357 10118259 
358 10117461 
359 10117461 
360 10117461 
361 10117461 
362 10117461 
363 10117461 
364 10117461 
365 10117461 
366 10117461 
367 10117461 
368 10117461 
369 10117461 
370 10117393 
371 10117393 
372 10117393 
373 10117393 
374 10117393 
375 10117393 
376 10117393 
377 10117393 
378 10117393 
379 10117393 
380 10117393 
381 10117393 
382 10117393 
383 10117393 
384 10117393 
385 10117393 
386 10117393 
387 10117393 
388 10117393 
389 10117393 
390 10117393 
391 10117393 
392 10117393 
393 10117393 
394 10117393 
395 10117393 
396 10117393 
397 10117393 
398 10117393 
399 10117393 
400 10117393 
401 10117393 
402 10117393 
403 10117393 
404 10117393 
405 10117393 
406 10117393 
407 10117393 
408 10117393 
409 10117393 
410 10117393 
411 10117393 
412 10117393 
413 10117393 
414 10117393 
415 10117393 
416 10117393 
417 10117393 
418 10117393 
419 10117393 
420 10117393 
421 10117393 
422 10117393 
423 10117393 
424 10117393 
425 10117393 
426 10117393 
427 10117393 
428 10117393 
429 10117393 
430 10117393 
431 10117393 
432 10117393 
433 10117393 
434 10117393 
435 10117393 
436 10117393 
437 10117393 
438 10117393 
439 10117393 
440 10117393 
441 10117393 
442 10117393 
443 10117393 
444 10117393 
445 10117393 
446 10117393 
447 10117393 
448 10117393 
449 10117393 
450 10117393 
451 10117393 
452 10117393 
453 10117393 
454 10117393 
455 10117393 
456 10117393 
457 10117393 
458 10117393 
459 10117393 
460 10117393 
461 10117393 
462 10117393 
463 10117393 
464 10117393 
465 10117393 
466 10117393 
467 10117393 
468 10117393 
469 10117393 
470 10117393 
471 10117393 
472 10117393 
473 10117393 
474 10117393 
475 10117393 
476 10117393 
477 10117393 
478 10117393 
479 10117393 
480 10117393 
481 10117393 
482 10117393 
483 10117393 
484 10117393 
485 10117393 
486 10117393 
487 10117393 
488 10117393 
489 10117393 
490 10117393 
491 10117393 
492 10117393 
493 10117393 
494 10117393 
495 10117393 
496 10117393 
497 10117393 
498 10117393 
499 10117393 
500 10117393 
501 10117393 
502 10117393 
503 10117393 
504 10117393 
505 10117393 
506 10117393 
507 10117393 
508 10117393 
509 10117393 
510 10117393 
511 10117393 
512 10117393 
513 10117393 
514 10117393 
515 10117393 
516 10117393 
517 10117393 
518 10117393 
519 10117393 
520 10117393 
521 10117393 
522 10117393 
523 10117393 
524 10117393 
525 10117393 
526 10117393 
527 10117393 
528 10117393 
529 10117393 
530 10117393 
531 10117393 
532 10117393 
533 10117393 
534 10117393 
535 10117393 
536 10117393 
537 10117393 
538 10117393 
539 10117393 
540 10117393 
541 10117393 
542 10117393 
543 10117393 
544 10117393 
545 10117393 
546 10117393 
547 10117393 
548 10117393 
549 10117393 
550 10117393 
551 10117393 
552 10117393 
553 10117393 
554 10117393 
555 10117393 
556 10117393 
557 10117393 
558 10117393 
559 10117393 
560 10117393 
561 10117393 
562 10117393 
563 10117393 
564 10117393 
565 10117393 
566 10117393 
567 10117393 
568 10117393 
569 10117393 
570 10117393 
571 10117393 
572 10117393 
573 10117393 
574 10117393 
575 10117393 
576 10117393 
577 10117393 
578 10117393 
579 10117393 
580 10117393 
581 10117393 
582 10117393 
583 10117393 
584 10117393 
585 10117393 
586 10117393 
587 10117393 
588 10117393 
589 10117393 
590 10117393 
591 10117393 
592 10117393 
593 10117393 
594 10117393 
595 10117393 
596 10117393 
597 10117393 
598 10117393 
599 10117393 
600 10117393 
601 10117393 
602 10117393 
603 10117393 
604 10117393 
605 10117393 
606 10117393 
607 10117393 
608 10117393 
609 10117393 
610 10117393 
611 10117393 
612 10117393 
613 10117393 
614 10117393 
615 10117393 
616 10117393 
617 10117393 
618 10117393 
619 10117393 
620 10117393 
621 10117393 
622 10117393 
623 10117393 
624 10117393 
625 10117393 
626 10117393 
627 10117393 
628 10117393 
629 10117393 
630 10117393 
631 10117393 
632 10117393 
633 10117393 
634 10117393 
635 10117393 
636 10117393 
637 10117393 
638 10117393 
639 10117393 
640 10117393 
641 10117393 
642 10117393 
643 10117393 
644 10117393 
645 10117393 
646 10117393 
647 10117393 
648 10117393 
649 10117393 
650 10117393 
651 10117393 
652 10117393 
653 10117393 
654 10117393 
655 10117393 
656 10117393 
657 10117393 
658 10117393 
659 10117393 
660 10117393 
661 10117393 
662 10117393 
663 10117393 
664 10117393 
665 10117393 
666 10117393 
667 10117393 
668 10117393 
669 10117393 
670 10117393 
671 10117393 
672 10117393 
673 10117393 
674 10117393 
675 10117393 
676 10117393 
677 10117393 
678 10117393 
679 10117393 
680 10117393 
681 10117393 
682 10117393 
683 10117393 
684 10117393 
685 10117393 
686 10117393 
687 10117393 
688 10117393 
689 10117393 
690 10117393 
691 10117393 
692 10117393 
693 10117393 
694 10117393 
695 10117393 
696 10117393 
697 10117393 
698 10117393 
699 10117393 
700 10117393 
701 10117393 
702 10117393 
703 10117393 
704 10117393 
705 10117393 
706 10117393 
707 10117393 
708 10117393 
709 10117393 
710 10117393 
711 10117393 
712 10117393 
713 10117393 
714 10117393 
715 10117393 
716 10117393 
717 10117393 
718 10117393 
719 10117393 
720 10117393 
721 10117393 
722 10117393 
723 10117393 
724 10117393 
725 10117393 
726 10117393 
727 10117393 
728 10117393 
729 10117393 
730 10117393 
731 10117393 
732 10117393 
733 10117393 
734 10117393 
735 10117393 
736 10117393 
737 10117393 
738 10117393 
739 10117393 
740 10117393 
741 10117393 
742 10117393 
743 10117393 
744 10117393 
745 10117393 
746 10117393 
747 10117393 
748 10117393 
749 10117393 
750 10117393 
751 10117393 
752 10117393 
753 10117393 
754 10117393 
755 10117393 
756 10117393 
757 10117393 
758 10117393 
759 10117393 
760 10117393 
761 10117393 
762 10117393 
763 10117393 
764 10117393 
765 10117393 
766 10117393 
767 10117393 
768 10117393 
769 10117393 
770 10117393 
771 10117393 
772 10117393 
773 10117393 
774 10117393 
775 10117393 
776 10117393 
777 10117393 
778 10117393 
779 10117393 
780 10117393 
781 10117393 
782 10117393 
783 10117393 
784 10117393 
785 10117393 
786 10117393 
787 10117393 
788 10117393 
789 10117393 
790 10117393 
791 10117393 
792 10117393 
793 10117393 
794 10117393 
795 10117393 
796 10117393 
797 10117393 
798 10117393 
799 10117393 
800 10117393 
801 10117393 
802 10117393 
803 10117393 
804 10117393 
805 10117393 
806 10117393 
807 10117393 
808 10117393 
809 10117393 
810 10117393 
811 10117393 
812 10117393 
813 10117393 
814 10117393 
815 10117393 
816 10117393 
817 10117393 
818 10117393 
819 10117393 
820 10117393 
821 10117393 
822 10117393 
823 10117393 
824 10117393 
825 10117393 
826 10117393 
827 10117393 
828 10117393 
829 10117393 
830 10117393 
831 10117393 
832 10117393 
833 10117393 
834 10117393 
835 10117393 
836 10117393 
837 10117393 
838 10117393 
839 10117393 
840 10117393 
841 10117393 
842 10117393 
843 10117393 
844 10117393 
845 10117393 
846 10117393 
847 10117393 
848 10117393 
849 10117393 
850 10117393 
851 10117393 
852 10117393 
853 10117393 
854 10117393 
855 10117393 
856 10117393 
857 10117393 
858 10117393 
859 10117393 
860 10117393 
861 10117393 
862 10117393 
863 10117393 
864 10117393 
865 10117393 
866 10117393 
867 10117393 
868 10117393 
869 10117393 
870 10117393 
871 10117393 
872 10117393 
873 10117393 
874 10117393 
875 10117393 
876 10117393 
877 10117393 
878 10117393 
879 10117393 
880 10117393 
881 10117393 
882 10117393 
883 10117393 
884 10117393 
885 10117393 
886 10117393 
887 10117393 
888 10117393 
889 10117393 
890 10117393 
891 10117393 
892 10117393 
893 10117393 
894 10117393 
895 10117393 
896 10117393 
897 10117393 
898 10117393 
899 10117393 
900 10117393 
901 10117393 
902 10117393 
903 10117393 
904 10117393 
905 10117393 
906 10117393 
907 10117393 
908 10117393 
909 10117393 
910 10117393 
911 10117393 
912 10117393 
913 10117393 
914 10117393 
915 10117393 
916 10117393 
917 10117393 
918 10117393 
919 10117393 
920 10117393 
921 10117393 
922 10117393 
923 10117393 
924 10117393 
925 10117393 
926 10117393 
927 10117393 
928 10117393 
929 10117393 
930 10117393 
931 10117393 
932 10117393 
933 10117393 
934 10117393 
935 10117393 
936 10117393 
937 10117393 
938 10117393 
939 10117393 
940 10117393 
941 10117393 
942 10117393 
943 10117393 
944 10117393 
945 10117393 
946 10117393 
947 10117393 
948 10117393 
949 10117393 
950 10117393 
951 10117393 
952 10117393 
953 10117393 
954 10117393 
955 10117393 
956 10117393 
957 10117393 
958 10117393 
959 10117393 
960 10117393 
961 10117393 
962 10117393 
963 10117393 
964 10117393 
965 10117393 
966 10117393 
967 10117393 
968 10117393 
969 10117393 
970 10117393 
971 10117393 
972 10117393 
973 10117393 
974 10117393 
975 10117393 
976 10117393 
977 10117393 
978 10117393 
979 10117393 
980 10117393 
981 10117393 
982 10117393 
983 10117393 
984 10117393 
985 10117393 
986 10117393 
987 10117393 
988 10117393 
989 10117393 
990 10117393 
991 10117393 
992 10117393 
993 10117393 
994 10117393 
995 10117393 
996 10117393 
997 10117393 
998 10117393 
999 10117393 
1000 10117393 
1001 10117393 
1002 10117393 
1003 10117393 
1004 10117393 
1005 10117393 
1006 10117393 
1007 10117393 
1008 10117393 
1009 10117393 
1010 10117393 
1011 10117393 
1012 10117393 
1013 10117393 
1014 10117393 
1015 10117393 
1016 10117393 
1017 10117393 
1018 10117393 
1019 10117393 
1020 10117393 
1021 10117393 
1022 10117393 
1023 10117393 
1024 10117393 
1025 10117393 
1026 10117393 
1027 10117393 
1028 10117393 
1029 10117393 
1030 10117393 
1031 10117393 
1032 10117393 
1033 10117393 
1034 10117393 
1035 10117393 
1036 10117393 
1037 10117393 
1038 10117393 
1039 10117393 
1040 10117393 
1041 10117393 
1042 10117393 
1043 10117393 
1044 10117393 
1045 10117393 
1046 10117393 
1047 10117393 
1048 10117393 
1049 10117393 
1050 10117393 
1051 10117393 
1052 10117393 
1053 10117393 
1054 10117393 
1055 10117393 
1056 10117393 
1057 10117393 
1058 10117393 
1059 10117393 
1060 10117393 
1061 10117393 
1062 10117393 
1063 10117393 
1064 10117393 
1065 10117393 
1066 10117393 
1067 10117393 
1068 10117393 
1069 10117393 
1070 10117393 
1071 10117393 
1072 10117393 
1073 10117393 
1074 10117393 
1075 10117393 
1076 10117393 
1077 10117393 
1078 10117393 
1079 10117393 
1080 10117393 
1081 10117393 
1082 10117393 
1083 10117393 
1084 10117393 
1085 10117393 
1086 10117393 
1087 10117393 
1088 10117393 
1089 10117393 
1090 10117393 
1091 10117393 
1092 10117393 
1093 10117393 
1094 10117393 
1095 10117393 
1096 10117393 
1097 10117393 
1098 10117393 
1099 10117393 
1100 10117393 
1101 10117393 
1102 10117393 
1103 10117393 
1104 10117393 
1105 10117393 
1106 10117393 
1107 10117393 
1108 10117393 
1109 10117393 
1110 10117393 
1111 10117393 
1112 10117393 
1113 10117393 
1114 10117393 
1115 10117393 
1116 10117393 
1117 10117393 
1118 10117393 
1119 10117393 
1120 10117393 
1121 10117393 
1122 10117393 
1123 10117393 
1124 10117393 
1125 10117393 
1126 10117393 
1127 10117393 
1128 10117393 
1129 10117393 
1130 10117393 
1131 10117393 
1132 10117393 
1133 10117393 
1134 10117393 
1135 10117393 
1136 10117393 
1137 10117393 
1138 10117393 
1139 10117393 
1140 10117393 
1141 10117393 
1142 10117393 
1143 10117393 
1144 10117393 
1145 10117393 
1146 10117393 
1147 10117393 
1148 10117393 
1149 10117393 
1150 10117393 
1151 10117393 
1152 10117393 
1153 10117393 
1154 10117393 
1155 10117393 
1156 10117393 
1157 10117393 
1158 10117393 
1159 10117393 
1160 10117393 
1161 10117393 
1162 10117393 
1163 10117393 
1164 10117393 
1165 10117393 
1166 10117393 
1167 10117393 
1168 10117393 
1169 10117393 
1170 10117393 
1171 10117393 
1172 10117393 
1173 10117393 
1174 10117393 
1175 10117393 
1176 10117393 
1177 10117393 
1178 10117393 
1179 10117393 
1180 10117393 
1181 10117393 
1182 10117393 
1183 10117393 
1184 10117393 
1185 10117393 
1186 10117393 
1187 10117393 
1188 10117393 
1189 10117393 
1190 10117393 
1191 10117393 
1192 10117393 
1193 10117393 
1194 10117393 
1195 10117393 
1196 10117393 
1197 10117393 
1198 10117393 
1199 10117393 
1200 10117393 
1201 10117393 
1202 10117393 
1203 10117393 
1204 10117393 
1205 10117393 
1206 10117393 
1207 10117393 
1208 10117393 
1209 10117393 
1210 10117393 
1211 10117393 
1212 10117393 
1213 10117393 
1214 10117393 
1215 10117393 
1216 10117393 
1217 10117393 
1218 10117393 
1219 10117393 
1220 10117393 
1221 10117393 
1222 10117393 
1223 10117393 
1224 10117393 
1225 10117393 
1226 10117393 
1227 10117393 
1228 10117393 
1229 10117393 
1230 10117393 
1231 10117393 
1232 10117393 
1233 10117393 
1234 10117393 
1235 10117393 
1236 10117393 
1237 10117393 
1238 10117393 
1239 10117393 
1240 10117393 
1241 10117393 
1242 10117393 
1243 10117393 
1244 10117393 
1245 10117393 
1246 10117393 
1247 10117393 
1248 10117393 
1249 10117393 
1250 10117393 
1251 10117393 
1252 10117393 
1253 10117393 
1254 10117393 
1255 10117393 
1256 10117393 
1257 10117393 
1258 10117393 
1259 10117393 
1260 10117393 
1261 10117393 
1262 10117393 
1263 10117393 
1264 10117393 
1265 10117393 
1266 10117393 
1267 10117393 
1268 10117393 
1269 10117393 
1270 10117393 
1271 10117393 
1272 10117393 
1273 10117393 
1274 10117393 
1275 10117393 
1276 10117393 
1277 10117393 
1278 10117393 
1279 10117393 
1280 10117393 
1281 10117393 
1282 10117393 
1283 10117393 
1284 10117393 
1285 10117393 
1286 10117393 
1287 10117393 
1288 10117393 
1289 10117393 
1290 10117393 
1291 10117393 
1292 10117393 
1293 10117393 
1294 10117393 
1295 10117393 
1296 10117393 
1297 10117393 
1298 10117393 
1299 10117393 
1300 10117393 
1301 10117393 
1302 10117393 
1303 10117393 
1304 10117393 
1305 10117393 
1306 10117393 
1307 10117393 
1308 10117393 
1309 10117393 
1310 10117393 
1311 10117393 
1312 10117393 
1313 10117393 
1314 10117393 
1315 10117393 
1316 10117393 
1317 10117393 
1318 10117393 
1319 10117393 
1320 10117393 
1321 10117393 
1322 10117393 
1323 10117393 
1324 10117393 
1325 10117393 
1326 10117393 
1327 10117393 
1328 10117393 
1329 10117393 
1330 10117393 
1331 10117393 
1332 10117393 
1333 10117393 
1334 10117393 
1335 10117393 
1336 10117393 
1337 10117393 
1338 10117393 
1339 10117393 
1340 10117393 
1341 10117393 
1342 10117393 
1343 10117393 
1344 10117393 
1345 10117393 
1346 10117393 
1347 10117393 
1348 10117393 
1349 10117393 
1350 10117393 
1351 10117393 
1352 10117393 
1353 10117393 
1354 10117393 
1355 10117393 
1356 10117393 
1357 10117393 
1358 10117393 
1359 10117393 
1360 10117393 
1361 10117393 
1362 10117393 
1363 10117393 
1364 10117393 
1365 10117393 
1366 10117393 
1367 10117393 
1368 10117393 
1369 10117393 
1370 10117393 
1371 10117393 
1372 10117393 
1373 10117393 
1374 10117393 
1375 10117393 
1376 10117393 
1377 10117393 
1378 10117393 
1379 10117393 
1380 10117393 
1381 10117393 
1382 10117393 
1383 10117393 
1384 10117393 
1385 10117393 
1386 10117393 
1387 10117393 
1388 10117393 
1389 10117393 
1390 10117393 
1391 10117393 
1392 10117393 
1393 10117393 
1394 10117393 
1395 10117393 
1396 10117393 
1397 10117393 
1398 10117393 
1399 10117393 
1400 10117393 
1401 10117393 
1402 10117393 
1403 10117393 
1404 10117393 
1405 10117393 
1406 10117393 
1407 10117393 
1408 10117393 
1409 10117393 
1410 10117393 
1411 10117393 
1412 10117393 
1413 10117393 
1414 10117393 
1415 10117393 
1416 10117393 
1417 10117393 
1418 10117393 
1419 10117393 
1420 10117393 
1421 10117393 
1422 10117393 
1423 10117393 
1424 10117393 
1425 10117393 
1426 10117393 
1427 10117393 
1428 10117393 
1429 10117393 
1430 10117393 
1431 10117393 
1432 10117393 
1433 10117393 
1434 10117393 
1435 10117393 
1436 10117393 
1437 10117393 
1438 10117393 
1439 10117393 
1440 10117393 
1441 10117393 
1442 10117393 
1443 10117393 
1444 10117393 
1445 10117393 
1446 10117393 
1447 10117393 
1448 10117393 
1449 10117393 
1450 10117393 
1451 10117393 
1452 10117393 
1453 10117393 
1454 10117393 
1455 10117393 
1456 10117393 
1457 10117393 
1458 10117393 
1459 10117393 
1460 10117393 
1461 10117393 
1462 10117393 
1463 10117393 
1464 10117393 
1465 10117393 
1466 10117393 
1467 10117393 
1468 10117393 
1469 10117393 
1470 10117393 
1471 10117393 
1472 10117393 
1473 10117393 
1474 10117393 
1475 10117393 
1476 10117393 
1477 10117393 
1478 10117393 
1479 10117393 
1480 10117393 
1481 10117393 
1482 10117393 
1483 10117393 
1484 10117393 
1485 10117393 
1486 10117393 
1487 10117393 
1488 10117393 
1489 10117393 
1490 10117393 
1491 10117393 
1492 10117393 
1493 10117393 
1494 10117393 
1495 10117393 
1496 10117393 
1497 10117393 
1498 10117393 
1499 10117393 
1500 10117393 
1501 10117393 
1502 10117393 
1503 10117393 
1504 10117393 
1505 10117393 
1506 10117393 
1507 10117393 
1508 10117393 
1509 10117393 
1510 10117393 
1511 10117393 
1512 10117393 
1513 10117393 
1514 10117393 
1515 10117393 
1516 10117393 
1517 10117393 
1518 10117393 
1519 10117393 
1520 10117393 
1521 10117393 
1522 10117393 
1523 10117393 
1524 10117393 
1525 10117393 
1526 10117393 
1527 10117393 
1528 10117393 
1529 10117393 
1530 10117393 
1531 10117393 
1532 10117393 
1533 10117393 
1534 10117393 
1535 10117393 
1536 10117393 
1537 10117393 
1538 10117393 
1539 10117393 
1540 10117393 
1541 10117393 
1542 10117393 
1543 10117393 
1544 10117393 
1545 10117393 
1546 10117393 
1547 10117393 
1548 10117393 
1549 10117393 
1550 10117393 
1551 10117393 
1552 10117393 
1553 10117393 
1554 10117393 
1555 10117393 
1556 10117393 
1557 10117393 
1558 10117393 
1559 10117393 
1560 10117393 
1561 10117393 
1562 10117393 
1563 10117393 
1564 10117393 
1565 10117393 
1566 10117393 
1567 10117393 
1568 10117393 
1569 10117393 
1570 10117393 
1571 10117393 
1572 10117393 
1573 10117393 
1574 10117393 
1575 10117393 
1576 10117393 
1577 10117393 
1578 10117393 
1579 10117393 
1580 10117393 
1581 10117393 
1582 10117393 
1583 10117393 
1584 10117393 
1585 10117393 
1586 10117393 
1587 10117393 
1588 10117393 
1589 10117393 
1590 10117393 
1591 10117393 
1592 10117393 
1593 10117393 
1594 10117393 
1595 10117393 
1596 10117393 
1597 10117393 
1598 10117393 
1599 10117393 
1600 10117393 
1601 10117393 
1602 10117393 
1603 10117393 
1604 10117393 
1605 10117393 
1606 10117393 
1607 10117393 
1608 10117393 
1609 10117393 
1610 10117393 
1611 10117393 
1612 10117393 
1613 10117393 
1614 10117393 
1615 10117393 
1616 10117393 
1617 10117393 
1618 10117393 
1619 10117393 
1620 10117393 
1621 10117393 
1622 10117393 
1623 10117393 
1624 10117393 
1625 10117393 
1626 10117393 
1627 10117393 
1628 10117393 
1629 10117393 
1630 10117393 
1631 10117393 
1632 10117393 
1633 10117393 
1634 10117393 
1635 10117393 
1636 10117393 
1637 10117393 
1638 10117393 
1639 10117393 
1640 10117393 
1641 10117393 
1642 10117393 
1643 10117393 
1644 10117393 
1645 10117393 
1646 10117393 
1647 10117393 
1648 10117393 
1649 10117393 
1650 10117393 
1651 10117393 
1652 10117393 
1653 10117393 
1654 10117393 
1655 10117393 
1656 10117393 
1657 10117393 
1658 10117393 
1659 10117393 
1660 10117393 
1661 10117393 
1662 10117393 
1663 10117393 
1664 10117393 
1665 10117393 
1666 10117393 
1667 10117393 
1668 10117393 
1669 10117393 
1670 10117393 
1671 10117393 
1672 10117393 
1673 10117393 
1674 10117393 
1675 10117393 
1676 10117393 
1677 10117393 
1678 10117393 
1679 10117393 
1680 10117393 
1681 10117393 
1682 10117393 
1683 10117393 
1684 10117393 
1685 10117393 
1686 10117393 
1687 10117393 
1688 10117393 
1689 10117393 
1690 10117393 
1691 10117393 
1692 10117393 
1693 10117393 
1694 10117393 
1695 10117393 
1696 10117393 
1697 10117393 
1698 10117393 
1699 10117393 
1700 10117393 
1701 10117393 
1702 10117393 
1703 10117393 
1704 10117393 
1705 10117393 
1706 10117393 
1707 10117393 
1708 10117393 
1709 10117393 
1710 10117393 
1711 10117393 
1712 10117393 
1713 10117393 
1714 10117393 
1715 10117393 
1716 10117393 
1717 10117393 
1718 10117393 
1719 10117393 
1720 10117393 
1721 10117393 
1722 10117393 
1723 10117393 
1724 10117393 
1725 10117393 
1726 10117393 
1727 10117393 
1728 10117393 
1729 10117393 
1730 10117393 
1731 10117393 
1732 10117393 
1733 10117393 
1734 10117393 
1735 10117393 
1736 10117393 
1737 10117393 
1738 10117393 
1739 10117393 
1740 10117393 
1741 10117393 
1742 10117393 
1743 10117393 
1744 10117393 
1745 10117393 
1746 10117393 
1747 10117393 
1748 10117393 
1749 10117393 
1750 10117393 
1751 10117393 
1752 10117393 
1753 10117393 
1754 10117393 
1755 10117393 
1756 10117393 
1757 10117393 
1758 10117393 
1759 10117393 
1760 10117393 
1761 10117393 
1762 10117393 
1763 10117393 
1764 10117393 
1765 10117393 
1766 10117393 
1767 10117393 
1768 10117393 
1769 10117393 
1770 10117393 
1771 10117393 
1772 10117393 
1773 10117393 
1774 10117393 
1775 10117393 
1776 10117393 
1777 10117393 
1778 10117393 
1779 10117393 
1780 10117393 
1781 10117393 
1782 10117393 
1783 10117393 
1784 10117393 
1785 10117393 
1786 10117393 
1787 10117393 
1788 10117393 
1789 10117393 
1790 10117393 
1791 10117393 
1792 10117393 
1793 10117393 
1794 10117393 
1795 10117393 
1796 10117393 
1797 10117393 
1798 10117393 
1799 10117393 
1800 10117393 
1801 10117393 
1802 10117393 
1803 10117393 
1804 10117393 
1805 10117393 
1806 10117393 
1807 10117393 
1808 10117393 
1809 10117393 
1810 10117393 
1811 10117393 
1812 10117393 
1813 10117393 
1814 10117393 
1815 10117393 
1816 10117393 
1817 10117393 
1818 10117393 
1819 10117393 
1820 10117393 
1821 10117393 
1822 10117393 
1823 10117393 
1824 10117393 
1825 10117393 
1826 10117393 
1827 10117393 
1828 10117393 
1829 10117393 
1830 10117393 
1831 10117393 
1832 10117393 
1833 10117393 
1834 10117393 
1835 10117393 
1836 10117393 
1837 10117393 
1838 10117393 
1839 10117393 
1840 10117393 
1841 10117393 
1842 10117393 
1843 10117393 
1844 10117393 
1845 10117393 
1846 10117393 
1847 10117393 
1848 10117393 
1849 10117393 
1850 10117393 
1851 10117393 
1852 10117393 
1853 10117393 
1854 10117393 
1855 10117393 
1856 10117393 
1857 10117393 
1858 10117393 
1859 10117393 
1860 10117393 
1861 10117393 
1862 10117393 
1863 10117393 
1864 10117393 
1865 10117393 
1866 10117393 
1867 10117393 
1868 10117393 
1869 10117393 
1870 10117393 
1871 10117393 
1872 10117393 
1873 10117393 
1874 10117393 
1875 10117393 
1876 10117393 
1877 10117393 
1878 10117393 
1879 10117393 
1880 10117393 
1881 10117393 
1882 10117393 
1883 10117393 
1884 10117393 
1885 10117393 
1886 10117393 
1887 10117393 
1888 10117393 
1889 10117393 
1890 10117393 
1891 10117393 
1892 10117393 
1893 10117393 
1894 10117393 
1895 10117393 
1896 10117393 
1897 10117393 
1898 10117393 
1899 10117393 
1900 10117393 
1901 10117393 
1902 10117393 
1903 10117393 
1904 10117393 
1905 10117393 
1906 10117393 
1907 10117393 
1908 10117393 
1909 10117393 
1910 10117393 
1911 10117393 
1912 10117393 
1913 10117393 
1914 10117393 
1915 10117393 
1916 10117393 
1917 10117393 
1918 10117393 
1919 10117393 
1920 10117393 
1921 10117393 
1922 10117393 
1923 10117393 
1924 10117393 
1925 10117393 
1926 10117393 
1927 10117393 
1928 10117393 
1929 10117393 
1930 10117393 
1931 10117393 
1932 10117393 
1933 10117393 
1934 10117393 
1935 10117393 
1936 10117393 
1937 10117393 
1938 10117393 
1939 10117393 
1940 10117393 
1941 10117393 
1942 10117393 
1943 10117393 
1944 10117393 
1945 10117393 
1946 10117393 
1947 10117393 
1948 10117393 
1949 10117393 
1950 10117393 
1951 10117393 
1952 10117393 
1953 10117393 
1954 10117393 
1955 10117393 
1956 10117393 
1957 10117393 
1958 10117393 
1959 10117393 
1960 10117393 
1961 10117393 
1962 10117393 
1963 10117393 
1964 10117393 
1965 10117393 
1966 10117393 
1967 10117393 
1968 10117393 
1969 10117393 
1970 10117393 
1971 10117393 
1972 10117393 
1973 10117393 
1974 10117393 
1975 10117393 
1976 10117393 
1977 10117393 
1978 10117393 
1979 10117393 
1980 10117393 
1981 10117393 
1982 10117393 
1983 10117393 
1984 10117393 
1985 10117393 
1986 10117393 
1987 10117393 
1988 10117393 
1989 10117393 
1990 10117393 
1991 10117393 
1992 10117393 
1993 10117393 
1994 10117393 
1995 10117393 
1996 10117393 
1997 10117393 
1998 10117393 
1999 10117393 
2000 10117393 
2001 10117393 
2002 10117393 
2003 10117393 
2004 10117393 
2005 10117393 
2006 10117393 
2007 10117393 
2008 10117393 
2009 10117393 
2010 10117393 
2011 10117393 
2012 10117393 
2013 10117393 
2014 10117393 
2015 10117393 
2016 10117393 
2017 10117393 
2018 10117393 
2019 10117393 
2020 10117393 
2021 10117393 
2022 10117393 
2023 10117393 
2024 10117393 
2025 10117393 
2026 10117393 
2027 10117393 
2028 10117393 
2029 10117393 
2030 10117393 
2031 10117393 
2032 10117393 
2033 10117393 
2034 10117393 
2035 10117393 
2036 10117393 
2037 10117393 
2038 10117393 
2039 10117393 
2040 10117393 
2041 10117393 
2042 10117393 
2043 10117393 
2044 10117393 
2045 10117393 
2046 10117393 
2047 10117393 
2048 10117393 
2049 10117393 
2050 10117393 
2051 10117393 
2052 10117393 
2053 10117393 
2054 10117393 
2055 10117393 
2056 10117393 
2057 10117393 
2058 10117393 
2059 10117393 
2060 10117393 
2061 10117393 
2062 10117393 
2063 10117393 
2064 10117393 
2065 10117393 
2066 10117393 
2067 10117393 
2068 10117393 
2069 10117393 
2070 10117393 
2071 10117393 
2072 10117393 
2073 10117393 
2074 10117393 
2075 10117393 
2076 10117393 
2077 10117393 
2078 10117393 
2079 10117393 
2080 10117393 
2081 10117393 
2082 10117393 
2083 10117393 
2084 10117393 
2085 10117393 
2086 10117393 
2087 10117393 
2088 10117393 
2089 10117393 
2090 10117393 
2091 10117393 
2092 10117393 
2093 10117393 
2094 10117393 
2095 10117393 
2096 10117393 
2097 10117393 
2098 10117393 
2099 10117393 
2100 10117393 
2101 10117393 
2102 10117393 
2103 10117393 
2104 10117393 
2105 10117393 
2106 10117393 
2107 10117393 
2108 10117393 
2109 10117393 
2110 10117393 
2111 10117393 
2112 10117393 
2113 10117393 
2114 10117393 
2115 10117393 
2116 10117393 
2117 10117393 
2118 10117393 
2119 10117393 
2120 10117393 
2121 10117393 
2122 10117393 
2123 10117393 
2124 10117393 
2125 10117393 
2126 10117393 
2127 10117393 
2128 10117393 
2129 10117393 
2130 10117393 
2131 10117393 
2132 10117393 
2133 10117393 
2134 10117393 
2135 10117393 
2136 10117393 
2137 10117393 
2138 10117393 
2139 10117393 
2140 10117393 
2141 10117393 
2142 10117393 
2143 10117393 
2144 10117393 
2145 10117393 
2146 10117393 
2147 10117393 
2148 10117393 
2149 10117393 
2150 10117393 
2151 10117393 
2152 10117393 
2153 10117393 
2154 10117393 
2155 10117393 
2156 10117393 
2157 10117393 
2158 10117393 
2159 10117393 
2160 10117393 
2161 10117393 
2162 10117393 
2163 10117393 
2164 10117393 
2165 10117393 
2166 10117393 
2167 10117393 
2168 10117393 
2169 10117393 
2170 10117393 
2171 10117393 
2172 10117393 
2173 10117393 
2174 10117393 
2175 10117393 
2176 10117393 
2177 10117393 
2178 10117393 
2179 10117393 
2180 10117393 
2181 10117393 
2182 10117393 
2183 10117393 
2184 10117393 
2185 10117393 
2186 10117393 
2187 10117393 
2188 10117393 
2189 10117393 
2190 10117393 
2191 10117393 
2192 10117393 
2193 10117393 
2194 10117393 
2195 10117393 
2196 10117393 
2197 10117393 
2198 10117393 
2199 10117393 
2200 10117393 
2201 10117393 
2202 10117393 
2203 10117393 
2204 10117393 
2205 10117393 
2206 10117393 
2207 10117393 
2208 10117393 
2209 10117393 
2210 10117393 
2211 10117393 
2212 10117393 
2213 10117393 
2214 10117393 
2215 10117393 
2216 10117393 
2217 10117393 
2218 10117393 
2219 10117393 
2220 10117393 
2221 10117393 
2222 10117393 
2223 10117393 
2224 10117393 
2225 10117393 
2226 10117393 
2227 10117393 
2228 10117393 
2229 10117393 
2230 10117393 
2231 10117393 
2232 10117393 
2233 10117393 
2234 10117393 
2235 10117393 
2236 10117393 
2237 10117393 
2238 10117393 
2239 10117393 
2240 10117393 
2241 10117393 
2242 10117393 
2243 10117393 
2244 10117393 
2245 10117393 
2246 10117393 
2247 10117393 
2248 10117393 
2249 10117393 
2250 10117393 
2251 10117393 
2252 10117393 
2253 10117393 
2254 10117393 
2255 10117393 
2256 10117393 
2257 10117393 
2258 10117393 
2259 10117393 
2260 10117393 
2261 10117393 
2262 10117393 
2263 10117393 
2264 10117393 
2265 10117393 
2266 10117393 
2267 10117393 
2268 10117393 
2269 10117393 
2270 10117393 
2271 10117393 
2272 10117393 
2273 10117393 
2274 10117393 
2275 10117393 
2276 10117393 
2277 10117393 
2278 10117393 
2279 10117393 
2280 10117393 
2281 10117393 
2282 10117393 
2283 10117393 
2284 10117393 
2285 10117393 
2286 10117393 
2287 10117393 
2288 10117393 
2289 10117393 
2290 10117393 
2291 10117393 
2292 10117393 
2293 10117393 
2294 10117393 
2295 10117393 
2296 10117393 
2297 10117393 
2298 10117393 
2299 10117393 
2300 10117393 
2301 10117393 
2302 10117393 
2303 10117393 
2304 10117393 
2305 10117393 
2306 10117393 
2307 10117393 
2308 10117393 
2309 10117393 
2310 10117393 
2311 10117393 
2312 10117393 
2313 10117393 
2314 10117393 
2315 10117393 
2316 10117393 
2317 10117393 
2318 10117393 
2319 10117393 
2320 10117393 
2321 10117393 
2322 10117393 
2323 10117393 
2324 10117393 
2325 10117393 
2326 10117393 
2327 10117393 
2328 10117393 
2329 10117393 
2330 10117393 
2331 10117393 
2332 10117393 
2333 10117393 
2334 10117393 
2335 10117393 
2336 10117393 
2337 10117393 
2338 10117393 
2339 10117393 
2340 10117393 
2341 10117393 
2342 10117393 
2343 10117393 
2344 10117393 
2345 10117393 
2346 10117393 
2347 10117393 
2348 10117393 
2349 10117393 
2350 10117393 
2351 10117393 
2352 10117393 
2353 10117393 
2354 10117393 
2355 10117393 
2356 10117393 
2357 10117393 
2358 10117393 
2359 10117393 
2360 10117393 
2361 10117393 
2362 10117393 
2363 10117393 
2364 10117393 
2365 10117393 
2366 10117393 
2367 10117393 
2368 10117393 
2369 10117393 
2370 10117393 
2371 10117393 
2372 10117393 
2373 10117393 
2374 10117393 
2375 10117393 
2376 10117393 
2377 10117393 
2378 10117393 
2379 10117393 
2380 10117393 
2381 10117393 
2382 10117393 
2383 10117393 
2384 10117393 
2385 10117393 
2386 10117393 
2387 10117393 
2388 10117393 
2389 10117393 
2390 10117393 
2391 10117393 
2392 10117393 
2393 10117393 
2394 10117393 
2395 10117393 
2396 10117393 
2397 10117393 
2398 10117393 
2399 10117393 
2400 10117393 
2401 10117393 
2402 10117393 
2403 10117393 
2404 10117393 
2405 10117393 
2406 10117393 
2407 10117393 
2408 10117393 
2409 10117393 
2410 10117393 
2411 10117393 
2412 10117393 
2413 10117393 
2414 10117393 
2415 10117393 
2416 10117393 
2417 10117393 
2418 10117393 
2419 10117393 
2420 10117393 
2421 10117393 
2422 10117393 
2423 10117393 
2424 10117393 
2425 10117393 
2426 10117393 
2427 10117393 
2428 10117393 
2429 10117393 
2430 10117393 
2431 10117393 
2432 10117393 
2433 10117393 
2434 10117393 
2435 10117393 
2436 10117393 
2437 10117393 
2438 10117393 
2439 10117393 
2440 10117393 
2441 10117393 
2442 10117393 
2443 10117393 
2444 10117393 
2445 10117393 
2446 10117393 
2447 10117393 
2448 10117393 
2449 10117393 
2450 10117393 
2451 10117393 
2452 10117393 
2453 10117393 
2454 10117393 
2455 10117393 
2456 10117393 
2457 10117393 
2458 10117393 
2459 10117393 
2460 10117393 
2461 10117393 
2462 10117393 
2463 10117393 
2464 10117393 
2465 10117393 
2466 10117393 
2467 10117393 
2468 10117393 
2469 10117393 
2470 10117393 
2471 10117393 
2472 10117393 
2473 10117393 
2474 10117393 
2475 10117393 
2476 10117393 
2477 10117393 
2478 10117393 
2479 10117393 
2480 10117393 
2481 10117393 
2482 10117393 
2483 10117393 
2484 10117393 
2485 10117393 
2486 10117393 
2487 10117393 
2488 10117393 
2489 10117393 
2490 10117393 
2491 10117393 
2492 10117393 
2493 10117393 
2494 10117393 
2495 10117393 
2496 10117393 
2497 10117393 
2498 10117393 
2499 10117393 
2500 10117393 
2501 10117393 
2502 10117393 
2503 10117393 
2504 10117393 
2505 10117393 
2506 10117393 
2507 10117393 
2508 10117393 
2509 10117393 
2510 10117393 
2511 10117393 
2512 10117393 
2513 10117393 
2514 10117393 
2515 10117393 
2516 10117393 
2517 10117393 
2518 10117393 
2519 10117393 
2520 10117393 
2521 10117393 
2522 10117393 
2523 10117393 
2524 10117393 
2525 10117393 
2526 10117393 
2527 10117393 
2528 10117393 
2529 10117393 
2530 10117393 
2531 10117393 
2532 10117393 
2533 10117393 
2534 10117393 
2535 10117393 
2536 10117393 
2537 10117393 
2538 10117393 
2539 10117393 
2540 10117393 
2541 10117393 
2542 10117393 
2543 10117393 
2544 10117393 
2545 10117393 
2546 10117393 
2547 10117393 
2548 10117393 
2549 10117393 
2550 10117393 
2551 10117393 
2552 10117393 
2553 10117393 
2554 10117393 
2555 10117393 
2556 10117393 
2557 10117393 
2558 10117393 
2559 10117393 
2560 10117393 
2561 10117393 
2562 10117393 
2563 10117393 
2564 10117393 
2565 10117393 
2566 10117393 
2567 10117393 
2568 10117393 
2569 10117393 
2570 10117393 
2571 10117393 
2572 10117393 
2573 10117393 
2574 10117393 
2575 10117393 
2576 10117393 
2577 10117393 
2578 10117393 
2579 10117393 
2580 10117393 
2581 10117393 
2582 10117393 
2583 10117393 
2584 10117393 
2585 10117393 
2586 10117393 
2587 10117393 
2588 10117393 
2589 10117393 
2590 10117393 
2591 10117393 
2592 10117393 
2593 10117393 
2594 10117393 
2595 10117393 
2596 10117393 
2597 10117393 
2598 10117393 
2599 10117393 
2600 10117393 
2601 10117393 
2602 10117393 
2603 10117393 
2604 10117393 
2605 10117393 
2606 10117393 
2607 10117393 
2608 10117393 
2609 10117393 
2610 10117393 
2611 10117393 
2612 10117393 
2613 10117393 
2614 10117393 
2615 10117393 
2616 10117393 
2617 10117393 
2618 10117393 
2619 10117393 
2620 10117393 
2621 10117393 
2622 10117393 
2623 10117393 
2624 10117393 
2625 10117393 
2626 10117393 
2627 10117393 
2628 10117393 
2629 10117393 
2630 10117393 
2631 10117393 
2632 10117393 
2633 10117393 
2634 10117393 
2635 10117393 
2636 10117393 
2637 10117393 
2638 10117393 
2639 10117393 
2640 10117393 
2641 10117393 
2642 10117393 
2643 10117393 
2644 10117393 
2645 10117393 
2646 10117393 
2647 10117393 
2648 10117393 
2649 10117393 
2650 10117393 
2651 10117393 
2652 10117393 
2653 10117393 
2654 10117393 
2655 10117393 
2656 10117393 
2657 10117393 
2658 10117393 
2659 10117393 
2660 10117393 
2661 10117393 
2662 10117393 
2663 10117393 
2664 10117393 
2665 10117393 
2666 10117393 
2667 10117393 
2668 10117393 
2669 10117393 
2670 10117393 
2671 10117393 
2672 10117393 
2673 10117393 
2674 10117393 
2675 10117393 
2676 10117393 
2677 10117393 
2678 10117393 
2679 10117393 
2680 10117393 
2681 10117393 
2682 10117393 
2683 10117393 
2684 10117393 
2685 10117393 
2686 10117393 
2687 10117393 
2688 10117393 
2689 10117393 
2690 10117393 
2691 10117393 
2692 10117393 
2693 10117393 
2694 10117393 
2695 10117393 
2696 10117393 
2697 10117393 
2698 10117393 
2699 10117393 
2700 10117393 
2701 10117393 
2702 10117393 
2703 10117393 
2704 10117393 
2705 10117393 
2706 10117393 
2707 10117393 
2708 10117393 
2709 10117393 
2710 10117393 
2711 10117393 
2712 10117393 
2713 10117393 
2714 10117393 
2715 10117393 
2716 10117393 
2717 10117393 
2718 10117393 
2719 10117393 
2720 10117393 
2721 10117393 
2722 10117393 
2723 10117393 
2724 10117393 
2725 10117393 
2726 10117393 
2727 10117393 
2728 10117393 
2729 10117393 
2730 10117393 
2731 10117393 
2732 10117393 
2733 10117393 
2734 10117393 
2735 10117393 
2736 10117393 
2737 10117393 
2738 10117393 
2739 10117393 
2740 10117393 
2741 10117393 
2742 10117393 
2743 10117393 
2744 10117393 
2745 10117393 
2746 10117393 
2747 10117393 
2748 10117393 
2749 10117393 
2750 10117393 
2751 10117393 
2752 10117393 
2753 10117393 
2754 10117393 
2755 10117393 
2756 10117393 
2757 10117393 
2758 10117393 
2759 10117393 
2760 10117393 
2761 10117393 
2762 10117393 
2763 10117393 
2764 10117393 
2765 10117393 
2766 10117393 
2767 10117393 
2768 10117393 
2769 10117393 
2770 10117393 
2771 10117393 
2772 10117393 
2773 10117393 
2774 10117393 
2775 10117393 
2776 10117393 
2777 10117393 
2778 10117393 
2779 10117393 
2780 10117393 
2781 10117393 
2782 10117393 
2783 10117393 
2784 10117393 
2785 10117393 
2786 10117393 
2787 10117393 
2788 10117393 
2789 10117393 
2790 10117393 
2791 10117393 
2792 10117393 
2793 10117393 
2794 10117393 
2795 10117393 
2796 10117393 
2797 10117393 
2798 10117393 
2799 10117393 
2800 10117393 
2801 10117393 
2802 10117393 
2803 10117393 
2804 10117393 
2805 10117393 
2806 10117393 
2807 10117393 
2808 10117393 
2809 10117393 
2810 10117393 
2811 10117393 
2812 10117393 
2813 10117393 
2814 10117393 
2815 10117393 
2816 10117393 
2817 10117393 
2818 10117393 
2819 10117393 
2820 10117393 
2821 10117393 
2822 10117393 
2823 10117393 
2824 10117393 
2825 10117393 
2826 10117393 
2827 10117393 
2828 10117393 
2829 10117393 
2830 10117393 
2831 10117393 
2832 10117393 
2833 10117393 
2834 10117393 
2835 10117393 
2836 10117393 
2837 10117393 
2838 10117393 
2839 10117393 
2840 10117393 
2841 10117393 
2842 10117393 
2843 10117393 
2844 10117393 
2845 10117393 
2846 10117393 
2847 10117393 
2848 10117393 
2849 10117393 
2850 10117393 
2851 10117393 
2852 10117393 
2853 10117393 
2854 10117393 
2855 10117393 
2856 10117393 
2857 10117393 
2858 10117393 
2859 10117393 
2860 10117393 
2861 10117393 
2862 10117393 
2863 10117393 
2864 10117393 
2865 10117393 
2866 10117393 
2867 10117393 
2868 10117393 
2869 10117393 
2870 10117393 
2871 10117393 
2872 10117393 
2873 10117393 
2874 10117393 
2875 10117393 
2876 10117393 
2877 10117393 
2878 10117393 
2879 10117393 
2880 10117393 
2881 10117393 
2882 10117393 
2883 10117393 
2884 10117393 
2885 10117393 
2886 10117393 
2887 10117393 
2888 10117393 
2889 10117393 
2890 10117393 
2891 10117393 
2892 10117393 
2893 10117393 
2894 10117393 
2895 10117393 
2896 10117393 
2897 10117393 
2898 10117393 
2899 10117393 
2900 10117393 
2901 10117393 
2902 10117393 
2903 10117393 
2904 10117393 
2905 10117393 
2906 10117393 
2907 10117393 
2908 10117393 
2909 10117393 
2910 10117393 
2911 10117393 
2912 10117393 
2913 10117393 
2914 10117393 
2915 10117393 
2916 10117393 
2917 10117393 
2918 10117393 
2919 10117393 
2920 10117393 
2921 10117393 
2922 10117393 
2923 10117393 
2924 10117393 
2925 10117393 
2926 10117393 
2927 10117393 
2928 10117393 
2929 10117393 
2930 10117393 
2931 10117393 
2932 10117393 
2933 10117393 
2934 10117393 
2935 10117393 
2936 10117393 
2937 10117393 
2938 10117393 
2939 10117393 
2940 10117393 
2941 10117393 
2942 10117393 
2943 10117393 
2944 10117393 
2945 10117393 
2946 10117393 
2947 10117393 
2948 10117393 
2949 10117393 
2950 10117393 
2951 10117393 
2952 10117393 
2953 10117393 
2954 10117393 
2955 10117393 
2956 10117393 
2957 10117393 
2958 10117393 
2959 10117393 
2960 10117393 
2961 10117393 
2962 10117393 
2963 10117393 
2964 10117393 
2965 10117393 
2966 10117393 
2967 10117393 
2968 10117393 
2969 10117393 
2970 10117393 

