0 5996332 
1 5986760 
2 5986141 
3 5982102 
4 5981920 
5 5972987 
6 5961840 
7 5961579 
8 5958319 
9 5938006 
10 5933977 
11 5933693 
12 5924817 
13 5918429 
14 5917397 
15 5917051 
16 5911439 
17 5910536 
18 5910158 
19 5905958 
20 5901123 
21 5900332 
22 5898362 
23 5895181 
24 5889523 
25 5887369 
26 5886806 
27 5878657 
28 5878597 
29 5878542 
30 5878499 
31 5878491 
32 5878049 
33 5877518 
34 5875781 
35 5875627 
36 5856530 
37 5854677 
38 5853584 
39 5853517 
40 5853244 
41 5850575 
42 5849213 
43 5846777 
44 5846211 
45 5845941 
46 5844972 
47 5844229 
48 5843750 
49 5843558 
50 5840652 
51 5840530 
52 5838324 
53 5836674 
54 5834969 
55 5834858 
56 5829714 
57 5827598 
58 5827513 
59 5827307 
60 5826965 
61 5826933 
62 5826656 
63 5826430 
64 5825117 
65 5824166 
66 5818038 
67 5816108 
68 5816099 
69 5815743 
70 5815611 
71 5815602 
72 5782794 
73 5782754 
74 5782683 
75 5782588 
76 5782574 
77 5782014 
78 5781795 
79 5781607 
80 5781518 
81 5781060 
82 5780886 
83 5780676 
84 5780457 
85 5775699 
86 5775456 
87 5774462 
88 5774453 
89 5774296 
90 5772977 
91 5772727 
92 5766349 
93 5766013 
94 5757361 
95 5755282 
96 5754977 
97 5753930 
98 5753789 
99 5753661 
100 5753300 
101 5753123 
102 5751396 
103 5751104 
104 5751010 
105 5751007 
106 5750911 
107 5750907 
108 5750203 
109 5750014 
110 5749960 
111 5748931 
112 5748630 
113 5746586 
114 5746586 
115 5743916 
116 5737766 
117 5737122 
118 5710691 
119 5705428 
120 5705363 
121 5705018 
122 5704983 
123 5704675 
124 5704555 
125 5702384 
126 5701886 
127 5701726 
128 5701302 
129 5701267 
130 5701083 
131 5701066 
132 5697445 
133 5697339 
134 5697339 
135 5696897 
136 5695988 
137 5695927 
138 5695017 
139 5694908 
140 5694431 
141 5694342 
142 5692884 
143 5692371 
144 5691995 
145 5691595 
146 5691548 
147 5691154 
148 5690874 
149 5690758 
150 5690694 
151 5690526 
152 5689899 
153 5689889 
154 5689862 
155 5689200 
156 5689036 
157 5681052 
158 5681010 
159 5674201 
160 5669631 
161 5669611 
162 5668752 
163 5668142 
164 5667892 
165 5662127 
166 5661618 
167 5661478 
168 5657806 
169 5657487 
170 5657445 
171 5657345 
172 5657023 
173 5655870 
174 5650402 
175 5649853 
176 5649638 
177 5649607 
178 5649469 
179 5649148 
180 5648536 
181 5648398 
182 5646801 
183 5643888 
184 5639506 
185 5637326 
186 5637136 
187 5636112 
188 5636092 
189 5635896 
190 5635870 
191 5635672 
192 5635651 
193 5635413 
194 5635287 
195 5633568 
196 5633434 
197 5633354 
198 5631876 
199 5631082 
200 5631034 
201 5630880 
202 5630866 
203 5630675 
204 5630614 
205 5630362 
206 5630180 
207 5629966 
208 5627320 
209 5627252 
210 5624355 
211 5624262 
212 5624248 
213 5624221 
214 5624150 
215 5623968 
216 5623907 
217 5618693 
218 5618484 
219 5617536 
220 5617271 
221 5617188 
222 5617188 
223 5617059 
224 5616417 
225 5614177 
226 5612011 
227 5610655 
228 5610245 
229 5609516 
230 5601469 
231 5601286 
232 5601181 
233 5600814 
234 5600464 
235 5600076 
236 5597857 
237 5597812 
238 5597738 
239 5597056 
240 5597056 
241 5597000 
242 5595202 
243 5595107 
244 5594365 
245 5594260 
246 5594260 
247 5594150 
248 5593967 
249 5593645 
250 5593471 
251 5593165 
252 5564186 
253 5564173 
254 5563479 
255 5563442 
256 5563267 
257 5563261 
258 5563093 
259 5562156 
260 5562078 
261 5561614 
262 5560973 
263 5560956 
264 5560878 
265 5559788 
266 5559508 
267 5559474 
268 5559470 
269 5554998 
270 5548780 
271 5548756 
272 5543376 
273 5543229 
274 5542956 
275 5542955 
276 5542154 
277 5542154 
278 5541991 
279 5541781 
280 5541774 
281 5541450 
282 5541450 
283 5540507 
284 5540504 
285 5539741 
286 5539727 
287 5535160 
288 5535001 
289 5534254 
290 5532481 
291 5531827 
292 5531716 
293 5530450 
294 5529906 
295 5527400 
296 5527215 
297 5527152 
298 5525395 
299 5525282 
300 5525037 
301 5523558 
302 5523457 
303 5523275 
304 5510292 
305 5509342 
306 5506651 
307 5499383 
308 5499362 
309 5498820 
310 5498717 
311 5498667 
312 5498665 
313 5498646 
314 5498569 
315 5498497 
316 5498497 
317 5495631 
318 5487323 
319 5487238 
320 5486725 
321 5486634 
322 5485381 
323 5482564 
324 5481590 
325 5477154 
326 5477130 
327 5477074 
328 5477014 
329 5476648 
330 5476420 
331 5476354 
332 5476333 
333 5476308 
334 5476186 
335 5475154 
336 5475139 
337 5474247 
338 5474223 
339 5472501 
340 5472281 
341 5472281 
342 5471603 
343 5471452 
344 5470803 
345 5468955 
346 5468752 
347 5467494 
348 5461488 
349 5457808 
350 5455399 
351 5454893 
352 5452823 
353 5450880 
354 5450684 
355 5450511 
356 5449771 
357 5448370 
358 5444128 
359 5442429 
360 5441106 
361 5438663 
362 5434833 
363 5434457 
364 5434346 
365 5433649 
366 5433423 
367 5433104 
368 5432360 
369 5432059 
370 5426807 
371 5424761 
372 5423782 
373 5423342 
374 5423337 
375 5423337 
376 5421803 
377 5421676 
378 5421561 
379 5421410 
380 5420978 
381 5420698 
382 5418445 
383 5417685 
384 5417520 
385 5417110 
386 5417090 
387 5416939 
388 5416772 
389 5415775 
390 5415596 
391 5415584 
392 5414755 
393 5414715 
394 5413693 
395 5413631 
396 5413377 
397 5413338 
398 5413338 
399 5396984 
400 5396530 
401 5396343 
402 5396333 
403 5396227 
404 5396223 
405 5396206 
406 5396187 
407 5395961 
408 5394985 
409 5394699 
410 5394679 
411 5394424 
412 5394410 
413 5394148 
414 5394090 
415 5394090 
416 5393014 
417 5392250 
418 5392250 
419 5391971 
420 5391307 
421 5391215 
422 5391166 
423 5390840 
424 5390812 
425 5390812 
426 5390530 
427 5390527 
428 5390486 
429 5389536 
430 5389490 
431 5389461 
432 5389010 
433 5388873 
434 5388810 
435 5388810 
436 5388810 
437 5388810 
438 5388810 
439 5388810 
440 5388810 
441 5388810 
442 5388810 
443 5388810 
444 5388810 
445 5388810 
446 5388597 
447 5388597 
448 5388597 
449 5388597 
450 5388597 
451 5388597 
452 5388597 
453 5388597 
454 5388597 
455 5388597 
456 5388597 
457 5388597 
458 5388597 
459 5388597 
460 5388597 
461 5388597 
462 5388597 
463 5388597 
464 5388597 
465 5388597 
466 5388597 
467 5388597 
468 5388597 
469 5388597 
470 5388597 
471 5388597 
472 5388597 
473 5388597 
474 5388597 
475 5388597 
476 5388597 
477 5388597 
478 5388597 
479 5388597 
480 5388597 
481 5388597 
482 5388597 
483 5388597 
484 5388597 
485 5388597 
486 5388597 
487 5388597 
488 5388597 
489 5388597 
490 5388597 
491 5388597 
492 5388597 
493 5388597 
494 5388597 
495 5388597 
496 5388597 
497 5388597 
498 5388597 
499 5388597 
500 5388597 
501 5388597 
502 5388597 
503 5388597 
504 5388597 
505 5388597 
506 5388597 
507 5388597 
508 5388597 
509 5388597 
510 5388597 
511 5388597 
512 5388597 
513 5388597 
514 5388597 
515 5388597 
516 5388597 
517 5388597 
518 5388597 
519 5388597 
520 5388597 
521 5388597 
522 5388597 
523 5388597 
524 5388597 
525 5388597 
526 5388597 
527 5388597 
528 5388597 
529 5388597 
530 5388597 
531 5388597 
532 5388597 
533 5388597 
534 5388597 
535 5388597 
536 5388597 
537 5388597 
538 5388597 
539 5388597 
540 5388597 
541 5388597 
542 5388597 
543 5388597 
544 5388597 
545 5388597 
546 5388597 
547 5388597 
548 5388597 
549 5388597 
550 5388597 
551 5388597 
552 5388597 
553 5388597 
554 5388597 
555 5388597 
556 5388597 
557 5388597 
558 5388597 
559 5388597 
560 5388597 
561 5388597 
562 5388597 
563 5388597 
564 5388597 
565 5388597 
566 5388597 
567 5388597 
568 5388597 
569 5388597 
570 5388597 
571 5388597 
572 5388597 
573 5388597 
574 5388597 
575 5388597 
576 5388597 
577 5388597 
578 5388597 
579 5388597 
580 5388597 
581 5388597 
582 5388597 
583 5388597 
584 5388597 
585 5388597 
586 5388597 
587 5388597 
588 5388597 
589 5388597 
590 5388597 
591 5388597 
592 5388597 
593 5388597 
594 5388597 
595 5388597 
596 5388597 
597 5388597 
598 5388597 
599 5388597 
600 5388597 
601 5388597 
602 5388597 
603 5388597 
604 5388597 
605 5388597 
606 5388597 
607 5388597 
608 5388597 
609 5388597 
610 5388597 
611 5388597 
612 5388597 
613 5388597 
614 5388597 
615 5388597 
616 5388597 
617 5388597 
618 5388597 
619 5388597 
620 5388597 
621 5388597 
622 5388597 
623 5388597 
624 5388597 
625 5388597 
626 5388597 
627 5388597 
628 5388597 
629 5388597 
630 5388597 
631 5388597 
632 5388597 
633 5388597 
634 5388597 
635 5388597 
636 5388597 
637 5388597 
638 5388597 
639 5388597 
640 5388597 
641 5388597 
642 5388597 
643 5388597 
644 5388597 
645 5388597 
646 5388597 
647 5388597 
648 5388597 
649 5388597 
650 5388597 
651 5388597 
652 5388597 
653 5388597 
654 5388597 
655 5388597 
656 5388597 
657 5388597 
658 5388597 
659 5388597 
660 5388597 
661 5388597 
662 5388597 
663 5388597 
664 5388597 
665 5388597 
666 5388597 
667 5388597 
668 5388597 
669 5388597 
670 5388597 
671 5388597 
672 5388597 
673 5388597 
674 5388597 
675 5388597 
676 5388597 
677 5388597 
678 5388597 
679 5388597 
680 5388597 
681 5388597 
682 5388597 
683 5388597 
684 5388597 
685 5388597 
686 5388597 
687 5388597 
688 5388597 
689 5388597 
690 5388597 
691 5388597 
692 5388597 
693 5388597 
694 5388597 
695 5388597 
696 5388597 
697 5388597 
698 5388597 
699 5388597 
700 5388597 
701 5388597 
702 5388597 
703 5388597 
704 5388597 
705 5388597 
706 5388597 
707 5388597 
708 5388597 
709 5388597 
710 5388597 
711 5388597 
712 5388597 
713 5388597 
714 5388597 
715 5388597 
716 5388597 
717 5388597 
718 5388597 
719 5388597 
720 5388597 
721 5388597 
722 5388597 
723 5388597 
724 5388597 
725 5388597 
726 5388597 
727 5388597 
728 5388597 
729 5388597 
730 5388597 
731 5388597 
732 5388597 
733 5388597 
734 5388597 
735 5388597 
736 5388597 
737 5388597 
738 5388597 
739 5388597 
740 5388597 
741 5388597 
742 5388597 
743 5388597 
744 5388597 
745 5388597 
746 5388597 
747 5388597 
748 5388597 
749 5388597 
750 5388597 
751 5388597 
752 5388597 
753 5388597 
754 5388597 
755 5388597 
756 5388597 
757 5388597 
758 5388597 
759 5388597 
760 5388597 
761 5388597 
762 5388597 
763 5388597 
764 5388597 
765 5388597 
766 5388597 
767 5388597 
768 5388597 
769 5388597 
770 5388597 
771 5388597 
772 5388597 
773 5388597 
774 5388597 
775 5388597 
776 5388597 
777 5388597 
778 5388597 
779 5388597 
780 5388597 
781 5388597 
782 5388597 
783 5388597 
784 5388597 
785 5388597 
786 5388597 
787 5388597 
788 5388597 
789 5388597 
790 5388597 
791 5388597 
792 5388597 
793 5388597 
794 5388597 
795 5388597 
796 5388597 
797 5388597 
798 5388597 
799 5388597 
800 5388597 
801 5388597 
802 5388597 
803 5388597 
804 5388597 
805 5388597 
806 5388597 
807 5388597 
808 5388597 
809 5388597 
810 5388597 
811 5388597 
812 5388597 
813 5388597 
814 5388597 
815 5388597 
816 5388597 
817 5388597 
818 5388597 
819 5388597 
820 5388597 
821 5388597 
822 5388597 
823 5388597 
824 5388597 
825 5388597 
826 5388597 
827 5388597 
828 5388597 
829 5388597 
830 5388597 
831 5388597 
832 5388597 
833 5388597 
834 5388597 
835 5388597 
836 5388597 
837 5388597 
838 5388597 
839 5388597 
840 5388597 
841 5388597 
842 5388597 
843 5388597 
844 5388597 
845 5388597 
846 5388597 
847 5388597 
848 5388597 
849 5388597 
850 5388597 
851 5388597 
852 5388597 
853 5388597 
854 5388597 
855 5388597 
856 5388597 
857 5388597 
858 5388597 
859 5388597 
860 5388597 
861 5388597 
862 5388597 
863 5388597 
864 5388597 
865 5388597 
866 5388597 
867 5388597 
868 5388597 
869 5388597 
870 5388597 
871 5388597 
872 5388597 
873 5388597 
874 5388597 
875 5388597 
876 5388597 
877 5388597 
878 5388597 
879 5388597 
880 5388597 
881 5388597 
882 5388597 
883 5388597 
884 5388597 
885 5388597 
886 5388597 
887 5388597 
888 5388597 
889 5388597 
890 5388597 
891 5388597 
892 5388597 
893 5388597 
894 5388597 
895 5388597 
896 5388597 
897 5388597 
898 5388597 
899 5388597 
900 5388597 
901 5388597 
902 5388597 
903 5388597 
904 5388597 
905 5388597 
906 5388597 
907 5388597 
908 5388597 
909 5388597 
910 5388597 
911 5388597 
912 5388597 
913 5388597 
914 5388597 
915 5388597 
916 5388597 
917 5388597 
918 5388597 
919 5388597 
920 5388597 
921 5388597 
922 5388597 
923 5388597 
924 5388597 
925 5388597 
926 5388597 
927 5388597 
928 5388597 
929 5388597 
930 5388597 
931 5388597 
932 5388597 
933 5388597 
934 5388597 
935 5388597 
936 5388597 
937 5388597 
938 5388597 
939 5388597 
940 5388597 
941 5388597 
942 5388597 
943 5388597 
944 5388597 
945 5388597 
946 5388597 
947 5388597 
948 5388597 
949 5388597 
950 5388597 
951 5388597 
952 5388597 
953 5388597 
954 5388597 
955 5388597 
956 5388597 
957 5388597 
958 5388597 
959 5388597 
960 5388597 
961 5388597 
962 5388597 
963 5388597 
964 5388597 
965 5388597 
966 5388597 
967 5388597 
968 5388597 
969 5388597 
970 5388597 
971 5388597 
972 5388597 
973 5388597 
974 5388597 
975 5388597 
976 5388597 
977 5388597 
978 5388597 
979 5388597 
980 5388597 
981 5388597 
982 5388597 
983 5388597 
984 5388597 
985 5388597 
986 5388597 
987 5388597 
988 5388597 
989 5388597 
990 5388597 
991 5388597 
992 5388597 
993 5388597 
994 5388597 
995 5388597 
996 5388597 
997 5388597 
998 5388597 
999 5388597 
1000 5388597 
1001 5388597 
1002 5388597 
1003 5388597 
1004 5388597 
1005 5388597 
1006 5388597 
1007 5388597 
1008 5388597 
1009 5388597 
1010 5388597 
1011 5388597 
1012 5388597 
1013 5388597 
1014 5388597 
1015 5388597 
1016 5388597 
1017 5388597 
1018 5388597 
1019 5388597 
1020 5388597 
1021 5388597 
1022 5388597 
1023 5388597 
1024 5388597 
1025 5388597 
1026 5388597 
1027 5388597 
1028 5388597 
1029 5388597 
1030 5388597 
1031 5388597 
1032 5388597 
1033 5388597 
1034 5388597 
1035 5388597 
1036 5388597 
1037 5388597 
1038 5388597 
1039 5388597 
1040 5388597 
1041 5388597 
1042 5388597 
1043 5388597 
1044 5388597 
1045 5388597 
1046 5388597 
1047 5388597 
1048 5388597 
1049 5388597 
1050 5388597 
1051 5388597 
1052 5388597 
1053 5388597 
1054 5388597 
1055 5388597 
1056 5388597 
1057 5388597 
1058 5388597 
1059 5388597 
1060 5388597 
1061 5388597 
1062 5388597 
1063 5388597 
1064 5388597 
1065 5388597 
1066 5388597 
1067 5388597 
1068 5388597 
1069 5388597 
1070 5388597 
1071 5388597 
1072 5388597 
1073 5388597 
1074 5388597 
1075 5388597 
1076 5388597 
1077 5388597 
1078 5388597 
1079 5388597 
1080 5388597 
1081 5388597 
1082 5388597 
1083 5388597 
1084 5388597 
1085 5388597 
1086 5388597 
1087 5388597 
1088 5388597 
1089 5388597 
1090 5388597 
1091 5388597 
1092 5388597 
1093 5388597 
1094 5388597 
1095 5388597 
1096 5388597 
1097 5388597 
1098 5388597 
1099 5388597 
1100 5388597 
1101 5388597 
1102 5388597 
1103 5388597 
1104 5388597 
1105 5388597 
1106 5388597 
1107 5388597 
1108 5388597 
1109 5388597 
1110 5388597 
1111 5388597 
1112 5388597 
1113 5388597 
1114 5388597 
1115 5388597 
1116 5388597 
1117 5388597 
1118 5388597 
1119 5388597 
1120 5388597 
1121 5388597 
1122 5388597 
1123 5388597 
1124 5388597 
1125 5388597 
1126 5388597 
1127 5388597 
1128 5388597 
1129 5388597 
1130 5388597 
1131 5388597 
1132 5388597 
1133 5388597 
1134 5388597 
1135 5388597 
1136 5388597 
1137 5388597 
1138 5388597 
1139 5388597 
1140 5388597 
1141 5388597 
1142 5388597 
1143 5388597 
1144 5388597 
1145 5388597 
1146 5388597 
1147 5388597 
1148 5388597 
1149 5388597 
1150 5388597 
1151 5388597 
1152 5388597 
1153 5388597 
1154 5388597 
1155 5388597 
1156 5388597 
1157 5388597 
1158 5388597 
1159 5388597 
1160 5388597 
1161 5388597 
1162 5388597 
1163 5388597 
1164 5388597 
1165 5388597 
1166 5388597 
1167 5388597 
1168 5388597 
1169 5388597 
1170 5388597 
1171 5388597 
1172 5388597 
1173 5388597 
1174 5388597 
1175 5388597 
1176 5388597 
1177 5388597 
1178 5388597 
1179 5388597 
1180 5388597 
1181 5388597 
1182 5388597 
1183 5388597 
1184 5388597 
1185 5388597 
1186 5388597 
1187 5388597 
1188 5388597 
1189 5388597 
1190 5388597 
1191 5388597 
1192 5388597 
1193 5388597 
1194 5388597 
1195 5388597 
1196 5388597 
1197 5388597 
1198 5388597 
1199 5388597 
1200 5388597 
1201 5388597 
1202 5388597 
1203 5388597 
1204 5388597 
1205 5388597 
1206 5388597 
1207 5388597 
1208 5388597 
1209 5388597 
1210 5388597 
1211 5388597 
1212 5388597 
1213 5388597 
1214 5388597 
1215 5388597 
1216 5388597 
1217 5388597 
1218 5388597 
1219 5388597 
1220 5388597 
1221 5388597 
1222 5388597 
1223 5388597 
1224 5388597 
1225 5388597 
1226 5388597 
1227 5388597 
1228 5388597 
1229 5388597 
1230 5388597 
1231 5388597 
1232 5388597 
1233 5388597 
1234 5388597 
1235 5388597 
1236 5388597 
1237 5388597 
1238 5388597 
1239 5388597 
1240 5388597 
1241 5388597 
1242 5388597 
1243 5388597 
1244 5388597 
1245 5388597 
1246 5388597 
1247 5388597 
1248 5388597 
1249 5388597 
1250 5388597 
1251 5388597 
1252 5388597 
1253 5388597 
1254 5388597 
1255 5388597 
1256 5388597 
1257 5388597 
1258 5388597 
1259 5388597 
1260 5388597 
1261 5388597 
1262 5388597 
1263 5388597 
1264 5388597 
1265 5388597 
1266 5388597 
1267 5388597 
1268 5388597 
1269 5388597 
1270 5388597 
1271 5388597 
1272 5388597 
1273 5388597 
1274 5388597 
1275 5388597 
1276 5388597 
1277 5388597 
1278 5388597 
1279 5388597 
1280 5388597 
1281 5388597 
1282 5388597 
1283 5388597 
1284 5388597 
1285 5388597 
1286 5388597 
1287 5388597 
1288 5388597 
1289 5388597 
1290 5388597 
1291 5388597 
1292 5388597 
1293 5388597 
1294 5388597 
1295 5388597 
1296 5388597 
1297 5388597 
1298 5388597 
1299 5388597 
1300 5388597 
1301 5388597 
1302 5388597 
1303 5388597 
1304 5388597 
1305 5388597 
1306 5388597 
1307 5388597 
1308 5388597 
1309 5388597 
1310 5388597 
1311 5388597 
1312 5388597 
1313 5388597 
1314 5388597 
1315 5388597 
1316 5388597 
1317 5388597 
1318 5388597 
1319 5388597 
1320 5388597 
1321 5388597 
1322 5388597 
1323 5388597 
1324 5388597 
1325 5388597 
1326 5388597 
1327 5388597 
1328 5388597 
1329 5388597 
1330 5388597 
1331 5388597 
1332 5388597 
1333 5388597 
1334 5388597 
1335 5388597 
1336 5388597 
1337 5388597 
1338 5388597 
1339 5388597 
1340 5388597 
1341 5388597 
1342 5388597 
1343 5388597 
1344 5388597 
1345 5388597 
1346 5388597 
1347 5388597 
1348 5388597 
1349 5388597 
1350 5388597 
1351 5388597 
1352 5388597 
1353 5388597 
1354 5388597 
1355 5388597 
1356 5388597 
1357 5388597 
1358 5388597 
1359 5388597 
1360 5388597 
1361 5388597 
1362 5388597 
1363 5388597 
1364 5388597 
1365 5388597 
1366 5388597 
1367 5388597 
1368 5388597 
1369 5388597 
1370 5388597 
1371 5388597 
1372 5388597 
1373 5388597 
1374 5388597 
1375 5388597 
1376 5388597 
1377 5388597 
1378 5388597 
1379 5388597 
1380 5388597 
1381 5388597 
1382 5388597 
1383 5388597 
1384 5388597 
1385 5388597 
1386 5388597 
1387 5388597 
1388 5388597 
1389 5388597 
1390 5388597 
1391 5388597 
1392 5388597 
1393 5388597 
1394 5388597 
1395 5388597 
1396 5388597 
1397 5388597 
1398 5388597 
1399 5388597 
1400 5388597 
1401 5388597 
1402 5388597 
1403 5388597 
1404 5388597 
1405 5388597 
1406 5388597 
1407 5388597 
1408 5388597 
1409 5388597 
1410 5388597 
1411 5388597 
1412 5388597 
1413 5388597 
1414 5388597 
1415 5388597 
1416 5388597 
1417 5388597 
1418 5388597 
1419 5388597 
1420 5388597 
1421 5388597 
1422 5388597 
1423 5388597 
1424 5388597 
1425 5388597 
1426 5388597 
1427 5388597 
1428 5388597 
1429 5388597 
1430 5388597 
1431 5388597 
1432 5388597 
1433 5388597 
1434 5388597 
1435 5388597 
1436 5388597 
1437 5388597 
1438 5388597 
1439 5388597 
1440 5388597 
1441 5388597 
1442 5388597 
1443 5388597 
1444 5388597 
1445 5388597 
1446 5388597 
1447 5388597 
1448 5388597 
1449 5388597 
1450 5388597 
1451 5388597 
1452 5388597 
1453 5388597 
1454 5388597 
1455 5388597 
1456 5388597 
1457 5388597 
1458 5388597 
1459 5388597 
1460 5388597 
1461 5388597 
1462 5388597 
1463 5388597 
1464 5388597 
1465 5388597 
1466 5388597 
1467 5388597 
1468 5388597 
1469 5388597 
1470 5388597 
1471 5388597 
1472 5388597 
1473 5388597 
1474 5388597 
1475 5388597 
1476 5388597 
1477 5388597 
1478 5388597 
1479 5388597 
1480 5388597 
1481 5388597 
1482 5388597 
1483 5388597 
1484 5388597 
1485 5388597 
1486 5388597 
1487 5388597 
1488 5388597 
1489 5388597 
1490 5388597 
1491 5388597 
1492 5388597 
1493 5388597 
1494 5388597 
1495 5388597 
1496 5388597 
1497 5388597 
1498 5388597 
1499 5388597 
1500 5388597 
1501 5388597 
1502 5388597 
1503 5388597 
1504 5388597 
1505 5388597 
1506 5388597 
1507 5388597 
1508 5388597 
1509 5388597 
1510 5388597 
1511 5388597 
1512 5388597 
1513 5388597 
1514 5388597 
1515 5388597 
1516 5388597 
1517 5388597 
1518 5388597 
1519 5388597 
1520 5388597 
1521 5388597 
1522 5388597 
1523 5388597 
1524 5388597 
1525 5388597 
1526 5388597 
1527 5388597 
1528 5388597 
1529 5388597 
1530 5388597 
1531 5388597 
1532 5388597 
1533 5388597 
1534 5388597 
1535 5388597 
1536 5388597 
1537 5388597 
1538 5388597 
1539 5388597 
1540 5388597 
1541 5388597 
1542 5388597 
1543 5388597 
1544 5388597 
1545 5388597 
1546 5388597 
1547 5388597 
1548 5388597 
1549 5388597 
1550 5388597 
1551 5388597 
1552 5388597 
1553 5388597 
1554 5388597 
1555 5388597 
1556 5388597 
1557 5388597 
1558 5388597 
1559 5388597 
1560 5388597 
1561 5388597 
1562 5388597 
1563 5388597 
1564 5388597 
1565 5388597 
1566 5388597 
1567 5388597 
1568 5388597 
1569 5388597 
1570 5388597 
1571 5388597 
1572 5388597 
1573 5388597 
1574 5388597 
1575 5388597 
1576 5388597 
1577 5388597 
1578 5388597 
1579 5388597 
1580 5388597 
1581 5388597 
1582 5388597 
1583 5388597 
1584 5388597 
1585 5388597 
1586 5388597 
1587 5388597 
1588 5388597 
1589 5388597 
1590 5388597 
1591 5388597 
1592 5388597 
1593 5388597 
1594 5388597 
1595 5388597 
1596 5388597 
1597 5388597 
1598 5388597 
1599 5388597 
1600 5388597 
1601 5388597 
1602 5388597 
1603 5388597 
1604 5388597 
1605 5388597 
1606 5388597 
1607 5388597 
1608 5388597 
1609 5388597 
1610 5388597 
1611 5388597 
1612 5388597 
1613 5388597 
1614 5388597 
1615 5388597 
1616 5388597 
1617 5388597 
1618 5388597 
1619 5388597 
1620 5388597 
1621 5388597 
1622 5388597 
1623 5388597 
1624 5388597 
1625 5388597 
1626 5388597 
1627 5388597 
1628 5388597 
1629 5388597 
1630 5388597 
1631 5388597 
1632 5388597 
1633 5388597 
1634 5388597 
1635 5388597 
1636 5388597 
1637 5388597 
1638 5388597 
1639 5388597 
1640 5388597 
1641 5388597 
1642 5388597 
1643 5388597 
1644 5388597 
1645 5388597 
1646 5388597 
1647 5388597 
1648 5388597 
1649 5388597 
1650 5388597 
1651 5388597 
1652 5388597 
1653 5388597 
1654 5388597 
1655 5388597 
1656 5388597 
1657 5388597 
1658 5388597 
1659 5388597 
1660 5388597 
1661 5388597 
1662 5388597 
1663 5388597 
1664 5388597 
1665 5388597 
1666 5388597 
1667 5388597 
1668 5388597 
1669 5388597 
1670 5388597 
1671 5388597 
1672 5388597 
1673 5388597 
1674 5388597 
1675 5388597 
1676 5388597 
1677 5388597 
1678 5388597 
1679 5388597 
1680 5388597 
1681 5388597 
1682 5388597 
1683 5388597 
1684 5388597 
1685 5388597 
1686 5388597 
1687 5388597 
1688 5388597 
1689 5388597 
1690 5388597 
1691 5388597 
1692 5388597 
1693 5388597 
1694 5388597 
1695 5388597 
1696 5388597 
1697 5388597 
1698 5388597 
1699 5388597 
1700 5388597 
1701 5388597 
1702 5388597 
1703 5388597 
1704 5388597 
1705 5388597 
1706 5388597 
1707 5388597 
1708 5388597 
1709 5388597 
1710 5388597 
1711 5388597 
1712 5388597 
1713 5388597 
1714 5388597 
1715 5388597 
1716 5388597 
1717 5388597 
1718 5388597 
1719 5388597 
1720 5388597 
1721 5388597 
1722 5388597 
1723 5388597 
1724 5388597 
1725 5388597 
1726 5388597 
1727 5388597 
1728 5388597 
1729 5388597 
1730 5388597 
1731 5388597 
1732 5388597 
1733 5388597 
1734 5388597 
1735 5388597 
1736 5388597 
1737 5388597 
1738 5388597 
1739 5388597 
1740 5388597 
1741 5388597 
1742 5388597 
1743 5388597 
1744 5388597 
1745 5388597 
1746 5388597 
1747 5388597 
1748 5388597 
1749 5388597 
1750 5388597 
1751 5388597 
1752 5388597 
1753 5388597 
1754 5388597 
1755 5388597 
1756 5388597 
1757 5388597 
1758 5388597 
1759 5388597 
1760 5388597 
1761 5388597 
1762 5388597 
1763 5388597 
1764 5388597 
1765 5388597 
1766 5388597 
1767 5388597 
1768 5388597 
1769 5388597 
1770 5388597 
1771 5388597 
1772 5388597 
1773 5388597 
1774 5388597 
1775 5388597 
1776 5388597 
1777 5388597 
1778 5388597 
1779 5388597 
1780 5388597 
1781 5388597 
1782 5388597 
1783 5388597 
1784 5388597 
1785 5388597 
1786 5388597 
1787 5388597 
1788 5388597 
1789 5388597 
1790 5388597 
1791 5388597 
1792 5388597 
1793 5388597 
1794 5388597 
1795 5388597 
1796 5388597 
1797 5388597 
1798 5388597 
1799 5388597 
1800 5388597 
1801 5388597 
1802 5388597 
1803 5388597 
1804 5388597 
1805 5388597 
1806 5388597 
1807 5388597 
1808 5388597 
1809 5388597 
1810 5388597 
1811 5388597 
1812 5388597 
1813 5388597 
1814 5388597 
1815 5388597 
1816 5388597 
1817 5388597 
1818 5388597 
1819 5388597 
1820 5388597 
1821 5388597 
1822 5388597 
1823 5388597 
1824 5388597 
1825 5388597 
1826 5388597 
1827 5388597 
1828 5388597 
1829 5388597 
1830 5388597 
1831 5388597 
1832 5388597 
1833 5388597 
1834 5388597 
1835 5388597 
1836 5388597 
1837 5388597 
1838 5388597 
1839 5388597 
1840 5388597 
1841 5388597 
1842 5388597 
1843 5388597 
1844 5388597 
1845 5388597 
1846 5388597 
1847 5388597 
1848 5388597 
1849 5388597 
1850 5388597 
1851 5388597 
1852 5388597 
1853 5388597 
1854 5388597 
1855 5388597 
1856 5388597 
1857 5388597 
1858 5388597 
1859 5388597 
1860 5388597 
1861 5388597 
1862 5388597 
1863 5388597 
1864 5388597 
1865 5388597 
1866 5388597 
1867 5388597 
1868 5388597 
1869 5388597 
1870 5388597 
1871 5388597 
1872 5388597 
1873 5388597 
1874 5388597 
1875 5388597 
1876 5388597 
1877 5388597 
1878 5388597 
1879 5388597 
1880 5388597 
1881 5388597 
1882 5388597 
1883 5388597 
1884 5388597 
1885 5388597 
1886 5388597 
1887 5388597 
1888 5388597 
1889 5388597 
1890 5388597 
1891 5388597 
1892 5388597 
1893 5388597 
1894 5388597 
1895 5388597 
1896 5388597 
1897 5388597 
1898 5388597 
1899 5388597 
1900 5388597 
1901 5388597 
1902 5388597 
1903 5388597 
1904 5388597 
1905 5388597 
1906 5388597 
1907 5388597 
1908 5388597 
1909 5388597 
1910 5388597 
1911 5388597 
1912 5388597 
1913 5388597 
1914 5388597 
1915 5388597 
1916 5388597 
1917 5388597 
1918 5388597 
1919 5388597 
1920 5388597 
1921 5388597 
1922 5388597 
1923 5388597 
1924 5388597 
1925 5388597 
1926 5388597 
1927 5388597 
1928 5388597 
1929 5388597 
1930 5388597 
1931 5388597 
1932 5388597 
1933 5388597 
1934 5388597 
1935 5388597 
1936 5388597 
1937 5388597 
1938 5388597 
1939 5388597 
1940 5388597 
1941 5388597 
1942 5388597 
1943 5388597 
1944 5388597 
1945 5388597 
1946 5388597 
1947 5388597 
1948 5388597 
1949 5388597 
1950 5388597 
1951 5388597 
1952 5388597 
1953 5388597 
1954 5388597 
1955 5388597 
1956 5388597 
1957 5388597 
1958 5388597 
1959 5388597 
1960 5388597 
1961 5388597 
1962 5388597 
1963 5388597 
1964 5388597 
1965 5388597 
1966 5388597 
1967 5388597 
1968 5388597 
1969 5388597 
1970 5388597 
1971 5388597 
1972 5388597 
1973 5388597 
1974 5388597 
1975 5388597 
1976 5388597 
1977 5388597 
1978 5388597 
1979 5388597 
1980 5388597 
1981 5388597 
1982 5388597 
1983 5388597 
1984 5388597 
1985 5388597 
1986 5388597 
1987 5388597 
1988 5388597 
1989 5388597 
1990 5388597 
1991 5388597 
1992 5388597 
1993 5388597 
1994 5388597 
1995 5388597 
1996 5388597 
1997 5388597 
1998 5388597 
1999 5388597 
2000 5388597 
2001 5388597 
2002 5388597 
2003 5388597 
2004 5388597 
2005 5388597 
2006 5388597 
2007 5388597 
2008 5388597 
2009 5388597 
2010 5388597 
2011 5388597 
2012 5388597 
2013 5388597 
2014 5388597 
2015 5388597 
2016 5388597 
2017 5388597 
2018 5388597 
2019 5388597 
2020 5388597 
2021 5388597 
2022 5388597 
2023 5388597 
2024 5388597 
2025 5388597 
2026 5388597 
2027 5388597 
2028 5388597 
2029 5388597 
2030 5388597 
2031 5388597 
2032 5388597 
2033 5388597 
2034 5388597 
2035 5388597 
2036 5388597 
2037 5388597 
2038 5388597 
2039 5388597 
2040 5388597 
2041 5388597 
2042 5388597 
2043 5388597 
2044 5388597 
2045 5388597 
2046 5388597 
2047 5388597 
2048 5388597 
2049 5388597 
2050 5388597 
2051 5388597 
2052 5388597 
2053 5388597 
2054 5388597 
2055 5388597 
2056 5388597 
2057 5388597 
2058 5388597 
2059 5388597 
2060 5388597 
2061 5388597 
2062 5388597 
2063 5388597 
2064 5388597 
2065 5388597 
2066 5388597 
2067 5388597 
2068 5388597 
2069 5388597 
2070 5388597 
2071 5388597 
2072 5388597 
2073 5388597 
2074 5388597 
2075 5388597 
2076 5388597 
2077 5388597 
2078 5388597 
2079 5388597 
2080 5388597 
2081 5388597 
2082 5388597 
2083 5388597 
2084 5388597 
2085 5388597 
2086 5388597 
2087 5388597 
2088 5388597 
2089 5388597 
2090 5388597 
2091 5388597 
2092 5388597 
2093 5388597 
2094 5388597 
2095 5388597 
2096 5388597 
2097 5388597 
2098 5388597 
2099 5388597 
2100 5388597 
2101 5388597 
2102 5388597 
2103 5388597 
2104 5388597 
2105 5388597 
2106 5388597 
2107 5388597 
2108 5388597 
2109 5388597 
2110 5388597 
2111 5388597 
2112 5388597 
2113 5388597 
2114 5388597 
2115 5388597 
2116 5388597 
2117 5388597 
2118 5388597 
2119 5388597 
2120 5388597 
2121 5388597 
2122 5388597 
2123 5388597 
2124 5388597 
2125 5388597 
2126 5388597 
2127 5388597 
2128 5388597 
2129 5388597 
2130 5388597 
2131 5388597 
2132 5388597 
2133 5388597 
2134 5388597 
2135 5388597 
2136 5388597 
2137 5388597 
2138 5388597 
2139 5388597 
2140 5388597 
2141 5388597 
2142 5388597 
2143 5388597 
2144 5388597 
2145 5388597 
2146 5388597 
2147 5388597 
2148 5388597 
2149 5388597 
2150 5388597 
2151 5388597 
2152 5388597 
2153 5388597 
2154 5388597 
2155 5388597 
2156 5388597 
2157 5388597 
2158 5388597 
2159 5388597 
2160 5388597 
2161 5388597 
2162 5388597 
2163 5388597 
2164 5388597 
2165 5388597 
2166 5388597 
2167 5388597 
2168 5388597 
2169 5388597 
2170 5388597 
2171 5388597 
2172 5388597 
2173 5388597 
2174 5388597 
2175 5388597 
2176 5388597 
2177 5388597 
2178 5388597 
2179 5388597 
2180 5388597 
2181 5388597 
2182 5388597 
2183 5388597 
2184 5388597 
2185 5388597 
2186 5388597 
2187 5388597 
2188 5388597 
2189 5388597 
2190 5388597 
2191 5388597 
2192 5388597 
2193 5388597 
2194 5388597 
2195 5388597 
2196 5388597 
2197 5388597 
2198 5388597 
2199 5388597 
2200 5388597 
2201 5388597 
2202 5388597 
2203 5388597 
2204 5388597 
2205 5388597 
2206 5388597 
2207 5388597 
2208 5388597 
2209 5388597 
2210 5388597 
2211 5388597 
2212 5388597 
2213 5388597 
2214 5388597 
2215 5388597 
2216 5388597 
2217 5388597 
2218 5388597 
2219 5388597 
2220 5388597 
2221 5388597 
2222 5388597 
2223 5388597 
2224 5388597 
2225 5388597 
2226 5388597 
2227 5388597 
2228 5388597 
2229 5388597 
2230 5388597 
2231 5388597 
2232 5388597 
2233 5388597 
2234 5388597 
2235 5388597 
2236 5388597 
2237 5388597 
2238 5388597 
2239 5388597 
2240 5388597 
2241 5388597 
2242 5388597 
2243 5388597 
2244 5388597 
2245 5388597 
2246 5388597 
2247 5388597 
2248 5388597 
2249 5388597 
2250 5388597 
2251 5388597 
2252 5388597 
2253 5388597 
2254 5388597 
2255 5388597 
2256 5388597 
2257 5388597 
2258 5388597 
2259 5388597 
2260 5388597 
2261 5388597 
2262 5388597 
2263 5388597 
2264 5388597 
2265 5388597 
2266 5388597 
2267 5388597 
2268 5388597 
2269 5388597 
2270 5388597 
2271 5388597 
2272 5388597 
2273 5388597 
2274 5388597 
2275 5388597 
2276 5388597 
2277 5388597 
2278 5388597 
2279 5388597 
2280 5388597 
2281 5388597 
2282 5388597 
2283 5388597 
2284 5388597 
2285 5388597 
2286 5388597 
2287 5388597 
2288 5388597 
2289 5388597 
2290 5388597 
2291 5388597 
2292 5388597 
2293 5388597 
2294 5388597 
2295 5388597 
2296 5388597 
2297 5388597 
2298 5388597 
2299 5388597 
2300 5388597 
2301 5388597 
2302 5388597 
2303 5388597 
2304 5388597 
2305 5388597 
2306 5388597 
2307 5388597 
2308 5388597 
2309 5388597 
2310 5388597 
2311 5388597 
2312 5388597 
2313 5388597 
2314 5388597 
2315 5388597 
2316 5388597 
2317 5388597 
2318 5388597 
2319 5388597 
2320 5388597 
2321 5388597 
2322 5388597 
2323 5388597 
2324 5388597 
2325 5388597 
2326 5388597 
2327 5388597 
2328 5388597 
2329 5388597 
2330 5388597 
2331 5388597 
2332 5388597 
2333 5388597 
2334 5388597 
2335 5388597 
2336 5388597 
2337 5388597 
2338 5388597 
2339 5388597 
2340 5388597 
2341 5388597 
2342 5388597 
2343 5388597 
2344 5388597 
2345 5388597 
2346 5388597 
2347 5388597 
2348 5388597 
2349 5388597 
2350 5388597 
2351 5388597 
2352 5388597 
2353 5388597 
2354 5388597 
2355 5388597 
2356 5388597 
2357 5388597 
2358 5388597 
2359 5388597 
2360 5388597 
2361 5388597 
2362 5388597 
2363 5388597 
2364 5388597 
2365 5388597 
2366 5388597 
2367 5388597 
2368 5388597 
2369 5388597 
2370 5388597 
2371 5388597 
2372 5388597 
2373 5388597 
2374 5388597 
2375 5388597 
2376 5388597 
2377 5388597 
2378 5388597 
2379 5388597 
2380 5388597 
2381 5388597 
2382 5388597 
2383 5388597 
2384 5388597 
2385 5388597 
2386 5388597 
2387 5388597 
2388 5388597 
2389 5388597 
2390 5388597 
2391 5388597 
2392 5388597 
2393 5388597 
2394 5388597 
2395 5388597 
2396 5388597 
2397 5388597 
2398 5388597 
2399 5388597 
2400 5388597 
2401 5388597 
2402 5388597 
2403 5388597 
2404 5388597 
2405 5388597 
2406 5388597 
2407 5388597 
2408 5388597 
2409 5388597 
2410 5388597 
2411 5388597 
2412 5388597 
2413 5388597 
2414 5388597 
2415 5388597 
2416 5388597 
2417 5388597 
2418 5388597 
2419 5388597 
2420 5388597 
2421 5388597 
2422 5388597 
2423 5388597 
2424 5388597 
2425 5388597 
2426 5388597 
2427 5388597 
2428 5388597 
2429 5388597 
2430 5388597 
2431 5388597 
2432 5388597 
2433 5388597 
2434 5388597 
2435 5388597 
2436 5388597 
2437 5388597 
2438 5388597 
2439 5388597 
2440 5388597 
2441 5388597 
2442 5388597 
2443 5388597 
2444 5388597 
2445 5388597 
2446 5388597 
2447 5388597 
2448 5388597 
2449 5388597 
2450 5388597 
2451 5388597 
2452 5388597 
2453 5388597 
2454 5388597 
2455 5388597 
2456 5388597 
2457 5388597 
2458 5388597 
2459 5388597 
2460 5388597 
2461 5388597 
2462 5388597 
2463 5388597 
2464 5388597 
2465 5388597 
2466 5388597 
2467 5388597 
2468 5388597 
2469 5388597 
2470 5388597 
2471 5388597 
2472 5388597 
2473 5388597 
2474 5388597 
2475 5388597 
2476 5388597 
2477 5388597 
2478 5388597 
2479 5388597 
2480 5388597 
2481 5388597 
2482 5388597 
2483 5388597 
2484 5388597 
2485 5388597 
2486 5388597 
2487 5388597 
2488 5388597 
2489 5388597 
2490 5388597 
2491 5388597 
2492 5388597 
2493 5388597 
2494 5388597 
2495 5388597 
2496 5388597 
2497 5388597 
2498 5388597 
2499 5388597 
2500 5388597 
2501 5388597 
2502 5388597 
2503 5388597 
2504 5388597 
2505 5388597 
2506 5388597 
2507 5388597 
2508 5388597 
2509 5388597 
2510 5388597 
2511 5388597 
2512 5388597 
2513 5388597 
2514 5388597 
2515 5388597 
2516 5388597 
2517 5388597 
2518 5388597 
2519 5388597 
2520 5388597 
2521 5388597 
2522 5388597 
2523 5388597 
2524 5388597 
2525 5388597 
2526 5388597 
2527 5388597 
2528 5388597 
2529 5388597 
2530 5388597 
2531 5388597 
2532 5388597 
2533 5388597 
2534 5388597 
2535 5388597 
2536 5388597 
2537 5388597 
2538 5388597 
2539 5388597 
2540 5388597 
2541 5388597 
2542 5388597 
2543 5388597 
2544 5388597 
2545 5388597 
2546 5388597 
2547 5388597 
2548 5388597 
2549 5388597 
2550 5388597 
2551 5388597 
2552 5388597 
2553 5388597 
2554 5388597 
2555 5388597 
2556 5388597 
2557 5388597 
2558 5388597 
2559 5388597 
2560 5388597 
2561 5388597 
2562 5388597 
2563 5388597 
2564 5388597 
2565 5388597 
2566 5388597 
2567 5388597 
2568 5388597 
2569 5388597 
2570 5388597 
2571 5388597 
2572 5388597 
2573 5388597 
2574 5388597 
2575 5388597 
2576 5388597 
2577 5388597 
2578 5388597 
2579 5388597 
2580 5388597 
2581 5388597 
2582 5388597 
2583 5388597 
2584 5388597 
2585 5388597 
2586 5388597 
2587 5388597 
2588 5388597 
2589 5388597 
2590 5388597 
2591 5388597 
2592 5388597 
2593 5388597 
2594 5388597 
2595 5388597 
2596 5388597 
2597 5388597 
2598 5388597 
2599 5388597 
2600 5388597 
2601 5388597 
2602 5388597 
2603 5388597 
2604 5388597 
2605 5388597 
2606 5388597 
2607 5388597 
2608 5388597 
2609 5388597 
2610 5388597 
2611 5388597 
2612 5388597 
2613 5388597 
2614 5388597 
2615 5388597 
2616 5388597 
2617 5388597 
2618 5388597 
2619 5388597 
2620 5388597 
2621 5388597 
2622 5388597 
2623 5388597 
2624 5388597 
2625 5388597 
2626 5388597 
2627 5388597 
2628 5388597 
2629 5388597 
2630 5388597 
2631 5388597 
2632 5388597 
2633 5388597 
2634 5388597 
2635 5388597 
2636 5388597 
2637 5388597 
2638 5388597 
2639 5388597 
2640 5388597 
2641 5388597 
2642 5388597 
2643 5388597 
2644 5388597 
2645 5388597 
2646 5388597 
2647 5388597 
2648 5388597 
2649 5388597 
2650 5388597 
2651 5388597 
2652 5388597 
2653 5388597 
2654 5388597 
2655 5388597 
2656 5388597 
2657 5388597 
2658 5388597 
2659 5388597 
2660 5388597 
2661 5388597 
2662 5388597 
2663 5388597 
2664 5388597 
2665 5388597 
2666 5388597 
2667 5388597 
2668 5388597 
2669 5388597 
2670 5388597 
2671 5388597 
2672 5388597 
2673 5388597 
2674 5388597 
2675 5388597 
2676 5388597 
2677 5388597 
2678 5388597 
2679 5388597 
2680 5388597 
2681 5388597 
2682 5388597 
2683 5388597 
2684 5388597 
2685 5388597 
2686 5388597 
2687 5388597 
2688 5388597 
2689 5388597 
2690 5388597 
2691 5388597 
2692 5388597 
2693 5388597 
2694 5388597 
2695 5388597 
2696 5388597 
2697 5388597 
2698 5388597 
2699 5388597 
2700 5388597 
2701 5388597 
2702 5388597 
2703 5388597 
2704 5388597 
2705 5388597 
2706 5388597 
2707 5388597 
2708 5388597 
2709 5388597 
2710 5388597 
2711 5388597 
2712 5388597 
2713 5388597 
2714 5388597 
2715 5388597 
2716 5388597 
2717 5388597 
2718 5388597 
2719 5388597 
2720 5388597 
2721 5388597 
2722 5388597 
2723 5388597 
2724 5388597 
2725 5388597 
2726 5388597 
2727 5388597 
2728 5388597 
2729 5388597 
2730 5388597 
2731 5388597 
2732 5388597 
2733 5388597 
2734 5388597 
2735 5388597 
2736 5388597 
2737 5388597 
2738 5388597 
2739 5388597 
2740 5388597 
2741 5388597 
2742 5388597 
2743 5388597 
2744 5388597 
2745 5388597 
2746 5388597 
2747 5388597 
2748 5388597 
2749 5388597 
2750 5388597 
2751 5388597 
2752 5388597 
2753 5388597 
2754 5388597 
2755 5388597 
2756 5388597 
2757 5388597 
2758 5388597 
2759 5388597 
2760 5388597 
2761 5388597 
2762 5388597 
2763 5388597 
2764 5388597 
2765 5388597 
2766 5388597 
2767 5388597 
2768 5388597 
2769 5388597 
2770 5388597 
2771 5388597 
2772 5388597 
2773 5388597 
2774 5388597 
2775 5388597 
2776 5388597 
2777 5388597 
2778 5388597 
2779 5388597 
2780 5388597 
2781 5388597 
2782 5388597 
2783 5388597 
2784 5388597 
2785 5388597 
2786 5388597 
2787 5388597 
2788 5388597 
2789 5388597 
2790 5388597 
2791 5388597 
2792 5388597 
2793 5388597 
2794 5388597 
2795 5388597 
2796 5388597 
2797 5388597 
2798 5388597 
2799 5388597 
2800 5388597 
2801 5388597 
2802 5388597 
2803 5388597 
2804 5388597 
2805 5388597 
2806 5388597 
2807 5388597 
2808 5388597 
2809 5388597 
2810 5388597 
2811 5388597 
2812 5388597 
2813 5388597 
2814 5388597 
2815 5388597 
2816 5388597 
2817 5388597 
2818 5388597 
2819 5388597 
2820 5388597 
2821 5388597 
2822 5388597 
2823 5388597 
2824 5388597 
2825 5388597 
2826 5388597 
2827 5388597 
2828 5388597 
2829 5388597 
2830 5388597 
2831 5388597 
2832 5388597 
2833 5388597 
2834 5388597 
2835 5388597 
2836 5388597 
2837 5388597 
2838 5388597 
2839 5388597 
2840 5388597 
2841 5388597 
2842 5388597 
2843 5388597 
2844 5388597 
2845 5388597 
2846 5388597 
2847 5388597 
2848 5388597 
2849 5388597 
2850 5388597 
2851 5388597 
2852 5388597 
2853 5388597 
2854 5388597 
2855 5388597 
2856 5388597 
2857 5388597 
2858 5388597 
2859 5388597 
2860 5388597 
2861 5388597 
2862 5388597 
2863 5388597 
2864 5388597 
2865 5388597 
2866 5388597 
2867 5388597 
2868 5388597 
2869 5388597 
2870 5388597 
2871 5388597 
2872 5388597 
2873 5388597 
2874 5388597 
2875 5388597 
2876 5388597 
2877 5388597 
2878 5388597 
2879 5388597 
2880 5388597 
2881 5388597 
2882 5388597 
2883 5388597 
2884 5388597 
2885 5388597 
2886 5388597 
2887 5388597 
2888 5388597 
2889 5388597 
2890 5388597 
2891 5388597 
2892 5388597 
2893 5388597 
2894 5388597 
2895 5388597 
2896 5388597 
2897 5388597 
2898 5388597 
2899 5388597 
2900 5388597 
2901 5388597 
2902 5388597 
2903 5388597 
2904 5388597 
2905 5388597 
2906 5388597 
2907 5388597 
2908 5388597 
2909 5388597 
2910 5388597 
2911 5388597 
2912 5388597 
2913 5388597 
2914 5388597 
2915 5388597 
2916 5388597 
2917 5388597 
2918 5388597 
2919 5388597 
2920 5388597 
2921 5388597 
2922 5388597 
2923 5388597 
2924 5388597 
2925 5388597 
2926 5388597 
2927 5388597 
2928 5388597 
2929 5388597 
2930 5388597 
2931 5388597 
2932 5388597 
2933 5388597 
2934 5388597 
2935 5388597 
2936 5388597 
2937 5388597 
2938 5388597 
2939 5388597 
2940 5388597 
2941 5388597 
2942 5388597 
2943 5388597 
2944 5388597 
2945 5388597 
2946 5388597 
2947 5388597 
2948 5388597 
2949 5388597 
2950 5388597 
2951 5388597 
2952 5388597 
2953 5388597 
2954 5388597 
2955 5388597 
2956 5388597 
2957 5388597 
2958 5388597 
2959 5388597 
2960 5388597 
2961 5388597 
2962 5388597 
2963 5388597 
2964 5388597 
2965 5388597 
2966 5388597 
2967 5388597 
2968 5388597 
2969 5388597 
2970 5388597 
2971 5388597 
2972 5388597 
2973 5388597 
2974 5388597 
2975 5388597 
2976 5388597 
2977 5388597 
2978 5388597 
2979 5388597 
2980 5388597 
2981 5388597 
2982 5388597 
2983 5388597 
2984 5388597 
2985 5388597 
2986 5388597 
2987 5388597 
2988 5388597 
2989 5388597 
2990 5388597 
2991 5388597 
2992 5388597 
2993 5388597 
2994 5388597 
2995 5388597 
2996 5388597 
2997 5388597 
2998 5388597 
2999 5388597 
3000 5388597 
3001 5388597 
3002 5388597 
3003 5388597 
3004 5388597 
3005 5388597 
3006 5388597 
3007 5388597 
3008 5388597 
3009 5388597 
3010 5388597 
3011 5388597 
3012 5388597 
3013 5388597 
3014 5388597 
3015 5388597 
3016 5388597 
3017 5388597 
3018 5388597 
3019 5388597 
3020 5388597 
3021 5388597 
3022 5388597 
3023 5388597 
3024 5388597 
3025 5388597 
3026 5388597 
3027 5388597 
3028 5388597 
3029 5388597 
3030 5388597 
3031 5388597 
3032 5388597 
3033 5388597 
3034 5388597 
3035 5388597 
3036 5388597 
3037 5388597 
3038 5388597 
3039 5388597 
3040 5388597 
3041 5388597 
3042 5388597 
3043 5388597 
3044 5388597 
3045 5388597 
3046 5388597 

