0 5915803 
1 5910357 
2 5903399 
3 5894823 
4 5892475 
5 5890897 
6 5889497 
7 5888813 
8 5856752 
9 5856181 
10 5855764 
11 5854502 
12 5835707 
13 5834018 
14 5833787 
15 5833782 
16 5824004 
17 5796942 
18 5791139 
19 5787945 
20 5783311 
21 5783309 
22 5783297 
23 5783292 
24 5783145 
25 5782699 
26 5782449 
27 5782423 
28 5782377 
29 5782365 
30 5763637 
31 5763293 
32 5758722 
33 5756587 
34 5749365 
35 5749323 
36 5749305 
37 5748443 
38 5748417 
39 5748214 
40 5748177 
41 5748119 
42 5746172 
43 5741496 
44 5741264 
45 5740742 
46 5739003 
47 5733673 
48 5733130 
49 5733090 
50 5731438 
51 5731424 
52 5730767 
53 5730767 
54 5730451 
55 5730427 
56 5729409 
57 5728049 
58 5728033 
59 5728021 
60 5728009 
61 5727484 
62 5727484 
63 5727363 
64 5727342 
65 5727301 
66 5727277 
67 5726914 
68 5726897 
69 5726159 
70 5726159 
71 5726145 
72 5726138 
73 5726017 
74 5725724 
75 5725652 
76 5725627 
77 5725503 
78 5725484 
79 5725062 
80 5725019 
81 5725012 
82 5724947 
83 5724901 
84 5724868 
85 5724680 
86 5724675 
87 5724602 
88 5719086 
89 5718893 
90 5718879 
91 5717720 
92 5717571 
93 5712088 
94 5712012 
95 5711976 
96 5709306 
97 5709014 
98 5708982 
99 5708867 
100 5708867 
101 5708855 
102 5705378 
103 5705259 
104 5705238 
105 5705219 
106 5705212 
107 5704910 
108 5704670 
109 5704670 
110 5704454 
111 5704429 
112 5704429 
113 5704369 
114 5704264 
115 5703176 
116 5703170 
117 5702021 
118 5684357 
119 5682864 
120 5682857 
121 5682837 
122 5673685 
123 5673454 
124 5673444 
125 5672562 
126 5672536 
127 5672339 
128 5672235 
129 5672152 
130 5670413 
131 5669528 
132 5669201 
133 5666943 
134 5664538 
135 5664225 
136 5662727 
137 5662519 
138 5661889 
139 5661882 
140 5661365 
141 5661341 
142 5660492 
143 5660492 
144 5660268 
145 5659809 
146 5659796 
147 5659179 
148 5658401 
149 5656025 
150 5656019 
151 5655917 
152 5655871 
153 5655759 
154 5655729 
155 5655657 
156 5655338 
157 5655286 
158 5655235 
159 5655141 
160 5655022 
161 5654991 
162 5654444 
163 5654431 
164 5654238 
165 5648987 
166 5648958 
167 5648958 
168 5648892 
169 5648886 
170 5647989 
171 5647839 
172 5645184 
173 5640639 
174 5640635 
175 5633851 
176 5633602 
177 5632339 
178 5632021 
179 5631449 
180 5631329 
181 5630343 
182 5627995 
183 5625936 
184 5624701 
185 5624568 
186 5624554 
187 5624516 
188 5624410 
189 5624398 
190 5624359 
191 5623739 
192 5623716 
193 5623162 
194 5623073 
195 5623047 
196 5622919 
197 5622914 
198 5622883 
199 5622871 
200 5622536 
201 5621495 
202 5621219 
203 5621214 
204 5621102 
205 5621072 
206 5621028 
207 5620884 
208 5620876 
209 5620829 
210 5620793 
211 5620605 
212 5620510 
213 5620198 
214 5620083 
215 5619157 
216 5619025 
217 5618274 
218 5618026 
219 5617701 
220 5617662 
221 5617102 
222 5617076 
223 5617020 
224 5615906 
225 5614041 
226 5613222 
227 5613172 
228 5613134 
229 5607976 
230 5607683 
231 5605516 
232 5603489 
233 5603471 
234 5603463 
235 5603229 
236 5603074 
237 5602177 
238 5601429 
239 5601378 
240 5601272 
241 5601146 
242 5598513 
243 5598499 
244 5598449 
245 5598058 
246 5590497 
247 5585549 
248 5585136 
249 5584891 
250 5584308 
251 5584252 
252 5584031 
253 5579657 
254 5577145 
255 5575206 
256 5572870 
257 5572782 
258 5572377 
259 5572246 
260 5572049 
261 5571515 
262 5571269 
263 5571216 
264 5571210 
265 5571053 
266 5568565 
267 5566850 
268 5566693 
269 5565601 
270 5556157 
271 5555520 
272 5555441 
273 5555256 
274 5553906 
275 5551229 
276 5543980 
277 5543907 
278 5543771 
279 5543405 
280 5542884 
281 5542631 
282 5540538 
283 5540533 
284 5539200 
285 5538451 
286 5538443 
287 5534867 
288 5534748 
289 5534748 
290 5534689 
291 5534307 
292 5533983 
293 5533822 
294 5533705 
295 5533365 
296 5533359 
297 5532088 
298 5532087 
299 5531753 
300 5531689 
301 5527937 
302 5527678 
303 5527608 
304 5527469 
305 5527091 
306 5527071 
307 5526871 
308 5526383 
309 5525349 
310 5516967 
311 5511606 
312 5511586 
313 5510141 
314 5508568 
315 5508265 
316 5507568 
317 5505622 
318 5505522 
319 5505499 
320 5505241 
321 5505134 
322 5491431 
323 5491385 
324 5491358 
325 5491262 
326 5491144 
327 5491007 
328 5490602 
329 5490522 
330 5490444 
331 5490310 
332 5484321 
333 5484242 
334 5484193 
335 5484191 
336 5484148 
337 5484142 
338 5483766 
339 5483759 
340 5483759 
341 5482382 
342 5482363 
343 5481341 
344 5480504 
345 5480217 
346 5478540 
347 5478108 
348 5478068 
349 5475850 
350 5475820 
351 5475510 
352 5475502 
353 5475332 
354 5474501 
355 5474449 
356 5474159 
357 5473723 
358 5473716 
359 5473663 
360 5472210 
361 5472201 
362 5472172 
363 5471253 
364 5471045 
365 5470917 
366 5470548 
367 5470540 
368 5470354 
369 5470354 
370 5470254 
371 5469899 
372 5469769 
373 5466501 
374 5466219 
375 5465684 
376 5465582 
377 5463259 
378 5463173 
379 5463128 
380 5463128 
381 5463088 
382 5461359 
383 5458579 
384 5451704 
385 5451691 
386 5447659 
387 5441159 
388 5441023 
389 5440736 
390 5439735 
391 5438576 
392 5438027 
393 5437948 
394 5437717 
395 5437672 
396 5437592 
397 5437431 
398 5437431 
399 5436431 
400 5436354 
401 5435942 
402 5435886 
403 5435828 
404 5435692 
405 5435672 
406 5435672 
407 5434713 
408 5432585 
409 5431774 
410 5431724 
411 5431704 
412 5431016 
413 5430987 
414 5428412 
415 5428412 
416 5428334 
417 5428040 
418 5428002 
419 5427996 
420 5427989 
421 5427736 
422 5427721 
423 5427678 
424 5427666 
425 5427528 
426 5427227 
427 5427145 
428 5426850 
429 5426841 
430 5426256 
431 5426236 
432 5426060 
433 5425654 
434 5425628 
435 5425625 
436 5424784 
437 5424716 
438 5424312 
439 5423307 
440 5422947 
441 5422564 
442 5422504 
443 5422389 
444 5422111 
445 5421801 
446 5421121 
447 5420995 
448 5419772 
449 5419744 
450 5419636 
451 5418859 
452 5418827 
453 5418674 
454 5418382 
455 5418378 
456 5418378 
457 5418209 
458 5418034 
459 5417796 
460 5417247 
461 5416770 
462 5416739 
463 5416739 
464 5416448 
465 5416436 
466 5416436 
467 5416423 
468 5413620 
469 5413620 
470 5413620 
471 5413620 
472 5413048 
473 5413020 
474 5413011 
475 5412933 
476 5412354 
477 5412071 
478 5411719 
479 5411719 
480 5410712 
481 5410291 
482 5410291 
483 5410274 
484 5410195 
485 5409736 
486 5409633 
487 5408695 
488 5408443 
489 5408214 
490 5408214 
491 5407815 
492 5407749 
493 5407732 
494 5407732 
495 5407732 
496 5407732 
497 5407725 
498 5407713 
499 5407396 
500 5407396 
501 5407396 
502 5407396 
503 5407396 
504 5407396 
505 5407396 
506 5407396 
507 5407396 
508 5407396 
509 5407396 
510 5407396 
511 5407396 
512 5407396 
513 5407396 
514 5407396 
515 5407396 
516 5407396 
517 5407396 
518 5407396 
519 5407396 
520 5407396 
521 5407396 
522 5407396 
523 5407396 
524 5407396 
525 5407396 
526 5407396 
527 5407396 
528 5407396 
529 5407396 
530 5407396 
531 5407396 
532 5407396 
533 5407396 
534 5407396 
535 5407396 
536 5407396 
537 5407396 
538 5407396 
539 5407396 
540 5407396 
541 5407396 
542 5407396 
543 5407396 
544 5407396 
545 5407396 
546 5407396 
547 5407396 
548 5407396 
549 5407396 
550 5407396 
551 5407396 
552 5407396 
553 5407396 
554 5407396 
555 5407396 
556 5407396 
557 5407396 
558 5407396 
559 5407396 
560 5407396 
561 5407396 
562 5407396 
563 5407396 
564 5407396 
565 5407396 
566 5407396 
567 5407396 
568 5407396 
569 5407396 
570 5407396 
571 5407396 
572 5407396 
573 5407396 
574 5407396 
575 5407396 
576 5407396 
577 5407396 
578 5407396 
579 5407396 
580 5407396 
581 5407396 
582 5407396 
583 5407396 
584 5407396 
585 5407396 
586 5407396 
587 5407396 
588 5407396 
589 5407396 
590 5407396 
591 5407396 
592 5407396 
593 5407396 
594 5407396 
595 5407396 
596 5407396 
597 5407396 
598 5407396 
599 5407396 
600 5407396 
601 5407396 
602 5407396 
603 5407396 
604 5407396 
605 5407396 
606 5407396 
607 5407396 
608 5407396 
609 5407396 
610 5407396 
611 5407396 
612 5407396 
613 5407396 
614 5407396 
615 5407396 
616 5407396 
617 5407396 
618 5407396 
619 5407396 
620 5407396 
621 5407396 
622 5407396 
623 5407396 
624 5407396 
625 5407396 
626 5407396 
627 5407396 
628 5407396 
629 5407396 
630 5407396 
631 5407396 
632 5407396 
633 5407396 
634 5407396 
635 5407396 
636 5407396 
637 5407396 
638 5407396 
639 5407396 
640 5407396 
641 5407396 
642 5407396 
643 5407396 
644 5407396 
645 5407396 
646 5407396 
647 5407396 
648 5407396 
649 5407396 
650 5407396 
651 5407396 
652 5407396 
653 5407396 
654 5407396 
655 5407396 
656 5407396 
657 5407396 
658 5407396 
659 5407396 
660 5407396 
661 5407396 
662 5407396 
663 5407396 
664 5407396 
665 5407396 
666 5407396 
667 5407396 
668 5407396 
669 5407396 
670 5407396 
671 5407396 
672 5407396 
673 5407396 
674 5407396 
675 5407396 
676 5407396 
677 5407396 
678 5407396 
679 5407396 
680 5407396 
681 5407396 
682 5407396 
683 5407396 
684 5407396 
685 5407396 
686 5407396 
687 5407396 
688 5407396 
689 5407396 
690 5407396 
691 5407396 
692 5407396 
693 5407396 
694 5407396 
695 5407396 
696 5407396 
697 5407396 
698 5407396 
699 5407396 
700 5407396 
701 5407396 
702 5407396 
703 5407396 
704 5407396 
705 5407396 
706 5407396 
707 5407396 
708 5407396 
709 5407396 
710 5407396 
711 5407396 
712 5407396 
713 5407396 
714 5407396 
715 5407396 
716 5407396 
717 5407396 
718 5407396 
719 5407396 
720 5407396 
721 5407396 
722 5407396 
723 5407396 
724 5407396 
725 5407396 
726 5407396 
727 5407396 
728 5407396 
729 5407396 
730 5407396 
731 5407396 
732 5407396 
733 5407396 
734 5407396 
735 5407396 
736 5407396 
737 5407396 
738 5407396 
739 5407396 
740 5407396 
741 5407396 
742 5407396 
743 5407396 
744 5407396 
745 5407396 
746 5407396 
747 5407396 
748 5407396 
749 5407396 
750 5407396 
751 5407396 
752 5407396 
753 5407396 
754 5407396 
755 5407396 
756 5407396 
757 5407396 
758 5407396 
759 5407396 
760 5407396 
761 5407396 
762 5407396 
763 5407396 
764 5407396 
765 5407396 
766 5407396 
767 5407396 
768 5407396 
769 5407396 
770 5407396 
771 5407396 
772 5407396 
773 5407396 
774 5407396 
775 5407396 
776 5407396 
777 5407396 
778 5407396 
779 5407396 
780 5407396 
781 5407396 
782 5407396 
783 5407396 
784 5407396 
785 5407396 
786 5407396 
787 5407396 
788 5407396 
789 5407396 
790 5407396 
791 5407396 
792 5407396 
793 5407396 
794 5407396 
795 5407396 
796 5407396 
797 5407396 
798 5407396 
799 5407396 
800 5407396 
801 5407396 
802 5407396 
803 5407396 
804 5407396 
805 5407396 
806 5407396 
807 5407396 
808 5407396 
809 5407396 
810 5407396 
811 5407396 
812 5407396 
813 5407396 
814 5407396 
815 5407396 
816 5407396 
817 5407396 
818 5407396 
819 5407396 
820 5407396 
821 5407396 
822 5407396 
823 5407396 
824 5407396 
825 5407396 
826 5407396 
827 5407396 
828 5407396 
829 5407396 
830 5407396 
831 5407396 
832 5407396 
833 5407396 
834 5407396 
835 5407396 
836 5407396 
837 5407396 
838 5407396 
839 5407396 
840 5407396 
841 5407396 
842 5407396 
843 5407396 
844 5407396 
845 5407396 
846 5407396 
847 5407396 
848 5407396 
849 5407396 
850 5407396 
851 5407396 
852 5407396 
853 5407396 
854 5407396 
855 5407396 
856 5407396 
857 5407396 
858 5407396 
859 5407396 
860 5407396 
861 5407396 
862 5407396 
863 5407396 
864 5407396 
865 5407396 
866 5407396 
867 5407396 
868 5407396 
869 5407396 
870 5407396 
871 5407396 
872 5407396 
873 5407396 
874 5407396 
875 5407396 
876 5407396 
877 5407396 
878 5407396 
879 5407396 
880 5407396 
881 5407396 
882 5407396 
883 5407396 
884 5407396 
885 5407396 
886 5407396 
887 5407396 
888 5407396 
889 5407396 
890 5407396 
891 5407396 
892 5407396 
893 5407396 
894 5407396 
895 5407396 
896 5407396 
897 5407396 
898 5407396 
899 5407396 
900 5407396 
901 5407396 
902 5407396 
903 5407396 
904 5407396 
905 5407396 
906 5407396 
907 5407396 
908 5407396 
909 5407396 
910 5407396 
911 5407396 
912 5407396 
913 5407396 
914 5407396 
915 5407396 
916 5407396 
917 5407396 
918 5407396 
919 5407396 
920 5407396 
921 5407396 
922 5407396 
923 5407396 
924 5407396 
925 5407396 
926 5407396 
927 5407396 
928 5407396 
929 5407396 
930 5407396 
931 5407396 
932 5407396 
933 5407396 
934 5407396 
935 5407396 
936 5407396 
937 5407396 
938 5407396 
939 5407396 
940 5407396 
941 5407396 
942 5407396 
943 5407396 
944 5407396 
945 5407396 
946 5407396 
947 5407396 
948 5407396 
949 5407396 
950 5407396 
951 5407396 
952 5407396 
953 5407396 
954 5407396 
955 5407396 
956 5407396 
957 5407396 
958 5407396 
959 5407396 
960 5407396 
961 5407396 
962 5407396 
963 5407396 
964 5407396 
965 5407396 
966 5407396 
967 5407396 
968 5407396 
969 5407396 
970 5407396 
971 5407396 
972 5407396 
973 5407396 
974 5407396 
975 5407396 
976 5407396 
977 5407396 
978 5407396 
979 5407396 
980 5407396 
981 5407396 
982 5407396 
983 5407396 
984 5407396 
985 5407396 
986 5407396 
987 5407396 
988 5407396 
989 5407396 
990 5407396 
991 5407396 
992 5407396 
993 5407396 
994 5407396 
995 5407396 
996 5407396 
997 5407396 
998 5407396 
999 5407396 
1000 5407396 
1001 5407396 
1002 5407396 
1003 5407396 
1004 5407396 
1005 5407396 
1006 5407396 
1007 5407396 
1008 5407396 
1009 5407396 
1010 5407396 
1011 5407396 
1012 5407396 
1013 5407396 
1014 5407396 
1015 5407396 
1016 5407396 
1017 5407396 
1018 5407396 
1019 5407396 
1020 5407396 
1021 5407396 
1022 5407396 
1023 5407396 
1024 5407396 
1025 5407396 
1026 5407396 
1027 5407396 
1028 5407396 
1029 5407396 
1030 5407396 
1031 5407396 
1032 5407396 
1033 5407396 
1034 5407396 
1035 5407396 
1036 5407396 
1037 5407396 
1038 5407396 
1039 5407396 
1040 5407396 
1041 5407396 
1042 5407396 
1043 5407396 
1044 5407396 
1045 5407396 
1046 5407396 
1047 5407396 
1048 5407396 
1049 5407396 
1050 5407396 
1051 5407396 
1052 5407396 
1053 5407396 
1054 5407396 
1055 5407396 
1056 5407396 
1057 5407396 
1058 5407396 
1059 5407396 
1060 5407396 
1061 5407396 
1062 5407396 
1063 5407396 
1064 5407396 
1065 5407396 
1066 5407396 
1067 5407396 
1068 5407396 
1069 5407396 
1070 5407396 
1071 5407396 
1072 5407396 
1073 5407396 
1074 5407396 
1075 5407396 
1076 5407396 
1077 5407396 
1078 5407396 
1079 5407396 
1080 5407396 
1081 5407396 
1082 5407396 
1083 5407396 
1084 5407396 
1085 5407396 
1086 5407396 
1087 5407396 
1088 5407396 
1089 5407396 
1090 5407396 
1091 5407396 
1092 5407396 
1093 5407396 
1094 5407396 
1095 5407396 
1096 5407396 
1097 5407396 
1098 5407396 
1099 5407396 
1100 5407396 
1101 5407396 
1102 5407396 
1103 5407396 
1104 5407396 
1105 5407396 
1106 5407396 
1107 5407396 
1108 5407396 
1109 5407396 
1110 5407396 
1111 5407396 
1112 5407396 
1113 5407396 
1114 5407396 
1115 5407396 
1116 5407396 
1117 5407396 
1118 5407396 
1119 5407396 
1120 5407396 
1121 5407396 
1122 5407396 
1123 5407396 
1124 5407396 
1125 5407396 
1126 5407396 
1127 5407396 
1128 5407396 
1129 5407396 
1130 5407396 
1131 5407396 
1132 5407396 
1133 5407396 
1134 5407396 
1135 5407396 
1136 5407396 
1137 5407396 
1138 5407396 
1139 5407396 
1140 5407396 
1141 5407396 
1142 5407396 
1143 5407396 
1144 5407396 
1145 5407396 
1146 5407396 
1147 5407396 
1148 5407396 
1149 5407396 
1150 5407396 
1151 5407396 
1152 5407396 
1153 5407396 
1154 5407396 
1155 5407396 
1156 5407396 
1157 5407396 
1158 5407396 
1159 5407396 
1160 5407396 
1161 5407396 
1162 5407396 
1163 5407396 
1164 5407396 
1165 5407396 
1166 5407396 
1167 5407396 
1168 5407396 
1169 5407396 
1170 5407396 
1171 5407396 
1172 5407396 
1173 5407396 
1174 5407396 
1175 5407396 
1176 5407396 
1177 5407396 
1178 5407396 
1179 5407396 
1180 5407396 
1181 5407396 
1182 5407396 
1183 5407396 
1184 5407396 
1185 5407396 
1186 5407396 
1187 5407396 
1188 5407396 
1189 5407396 
1190 5407396 
1191 5407396 
1192 5407396 
1193 5407396 
1194 5407396 
1195 5407396 
1196 5407396 
1197 5407396 
1198 5407396 
1199 5407396 
1200 5407396 
1201 5407396 
1202 5407396 
1203 5407396 
1204 5407396 
1205 5407396 
1206 5407396 
1207 5407396 
1208 5407396 
1209 5407396 
1210 5407396 
1211 5407396 
1212 5407396 
1213 5407396 
1214 5407396 
1215 5407396 
1216 5407396 
1217 5407396 
1218 5407396 
1219 5407396 
1220 5407396 
1221 5407396 
1222 5407396 
1223 5407396 
1224 5407396 
1225 5407396 
1226 5407396 
1227 5407396 
1228 5407396 
1229 5407396 
1230 5407396 
1231 5407396 
1232 5407396 
1233 5407396 
1234 5407396 
1235 5407396 
1236 5407396 
1237 5407396 
1238 5407396 
1239 5407396 
1240 5407396 
1241 5407396 
1242 5407396 
1243 5407396 
1244 5407396 
1245 5407396 
1246 5407396 
1247 5407396 
1248 5407396 
1249 5407396 
1250 5407396 
1251 5407396 
1252 5407396 
1253 5407396 
1254 5407396 
1255 5407396 
1256 5407396 
1257 5407396 
1258 5407396 
1259 5407396 
1260 5407396 
1261 5407396 
1262 5407396 
1263 5407396 
1264 5407396 
1265 5407396 
1266 5407396 
1267 5407396 
1268 5407396 
1269 5407396 
1270 5407396 
1271 5407396 
1272 5407396 
1273 5407396 
1274 5407396 
1275 5407396 
1276 5407396 
1277 5407396 
1278 5407396 
1279 5407396 
1280 5407396 
1281 5407396 
1282 5407396 
1283 5407396 
1284 5407396 
1285 5407396 
1286 5407396 
1287 5407396 
1288 5407396 
1289 5407396 
1290 5407396 
1291 5407396 
1292 5407396 
1293 5407396 
1294 5407396 
1295 5407396 
1296 5407396 
1297 5407396 
1298 5407396 
1299 5407396 
1300 5407396 
1301 5407396 
1302 5407396 
1303 5407396 
1304 5407396 
1305 5407396 
1306 5407396 
1307 5407396 
1308 5407396 
1309 5407396 
1310 5407396 
1311 5407396 
1312 5407396 
1313 5407396 
1314 5407396 
1315 5407396 
1316 5407396 
1317 5407396 
1318 5407396 
1319 5407396 
1320 5407396 
1321 5407396 
1322 5407396 
1323 5407396 
1324 5407396 
1325 5407396 
1326 5407396 
1327 5407396 
1328 5407396 
1329 5407396 
1330 5407396 
1331 5407396 
1332 5407396 
1333 5407396 
1334 5407396 
1335 5407396 
1336 5407396 
1337 5407396 
1338 5407396 
1339 5407396 
1340 5407396 
1341 5407396 
1342 5407396 
1343 5407396 
1344 5407396 
1345 5407396 
1346 5407396 
1347 5407396 
1348 5407396 
1349 5407396 
1350 5407396 
1351 5407396 
1352 5407396 
1353 5407396 
1354 5407396 
1355 5407396 
1356 5407396 
1357 5407396 
1358 5407396 
1359 5407396 
1360 5407396 
1361 5407396 
1362 5407396 
1363 5407396 
1364 5407396 
1365 5407396 
1366 5407396 
1367 5407396 
1368 5407396 
1369 5407396 
1370 5407396 
1371 5407396 
1372 5407396 
1373 5407396 
1374 5407396 
1375 5407396 
1376 5407396 
1377 5407396 
1378 5407396 
1379 5407396 
1380 5407396 
1381 5407396 
1382 5407396 
1383 5407396 
1384 5407396 
1385 5407396 
1386 5407396 
1387 5407396 
1388 5407396 
1389 5407396 
1390 5407396 
1391 5407396 
1392 5407396 
1393 5407396 
1394 5407396 
1395 5407396 
1396 5407396 
1397 5407396 
1398 5407396 
1399 5407396 
1400 5407396 
1401 5407396 
1402 5407396 
1403 5407396 
1404 5407396 
1405 5407396 
1406 5407396 
1407 5407396 
1408 5407396 
1409 5407396 
1410 5407396 
1411 5407396 
1412 5407396 
1413 5407396 
1414 5407396 
1415 5407396 
1416 5407396 
1417 5407396 
1418 5407396 
1419 5407396 
1420 5407396 
1421 5407396 
1422 5407396 
1423 5407396 
1424 5407396 
1425 5407396 
1426 5407396 
1427 5407396 
1428 5407396 
1429 5407396 
1430 5407396 
1431 5407396 
1432 5407396 
1433 5407396 
1434 5407396 
1435 5407396 
1436 5407396 
1437 5407396 
1438 5407396 
1439 5407396 
1440 5407396 
1441 5407396 
1442 5407396 
1443 5407396 
1444 5407396 
1445 5407396 
1446 5407396 
1447 5407396 
1448 5407396 
1449 5407396 
1450 5407396 
1451 5407396 
1452 5407396 
1453 5407396 
1454 5407396 
1455 5407396 
1456 5407396 
1457 5407396 
1458 5407396 
1459 5407396 
1460 5407396 
1461 5407396 
1462 5407396 
1463 5407396 
1464 5407396 
1465 5407396 
1466 5407396 
1467 5407396 
1468 5407396 
1469 5407396 
1470 5407396 
1471 5407396 
1472 5407396 
1473 5407396 
1474 5407396 
1475 5407396 
1476 5407396 
1477 5407396 
1478 5407396 
1479 5407396 
1480 5407396 
1481 5407396 
1482 5407396 
1483 5407396 
1484 5407396 
1485 5407396 
1486 5407396 
1487 5407396 
1488 5407396 
1489 5407396 
1490 5407396 
1491 5407396 
1492 5407396 
1493 5407396 
1494 5407396 
1495 5407396 
1496 5407396 
1497 5407396 
1498 5407396 
1499 5407396 
1500 5407396 
1501 5407396 
1502 5407396 
1503 5407396 
1504 5407396 
1505 5407396 
1506 5407396 
1507 5407396 
1508 5407396 
1509 5407396 
1510 5407396 
1511 5407396 
1512 5407396 
1513 5407396 
1514 5407396 
1515 5407396 
1516 5407396 
1517 5407396 
1518 5407396 
1519 5407396 
1520 5407396 
1521 5407396 
1522 5407396 
1523 5407396 
1524 5407396 
1525 5407396 
1526 5407396 
1527 5407396 
1528 5407396 
1529 5407396 
1530 5407396 
1531 5407396 
1532 5407396 
1533 5407396 
1534 5407396 
1535 5407396 
1536 5407396 
1537 5407396 
1538 5407396 
1539 5407396 
1540 5407396 
1541 5407396 
1542 5407396 
1543 5407396 
1544 5407396 
1545 5407396 
1546 5407396 
1547 5407396 
1548 5407396 
1549 5407396 
1550 5407396 
1551 5407396 
1552 5407396 
1553 5407396 
1554 5407396 
1555 5407396 
1556 5407396 
1557 5407396 
1558 5407396 
1559 5407396 
1560 5407396 
1561 5407396 
1562 5407396 
1563 5407396 
1564 5407396 
1565 5407396 
1566 5407396 
1567 5407396 
1568 5407396 
1569 5407396 
1570 5407396 
1571 5407396 
1572 5407396 
1573 5407396 
1574 5407396 
1575 5407396 
1576 5407396 
1577 5407396 
1578 5407396 
1579 5407396 
1580 5407396 
1581 5407396 
1582 5407396 
1583 5407396 
1584 5407396 
1585 5407396 
1586 5407396 
1587 5407396 
1588 5407396 
1589 5407396 
1590 5407396 
1591 5407396 
1592 5407396 
1593 5407396 
1594 5407396 
1595 5407396 
1596 5407396 
1597 5407396 
1598 5407396 
1599 5407396 
1600 5407396 
1601 5407396 
1602 5407396 
1603 5407396 
1604 5407396 
1605 5407396 
1606 5407396 
1607 5407396 
1608 5407396 
1609 5407396 
1610 5407396 
1611 5407396 
1612 5407396 
1613 5407396 
1614 5407396 
1615 5407396 
1616 5407396 
1617 5407396 
1618 5407396 
1619 5407396 
1620 5407396 
1621 5407396 
1622 5407396 
1623 5407396 
1624 5407396 
1625 5407396 
1626 5407396 
1627 5407396 
1628 5407396 
1629 5407396 
1630 5407396 
1631 5407396 
1632 5407396 
1633 5407396 
1634 5407396 
1635 5407396 
1636 5407396 
1637 5407396 
1638 5407396 
1639 5407396 
1640 5407396 
1641 5407396 
1642 5407396 
1643 5407396 
1644 5407396 
1645 5407396 
1646 5407396 
1647 5407396 
1648 5407396 
1649 5407396 
1650 5407396 
1651 5407396 
1652 5407396 
1653 5407396 
1654 5407396 
1655 5407396 
1656 5407396 
1657 5407396 
1658 5407396 
1659 5407396 
1660 5407396 
1661 5407396 
1662 5407396 
1663 5407396 
1664 5407396 
1665 5407396 
1666 5407396 
1667 5407396 
1668 5407396 
1669 5407396 
1670 5407396 
1671 5407396 
1672 5407396 
1673 5407396 
1674 5407396 
1675 5407396 
1676 5407396 
1677 5407396 
1678 5407396 
1679 5407396 
1680 5407396 
1681 5407396 
1682 5407396 
1683 5407396 
1684 5407396 
1685 5407396 
1686 5407396 
1687 5407396 
1688 5407396 
1689 5407396 
1690 5407396 
1691 5407396 
1692 5407396 
1693 5407396 
1694 5407396 
1695 5407396 
1696 5407396 
1697 5407396 
1698 5407396 
1699 5407396 
1700 5407396 
1701 5407396 
1702 5407396 
1703 5407396 
1704 5407396 
1705 5407396 
1706 5407396 
1707 5407396 
1708 5407396 
1709 5407396 
1710 5407396 
1711 5407396 
1712 5407396 
1713 5407396 
1714 5407396 
1715 5407396 
1716 5407396 
1717 5407396 
1718 5407396 
1719 5407396 
1720 5407396 
1721 5407396 
1722 5407396 
1723 5407396 
1724 5407396 
1725 5407396 
1726 5407396 
1727 5407396 
1728 5407396 
1729 5407396 
1730 5407396 
1731 5407396 
1732 5407396 
1733 5407396 
1734 5407396 
1735 5407396 
1736 5407396 
1737 5407396 
1738 5407396 
1739 5407396 
1740 5407396 
1741 5407396 
1742 5407396 
1743 5407396 
1744 5407396 
1745 5407396 
1746 5407396 
1747 5407396 
1748 5407396 
1749 5407396 
1750 5407396 
1751 5407396 
1752 5407396 
1753 5407396 
1754 5407396 
1755 5407396 
1756 5407396 
1757 5407396 
1758 5407396 
1759 5407396 
1760 5407396 
1761 5407396 
1762 5407396 
1763 5407396 
1764 5407396 
1765 5407396 
1766 5407396 
1767 5407396 
1768 5407396 
1769 5407396 
1770 5407396 
1771 5407396 
1772 5407396 
1773 5407396 
1774 5407396 
1775 5407396 
1776 5407396 
1777 5407396 
1778 5407396 
1779 5407396 
1780 5407396 
1781 5407396 
1782 5407396 
1783 5407396 
1784 5407396 
1785 5407396 
1786 5407396 
1787 5407396 
1788 5407396 
1789 5407396 
1790 5407396 
1791 5407396 
1792 5407396 
1793 5407396 
1794 5407396 
1795 5407396 
1796 5407396 
1797 5407396 
1798 5407396 
1799 5407396 
1800 5407396 
1801 5407396 
1802 5407396 
1803 5407396 
1804 5407396 
1805 5407396 
1806 5407396 
1807 5407396 
1808 5407396 
1809 5407396 
1810 5407396 
1811 5407396 
1812 5407396 
1813 5407396 
1814 5407396 
1815 5407396 
1816 5407396 
1817 5407396 
1818 5407396 
1819 5407396 
1820 5407396 
1821 5407396 
1822 5407396 
1823 5407396 
1824 5407396 
1825 5407396 
1826 5407396 
1827 5407396 
1828 5407396 
1829 5407396 
1830 5407396 
1831 5407396 
1832 5407396 
1833 5407396 
1834 5407396 
1835 5407396 
1836 5407396 
1837 5407396 
1838 5407396 
1839 5407396 
1840 5407396 
1841 5407396 
1842 5407396 
1843 5407396 
1844 5407396 
1845 5407396 
1846 5407396 
1847 5407396 
1848 5407396 
1849 5407396 
1850 5407396 
1851 5407396 
1852 5407396 
1853 5407396 
1854 5407396 
1855 5407396 
1856 5407396 
1857 5407396 
1858 5407396 
1859 5407396 
1860 5407396 
1861 5407396 
1862 5407396 
1863 5407396 
1864 5407396 
1865 5407396 
1866 5407396 
1867 5407396 
1868 5407396 
1869 5407396 
1870 5407396 
1871 5407396 
1872 5407396 
1873 5407396 
1874 5407396 
1875 5407396 
1876 5407396 
1877 5407396 
1878 5407396 
1879 5407396 
1880 5407396 
1881 5407396 
1882 5407396 
1883 5407396 
1884 5407396 
1885 5407396 
1886 5407396 
1887 5407396 
1888 5407396 
1889 5407396 
1890 5407396 
1891 5407396 
1892 5407396 
1893 5407396 
1894 5407396 
1895 5407396 
1896 5407396 
1897 5407396 
1898 5407396 
1899 5407396 
1900 5407396 
1901 5407396 
1902 5407396 
1903 5407396 
1904 5407396 
1905 5407396 
1906 5407396 
1907 5407396 
1908 5407396 
1909 5407396 
1910 5407396 
1911 5407396 
1912 5407396 
1913 5407396 
1914 5407396 
1915 5407396 
1916 5407396 
1917 5407396 
1918 5407396 
1919 5407396 
1920 5407396 
1921 5407396 
1922 5407396 
1923 5407396 
1924 5407396 
1925 5407396 
1926 5407396 
1927 5407396 
1928 5407396 
1929 5407396 
1930 5407396 
1931 5407396 
1932 5407396 
1933 5407396 
1934 5407396 
1935 5407396 
1936 5407396 
1937 5407396 
1938 5407396 
1939 5407396 
1940 5407396 
1941 5407396 
1942 5407396 
1943 5407396 
1944 5407396 
1945 5407396 
1946 5407396 
1947 5407396 
1948 5407396 
1949 5407396 
1950 5407396 
1951 5407396 
1952 5407396 
1953 5407396 
1954 5407396 
1955 5407396 
1956 5407396 
1957 5407396 
1958 5407396 
1959 5407396 
1960 5407396 
1961 5407396 
1962 5407396 
1963 5407396 
1964 5407396 
1965 5407396 
1966 5407396 
1967 5407396 
1968 5407396 
1969 5407396 
1970 5407396 
1971 5407396 
1972 5407396 
1973 5407396 
1974 5407396 
1975 5407396 
1976 5407396 
1977 5407396 
1978 5407396 
1979 5407396 
1980 5407396 
1981 5407396 
1982 5407396 
1983 5407396 
1984 5407396 
1985 5407396 
1986 5407396 
1987 5407396 
1988 5407396 
1989 5407396 
1990 5407396 
1991 5407396 
1992 5407396 
1993 5407396 
1994 5407396 
1995 5407396 
1996 5407396 
1997 5407396 
1998 5407396 
1999 5407396 
2000 5407396 
2001 5407396 
2002 5407396 
2003 5407396 
2004 5407396 
2005 5407396 
2006 5407396 
2007 5407396 
2008 5407396 
2009 5407396 
2010 5407396 
2011 5407396 
2012 5407396 
2013 5407396 
2014 5407396 
2015 5407396 
2016 5407396 
2017 5407396 
2018 5407396 
2019 5407396 
2020 5407396 
2021 5407396 
2022 5407396 
2023 5407396 
2024 5407396 
2025 5407396 
2026 5407396 
2027 5407396 
2028 5407396 
2029 5407396 
2030 5407396 
2031 5407396 
2032 5407396 
2033 5407396 
2034 5407396 
2035 5407396 
2036 5407396 
2037 5407396 
2038 5407396 
2039 5407396 
2040 5407396 
2041 5407396 
2042 5407396 
2043 5407396 
2044 5407396 
2045 5407396 
2046 5407396 
2047 5407396 
2048 5407396 
2049 5407396 
2050 5407396 
2051 5407396 
2052 5407396 
2053 5407396 
2054 5407396 
2055 5407396 
2056 5407396 
2057 5407396 
2058 5407396 
2059 5407396 
2060 5407396 
2061 5407396 
2062 5407396 
2063 5407396 
2064 5407396 
2065 5407396 
2066 5407396 
2067 5407396 
2068 5407396 
2069 5407396 
2070 5407396 
2071 5407396 
2072 5407396 
2073 5407396 
2074 5407396 
2075 5407396 
2076 5407396 
2077 5407396 
2078 5407396 
2079 5407396 
2080 5407396 
2081 5407396 
2082 5407396 
2083 5407396 
2084 5407396 
2085 5407396 
2086 5407396 
2087 5407396 
2088 5407396 
2089 5407396 
2090 5407396 
2091 5407396 
2092 5407396 
2093 5407396 
2094 5407396 
2095 5407396 
2096 5407396 
2097 5407396 
2098 5407396 
2099 5407396 
2100 5407396 
2101 5407396 
2102 5407396 
2103 5407396 
2104 5407396 
2105 5407396 
2106 5407396 
2107 5407396 
2108 5407396 
2109 5407396 
2110 5407396 
2111 5407396 
2112 5407396 
2113 5407396 
2114 5407396 
2115 5407396 
2116 5407396 
2117 5407396 
2118 5407396 
2119 5407396 
2120 5407396 
2121 5407396 
2122 5407396 
2123 5407396 
2124 5407396 
2125 5407396 
2126 5407396 
2127 5407396 
2128 5407396 
2129 5407396 
2130 5407396 
2131 5407396 
2132 5407396 
2133 5407396 
2134 5407396 
2135 5407396 
2136 5407396 
2137 5407396 
2138 5407396 
2139 5407396 
2140 5407396 
2141 5407396 
2142 5407396 
2143 5407396 
2144 5407396 
2145 5407396 
2146 5407396 
2147 5407396 
2148 5407396 
2149 5407396 
2150 5407396 
2151 5407396 
2152 5407396 
2153 5407396 
2154 5407396 
2155 5407396 
2156 5407396 
2157 5407396 
2158 5407396 
2159 5407396 
2160 5407396 
2161 5407396 
2162 5407396 
2163 5407396 
2164 5407396 
2165 5407396 
2166 5407396 
2167 5407396 
2168 5407396 
2169 5407396 
2170 5407396 
2171 5407396 
2172 5407396 
2173 5407396 
2174 5407396 
2175 5407396 
2176 5407396 
2177 5407396 
2178 5407396 
2179 5407396 
2180 5407396 
2181 5407396 
2182 5407396 
2183 5407396 
2184 5407396 
2185 5407396 
2186 5407396 
2187 5407396 
2188 5407396 
2189 5407396 
2190 5407396 
2191 5407396 
2192 5407396 
2193 5407396 
2194 5407396 
2195 5407396 
2196 5407396 
2197 5407396 
2198 5407396 
2199 5407396 
2200 5407396 
2201 5407396 
2202 5407396 
2203 5407396 
2204 5407396 
2205 5407396 
2206 5407396 
2207 5407396 
2208 5407396 
2209 5407396 
2210 5407396 
2211 5407396 
2212 5407396 
2213 5407396 
2214 5407396 
2215 5407396 
2216 5407396 
2217 5407396 
2218 5407396 
2219 5407396 
2220 5407396 
2221 5407396 
2222 5407396 
2223 5407396 
2224 5407396 
2225 5407396 
2226 5407396 
2227 5407396 
2228 5407396 
2229 5407396 
2230 5407396 
2231 5407396 
2232 5407396 
2233 5407396 
2234 5407396 
2235 5407396 
2236 5407396 
2237 5407396 
2238 5407396 
2239 5407396 
2240 5407396 
2241 5407396 
2242 5407396 
2243 5407396 
2244 5407396 
2245 5407396 
2246 5407396 
2247 5407396 
2248 5407396 
2249 5407396 
2250 5407396 
2251 5407396 
2252 5407396 
2253 5407396 
2254 5407396 
2255 5407396 
2256 5407396 
2257 5407396 
2258 5407396 
2259 5407396 
2260 5407396 
2261 5407396 
2262 5407396 
2263 5407396 
2264 5407396 
2265 5407396 
2266 5407396 
2267 5407396 
2268 5407396 
2269 5407396 
2270 5407396 
2271 5407396 
2272 5407396 
2273 5407396 
2274 5407396 
2275 5407396 
2276 5407396 
2277 5407396 
2278 5407396 
2279 5407396 
2280 5407396 
2281 5407396 
2282 5407396 
2283 5407396 
2284 5407396 
2285 5407396 
2286 5407396 
2287 5407396 
2288 5407396 
2289 5407396 
2290 5407396 
2291 5407396 
2292 5407396 
2293 5407396 
2294 5407396 
2295 5407396 
2296 5407396 
2297 5407396 
2298 5407396 
2299 5407396 
2300 5407396 
2301 5407396 
2302 5407396 
2303 5407396 
2304 5407396 
2305 5407396 
2306 5407396 
2307 5407396 
2308 5407396 
2309 5407396 
2310 5407396 
2311 5407396 
2312 5407396 
2313 5407396 
2314 5407396 
2315 5407396 
2316 5407396 
2317 5407396 
2318 5407396 
2319 5407396 
2320 5407396 
2321 5407396 
2322 5407396 
2323 5407396 
2324 5407396 
2325 5407396 
2326 5407396 
2327 5407396 
2328 5407396 
2329 5407396 
2330 5407396 
2331 5407396 
2332 5407396 
2333 5407396 
2334 5407396 
2335 5407396 
2336 5407396 
2337 5407396 
2338 5407396 
2339 5407396 
2340 5407396 
2341 5407396 
2342 5407396 
2343 5407396 
2344 5407396 
2345 5407396 
2346 5407396 
2347 5407396 
2348 5407396 
2349 5407396 
2350 5407396 
2351 5407396 
2352 5407396 
2353 5407396 
2354 5407396 
2355 5407396 
2356 5407396 
2357 5407396 
2358 5407396 
2359 5407396 
2360 5407396 
2361 5407396 
2362 5407396 
2363 5407396 
2364 5407396 
2365 5407396 
2366 5407396 
2367 5407396 
2368 5407396 
2369 5407396 
2370 5407396 
2371 5407396 
2372 5407396 
2373 5407396 
2374 5407396 
2375 5407396 
2376 5407396 
2377 5407396 
2378 5407396 
2379 5407396 
2380 5407396 
2381 5407396 
2382 5407396 
2383 5407396 
2384 5407396 
2385 5407396 
2386 5407396 
2387 5407396 
2388 5407396 
2389 5407396 
2390 5407396 
2391 5407396 
2392 5407396 
2393 5407396 
2394 5407396 
2395 5407396 
2396 5407396 
2397 5407396 
2398 5407396 
2399 5407396 
2400 5407396 
2401 5407396 
2402 5407396 
2403 5407396 
2404 5407396 
2405 5407396 
2406 5407396 
2407 5407396 
2408 5407396 
2409 5407396 
2410 5407396 
2411 5407396 
2412 5407396 
2413 5407396 
2414 5407396 
2415 5407396 
2416 5407396 
2417 5407396 
2418 5407396 
2419 5407396 
2420 5407396 
2421 5407396 
2422 5407396 
2423 5407396 
2424 5407396 
2425 5407396 
2426 5407396 
2427 5407396 
2428 5407396 
2429 5407396 
2430 5407396 
2431 5407396 
2432 5407396 
2433 5407396 
2434 5407396 
2435 5407396 
2436 5407396 
2437 5407396 
2438 5407396 
2439 5407396 
2440 5407396 
2441 5407396 
2442 5407396 
2443 5407396 
2444 5407396 
2445 5407396 
2446 5407396 
2447 5407396 
2448 5407396 
2449 5407396 
2450 5407396 
2451 5407396 
2452 5407396 
2453 5407396 
2454 5407396 
2455 5407396 
2456 5407396 
2457 5407396 
2458 5407396 
2459 5407396 
2460 5407396 
2461 5407396 
2462 5407396 
2463 5407396 
2464 5407396 
2465 5407396 
2466 5407396 
2467 5407396 
2468 5407396 
2469 5407396 
2470 5407396 
2471 5407396 
2472 5407396 
2473 5407396 
2474 5407396 
2475 5407396 
2476 5407396 
2477 5407396 
2478 5407396 
2479 5407396 
2480 5407396 
2481 5407396 
2482 5407396 
2483 5407396 
2484 5407396 
2485 5407396 
2486 5407396 
2487 5407396 
2488 5407396 
2489 5407396 
2490 5407396 
2491 5407396 
2492 5407396 
2493 5407396 
2494 5407396 
2495 5407396 
2496 5407396 
2497 5407396 
2498 5407396 
2499 5407396 
2500 5407396 
2501 5407396 
2502 5407396 
2503 5407396 
2504 5407396 
2505 5407396 
2506 5407396 
2507 5407396 
2508 5407396 
2509 5407396 
2510 5407396 
2511 5407396 
2512 5407396 
2513 5407396 
2514 5407396 
2515 5407396 
2516 5407396 
2517 5407396 
2518 5407396 
2519 5407396 
2520 5407396 
2521 5407396 
2522 5407396 
2523 5407396 
2524 5407396 
2525 5407396 
2526 5407396 
2527 5407396 
2528 5407396 
2529 5407396 
2530 5407396 
2531 5407396 
2532 5407396 
2533 5407396 
2534 5407396 
2535 5407396 
2536 5407396 
2537 5407396 
2538 5407396 
2539 5407396 
2540 5407396 
2541 5407396 
2542 5407396 
2543 5407396 
2544 5407396 
2545 5407396 
2546 5407396 
2547 5407396 
2548 5407396 
2549 5407396 
2550 5407396 
2551 5407396 
2552 5407396 
2553 5407396 
2554 5407396 
2555 5407396 
2556 5407396 
2557 5407396 
2558 5407396 
2559 5407396 
2560 5407396 
2561 5407396 
2562 5407396 
2563 5407396 
2564 5407396 
2565 5407396 
2566 5407396 
2567 5407396 
2568 5407396 
2569 5407396 
2570 5407396 
2571 5407396 
2572 5407396 
2573 5407396 
2574 5407396 
2575 5407396 
2576 5407396 
2577 5407396 
2578 5407396 
2579 5407396 
2580 5407396 
2581 5407396 
2582 5407396 
2583 5407396 
2584 5407396 
2585 5407396 
2586 5407396 
2587 5407396 
2588 5407396 
2589 5407396 
2590 5407396 
2591 5407396 
2592 5407396 
2593 5407396 
2594 5407396 
2595 5407396 
2596 5407396 
2597 5407396 
2598 5407396 
2599 5407396 
2600 5407396 
2601 5407396 
2602 5407396 
2603 5407396 
2604 5407396 
2605 5407396 
2606 5407396 
2607 5407396 
2608 5407396 
2609 5407396 
2610 5407396 
2611 5407396 
2612 5407396 
2613 5407396 
2614 5407396 
2615 5407396 
2616 5407396 
2617 5407396 
2618 5407396 
2619 5407396 
2620 5407396 
2621 5407396 
2622 5407396 
2623 5407396 
2624 5407396 
2625 5407396 
2626 5407396 
2627 5407396 
2628 5407396 
2629 5407396 
2630 5407396 
2631 5407396 
2632 5407396 
2633 5407396 
2634 5407396 
2635 5407396 
2636 5407396 
2637 5407396 
2638 5407396 
2639 5407396 
2640 5407396 
2641 5407396 
2642 5407396 
2643 5407396 
2644 5407396 
2645 5407396 
2646 5407396 
2647 5407396 
2648 5407396 
2649 5407396 
2650 5407396 
2651 5407396 
2652 5407396 
2653 5407396 
2654 5407396 
2655 5407396 
2656 5407396 
2657 5407396 
2658 5407396 
2659 5407396 
2660 5407396 
2661 5407396 
2662 5407396 
2663 5407396 
2664 5407396 
2665 5407396 
2666 5407396 
2667 5407396 
2668 5407396 
2669 5407396 
2670 5407396 
2671 5407396 
2672 5407396 
2673 5407396 
2674 5407396 
2675 5407396 
2676 5407396 
2677 5407396 
2678 5407396 
2679 5407396 
2680 5407396 
2681 5407396 
2682 5407396 
2683 5407396 
2684 5407396 
2685 5407396 
2686 5407396 
2687 5407396 
2688 5407396 
2689 5407396 
2690 5407396 
2691 5407396 
2692 5407396 
2693 5407396 
2694 5407396 
2695 5407396 
2696 5407396 
2697 5407396 
2698 5407396 
2699 5407396 
2700 5407396 
2701 5407396 
2702 5407396 
2703 5407396 
2704 5407396 
2705 5407396 
2706 5407396 
2707 5407396 
2708 5407396 
2709 5407396 
2710 5407396 
2711 5407396 
2712 5407396 
2713 5407396 
2714 5407396 
2715 5407396 
2716 5407396 
2717 5407396 
2718 5407396 
2719 5407396 
2720 5407396 
2721 5407396 
2722 5407396 
2723 5407396 
2724 5407396 
2725 5407396 
2726 5407396 
2727 5407396 
2728 5407396 
2729 5407396 
2730 5407396 
2731 5407396 
2732 5407396 
2733 5407396 
2734 5407396 
2735 5407396 
2736 5407396 
2737 5407396 
2738 5407396 
2739 5407396 
2740 5407396 
2741 5407396 
2742 5407396 
2743 5407396 
2744 5407396 
2745 5407396 
2746 5407396 
2747 5407396 
2748 5407396 
2749 5407396 
2750 5407396 
2751 5407396 
2752 5407396 
2753 5407396 
2754 5407396 
2755 5407396 
2756 5407396 
2757 5407396 
2758 5407396 
2759 5407396 
2760 5407396 
2761 5407396 
2762 5407396 
2763 5407396 
2764 5407396 
2765 5407396 
2766 5407396 
2767 5407396 
2768 5407396 
2769 5407396 
2770 5407396 
2771 5407396 
2772 5407396 
2773 5407396 
2774 5407396 
2775 5407396 
2776 5407396 
2777 5407396 
2778 5407396 
2779 5407396 
2780 5407396 
2781 5407396 
2782 5407396 
2783 5407396 
2784 5407396 
2785 5407396 
2786 5407396 
2787 5407396 
2788 5407396 
2789 5407396 
2790 5407396 
2791 5407396 
2792 5407396 
2793 5407396 
2794 5407396 
2795 5407396 
2796 5407396 
2797 5407396 
2798 5407396 
2799 5407396 
2800 5407396 
2801 5407396 
2802 5407396 
2803 5407396 
2804 5407396 
2805 5407396 
2806 5407396 
2807 5407396 
2808 5407396 
2809 5407396 
2810 5407396 
2811 5407396 
2812 5407396 
2813 5407396 
2814 5407396 
2815 5407396 
2816 5407396 
2817 5407396 
2818 5407396 
2819 5407396 
2820 5407396 
2821 5407396 
2822 5407396 
2823 5407396 
2824 5407396 
2825 5407396 
2826 5407396 
2827 5407396 
2828 5407396 
2829 5407396 
2830 5407396 
2831 5407396 
2832 5407396 
2833 5407396 
2834 5407396 
2835 5407396 
2836 5407396 
2837 5407396 
2838 5407396 
2839 5407396 
2840 5407396 
2841 5407396 
2842 5407396 
2843 5407396 
2844 5407396 
2845 5407396 
2846 5407396 
2847 5407396 
2848 5407396 
2849 5407396 
2850 5407396 
2851 5407396 
2852 5407396 
2853 5407396 
2854 5407396 
2855 5407396 
2856 5407396 
2857 5407396 
2858 5407396 
2859 5407396 
2860 5407396 
2861 5407396 
2862 5407396 
2863 5407396 
2864 5407396 
2865 5407396 
2866 5407396 
2867 5407396 
2868 5407396 
2869 5407396 
2870 5407396 
2871 5407396 
2872 5407396 
2873 5407396 
2874 5407396 
2875 5407396 
2876 5407396 
2877 5407396 
2878 5407396 
2879 5407396 
2880 5407396 
2881 5407396 
2882 5407396 
2883 5407396 
2884 5407396 
2885 5407396 
2886 5407396 
2887 5407396 
2888 5407396 
2889 5407396 
2890 5407396 
2891 5407396 
2892 5407396 
2893 5407396 
2894 5407396 
2895 5407396 
2896 5407396 
2897 5407396 
2898 5407396 
2899 5407396 
2900 5407396 
2901 5407396 
2902 5407396 
2903 5407396 
2904 5407396 
2905 5407396 
2906 5407396 
2907 5407396 
2908 5407396 
2909 5407396 
2910 5407396 
2911 5407396 
2912 5407396 
2913 5407396 
2914 5407396 
2915 5407396 
2916 5407396 
2917 5407396 
2918 5407396 
2919 5407396 
2920 5407396 
2921 5407396 
2922 5407396 
2923 5407396 
2924 5407396 
2925 5407396 
2926 5407396 
2927 5407396 
2928 5407396 
2929 5407396 
2930 5407396 
2931 5407396 
2932 5407396 
2933 5407396 
2934 5407396 
2935 5407396 
2936 5407396 
2937 5407396 
2938 5407396 
2939 5407396 
2940 5407396 
2941 5407396 
2942 5407396 
2943 5407396 
2944 5407396 
2945 5407396 
2946 5407396 
2947 5407396 
2948 5407396 
2949 5407396 
2950 5407396 
2951 5407396 
2952 5407396 
2953 5407396 
2954 5407396 
2955 5407396 
2956 5407396 
2957 5407396 
2958 5407396 
2959 5407396 
2960 5407396 
2961 5407396 
2962 5407396 
2963 5407396 
2964 5407396 
2965 5407396 
2966 5407396 
2967 5407396 
2968 5407396 
2969 5407396 
2970 5407396 
2971 5407396 
2972 5407396 
2973 5407396 
2974 5407396 
2975 5407396 
2976 5407396 
2977 5407396 
2978 5407396 
2979 5407396 
2980 5407396 
2981 5407396 
2982 5407396 
2983 5407396 
2984 5407396 
2985 5407396 
2986 5407396 
2987 5407396 
2988 5407396 
2989 5407396 
2990 5407396 
2991 5407396 
2992 5407396 
2993 5407396 
2994 5407396 
2995 5407396 
2996 5407396 
2997 5407396 
2998 5407396 
2999 5407396 
3000 5407396 
3001 5407396 
3002 5407396 
3003 5407396 
3004 5407396 
3005 5407396 
3006 5407396 
3007 5407396 
3008 5407396 
3009 5407396 
3010 5407396 
3011 5407396 
3012 5407396 
3013 5407396 
3014 5407396 
3015 5407396 
3016 5407396 
3017 5407396 
3018 5407396 
3019 5407396 
3020 5407396 
3021 5407396 
3022 5407396 
3023 5407396 
3024 5407396 
3025 5407396 
3026 5407396 
3027 5407396 
3028 5407396 
3029 5407396 
3030 5407396 
3031 5407396 
3032 5407396 
3033 5407396 
3034 5407396 
3035 5407396 
3036 5407396 
3037 5407396 
3038 5407396 
3039 5407396 
3040 5407396 
3041 5407396 
3042 5407396 
3043 5407396 
3044 5407396 
3045 5407396 
3046 5407396 
3047 5407396 
3048 5407396 
3049 5407396 
3050 5407396 
3051 5407396 
3052 5407396 
3053 5407396 
3054 5407396 
3055 5407396 
3056 5407396 
3057 5407396 
3058 5407396 
3059 5407396 
3060 5407396 
3061 5407396 
3062 5407396 
3063 5407396 
3064 5407396 
3065 5407396 
3066 5407396 
3067 5407396 
3068 5407396 
3069 5407396 
3070 5407396 
3071 5407396 
3072 5407396 
3073 5407396 
3074 5407396 
3075 5407396 
3076 5407396 
3077 5407396 
3078 5407396 
3079 5407396 
3080 5407396 
3081 5407396 
3082 5407396 
3083 5407396 
3084 5407396 
3085 5407396 
3086 5407396 
3087 5407396 
3088 5407396 
3089 5407396 
3090 5407396 
3091 5407396 
3092 5407396 
3093 5407396 
3094 5407396 
3095 5407396 
3096 5407396 
3097 5407396 
3098 5407396 
3099 5407396 

