0 5840920 
1 5804086 
2 5794538 
3 5766257 
4 5752397 
5 5748633 
6 5747598 
7 5746392 
8 5745432 
9 5741289 
10 5740987 
11 5740827 
12 5733269 
13 5732997 
14 5732857 
15 5709534 
16 5709414 
17 5707971 
18 5707535 
19 5707188 
20 5707165 
21 5707023 
22 5706123 
23 5706035 
24 5705962 
25 5705772 
26 5705623 
27 5705385 
28 5702627 
29 5699330 
30 5698558 
31 5698440 
32 5697353 
33 5696786 
34 5696741 
35 5695421 
36 5695323 
37 5695293 
38 5694276 
39 5690005 
40 5677377 
41 5673288 
42 5672270 
43 5672265 
44 5672245 
45 5672245 
46 5672234 
47 5672182 
48 5671942 
49 5671890 
50 5671870 
51 5671870 
52 5668386 
53 5667819 
54 5667738 
55 5665302 
56 5665187 
57 5650642 
58 5648734 
59 5648602 
60 5648562 
61 5648529 
62 5648516 
63 5646776 
64 5646656 
65 5645744 
66 5645679 
67 5645679 
68 5644099 
69 5641317 
70 5641294 
71 5640978 
72 5640703 
73 5640498 
74 5635327 
75 5635266 
76 5635191 
77 5635113 
78 5635025 
79 5634815 
80 5632311 
81 5632267 
82 5632222 
83 5632150 
84 5631842 
85 5629215 
86 5622056 
87 5620008 
88 5616858 
89 5614213 
90 5607582 
91 5607078 
92 5605124 
93 5602697 
94 5599148 
95 5599120 
96 5598783 
97 5598351 
98 5598338 
99 5597910 
100 5597304 
101 5597036 
102 5597008 
103 5594934 
104 5592424 
105 5591413 
106 5590850 
107 5590672 
108 5590148 
109 5590117 
110 5589925 
111 5588563 
112 5587358 
113 5585680 
114 5581795 
115 5581604 
116 5581135 
117 5580942 
118 5580748 
119 5580635 
120 5580539 
121 5580098 
122 5579916 
123 5579781 
124 5577929 
125 5577761 
126 5576946 
127 5576331 
128 5576059 
129 5575869 
130 5573696 
131 5572528 
132 5572331 
133 5572197 
134 5571960 
135 5571330 
136 5569904 
137 5569813 
138 5569813 
139 5568066 
140 5564728 
141 5561959 
142 5558835 
143 5558727 
144 5558459 
145 5558237 
146 5557766 
147 5557749 
148 5553961 
149 5553838 
150 5550640 
151 5549936 
152 5549591 
153 5546171 
154 5546171 
155 5545277 
156 5545095 
157 5543583 
158 5542701 
159 5542701 
160 5541948 
161 5541844 
162 5540587 
163 5540161 
164 5534673 
165 5533292 
166 5533253 
167 5531990 
168 5530128 
169 5529635 
170 5526682 
171 5526522 
172 5526010 
173 5525950 
174 5525950 
175 5525848 
176 5523528 
177 5519425 
178 5518787 
179 5518294 
180 5517879 
181 5517849 
182 5517737 
183 5516404 
184 5516158 
185 5515846 
186 5512201 
187 5512190 
188 5509846 
189 5509619 
190 5509617 
191 5505076 
192 5504851 
193 5504851 
194 5504049 
195 5504039 
196 5502968 
197 5501470 
198 5500780 
199 5499449 
200 5494992 
201 5494836 
202 5494785 
203 5494773 
204 5493781 
205 5493685 
206 5493647 
207 5492293 
208 5492002 
209 5491988 
210 5490935 
211 5489036 
212 5486696 
213 5486462 
214 5485555 
215 5485499 
216 5485167 
217 5483107 
218 5481820 
219 5481802 
220 5481458 
221 5481458 
222 5481449 
223 5481297 
224 5481217 
225 5480699 
226 5476338 
227 5475792 
228 5475612 
229 5475595 
230 5473392 
231 5473350 
232 5471102 
233 5471101 
234 5471041 
235 5471006 
236 5470810 
237 5470703 
238 5470384 
239 5469646 
240 5469545 
241 5468954 
242 5467276 
243 5467187 
244 5467069 
245 5467053 
246 5465979 
247 5465860 
248 5465751 
249 5465717 
250 5465105 
251 5463314 
252 5463136 
253 5461703 
254 5461415 
255 5459333 
256 5459270 
257 5459050 
258 5459050 
259 5458950 
260 5458796 
261 5458040 
262 5457517 
263 5457497 
264 5456493 
265 5456452 
266 5456410 
267 5454836 
268 5454165 
269 5454140 
270 5451743 
271 5450672 
272 5450539 
273 5449823 
274 5449818 
275 5448989 
276 5448459 
277 5447384 
278 5447347 
279 5446695 
280 5446484 
281 5446459 
282 5446253 
283 5446202 
284 5446202 
285 5446099 
286 5446030 
287 5445853 
288 5444285 
289 5444071 
290 5444071 
291 5444033 
292 5444019 
293 5443936 
294 5443782 
295 5443782 
296 5443491 
297 5443416 
298 5443416 
299 5443416 
300 5443045 
301 5442602 
302 5441477 
303 5441477 
304 5441017 
305 5440695 
306 5438923 
307 5438764 
308 5438688 
309 5438688 
310 5438688 
311 5438688 
312 5438688 
313 5438468 
314 5438468 
315 5438468 
316 5438468 
317 5438468 
318 5438468 
319 5438468 
320 5438468 
321 5438468 
322 5438468 
323 5438468 
324 5438468 
325 5438468 
326 5438468 
327 5438468 
328 5438468 
329 5438468 
330 5438468 
331 5438468 
332 5438468 
333 5438468 
334 5438468 
335 5438468 
336 5438468 
337 5438468 
338 5438468 
339 5438468 
340 5438468 
341 5438468 
342 5438468 
343 5438468 
344 5438468 
345 5438468 
346 5438468 
347 5438468 
348 5438468 
349 5438468 
350 5438468 
351 5438468 
352 5438468 
353 5438468 
354 5438468 
355 5438468 
356 5438468 
357 5438468 
358 5438468 
359 5438468 
360 5438468 
361 5438468 
362 5438468 
363 5438468 
364 5438468 
365 5438468 
366 5438468 
367 5438468 
368 5438468 
369 5438468 
370 5438468 
371 5438468 
372 5438468 
373 5438468 
374 5438468 
375 5438468 
376 5438468 
377 5438468 
378 5438468 
379 5438468 
380 5438468 
381 5438468 
382 5438468 
383 5438468 
384 5438468 
385 5438468 
386 5438468 
387 5438468 
388 5438468 
389 5438468 
390 5438468 
391 5438468 
392 5438468 
393 5438468 
394 5438468 
395 5438468 
396 5438468 
397 5438468 
398 5438468 
399 5438468 
400 5438468 
401 5438468 
402 5438468 
403 5438468 
404 5438468 
405 5438468 
406 5438468 
407 5438468 
408 5438468 
409 5438468 
410 5438468 
411 5438468 
412 5438468 
413 5438468 
414 5438468 
415 5438468 
416 5438468 
417 5438468 
418 5438468 
419 5438468 
420 5438468 
421 5438468 
422 5438468 
423 5438468 
424 5438468 
425 5438468 
426 5438468 
427 5438468 
428 5438468 
429 5438468 
430 5438468 
431 5438468 
432 5438468 
433 5438468 
434 5438468 
435 5438468 
436 5438468 
437 5438468 
438 5438468 
439 5438468 
440 5438468 
441 5438468 
442 5438468 
443 5438468 
444 5438468 
445 5438468 
446 5438468 
447 5438468 
448 5438468 
449 5438468 
450 5438468 
451 5438468 
452 5438468 
453 5438468 
454 5438468 
455 5438468 
456 5438468 
457 5438468 
458 5438468 
459 5438468 
460 5438468 
461 5438468 
462 5438468 
463 5438468 
464 5438468 
465 5438468 
466 5438468 
467 5438468 
468 5438468 
469 5438468 
470 5438468 
471 5438468 
472 5438468 
473 5438468 
474 5438468 
475 5438468 
476 5438468 
477 5438468 
478 5438468 
479 5438468 
480 5438468 
481 5438468 
482 5438468 
483 5438468 
484 5438468 
485 5438468 
486 5438468 
487 5438468 
488 5438468 
489 5438468 
490 5438468 
491 5438468 
492 5438468 
493 5438468 
494 5438468 
495 5438468 
496 5438468 
497 5438468 
498 5438468 
499 5438468 
500 5438468 
501 5438468 
502 5438468 
503 5438468 
504 5438468 
505 5438468 
506 5438468 
507 5438468 
508 5438468 
509 5438468 
510 5438468 
511 5438468 
512 5438468 
513 5438468 
514 5438468 
515 5438468 
516 5438468 
517 5438468 
518 5438468 
519 5438468 
520 5438468 
521 5438468 
522 5438468 
523 5438468 
524 5438468 
525 5438468 
526 5438468 
527 5438468 
528 5438468 
529 5438468 
530 5438468 
531 5438468 
532 5438468 
533 5438468 
534 5438468 
535 5438468 
536 5438468 
537 5438468 
538 5438468 
539 5438468 
540 5438468 
541 5438468 
542 5438468 
543 5438468 
544 5438468 
545 5438468 
546 5438468 
547 5438468 
548 5438468 
549 5438468 
550 5438468 
551 5438468 
552 5438468 
553 5438468 
554 5438468 
555 5438468 
556 5438468 
557 5438468 
558 5438468 
559 5438468 
560 5438468 
561 5438468 
562 5438468 
563 5438468 
564 5438468 
565 5438468 
566 5438468 
567 5438468 
568 5438468 
569 5438468 
570 5438468 
571 5438468 
572 5438468 
573 5438468 
574 5438468 
575 5438468 
576 5438468 
577 5438468 
578 5438468 
579 5438468 
580 5438468 
581 5438468 
582 5438468 
583 5438468 
584 5438468 
585 5438468 
586 5438468 
587 5438468 
588 5438468 
589 5438468 
590 5438468 
591 5438468 
592 5438468 
593 5438468 
594 5438468 
595 5438468 
596 5438468 
597 5438468 
598 5438468 
599 5438468 
600 5438468 
601 5438468 
602 5438468 
603 5438468 
604 5438468 
605 5438468 
606 5438468 
607 5438468 
608 5438468 
609 5438468 
610 5438468 
611 5438468 
612 5438468 
613 5438468 
614 5438468 
615 5438468 
616 5438468 
617 5438468 
618 5438468 
619 5438468 
620 5438468 
621 5438468 
622 5438468 
623 5438468 
624 5438468 
625 5438468 
626 5438468 
627 5438468 
628 5438468 
629 5438468 
630 5438468 
631 5438468 
632 5438468 
633 5438468 
634 5438468 
635 5438468 
636 5438468 
637 5438468 
638 5438468 
639 5438468 
640 5438468 
641 5438468 
642 5438468 
643 5438468 
644 5438468 
645 5438468 
646 5438468 
647 5438468 
648 5438468 
649 5438468 
650 5438468 
651 5438468 
652 5438468 
653 5438468 
654 5438468 
655 5438468 
656 5438468 
657 5438468 
658 5438468 
659 5438468 
660 5438468 
661 5438468 
662 5438468 
663 5438468 
664 5438468 
665 5438468 
666 5438468 
667 5438468 
668 5438468 
669 5438468 
670 5438468 
671 5438468 
672 5438468 
673 5438468 
674 5438468 
675 5438468 
676 5438468 
677 5438468 
678 5438468 
679 5438468 
680 5438468 
681 5438468 
682 5438468 
683 5438468 
684 5438468 
685 5438468 
686 5438468 
687 5438468 
688 5438468 
689 5438468 
690 5438468 
691 5438468 
692 5438468 
693 5438468 
694 5438468 
695 5438468 
696 5438468 
697 5438468 
698 5438468 
699 5438468 
700 5438468 
701 5438468 
702 5438468 
703 5438468 
704 5438468 
705 5438468 
706 5438468 
707 5438468 
708 5438468 
709 5438468 
710 5438468 
711 5438468 
712 5438468 
713 5438468 
714 5438468 
715 5438468 
716 5438468 
717 5438468 
718 5438468 
719 5438468 
720 5438468 
721 5438468 
722 5438468 
723 5438468 
724 5438468 
725 5438468 
726 5438468 
727 5438468 
728 5438468 
729 5438468 
730 5438468 
731 5438468 
732 5438468 
733 5438468 
734 5438468 
735 5438468 
736 5438468 
737 5438468 
738 5438468 
739 5438468 
740 5438468 
741 5438468 
742 5438468 
743 5438468 
744 5438468 
745 5438468 
746 5438468 
747 5438468 
748 5438468 
749 5438468 
750 5438468 
751 5438468 
752 5438468 
753 5438468 
754 5438468 
755 5438468 
756 5438468 
757 5438468 
758 5438468 
759 5438468 
760 5438468 
761 5438468 
762 5438468 
763 5438468 
764 5438468 
765 5438468 
766 5438468 
767 5438468 
768 5438468 
769 5438468 
770 5438468 
771 5438468 
772 5438468 
773 5438468 
774 5438468 
775 5438468 
776 5438468 
777 5438468 
778 5438468 
779 5438468 
780 5438468 
781 5438468 
782 5438468 
783 5438468 
784 5438468 
785 5438468 
786 5438468 
787 5438468 
788 5438468 
789 5438468 
790 5438468 
791 5438468 
792 5438468 
793 5438468 
794 5438468 
795 5438468 
796 5438468 
797 5438468 
798 5438468 
799 5438468 
800 5438468 
801 5438468 
802 5438468 
803 5438468 
804 5438468 
805 5438468 
806 5438468 
807 5438468 
808 5438468 
809 5438468 
810 5438468 
811 5438468 
812 5438468 
813 5438468 
814 5438468 
815 5438468 
816 5438468 
817 5438468 
818 5438468 
819 5438468 
820 5438468 
821 5438468 
822 5438468 
823 5438468 
824 5438468 
825 5438468 
826 5438468 
827 5438468 
828 5438468 
829 5438468 
830 5438468 
831 5438468 
832 5438468 
833 5438468 
834 5438468 
835 5438468 
836 5438468 
837 5438468 
838 5438468 
839 5438468 
840 5438468 
841 5438468 
842 5438468 
843 5438468 
844 5438468 
845 5438468 
846 5438468 
847 5438468 
848 5438468 
849 5438468 
850 5438468 
851 5438468 
852 5438468 
853 5438468 
854 5438468 
855 5438468 
856 5438468 
857 5438468 
858 5438468 
859 5438468 
860 5438468 
861 5438468 
862 5438468 
863 5438468 
864 5438468 
865 5438468 
866 5438468 
867 5438468 
868 5438468 
869 5438468 
870 5438468 
871 5438468 
872 5438468 
873 5438468 
874 5438468 
875 5438468 
876 5438468 
877 5438468 
878 5438468 
879 5438468 
880 5438468 
881 5438468 
882 5438468 
883 5438468 
884 5438468 
885 5438468 
886 5438468 
887 5438468 
888 5438468 
889 5438468 
890 5438468 
891 5438468 
892 5438468 
893 5438468 
894 5438468 
895 5438468 
896 5438468 
897 5438468 
898 5438468 
899 5438468 
900 5438468 
901 5438468 
902 5438468 
903 5438468 
904 5438468 
905 5438468 
906 5438468 
907 5438468 
908 5438468 
909 5438468 
910 5438468 
911 5438468 
912 5438468 
913 5438468 
914 5438468 
915 5438468 
916 5438468 
917 5438468 
918 5438468 
919 5438468 
920 5438468 
921 5438468 
922 5438468 
923 5438468 
924 5438468 
925 5438468 
926 5438468 
927 5438468 
928 5438468 
929 5438468 
930 5438468 
931 5438468 
932 5438468 
933 5438468 
934 5438468 
935 5438468 
936 5438468 
937 5438468 
938 5438468 
939 5438468 
940 5438468 
941 5438468 
942 5438468 
943 5438468 
944 5438468 
945 5438468 
946 5438468 
947 5438468 
948 5438468 
949 5438468 
950 5438468 
951 5438468 
952 5438468 
953 5438468 
954 5438468 
955 5438468 
956 5438468 
957 5438468 
958 5438468 
959 5438468 
960 5438468 
961 5438468 
962 5438468 
963 5438468 
964 5438468 
965 5438468 
966 5438468 
967 5438468 
968 5438468 
969 5438468 
970 5438468 
971 5438468 
972 5438468 
973 5438468 
974 5438468 
975 5438468 
976 5438468 
977 5438468 
978 5438468 
979 5438468 
980 5438468 
981 5438468 
982 5438468 
983 5438468 
984 5438468 
985 5438468 
986 5438468 
987 5438468 
988 5438468 
989 5438468 
990 5438468 
991 5438468 
992 5438468 
993 5438468 
994 5438468 
995 5438468 
996 5438468 
997 5438468 
998 5438468 
999 5438468 
1000 5438468 
1001 5438468 
1002 5438468 
1003 5438468 
1004 5438468 
1005 5438468 
1006 5438468 
1007 5438468 
1008 5438468 
1009 5438468 
1010 5438468 
1011 5438468 
1012 5438468 
1013 5438468 
1014 5438468 
1015 5438468 
1016 5438468 
1017 5438468 
1018 5438468 
1019 5438468 
1020 5438468 
1021 5438468 
1022 5438468 
1023 5438468 
1024 5438468 
1025 5438468 
1026 5438468 
1027 5438468 
1028 5438468 
1029 5438468 
1030 5438468 
1031 5438468 
1032 5438468 
1033 5438468 
1034 5438468 
1035 5438468 
1036 5438468 
1037 5438468 
1038 5438468 
1039 5438468 
1040 5438468 
1041 5438468 
1042 5438468 
1043 5438468 
1044 5438468 
1045 5438468 
1046 5438468 
1047 5438468 
1048 5438468 
1049 5438468 
1050 5438468 
1051 5438468 
1052 5438468 
1053 5438468 
1054 5438468 
1055 5438468 
1056 5438468 
1057 5438468 
1058 5438468 
1059 5438468 
1060 5438468 
1061 5438468 
1062 5438468 
1063 5438468 
1064 5438468 
1065 5438468 
1066 5438468 
1067 5438468 
1068 5438468 
1069 5438468 
1070 5438468 
1071 5438468 
1072 5438468 
1073 5438468 
1074 5438468 
1075 5438468 
1076 5438468 
1077 5438468 
1078 5438468 
1079 5438468 
1080 5438468 
1081 5438468 
1082 5438468 
1083 5438468 
1084 5438468 
1085 5438468 
1086 5438468 
1087 5438468 
1088 5438468 
1089 5438468 
1090 5438468 
1091 5438468 
1092 5438468 
1093 5438468 
1094 5438468 
1095 5438468 
1096 5438468 
1097 5438468 
1098 5438468 
1099 5438468 
1100 5438468 
1101 5438468 
1102 5438468 
1103 5438468 
1104 5438468 
1105 5438468 
1106 5438468 
1107 5438468 
1108 5438468 
1109 5438468 
1110 5438468 
1111 5438468 
1112 5438468 
1113 5438468 
1114 5438468 
1115 5438468 
1116 5438468 
1117 5438468 
1118 5438468 
1119 5438468 
1120 5438468 
1121 5438468 
1122 5438468 
1123 5438468 
1124 5438468 
1125 5438468 
1126 5438468 
1127 5438468 
1128 5438468 
1129 5438468 
1130 5438468 
1131 5438468 
1132 5438468 
1133 5438468 
1134 5438468 
1135 5438468 
1136 5438468 
1137 5438468 
1138 5438468 
1139 5438468 
1140 5438468 
1141 5438468 
1142 5438468 
1143 5438468 
1144 5438468 
1145 5438468 
1146 5438468 
1147 5438468 
1148 5438468 
1149 5438468 
1150 5438468 
1151 5438468 
1152 5438468 
1153 5438468 
1154 5438468 
1155 5438468 
1156 5438468 
1157 5438468 
1158 5438468 
1159 5438468 
1160 5438468 
1161 5438468 
1162 5438468 
1163 5438468 
1164 5438468 
1165 5438468 
1166 5438468 
1167 5438468 
1168 5438468 
1169 5438468 
1170 5438468 
1171 5438468 
1172 5438468 
1173 5438468 
1174 5438468 
1175 5438468 
1176 5438468 
1177 5438468 
1178 5438468 
1179 5438468 
1180 5438468 
1181 5438468 
1182 5438468 
1183 5438468 
1184 5438468 
1185 5438468 
1186 5438468 
1187 5438468 
1188 5438468 
1189 5438468 
1190 5438468 
1191 5438468 
1192 5438468 
1193 5438468 
1194 5438468 
1195 5438468 
1196 5438468 
1197 5438468 
1198 5438468 
1199 5438468 
1200 5438468 
1201 5438468 
1202 5438468 
1203 5438468 
1204 5438468 
1205 5438468 
1206 5438468 
1207 5438468 
1208 5438468 
1209 5438468 
1210 5438468 
1211 5438468 
1212 5438468 
1213 5438468 
1214 5438468 
1215 5438468 
1216 5438468 
1217 5438468 
1218 5438468 
1219 5438468 
1220 5438468 
1221 5438468 
1222 5438468 
1223 5438468 
1224 5438468 
1225 5438468 
1226 5438468 
1227 5438468 
1228 5438468 
1229 5438468 
1230 5438468 
1231 5438468 
1232 5438468 
1233 5438468 
1234 5438468 
1235 5438468 
1236 5438468 
1237 5438468 
1238 5438468 
1239 5438468 
1240 5438468 
1241 5438468 
1242 5438468 
1243 5438468 
1244 5438468 
1245 5438468 
1246 5438468 
1247 5438468 
1248 5438468 
1249 5438468 
1250 5438468 
1251 5438468 
1252 5438468 
1253 5438468 
1254 5438468 
1255 5438468 
1256 5438468 
1257 5438468 
1258 5438468 
1259 5438468 
1260 5438468 
1261 5438468 
1262 5438468 
1263 5438468 
1264 5438468 
1265 5438468 
1266 5438468 
1267 5438468 
1268 5438468 
1269 5438468 
1270 5438468 
1271 5438468 
1272 5438468 
1273 5438468 
1274 5438468 
1275 5438468 
1276 5438468 
1277 5438468 
1278 5438468 
1279 5438468 
1280 5438468 
1281 5438468 
1282 5438468 
1283 5438468 
1284 5438468 
1285 5438468 
1286 5438468 
1287 5438468 
1288 5438468 
1289 5438468 
1290 5438468 
1291 5438468 
1292 5438468 
1293 5438468 
1294 5438468 
1295 5438468 
1296 5438468 
1297 5438468 
1298 5438468 
1299 5438468 
1300 5438468 
1301 5438468 
1302 5438468 
1303 5438468 
1304 5438468 
1305 5438468 
1306 5438468 
1307 5438468 
1308 5438468 
1309 5438468 
1310 5438468 
1311 5438468 
1312 5438468 
1313 5438468 
1314 5438468 
1315 5438468 
1316 5438468 
1317 5438468 
1318 5438468 
1319 5438468 
1320 5438468 
1321 5438468 
1322 5438468 
1323 5438468 
1324 5438468 
1325 5438468 
1326 5438468 
1327 5438468 
1328 5438468 
1329 5438468 
1330 5438468 
1331 5438468 
1332 5438468 
1333 5438468 
1334 5438468 
1335 5438468 
1336 5438468 
1337 5438468 
1338 5438468 
1339 5438468 
1340 5438468 
1341 5438468 
1342 5438468 
1343 5438468 
1344 5438468 
1345 5438468 
1346 5438468 
1347 5438468 
1348 5438468 
1349 5438468 
1350 5438468 
1351 5438468 
1352 5438468 
1353 5438468 
1354 5438468 
1355 5438468 
1356 5438468 
1357 5438468 
1358 5438468 
1359 5438468 
1360 5438468 
1361 5438468 
1362 5438468 
1363 5438468 
1364 5438468 
1365 5438468 
1366 5438468 
1367 5438468 
1368 5438468 
1369 5438468 
1370 5438468 
1371 5438468 
1372 5438468 
1373 5438468 
1374 5438468 
1375 5438468 
1376 5438468 
1377 5438468 
1378 5438468 
1379 5438468 
1380 5438468 
1381 5438468 
1382 5438468 
1383 5438468 
1384 5438468 
1385 5438468 
1386 5438468 
1387 5438468 
1388 5438468 
1389 5438468 
1390 5438468 
1391 5438468 
1392 5438468 
1393 5438468 
1394 5438468 
1395 5438468 
1396 5438468 
1397 5438468 
1398 5438468 
1399 5438468 
1400 5438468 
1401 5438468 
1402 5438468 
1403 5438468 
1404 5438468 
1405 5438468 
1406 5438468 
1407 5438468 
1408 5438468 
1409 5438468 
1410 5438468 
1411 5438468 
1412 5438468 
1413 5438468 
1414 5438468 
1415 5438468 
1416 5438468 
1417 5438468 
1418 5438468 
1419 5438468 
1420 5438468 
1421 5438468 
1422 5438468 
1423 5438468 
1424 5438468 
1425 5438468 
1426 5438468 
1427 5438468 
1428 5438468 
1429 5438468 
1430 5438468 
1431 5438468 
1432 5438468 
1433 5438468 
1434 5438468 
1435 5438468 
1436 5438468 
1437 5438468 
1438 5438468 
1439 5438468 
1440 5438468 
1441 5438468 
1442 5438468 
1443 5438468 
1444 5438468 
1445 5438468 
1446 5438468 
1447 5438468 
1448 5438468 
1449 5438468 
1450 5438468 
1451 5438468 
1452 5438468 
1453 5438468 
1454 5438468 
1455 5438468 
1456 5438468 
1457 5438468 
1458 5438468 
1459 5438468 
1460 5438468 
1461 5438468 
1462 5438468 
1463 5438468 
1464 5438468 
1465 5438468 
1466 5438468 
1467 5438468 
1468 5438468 
1469 5438468 
1470 5438468 
1471 5438468 
1472 5438468 
1473 5438468 
1474 5438468 
1475 5438468 
1476 5438468 
1477 5438468 
1478 5438468 
1479 5438468 
1480 5438468 
1481 5438468 
1482 5438468 
1483 5438468 
1484 5438468 
1485 5438468 
1486 5438468 
1487 5438468 
1488 5438468 
1489 5438468 
1490 5438468 
1491 5438468 
1492 5438468 
1493 5438468 
1494 5438468 
1495 5438468 
1496 5438468 
1497 5438468 
1498 5438468 
1499 5438468 
1500 5438468 
1501 5438468 
1502 5438468 
1503 5438468 
1504 5438468 
1505 5438468 
1506 5438468 
1507 5438468 
1508 5438468 
1509 5438468 
1510 5438468 
1511 5438468 
1512 5438468 
1513 5438468 
1514 5438468 
1515 5438468 
1516 5438468 
1517 5438468 
1518 5438468 
1519 5438468 
1520 5438468 
1521 5438468 
1522 5438468 
1523 5438468 
1524 5438468 
1525 5438468 
1526 5438468 
1527 5438468 
1528 5438468 
1529 5438468 
1530 5438468 
1531 5438468 
1532 5438468 
1533 5438468 
1534 5438468 
1535 5438468 
1536 5438468 
1537 5438468 
1538 5438468 
1539 5438468 
1540 5438468 
1541 5438468 
1542 5438468 
1543 5438468 
1544 5438468 
1545 5438468 
1546 5438468 
1547 5438468 
1548 5438468 
1549 5438468 
1550 5438468 
1551 5438468 
1552 5438468 
1553 5438468 
1554 5438468 
1555 5438468 
1556 5438468 
1557 5438468 
1558 5438468 
1559 5438468 
1560 5438468 
1561 5438468 
1562 5438468 
1563 5438468 
1564 5438468 
1565 5438468 
1566 5438468 
1567 5438468 
1568 5438468 
1569 5438468 
1570 5438468 
1571 5438468 
1572 5438468 
1573 5438468 
1574 5438468 
1575 5438468 
1576 5438468 
1577 5438468 
1578 5438468 
1579 5438468 
1580 5438468 
1581 5438468 
1582 5438468 
1583 5438468 
1584 5438468 
1585 5438468 
1586 5438468 
1587 5438468 
1588 5438468 
1589 5438468 
1590 5438468 
1591 5438468 
1592 5438468 
1593 5438468 
1594 5438468 
1595 5438468 
1596 5438468 
1597 5438468 
1598 5438468 
1599 5438468 
1600 5438468 
1601 5438468 
1602 5438468 
1603 5438468 
1604 5438468 
1605 5438468 
1606 5438468 
1607 5438468 
1608 5438468 
1609 5438468 
1610 5438468 
1611 5438468 
1612 5438468 
1613 5438468 
1614 5438468 
1615 5438468 
1616 5438468 
1617 5438468 
1618 5438468 
1619 5438468 
1620 5438468 
1621 5438468 
1622 5438468 
1623 5438468 
1624 5438468 
1625 5438468 
1626 5438468 
1627 5438468 
1628 5438468 
1629 5438468 
1630 5438468 
1631 5438468 
1632 5438468 
1633 5438468 
1634 5438468 
1635 5438468 
1636 5438468 
1637 5438468 
1638 5438468 
1639 5438468 
1640 5438468 
1641 5438468 
1642 5438468 
1643 5438468 
1644 5438468 
1645 5438468 
1646 5438468 
1647 5438468 
1648 5438468 
1649 5438468 
1650 5438468 
1651 5438468 
1652 5438468 
1653 5438468 
1654 5438468 
1655 5438468 
1656 5438468 
1657 5438468 
1658 5438468 
1659 5438468 
1660 5438468 
1661 5438468 
1662 5438468 
1663 5438468 
1664 5438468 
1665 5438468 
1666 5438468 
1667 5438468 
1668 5438468 
1669 5438468 
1670 5438468 
1671 5438468 
1672 5438468 
1673 5438468 
1674 5438468 
1675 5438468 
1676 5438468 
1677 5438468 
1678 5438468 
1679 5438468 
1680 5438468 
1681 5438468 
1682 5438468 
1683 5438468 
1684 5438468 
1685 5438468 
1686 5438468 
1687 5438468 
1688 5438468 
1689 5438468 
1690 5438468 
1691 5438468 
1692 5438468 
1693 5438468 
1694 5438468 
1695 5438468 
1696 5438468 
1697 5438468 
1698 5438468 
1699 5438468 
1700 5438468 
1701 5438468 
1702 5438468 
1703 5438468 
1704 5438468 
1705 5438468 
1706 5438468 
1707 5438468 
1708 5438468 
1709 5438468 
1710 5438468 
1711 5438468 
1712 5438468 
1713 5438468 
1714 5438468 
1715 5438468 
1716 5438468 
1717 5438468 
1718 5438468 
1719 5438468 
1720 5438468 
1721 5438468 
1722 5438468 
1723 5438468 
1724 5438468 
1725 5438468 
1726 5438468 
1727 5438468 
1728 5438468 
1729 5438468 
1730 5438468 
1731 5438468 
1732 5438468 
1733 5438468 
1734 5438468 
1735 5438468 
1736 5438468 
1737 5438468 
1738 5438468 
1739 5438468 
1740 5438468 
1741 5438468 
1742 5438468 
1743 5438468 
1744 5438468 
1745 5438468 
1746 5438468 
1747 5438468 
1748 5438468 
1749 5438468 
1750 5438468 
1751 5438468 
1752 5438468 
1753 5438468 
1754 5438468 
1755 5438468 
1756 5438468 
1757 5438468 
1758 5438468 
1759 5438468 
1760 5438468 
1761 5438468 
1762 5438468 
1763 5438468 
1764 5438468 
1765 5438468 
1766 5438468 
1767 5438468 
1768 5438468 
1769 5438468 
1770 5438468 
1771 5438468 
1772 5438468 
1773 5438468 
1774 5438468 
1775 5438468 
1776 5438468 
1777 5438468 
1778 5438468 
1779 5438468 
1780 5438468 
1781 5438468 
1782 5438468 
1783 5438468 
1784 5438468 
1785 5438468 
1786 5438468 
1787 5438468 
1788 5438468 
1789 5438468 
1790 5438468 
1791 5438468 
1792 5438468 
1793 5438468 
1794 5438468 
1795 5438468 
1796 5438468 
1797 5438468 
1798 5438468 
1799 5438468 
1800 5438468 
1801 5438468 
1802 5438468 
1803 5438468 
1804 5438468 
1805 5438468 
1806 5438468 
1807 5438468 
1808 5438468 
1809 5438468 
1810 5438468 
1811 5438468 
1812 5438468 
1813 5438468 
1814 5438468 
1815 5438468 
1816 5438468 
1817 5438468 
1818 5438468 
1819 5438468 
1820 5438468 
1821 5438468 
1822 5438468 
1823 5438468 
1824 5438468 
1825 5438468 
1826 5438468 
1827 5438468 
1828 5438468 
1829 5438468 
1830 5438468 
1831 5438468 
1832 5438468 
1833 5438468 
1834 5438468 
1835 5438468 
1836 5438468 
1837 5438468 
1838 5438468 
1839 5438468 
1840 5438468 
1841 5438468 
1842 5438468 
1843 5438468 
1844 5438468 
1845 5438468 
1846 5438468 
1847 5438468 
1848 5438468 
1849 5438468 
1850 5438468 
1851 5438468 
1852 5438468 
1853 5438468 
1854 5438468 
1855 5438468 
1856 5438468 
1857 5438468 
1858 5438468 
1859 5438468 
1860 5438468 
1861 5438468 
1862 5438468 
1863 5438468 
1864 5438468 
1865 5438468 
1866 5438468 
1867 5438468 
1868 5438468 
1869 5438468 
1870 5438468 
1871 5438468 
1872 5438468 
1873 5438468 
1874 5438468 
1875 5438468 
1876 5438468 
1877 5438468 
1878 5438468 
1879 5438468 
1880 5438468 
1881 5438468 
1882 5438468 
1883 5438468 
1884 5438468 
1885 5438468 
1886 5438468 
1887 5438468 
1888 5438468 
1889 5438468 
1890 5438468 
1891 5438468 
1892 5438468 
1893 5438468 
1894 5438468 
1895 5438468 
1896 5438468 
1897 5438468 
1898 5438468 
1899 5438468 
1900 5438468 
1901 5438468 
1902 5438468 
1903 5438468 
1904 5438468 
1905 5438468 
1906 5438468 
1907 5438468 
1908 5438468 
1909 5438468 
1910 5438468 
1911 5438468 
1912 5438468 
1913 5438468 
1914 5438468 
1915 5438468 
1916 5438468 
1917 5438468 
1918 5438468 
1919 5438468 
1920 5438468 
1921 5438468 
1922 5438468 
1923 5438468 
1924 5438468 
1925 5438468 
1926 5438468 
1927 5438468 
1928 5438468 
1929 5438468 
1930 5438468 
1931 5438468 
1932 5438468 
1933 5438468 
1934 5438468 
1935 5438468 
1936 5438468 
1937 5438468 
1938 5438468 
1939 5438468 
1940 5438468 
1941 5438468 
1942 5438468 
1943 5438468 
1944 5438468 
1945 5438468 
1946 5438468 
1947 5438468 
1948 5438468 
1949 5438468 
1950 5438468 
1951 5438468 
1952 5438468 
1953 5438468 
1954 5438468 
1955 5438468 
1956 5438468 
1957 5438468 
1958 5438468 
1959 5438468 
1960 5438468 
1961 5438468 
1962 5438468 
1963 5438468 
1964 5438468 
1965 5438468 
1966 5438468 
1967 5438468 
1968 5438468 
1969 5438468 
1970 5438468 
1971 5438468 
1972 5438468 
1973 5438468 
1974 5438468 
1975 5438468 
1976 5438468 
1977 5438468 
1978 5438468 
1979 5438468 
1980 5438468 
1981 5438468 
1982 5438468 
1983 5438468 
1984 5438468 
1985 5438468 
1986 5438468 
1987 5438468 
1988 5438468 
1989 5438468 
1990 5438468 
1991 5438468 
1992 5438468 
1993 5438468 
1994 5438468 
1995 5438468 
1996 5438468 
1997 5438468 
1998 5438468 
1999 5438468 
2000 5438468 
2001 5438468 
2002 5438468 
2003 5438468 
2004 5438468 
2005 5438468 
2006 5438468 
2007 5438468 
2008 5438468 
2009 5438468 
2010 5438468 
2011 5438468 
2012 5438468 
2013 5438468 
2014 5438468 
2015 5438468 
2016 5438468 
2017 5438468 
2018 5438468 
2019 5438468 
2020 5438468 
2021 5438468 
2022 5438468 
2023 5438468 
2024 5438468 
2025 5438468 
2026 5438468 
2027 5438468 
2028 5438468 
2029 5438468 
2030 5438468 
2031 5438468 
2032 5438468 
2033 5438468 
2034 5438468 
2035 5438468 
2036 5438468 
2037 5438468 
2038 5438468 
2039 5438468 
2040 5438468 
2041 5438468 
2042 5438468 
2043 5438468 
2044 5438468 
2045 5438468 
2046 5438468 
2047 5438468 
2048 5438468 
2049 5438468 
2050 5438468 
2051 5438468 
2052 5438468 
2053 5438468 
2054 5438468 
2055 5438468 
2056 5438468 
2057 5438468 
2058 5438468 
2059 5438468 
2060 5438468 
2061 5438468 
2062 5438468 
2063 5438468 
2064 5438468 
2065 5438468 
2066 5438468 
2067 5438468 
2068 5438468 
2069 5438468 
2070 5438468 
2071 5438468 
2072 5438468 
2073 5438468 
2074 5438468 
2075 5438468 
2076 5438468 
2077 5438468 
2078 5438468 
2079 5438468 
2080 5438468 
2081 5438468 
2082 5438468 
2083 5438468 
2084 5438468 
2085 5438468 
2086 5438468 
2087 5438468 
2088 5438468 
2089 5438468 
2090 5438468 
2091 5438468 
2092 5438468 
2093 5438468 
2094 5438468 
2095 5438468 
2096 5438468 
2097 5438468 
2098 5438468 
2099 5438468 
2100 5438468 
2101 5438468 
2102 5438468 
2103 5438468 
2104 5438468 
2105 5438468 
2106 5438468 
2107 5438468 
2108 5438468 
2109 5438468 
2110 5438468 
2111 5438468 
2112 5438468 
2113 5438468 
2114 5438468 
2115 5438468 
2116 5438468 
2117 5438468 
2118 5438468 
2119 5438468 
2120 5438468 
2121 5438468 
2122 5438468 
2123 5438468 
2124 5438468 
2125 5438468 
2126 5438468 
2127 5438468 
2128 5438468 
2129 5438468 
2130 5438468 
2131 5438468 
2132 5438468 
2133 5438468 
2134 5438468 
2135 5438468 
2136 5438468 
2137 5438468 
2138 5438468 
2139 5438468 
2140 5438468 
2141 5438468 
2142 5438468 
2143 5438468 
2144 5438468 
2145 5438468 
2146 5438468 
2147 5438468 
2148 5438468 
2149 5438468 
2150 5438468 
2151 5438468 
2152 5438468 
2153 5438468 
2154 5438468 
2155 5438468 
2156 5438468 
2157 5438468 
2158 5438468 
2159 5438468 
2160 5438468 
2161 5438468 
2162 5438468 
2163 5438468 
2164 5438468 
2165 5438468 
2166 5438468 
2167 5438468 
2168 5438468 
2169 5438468 
2170 5438468 
2171 5438468 
2172 5438468 
2173 5438468 
2174 5438468 
2175 5438468 
2176 5438468 
2177 5438468 
2178 5438468 
2179 5438468 
2180 5438468 
2181 5438468 
2182 5438468 
2183 5438468 
2184 5438468 
2185 5438468 
2186 5438468 
2187 5438468 
2188 5438468 
2189 5438468 
2190 5438468 
2191 5438468 
2192 5438468 
2193 5438468 
2194 5438468 
2195 5438468 
2196 5438468 
2197 5438468 
2198 5438468 
2199 5438468 
2200 5438468 
2201 5438468 
2202 5438468 
2203 5438468 
2204 5438468 
2205 5438468 
2206 5438468 
2207 5438468 
2208 5438468 
2209 5438468 
2210 5438468 
2211 5438468 
2212 5438468 
2213 5438468 
2214 5438468 
2215 5438468 
2216 5438468 
2217 5438468 
2218 5438468 
2219 5438468 
2220 5438468 
2221 5438468 
2222 5438468 
2223 5438468 
2224 5438468 
2225 5438468 
2226 5438468 
2227 5438468 
2228 5438468 
2229 5438468 
2230 5438468 
2231 5438468 
2232 5438468 
2233 5438468 
2234 5438468 
2235 5438468 
2236 5438468 
2237 5438468 
2238 5438468 
2239 5438468 
2240 5438468 
2241 5438468 
2242 5438468 
2243 5438468 
2244 5438468 
2245 5438468 
2246 5438468 
2247 5438468 
2248 5438468 
2249 5438468 
2250 5438468 
2251 5438468 
2252 5438468 
2253 5438468 
2254 5438468 
2255 5438468 
2256 5438468 
2257 5438468 
2258 5438468 
2259 5438468 
2260 5438468 
2261 5438468 
2262 5438468 
2263 5438468 
2264 5438468 
2265 5438468 
2266 5438468 
2267 5438468 
2268 5438468 
2269 5438468 
2270 5438468 
2271 5438468 
2272 5438468 
2273 5438468 
2274 5438468 
2275 5438468 
2276 5438468 
2277 5438468 
2278 5438468 
2279 5438468 
2280 5438468 
2281 5438468 
2282 5438468 
2283 5438468 
2284 5438468 
2285 5438468 
2286 5438468 
2287 5438468 
2288 5438468 
2289 5438468 
2290 5438468 
2291 5438468 
2292 5438468 
2293 5438468 
2294 5438468 
2295 5438468 
2296 5438468 
2297 5438468 
2298 5438468 
2299 5438468 
2300 5438468 
2301 5438468 
2302 5438468 
2303 5438468 
2304 5438468 
2305 5438468 
2306 5438468 
2307 5438468 
2308 5438468 
2309 5438468 
2310 5438468 
2311 5438468 
2312 5438468 
2313 5438468 
2314 5438468 
2315 5438468 
2316 5438468 
2317 5438468 
2318 5438468 
2319 5438468 
2320 5438468 
2321 5438468 
2322 5438468 
2323 5438468 
2324 5438468 
2325 5438468 
2326 5438468 
2327 5438468 
2328 5438468 
2329 5438468 
2330 5438468 
2331 5438468 
2332 5438468 
2333 5438468 
2334 5438468 
2335 5438468 
2336 5438468 
2337 5438468 
2338 5438468 
2339 5438468 
2340 5438468 
2341 5438468 
2342 5438468 
2343 5438468 
2344 5438468 
2345 5438468 
2346 5438468 
2347 5438468 
2348 5438468 
2349 5438468 
2350 5438468 
2351 5438468 
2352 5438468 
2353 5438468 
2354 5438468 
2355 5438468 
2356 5438468 
2357 5438468 
2358 5438468 
2359 5438468 
2360 5438468 
2361 5438468 
2362 5438468 
2363 5438468 
2364 5438468 
2365 5438468 
2366 5438468 
2367 5438468 
2368 5438468 
2369 5438468 
2370 5438468 
2371 5438468 
2372 5438468 
2373 5438468 
2374 5438468 
2375 5438468 
2376 5438468 
2377 5438468 
2378 5438468 
2379 5438468 
2380 5438468 
2381 5438468 
2382 5438468 
2383 5438468 
2384 5438468 
2385 5438468 
2386 5438468 
2387 5438468 
2388 5438468 
2389 5438468 
2390 5438468 
2391 5438468 
2392 5438468 
2393 5438468 
2394 5438468 
2395 5438468 
2396 5438468 
2397 5438468 
2398 5438468 
2399 5438468 
2400 5438468 
2401 5438468 
2402 5438468 
2403 5438468 
2404 5438468 
2405 5438468 
2406 5438468 
2407 5438468 
2408 5438468 
2409 5438468 
2410 5438468 
2411 5438468 
2412 5438468 
2413 5438468 
2414 5438468 
2415 5438468 
2416 5438468 
2417 5438468 
2418 5438468 
2419 5438468 
2420 5438468 
2421 5438468 
2422 5438468 
2423 5438468 
2424 5438468 
2425 5438468 
2426 5438468 
2427 5438468 
2428 5438468 
2429 5438468 
2430 5438468 
2431 5438468 
2432 5438468 
2433 5438468 
2434 5438468 
2435 5438468 
2436 5438468 
2437 5438468 
2438 5438468 
2439 5438468 
2440 5438468 
2441 5438468 
2442 5438468 
2443 5438468 
2444 5438468 
2445 5438468 
2446 5438468 
2447 5438468 
2448 5438468 
2449 5438468 
2450 5438468 
2451 5438468 
2452 5438468 
2453 5438468 
2454 5438468 
2455 5438468 
2456 5438468 
2457 5438468 
2458 5438468 
2459 5438468 
2460 5438468 
2461 5438468 
2462 5438468 
2463 5438468 
2464 5438468 
2465 5438468 
2466 5438468 
2467 5438468 
2468 5438468 
2469 5438468 
2470 5438468 
2471 5438468 
2472 5438468 
2473 5438468 
2474 5438468 
2475 5438468 
2476 5438468 
2477 5438468 
2478 5438468 
2479 5438468 
2480 5438468 
2481 5438468 
2482 5438468 
2483 5438468 
2484 5438468 
2485 5438468 
2486 5438468 
2487 5438468 
2488 5438468 
2489 5438468 
2490 5438468 
2491 5438468 
2492 5438468 
2493 5438468 
2494 5438468 
2495 5438468 
2496 5438468 
2497 5438468 
2498 5438468 
2499 5438468 
2500 5438468 
2501 5438468 
2502 5438468 
2503 5438468 
2504 5438468 
2505 5438468 
2506 5438468 
2507 5438468 
2508 5438468 
2509 5438468 
2510 5438468 
2511 5438468 
2512 5438468 
2513 5438468 
2514 5438468 
2515 5438468 
2516 5438468 
2517 5438468 
2518 5438468 
2519 5438468 
2520 5438468 
2521 5438468 
2522 5438468 
2523 5438468 
2524 5438468 
2525 5438468 
2526 5438468 
2527 5438468 
2528 5438468 
2529 5438468 
2530 5438468 
2531 5438468 
2532 5438468 
2533 5438468 
2534 5438468 
2535 5438468 
2536 5438468 
2537 5438468 
2538 5438468 
2539 5438468 
2540 5438468 
2541 5438468 
2542 5438468 
2543 5438468 
2544 5438468 
2545 5438468 
2546 5438468 
2547 5438468 
2548 5438468 
2549 5438468 
2550 5438468 
2551 5438468 
2552 5438468 
2553 5438468 
2554 5438468 
2555 5438468 
2556 5438468 
2557 5438468 
2558 5438468 
2559 5438468 
2560 5438468 
2561 5438468 
2562 5438468 
2563 5438468 
2564 5438468 
2565 5438468 
2566 5438468 
2567 5438468 
2568 5438468 
2569 5438468 
2570 5438468 
2571 5438468 
2572 5438468 
2573 5438468 
2574 5438468 
2575 5438468 
2576 5438468 
2577 5438468 
2578 5438468 
2579 5438468 
2580 5438468 
2581 5438468 
2582 5438468 
2583 5438468 
2584 5438468 
2585 5438468 
2586 5438468 
2587 5438468 
2588 5438468 
2589 5438468 
2590 5438468 
2591 5438468 
2592 5438468 
2593 5438468 
2594 5438468 
2595 5438468 
2596 5438468 
2597 5438468 
2598 5438468 
2599 5438468 
2600 5438468 
2601 5438468 
2602 5438468 
2603 5438468 
2604 5438468 
2605 5438468 
2606 5438468 
2607 5438468 
2608 5438468 
2609 5438468 
2610 5438468 
2611 5438468 
2612 5438468 
2613 5438468 
2614 5438468 
2615 5438468 
2616 5438468 
2617 5438468 
2618 5438468 
2619 5438468 
2620 5438468 
2621 5438468 
2622 5438468 
2623 5438468 
2624 5438468 
2625 5438468 
2626 5438468 
2627 5438468 
2628 5438468 
2629 5438468 
2630 5438468 
2631 5438468 
2632 5438468 
2633 5438468 
2634 5438468 
2635 5438468 
2636 5438468 
2637 5438468 
2638 5438468 
2639 5438468 
2640 5438468 
2641 5438468 
2642 5438468 
2643 5438468 
2644 5438468 
2645 5438468 
2646 5438468 
2647 5438468 
2648 5438468 
2649 5438468 
2650 5438468 
2651 5438468 
2652 5438468 
2653 5438468 
2654 5438468 
2655 5438468 
2656 5438468 
2657 5438468 
2658 5438468 
2659 5438468 
2660 5438468 
2661 5438468 
2662 5438468 
2663 5438468 
2664 5438468 
2665 5438468 
2666 5438468 
2667 5438468 
2668 5438468 
2669 5438468 
2670 5438468 
2671 5438468 
2672 5438468 
2673 5438468 
2674 5438468 
2675 5438468 
2676 5438468 
2677 5438468 
2678 5438468 
2679 5438468 
2680 5438468 
2681 5438468 
2682 5438468 
2683 5438468 
2684 5438468 
2685 5438468 
2686 5438468 
2687 5438468 
2688 5438468 
2689 5438468 
2690 5438468 
2691 5438468 
2692 5438468 
2693 5438468 
2694 5438468 
2695 5438468 
2696 5438468 
2697 5438468 
2698 5438468 
2699 5438468 
2700 5438468 
2701 5438468 
2702 5438468 
2703 5438468 
2704 5438468 
2705 5438468 
2706 5438468 
2707 5438468 
2708 5438468 
2709 5438468 
2710 5438468 
2711 5438468 
2712 5438468 
2713 5438468 
2714 5438468 
2715 5438468 
2716 5438468 
2717 5438468 
2718 5438468 
2719 5438468 
2720 5438468 
2721 5438468 
2722 5438468 
2723 5438468 
2724 5438468 
2725 5438468 
2726 5438468 
2727 5438468 
2728 5438468 
2729 5438468 
2730 5438468 
2731 5438468 
2732 5438468 
2733 5438468 
2734 5438468 
2735 5438468 
2736 5438468 
2737 5438468 
2738 5438468 
2739 5438468 
2740 5438468 
2741 5438468 
2742 5438468 
2743 5438468 
2744 5438468 
2745 5438468 
2746 5438468 
2747 5438468 
2748 5438468 
2749 5438468 
2750 5438468 
2751 5438468 
2752 5438468 
2753 5438468 
2754 5438468 
2755 5438468 
2756 5438468 
2757 5438468 
2758 5438468 
2759 5438468 
2760 5438468 
2761 5438468 
2762 5438468 
2763 5438468 
2764 5438468 
2765 5438468 
2766 5438468 
2767 5438468 
2768 5438468 
2769 5438468 
2770 5438468 
2771 5438468 
2772 5438468 
2773 5438468 
2774 5438468 
2775 5438468 
2776 5438468 
2777 5438468 
2778 5438468 
2779 5438468 
2780 5438468 
2781 5438468 
2782 5438468 
2783 5438468 
2784 5438468 
2785 5438468 
2786 5438468 
2787 5438468 
2788 5438468 
2789 5438468 
2790 5438468 
2791 5438468 
2792 5438468 
2793 5438468 
2794 5438468 
2795 5438468 
2796 5438468 
2797 5438468 
2798 5438468 
2799 5438468 
2800 5438468 
2801 5438468 
2802 5438468 
2803 5438468 
2804 5438468 
2805 5438468 
2806 5438468 
2807 5438468 
2808 5438468 
2809 5438468 
2810 5438468 
2811 5438468 
2812 5438468 
2813 5438468 
2814 5438468 
2815 5438468 
2816 5438468 
2817 5438468 
2818 5438468 
2819 5438468 
2820 5438468 
2821 5438468 
2822 5438468 
2823 5438468 
2824 5438468 
2825 5438468 
2826 5438468 
2827 5438468 
2828 5438468 
2829 5438468 
2830 5438468 
2831 5438468 
2832 5438468 
2833 5438468 
2834 5438468 
2835 5438468 
2836 5438468 
2837 5438468 
2838 5438468 
2839 5438468 
2840 5438468 
2841 5438468 
2842 5438468 
2843 5438468 
2844 5438468 
2845 5438468 
2846 5438468 
2847 5438468 
2848 5438468 
2849 5438468 
2850 5438468 
2851 5438468 
2852 5438468 
2853 5438468 
2854 5438468 
2855 5438468 
2856 5438468 
2857 5438468 
2858 5438468 
2859 5438468 
2860 5438468 
2861 5438468 
2862 5438468 
2863 5438468 
2864 5438468 
2865 5438468 
2866 5438468 
2867 5438468 
2868 5438468 
2869 5438468 
2870 5438468 
2871 5438468 
2872 5438468 
2873 5438468 
2874 5438468 
2875 5438468 
2876 5438468 
2877 5438468 
2878 5438468 
2879 5438468 
2880 5438468 
2881 5438468 
2882 5438468 
2883 5438468 
2884 5438468 
2885 5438468 
2886 5438468 
2887 5438468 
2888 5438468 
2889 5438468 
2890 5438468 
2891 5438468 
2892 5438468 
2893 5438468 
2894 5438468 
2895 5438468 
2896 5438468 
2897 5438468 
2898 5438468 
2899 5438468 
2900 5438468 
2901 5438468 
2902 5438468 
2903 5438468 
2904 5438468 
2905 5438468 
2906 5438468 
2907 5438468 
2908 5438468 
2909 5438468 
2910 5438468 
2911 5438468 
2912 5438468 
2913 5438468 

