0 4181979 
1 4179398 
2 4169648 
3 4145783 
4 4144925 
5 4144925 
6 4143040 
7 4142219 
8 4133730 
9 4131905 
10 4129805 
11 4127829 
12 4127690 
13 4126697 
14 4126697 
15 4124723 
16 4123540 
17 4121689 
18 4121243 
19 4121236 
20 4121229 
21 4121217 
22 4121203 
23 4121196 
24 4120532 
25 4119581 
26 4117839 
27 4116294 
28 4112310 
29 4111278 
30 4110910 
31 4109309 
32 4109296 
33 4109116 
34 4109019 
35 4109012 
36 4108999 
37 4108009 
38 4107268 
39 4107177 
40 4107107 
41 4106617 
42 4106518 
43 4105629 
44 4104687 
45 4104401 
46 4103732 
47 4102609 
48 4101423 
49 4101397 
50 4099980 
51 4097627 
52 4096717 
53 4096661 
54 4096661 
55 4096600 
56 4096544 
57 4096167 
58 4095643 
59 4095622 
60 4095583 
61 4095534 
62 4095527 
63 4095520 
64 4095514 
65 4095418 
66 4094890 
67 4061746 
68 4059848 
69 4059764 
70 4059729 
71 4059243 
72 4059164 
73 4058721 
74 4058714 
75 4057158 
76 4057158 
77 4056457 
78 4056136 
79 4056129 
80 4056115 
81 4055988 
82 4055951 
83 4054967 
84 4054161 
85 4054147 
86 4054134 
87 4053683 
88 4053542 
89 4053408 
90 4053406 
91 4053380 
92 4053349 
93 4053341 
94 4053334 
95 4053292 
96 4052031 
97 4051719 
98 4036305 
99 4036272 
100 4036079 
101 4036065 
102 4035981 
103 4035961 
104 4035102 
105 4034517 
106 4034512 
107 4034414 
108 4034194 
109 4034181 
110 4033550 
111 4033537 
112 4033382 
113 4033001 
114 4032892 
115 4028672 
116 4027269 
117 4027255 
118 4027195 
119 4026962 
120 4026741 
121 4026611 
122 4026584 
123 4026131 
124 4026124 
125 4025669 
126 4025212 
127 4024972 
128 4024912 
129 4024770 
130 4023529 
131 4023434 
132 4021619 
133 4020995 
134 4019630 
135 4019617 
136 4018455 
137 4018455 
138 4018453 
139 4018440 
140 4018425 
141 4018417 
142 4018404 
143 4016272 
144 4016247 
145 4015441 
146 4015169 
147 3995408 
148 3993945 
149 3993910 
150 3992319 
151 3992298 
152 3992259 
153 3992213 
154 3991935 
155 3991928 
156 3991888 
157 3990945 
158 3988657 
159 3987950 
160 3986176 
161 3986157 
162 3982738 
163 3976511 
164 3966735 
165 3963242 
166 3962622 
167 3961878 
168 3961254 
169 3961212 
170 3960358 
171 3960330 
172 3960078 
173 3959157 
174 3957365 
175 3957330 
176 3956806 
177 3956148 
178 3955135 
179 3952567 
180 3949382 
181 3949319 
182 3949208 
183 3949208 
184 3948551 
185 3948538 
186 3936969 
187 3936504 
188 3936204 
189 3936191 
190 3936057 
191 3936049 
192 3935377 
193 3933996 
194 3933983 
195 3933920 
196 3933907 
197 3933894 
198 3932726 
199 3931595 
200 3931491 
201 3930750 
202 3930575 
203 3930534 
204 3930443 
205 3930417 
206 3928722 
207 3928466 
208 3927087 
209 3926870 
210 3925617 
211 3925540 
212 3925494 
213 3925408 
214 3925037 
215 3924841 
216 3924188 
217 3923747 
218 3923572 
219 3921824 
220 3921746 
221 3921746 
222 3920182 
223 3920168 
224 3920128 
225 3918998 
226 3918877 
227 3918856 
228 3918396 
229 3918328 
230 3918321 
231 3917714 
232 3917714 
233 3917581 
234 3916931 
235 3916294 
236 3916245 
237 3915946 
238 3915875 
239 3915672 
240 3915641 
241 3915522 
242 3915025 
243 3913223 
244 3913202 
245 3913048 
246 3911347 
247 3911346 
248 3911204 
249 3909293 
250 3904230 
251 3893947 
252 3893596 
253 3893505 
254 3891477 
255 3891048 
256 3889371 
257 3889308 
258 3889308 
259 3889091 
260 3888978 
261 3888433 
262 3888426 
263 3879745 
264 3879108 
265 3878938 
266 3878873 
267 3873699 
268 3873676 
269 3873354 
270 3872999 
271 3871531 
272 3871326 
273 3860479 
274 3858542 
275 3858529 
276 3857628 
277 3857225 
278 3856632 
279 3856525 
280 3856240 
281 3855743 
282 3855385 
283 3855259 
284 3855252 
285 3855247 
286 3855181 
287 3854948 
288 3853245 
289 3851485 
290 3851457 
291 3851351 
292 3849545 
293 3849447 
294 3849313 
295 3849080 
296 3847334 
297 3847242 
298 3846463 
299 3846449 
300 3845669 
301 3845153 
302 3843179 
303 3843080 
304 3842690 
305 3842445 
306 3840660 
307 3840462 
308 3840279 
309 3840234 
310 3840140 
311 3839363 
312 3838989 
313 3838968 
314 3838968 
315 3838809 
316 3838802 
317 3838578 
318 3838295 
319 3838236 
320 3837963 
321 3837787 
322 3835603 
323 3833770 
324 3833589 
325 3826310 
326 3825424 
327 3825024 
328 3824224 
329 3823671 
330 3823664 
331 3823615 
332 3823594 
333 3823517 
334 3823489 
335 3823489 
336 3823489 
337 3823433 
338 3823433 
339 3823433 
340 3823433 
341 3823057 
342 3822797 
343 3822654 
344 3822654 
345 3822654 
346 3821987 
347 3821987 
348 3821987 
349 3821987 
350 3821987 
351 3821987 
352 3821959 
353 3821938 
354 3821938 
355 3821938 
356 3821938 
357 3821938 
358 3821938 
359 3821924 
360 3821924 
361 3821917 
362 3821917 
363 3821917 
364 3821917 
365 3821917 
366 3821889 
367 3821889 
368 3821889 
369 3821889 
370 3821889 
371 3821889 
372 3821889 
373 3821889 
374 3821889 
375 3821889 
376 3821889 
377 3821889 
378 3821889 
379 3821889 
380 3821889 
381 3821889 
382 3821889 
383 3821889 
384 3821889 
385 3821889 
386 3821889 
387 3821889 
388 3821889 
389 3821889 
390 3821889 
391 3821889 
392 3821889 
393 3821889 
394 3821889 
395 3821889 
396 3821889 
397 3821889 
398 3821889 
399 3821889 
400 3821889 
401 3821889 
402 3821889 
403 3821889 
404 3821889 
405 3821889 
406 3821889 
407 3821889 
408 3821889 
409 3821889 
410 3821889 
411 3821889 
412 3821889 
413 3821889 
414 3821889 
415 3821889 
416 3821889 
417 3821889 
418 3821889 
419 3821889 
420 3821889 
421 3821889 
422 3821889 
423 3821889 
424 3821889 
425 3821889 
426 3821889 
427 3821889 
428 3821889 
429 3821889 
430 3821889 
431 3821889 
432 3821889 
433 3821889 
434 3821889 
435 3821889 
436 3821889 
437 3821889 
438 3821889 
439 3821889 
440 3821889 
441 3821889 
442 3821889 
443 3821889 
444 3821889 
445 3821889 
446 3821889 
447 3821889 
448 3821889 
449 3821889 
450 3821889 
451 3821889 
452 3821889 
453 3821889 
454 3821889 
455 3821889 
456 3821889 
457 3821889 
458 3821889 
459 3821889 
460 3821889 
461 3821889 
462 3821889 
463 3821889 
464 3821889 
465 3821889 
466 3821889 
467 3821889 
468 3821889 
469 3821889 
470 3821889 
471 3821889 
472 3821889 
473 3821889 
474 3821889 
475 3821889 
476 3821889 
477 3821889 
478 3821889 
479 3821889 
480 3821889 
481 3821889 
482 3821889 
483 3821889 
484 3821889 
485 3821889 
486 3821889 
487 3821889 
488 3821889 
489 3821889 
490 3821889 
491 3821889 
492 3821889 
493 3821889 
494 3821889 
495 3821889 
496 3821889 
497 3821889 
498 3821889 
499 3821889 
500 3821889 
501 3821889 
502 3821889 
503 3821889 
504 3821889 
505 3821889 
506 3821889 
507 3821889 
508 3821889 
509 3821889 
510 3821889 
511 3821889 
512 3821889 
513 3821889 
514 3821889 
515 3821889 
516 3821889 
517 3821889 
518 3821889 
519 3821889 
520 3821889 
521 3821889 
522 3821889 
523 3821889 
524 3821889 
525 3821889 
526 3821889 
527 3821889 
528 3821889 
529 3821889 
530 3821889 
531 3821889 
532 3821889 
533 3821889 
534 3821889 
535 3821889 
536 3821889 
537 3821889 
538 3821889 
539 3821889 
540 3821889 
541 3821889 
542 3821889 
543 3821889 
544 3821889 
545 3821889 
546 3821889 
547 3821889 
548 3821889 
549 3821889 
550 3821889 
551 3821889 
552 3821889 
553 3821889 
554 3821889 
555 3821889 
556 3821889 
557 3821889 
558 3821889 
559 3821889 
560 3821889 
561 3821889 
562 3821889 
563 3821889 
564 3821889 
565 3821889 
566 3821889 
567 3821889 
568 3821889 
569 3821889 
570 3821889 
571 3821889 
572 3821889 
573 3821889 
574 3821889 
575 3821889 
576 3821889 
577 3821889 
578 3821889 
579 3821889 
580 3821889 
581 3821889 
582 3821889 
583 3821889 
584 3821889 
585 3821889 
586 3821889 
587 3821889 
588 3821889 
589 3821889 
590 3821889 
591 3821889 
592 3821889 
593 3821889 
594 3821889 
595 3821889 
596 3821889 
597 3821889 
598 3821889 
599 3821889 
600 3821889 
601 3821889 
602 3821889 
603 3821889 
604 3821889 
605 3821889 
606 3821889 
607 3821889 
608 3821889 
609 3821889 
610 3821889 
611 3821889 
612 3821889 
613 3821889 
614 3821889 
615 3821889 
616 3821889 
617 3821889 
618 3821889 
619 3821889 
620 3821889 
621 3821889 
622 3821889 
623 3821889 
624 3821889 
625 3821889 
626 3821889 
627 3821889 
628 3821889 
629 3821889 
630 3821889 
631 3821889 
632 3821889 
633 3821889 
634 3821889 
635 3821889 
636 3821889 
637 3821889 
638 3821889 
639 3821889 
640 3821889 
641 3821889 
642 3821889 
643 3821889 
644 3821889 
645 3821889 
646 3821889 
647 3821889 
648 3821889 
649 3821889 
650 3821889 
651 3821889 
652 3821889 
653 3821889 
654 3821889 
655 3821889 
656 3821889 
657 3821889 
658 3821889 
659 3821889 
660 3821889 
661 3821889 
662 3821889 
663 3821889 
664 3821889 
665 3821889 
666 3821889 
667 3821889 
668 3821889 
669 3821889 
670 3821889 
671 3821889 
672 3821889 
673 3821889 
674 3821889 
675 3821889 
676 3821889 
677 3821889 
678 3821889 
679 3821889 
680 3821889 
681 3821889 
682 3821889 
683 3821889 
684 3821889 
685 3821889 
686 3821889 
687 3821889 
688 3821889 
689 3821889 
690 3821889 
691 3821889 
692 3821889 
693 3821889 
694 3821889 
695 3821889 
696 3821889 
697 3821889 
698 3821889 
699 3821889 
700 3821889 
701 3821889 
702 3821889 
703 3821889 
704 3821889 
705 3821889 
706 3821889 
707 3821889 
708 3821889 
709 3821889 
710 3821889 
711 3821889 
712 3821889 
713 3821889 
714 3821889 
715 3821889 
716 3821889 
717 3821889 
718 3821889 
719 3821889 
720 3821889 
721 3821889 
722 3821889 
723 3821889 
724 3821889 
725 3821889 
726 3821889 
727 3821889 
728 3821889 
729 3821889 
730 3821889 
731 3821889 
732 3821889 
733 3821889 
734 3821889 
735 3821889 
736 3821889 
737 3821889 
738 3821889 
739 3821889 
740 3821889 
741 3821889 
742 3821889 
743 3821889 
744 3821889 
745 3821889 
746 3821889 
747 3821889 
748 3821889 
749 3821889 
750 3821889 
751 3821889 
752 3821889 
753 3821889 
754 3821889 
755 3821889 
756 3821889 
757 3821889 
758 3821889 
759 3821889 
760 3821889 
761 3821889 
762 3821889 
763 3821889 
764 3821889 
765 3821889 
766 3821889 
767 3821889 
768 3821889 
769 3821889 
770 3821889 
771 3821889 
772 3821889 
773 3821889 
774 3821889 
775 3821889 
776 3821889 
777 3821889 
778 3821889 
779 3821889 
780 3821889 
781 3821889 
782 3821889 
783 3821889 
784 3821889 
785 3821889 
786 3821889 
787 3821889 
788 3821889 
789 3821889 
790 3821889 
791 3821889 
792 3821889 
793 3821889 
794 3821889 
795 3821889 
796 3821889 
797 3821889 
798 3821889 
799 3821889 
800 3821889 
801 3821889 
802 3821889 
803 3821889 
804 3821889 
805 3821889 
806 3821889 
807 3821889 
808 3821889 
809 3821889 
810 3821889 
811 3821889 
812 3821889 
813 3821889 
814 3821889 
815 3821889 
816 3821889 
817 3821889 
818 3821889 
819 3821889 
820 3821889 
821 3821889 
822 3821889 
823 3821889 
824 3821889 
825 3821889 
826 3821889 
827 3821889 
828 3821889 
829 3821889 
830 3821889 
831 3821889 
832 3821889 
833 3821889 
834 3821889 
835 3821889 
836 3821889 
837 3821889 
838 3821889 
839 3821889 
840 3821889 
841 3821889 
842 3821889 
843 3821889 
844 3821889 
845 3821889 
846 3821889 
847 3821889 
848 3821889 
849 3821889 
850 3821889 
851 3821889 
852 3821889 
853 3821889 
854 3821889 
855 3821889 
856 3821889 
857 3821889 
858 3821889 
859 3821889 
860 3821889 
861 3821889 
862 3821889 
863 3821889 
864 3821889 
865 3821889 
866 3821889 
867 3821889 
868 3821889 
869 3821889 
870 3821889 
871 3821889 
872 3821889 
873 3821889 
874 3821889 
875 3821889 
876 3821889 
877 3821889 
878 3821889 
879 3821889 
880 3821889 
881 3821889 
882 3821889 
883 3821889 
884 3821889 
885 3821889 
886 3821889 
887 3821889 
888 3821889 
889 3821889 
890 3821889 
891 3821889 
892 3821889 
893 3821889 
894 3821889 
895 3821889 
896 3821889 
897 3821889 
898 3821889 
899 3821889 
900 3821889 
901 3821889 
902 3821889 
903 3821889 
904 3821889 
905 3821889 
906 3821889 
907 3821889 
908 3821889 
909 3821889 
910 3821889 
911 3821889 
912 3821889 
913 3821889 
914 3821889 
915 3821889 
916 3821889 
917 3821889 
918 3821889 
919 3821889 
920 3821889 
921 3821889 
922 3821889 
923 3821889 
924 3821889 
925 3821889 
926 3821889 
927 3821889 
928 3821889 
929 3821889 
930 3821889 
931 3821889 
932 3821889 
933 3821889 
934 3821889 
935 3821889 
936 3821889 
937 3821889 
938 3821889 
939 3821889 
940 3821889 
941 3821889 
942 3821889 
943 3821889 
944 3821889 
945 3821889 
946 3821889 
947 3821889 
948 3821889 
949 3821889 
950 3821889 
951 3821889 
952 3821889 
953 3821889 
954 3821889 
955 3821889 
956 3821889 
957 3821889 
958 3821889 
959 3821889 
960 3821889 
961 3821889 
962 3821889 
963 3821889 
964 3821889 
965 3821889 
966 3821889 
967 3821889 
968 3821889 
969 3821889 
970 3821889 
971 3821889 
972 3821889 
973 3821889 
974 3821889 
975 3821889 
976 3821889 
977 3821889 
978 3821889 
979 3821889 
980 3821889 
981 3821889 
982 3821889 
983 3821889 
984 3821889 
985 3821889 
986 3821889 
987 3821889 
988 3821889 
989 3821889 
990 3821889 
991 3821889 
992 3821889 
993 3821889 
994 3821889 
995 3821889 
996 3821889 
997 3821889 
998 3821889 
999 3821889 
1000 3821889 
1001 3821889 
1002 3821889 
1003 3821889 
1004 3821889 
1005 3821889 
1006 3821889 
1007 3821889 
1008 3821889 
1009 3821889 
1010 3821889 
1011 3821889 
1012 3821889 
1013 3821889 
1014 3821889 
1015 3821889 
1016 3821889 
1017 3821889 
1018 3821889 
1019 3821889 
1020 3821889 
1021 3821889 
1022 3821889 
1023 3821889 
1024 3821889 
1025 3821889 
1026 3821889 
1027 3821889 
1028 3821889 
1029 3821889 
1030 3821889 
1031 3821889 
1032 3821889 
1033 3821889 
1034 3821889 
1035 3821889 
1036 3821889 
1037 3821889 
1038 3821889 
1039 3821889 
1040 3821889 
1041 3821889 
1042 3821889 
1043 3821889 
1044 3821889 
1045 3821889 
1046 3821889 
1047 3821889 
1048 3821889 
1049 3821889 
1050 3821889 
1051 3821889 
1052 3821889 
1053 3821889 
1054 3821889 
1055 3821889 
1056 3821889 
1057 3821889 
1058 3821889 
1059 3821889 
1060 3821889 
1061 3821889 
1062 3821889 
1063 3821889 
1064 3821889 
1065 3821889 
1066 3821889 
1067 3821889 
1068 3821889 
1069 3821889 
1070 3821889 
1071 3821889 
1072 3821889 
1073 3821889 
1074 3821889 
1075 3821889 
1076 3821889 
1077 3821889 
1078 3821889 
1079 3821889 
1080 3821889 
1081 3821889 
1082 3821889 
1083 3821889 
1084 3821889 
1085 3821889 
1086 3821889 
1087 3821889 
1088 3821889 
1089 3821889 
1090 3821889 
1091 3821889 
1092 3821889 
1093 3821889 
1094 3821889 
1095 3821889 
1096 3821889 
1097 3821889 
1098 3821889 
1099 3821889 
1100 3821889 
1101 3821889 
1102 3821889 
1103 3821889 
1104 3821889 
1105 3821889 
1106 3821889 
1107 3821889 
1108 3821889 
1109 3821889 
1110 3821889 
1111 3821889 
1112 3821889 
1113 3821889 
1114 3821889 
1115 3821889 
1116 3821889 
1117 3821889 
1118 3821889 
1119 3821889 
1120 3821889 
1121 3821889 
1122 3821889 
1123 3821889 
1124 3821889 
1125 3821889 
1126 3821889 
1127 3821889 
1128 3821889 
1129 3821889 
1130 3821889 
1131 3821889 
1132 3821889 
1133 3821889 
1134 3821889 
1135 3821889 
1136 3821889 
1137 3821889 
1138 3821889 
1139 3821889 
1140 3821889 
1141 3821889 
1142 3821889 
1143 3821889 
1144 3821889 
1145 3821889 
1146 3821889 
1147 3821889 
1148 3821889 
1149 3821889 
1150 3821889 
1151 3821889 
1152 3821889 
1153 3821889 
1154 3821889 
1155 3821889 
1156 3821889 
1157 3821889 
1158 3821889 
1159 3821889 
1160 3821889 
1161 3821889 
1162 3821889 
1163 3821889 
1164 3821889 
1165 3821889 
1166 3821889 
1167 3821889 
1168 3821889 
1169 3821889 
1170 3821889 
1171 3821889 
1172 3821889 
1173 3821889 
1174 3821889 
1175 3821889 
1176 3821889 
1177 3821889 
1178 3821889 
1179 3821889 
1180 3821889 
1181 3821889 
1182 3821889 
1183 3821889 
1184 3821889 
1185 3821889 
1186 3821889 
1187 3821889 
1188 3821889 
1189 3821889 
1190 3821889 
1191 3821889 
1192 3821889 
1193 3821889 
1194 3821889 
1195 3821889 
1196 3821889 
1197 3821889 
1198 3821889 
1199 3821889 
1200 3821889 
1201 3821889 
1202 3821889 
1203 3821889 
1204 3821889 
1205 3821889 
1206 3821889 
1207 3821889 
1208 3821889 
1209 3821889 
1210 3821889 
1211 3821889 
1212 3821889 
1213 3821889 
1214 3821889 
1215 3821889 
1216 3821889 
1217 3821889 
1218 3821889 
1219 3821889 
1220 3821889 
1221 3821889 
1222 3821889 
1223 3821889 
1224 3821889 
1225 3821889 
1226 3821889 
1227 3821889 
1228 3821889 
1229 3821889 
1230 3821889 
1231 3821889 
1232 3821889 
1233 3821889 
1234 3821889 
1235 3821889 
1236 3821889 
1237 3821889 
1238 3821889 
1239 3821889 
1240 3821889 
1241 3821889 
1242 3821889 
1243 3821889 
1244 3821889 
1245 3821889 
1246 3821889 
1247 3821889 
1248 3821889 
1249 3821889 
1250 3821889 
1251 3821889 
1252 3821889 
1253 3821889 
1254 3821889 
1255 3821889 
1256 3821889 
1257 3821889 
1258 3821889 
1259 3821889 
1260 3821889 
1261 3821889 
1262 3821889 
1263 3821889 
1264 3821889 
1265 3821889 
1266 3821889 
1267 3821889 
1268 3821889 
1269 3821889 
1270 3821889 
1271 3821889 
1272 3821889 
1273 3821889 
1274 3821889 
1275 3821889 
1276 3821889 
1277 3821889 
1278 3821889 
1279 3821889 
1280 3821889 
1281 3821889 
1282 3821889 
1283 3821889 
1284 3821889 
1285 3821889 
1286 3821889 
1287 3821889 
1288 3821889 
1289 3821889 
1290 3821889 
1291 3821889 
1292 3821889 
1293 3821889 
1294 3821889 
1295 3821889 
1296 3821889 
1297 3821889 
1298 3821889 
1299 3821889 
1300 3821889 
1301 3821889 
1302 3821889 
1303 3821889 
1304 3821889 
1305 3821889 
1306 3821889 
1307 3821889 
1308 3821889 
1309 3821889 
1310 3821889 
1311 3821889 
1312 3821889 
1313 3821889 
1314 3821889 
1315 3821889 
1316 3821889 
1317 3821889 
1318 3821889 
1319 3821889 
1320 3821889 
1321 3821889 
1322 3821889 
1323 3821889 
1324 3821889 
1325 3821889 
1326 3821889 
1327 3821889 
1328 3821889 
1329 3821889 
1330 3821889 
1331 3821889 
1332 3821889 
1333 3821889 
1334 3821889 
1335 3821889 
1336 3821889 
1337 3821889 
1338 3821889 
1339 3821889 
1340 3821889 
1341 3821889 
1342 3821889 
1343 3821889 
1344 3821889 
1345 3821889 
1346 3821889 
1347 3821889 
1348 3821889 
1349 3821889 
1350 3821889 
1351 3821889 
1352 3821889 
1353 3821889 
1354 3821889 
1355 3821889 
1356 3821889 
1357 3821889 
1358 3821889 
1359 3821889 
1360 3821889 
1361 3821889 
1362 3821889 
1363 3821889 
1364 3821889 
1365 3821889 
1366 3821889 
1367 3821889 
1368 3821889 
1369 3821889 
1370 3821889 
1371 3821889 
1372 3821889 
1373 3821889 
1374 3821889 
1375 3821889 
1376 3821889 
1377 3821889 
1378 3821889 
1379 3821889 
1380 3821889 
1381 3821889 
1382 3821889 
1383 3821889 
1384 3821889 
1385 3821889 
1386 3821889 
1387 3821889 
1388 3821889 
1389 3821889 
1390 3821889 
1391 3821889 
1392 3821889 
1393 3821889 
1394 3821889 
1395 3821889 
1396 3821889 
1397 3821889 
1398 3821889 
1399 3821889 
1400 3821889 
1401 3821889 
1402 3821889 
1403 3821889 
1404 3821889 
1405 3821889 
1406 3821889 
1407 3821889 
1408 3821889 
1409 3821889 
1410 3821889 
1411 3821889 
1412 3821889 
1413 3821889 
1414 3821889 
1415 3821889 
1416 3821889 
1417 3821889 
1418 3821889 
1419 3821889 
1420 3821889 
1421 3821889 
1422 3821889 
1423 3821889 
1424 3821889 
1425 3821889 
1426 3821889 
1427 3821889 
1428 3821889 
1429 3821889 
1430 3821889 
1431 3821889 
1432 3821889 
1433 3821889 
1434 3821889 
1435 3821889 
1436 3821889 
1437 3821889 
1438 3821889 
1439 3821889 
1440 3821889 
1441 3821889 
1442 3821889 
1443 3821889 
1444 3821889 
1445 3821889 
1446 3821889 
1447 3821889 
1448 3821889 
1449 3821889 
1450 3821889 
1451 3821889 
1452 3821889 
1453 3821889 
1454 3821889 
1455 3821889 
1456 3821889 
1457 3821889 
1458 3821889 
1459 3821889 
1460 3821889 
1461 3821889 
1462 3821889 
1463 3821889 
1464 3821889 
1465 3821889 
1466 3821889 
1467 3821889 
1468 3821889 
1469 3821889 
1470 3821889 
1471 3821889 
1472 3821889 
1473 3821889 
1474 3821889 
1475 3821889 
1476 3821889 
1477 3821889 
1478 3821889 
1479 3821889 
1480 3821889 
1481 3821889 
1482 3821889 
1483 3821889 
1484 3821889 
1485 3821889 
1486 3821889 
1487 3821889 
1488 3821889 
1489 3821889 
1490 3821889 
1491 3821889 
1492 3821889 
1493 3821889 
1494 3821889 
1495 3821889 
1496 3821889 
1497 3821889 
1498 3821889 
1499 3821889 
1500 3821889 
1501 3821889 
1502 3821889 
1503 3821889 
1504 3821889 
1505 3821889 
1506 3821889 
1507 3821889 
1508 3821889 
1509 3821889 
1510 3821889 
1511 3821889 
1512 3821889 
1513 3821889 
1514 3821889 
1515 3821889 
1516 3821889 
1517 3821889 
1518 3821889 
1519 3821889 
1520 3821889 
1521 3821889 
1522 3821889 
1523 3821889 
1524 3821889 
1525 3821889 
1526 3821889 
1527 3821889 
1528 3821889 
1529 3821889 
1530 3821889 
1531 3821889 
1532 3821889 
1533 3821889 
1534 3821889 
1535 3821889 
1536 3821889 
1537 3821889 
1538 3821889 
1539 3821889 
1540 3821889 
1541 3821889 
1542 3821889 
1543 3821889 
1544 3821889 
1545 3821889 
1546 3821889 
1547 3821889 
1548 3821889 
1549 3821889 
1550 3821889 
1551 3821889 
1552 3821889 
1553 3821889 
1554 3821889 
1555 3821889 
1556 3821889 
1557 3821889 
1558 3821889 
1559 3821889 
1560 3821889 
1561 3821889 
1562 3821889 
1563 3821889 
1564 3821889 
1565 3821889 
1566 3821889 
1567 3821889 
1568 3821889 
1569 3821889 
1570 3821889 
1571 3821889 
1572 3821889 
1573 3821889 
1574 3821889 
1575 3821889 
1576 3821889 
1577 3821889 
1578 3821889 
1579 3821889 
1580 3821889 
1581 3821889 
1582 3821889 
1583 3821889 
1584 3821889 
1585 3821889 
1586 3821889 
1587 3821889 
1588 3821889 
1589 3821889 
1590 3821889 
1591 3821889 
1592 3821889 
1593 3821889 
1594 3821889 
1595 3821889 
1596 3821889 
1597 3821889 
1598 3821889 
1599 3821889 
1600 3821889 
1601 3821889 
1602 3821889 
1603 3821889 
1604 3821889 
1605 3821889 
1606 3821889 
1607 3821889 
1608 3821889 
1609 3821889 
1610 3821889 
1611 3821889 
1612 3821889 
1613 3821889 
1614 3821889 
1615 3821889 
1616 3821889 
1617 3821889 
1618 3821889 
1619 3821889 
1620 3821889 
1621 3821889 
1622 3821889 
1623 3821889 
1624 3821889 
1625 3821889 
1626 3821889 
1627 3821889 
1628 3821889 
1629 3821889 
1630 3821889 
1631 3821889 
1632 3821889 
1633 3821889 
1634 3821889 
1635 3821889 
1636 3821889 
1637 3821889 
1638 3821889 
1639 3821889 
1640 3821889 
1641 3821889 
1642 3821889 
1643 3821889 
1644 3821889 
1645 3821889 
1646 3821889 
1647 3821889 
1648 3821889 
1649 3821889 
1650 3821889 
1651 3821889 
1652 3821889 
1653 3821889 
1654 3821889 
1655 3821889 
1656 3821889 
1657 3821889 
1658 3821889 
1659 3821889 
1660 3821889 
1661 3821889 
1662 3821889 
1663 3821889 
1664 3821889 
1665 3821889 
1666 3821889 
1667 3821889 
1668 3821889 
1669 3821889 
1670 3821889 
1671 3821889 
1672 3821889 
1673 3821889 
1674 3821889 
1675 3821889 
1676 3821889 
1677 3821889 
1678 3821889 
1679 3821889 
1680 3821889 
1681 3821889 
1682 3821889 
1683 3821889 
1684 3821889 
1685 3821889 
1686 3821889 
1687 3821889 
1688 3821889 
1689 3821889 
1690 3821889 
1691 3821889 
1692 3821889 
1693 3821889 
1694 3821889 
1695 3821889 
1696 3821889 
1697 3821889 
1698 3821889 
1699 3821889 
1700 3821889 
1701 3821889 
1702 3821889 
1703 3821889 
1704 3821889 
1705 3821889 
1706 3821889 
1707 3821889 
1708 3821889 
1709 3821889 
1710 3821889 
1711 3821889 
1712 3821889 
1713 3821889 
1714 3821889 
1715 3821889 
1716 3821889 
1717 3821889 
1718 3821889 
1719 3821889 
1720 3821889 
1721 3821889 
1722 3821889 
1723 3821889 
1724 3821889 
1725 3821889 
1726 3821889 
1727 3821889 
1728 3821889 
1729 3821889 
1730 3821889 
1731 3821889 
1732 3821889 
1733 3821889 
1734 3821889 
1735 3821889 
1736 3821889 
1737 3821889 
1738 3821889 
1739 3821889 
1740 3821889 
1741 3821889 
1742 3821889 
1743 3821889 
1744 3821889 
1745 3821889 
1746 3821889 
1747 3821889 
1748 3821889 
1749 3821889 
1750 3821889 
1751 3821889 
1752 3821889 
1753 3821889 
1754 3821889 
1755 3821889 
1756 3821889 
1757 3821889 
1758 3821889 
1759 3821889 
1760 3821889 
1761 3821889 
1762 3821889 
1763 3821889 
1764 3821889 
1765 3821889 
1766 3821889 
1767 3821889 
1768 3821889 
1769 3821889 
1770 3821889 
1771 3821889 
1772 3821889 
1773 3821889 
1774 3821889 
1775 3821889 
1776 3821889 
1777 3821889 
1778 3821889 
1779 3821889 
1780 3821889 
1781 3821889 
1782 3821889 
1783 3821889 
1784 3821889 
1785 3821889 
1786 3821889 
1787 3821889 
1788 3821889 
1789 3821889 
1790 3821889 
1791 3821889 
1792 3821889 
1793 3821889 
1794 3821889 
1795 3821889 
1796 3821889 
1797 3821889 
1798 3821889 
1799 3821889 
1800 3821889 
1801 3821889 
1802 3821889 
1803 3821889 
1804 3821889 
1805 3821889 
1806 3821889 
1807 3821889 
1808 3821889 
1809 3821889 
1810 3821889 
1811 3821889 
1812 3821889 
1813 3821889 
1814 3821889 
1815 3821889 
1816 3821889 
1817 3821889 
1818 3821889 
1819 3821889 
1820 3821889 
1821 3821889 
1822 3821889 
1823 3821889 
1824 3821889 
1825 3821889 
1826 3821889 
1827 3821889 
1828 3821889 
1829 3821889 
1830 3821889 
1831 3821889 
1832 3821889 
1833 3821889 
1834 3821889 
1835 3821889 
1836 3821889 
1837 3821889 
1838 3821889 
1839 3821889 
1840 3821889 
1841 3821889 
1842 3821889 
1843 3821889 
1844 3821889 
1845 3821889 
1846 3821889 
1847 3821889 
1848 3821889 
1849 3821889 
1850 3821889 
1851 3821889 
1852 3821889 
1853 3821889 
1854 3821889 
1855 3821889 
1856 3821889 
1857 3821889 
1858 3821889 
1859 3821889 
1860 3821889 
1861 3821889 
1862 3821889 
1863 3821889 
1864 3821889 
1865 3821889 
1866 3821889 
1867 3821889 
1868 3821889 
1869 3821889 
1870 3821889 
1871 3821889 
1872 3821889 
1873 3821889 
1874 3821889 
1875 3821889 
1876 3821889 
1877 3821889 
1878 3821889 
1879 3821889 
1880 3821889 
1881 3821889 
1882 3821889 
1883 3821889 
1884 3821889 
1885 3821889 
1886 3821889 
1887 3821889 
1888 3821889 
1889 3821889 
1890 3821889 
1891 3821889 
1892 3821889 
1893 3821889 
1894 3821889 
1895 3821889 
1896 3821889 
1897 3821889 
1898 3821889 
1899 3821889 
1900 3821889 
1901 3821889 
1902 3821889 
1903 3821889 
1904 3821889 
1905 3821889 
1906 3821889 
1907 3821889 
1908 3821889 
1909 3821889 
1910 3821889 
1911 3821889 
1912 3821889 
1913 3821889 
1914 3821889 
1915 3821889 
1916 3821889 
1917 3821889 
1918 3821889 
1919 3821889 
1920 3821889 
1921 3821889 
1922 3821889 
1923 3821889 
1924 3821889 
1925 3821889 
1926 3821889 
1927 3821889 
1928 3821889 
1929 3821889 
1930 3821889 
1931 3821889 
1932 3821889 
1933 3821889 
1934 3821889 
1935 3821889 
1936 3821889 
1937 3821889 
1938 3821889 
1939 3821889 
1940 3821889 
1941 3821889 
1942 3821889 
1943 3821889 
1944 3821889 
1945 3821889 
1946 3821889 
1947 3821889 
1948 3821889 
1949 3821889 
1950 3821889 
1951 3821889 
1952 3821889 
1953 3821889 
1954 3821889 
1955 3821889 
1956 3821889 
1957 3821889 
1958 3821889 
1959 3821889 
1960 3821889 
1961 3821889 
1962 3821889 
1963 3821889 
1964 3821889 
1965 3821889 
1966 3821889 
1967 3821889 
1968 3821889 
1969 3821889 
1970 3821889 
1971 3821889 
1972 3821889 
1973 3821889 
1974 3821889 
1975 3821889 
1976 3821889 
1977 3821889 
1978 3821889 
1979 3821889 
1980 3821889 
1981 3821889 
1982 3821889 
1983 3821889 
1984 3821889 
1985 3821889 
1986 3821889 
1987 3821889 
1988 3821889 
1989 3821889 
1990 3821889 
1991 3821889 
1992 3821889 
1993 3821889 
1994 3821889 
1995 3821889 
1996 3821889 
1997 3821889 
1998 3821889 
1999 3821889 
2000 3821889 
2001 3821889 
2002 3821889 
2003 3821889 
2004 3821889 
2005 3821889 
2006 3821889 
2007 3821889 
2008 3821889 
2009 3821889 
2010 3821889 
2011 3821889 
2012 3821889 
2013 3821889 
2014 3821889 
2015 3821889 
2016 3821889 
2017 3821889 
2018 3821889 
2019 3821889 
2020 3821889 
2021 3821889 
2022 3821889 
2023 3821889 
2024 3821889 
2025 3821889 
2026 3821889 
2027 3821889 
2028 3821889 
2029 3821889 
2030 3821889 
2031 3821889 
2032 3821889 
2033 3821889 
2034 3821889 
2035 3821889 
2036 3821889 
2037 3821889 
2038 3821889 
2039 3821889 
2040 3821889 
2041 3821889 
2042 3821889 
2043 3821889 
2044 3821889 
2045 3821889 
2046 3821889 
2047 3821889 
2048 3821889 
2049 3821889 
2050 3821889 
2051 3821889 
2052 3821889 
2053 3821889 
2054 3821889 
2055 3821889 
2056 3821889 
2057 3821889 
2058 3821889 
2059 3821889 
2060 3821889 
2061 3821889 
2062 3821889 
2063 3821889 
2064 3821889 
2065 3821889 
2066 3821889 
2067 3821889 
2068 3821889 
2069 3821889 
2070 3821889 
2071 3821889 
2072 3821889 
2073 3821889 
2074 3821889 
2075 3821889 
2076 3821889 
2077 3821889 
2078 3821889 
2079 3821889 
2080 3821889 
2081 3821889 
2082 3821889 
2083 3821889 
2084 3821889 
2085 3821889 
2086 3821889 
2087 3821889 
2088 3821889 
2089 3821889 
2090 3821889 
2091 3821889 
2092 3821889 
2093 3821889 
2094 3821889 
2095 3821889 
2096 3821889 
2097 3821889 
2098 3821889 
2099 3821889 
2100 3821889 
2101 3821889 
2102 3821889 
2103 3821889 
2104 3821889 
2105 3821889 
2106 3821889 
2107 3821889 
2108 3821889 
2109 3821889 
2110 3821889 
2111 3821889 
2112 3821889 
2113 3821889 
2114 3821889 
2115 3821889 
2116 3821889 
2117 3821889 
2118 3821889 
2119 3821889 
2120 3821889 
2121 3821889 
2122 3821889 
2123 3821889 
2124 3821889 
2125 3821889 
2126 3821889 
2127 3821889 
2128 3821889 
2129 3821889 
2130 3821889 
2131 3821889 
2132 3821889 
2133 3821889 
2134 3821889 
2135 3821889 
2136 3821889 
2137 3821889 
2138 3821889 
2139 3821889 
2140 3821889 
2141 3821889 
2142 3821889 
2143 3821889 
2144 3821889 
2145 3821889 
2146 3821889 
2147 3821889 
2148 3821889 
2149 3821889 
2150 3821889 
2151 3821889 
2152 3821889 
2153 3821889 
2154 3821889 
2155 3821889 
2156 3821889 
2157 3821889 
2158 3821889 
2159 3821889 
2160 3821889 
2161 3821889 
2162 3821889 
2163 3821889 
2164 3821889 
2165 3821889 
2166 3821889 
2167 3821889 
2168 3821889 
2169 3821889 
2170 3821889 
2171 3821889 
2172 3821889 
2173 3821889 
2174 3821889 
2175 3821889 
2176 3821889 
2177 3821889 
2178 3821889 
2179 3821889 
2180 3821889 
2181 3821889 
2182 3821889 
2183 3821889 
2184 3821889 
2185 3821889 
2186 3821889 
2187 3821889 
2188 3821889 
2189 3821889 
2190 3821889 
2191 3821889 
2192 3821889 
2193 3821889 
2194 3821889 
2195 3821889 
2196 3821889 
2197 3821889 
2198 3821889 
2199 3821889 
2200 3821889 
2201 3821889 
2202 3821889 
2203 3821889 
2204 3821889 
2205 3821889 
2206 3821889 
2207 3821889 
2208 3821889 
2209 3821889 
2210 3821889 
2211 3821889 
2212 3821889 
2213 3821889 
2214 3821889 
2215 3821889 
2216 3821889 
2217 3821889 
2218 3821889 
2219 3821889 
2220 3821889 
2221 3821889 
2222 3821889 
2223 3821889 
2224 3821889 
2225 3821889 
2226 3821889 
2227 3821889 
2228 3821889 
2229 3821889 
2230 3821889 
2231 3821889 
2232 3821889 
2233 3821889 
2234 3821889 
2235 3821889 
2236 3821889 
2237 3821889 
2238 3821889 
2239 3821889 
2240 3821889 
2241 3821889 
2242 3821889 
2243 3821889 
2244 3821889 
2245 3821889 
2246 3821889 
2247 3821889 
2248 3821889 
2249 3821889 
2250 3821889 
2251 3821889 
2252 3821889 
2253 3821889 
2254 3821889 
2255 3821889 
2256 3821889 
2257 3821889 
2258 3821889 
2259 3821889 
2260 3821889 
2261 3821889 
2262 3821889 
2263 3821889 
2264 3821889 
2265 3821889 
2266 3821889 
2267 3821889 
2268 3821889 
2269 3821889 
2270 3821889 
2271 3821889 
2272 3821889 
2273 3821889 
2274 3821889 
2275 3821889 
2276 3821889 
2277 3821889 
2278 3821889 
2279 3821889 
2280 3821889 
2281 3821889 
2282 3821889 
2283 3821889 
2284 3821889 
2285 3821889 
2286 3821889 
2287 3821889 
2288 3821889 
2289 3821889 
2290 3821889 
2291 3821889 
2292 3821889 
2293 3821889 
2294 3821889 
2295 3821889 
2296 3821889 
2297 3821889 
2298 3821889 
2299 3821889 
2300 3821889 
2301 3821889 
2302 3821889 
2303 3821889 
2304 3821889 
2305 3821889 
2306 3821889 
2307 3821889 
2308 3821889 
2309 3821889 
2310 3821889 
2311 3821889 
2312 3821889 
2313 3821889 
2314 3821889 
2315 3821889 
2316 3821889 
2317 3821889 
2318 3821889 
2319 3821889 
2320 3821889 
2321 3821889 
2322 3821889 
2323 3821889 
2324 3821889 
2325 3821889 
2326 3821889 
2327 3821889 
2328 3821889 
2329 3821889 
2330 3821889 
2331 3821889 
2332 3821889 
2333 3821889 
2334 3821889 
2335 3821889 
2336 3821889 
2337 3821889 
2338 3821889 
2339 3821889 
2340 3821889 
2341 3821889 
2342 3821889 
2343 3821889 
2344 3821889 
2345 3821889 
2346 3821889 
2347 3821889 
2348 3821889 
2349 3821889 
2350 3821889 
2351 3821889 
2352 3821889 
2353 3821889 
2354 3821889 
2355 3821889 
2356 3821889 
2357 3821889 
2358 3821889 
2359 3821889 
2360 3821889 
2361 3821889 
2362 3821889 
2363 3821889 
2364 3821889 
2365 3821889 
2366 3821889 
2367 3821889 
2368 3821889 
2369 3821889 
2370 3821889 
2371 3821889 
2372 3821889 
2373 3821889 
2374 3821889 
2375 3821889 
2376 3821889 
2377 3821889 
2378 3821889 
2379 3821889 
2380 3821889 
2381 3821889 
2382 3821889 
2383 3821889 
2384 3821889 
2385 3821889 
2386 3821889 
2387 3821889 
2388 3821889 
2389 3821889 
2390 3821889 
2391 3821889 
2392 3821889 
2393 3821889 
2394 3821889 
2395 3821889 
2396 3821889 
2397 3821889 
2398 3821889 
2399 3821889 
2400 3821889 
2401 3821889 
2402 3821889 
2403 3821889 
2404 3821889 
2405 3821889 
2406 3821889 
2407 3821889 
2408 3821889 
2409 3821889 
2410 3821889 
2411 3821889 
2412 3821889 
2413 3821889 
2414 3821889 
2415 3821889 
2416 3821889 
2417 3821889 
2418 3821889 
2419 3821889 
2420 3821889 
2421 3821889 
2422 3821889 
2423 3821889 
2424 3821889 
2425 3821889 
2426 3821889 
2427 3821889 
2428 3821889 
2429 3821889 
2430 3821889 
2431 3821889 
2432 3821889 
2433 3821889 
2434 3821889 
2435 3821889 
2436 3821889 
2437 3821889 
2438 3821889 
2439 3821889 
2440 3821889 
2441 3821889 
2442 3821889 
2443 3821889 
2444 3821889 
2445 3821889 
2446 3821889 
2447 3821889 
2448 3821889 
2449 3821889 
2450 3821889 
2451 3821889 
2452 3821889 
2453 3821889 
2454 3821889 
2455 3821889 
2456 3821889 
2457 3821889 
2458 3821889 
2459 3821889 
2460 3821889 
2461 3821889 
2462 3821889 
2463 3821889 
2464 3821889 
2465 3821889 
2466 3821889 
2467 3821889 
2468 3821889 
2469 3821889 
2470 3821889 
2471 3821889 
2472 3821889 
2473 3821889 
2474 3821889 
2475 3821889 
2476 3821889 
2477 3821889 
2478 3821889 
2479 3821889 
2480 3821889 
2481 3821889 
2482 3821889 
2483 3821889 
2484 3821889 
2485 3821889 
2486 3821889 
2487 3821889 
2488 3821889 
2489 3821889 
2490 3821889 
2491 3821889 
2492 3821889 
2493 3821889 
2494 3821889 
2495 3821889 
2496 3821889 
2497 3821889 
2498 3821889 
2499 3821889 
2500 3821889 
2501 3821889 
2502 3821889 
2503 3821889 
2504 3821889 
2505 3821889 
2506 3821889 
2507 3821889 
2508 3821889 
2509 3821889 
2510 3821889 
2511 3821889 
2512 3821889 
2513 3821889 
2514 3821889 
2515 3821889 
2516 3821889 
2517 3821889 
2518 3821889 
2519 3821889 
2520 3821889 
2521 3821889 
2522 3821889 
2523 3821889 
2524 3821889 
2525 3821889 
2526 3821889 
2527 3821889 
2528 3821889 
2529 3821889 
2530 3821889 
2531 3821889 
2532 3821889 
2533 3821889 
2534 3821889 
2535 3821889 
2536 3821889 
2537 3821889 
2538 3821889 
2539 3821889 
2540 3821889 
2541 3821889 
2542 3821889 
2543 3821889 
2544 3821889 
2545 3821889 
2546 3821889 
2547 3821889 
2548 3821889 
2549 3821889 
2550 3821889 
2551 3821889 
2552 3821889 
2553 3821889 
2554 3821889 
2555 3821889 
2556 3821889 
2557 3821889 
2558 3821889 
2559 3821889 
2560 3821889 
2561 3821889 
2562 3821889 
2563 3821889 
2564 3821889 
2565 3821889 
2566 3821889 
2567 3821889 
2568 3821889 
2569 3821889 
2570 3821889 
2571 3821889 
2572 3821889 
2573 3821889 
2574 3821889 
2575 3821889 
2576 3821889 
2577 3821889 
2578 3821889 
2579 3821889 
2580 3821889 
2581 3821889 
2582 3821889 
2583 3821889 
2584 3821889 
2585 3821889 
2586 3821889 
2587 3821889 
2588 3821889 
2589 3821889 
2590 3821889 
2591 3821889 
2592 3821889 
2593 3821889 
2594 3821889 
2595 3821889 
2596 3821889 
2597 3821889 
2598 3821889 
2599 3821889 
2600 3821889 
2601 3821889 
2602 3821889 
2603 3821889 
2604 3821889 
2605 3821889 
2606 3821889 
2607 3821889 
2608 3821889 
2609 3821889 
2610 3821889 
2611 3821889 
2612 3821889 
2613 3821889 
2614 3821889 
2615 3821889 
2616 3821889 
2617 3821889 
2618 3821889 
2619 3821889 
2620 3821889 
2621 3821889 
2622 3821889 
2623 3821889 
2624 3821889 
2625 3821889 
2626 3821889 
2627 3821889 
2628 3821889 
2629 3821889 
2630 3821889 
2631 3821889 
2632 3821889 
2633 3821889 
2634 3821889 
2635 3821889 
2636 3821889 
2637 3821889 
2638 3821889 
2639 3821889 
2640 3821889 
2641 3821889 
2642 3821889 
2643 3821889 
2644 3821889 
2645 3821889 
2646 3821889 
2647 3821889 
2648 3821889 
2649 3821889 
2650 3821889 
2651 3821889 
2652 3821889 
2653 3821889 
2654 3821889 
2655 3821889 
2656 3821889 
2657 3821889 
2658 3821889 
2659 3821889 
2660 3821889 
2661 3821889 
2662 3821889 
2663 3821889 
2664 3821889 
2665 3821889 
2666 3821889 
2667 3821889 
2668 3821889 
2669 3821889 
2670 3821889 
2671 3821889 
2672 3821889 
2673 3821889 
2674 3821889 
2675 3821889 
2676 3821889 
2677 3821889 
2678 3821889 
2679 3821889 
2680 3821889 
2681 3821889 
2682 3821889 
2683 3821889 
2684 3821889 
2685 3821889 
2686 3821889 
2687 3821889 
2688 3821889 
2689 3821889 
2690 3821889 
2691 3821889 
2692 3821889 
2693 3821889 
2694 3821889 
2695 3821889 
2696 3821889 
2697 3821889 
2698 3821889 
2699 3821889 
2700 3821889 
2701 3821889 
2702 3821889 
2703 3821889 
2704 3821889 
2705 3821889 
2706 3821889 
2707 3821889 
2708 3821889 
2709 3821889 
2710 3821889 
2711 3821889 
2712 3821889 
2713 3821889 
2714 3821889 
2715 3821889 
2716 3821889 
2717 3821889 
2718 3821889 
2719 3821889 
2720 3821889 
2721 3821889 
2722 3821889 
2723 3821889 
2724 3821889 
2725 3821889 
2726 3821889 
2727 3821889 
2728 3821889 
2729 3821889 
2730 3821889 
2731 3821889 
2732 3821889 
2733 3821889 
2734 3821889 
2735 3821889 
2736 3821889 
2737 3821889 
2738 3821889 
2739 3821889 
2740 3821889 
2741 3821889 
2742 3821889 
2743 3821889 
2744 3821889 
2745 3821889 
2746 3821889 
2747 3821889 
2748 3821889 
2749 3821889 
2750 3821889 
2751 3821889 
2752 3821889 
2753 3821889 
2754 3821889 
2755 3821889 
2756 3821889 
2757 3821889 
2758 3821889 
2759 3821889 
2760 3821889 
2761 3821889 
2762 3821889 
2763 3821889 
2764 3821889 
2765 3821889 
2766 3821889 
2767 3821889 
2768 3821889 
2769 3821889 
2770 3821889 
2771 3821889 
2772 3821889 
2773 3821889 
2774 3821889 
2775 3821889 
2776 3821889 
2777 3821889 
2778 3821889 
2779 3821889 
2780 3821889 
2781 3821889 
2782 3821889 
2783 3821889 
2784 3821889 
2785 3821889 
2786 3821889 
2787 3821889 
2788 3821889 
2789 3821889 
2790 3821889 
2791 3821889 
2792 3821889 
2793 3821889 
2794 3821889 
2795 3821889 
2796 3821889 
2797 3821889 
2798 3821889 
2799 3821889 
2800 3821889 
2801 3821889 
2802 3821889 
2803 3821889 
2804 3821889 
2805 3821889 
2806 3821889 
2807 3821889 
2808 3821889 
2809 3821889 
2810 3821889 
2811 3821889 
2812 3821889 
2813 3821889 
2814 3821889 
2815 3821889 
2816 3821889 
2817 3821889 
2818 3821889 
2819 3821889 
2820 3821889 
2821 3821889 
2822 3821889 
2823 3821889 
2824 3821889 
2825 3821889 
2826 3821889 
2827 3821889 
2828 3821889 
2829 3821889 
2830 3821889 
2831 3821889 
2832 3821889 
2833 3821889 
2834 3821889 
2835 3821889 
2836 3821889 
2837 3821889 
2838 3821889 
2839 3821889 
2840 3821889 
2841 3821889 
2842 3821889 
2843 3821889 
2844 3821889 
2845 3821889 
2846 3821889 
2847 3821889 
2848 3821889 
2849 3821889 
2850 3821889 
2851 3821889 
2852 3821889 
2853 3821889 
2854 3821889 
2855 3821889 
2856 3821889 
2857 3821889 
2858 3821889 
2859 3821889 
2860 3821889 
2861 3821889 
2862 3821889 
2863 3821889 
2864 3821889 
2865 3821889 
2866 3821889 
2867 3821889 
2868 3821889 
2869 3821889 
2870 3821889 
2871 3821889 
2872 3821889 
2873 3821889 
2874 3821889 
2875 3821889 
2876 3821889 
2877 3821889 
2878 3821889 
2879 3821889 
2880 3821889 
2881 3821889 
2882 3821889 
2883 3821889 
2884 3821889 
2885 3821889 
2886 3821889 
2887 3821889 
2888 3821889 
2889 3821889 
2890 3821889 
2891 3821889 
2892 3821889 
2893 3821889 
2894 3821889 
2895 3821889 
2896 3821889 
2897 3821889 
2898 3821889 
2899 3821889 
2900 3821889 
2901 3821889 
2902 3821889 
2903 3821889 
2904 3821889 
2905 3821889 
2906 3821889 
2907 3821889 
2908 3821889 
2909 3821889 
2910 3821889 
2911 3821889 
2912 3821889 
2913 3821889 
2914 3821889 
2915 3821889 
2916 3821889 
2917 3821889 
2918 3821889 
2919 3821889 
2920 3821889 
2921 3821889 
2922 3821889 
2923 3821889 
2924 3821889 
2925 3821889 
2926 3821889 
2927 3821889 
2928 3821889 
2929 3821889 
2930 3821889 
2931 3821889 
2932 3821889 
2933 3821889 
2934 3821889 
2935 3821889 
2936 3821889 
2937 3821889 
2938 3821889 
2939 3821889 
2940 3821889 
2941 3821889 
2942 3821889 
2943 3821889 
2944 3821889 
2945 3821889 
2946 3821889 
2947 3821889 
2948 3821889 
2949 3821889 
2950 3821889 
2951 3821889 
2952 3821889 
2953 3821889 
2954 3821889 
2955 3821889 
2956 3821889 
2957 3821889 
2958 3821889 
2959 3821889 
2960 3821889 
2961 3821889 
2962 3821889 
2963 3821889 
2964 3821889 
2965 3821889 
2966 3821889 

