0 4298656 
1 4298656 
2 4293786 
3 4289618 
4 4203089 
5 4201957 
6 4191718 
7 4191718 
8 4187286 
9 4187271 
10 4185833 
11 4185222 
12 4184970 
13 4184957 
14 4184901 
15 4184739 
16 4184717 
17 4184710 
18 4181138 
19 4180250 
20 4178200 
21 4177966 
22 4177453 
23 4177388 
24 4174801 
25 4172428 
26 4171938 
27 4171775 
28 4171667 
29 4171056 
30 4145290 
31 4145290 
32 4137503 
33 4136012 
34 4135164 
35 4134625 
36 4134261 
37 4131860 
38 4131744 
39 4131719 
40 4130410 
41 4130020 
42 4120071 
43 4120071 
44 4119794 
45 4118247 
46 4118234 
47 4118227 
48 4117876 
49 4117275 
50 4114606 
51 4114242 
52 4114230 
53 4114190 
54 4109829 
55 4096738 
56 4096686 
57 4096678 
58 4096677 
59 4096665 
60 4095978 
61 4095957 
62 4095920 
63 4093729 
64 4093449 
65 4093386 
66 4093152 
67 4090309 
68 4087426 
69 4087317 
70 4087297 
71 4087290 
72 4087271 
73 4085679 
74 4085003 
75 4085003 
76 4083806 
77 4083546 
78 4083308 
79 4083301 
80 4082833 
81 4082123 
82 4082116 
83 4079770 
84 4079743 
85 4079743 
86 4079730 
87 4079716 
88 4079636 
89 4079034 
90 4079008 
91 4079001 
92 4078754 
93 4075722 
94 4075715 
95 4075676 
96 4075663 
97 4075451 
98 4075450 
99 4075443 
100 4075065 
101 4075016 
102 4074295 
103 4074281 
104 4074267 
105 4074250 
106 4074237 
107 4074205 
108 4074135 
109 4074135 
110 4072885 
111 4072493 
112 4072458 
113 4070246 
114 4070238 
115 4069227 
116 4068895 
117 4068700 
118 4067653 
119 4067562 
120 4067532 
121 4067527 
122 4066904 
123 4066866 
124 4065189 
125 4065188 
126 4064993 
127 4064986 
128 4064950 
129 4064222 
130 4063897 
131 4063125 
132 4061149 
133 4060759 
134 4059563 
135 4056943 
136 4056901 
137 4055952 
138 4055726 
139 4055047 
140 4031115 
141 4031115 
142 4031080 
143 4031054 
144 4030394 
145 4030197 
146 4029637 
147 4028645 
148 4028554 
149 4028519 
150 4027331 
151 4027331 
152 4027310 
153 4027289 
154 4027229 
155 4027079 
156 4023087 
157 4022926 
158 4022821 
159 4022814 
160 4022793 
161 4022347 
162 4021114 
163 4021007 
164 4019193 
165 4019163 
166 4019150 
167 4019073 
168 4019060 
169 4019055 
170 4019021 
171 4019008 
172 4012118 
173 4011887 
174 4011622 
175 4011042 
176 4010573 
177 4010397 
178 4010266 
179 4010106 
180 4010093 
181 4010093 
182 4010061 
183 4010048 
184 4010035 
185 4010028 
186 4009768 
187 4009768 
188 4009587 
189 4009587 
190 4009561 
191 3995677 
192 3992502 
193 3992436 
194 3991352 
195 3988843 
196 3973581 
197 3973490 
198 3973204 
199 3973197 
200 3972885 
201 3972878 
202 3972865 
203 3972858 
204 3972681 
205 3972673 
206 3971560 
207 3971399 
208 3971203 
209 3971160 
210 3971111 
211 3971097 
212 3971083 
213 3970966 
214 3970959 
215 3970686 
216 3970530 
217 3969431 
218 3969391 
219 3967202 
220 3967033 
221 3967004 
222 3966704 
223 3966056 
224 3961558 
225 3954822 
226 3954668 
227 3954640 
228 3954614 
229 3953765 
230 3953745 
231 3950885 
232 3950879 
233 3950842 
234 3950804 
235 3950797 
236 3950030 
237 3949791 
238 3949784 
239 3949706 
240 3948692 
241 3948491 
242 3948099 
243 3948092 
244 3948076 
245 3947979 
246 3947099 
247 3946928 
248 3946886 
249 3946872 
250 3946347 
251 3946139 
252 3946116 
253 3945703 
254 3945544 
255 3945222 
256 3942389 
257 3942098 
258 3942028 
259 3940048 
260 3939852 
261 3939527 
262 3939041 
263 3939041 
264 3939027 
265 3937675 
266 3937615 
267 3937566 
268 3937300 
269 3937126 
270 3935896 
271 3935689 
272 3935688 
273 3935670 
274 3935670 
275 3935625 
276 3935618 
277 3935618 
278 3935612 
279 3935493 
280 3935453 
281 3935400 
282 3935393 
283 3935393 
284 3935328 
285 3934845 
286 3934672 
287 3934651 
288 3934650 
289 3934650 
290 3922131 
291 3922131 
292 3920198 
293 3920197 
294 3917467 
295 3917012 
296 3917005 
297 3912864 
298 3912750 
299 3910957 
300 3910950 
301 3910369 
302 3910355 
303 3909381 
304 3907184 
305 3906446 
306 3906432 
307 3906341 
308 3906315 
309 3906252 
310 3906076 
311 3906062 
312 3905581 
313 3905483 
314 3904481 
315 3904474 
316 3904474 
317 3904460 
318 3904397 
319 3904016 
320 3903979 
321 3903972 
322 3903582 
323 3903570 
324 3903312 
325 3903308 
326 3903282 
327 3903202 
328 3897521 
329 3897521 
330 3896554 
331 3894650 
332 3893740 
333 3893738 
334 3893516 
335 3893453 
336 3892473 
337 3892417 
338 3891692 
339 3891692 
340 3891692 
341 3891685 
342 3891685 
343 3891650 
344 3891637 
345 3882342 
346 3878150 
347 3877533 
348 3875762 
349 3875398 
350 3875270 
351 3875231 
352 3874007 
353 3873434 
354 3871652 
355 3871652 
356 3871470 
357 3871449 
358 3870170 
359 3868679 
360 3868666 
361 3868597 
362 3867567 
363 3866020 
364 3865136 
365 3865087 
366 3864421 
367 3862390 
368 3862258 
369 3862251 
370 3860153 
371 3859901 
372 3859862 
373 3859270 
374 3859263 
375 3859202 
376 3859202 
377 3859137 
378 3858579 
379 3854006 
380 3853805 
381 3853805 
382 3853460 
383 3853114 
384 3852898 
385 3852071 
386 3847274 
387 3847131 
388 3847117 
389 3846956 
390 3845771 
391 3845645 
392 3845554 
393 3844931 
394 3844875 
395 3844861 
396 3843556 
397 3842804 
398 3842752 
399 3841763 
400 3841763 
401 3840678 
402 3839494 
403 3839494 
404 3839415 
405 3839365 
406 3839364 
407 3834372 
408 3834214 
409 3833927 
410 3830738 
411 3829434 
412 3826734 
413 3825030 
414 3802137 
415 3802137 
416 3800178 
417 3799724 
418 3799678 
419 3799678 
420 3799158 
421 3798261 
422 3797883 
423 3797862 
424 3797613 
425 3797314 
426 3797265 
427 3797265 
428 3797234 
429 3796638 
430 3796426 
431 3796361 
432 3795885 
433 3795872 
434 3795797 
435 3795702 
436 3794630 
437 3794214 
438 3793750 
439 3793406 
440 3787494 
441 3787466 
442 3786948 
443 3786801 
444 3786801 
445 3786801 
446 3786788 
447 3786781 
448 3786781 
449 3786508 
450 3786489 
451 3786398 
452 3786049 
453 3786023 
454 3785893 
455 3785139 
456 3785104 
457 3785080 
458 3785067 
459 3785040 
460 3784701 
461 3784701 
462 3784701 
463 3784514 
464 3784514 
465 3784306 
466 3783994 
467 3783987 
468 3783980 
469 3783966 
470 3783959 
471 3783959 
472 3783959 
473 3783933 
474 3783629 
475 3783616 
476 3783357 
477 3783357 
478 3783350 
479 3783350 
480 3783343 
481 3783336 
482 3783330 
483 3783330 
484 3783330 
485 3783330 
486 3783330 
487 3783330 
488 3783330 
489 3783324 
490 3783324 
491 3783324 
492 3783324 
493 3783266 
494 3783252 
495 3783252 
496 3783252 
497 3783252 
498 3783252 
499 3783245 
500 3783245 
501 3783245 
502 3783245 
503 3783245 
504 3783245 
505 3783245 
506 3783245 
507 3783245 
508 3783245 
509 3783245 
510 3783245 
511 3783245 
512 3783245 
513 3783245 
514 3783245 
515 3783245 
516 3783245 
517 3783245 
518 3783245 
519 3783245 
520 3783245 
521 3783245 
522 3783245 
523 3783245 
524 3783245 
525 3783245 
526 3783245 
527 3783245 
528 3783245 
529 3783245 
530 3783245 
531 3783245 
532 3783245 
533 3783245 
534 3783245 
535 3783245 
536 3783245 
537 3783245 
538 3783245 
539 3783245 
540 3783245 
541 3783245 
542 3783245 
543 3783245 
544 3783245 
545 3783245 
546 3783245 
547 3783245 
548 3783245 
549 3783245 
550 3783245 
551 3783245 
552 3783245 
553 3783245 
554 3783245 
555 3783245 
556 3783245 
557 3783245 
558 3783245 
559 3783245 
560 3783245 
561 3783245 
562 3783245 
563 3783245 
564 3783245 
565 3783245 
566 3783245 
567 3783245 
568 3783245 
569 3783245 
570 3783245 
571 3783245 
572 3783245 
573 3783245 
574 3783245 
575 3783245 
576 3783245 
577 3783245 
578 3783245 
579 3783245 
580 3783245 
581 3783245 
582 3783245 
583 3783245 
584 3783245 
585 3783245 
586 3783245 
587 3783245 
588 3783245 
589 3783245 
590 3783245 
591 3783245 
592 3783245 
593 3783245 
594 3783245 
595 3783245 
596 3783245 
597 3783245 
598 3783245 
599 3783245 
600 3783245 
601 3783245 
602 3783245 
603 3783245 
604 3783245 
605 3783245 
606 3783245 
607 3783245 
608 3783245 
609 3783245 
610 3783245 
611 3783245 
612 3783245 
613 3783245 
614 3783245 
615 3783245 
616 3783245 
617 3783245 
618 3783245 
619 3783245 
620 3783245 
621 3783245 
622 3783245 
623 3783245 
624 3783245 
625 3783245 
626 3783245 
627 3783245 
628 3783245 
629 3783245 
630 3783245 
631 3783245 
632 3783245 
633 3783245 
634 3783245 
635 3783245 
636 3783245 
637 3783245 
638 3783245 
639 3783245 
640 3783245 
641 3783245 
642 3783245 
643 3783245 
644 3783245 
645 3783245 
646 3783245 
647 3783245 
648 3783245 
649 3783245 
650 3783245 
651 3783245 
652 3783245 
653 3783245 
654 3783245 
655 3783245 
656 3783245 
657 3783245 
658 3783245 
659 3783245 
660 3783245 
661 3783245 
662 3783245 
663 3783245 
664 3783245 
665 3783245 
666 3783245 
667 3783245 
668 3783245 
669 3783245 
670 3783245 
671 3783245 
672 3783245 
673 3783245 
674 3783245 
675 3783245 
676 3783245 
677 3783245 
678 3783245 
679 3783245 
680 3783245 
681 3783245 
682 3783245 
683 3783245 
684 3783245 
685 3783245 
686 3783245 
687 3783245 
688 3783245 
689 3783245 
690 3783245 
691 3783245 
692 3783245 
693 3783245 
694 3783245 
695 3783245 
696 3783245 
697 3783245 
698 3783245 
699 3783245 
700 3783245 
701 3783245 
702 3783245 
703 3783245 
704 3783245 
705 3783245 
706 3783245 
707 3783245 
708 3783245 
709 3783245 
710 3783245 
711 3783245 
712 3783245 
713 3783245 
714 3783245 
715 3783245 
716 3783245 
717 3783245 
718 3783245 
719 3783245 
720 3783245 
721 3783245 
722 3783245 
723 3783245 
724 3783245 
725 3783245 
726 3783245 
727 3783245 
728 3783245 
729 3783245 
730 3783245 
731 3783245 
732 3783245 
733 3783245 
734 3783245 
735 3783245 
736 3783245 
737 3783245 
738 3783245 
739 3783245 
740 3783245 
741 3783245 
742 3783245 
743 3783245 
744 3783245 
745 3783245 
746 3783245 
747 3783245 
748 3783245 
749 3783245 
750 3783245 
751 3783245 
752 3783245 
753 3783245 
754 3783245 
755 3783245 
756 3783245 
757 3783245 
758 3783245 
759 3783245 
760 3783245 
761 3783245 
762 3783245 
763 3783245 
764 3783245 
765 3783245 
766 3783245 
767 3783245 
768 3783245 
769 3783245 
770 3783245 
771 3783245 
772 3783245 
773 3783245 
774 3783245 
775 3783245 
776 3783245 
777 3783245 
778 3783245 
779 3783245 
780 3783245 
781 3783245 
782 3783245 
783 3783245 
784 3783245 
785 3783245 
786 3783245 
787 3783245 
788 3783245 
789 3783245 
790 3783245 
791 3783245 
792 3783245 
793 3783245 
794 3783245 
795 3783245 
796 3783245 
797 3783245 
798 3783245 
799 3783245 
800 3783245 
801 3783245 
802 3783245 
803 3783245 
804 3783245 
805 3783245 
806 3783245 
807 3783245 
808 3783245 
809 3783245 
810 3783245 
811 3783245 
812 3783245 
813 3783245 
814 3783245 
815 3783245 
816 3783245 
817 3783245 
818 3783245 
819 3783245 
820 3783245 
821 3783245 
822 3783245 
823 3783245 
824 3783245 
825 3783245 
826 3783245 
827 3783245 
828 3783245 
829 3783245 
830 3783245 
831 3783245 
832 3783245 
833 3783245 
834 3783245 
835 3783245 
836 3783245 
837 3783245 
838 3783245 
839 3783245 
840 3783245 
841 3783245 
842 3783245 
843 3783245 
844 3783245 
845 3783245 
846 3783245 
847 3783245 
848 3783245 
849 3783245 
850 3783245 
851 3783245 
852 3783245 
853 3783245 
854 3783245 
855 3783245 
856 3783245 
857 3783245 
858 3783245 
859 3783245 
860 3783245 
861 3783245 
862 3783245 
863 3783245 
864 3783245 
865 3783245 
866 3783245 
867 3783245 
868 3783245 
869 3783245 
870 3783245 
871 3783245 
872 3783245 
873 3783245 
874 3783245 
875 3783245 
876 3783245 
877 3783245 
878 3783245 
879 3783245 
880 3783245 
881 3783245 
882 3783245 
883 3783245 
884 3783245 
885 3783245 
886 3783245 
887 3783245 
888 3783245 
889 3783245 
890 3783245 
891 3783245 
892 3783245 
893 3783245 
894 3783245 
895 3783245 
896 3783245 
897 3783245 
898 3783245 
899 3783245 
900 3783245 
901 3783245 
902 3783245 
903 3783245 
904 3783245 
905 3783245 
906 3783245 
907 3783245 
908 3783245 
909 3783245 
910 3783245 
911 3783245 
912 3783245 
913 3783245 
914 3783245 
915 3783245 
916 3783245 
917 3783245 
918 3783245 
919 3783245 
920 3783245 
921 3783245 
922 3783245 
923 3783245 
924 3783245 
925 3783245 
926 3783245 
927 3783245 
928 3783245 
929 3783245 
930 3783245 
931 3783245 
932 3783245 
933 3783245 
934 3783245 
935 3783245 
936 3783245 
937 3783245 
938 3783245 
939 3783245 
940 3783245 
941 3783245 
942 3783245 
943 3783245 
944 3783245 
945 3783245 
946 3783245 
947 3783245 
948 3783245 
949 3783245 
950 3783245 
951 3783245 
952 3783245 
953 3783245 
954 3783245 
955 3783245 
956 3783245 
957 3783245 
958 3783245 
959 3783245 
960 3783245 
961 3783245 
962 3783245 
963 3783245 
964 3783245 
965 3783245 
966 3783245 
967 3783245 
968 3783245 
969 3783245 
970 3783245 
971 3783245 
972 3783245 
973 3783245 
974 3783245 
975 3783245 
976 3783245 
977 3783245 
978 3783245 
979 3783245 
980 3783245 
981 3783245 
982 3783245 
983 3783245 
984 3783245 
985 3783245 
986 3783245 
987 3783245 
988 3783245 
989 3783245 
990 3783245 
991 3783245 
992 3783245 
993 3783245 
994 3783245 
995 3783245 
996 3783245 
997 3783245 
998 3783245 
999 3783245 
1000 3783245 
1001 3783245 
1002 3783245 
1003 3783245 
1004 3783245 
1005 3783245 
1006 3783245 
1007 3783245 
1008 3783245 
1009 3783245 
1010 3783245 
1011 3783245 
1012 3783245 
1013 3783245 
1014 3783245 
1015 3783245 
1016 3783245 
1017 3783245 
1018 3783245 
1019 3783245 
1020 3783245 
1021 3783245 
1022 3783245 
1023 3783245 
1024 3783245 
1025 3783245 
1026 3783245 
1027 3783245 
1028 3783245 
1029 3783245 
1030 3783245 
1031 3783245 
1032 3783245 
1033 3783245 
1034 3783245 
1035 3783245 
1036 3783245 
1037 3783245 
1038 3783245 
1039 3783245 
1040 3783245 
1041 3783245 
1042 3783245 
1043 3783245 
1044 3783245 
1045 3783245 
1046 3783245 
1047 3783245 
1048 3783245 
1049 3783245 
1050 3783245 
1051 3783245 
1052 3783245 
1053 3783245 
1054 3783245 
1055 3783245 
1056 3783245 
1057 3783245 
1058 3783245 
1059 3783245 
1060 3783245 
1061 3783245 
1062 3783245 
1063 3783245 
1064 3783245 
1065 3783245 
1066 3783245 
1067 3783245 
1068 3783245 
1069 3783245 
1070 3783245 
1071 3783245 
1072 3783245 
1073 3783245 
1074 3783245 
1075 3783245 
1076 3783245 
1077 3783245 
1078 3783245 
1079 3783245 
1080 3783245 
1081 3783245 
1082 3783245 
1083 3783245 
1084 3783245 
1085 3783245 
1086 3783245 
1087 3783245 
1088 3783245 
1089 3783245 
1090 3783245 
1091 3783245 
1092 3783245 
1093 3783245 
1094 3783245 
1095 3783245 
1096 3783245 
1097 3783245 
1098 3783245 
1099 3783245 
1100 3783245 
1101 3783245 
1102 3783245 
1103 3783245 
1104 3783245 
1105 3783245 
1106 3783245 
1107 3783245 
1108 3783245 
1109 3783245 
1110 3783245 
1111 3783245 
1112 3783245 
1113 3783245 
1114 3783245 
1115 3783245 
1116 3783245 
1117 3783245 
1118 3783245 
1119 3783245 
1120 3783245 
1121 3783245 
1122 3783245 
1123 3783245 
1124 3783245 
1125 3783245 
1126 3783245 
1127 3783245 
1128 3783245 
1129 3783245 
1130 3783245 
1131 3783245 
1132 3783245 
1133 3783245 
1134 3783245 
1135 3783245 
1136 3783245 
1137 3783245 
1138 3783245 
1139 3783245 
1140 3783245 
1141 3783245 
1142 3783245 
1143 3783245 
1144 3783245 
1145 3783245 
1146 3783245 
1147 3783245 
1148 3783245 
1149 3783245 
1150 3783245 
1151 3783245 
1152 3783245 
1153 3783245 
1154 3783245 
1155 3783245 
1156 3783245 
1157 3783245 
1158 3783245 
1159 3783245 
1160 3783245 
1161 3783245 
1162 3783245 
1163 3783245 
1164 3783245 
1165 3783245 
1166 3783245 
1167 3783245 
1168 3783245 
1169 3783245 
1170 3783245 
1171 3783245 
1172 3783245 
1173 3783245 
1174 3783245 
1175 3783245 
1176 3783245 
1177 3783245 
1178 3783245 
1179 3783245 
1180 3783245 
1181 3783245 
1182 3783245 
1183 3783245 
1184 3783245 
1185 3783245 
1186 3783245 
1187 3783245 
1188 3783245 
1189 3783245 
1190 3783245 
1191 3783245 
1192 3783245 
1193 3783245 
1194 3783245 
1195 3783245 
1196 3783245 
1197 3783245 
1198 3783245 
1199 3783245 
1200 3783245 
1201 3783245 
1202 3783245 
1203 3783245 
1204 3783245 
1205 3783245 
1206 3783245 
1207 3783245 
1208 3783245 
1209 3783245 
1210 3783245 
1211 3783245 
1212 3783245 
1213 3783245 
1214 3783245 
1215 3783245 
1216 3783245 
1217 3783245 
1218 3783245 
1219 3783245 
1220 3783245 
1221 3783245 
1222 3783245 
1223 3783245 
1224 3783245 
1225 3783245 
1226 3783245 
1227 3783245 
1228 3783245 
1229 3783245 
1230 3783245 
1231 3783245 
1232 3783245 
1233 3783245 
1234 3783245 
1235 3783245 
1236 3783245 
1237 3783245 
1238 3783245 
1239 3783245 
1240 3783245 
1241 3783245 
1242 3783245 
1243 3783245 
1244 3783245 
1245 3783245 
1246 3783245 
1247 3783245 
1248 3783245 
1249 3783245 
1250 3783245 
1251 3783245 
1252 3783245 
1253 3783245 
1254 3783245 
1255 3783245 
1256 3783245 
1257 3783245 
1258 3783245 
1259 3783245 
1260 3783245 
1261 3783245 
1262 3783245 
1263 3783245 
1264 3783245 
1265 3783245 
1266 3783245 
1267 3783245 
1268 3783245 
1269 3783245 
1270 3783245 
1271 3783245 
1272 3783245 
1273 3783245 
1274 3783245 
1275 3783245 
1276 3783245 
1277 3783245 
1278 3783245 
1279 3783245 
1280 3783245 
1281 3783245 
1282 3783245 
1283 3783245 
1284 3783245 
1285 3783245 
1286 3783245 
1287 3783245 
1288 3783245 
1289 3783245 
1290 3783245 
1291 3783245 
1292 3783245 
1293 3783245 
1294 3783245 
1295 3783245 
1296 3783245 
1297 3783245 
1298 3783245 
1299 3783245 
1300 3783245 
1301 3783245 
1302 3783245 
1303 3783245 
1304 3783245 
1305 3783245 
1306 3783245 
1307 3783245 
1308 3783245 
1309 3783245 
1310 3783245 
1311 3783245 
1312 3783245 
1313 3783245 
1314 3783245 
1315 3783245 
1316 3783245 
1317 3783245 
1318 3783245 
1319 3783245 
1320 3783245 
1321 3783245 
1322 3783245 
1323 3783245 
1324 3783245 
1325 3783245 
1326 3783245 
1327 3783245 
1328 3783245 
1329 3783245 
1330 3783245 
1331 3783245 
1332 3783245 
1333 3783245 
1334 3783245 
1335 3783245 
1336 3783245 
1337 3783245 
1338 3783245 
1339 3783245 
1340 3783245 
1341 3783245 
1342 3783245 
1343 3783245 
1344 3783245 
1345 3783245 
1346 3783245 
1347 3783245 
1348 3783245 
1349 3783245 
1350 3783245 
1351 3783245 
1352 3783245 
1353 3783245 
1354 3783245 
1355 3783245 
1356 3783245 
1357 3783245 
1358 3783245 
1359 3783245 
1360 3783245 
1361 3783245 
1362 3783245 
1363 3783245 
1364 3783245 
1365 3783245 
1366 3783245 
1367 3783245 
1368 3783245 
1369 3783245 
1370 3783245 
1371 3783245 
1372 3783245 
1373 3783245 
1374 3783245 
1375 3783245 
1376 3783245 
1377 3783245 
1378 3783245 
1379 3783245 
1380 3783245 
1381 3783245 
1382 3783245 
1383 3783245 
1384 3783245 
1385 3783245 
1386 3783245 
1387 3783245 
1388 3783245 
1389 3783245 
1390 3783245 
1391 3783245 
1392 3783245 
1393 3783245 
1394 3783245 
1395 3783245 
1396 3783245 
1397 3783245 
1398 3783245 
1399 3783245 
1400 3783245 
1401 3783245 
1402 3783245 
1403 3783245 
1404 3783245 
1405 3783245 
1406 3783245 
1407 3783245 
1408 3783245 
1409 3783245 
1410 3783245 
1411 3783245 
1412 3783245 
1413 3783245 
1414 3783245 
1415 3783245 
1416 3783245 
1417 3783245 
1418 3783245 
1419 3783245 
1420 3783245 
1421 3783245 
1422 3783245 
1423 3783245 
1424 3783245 
1425 3783245 
1426 3783245 
1427 3783245 
1428 3783245 
1429 3783245 
1430 3783245 
1431 3783245 
1432 3783245 
1433 3783245 
1434 3783245 
1435 3783245 
1436 3783245 
1437 3783245 
1438 3783245 
1439 3783245 
1440 3783245 
1441 3783245 
1442 3783245 
1443 3783245 
1444 3783245 
1445 3783245 
1446 3783245 
1447 3783245 
1448 3783245 
1449 3783245 
1450 3783245 
1451 3783245 
1452 3783245 
1453 3783245 
1454 3783245 
1455 3783245 
1456 3783245 
1457 3783245 
1458 3783245 
1459 3783245 
1460 3783245 
1461 3783245 
1462 3783245 
1463 3783245 
1464 3783245 
1465 3783245 
1466 3783245 
1467 3783245 
1468 3783245 
1469 3783245 
1470 3783245 
1471 3783245 
1472 3783245 
1473 3783245 
1474 3783245 
1475 3783245 
1476 3783245 
1477 3783245 
1478 3783245 
1479 3783245 
1480 3783245 
1481 3783245 
1482 3783245 
1483 3783245 
1484 3783245 
1485 3783245 
1486 3783245 
1487 3783245 
1488 3783245 
1489 3783245 
1490 3783245 
1491 3783245 
1492 3783245 
1493 3783245 
1494 3783245 
1495 3783245 
1496 3783245 
1497 3783245 
1498 3783245 
1499 3783245 
1500 3783245 
1501 3783245 
1502 3783245 
1503 3783245 
1504 3783245 
1505 3783245 
1506 3783245 
1507 3783245 
1508 3783245 
1509 3783245 
1510 3783245 
1511 3783245 
1512 3783245 
1513 3783245 
1514 3783245 
1515 3783245 
1516 3783245 
1517 3783245 
1518 3783245 
1519 3783245 
1520 3783245 
1521 3783245 
1522 3783245 
1523 3783245 
1524 3783245 
1525 3783245 
1526 3783245 
1527 3783245 
1528 3783245 
1529 3783245 
1530 3783245 
1531 3783245 
1532 3783245 
1533 3783245 
1534 3783245 
1535 3783245 
1536 3783245 
1537 3783245 
1538 3783245 
1539 3783245 
1540 3783245 
1541 3783245 
1542 3783245 
1543 3783245 
1544 3783245 
1545 3783245 
1546 3783245 
1547 3783245 
1548 3783245 
1549 3783245 
1550 3783245 
1551 3783245 
1552 3783245 
1553 3783245 
1554 3783245 
1555 3783245 
1556 3783245 
1557 3783245 
1558 3783245 
1559 3783245 
1560 3783245 
1561 3783245 
1562 3783245 
1563 3783245 
1564 3783245 
1565 3783245 
1566 3783245 
1567 3783245 
1568 3783245 
1569 3783245 
1570 3783245 
1571 3783245 
1572 3783245 
1573 3783245 
1574 3783245 
1575 3783245 
1576 3783245 
1577 3783245 
1578 3783245 
1579 3783245 
1580 3783245 
1581 3783245 
1582 3783245 
1583 3783245 
1584 3783245 
1585 3783245 
1586 3783245 
1587 3783245 
1588 3783245 
1589 3783245 
1590 3783245 
1591 3783245 
1592 3783245 
1593 3783245 
1594 3783245 
1595 3783245 
1596 3783245 
1597 3783245 
1598 3783245 
1599 3783245 
1600 3783245 
1601 3783245 
1602 3783245 
1603 3783245 
1604 3783245 
1605 3783245 
1606 3783245 
1607 3783245 
1608 3783245 
1609 3783245 
1610 3783245 
1611 3783245 
1612 3783245 
1613 3783245 
1614 3783245 
1615 3783245 
1616 3783245 
1617 3783245 
1618 3783245 
1619 3783245 
1620 3783245 
1621 3783245 
1622 3783245 
1623 3783245 
1624 3783245 
1625 3783245 
1626 3783245 
1627 3783245 
1628 3783245 
1629 3783245 
1630 3783245 
1631 3783245 
1632 3783245 
1633 3783245 
1634 3783245 
1635 3783245 
1636 3783245 
1637 3783245 
1638 3783245 
1639 3783245 
1640 3783245 
1641 3783245 
1642 3783245 
1643 3783245 
1644 3783245 
1645 3783245 
1646 3783245 
1647 3783245 
1648 3783245 
1649 3783245 
1650 3783245 
1651 3783245 
1652 3783245 
1653 3783245 
1654 3783245 
1655 3783245 
1656 3783245 
1657 3783245 
1658 3783245 
1659 3783245 
1660 3783245 
1661 3783245 
1662 3783245 
1663 3783245 
1664 3783245 
1665 3783245 
1666 3783245 
1667 3783245 
1668 3783245 
1669 3783245 
1670 3783245 
1671 3783245 
1672 3783245 
1673 3783245 
1674 3783245 
1675 3783245 
1676 3783245 
1677 3783245 
1678 3783245 
1679 3783245 
1680 3783245 
1681 3783245 
1682 3783245 
1683 3783245 
1684 3783245 
1685 3783245 
1686 3783245 
1687 3783245 
1688 3783245 
1689 3783245 
1690 3783245 
1691 3783245 
1692 3783245 
1693 3783245 
1694 3783245 
1695 3783245 
1696 3783245 
1697 3783245 
1698 3783245 
1699 3783245 
1700 3783245 
1701 3783245 
1702 3783245 
1703 3783245 
1704 3783245 
1705 3783245 
1706 3783245 
1707 3783245 
1708 3783245 
1709 3783245 
1710 3783245 
1711 3783245 
1712 3783245 
1713 3783245 
1714 3783245 
1715 3783245 
1716 3783245 
1717 3783245 
1718 3783245 
1719 3783245 
1720 3783245 
1721 3783245 
1722 3783245 
1723 3783245 
1724 3783245 
1725 3783245 
1726 3783245 
1727 3783245 
1728 3783245 
1729 3783245 
1730 3783245 
1731 3783245 
1732 3783245 
1733 3783245 
1734 3783245 
1735 3783245 
1736 3783245 
1737 3783245 
1738 3783245 
1739 3783245 
1740 3783245 
1741 3783245 
1742 3783245 
1743 3783245 
1744 3783245 
1745 3783245 
1746 3783245 
1747 3783245 
1748 3783245 
1749 3783245 
1750 3783245 
1751 3783245 
1752 3783245 
1753 3783245 
1754 3783245 
1755 3783245 
1756 3783245 
1757 3783245 
1758 3783245 
1759 3783245 
1760 3783245 
1761 3783245 
1762 3783245 
1763 3783245 
1764 3783245 
1765 3783245 
1766 3783245 
1767 3783245 
1768 3783245 
1769 3783245 
1770 3783245 
1771 3783245 
1772 3783245 
1773 3783245 
1774 3783245 
1775 3783245 
1776 3783245 
1777 3783245 
1778 3783245 
1779 3783245 
1780 3783245 
1781 3783245 
1782 3783245 
1783 3783245 
1784 3783245 
1785 3783245 
1786 3783245 
1787 3783245 
1788 3783245 
1789 3783245 
1790 3783245 
1791 3783245 
1792 3783245 
1793 3783245 
1794 3783245 
1795 3783245 
1796 3783245 
1797 3783245 
1798 3783245 
1799 3783245 
1800 3783245 
1801 3783245 
1802 3783245 
1803 3783245 
1804 3783245 
1805 3783245 
1806 3783245 
1807 3783245 
1808 3783245 
1809 3783245 
1810 3783245 
1811 3783245 
1812 3783245 
1813 3783245 
1814 3783245 
1815 3783245 
1816 3783245 
1817 3783245 
1818 3783245 
1819 3783245 
1820 3783245 
1821 3783245 
1822 3783245 
1823 3783245 
1824 3783245 
1825 3783245 
1826 3783245 
1827 3783245 
1828 3783245 
1829 3783245 
1830 3783245 
1831 3783245 
1832 3783245 
1833 3783245 
1834 3783245 
1835 3783245 
1836 3783245 
1837 3783245 
1838 3783245 
1839 3783245 
1840 3783245 
1841 3783245 
1842 3783245 
1843 3783245 
1844 3783245 
1845 3783245 
1846 3783245 
1847 3783245 
1848 3783245 
1849 3783245 
1850 3783245 
1851 3783245 
1852 3783245 
1853 3783245 
1854 3783245 
1855 3783245 
1856 3783245 
1857 3783245 
1858 3783245 
1859 3783245 
1860 3783245 
1861 3783245 
1862 3783245 
1863 3783245 
1864 3783245 
1865 3783245 
1866 3783245 
1867 3783245 
1868 3783245 
1869 3783245 
1870 3783245 
1871 3783245 
1872 3783245 
1873 3783245 
1874 3783245 
1875 3783245 
1876 3783245 
1877 3783245 
1878 3783245 
1879 3783245 
1880 3783245 
1881 3783245 
1882 3783245 
1883 3783245 
1884 3783245 
1885 3783245 
1886 3783245 
1887 3783245 
1888 3783245 
1889 3783245 
1890 3783245 
1891 3783245 
1892 3783245 
1893 3783245 
1894 3783245 
1895 3783245 
1896 3783245 
1897 3783245 
1898 3783245 
1899 3783245 
1900 3783245 
1901 3783245 
1902 3783245 
1903 3783245 
1904 3783245 
1905 3783245 
1906 3783245 
1907 3783245 
1908 3783245 
1909 3783245 
1910 3783245 
1911 3783245 
1912 3783245 
1913 3783245 
1914 3783245 
1915 3783245 
1916 3783245 
1917 3783245 
1918 3783245 
1919 3783245 
1920 3783245 
1921 3783245 
1922 3783245 
1923 3783245 
1924 3783245 
1925 3783245 
1926 3783245 
1927 3783245 
1928 3783245 
1929 3783245 
1930 3783245 
1931 3783245 
1932 3783245 
1933 3783245 
1934 3783245 
1935 3783245 
1936 3783245 
1937 3783245 
1938 3783245 
1939 3783245 
1940 3783245 
1941 3783245 
1942 3783245 
1943 3783245 
1944 3783245 
1945 3783245 
1946 3783245 
1947 3783245 
1948 3783245 
1949 3783245 
1950 3783245 
1951 3783245 
1952 3783245 
1953 3783245 
1954 3783245 
1955 3783245 
1956 3783245 
1957 3783245 
1958 3783245 
1959 3783245 
1960 3783245 
1961 3783245 
1962 3783245 
1963 3783245 
1964 3783245 
1965 3783245 
1966 3783245 
1967 3783245 
1968 3783245 
1969 3783245 
1970 3783245 
1971 3783245 
1972 3783245 
1973 3783245 
1974 3783245 
1975 3783245 
1976 3783245 
1977 3783245 
1978 3783245 
1979 3783245 
1980 3783245 
1981 3783245 
1982 3783245 
1983 3783245 
1984 3783245 
1985 3783245 
1986 3783245 
1987 3783245 
1988 3783245 
1989 3783245 
1990 3783245 
1991 3783245 
1992 3783245 
1993 3783245 
1994 3783245 
1995 3783245 
1996 3783245 
1997 3783245 
1998 3783245 
1999 3783245 
2000 3783245 
2001 3783245 
2002 3783245 
2003 3783245 
2004 3783245 
2005 3783245 
2006 3783245 
2007 3783245 
2008 3783245 
2009 3783245 
2010 3783245 
2011 3783245 
2012 3783245 
2013 3783245 
2014 3783245 
2015 3783245 
2016 3783245 
2017 3783245 
2018 3783245 
2019 3783245 
2020 3783245 
2021 3783245 
2022 3783245 
2023 3783245 
2024 3783245 
2025 3783245 
2026 3783245 
2027 3783245 
2028 3783245 
2029 3783245 
2030 3783245 
2031 3783245 
2032 3783245 
2033 3783245 
2034 3783245 
2035 3783245 
2036 3783245 
2037 3783245 
2038 3783245 
2039 3783245 
2040 3783245 
2041 3783245 
2042 3783245 
2043 3783245 
2044 3783245 
2045 3783245 
2046 3783245 
2047 3783245 
2048 3783245 
2049 3783245 
2050 3783245 
2051 3783245 
2052 3783245 
2053 3783245 
2054 3783245 
2055 3783245 
2056 3783245 
2057 3783245 
2058 3783245 
2059 3783245 
2060 3783245 
2061 3783245 
2062 3783245 
2063 3783245 
2064 3783245 
2065 3783245 
2066 3783245 
2067 3783245 
2068 3783245 
2069 3783245 
2070 3783245 
2071 3783245 
2072 3783245 
2073 3783245 
2074 3783245 
2075 3783245 
2076 3783245 
2077 3783245 
2078 3783245 
2079 3783245 
2080 3783245 
2081 3783245 
2082 3783245 
2083 3783245 
2084 3783245 
2085 3783245 
2086 3783245 
2087 3783245 
2088 3783245 
2089 3783245 
2090 3783245 
2091 3783245 
2092 3783245 
2093 3783245 
2094 3783245 
2095 3783245 
2096 3783245 
2097 3783245 
2098 3783245 
2099 3783245 
2100 3783245 
2101 3783245 
2102 3783245 
2103 3783245 
2104 3783245 
2105 3783245 
2106 3783245 
2107 3783245 
2108 3783245 
2109 3783245 
2110 3783245 
2111 3783245 
2112 3783245 
2113 3783245 
2114 3783245 
2115 3783245 
2116 3783245 
2117 3783245 
2118 3783245 
2119 3783245 
2120 3783245 
2121 3783245 
2122 3783245 
2123 3783245 
2124 3783245 
2125 3783245 
2126 3783245 
2127 3783245 
2128 3783245 
2129 3783245 
2130 3783245 
2131 3783245 
2132 3783245 
2133 3783245 
2134 3783245 
2135 3783245 
2136 3783245 
2137 3783245 
2138 3783245 
2139 3783245 
2140 3783245 
2141 3783245 
2142 3783245 
2143 3783245 
2144 3783245 
2145 3783245 
2146 3783245 
2147 3783245 
2148 3783245 
2149 3783245 
2150 3783245 
2151 3783245 
2152 3783245 
2153 3783245 
2154 3783245 
2155 3783245 
2156 3783245 
2157 3783245 
2158 3783245 
2159 3783245 
2160 3783245 
2161 3783245 
2162 3783245 
2163 3783245 
2164 3783245 
2165 3783245 
2166 3783245 
2167 3783245 
2168 3783245 
2169 3783245 
2170 3783245 
2171 3783245 
2172 3783245 
2173 3783245 
2174 3783245 
2175 3783245 
2176 3783245 
2177 3783245 
2178 3783245 
2179 3783245 
2180 3783245 
2181 3783245 
2182 3783245 
2183 3783245 
2184 3783245 
2185 3783245 
2186 3783245 
2187 3783245 
2188 3783245 
2189 3783245 
2190 3783245 
2191 3783245 
2192 3783245 
2193 3783245 
2194 3783245 
2195 3783245 
2196 3783245 
2197 3783245 
2198 3783245 
2199 3783245 
2200 3783245 
2201 3783245 
2202 3783245 
2203 3783245 
2204 3783245 
2205 3783245 
2206 3783245 
2207 3783245 
2208 3783245 
2209 3783245 
2210 3783245 
2211 3783245 
2212 3783245 
2213 3783245 
2214 3783245 
2215 3783245 
2216 3783245 
2217 3783245 
2218 3783245 
2219 3783245 
2220 3783245 
2221 3783245 
2222 3783245 
2223 3783245 
2224 3783245 
2225 3783245 
2226 3783245 
2227 3783245 
2228 3783245 
2229 3783245 
2230 3783245 
2231 3783245 
2232 3783245 
2233 3783245 
2234 3783245 
2235 3783245 
2236 3783245 
2237 3783245 
2238 3783245 
2239 3783245 
2240 3783245 
2241 3783245 
2242 3783245 
2243 3783245 
2244 3783245 
2245 3783245 
2246 3783245 
2247 3783245 
2248 3783245 
2249 3783245 
2250 3783245 
2251 3783245 
2252 3783245 
2253 3783245 
2254 3783245 
2255 3783245 
2256 3783245 
2257 3783245 
2258 3783245 
2259 3783245 
2260 3783245 
2261 3783245 
2262 3783245 
2263 3783245 
2264 3783245 
2265 3783245 
2266 3783245 
2267 3783245 
2268 3783245 
2269 3783245 
2270 3783245 
2271 3783245 
2272 3783245 
2273 3783245 
2274 3783245 
2275 3783245 
2276 3783245 
2277 3783245 
2278 3783245 
2279 3783245 
2280 3783245 
2281 3783245 
2282 3783245 
2283 3783245 
2284 3783245 
2285 3783245 
2286 3783245 
2287 3783245 
2288 3783245 
2289 3783245 
2290 3783245 
2291 3783245 
2292 3783245 
2293 3783245 
2294 3783245 
2295 3783245 
2296 3783245 
2297 3783245 
2298 3783245 
2299 3783245 
2300 3783245 
2301 3783245 
2302 3783245 
2303 3783245 
2304 3783245 
2305 3783245 
2306 3783245 
2307 3783245 
2308 3783245 
2309 3783245 
2310 3783245 
2311 3783245 
2312 3783245 
2313 3783245 
2314 3783245 
2315 3783245 
2316 3783245 
2317 3783245 
2318 3783245 
2319 3783245 
2320 3783245 
2321 3783245 
2322 3783245 
2323 3783245 
2324 3783245 
2325 3783245 
2326 3783245 
2327 3783245 
2328 3783245 
2329 3783245 
2330 3783245 
2331 3783245 
2332 3783245 
2333 3783245 
2334 3783245 
2335 3783245 
2336 3783245 
2337 3783245 
2338 3783245 
2339 3783245 
2340 3783245 
2341 3783245 
2342 3783245 
2343 3783245 
2344 3783245 
2345 3783245 
2346 3783245 
2347 3783245 
2348 3783245 
2349 3783245 
2350 3783245 
2351 3783245 
2352 3783245 
2353 3783245 
2354 3783245 
2355 3783245 
2356 3783245 
2357 3783245 
2358 3783245 
2359 3783245 
2360 3783245 
2361 3783245 
2362 3783245 
2363 3783245 
2364 3783245 
2365 3783245 
2366 3783245 
2367 3783245 
2368 3783245 
2369 3783245 
2370 3783245 
2371 3783245 
2372 3783245 
2373 3783245 
2374 3783245 
2375 3783245 
2376 3783245 
2377 3783245 
2378 3783245 
2379 3783245 
2380 3783245 
2381 3783245 
2382 3783245 
2383 3783245 
2384 3783245 
2385 3783245 
2386 3783245 
2387 3783245 
2388 3783245 
2389 3783245 
2390 3783245 
2391 3783245 
2392 3783245 
2393 3783245 
2394 3783245 
2395 3783245 
2396 3783245 
2397 3783245 
2398 3783245 
2399 3783245 
2400 3783245 
2401 3783245 
2402 3783245 
2403 3783245 
2404 3783245 
2405 3783245 
2406 3783245 
2407 3783245 
2408 3783245 
2409 3783245 
2410 3783245 
2411 3783245 
2412 3783245 
2413 3783245 
2414 3783245 
2415 3783245 
2416 3783245 
2417 3783245 
2418 3783245 
2419 3783245 
2420 3783245 
2421 3783245 
2422 3783245 
2423 3783245 
2424 3783245 
2425 3783245 
2426 3783245 
2427 3783245 
2428 3783245 
2429 3783245 
2430 3783245 
2431 3783245 
2432 3783245 
2433 3783245 
2434 3783245 
2435 3783245 
2436 3783245 
2437 3783245 
2438 3783245 
2439 3783245 
2440 3783245 
2441 3783245 
2442 3783245 
2443 3783245 
2444 3783245 
2445 3783245 
2446 3783245 
2447 3783245 
2448 3783245 
2449 3783245 
2450 3783245 
2451 3783245 
2452 3783245 
2453 3783245 
2454 3783245 
2455 3783245 
2456 3783245 
2457 3783245 
2458 3783245 
2459 3783245 
2460 3783245 
2461 3783245 
2462 3783245 
2463 3783245 
2464 3783245 
2465 3783245 
2466 3783245 
2467 3783245 
2468 3783245 
2469 3783245 
2470 3783245 
2471 3783245 
2472 3783245 
2473 3783245 
2474 3783245 
2475 3783245 
2476 3783245 
2477 3783245 
2478 3783245 
2479 3783245 
2480 3783245 
2481 3783245 
2482 3783245 
2483 3783245 
2484 3783245 
2485 3783245 
2486 3783245 
2487 3783245 
2488 3783245 
2489 3783245 
2490 3783245 
2491 3783245 
2492 3783245 
2493 3783245 
2494 3783245 
2495 3783245 
2496 3783245 
2497 3783245 
2498 3783245 
2499 3783245 
2500 3783245 
2501 3783245 
2502 3783245 
2503 3783245 
2504 3783245 
2505 3783245 
2506 3783245 
2507 3783245 
2508 3783245 
2509 3783245 
2510 3783245 
2511 3783245 
2512 3783245 
2513 3783245 
2514 3783245 
2515 3783245 
2516 3783245 
2517 3783245 
2518 3783245 
2519 3783245 
2520 3783245 
2521 3783245 
2522 3783245 
2523 3783245 
2524 3783245 
2525 3783245 
2526 3783245 
2527 3783245 
2528 3783245 
2529 3783245 
2530 3783245 
2531 3783245 
2532 3783245 
2533 3783245 
2534 3783245 
2535 3783245 
2536 3783245 
2537 3783245 
2538 3783245 
2539 3783245 
2540 3783245 
2541 3783245 
2542 3783245 
2543 3783245 
2544 3783245 
2545 3783245 
2546 3783245 
2547 3783245 
2548 3783245 
2549 3783245 
2550 3783245 
2551 3783245 
2552 3783245 
2553 3783245 
2554 3783245 
2555 3783245 
2556 3783245 
2557 3783245 
2558 3783245 
2559 3783245 
2560 3783245 
2561 3783245 
2562 3783245 
2563 3783245 
2564 3783245 
2565 3783245 
2566 3783245 
2567 3783245 
2568 3783245 
2569 3783245 
2570 3783245 
2571 3783245 
2572 3783245 
2573 3783245 
2574 3783245 
2575 3783245 
2576 3783245 
2577 3783245 
2578 3783245 
2579 3783245 
2580 3783245 
2581 3783245 
2582 3783245 
2583 3783245 
2584 3783245 
2585 3783245 
2586 3783245 
2587 3783245 
2588 3783245 
2589 3783245 
2590 3783245 
2591 3783245 
2592 3783245 
2593 3783245 
2594 3783245 
2595 3783245 
2596 3783245 
2597 3783245 
2598 3783245 
2599 3783245 
2600 3783245 
2601 3783245 
2602 3783245 
2603 3783245 
2604 3783245 
2605 3783245 
2606 3783245 
2607 3783245 
2608 3783245 
2609 3783245 
2610 3783245 
2611 3783245 
2612 3783245 
2613 3783245 
2614 3783245 
2615 3783245 
2616 3783245 
2617 3783245 
2618 3783245 
2619 3783245 
2620 3783245 
2621 3783245 
2622 3783245 
2623 3783245 
2624 3783245 
2625 3783245 
2626 3783245 
2627 3783245 
2628 3783245 
2629 3783245 
2630 3783245 
2631 3783245 
2632 3783245 
2633 3783245 
2634 3783245 
2635 3783245 
2636 3783245 
2637 3783245 
2638 3783245 
2639 3783245 
2640 3783245 
2641 3783245 
2642 3783245 
2643 3783245 
2644 3783245 
2645 3783245 
2646 3783245 
2647 3783245 
2648 3783245 
2649 3783245 
2650 3783245 
2651 3783245 
2652 3783245 
2653 3783245 
2654 3783245 
2655 3783245 
2656 3783245 
2657 3783245 
2658 3783245 
2659 3783245 
2660 3783245 
2661 3783245 
2662 3783245 
2663 3783245 
2664 3783245 
2665 3783245 
2666 3783245 
2667 3783245 
2668 3783245 
2669 3783245 
2670 3783245 
2671 3783245 
2672 3783245 
2673 3783245 
2674 3783245 
2675 3783245 
2676 3783245 
2677 3783245 
2678 3783245 
2679 3783245 
2680 3783245 
2681 3783245 
2682 3783245 
2683 3783245 
2684 3783245 
2685 3783245 
2686 3783245 
2687 3783245 
2688 3783245 
2689 3783245 
2690 3783245 
2691 3783245 
2692 3783245 
2693 3783245 
2694 3783245 
2695 3783245 
2696 3783245 
2697 3783245 
2698 3783245 
2699 3783245 
2700 3783245 
2701 3783245 
2702 3783245 
2703 3783245 
2704 3783245 
2705 3783245 
2706 3783245 
2707 3783245 
2708 3783245 
2709 3783245 
2710 3783245 
2711 3783245 
2712 3783245 
2713 3783245 
2714 3783245 
2715 3783245 
2716 3783245 
2717 3783245 
2718 3783245 
2719 3783245 
2720 3783245 
2721 3783245 
2722 3783245 
2723 3783245 
2724 3783245 
2725 3783245 
2726 3783245 
2727 3783245 
2728 3783245 
2729 3783245 
2730 3783245 
2731 3783245 
2732 3783245 
2733 3783245 
2734 3783245 
2735 3783245 
2736 3783245 
2737 3783245 
2738 3783245 
2739 3783245 
2740 3783245 
2741 3783245 
2742 3783245 
2743 3783245 
2744 3783245 
2745 3783245 
2746 3783245 
2747 3783245 
2748 3783245 
2749 3783245 
2750 3783245 
2751 3783245 
2752 3783245 
2753 3783245 
2754 3783245 
2755 3783245 
2756 3783245 
2757 3783245 
2758 3783245 
2759 3783245 
2760 3783245 
2761 3783245 
2762 3783245 
2763 3783245 
2764 3783245 
2765 3783245 
2766 3783245 
2767 3783245 
2768 3783245 
2769 3783245 
2770 3783245 
2771 3783245 
2772 3783245 
2773 3783245 
2774 3783245 
2775 3783245 
2776 3783245 
2777 3783245 
2778 3783245 
2779 3783245 
2780 3783245 
2781 3783245 
2782 3783245 
2783 3783245 
2784 3783245 
2785 3783245 
2786 3783245 
2787 3783245 
2788 3783245 
2789 3783245 
2790 3783245 
2791 3783245 
2792 3783245 
2793 3783245 
2794 3783245 
2795 3783245 
2796 3783245 
2797 3783245 
2798 3783245 
2799 3783245 
2800 3783245 
2801 3783245 
2802 3783245 
2803 3783245 
2804 3783245 
2805 3783245 
2806 3783245 
2807 3783245 
2808 3783245 
2809 3783245 
2810 3783245 
2811 3783245 
2812 3783245 
2813 3783245 
2814 3783245 
2815 3783245 
2816 3783245 
2817 3783245 
2818 3783245 
2819 3783245 
2820 3783245 
2821 3783245 
2822 3783245 
2823 3783245 
2824 3783245 
2825 3783245 
2826 3783245 
2827 3783245 
2828 3783245 
2829 3783245 
2830 3783245 
2831 3783245 
2832 3783245 
2833 3783245 
2834 3783245 
2835 3783245 
2836 3783245 
2837 3783245 
2838 3783245 
2839 3783245 
2840 3783245 
2841 3783245 
2842 3783245 
2843 3783245 
2844 3783245 
2845 3783245 
2846 3783245 
2847 3783245 
2848 3783245 
2849 3783245 
2850 3783245 
2851 3783245 
2852 3783245 
2853 3783245 
2854 3783245 
2855 3783245 
2856 3783245 
2857 3783245 
2858 3783245 
2859 3783245 
2860 3783245 
2861 3783245 
2862 3783245 
2863 3783245 
2864 3783245 
2865 3783245 
2866 3783245 
2867 3783245 
2868 3783245 
2869 3783245 
2870 3783245 
2871 3783245 
2872 3783245 
2873 3783245 
2874 3783245 
2875 3783245 
2876 3783245 
2877 3783245 
2878 3783245 
2879 3783245 
2880 3783245 
2881 3783245 
2882 3783245 
2883 3783245 
2884 3783245 
2885 3783245 
2886 3783245 
2887 3783245 
2888 3783245 
2889 3783245 
2890 3783245 
2891 3783245 
2892 3783245 
2893 3783245 
2894 3783245 
2895 3783245 
2896 3783245 
2897 3783245 
2898 3783245 
2899 3783245 
2900 3783245 
2901 3783245 
2902 3783245 
2903 3783245 
2904 3783245 
2905 3783245 
2906 3783245 
2907 3783245 
2908 3783245 
2909 3783245 
2910 3783245 
2911 3783245 
2912 3783245 
2913 3783245 
2914 3783245 
2915 3783245 
2916 3783245 
2917 3783245 
2918 3783245 
2919 3783245 
2920 3783245 
2921 3783245 
2922 3783245 
2923 3783245 
2924 3783245 
2925 3783245 
2926 3783245 
2927 3783245 
2928 3783245 
2929 3783245 
2930 3783245 
2931 3783245 
2932 3783245 
2933 3783245 
2934 3783245 
2935 3783245 
2936 3783245 
2937 3783245 
2938 3783245 
2939 3783245 
2940 3783245 
2941 3783245 
2942 3783245 
2943 3783245 
2944 3783245 
2945 3783245 
2946 3783245 
2947 3783245 
2948 3783245 
2949 3783245 
2950 3783245 
2951 3783245 
2952 3783245 
2953 3783245 
2954 3783245 
2955 3783245 
2956 3783245 
2957 3783245 
2958 3783245 
2959 3783245 
2960 3783245 
2961 3783245 
2962 3783245 
2963 3783245 
2964 3783245 
2965 3783245 
2966 3783245 
2967 3783245 
2968 3783245 
2969 3783245 
2970 3783245 
2971 3783245 
2972 3783245 
2973 3783245 
2974 3783245 
2975 3783245 
2976 3783245 
2977 3783245 
2978 3783245 
2979 3783245 
2980 3783245 
2981 3783245 
2982 3783245 
2983 3783245 
2984 3783245 
2985 3783245 
2986 3783245 
2987 3783245 
2988 3783245 
2989 3783245 
2990 3783245 
2991 3783245 
2992 3783245 
2993 3783245 
2994 3783245 
2995 3783245 
2996 3783245 
2997 3783245 
2998 3783245 
2999 3783245 
3000 3783245 
3001 3783245 
3002 3783245 
3003 3783245 
3004 3783245 
3005 3783245 
3006 3783245 
3007 3783245 
3008 3783245 
3009 3783245 
3010 3783245 
3011 3783245 
3012 3783245 
3013 3783245 
3014 3783245 
3015 3783245 
3016 3783245 
3017 3783245 
3018 3783245 
3019 3783245 
3020 3783245 
3021 3783245 
3022 3783245 
3023 3783245 
3024 3783245 
3025 3783245 
3026 3783245 
3027 3783245 
3028 3783245 
3029 3783245 
3030 3783245 
3031 3783245 
3032 3783245 
3033 3783245 
3034 3783245 
3035 3783245 
3036 3783245 
3037 3783245 
3038 3783245 
3039 3783245 
3040 3783245 
3041 3783245 
3042 3783245 
3043 3783245 
3044 3783245 
3045 3783245 
3046 3783245 
3047 3783245 
3048 3783245 
3049 3783245 
3050 3783245 
3051 3783245 
3052 3783245 
3053 3783245 
3054 3783245 
3055 3783245 
3056 3783245 
3057 3783245 
3058 3783245 
3059 3783245 
3060 3783245 
3061 3783245 
3062 3783245 
3063 3783245 
3064 3783245 
3065 3783245 
3066 3783245 
3067 3783245 
3068 3783245 
3069 3783245 
3070 3783245 
3071 3783245 
3072 3783245 
3073 3783245 
3074 3783245 
3075 3783245 
3076 3783245 
3077 3783245 
3078 3783245 
3079 3783245 
3080 3783245 
3081 3783245 
3082 3783245 
3083 3783245 
3084 3783245 
3085 3783245 
3086 3783245 
3087 3783245 
3088 3783245 
3089 3783245 
3090 3783245 
3091 3783245 
3092 3783245 
3093 3783245 
3094 3783245 
3095 3783245 
3096 3783245 
3097 3783245 
3098 3783245 
3099 3783245 

