0 5829759 
1 5799415 
2 5786843 
3 5777924 
4 5773064 
5 5772824 
6 5767781 
7 5749153 
8 5748411 
9 5745268 
10 5744523 
11 5742310 
12 5741048 
13 5739960 
14 5739484 
15 5738823 
16 5736090 
17 5733971 
18 5733775 
19 5731786 
20 5731412 
21 5731345 
22 5731004 
23 5730629 
24 5730506 
25 5730451 
26 5729554 
27 5728073 
28 5727154 
29 5724014 
30 5723909 
31 5721485 
32 5721391 
33 5720298 
34 5720150 
35 5718692 
36 5715997 
37 5707125 
38 5704763 
39 5704557 
40 5694369 
41 5692703 
42 5689582 
43 5686854 
44 5686094 
45 5685980 
46 5683048 
47 5680090 
48 5678666 
49 5678660 
50 5678653 
51 5677861 
52 5677269 
53 5677186 
54 5677157 
55 5677088 
56 5673749 
57 5671167 
58 5669466 
59 5665718 
60 5664631 
61 5664587 
62 5661974 
63 5653138 
64 5652770 
65 5639498 
66 5639426 
67 5639385 
68 5636005 
69 5633898 
70 5633874 
71 5632735 
72 5632728 
73 5632518 
74 5631821 
75 5631819 
76 5631468 
77 5630444 
78 5630359 
79 5629070 
80 5627767 
81 5625120 
82 5624902 
83 5624784 
84 5623409 
85 5608440 
86 5607745 
87 5605745 
88 5605745 
89 5605092 
90 5605016 
91 5604897 
92 5604876 
93 5604876 
94 5604380 
95 5604135 
96 5604119 
97 5604036 
98 5602744 
99 5586421 
100 5583981 
101 5581653 
102 5581312 
103 5581255 
104 5580419 
105 5580387 
106 5580364 
107 5580364 
108 5580347 
109 5580347 
110 5579532 
111 5579532 
112 5579500 
113 5579098 
114 5579082 
115 5578566 
116 5578477 
117 5578248 
118 5577844 
119 5576522 
120 5574972 
121 5574805 
122 5573143 
123 5570871 
124 5568033 
125 5567606 
126 5566208 
127 5562725 
128 5562390 
129 5562270 
130 5561560 
131 5561560 
132 5561464 
133 5561418 
134 5561410 
135 5561379 
136 5561258 
137 5561258 
138 5557742 
139 5556408 
140 5554717 
141 5554596 
142 5552451 
143 5552334 
144 5552201 
145 5550928 
146 5550770 
147 5550379 
148 5550213 
149 5550208 
150 5550116 
151 5547759 
152 5547708 
153 5546215 
154 5545844 
155 5545832 
156 5545466 
157 5545466 
158 5545177 
159 5542217 
160 5542116 
161 5539977 
162 5539713 
163 5535452 
164 5531995 
165 5531915 
166 5531619 
167 5531547 
168 5531500 
169 5531484 
170 5531077 
171 5530983 
172 5530954 
173 5529447 
174 5529377 
175 5529290 
176 5529285 
177 5529164 
178 5529064 
179 5528670 
180 5528050 
181 5528022 
182 5527625 
183 5527493 
184 5520670 
185 5520651 
186 5520640 
187 5520563 
188 5519204 
189 5519194 
190 5518605 
191 5518557 
192 5518520 
193 5518290 
194 5518208 
195 5518193 
196 5511332 
197 5504361 
198 5503671 
199 5502625 
200 5500113 
201 5500113 
202 5499975 
203 5499863 
204 5499648 
205 5499606 
206 5499382 
207 5499348 
208 5498679 
209 5498607 
210 5498607 
211 5498532 
212 5498512 
213 5497421 
214 5497294 
215 5497252 
216 5495415 
217 5492746 
218 5492744 
219 5492600 
220 5492393 
221 5492393 
222 5492393 
223 5492169 
224 5492062 
225 5492050 
226 5491958 
227 5491068 
228 5490439 
229 5489069 
230 5488857 
231 5488824 
232 5487843 
233 5487752 
234 5487752 
235 5487658 
236 5487629 
237 5487469 
238 5487220 
239 5487220 
240 5486760 
241 5486413 
242 5486197 
243 5485823 
244 5485722 
245 5484131 
246 5484114 
247 5483588 
248 5483588 
249 5483585 
250 5483573 
251 5483489 
252 5482984 
253 5482885 
254 5482762 
255 5482396 
256 5482367 
257 5481831 
258 5480291 
259 5480206 
260 5479786 
261 5479660 
262 5477827 
263 5477715 
264 5477609 
265 5477492 
266 5477413 
267 5477413 
268 5477413 
269 5477355 
270 5477338 
271 5477303 
272 5477192 
273 5476197 
274 5475542 
275 5464008 
276 5462303 
277 5462181 
278 5462181 
279 5460109 
280 5460000 
281 5459900 
282 5458327 
283 5457189 
284 5456929 
285 5456902 
286 5456862 
287 5456789 
288 5456724 
289 5456254 
290 5455219 
291 5454888 
292 5453732 
293 5453534 
294 5448402 
295 5447949 
296 5447726 
297 5447159 
298 5447101 
299 5447072 
300 5446449 
301 5446253 
302 5446253 
303 5446084 
304 5445825 
305 5445779 
306 5444449 
307 5443947 
308 5443928 
309 5443794 
310 5442493 
311 5442224 
312 5442177 
313 5441809 
314 5441415 
315 5441270 
316 5436484 
317 5436484 
318 5436321 
319 5435609 
320 5435300 
321 5435300 
322 5435229 
323 5435229 
324 5435229 
325 5435229 
326 5435229 
327 5434982 
328 5434982 
329 5434976 
330 5434963 
331 5434963 
332 5434880 
333 5434880 
334 5434880 
335 5434880 
336 5434880 
337 5434880 
338 5434880 
339 5434880 
340 5434880 
341 5434880 
342 5434880 
343 5434880 
344 5434833 
345 5434833 
346 5434833 
347 5434833 
348 5434833 
349 5434833 
350 5434833 
351 5434833 
352 5434833 
353 5434833 
354 5434833 
355 5434833 
356 5434833 
357 5434833 
358 5434833 
359 5434833 
360 5434833 
361 5434833 
362 5434833 
363 5434833 
364 5434833 
365 5434833 
366 5434833 
367 5434833 
368 5434833 
369 5434833 
370 5434833 
371 5434833 
372 5434833 
373 5434833 
374 5434833 
375 5434833 
376 5434833 
377 5434833 
378 5434833 
379 5434833 
380 5434833 
381 5434833 
382 5434833 
383 5434833 
384 5434833 
385 5434833 
386 5434833 
387 5434833 
388 5434833 
389 5434833 
390 5434833 
391 5434833 
392 5434833 
393 5434833 
394 5434833 
395 5434833 
396 5434833 
397 5434833 
398 5434833 
399 5434833 
400 5434833 
401 5434833 
402 5434833 
403 5434833 
404 5434833 
405 5434833 
406 5434833 
407 5434833 
408 5434833 
409 5434833 
410 5434833 
411 5434833 
412 5434833 
413 5434833 
414 5434833 
415 5434833 
416 5434833 
417 5434833 
418 5434833 
419 5434833 
420 5434833 
421 5434833 
422 5434833 
423 5434833 
424 5434833 
425 5434833 
426 5434833 
427 5434833 
428 5434833 
429 5434833 
430 5434833 
431 5434833 
432 5434833 
433 5434833 
434 5434833 
435 5434833 
436 5434833 
437 5434833 
438 5434833 
439 5434833 
440 5434833 
441 5434833 
442 5434833 
443 5434833 
444 5434833 
445 5434833 
446 5434833 
447 5434833 
448 5434833 
449 5434833 
450 5434833 
451 5434833 
452 5434833 
453 5434833 
454 5434833 
455 5434833 
456 5434833 
457 5434833 
458 5434833 
459 5434833 
460 5434833 
461 5434833 
462 5434833 
463 5434833 
464 5434833 
465 5434833 
466 5434833 
467 5434833 
468 5434833 
469 5434833 
470 5434833 
471 5434833 
472 5434833 
473 5434833 
474 5434833 
475 5434833 
476 5434833 
477 5434833 
478 5434833 
479 5434833 
480 5434833 
481 5434833 
482 5434833 
483 5434833 
484 5434833 
485 5434833 
486 5434833 
487 5434833 
488 5434833 
489 5434833 
490 5434833 
491 5434833 
492 5434833 
493 5434833 
494 5434833 
495 5434833 
496 5434833 
497 5434833 
498 5434833 
499 5434833 
500 5434833 
501 5434833 
502 5434833 
503 5434833 
504 5434833 
505 5434833 
506 5434833 
507 5434833 
508 5434833 
509 5434833 
510 5434833 
511 5434833 
512 5434833 
513 5434833 
514 5434833 
515 5434833 
516 5434833 
517 5434833 
518 5434833 
519 5434833 
520 5434833 
521 5434833 
522 5434833 
523 5434833 
524 5434833 
525 5434833 
526 5434833 
527 5434833 
528 5434833 
529 5434833 
530 5434833 
531 5434833 
532 5434833 
533 5434833 
534 5434833 
535 5434833 
536 5434833 
537 5434833 
538 5434833 
539 5434833 
540 5434833 
541 5434833 
542 5434833 
543 5434833 
544 5434833 
545 5434833 
546 5434833 
547 5434833 
548 5434833 
549 5434833 
550 5434833 
551 5434833 
552 5434833 
553 5434833 
554 5434833 
555 5434833 
556 5434833 
557 5434833 
558 5434833 
559 5434833 
560 5434833 
561 5434833 
562 5434833 
563 5434833 
564 5434833 
565 5434833 
566 5434833 
567 5434833 
568 5434833 
569 5434833 
570 5434833 
571 5434833 
572 5434833 
573 5434833 
574 5434833 
575 5434833 
576 5434833 
577 5434833 
578 5434833 
579 5434833 
580 5434833 
581 5434833 
582 5434833 
583 5434833 
584 5434833 
585 5434833 
586 5434833 
587 5434833 
588 5434833 
589 5434833 
590 5434833 
591 5434833 
592 5434833 
593 5434833 
594 5434833 
595 5434833 
596 5434833 
597 5434833 
598 5434833 
599 5434833 
600 5434833 
601 5434833 
602 5434833 
603 5434833 
604 5434833 
605 5434833 
606 5434833 
607 5434833 
608 5434833 
609 5434833 
610 5434833 
611 5434833 
612 5434833 
613 5434833 
614 5434833 
615 5434833 
616 5434833 
617 5434833 
618 5434833 
619 5434833 
620 5434833 
621 5434833 
622 5434833 
623 5434833 
624 5434833 
625 5434833 
626 5434833 
627 5434833 
628 5434833 
629 5434833 
630 5434833 
631 5434833 
632 5434833 
633 5434833 
634 5434833 
635 5434833 
636 5434833 
637 5434833 
638 5434833 
639 5434833 
640 5434833 
641 5434833 
642 5434833 
643 5434833 
644 5434833 
645 5434833 
646 5434833 
647 5434833 
648 5434833 
649 5434833 
650 5434833 
651 5434833 
652 5434833 
653 5434833 
654 5434833 
655 5434833 
656 5434833 
657 5434833 
658 5434833 
659 5434833 
660 5434833 
661 5434833 
662 5434833 
663 5434833 
664 5434833 
665 5434833 
666 5434833 
667 5434833 
668 5434833 
669 5434833 
670 5434833 
671 5434833 
672 5434833 
673 5434833 
674 5434833 
675 5434833 
676 5434833 
677 5434833 
678 5434833 
679 5434833 
680 5434833 
681 5434833 
682 5434833 
683 5434833 
684 5434833 
685 5434833 
686 5434833 
687 5434833 
688 5434833 
689 5434833 
690 5434833 
691 5434833 
692 5434833 
693 5434833 
694 5434833 
695 5434833 
696 5434833 
697 5434833 
698 5434833 
699 5434833 
700 5434833 
701 5434833 
702 5434833 
703 5434833 
704 5434833 
705 5434833 
706 5434833 
707 5434833 
708 5434833 
709 5434833 
710 5434833 
711 5434833 
712 5434833 
713 5434833 
714 5434833 
715 5434833 
716 5434833 
717 5434833 
718 5434833 
719 5434833 
720 5434833 
721 5434833 
722 5434833 
723 5434833 
724 5434833 
725 5434833 
726 5434833 
727 5434833 
728 5434833 
729 5434833 
730 5434833 
731 5434833 
732 5434833 
733 5434833 
734 5434833 
735 5434833 
736 5434833 
737 5434833 
738 5434833 
739 5434833 
740 5434833 
741 5434833 
742 5434833 
743 5434833 
744 5434833 
745 5434833 
746 5434833 
747 5434833 
748 5434833 
749 5434833 
750 5434833 
751 5434833 
752 5434833 
753 5434833 
754 5434833 
755 5434833 
756 5434833 
757 5434833 
758 5434833 
759 5434833 
760 5434833 
761 5434833 
762 5434833 
763 5434833 
764 5434833 
765 5434833 
766 5434833 
767 5434833 
768 5434833 
769 5434833 
770 5434833 
771 5434833 
772 5434833 
773 5434833 
774 5434833 
775 5434833 
776 5434833 
777 5434833 
778 5434833 
779 5434833 
780 5434833 
781 5434833 
782 5434833 
783 5434833 
784 5434833 
785 5434833 
786 5434833 
787 5434833 
788 5434833 
789 5434833 
790 5434833 
791 5434833 
792 5434833 
793 5434833 
794 5434833 
795 5434833 
796 5434833 
797 5434833 
798 5434833 
799 5434833 
800 5434833 
801 5434833 
802 5434833 
803 5434833 
804 5434833 
805 5434833 
806 5434833 
807 5434833 
808 5434833 
809 5434833 
810 5434833 
811 5434833 
812 5434833 
813 5434833 
814 5434833 
815 5434833 
816 5434833 
817 5434833 
818 5434833 
819 5434833 
820 5434833 
821 5434833 
822 5434833 
823 5434833 
824 5434833 
825 5434833 
826 5434833 
827 5434833 
828 5434833 
829 5434833 
830 5434833 
831 5434833 
832 5434833 
833 5434833 
834 5434833 
835 5434833 
836 5434833 
837 5434833 
838 5434833 
839 5434833 
840 5434833 
841 5434833 
842 5434833 
843 5434833 
844 5434833 
845 5434833 
846 5434833 
847 5434833 
848 5434833 
849 5434833 
850 5434833 
851 5434833 
852 5434833 
853 5434833 
854 5434833 
855 5434833 
856 5434833 
857 5434833 
858 5434833 
859 5434833 
860 5434833 
861 5434833 
862 5434833 
863 5434833 
864 5434833 
865 5434833 
866 5434833 
867 5434833 
868 5434833 
869 5434833 
870 5434833 
871 5434833 
872 5434833 
873 5434833 
874 5434833 
875 5434833 
876 5434833 
877 5434833 
878 5434833 
879 5434833 
880 5434833 
881 5434833 
882 5434833 
883 5434833 
884 5434833 
885 5434833 
886 5434833 
887 5434833 
888 5434833 
889 5434833 
890 5434833 
891 5434833 
892 5434833 
893 5434833 
894 5434833 
895 5434833 
896 5434833 
897 5434833 
898 5434833 
899 5434833 
900 5434833 
901 5434833 
902 5434833 
903 5434833 
904 5434833 
905 5434833 
906 5434833 
907 5434833 
908 5434833 
909 5434833 
910 5434833 
911 5434833 
912 5434833 
913 5434833 
914 5434833 
915 5434833 
916 5434833 
917 5434833 
918 5434833 
919 5434833 
920 5434833 
921 5434833 
922 5434833 
923 5434833 
924 5434833 
925 5434833 
926 5434833 
927 5434833 
928 5434833 
929 5434833 
930 5434833 
931 5434833 
932 5434833 
933 5434833 
934 5434833 
935 5434833 
936 5434833 
937 5434833 
938 5434833 
939 5434833 
940 5434833 
941 5434833 
942 5434833 
943 5434833 
944 5434833 
945 5434833 
946 5434833 
947 5434833 
948 5434833 
949 5434833 
950 5434833 
951 5434833 
952 5434833 
953 5434833 
954 5434833 
955 5434833 
956 5434833 
957 5434833 
958 5434833 
959 5434833 
960 5434833 
961 5434833 
962 5434833 
963 5434833 
964 5434833 
965 5434833 
966 5434833 
967 5434833 
968 5434833 
969 5434833 
970 5434833 
971 5434833 
972 5434833 
973 5434833 
974 5434833 
975 5434833 
976 5434833 
977 5434833 
978 5434833 
979 5434833 
980 5434833 
981 5434833 
982 5434833 
983 5434833 
984 5434833 
985 5434833 
986 5434833 
987 5434833 
988 5434833 
989 5434833 
990 5434833 
991 5434833 
992 5434833 
993 5434833 
994 5434833 
995 5434833 
996 5434833 
997 5434833 
998 5434833 
999 5434833 
1000 5434833 
1001 5434833 
1002 5434833 
1003 5434833 
1004 5434833 
1005 5434833 
1006 5434833 
1007 5434833 
1008 5434833 
1009 5434833 
1010 5434833 
1011 5434833 
1012 5434833 
1013 5434833 
1014 5434833 
1015 5434833 
1016 5434833 
1017 5434833 
1018 5434833 
1019 5434833 
1020 5434833 
1021 5434833 
1022 5434833 
1023 5434833 
1024 5434833 
1025 5434833 
1026 5434833 
1027 5434833 
1028 5434833 
1029 5434833 
1030 5434833 
1031 5434833 
1032 5434833 
1033 5434833 
1034 5434833 
1035 5434833 
1036 5434833 
1037 5434833 
1038 5434833 
1039 5434833 
1040 5434833 
1041 5434833 
1042 5434833 
1043 5434833 
1044 5434833 
1045 5434833 
1046 5434833 
1047 5434833 
1048 5434833 
1049 5434833 
1050 5434833 
1051 5434833 
1052 5434833 
1053 5434833 
1054 5434833 
1055 5434833 
1056 5434833 
1057 5434833 
1058 5434833 
1059 5434833 
1060 5434833 
1061 5434833 
1062 5434833 
1063 5434833 
1064 5434833 
1065 5434833 
1066 5434833 
1067 5434833 
1068 5434833 
1069 5434833 
1070 5434833 
1071 5434833 
1072 5434833 
1073 5434833 
1074 5434833 
1075 5434833 
1076 5434833 
1077 5434833 
1078 5434833 
1079 5434833 
1080 5434833 
1081 5434833 
1082 5434833 
1083 5434833 
1084 5434833 
1085 5434833 
1086 5434833 
1087 5434833 
1088 5434833 
1089 5434833 
1090 5434833 
1091 5434833 
1092 5434833 
1093 5434833 
1094 5434833 
1095 5434833 
1096 5434833 
1097 5434833 
1098 5434833 
1099 5434833 
1100 5434833 
1101 5434833 
1102 5434833 
1103 5434833 
1104 5434833 
1105 5434833 
1106 5434833 
1107 5434833 
1108 5434833 
1109 5434833 
1110 5434833 
1111 5434833 
1112 5434833 
1113 5434833 
1114 5434833 
1115 5434833 
1116 5434833 
1117 5434833 
1118 5434833 
1119 5434833 
1120 5434833 
1121 5434833 
1122 5434833 
1123 5434833 
1124 5434833 
1125 5434833 
1126 5434833 
1127 5434833 
1128 5434833 
1129 5434833 
1130 5434833 
1131 5434833 
1132 5434833 
1133 5434833 
1134 5434833 
1135 5434833 
1136 5434833 
1137 5434833 
1138 5434833 
1139 5434833 
1140 5434833 
1141 5434833 
1142 5434833 
1143 5434833 
1144 5434833 
1145 5434833 
1146 5434833 
1147 5434833 
1148 5434833 
1149 5434833 
1150 5434833 
1151 5434833 
1152 5434833 
1153 5434833 
1154 5434833 
1155 5434833 
1156 5434833 
1157 5434833 
1158 5434833 
1159 5434833 
1160 5434833 
1161 5434833 
1162 5434833 
1163 5434833 
1164 5434833 
1165 5434833 
1166 5434833 
1167 5434833 
1168 5434833 
1169 5434833 
1170 5434833 
1171 5434833 
1172 5434833 
1173 5434833 
1174 5434833 
1175 5434833 
1176 5434833 
1177 5434833 
1178 5434833 
1179 5434833 
1180 5434833 
1181 5434833 
1182 5434833 
1183 5434833 
1184 5434833 
1185 5434833 
1186 5434833 
1187 5434833 
1188 5434833 
1189 5434833 
1190 5434833 
1191 5434833 
1192 5434833 
1193 5434833 
1194 5434833 
1195 5434833 
1196 5434833 
1197 5434833 
1198 5434833 
1199 5434833 
1200 5434833 
1201 5434833 
1202 5434833 
1203 5434833 
1204 5434833 
1205 5434833 
1206 5434833 
1207 5434833 
1208 5434833 
1209 5434833 
1210 5434833 
1211 5434833 
1212 5434833 
1213 5434833 
1214 5434833 
1215 5434833 
1216 5434833 
1217 5434833 
1218 5434833 
1219 5434833 
1220 5434833 
1221 5434833 
1222 5434833 
1223 5434833 
1224 5434833 
1225 5434833 
1226 5434833 
1227 5434833 
1228 5434833 
1229 5434833 
1230 5434833 
1231 5434833 
1232 5434833 
1233 5434833 
1234 5434833 
1235 5434833 
1236 5434833 
1237 5434833 
1238 5434833 
1239 5434833 
1240 5434833 
1241 5434833 
1242 5434833 
1243 5434833 
1244 5434833 
1245 5434833 
1246 5434833 
1247 5434833 
1248 5434833 
1249 5434833 
1250 5434833 
1251 5434833 
1252 5434833 
1253 5434833 
1254 5434833 
1255 5434833 
1256 5434833 
1257 5434833 
1258 5434833 
1259 5434833 
1260 5434833 
1261 5434833 
1262 5434833 
1263 5434833 
1264 5434833 
1265 5434833 
1266 5434833 
1267 5434833 
1268 5434833 
1269 5434833 
1270 5434833 
1271 5434833 
1272 5434833 
1273 5434833 
1274 5434833 
1275 5434833 
1276 5434833 
1277 5434833 
1278 5434833 
1279 5434833 
1280 5434833 
1281 5434833 
1282 5434833 
1283 5434833 
1284 5434833 
1285 5434833 
1286 5434833 
1287 5434833 
1288 5434833 
1289 5434833 
1290 5434833 
1291 5434833 
1292 5434833 
1293 5434833 
1294 5434833 
1295 5434833 
1296 5434833 
1297 5434833 
1298 5434833 
1299 5434833 
1300 5434833 
1301 5434833 
1302 5434833 
1303 5434833 
1304 5434833 
1305 5434833 
1306 5434833 
1307 5434833 
1308 5434833 
1309 5434833 
1310 5434833 
1311 5434833 
1312 5434833 
1313 5434833 
1314 5434833 
1315 5434833 
1316 5434833 
1317 5434833 
1318 5434833 
1319 5434833 
1320 5434833 
1321 5434833 
1322 5434833 
1323 5434833 
1324 5434833 
1325 5434833 
1326 5434833 
1327 5434833 
1328 5434833 
1329 5434833 
1330 5434833 
1331 5434833 
1332 5434833 
1333 5434833 
1334 5434833 
1335 5434833 
1336 5434833 
1337 5434833 
1338 5434833 
1339 5434833 
1340 5434833 
1341 5434833 
1342 5434833 
1343 5434833 
1344 5434833 
1345 5434833 
1346 5434833 
1347 5434833 
1348 5434833 
1349 5434833 
1350 5434833 
1351 5434833 
1352 5434833 
1353 5434833 
1354 5434833 
1355 5434833 
1356 5434833 
1357 5434833 
1358 5434833 
1359 5434833 
1360 5434833 
1361 5434833 
1362 5434833 
1363 5434833 
1364 5434833 
1365 5434833 
1366 5434833 
1367 5434833 
1368 5434833 
1369 5434833 
1370 5434833 
1371 5434833 
1372 5434833 
1373 5434833 
1374 5434833 
1375 5434833 
1376 5434833 
1377 5434833 
1378 5434833 
1379 5434833 
1380 5434833 
1381 5434833 
1382 5434833 
1383 5434833 
1384 5434833 
1385 5434833 
1386 5434833 
1387 5434833 
1388 5434833 
1389 5434833 
1390 5434833 
1391 5434833 
1392 5434833 
1393 5434833 
1394 5434833 
1395 5434833 
1396 5434833 
1397 5434833 
1398 5434833 
1399 5434833 
1400 5434833 
1401 5434833 
1402 5434833 
1403 5434833 
1404 5434833 
1405 5434833 
1406 5434833 
1407 5434833 
1408 5434833 
1409 5434833 
1410 5434833 
1411 5434833 
1412 5434833 
1413 5434833 
1414 5434833 
1415 5434833 
1416 5434833 
1417 5434833 
1418 5434833 
1419 5434833 
1420 5434833 
1421 5434833 
1422 5434833 
1423 5434833 
1424 5434833 
1425 5434833 
1426 5434833 
1427 5434833 
1428 5434833 
1429 5434833 
1430 5434833 
1431 5434833 
1432 5434833 
1433 5434833 
1434 5434833 
1435 5434833 
1436 5434833 
1437 5434833 
1438 5434833 
1439 5434833 
1440 5434833 
1441 5434833 
1442 5434833 
1443 5434833 
1444 5434833 
1445 5434833 
1446 5434833 
1447 5434833 
1448 5434833 
1449 5434833 
1450 5434833 
1451 5434833 
1452 5434833 
1453 5434833 
1454 5434833 
1455 5434833 
1456 5434833 
1457 5434833 
1458 5434833 
1459 5434833 
1460 5434833 
1461 5434833 
1462 5434833 
1463 5434833 
1464 5434833 
1465 5434833 
1466 5434833 
1467 5434833 
1468 5434833 
1469 5434833 
1470 5434833 
1471 5434833 
1472 5434833 
1473 5434833 
1474 5434833 
1475 5434833 
1476 5434833 
1477 5434833 
1478 5434833 
1479 5434833 
1480 5434833 
1481 5434833 
1482 5434833 
1483 5434833 
1484 5434833 
1485 5434833 
1486 5434833 
1487 5434833 
1488 5434833 
1489 5434833 
1490 5434833 
1491 5434833 
1492 5434833 
1493 5434833 
1494 5434833 
1495 5434833 
1496 5434833 
1497 5434833 
1498 5434833 
1499 5434833 
1500 5434833 
1501 5434833 
1502 5434833 
1503 5434833 
1504 5434833 
1505 5434833 
1506 5434833 
1507 5434833 
1508 5434833 
1509 5434833 
1510 5434833 
1511 5434833 
1512 5434833 
1513 5434833 
1514 5434833 
1515 5434833 
1516 5434833 
1517 5434833 
1518 5434833 
1519 5434833 
1520 5434833 
1521 5434833 
1522 5434833 
1523 5434833 
1524 5434833 
1525 5434833 
1526 5434833 
1527 5434833 
1528 5434833 
1529 5434833 
1530 5434833 
1531 5434833 
1532 5434833 
1533 5434833 
1534 5434833 
1535 5434833 
1536 5434833 
1537 5434833 
1538 5434833 
1539 5434833 
1540 5434833 
1541 5434833 
1542 5434833 
1543 5434833 
1544 5434833 
1545 5434833 
1546 5434833 
1547 5434833 
1548 5434833 
1549 5434833 
1550 5434833 
1551 5434833 
1552 5434833 
1553 5434833 
1554 5434833 
1555 5434833 
1556 5434833 
1557 5434833 
1558 5434833 
1559 5434833 
1560 5434833 
1561 5434833 
1562 5434833 
1563 5434833 
1564 5434833 
1565 5434833 
1566 5434833 
1567 5434833 
1568 5434833 
1569 5434833 
1570 5434833 
1571 5434833 
1572 5434833 
1573 5434833 
1574 5434833 
1575 5434833 
1576 5434833 
1577 5434833 
1578 5434833 
1579 5434833 
1580 5434833 
1581 5434833 
1582 5434833 
1583 5434833 
1584 5434833 
1585 5434833 
1586 5434833 
1587 5434833 
1588 5434833 
1589 5434833 
1590 5434833 
1591 5434833 
1592 5434833 
1593 5434833 
1594 5434833 
1595 5434833 
1596 5434833 
1597 5434833 
1598 5434833 
1599 5434833 
1600 5434833 
1601 5434833 
1602 5434833 
1603 5434833 
1604 5434833 
1605 5434833 
1606 5434833 
1607 5434833 
1608 5434833 
1609 5434833 
1610 5434833 
1611 5434833 
1612 5434833 
1613 5434833 
1614 5434833 
1615 5434833 
1616 5434833 
1617 5434833 
1618 5434833 
1619 5434833 
1620 5434833 
1621 5434833 
1622 5434833 
1623 5434833 
1624 5434833 
1625 5434833 
1626 5434833 
1627 5434833 
1628 5434833 
1629 5434833 
1630 5434833 
1631 5434833 
1632 5434833 
1633 5434833 
1634 5434833 
1635 5434833 
1636 5434833 
1637 5434833 
1638 5434833 
1639 5434833 
1640 5434833 
1641 5434833 
1642 5434833 
1643 5434833 
1644 5434833 
1645 5434833 
1646 5434833 
1647 5434833 
1648 5434833 
1649 5434833 
1650 5434833 
1651 5434833 
1652 5434833 
1653 5434833 
1654 5434833 
1655 5434833 
1656 5434833 
1657 5434833 
1658 5434833 
1659 5434833 
1660 5434833 
1661 5434833 
1662 5434833 
1663 5434833 
1664 5434833 
1665 5434833 
1666 5434833 
1667 5434833 
1668 5434833 
1669 5434833 
1670 5434833 
1671 5434833 
1672 5434833 
1673 5434833 
1674 5434833 
1675 5434833 
1676 5434833 
1677 5434833 
1678 5434833 
1679 5434833 
1680 5434833 
1681 5434833 
1682 5434833 
1683 5434833 
1684 5434833 
1685 5434833 
1686 5434833 
1687 5434833 
1688 5434833 
1689 5434833 
1690 5434833 
1691 5434833 
1692 5434833 
1693 5434833 
1694 5434833 
1695 5434833 
1696 5434833 
1697 5434833 
1698 5434833 
1699 5434833 
1700 5434833 
1701 5434833 
1702 5434833 
1703 5434833 
1704 5434833 
1705 5434833 
1706 5434833 
1707 5434833 
1708 5434833 
1709 5434833 
1710 5434833 
1711 5434833 
1712 5434833 
1713 5434833 
1714 5434833 
1715 5434833 
1716 5434833 
1717 5434833 
1718 5434833 
1719 5434833 
1720 5434833 
1721 5434833 
1722 5434833 
1723 5434833 
1724 5434833 
1725 5434833 
1726 5434833 
1727 5434833 
1728 5434833 
1729 5434833 
1730 5434833 
1731 5434833 
1732 5434833 
1733 5434833 
1734 5434833 
1735 5434833 
1736 5434833 
1737 5434833 
1738 5434833 
1739 5434833 
1740 5434833 
1741 5434833 
1742 5434833 
1743 5434833 
1744 5434833 
1745 5434833 
1746 5434833 
1747 5434833 
1748 5434833 
1749 5434833 
1750 5434833 
1751 5434833 
1752 5434833 
1753 5434833 
1754 5434833 
1755 5434833 
1756 5434833 
1757 5434833 
1758 5434833 
1759 5434833 
1760 5434833 
1761 5434833 
1762 5434833 
1763 5434833 
1764 5434833 
1765 5434833 
1766 5434833 
1767 5434833 
1768 5434833 
1769 5434833 
1770 5434833 
1771 5434833 
1772 5434833 
1773 5434833 
1774 5434833 
1775 5434833 
1776 5434833 
1777 5434833 
1778 5434833 
1779 5434833 
1780 5434833 
1781 5434833 
1782 5434833 
1783 5434833 
1784 5434833 
1785 5434833 
1786 5434833 
1787 5434833 
1788 5434833 
1789 5434833 
1790 5434833 
1791 5434833 
1792 5434833 
1793 5434833 
1794 5434833 
1795 5434833 
1796 5434833 
1797 5434833 
1798 5434833 
1799 5434833 
1800 5434833 
1801 5434833 
1802 5434833 
1803 5434833 
1804 5434833 
1805 5434833 
1806 5434833 
1807 5434833 
1808 5434833 
1809 5434833 
1810 5434833 
1811 5434833 
1812 5434833 
1813 5434833 
1814 5434833 
1815 5434833 
1816 5434833 
1817 5434833 
1818 5434833 
1819 5434833 
1820 5434833 
1821 5434833 
1822 5434833 
1823 5434833 
1824 5434833 
1825 5434833 
1826 5434833 
1827 5434833 
1828 5434833 
1829 5434833 
1830 5434833 
1831 5434833 
1832 5434833 
1833 5434833 
1834 5434833 
1835 5434833 
1836 5434833 
1837 5434833 
1838 5434833 
1839 5434833 
1840 5434833 
1841 5434833 
1842 5434833 
1843 5434833 
1844 5434833 
1845 5434833 
1846 5434833 
1847 5434833 
1848 5434833 
1849 5434833 
1850 5434833 
1851 5434833 
1852 5434833 
1853 5434833 
1854 5434833 
1855 5434833 
1856 5434833 
1857 5434833 
1858 5434833 
1859 5434833 
1860 5434833 
1861 5434833 
1862 5434833 
1863 5434833 
1864 5434833 
1865 5434833 
1866 5434833 
1867 5434833 
1868 5434833 
1869 5434833 
1870 5434833 
1871 5434833 
1872 5434833 
1873 5434833 
1874 5434833 
1875 5434833 
1876 5434833 
1877 5434833 
1878 5434833 
1879 5434833 
1880 5434833 
1881 5434833 
1882 5434833 
1883 5434833 
1884 5434833 
1885 5434833 
1886 5434833 
1887 5434833 
1888 5434833 
1889 5434833 
1890 5434833 
1891 5434833 
1892 5434833 
1893 5434833 
1894 5434833 
1895 5434833 
1896 5434833 
1897 5434833 
1898 5434833 
1899 5434833 
1900 5434833 
1901 5434833 
1902 5434833 
1903 5434833 
1904 5434833 
1905 5434833 
1906 5434833 
1907 5434833 
1908 5434833 
1909 5434833 
1910 5434833 
1911 5434833 
1912 5434833 
1913 5434833 
1914 5434833 
1915 5434833 
1916 5434833 
1917 5434833 
1918 5434833 
1919 5434833 
1920 5434833 
1921 5434833 
1922 5434833 
1923 5434833 
1924 5434833 
1925 5434833 
1926 5434833 
1927 5434833 
1928 5434833 
1929 5434833 
1930 5434833 
1931 5434833 
1932 5434833 
1933 5434833 
1934 5434833 
1935 5434833 
1936 5434833 
1937 5434833 
1938 5434833 
1939 5434833 
1940 5434833 
1941 5434833 
1942 5434833 
1943 5434833 
1944 5434833 
1945 5434833 
1946 5434833 
1947 5434833 
1948 5434833 
1949 5434833 
1950 5434833 
1951 5434833 
1952 5434833 
1953 5434833 
1954 5434833 
1955 5434833 
1956 5434833 
1957 5434833 
1958 5434833 
1959 5434833 
1960 5434833 
1961 5434833 
1962 5434833 
1963 5434833 
1964 5434833 
1965 5434833 
1966 5434833 
1967 5434833 
1968 5434833 
1969 5434833 
1970 5434833 
1971 5434833 
1972 5434833 
1973 5434833 
1974 5434833 
1975 5434833 
1976 5434833 
1977 5434833 
1978 5434833 
1979 5434833 
1980 5434833 
1981 5434833 
1982 5434833 
1983 5434833 
1984 5434833 
1985 5434833 
1986 5434833 
1987 5434833 
1988 5434833 
1989 5434833 
1990 5434833 
1991 5434833 
1992 5434833 
1993 5434833 
1994 5434833 
1995 5434833 
1996 5434833 
1997 5434833 
1998 5434833 
1999 5434833 
2000 5434833 
2001 5434833 
2002 5434833 
2003 5434833 
2004 5434833 
2005 5434833 
2006 5434833 
2007 5434833 
2008 5434833 
2009 5434833 
2010 5434833 
2011 5434833 
2012 5434833 
2013 5434833 
2014 5434833 
2015 5434833 
2016 5434833 
2017 5434833 
2018 5434833 
2019 5434833 
2020 5434833 
2021 5434833 
2022 5434833 
2023 5434833 
2024 5434833 
2025 5434833 
2026 5434833 
2027 5434833 
2028 5434833 
2029 5434833 
2030 5434833 
2031 5434833 
2032 5434833 
2033 5434833 
2034 5434833 
2035 5434833 
2036 5434833 
2037 5434833 
2038 5434833 
2039 5434833 
2040 5434833 
2041 5434833 
2042 5434833 
2043 5434833 
2044 5434833 
2045 5434833 
2046 5434833 
2047 5434833 
2048 5434833 
2049 5434833 
2050 5434833 
2051 5434833 
2052 5434833 
2053 5434833 
2054 5434833 
2055 5434833 
2056 5434833 
2057 5434833 
2058 5434833 
2059 5434833 
2060 5434833 
2061 5434833 
2062 5434833 
2063 5434833 
2064 5434833 
2065 5434833 
2066 5434833 
2067 5434833 
2068 5434833 
2069 5434833 
2070 5434833 
2071 5434833 
2072 5434833 
2073 5434833 
2074 5434833 
2075 5434833 
2076 5434833 
2077 5434833 
2078 5434833 
2079 5434833 
2080 5434833 
2081 5434833 
2082 5434833 
2083 5434833 
2084 5434833 
2085 5434833 
2086 5434833 
2087 5434833 
2088 5434833 
2089 5434833 
2090 5434833 
2091 5434833 
2092 5434833 
2093 5434833 
2094 5434833 
2095 5434833 
2096 5434833 
2097 5434833 
2098 5434833 
2099 5434833 
2100 5434833 
2101 5434833 
2102 5434833 
2103 5434833 
2104 5434833 
2105 5434833 
2106 5434833 
2107 5434833 
2108 5434833 
2109 5434833 
2110 5434833 
2111 5434833 
2112 5434833 
2113 5434833 
2114 5434833 
2115 5434833 
2116 5434833 
2117 5434833 
2118 5434833 
2119 5434833 
2120 5434833 
2121 5434833 
2122 5434833 
2123 5434833 
2124 5434833 
2125 5434833 
2126 5434833 
2127 5434833 
2128 5434833 
2129 5434833 
2130 5434833 
2131 5434833 
2132 5434833 
2133 5434833 
2134 5434833 
2135 5434833 
2136 5434833 
2137 5434833 
2138 5434833 
2139 5434833 
2140 5434833 
2141 5434833 
2142 5434833 
2143 5434833 
2144 5434833 
2145 5434833 
2146 5434833 
2147 5434833 
2148 5434833 
2149 5434833 
2150 5434833 
2151 5434833 
2152 5434833 
2153 5434833 
2154 5434833 
2155 5434833 
2156 5434833 
2157 5434833 
2158 5434833 
2159 5434833 
2160 5434833 
2161 5434833 
2162 5434833 
2163 5434833 
2164 5434833 
2165 5434833 
2166 5434833 
2167 5434833 
2168 5434833 
2169 5434833 
2170 5434833 
2171 5434833 
2172 5434833 
2173 5434833 
2174 5434833 
2175 5434833 
2176 5434833 
2177 5434833 
2178 5434833 
2179 5434833 
2180 5434833 
2181 5434833 
2182 5434833 
2183 5434833 
2184 5434833 
2185 5434833 
2186 5434833 
2187 5434833 
2188 5434833 
2189 5434833 
2190 5434833 
2191 5434833 
2192 5434833 
2193 5434833 
2194 5434833 
2195 5434833 
2196 5434833 
2197 5434833 
2198 5434833 
2199 5434833 
2200 5434833 
2201 5434833 
2202 5434833 
2203 5434833 
2204 5434833 
2205 5434833 
2206 5434833 
2207 5434833 
2208 5434833 
2209 5434833 
2210 5434833 
2211 5434833 
2212 5434833 
2213 5434833 
2214 5434833 
2215 5434833 
2216 5434833 
2217 5434833 
2218 5434833 
2219 5434833 
2220 5434833 
2221 5434833 
2222 5434833 
2223 5434833 
2224 5434833 
2225 5434833 
2226 5434833 
2227 5434833 
2228 5434833 
2229 5434833 
2230 5434833 
2231 5434833 
2232 5434833 
2233 5434833 
2234 5434833 
2235 5434833 
2236 5434833 
2237 5434833 
2238 5434833 
2239 5434833 
2240 5434833 
2241 5434833 
2242 5434833 
2243 5434833 
2244 5434833 
2245 5434833 
2246 5434833 
2247 5434833 
2248 5434833 
2249 5434833 
2250 5434833 
2251 5434833 
2252 5434833 
2253 5434833 
2254 5434833 
2255 5434833 
2256 5434833 
2257 5434833 
2258 5434833 
2259 5434833 
2260 5434833 
2261 5434833 
2262 5434833 
2263 5434833 
2264 5434833 
2265 5434833 
2266 5434833 
2267 5434833 
2268 5434833 
2269 5434833 
2270 5434833 
2271 5434833 
2272 5434833 
2273 5434833 
2274 5434833 
2275 5434833 
2276 5434833 
2277 5434833 
2278 5434833 
2279 5434833 
2280 5434833 
2281 5434833 
2282 5434833 
2283 5434833 
2284 5434833 
2285 5434833 
2286 5434833 
2287 5434833 
2288 5434833 
2289 5434833 
2290 5434833 
2291 5434833 
2292 5434833 
2293 5434833 
2294 5434833 
2295 5434833 
2296 5434833 
2297 5434833 
2298 5434833 
2299 5434833 
2300 5434833 
2301 5434833 
2302 5434833 
2303 5434833 
2304 5434833 
2305 5434833 
2306 5434833 
2307 5434833 
2308 5434833 
2309 5434833 
2310 5434833 
2311 5434833 
2312 5434833 
2313 5434833 
2314 5434833 
2315 5434833 
2316 5434833 
2317 5434833 
2318 5434833 
2319 5434833 
2320 5434833 
2321 5434833 
2322 5434833 
2323 5434833 
2324 5434833 
2325 5434833 
2326 5434833 
2327 5434833 
2328 5434833 
2329 5434833 
2330 5434833 
2331 5434833 
2332 5434833 
2333 5434833 
2334 5434833 
2335 5434833 
2336 5434833 
2337 5434833 
2338 5434833 
2339 5434833 
2340 5434833 
2341 5434833 
2342 5434833 
2343 5434833 
2344 5434833 
2345 5434833 
2346 5434833 
2347 5434833 
2348 5434833 
2349 5434833 
2350 5434833 
2351 5434833 
2352 5434833 
2353 5434833 
2354 5434833 
2355 5434833 
2356 5434833 
2357 5434833 
2358 5434833 
2359 5434833 
2360 5434833 
2361 5434833 
2362 5434833 
2363 5434833 
2364 5434833 
2365 5434833 
2366 5434833 
2367 5434833 
2368 5434833 
2369 5434833 
2370 5434833 
2371 5434833 
2372 5434833 
2373 5434833 
2374 5434833 
2375 5434833 
2376 5434833 
2377 5434833 
2378 5434833 
2379 5434833 
2380 5434833 
2381 5434833 
2382 5434833 
2383 5434833 
2384 5434833 
2385 5434833 
2386 5434833 
2387 5434833 
2388 5434833 
2389 5434833 
2390 5434833 
2391 5434833 
2392 5434833 
2393 5434833 
2394 5434833 
2395 5434833 
2396 5434833 
2397 5434833 
2398 5434833 
2399 5434833 
2400 5434833 
2401 5434833 
2402 5434833 
2403 5434833 
2404 5434833 
2405 5434833 
2406 5434833 
2407 5434833 
2408 5434833 
2409 5434833 
2410 5434833 
2411 5434833 
2412 5434833 
2413 5434833 
2414 5434833 
2415 5434833 
2416 5434833 
2417 5434833 
2418 5434833 
2419 5434833 
2420 5434833 
2421 5434833 
2422 5434833 
2423 5434833 
2424 5434833 
2425 5434833 
2426 5434833 
2427 5434833 
2428 5434833 
2429 5434833 
2430 5434833 
2431 5434833 
2432 5434833 
2433 5434833 
2434 5434833 
2435 5434833 
2436 5434833 
2437 5434833 
2438 5434833 
2439 5434833 
2440 5434833 
2441 5434833 
2442 5434833 
2443 5434833 
2444 5434833 
2445 5434833 
2446 5434833 
2447 5434833 
2448 5434833 
2449 5434833 
2450 5434833 
2451 5434833 
2452 5434833 
2453 5434833 
2454 5434833 
2455 5434833 
2456 5434833 
2457 5434833 
2458 5434833 
2459 5434833 
2460 5434833 
2461 5434833 
2462 5434833 
2463 5434833 
2464 5434833 
2465 5434833 
2466 5434833 
2467 5434833 
2468 5434833 
2469 5434833 
2470 5434833 
2471 5434833 
2472 5434833 
2473 5434833 
2474 5434833 
2475 5434833 
2476 5434833 
2477 5434833 
2478 5434833 
2479 5434833 
2480 5434833 
2481 5434833 
2482 5434833 
2483 5434833 
2484 5434833 
2485 5434833 
2486 5434833 
2487 5434833 
2488 5434833 
2489 5434833 
2490 5434833 
2491 5434833 
2492 5434833 
2493 5434833 
2494 5434833 
2495 5434833 
2496 5434833 
2497 5434833 
2498 5434833 
2499 5434833 
2500 5434833 
2501 5434833 
2502 5434833 
2503 5434833 
2504 5434833 
2505 5434833 
2506 5434833 
2507 5434833 
2508 5434833 
2509 5434833 
2510 5434833 
2511 5434833 
2512 5434833 
2513 5434833 
2514 5434833 
2515 5434833 
2516 5434833 
2517 5434833 
2518 5434833 
2519 5434833 
2520 5434833 
2521 5434833 
2522 5434833 
2523 5434833 
2524 5434833 
2525 5434833 
2526 5434833 
2527 5434833 
2528 5434833 
2529 5434833 
2530 5434833 
2531 5434833 
2532 5434833 
2533 5434833 
2534 5434833 
2535 5434833 
2536 5434833 
2537 5434833 
2538 5434833 
2539 5434833 
2540 5434833 
2541 5434833 
2542 5434833 
2543 5434833 
2544 5434833 
2545 5434833 
2546 5434833 
2547 5434833 
2548 5434833 
2549 5434833 
2550 5434833 
2551 5434833 
2552 5434833 
2553 5434833 
2554 5434833 
2555 5434833 
2556 5434833 
2557 5434833 
2558 5434833 
2559 5434833 
2560 5434833 
2561 5434833 
2562 5434833 
2563 5434833 
2564 5434833 
2565 5434833 
2566 5434833 
2567 5434833 
2568 5434833 
2569 5434833 
2570 5434833 
2571 5434833 
2572 5434833 
2573 5434833 
2574 5434833 
2575 5434833 
2576 5434833 
2577 5434833 
2578 5434833 
2579 5434833 
2580 5434833 
2581 5434833 
2582 5434833 
2583 5434833 
2584 5434833 
2585 5434833 
2586 5434833 
2587 5434833 
2588 5434833 
2589 5434833 
2590 5434833 
2591 5434833 
2592 5434833 
2593 5434833 
2594 5434833 
2595 5434833 
2596 5434833 
2597 5434833 
2598 5434833 
2599 5434833 
2600 5434833 
2601 5434833 
2602 5434833 
2603 5434833 
2604 5434833 
2605 5434833 
2606 5434833 
2607 5434833 
2608 5434833 
2609 5434833 
2610 5434833 
2611 5434833 
2612 5434833 
2613 5434833 
2614 5434833 
2615 5434833 
2616 5434833 
2617 5434833 
2618 5434833 
2619 5434833 
2620 5434833 
2621 5434833 
2622 5434833 
2623 5434833 
2624 5434833 
2625 5434833 
2626 5434833 
2627 5434833 
2628 5434833 
2629 5434833 
2630 5434833 
2631 5434833 
2632 5434833 
2633 5434833 
2634 5434833 
2635 5434833 
2636 5434833 
2637 5434833 
2638 5434833 
2639 5434833 
2640 5434833 
2641 5434833 
2642 5434833 
2643 5434833 
2644 5434833 
2645 5434833 
2646 5434833 
2647 5434833 
2648 5434833 
2649 5434833 
2650 5434833 
2651 5434833 
2652 5434833 
2653 5434833 
2654 5434833 
2655 5434833 
2656 5434833 
2657 5434833 
2658 5434833 
2659 5434833 
2660 5434833 
2661 5434833 
2662 5434833 
2663 5434833 
2664 5434833 
2665 5434833 
2666 5434833 
2667 5434833 
2668 5434833 
2669 5434833 
2670 5434833 
2671 5434833 
2672 5434833 
2673 5434833 
2674 5434833 
2675 5434833 
2676 5434833 
2677 5434833 
2678 5434833 
2679 5434833 
2680 5434833 
2681 5434833 
2682 5434833 
2683 5434833 
2684 5434833 
2685 5434833 
2686 5434833 
2687 5434833 
2688 5434833 
2689 5434833 
2690 5434833 
2691 5434833 
2692 5434833 
2693 5434833 
2694 5434833 
2695 5434833 
2696 5434833 
2697 5434833 
2698 5434833 
2699 5434833 
2700 5434833 
2701 5434833 
2702 5434833 
2703 5434833 
2704 5434833 
2705 5434833 
2706 5434833 
2707 5434833 
2708 5434833 
2709 5434833 
2710 5434833 
2711 5434833 
2712 5434833 
2713 5434833 
2714 5434833 
2715 5434833 
2716 5434833 
2717 5434833 
2718 5434833 
2719 5434833 
2720 5434833 
2721 5434833 
2722 5434833 
2723 5434833 
2724 5434833 
2725 5434833 
2726 5434833 
2727 5434833 
2728 5434833 
2729 5434833 
2730 5434833 
2731 5434833 
2732 5434833 
2733 5434833 
2734 5434833 
2735 5434833 
2736 5434833 
2737 5434833 
2738 5434833 
2739 5434833 
2740 5434833 
2741 5434833 
2742 5434833 
2743 5434833 
2744 5434833 
2745 5434833 
2746 5434833 
2747 5434833 
2748 5434833 
2749 5434833 
2750 5434833 
2751 5434833 
2752 5434833 
2753 5434833 
2754 5434833 
2755 5434833 
2756 5434833 
2757 5434833 
2758 5434833 
2759 5434833 
2760 5434833 
2761 5434833 
2762 5434833 
2763 5434833 
2764 5434833 
2765 5434833 
2766 5434833 
2767 5434833 
2768 5434833 
2769 5434833 
2770 5434833 
2771 5434833 
2772 5434833 
2773 5434833 
2774 5434833 
2775 5434833 
2776 5434833 
2777 5434833 
2778 5434833 
2779 5434833 
2780 5434833 
2781 5434833 
2782 5434833 
2783 5434833 
2784 5434833 
2785 5434833 
2786 5434833 
2787 5434833 
2788 5434833 
2789 5434833 
2790 5434833 
2791 5434833 
2792 5434833 
2793 5434833 
2794 5434833 
2795 5434833 
2796 5434833 
2797 5434833 
2798 5434833 
2799 5434833 
2800 5434833 
2801 5434833 
2802 5434833 
2803 5434833 
2804 5434833 
2805 5434833 
2806 5434833 
2807 5434833 
2808 5434833 
2809 5434833 
2810 5434833 
2811 5434833 
2812 5434833 
2813 5434833 
2814 5434833 
2815 5434833 
2816 5434833 
2817 5434833 
2818 5434833 
2819 5434833 
2820 5434833 
2821 5434833 
2822 5434833 
2823 5434833 
2824 5434833 
2825 5434833 
2826 5434833 
2827 5434833 
2828 5434833 
2829 5434833 
2830 5434833 
2831 5434833 
2832 5434833 
2833 5434833 
2834 5434833 
2835 5434833 
2836 5434833 
2837 5434833 
2838 5434833 
2839 5434833 
2840 5434833 
2841 5434833 
2842 5434833 
2843 5434833 
2844 5434833 
2845 5434833 
2846 5434833 
2847 5434833 
2848 5434833 
2849 5434833 
2850 5434833 
2851 5434833 
2852 5434833 
2853 5434833 
2854 5434833 
2855 5434833 
2856 5434833 
2857 5434833 
2858 5434833 
2859 5434833 
2860 5434833 
2861 5434833 
2862 5434833 
2863 5434833 
2864 5434833 
2865 5434833 
2866 5434833 
2867 5434833 
2868 5434833 
2869 5434833 
2870 5434833 
2871 5434833 
2872 5434833 
2873 5434833 
2874 5434833 
2875 5434833 
2876 5434833 
2877 5434833 
2878 5434833 
2879 5434833 
2880 5434833 
2881 5434833 
2882 5434833 
2883 5434833 
2884 5434833 
2885 5434833 
2886 5434833 
2887 5434833 
2888 5434833 
2889 5434833 
2890 5434833 
2891 5434833 
2892 5434833 
2893 5434833 
2894 5434833 
2895 5434833 
2896 5434833 
2897 5434833 
2898 5434833 
2899 5434833 
2900 5434833 
2901 5434833 
2902 5434833 
2903 5434833 
2904 5434833 
2905 5434833 
2906 5434833 
2907 5434833 
2908 5434833 
2909 5434833 
2910 5434833 
2911 5434833 
2912 5434833 
2913 5434833 
2914 5434833 
2915 5434833 
2916 5434833 
2917 5434833 
2918 5434833 
2919 5434833 
2920 5434833 
2921 5434833 
2922 5434833 
2923 5434833 
2924 5434833 
2925 5434833 
2926 5434833 
2927 5434833 
2928 5434833 
2929 5434833 
2930 5434833 
2931 5434833 
2932 5434833 
2933 5434833 
2934 5434833 
2935 5434833 
2936 5434833 
2937 5434833 
2938 5434833 
2939 5434833 
2940 5434833 
2941 5434833 
2942 5434833 
2943 5434833 
2944 5434833 

