0 11042731 
1 11007167 
2 11000943 
3 10998586 
4 10995480 
5 10988093 
6 10982790 
7 10980821 
8 10977734 
9 10977265 
10 10975701 
11 10971010 
12 10948376 
13 10947089 
14 10944156 
15 10919330 
16 10919072 
17 10896683 
18 10894197 
19 10893973 
20 10893385 
21 10893342 
22 10893079 
23 10892084 
24 10891621 
25 10891397 
26 10890741 
27 10859853 
28 10859703 
29 10859108 
30 10858617 
31 10845231 
32 10839204 
33 10835176 
34 10834679 
35 10826548 
36 10824545 
37 10820203 
38 10819315 
39 10815398 
40 10813716 
41 10808459 
42 10808400 
43 10806185 
44 10805372 
45 10805329 
46 10804229 
47 10801588 
48 10801186 
49 10800466 
50 10790275 
51 10782969 
52 10703658 
53 10703451 
54 10702984 
55 10700962 
56 10700189 
57 10664164 
58 10663980 
59 10659925 
60 10654906 
61 10654341 
62 10653880 
63 10646156 
64 10644167 
65 10642687 
66 10642508 
67 10641638 
68 10641503 
69 10639684 
70 10639490 
71 10638012 
72 10637713 
73 10636029 
74 10636029 
75 10635988 
76 10633785 
77 10629218 
78 10629151 
79 10628852 
80 10628800 
81 10618935 
82 10616978 
83 10602582 
84 10600890 
85 10599343 
86 10585012 
87 10581130 
88 10576521 
89 10576225 
90 10575663 
91 10572490 
92 10571327 
93 10569668 
94 10569024 
95 10567411 
96 10567251 
97 10564677 
98 10563137 
99 10558309 
100 10557134 
101 10547884 
102 10545292 
103 10545030 
104 10541210 
105 10541120 
106 10539586 
107 10537533 
108 10536930 
109 10535755 
110 10524137 
111 10523535 
112 10523286 
113 10521095 
114 10520805 
115 10519453 
116 10518784 
117 10515926 
118 10515174 
119 10514244 
120 10512750 
121 10510110 
122 10509989 
123 10509760 
124 10507420 
125 10506276 
126 10502015 
127 10502008 
128 10501825 
129 10500336 
130 10498922 
131 10498177 
132 10498153 
133 10498137 
134 10495812 
135 10495788 
136 10495605 
137 10492501 
138 10492456 
139 10476916 
140 10475040 
141 10471986 
142 10471805 
143 10471579 
144 10469829 
145 10467852 
146 10463354 
147 10461805 
148 10457377 
149 10456778 
150 10456134 
151 10453131 
152 10449847 
153 10449240 
154 10447608 
155 10437187 
156 10436912 
157 10435793 
158 10426846 
159 10425037 
160 10419435 
161 10418908 
162 10418835 
163 10418495 
164 10414899 
165 10414653 
166 10412636 
167 10411746 
168 10411418 
169 10410718 
170 10410022 
171 10408906 
172 10408632 
173 10405109 
174 10404977 
175 10404635 
176 10403381 
177 10397979 
178 10397252 
179 10397252 
180 10397092 
181 10393378 
182 10393209 
183 10392576 
184 10392226 
185 10390861 
186 10387047 
187 10386705 
188 10385594 
189 10383749 
190 10379259 
191 10379208 
192 10379003 
193 10378265 
194 10376686 
195 10376273 
196 10371923 
197 10371471 
198 10371471 
199 10369651 
200 10367647 
201 10367544 
202 10366863 
203 10363146 
204 10361656 
205 10352611 
206 10352516 
207 10352441 
208 10351661 
209 10351616 
210 10350731 
211 10348911 
212 10348835 
213 10348055 
214 10348014 
215 10347508 
216 10339743 
217 10332742 
218 10330179 
219 10326780 
220 10325371 
221 10325318 
222 10324337 
223 10324337 
224 10319366 
225 10317548 
226 10317388 
227 10315879 
228 10314446 
229 10312846 
230 10312446 
231 10309105 
232 10308962 
233 10308936 
234 10307380 
235 10302837 
236 10300584 
237 10300543 
238 10300133 
239 10299195 
240 10298842 
241 10297090 
242 10293385 
243 10293285 
244 10291010 
245 10279319 
246 10278444 
247 10277881 
248 10277153 
249 10276580 
250 10276277 
251 10274872 
252 10274602 
253 10274538 
254 10274485 
255 10273725 
256 10273705 
257 10273220 
258 10270145 
259 10270125 
260 10270056 
261 10270056 
262 10269716 
263 10268305 
264 10266953 
265 10263227 
266 10263151 
267 10259719 
268 10258539 
269 10257181 
270 10255235 
271 10255235 
272 10255202 
273 10243609 
274 10243487 
275 10241872 
276 10238844 
277 10238810 
278 10235304 
279 10234052 
280 10234039 
281 10203979 
282 10203899 
283 10203884 
284 10200409 
285 10194993 
286 10185957 
287 10181994 
288 10181994 
289 10181623 
290 10180843 
291 10179982 
292 10178416 
293 10177503 
294 10176599 
295 10176367 
296 10175461 
297 10175195 
298 10174690 
299 10174690 
300 10174316 
301 10174270 
302 10173082 
303 10172575 
304 10172575 
305 10172060 
306 10170261 
307 10170261 
308 10169984 
309 10169579 
310 10169579 
311 10169422 
312 10166590 
313 10148655 
314 10148321 
315 10147889 
316 10147049 
317 10146312 
318 10141409 
319 10141355 
320 10139835 
321 10139777 
322 10139406 
323 10139406 
324 10139242 
325 10139172 
326 10139127 
327 10139127 
328 10138378 
329 10138378 
330 10138353 
331 10138353 
332 10138132 
333 10137856 
334 10137814 
335 10133814 
336 10133520 
337 10132371 
338 10132365 
339 10131688 
340 10131253 
341 10130917 
342 10130301 
343 10129984 
344 10129109 
345 10129074 
346 10128754 
347 10128728 
348 10128080 
349 10126643 
350 10126571 
351 10125831 
352 10122627 
353 10122611 
354 10122021 
355 10122021 
356 10122001 
357 10121959 
358 10121404 
359 10121404 
360 10121404 
361 10121404 
362 10121197 
363 10121197 
364 10120984 
365 10120186 
366 10120186 
367 10120186 
368 10120186 
369 10120186 
370 10119559 
371 10119559 
372 10119559 
373 10119559 
374 10119559 
375 10119559 
376 10119559 
377 10119559 
378 10119559 
379 10119559 
380 10119559 
381 10119559 
382 10119559 
383 10119559 
384 10119559 
385 10119559 
386 10119559 
387 10119559 
388 10119559 
389 10119559 
390 10119559 
391 10119559 
392 10119559 
393 10119559 
394 10119559 
395 10119559 
396 10119559 
397 10119559 
398 10119559 
399 10119559 
400 10119559 
401 10119559 
402 10119559 
403 10119559 
404 10119559 
405 10119559 
406 10119559 
407 10119559 
408 10119559 
409 10119559 
410 10119559 
411 10119559 
412 10119559 
413 10119559 
414 10119559 
415 10119559 
416 10119559 
417 10119559 
418 10119559 
419 10119559 
420 10119559 
421 10119559 
422 10119559 
423 10119559 
424 10119559 
425 10119559 
426 10119559 
427 10119559 
428 10119559 
429 10119559 
430 10119559 
431 10119559 
432 10119559 
433 10119559 
434 10119559 
435 10119559 
436 10119559 
437 10119559 
438 10119559 
439 10119559 
440 10119559 
441 10119559 
442 10119559 
443 10119559 
444 10119559 
445 10119559 
446 10119559 
447 10119559 
448 10119559 
449 10119559 
450 10119559 
451 10119559 
452 10119559 
453 10119559 
454 10119559 
455 10119559 
456 10119559 
457 10119559 
458 10119559 
459 10119559 
460 10119559 
461 10119559 
462 10119559 
463 10119559 
464 10119559 
465 10119559 
466 10119559 
467 10119559 
468 10119559 
469 10119559 
470 10119559 
471 10119559 
472 10119559 
473 10119559 
474 10119559 
475 10119559 
476 10119559 
477 10119559 
478 10119559 
479 10119559 
480 10119559 
481 10119559 
482 10119559 
483 10119559 
484 10119559 
485 10119559 
486 10119559 
487 10119559 
488 10119559 
489 10119559 
490 10119559 
491 10119559 
492 10119559 
493 10119559 
494 10119559 
495 10119559 
496 10119559 
497 10119559 
498 10119559 
499 10119559 
500 10119559 
501 10119559 
502 10119559 
503 10119559 
504 10119559 
505 10119559 
506 10119559 
507 10119559 
508 10119559 
509 10119559 
510 10119559 
511 10119559 
512 10119559 
513 10119559 
514 10119559 
515 10119559 
516 10119559 
517 10119559 
518 10119559 
519 10119559 
520 10119559 
521 10119559 
522 10119559 
523 10119559 
524 10119559 
525 10119559 
526 10119559 
527 10119559 
528 10119559 
529 10119559 
530 10119559 
531 10119559 
532 10119559 
533 10119559 
534 10119559 
535 10119559 
536 10119559 
537 10119559 
538 10119559 
539 10119559 
540 10119559 
541 10119559 
542 10119559 
543 10119559 
544 10119559 
545 10119559 
546 10119559 
547 10119559 
548 10119559 
549 10119559 
550 10119559 
551 10119559 
552 10119559 
553 10119559 
554 10119559 
555 10119559 
556 10119559 
557 10119559 
558 10119559 
559 10119559 
560 10119559 
561 10119559 
562 10119559 
563 10119559 
564 10119559 
565 10119559 
566 10119559 
567 10119559 
568 10119559 
569 10119559 
570 10119559 
571 10119559 
572 10119559 
573 10119559 
574 10119559 
575 10119559 
576 10119559 
577 10119559 
578 10119559 
579 10119559 
580 10119559 
581 10119559 
582 10119559 
583 10119559 
584 10119559 
585 10119559 
586 10119559 
587 10119559 
588 10119559 
589 10119559 
590 10119559 
591 10119559 
592 10119559 
593 10119559 
594 10119559 
595 10119559 
596 10119559 
597 10119559 
598 10119559 
599 10119559 
600 10119559 
601 10119559 
602 10119559 
603 10119559 
604 10119559 
605 10119559 
606 10119559 
607 10119559 
608 10119559 
609 10119559 
610 10119559 
611 10119559 
612 10119559 
613 10119559 
614 10119559 
615 10119559 
616 10119559 
617 10119559 
618 10119559 
619 10119559 
620 10119559 
621 10119559 
622 10119559 
623 10119559 
624 10119559 
625 10119559 
626 10119559 
627 10119559 
628 10119559 
629 10119559 
630 10119559 
631 10119559 
632 10119559 
633 10119559 
634 10119559 
635 10119559 
636 10119559 
637 10119559 
638 10119559 
639 10119559 
640 10119559 
641 10119559 
642 10119559 
643 10119559 
644 10119559 
645 10119559 
646 10119559 
647 10119559 
648 10119559 
649 10119559 
650 10119559 
651 10119559 
652 10119559 
653 10119559 
654 10119559 
655 10119559 
656 10119559 
657 10119559 
658 10119559 
659 10119559 
660 10119559 
661 10119559 
662 10119559 
663 10119559 
664 10119559 
665 10119559 
666 10119559 
667 10119559 
668 10119559 
669 10119559 
670 10119559 
671 10119559 
672 10119559 
673 10119559 
674 10119559 
675 10119559 
676 10119559 
677 10119559 
678 10119559 
679 10119559 
680 10119559 
681 10119559 
682 10119559 
683 10119559 
684 10119559 
685 10119559 
686 10119559 
687 10119559 
688 10119559 
689 10119559 
690 10119559 
691 10119559 
692 10119559 
693 10119559 
694 10119559 
695 10119559 
696 10119559 
697 10119559 
698 10119559 
699 10119559 
700 10119559 
701 10119559 
702 10119559 
703 10119559 
704 10119559 
705 10119559 
706 10119559 
707 10119559 
708 10119559 
709 10119559 
710 10119559 
711 10119559 
712 10119559 
713 10119559 
714 10119559 
715 10119559 
716 10119559 
717 10119559 
718 10119559 
719 10119559 
720 10119559 
721 10119559 
722 10119559 
723 10119559 
724 10119559 
725 10119559 
726 10119559 
727 10119559 
728 10119559 
729 10119559 
730 10119559 
731 10119559 
732 10119559 
733 10119559 
734 10119559 
735 10119559 
736 10119559 
737 10119559 
738 10119559 
739 10119559 
740 10119559 
741 10119559 
742 10119559 
743 10119559 
744 10119559 
745 10119559 
746 10119559 
747 10119559 
748 10119559 
749 10119559 
750 10119559 
751 10119559 
752 10119559 
753 10119559 
754 10119559 
755 10119559 
756 10119559 
757 10119559 
758 10119559 
759 10119559 
760 10119559 
761 10119559 
762 10119559 
763 10119559 
764 10119559 
765 10119559 
766 10119559 
767 10119559 
768 10119559 
769 10119559 
770 10119559 
771 10119559 
772 10119559 
773 10119559 
774 10119559 
775 10119559 
776 10119559 
777 10119559 
778 10119559 
779 10119559 
780 10119559 
781 10119559 
782 10119559 
783 10119559 
784 10119559 
785 10119559 
786 10119559 
787 10119559 
788 10119559 
789 10119559 
790 10119559 
791 10119559 
792 10119559 
793 10119559 
794 10119559 
795 10119559 
796 10119559 
797 10119559 
798 10119559 
799 10119559 
800 10119559 
801 10119559 
802 10119559 
803 10119559 
804 10119559 
805 10119559 
806 10119559 
807 10119559 
808 10119559 
809 10119559 
810 10119559 
811 10119559 
812 10119559 
813 10119559 
814 10119559 
815 10119559 
816 10119559 
817 10119559 
818 10119559 
819 10119559 
820 10119559 
821 10119559 
822 10119559 
823 10119559 
824 10119559 
825 10119559 
826 10119559 
827 10119559 
828 10119559 
829 10119559 
830 10119559 
831 10119559 
832 10119559 
833 10119559 
834 10119559 
835 10119559 
836 10119559 
837 10119559 
838 10119559 
839 10119559 
840 10119559 
841 10119559 
842 10119559 
843 10119559 
844 10119559 
845 10119559 
846 10119559 
847 10119559 
848 10119559 
849 10119559 
850 10119559 
851 10119559 
852 10119559 
853 10119559 
854 10119559 
855 10119559 
856 10119559 
857 10119559 
858 10119559 
859 10119559 
860 10119559 
861 10119559 
862 10119559 
863 10119559 
864 10119559 
865 10119559 
866 10119559 
867 10119559 
868 10119559 
869 10119559 
870 10119559 
871 10119559 
872 10119559 
873 10119559 
874 10119559 
875 10119559 
876 10119559 
877 10119559 
878 10119559 
879 10119559 
880 10119559 
881 10119559 
882 10119559 
883 10119559 
884 10119559 
885 10119559 
886 10119559 
887 10119559 
888 10119559 
889 10119559 
890 10119559 
891 10119559 
892 10119559 
893 10119559 
894 10119559 
895 10119559 
896 10119559 
897 10119559 
898 10119559 
899 10119559 
900 10119559 
901 10119559 
902 10119559 
903 10119559 
904 10119559 
905 10119559 
906 10119559 
907 10119559 
908 10119559 
909 10119559 
910 10119559 
911 10119559 
912 10119559 
913 10119559 
914 10119559 
915 10119559 
916 10119559 
917 10119559 
918 10119559 
919 10119559 
920 10119559 
921 10119559 
922 10119559 
923 10119559 
924 10119559 
925 10119559 
926 10119559 
927 10119559 
928 10119559 
929 10119559 
930 10119559 
931 10119559 
932 10119559 
933 10119559 
934 10119559 
935 10119559 
936 10119559 
937 10119559 
938 10119559 
939 10119559 
940 10119559 
941 10119559 
942 10119559 
943 10119559 
944 10119559 
945 10119559 
946 10119559 
947 10119559 
948 10119559 
949 10119559 
950 10119559 
951 10119559 
952 10119559 
953 10119559 
954 10119559 
955 10119559 
956 10119559 
957 10119559 
958 10119559 
959 10119559 
960 10119559 
961 10119559 
962 10119559 
963 10119559 
964 10119559 
965 10119559 
966 10119559 
967 10119559 
968 10119559 
969 10119559 
970 10119559 
971 10119559 
972 10119559 
973 10119559 
974 10119559 
975 10119559 
976 10119559 
977 10119559 
978 10119559 
979 10119559 
980 10119559 
981 10119559 
982 10119559 
983 10119559 
984 10119559 
985 10119559 
986 10119559 
987 10119559 
988 10119559 
989 10119559 
990 10119559 
991 10119559 
992 10119559 
993 10119559 
994 10119559 
995 10119559 
996 10119559 
997 10119559 
998 10119559 
999 10119559 
1000 10119559 
1001 10119559 
1002 10119559 
1003 10119559 
1004 10119559 
1005 10119559 
1006 10119559 
1007 10119559 
1008 10119559 
1009 10119559 
1010 10119559 
1011 10119559 
1012 10119559 
1013 10119559 
1014 10119559 
1015 10119559 
1016 10119559 
1017 10119559 
1018 10119559 
1019 10119559 
1020 10119559 
1021 10119559 
1022 10119559 
1023 10119559 
1024 10119559 
1025 10119559 
1026 10119559 
1027 10119559 
1028 10119559 
1029 10119559 
1030 10119559 
1031 10119559 
1032 10119559 
1033 10119559 
1034 10119559 
1035 10119559 
1036 10119559 
1037 10119559 
1038 10119559 
1039 10119559 
1040 10119559 
1041 10119559 
1042 10119559 
1043 10119559 
1044 10119559 
1045 10119559 
1046 10119559 
1047 10119559 
1048 10119559 
1049 10119559 
1050 10119559 
1051 10119559 
1052 10119559 
1053 10119559 
1054 10119559 
1055 10119559 
1056 10119559 
1057 10119559 
1058 10119559 
1059 10119559 
1060 10119559 
1061 10119559 
1062 10119559 
1063 10119559 
1064 10119559 
1065 10119559 
1066 10119559 
1067 10119559 
1068 10119559 
1069 10119559 
1070 10119559 
1071 10119559 
1072 10119559 
1073 10119559 
1074 10119559 
1075 10119559 
1076 10119559 
1077 10119559 
1078 10119559 
1079 10119559 
1080 10119559 
1081 10119559 
1082 10119559 
1083 10119559 
1084 10119559 
1085 10119559 
1086 10119559 
1087 10119559 
1088 10119559 
1089 10119559 
1090 10119559 
1091 10119559 
1092 10119559 
1093 10119559 
1094 10119559 
1095 10119559 
1096 10119559 
1097 10119559 
1098 10119559 
1099 10119559 
1100 10119559 
1101 10119559 
1102 10119559 
1103 10119559 
1104 10119559 
1105 10119559 
1106 10119559 
1107 10119559 
1108 10119559 
1109 10119559 
1110 10119559 
1111 10119559 
1112 10119559 
1113 10119559 
1114 10119559 
1115 10119559 
1116 10119559 
1117 10119559 
1118 10119559 
1119 10119559 
1120 10119559 
1121 10119559 
1122 10119559 
1123 10119559 
1124 10119559 
1125 10119559 
1126 10119559 
1127 10119559 
1128 10119559 
1129 10119559 
1130 10119559 
1131 10119559 
1132 10119559 
1133 10119559 
1134 10119559 
1135 10119559 
1136 10119559 
1137 10119559 
1138 10119559 
1139 10119559 
1140 10119559 
1141 10119559 
1142 10119559 
1143 10119559 
1144 10119559 
1145 10119559 
1146 10119559 
1147 10119559 
1148 10119559 
1149 10119559 
1150 10119559 
1151 10119559 
1152 10119559 
1153 10119559 
1154 10119559 
1155 10119559 
1156 10119559 
1157 10119559 
1158 10119559 
1159 10119559 
1160 10119559 
1161 10119559 
1162 10119559 
1163 10119559 
1164 10119559 
1165 10119559 
1166 10119559 
1167 10119559 
1168 10119559 
1169 10119559 
1170 10119559 
1171 10119559 
1172 10119559 
1173 10119559 
1174 10119559 
1175 10119559 
1176 10119559 
1177 10119559 
1178 10119559 
1179 10119559 
1180 10119559 
1181 10119559 
1182 10119559 
1183 10119559 
1184 10119559 
1185 10119559 
1186 10119559 
1187 10119559 
1188 10119559 
1189 10119559 
1190 10119559 
1191 10119559 
1192 10119559 
1193 10119559 
1194 10119559 
1195 10119559 
1196 10119559 
1197 10119559 
1198 10119559 
1199 10119559 
1200 10119559 
1201 10119559 
1202 10119559 
1203 10119559 
1204 10119559 
1205 10119559 
1206 10119559 
1207 10119559 
1208 10119559 
1209 10119559 
1210 10119559 
1211 10119559 
1212 10119559 
1213 10119559 
1214 10119559 
1215 10119559 
1216 10119559 
1217 10119559 
1218 10119559 
1219 10119559 
1220 10119559 
1221 10119559 
1222 10119559 
1223 10119559 
1224 10119559 
1225 10119559 
1226 10119559 
1227 10119559 
1228 10119559 
1229 10119559 
1230 10119559 
1231 10119559 
1232 10119559 
1233 10119559 
1234 10119559 
1235 10119559 
1236 10119559 
1237 10119559 
1238 10119559 
1239 10119559 
1240 10119559 
1241 10119559 
1242 10119559 
1243 10119559 
1244 10119559 
1245 10119559 
1246 10119559 
1247 10119559 
1248 10119559 
1249 10119559 
1250 10119559 
1251 10119559 
1252 10119559 
1253 10119559 
1254 10119559 
1255 10119559 
1256 10119559 
1257 10119559 
1258 10119559 
1259 10119559 
1260 10119559 
1261 10119559 
1262 10119559 
1263 10119559 
1264 10119559 
1265 10119559 
1266 10119559 
1267 10119559 
1268 10119559 
1269 10119559 
1270 10119559 
1271 10119559 
1272 10119559 
1273 10119559 
1274 10119559 
1275 10119559 
1276 10119559 
1277 10119559 
1278 10119559 
1279 10119559 
1280 10119559 
1281 10119559 
1282 10119559 
1283 10119559 
1284 10119559 
1285 10119559 
1286 10119559 
1287 10119559 
1288 10119559 
1289 10119559 
1290 10119559 
1291 10119559 
1292 10119559 
1293 10119559 
1294 10119559 
1295 10119559 
1296 10119559 
1297 10119559 
1298 10119559 
1299 10119559 
1300 10119559 
1301 10119559 
1302 10119559 
1303 10119559 
1304 10119559 
1305 10119559 
1306 10119559 
1307 10119559 
1308 10119559 
1309 10119559 
1310 10119559 
1311 10119559 
1312 10119559 
1313 10119559 
1314 10119559 
1315 10119559 
1316 10119559 
1317 10119559 
1318 10119559 
1319 10119559 
1320 10119559 
1321 10119559 
1322 10119559 
1323 10119559 
1324 10119559 
1325 10119559 
1326 10119559 
1327 10119559 
1328 10119559 
1329 10119559 
1330 10119559 
1331 10119559 
1332 10119559 
1333 10119559 
1334 10119559 
1335 10119559 
1336 10119559 
1337 10119559 
1338 10119559 
1339 10119559 
1340 10119559 
1341 10119559 
1342 10119559 
1343 10119559 
1344 10119559 
1345 10119559 
1346 10119559 
1347 10119559 
1348 10119559 
1349 10119559 
1350 10119559 
1351 10119559 
1352 10119559 
1353 10119559 
1354 10119559 
1355 10119559 
1356 10119559 
1357 10119559 
1358 10119559 
1359 10119559 
1360 10119559 
1361 10119559 
1362 10119559 
1363 10119559 
1364 10119559 
1365 10119559 
1366 10119559 
1367 10119559 
1368 10119559 
1369 10119559 
1370 10119559 
1371 10119559 
1372 10119559 
1373 10119559 
1374 10119559 
1375 10119559 
1376 10119559 
1377 10119559 
1378 10119559 
1379 10119559 
1380 10119559 
1381 10119559 
1382 10119559 
1383 10119559 
1384 10119559 
1385 10119559 
1386 10119559 
1387 10119559 
1388 10119559 
1389 10119559 
1390 10119559 
1391 10119559 
1392 10119559 
1393 10119559 
1394 10119559 
1395 10119559 
1396 10119559 
1397 10119559 
1398 10119559 
1399 10119559 
1400 10119559 
1401 10119559 
1402 10119559 
1403 10119559 
1404 10119559 
1405 10119559 
1406 10119559 
1407 10119559 
1408 10119559 
1409 10119559 
1410 10119559 
1411 10119559 
1412 10119559 
1413 10119559 
1414 10119559 
1415 10119559 
1416 10119559 
1417 10119559 
1418 10119559 
1419 10119559 
1420 10119559 
1421 10119559 
1422 10119559 
1423 10119559 
1424 10119559 
1425 10119559 
1426 10119559 
1427 10119559 
1428 10119559 
1429 10119559 
1430 10119559 
1431 10119559 
1432 10119559 
1433 10119559 
1434 10119559 
1435 10119559 
1436 10119559 
1437 10119559 
1438 10119559 
1439 10119559 
1440 10119559 
1441 10119559 
1442 10119559 
1443 10119559 
1444 10119559 
1445 10119559 
1446 10119559 
1447 10119559 
1448 10119559 
1449 10119559 
1450 10119559 
1451 10119559 
1452 10119559 
1453 10119559 
1454 10119559 
1455 10119559 
1456 10119559 
1457 10119559 
1458 10119559 
1459 10119559 
1460 10119559 
1461 10119559 
1462 10119559 
1463 10119559 
1464 10119559 
1465 10119559 
1466 10119559 
1467 10119559 
1468 10119559 
1469 10119559 
1470 10119559 
1471 10119559 
1472 10119559 
1473 10119559 
1474 10119559 
1475 10119559 
1476 10119559 
1477 10119559 
1478 10119559 
1479 10119559 
1480 10119559 
1481 10119559 
1482 10119559 
1483 10119559 
1484 10119559 
1485 10119559 
1486 10119559 
1487 10119559 
1488 10119559 
1489 10119559 
1490 10119559 
1491 10119559 
1492 10119559 
1493 10119559 
1494 10119559 
1495 10119559 
1496 10119559 
1497 10119559 
1498 10119559 
1499 10119559 
1500 10119559 
1501 10119559 
1502 10119559 
1503 10119559 
1504 10119559 
1505 10119559 
1506 10119559 
1507 10119559 
1508 10119559 
1509 10119559 
1510 10119559 
1511 10119559 
1512 10119559 
1513 10119559 
1514 10119559 
1515 10119559 
1516 10119559 
1517 10119559 
1518 10119559 
1519 10119559 
1520 10119559 
1521 10119559 
1522 10119559 
1523 10119559 
1524 10119559 
1525 10119559 
1526 10119559 
1527 10119559 
1528 10119559 
1529 10119559 
1530 10119559 
1531 10119559 
1532 10119559 
1533 10119559 
1534 10119559 
1535 10119559 
1536 10119559 
1537 10119559 
1538 10119559 
1539 10119559 
1540 10119559 
1541 10119559 
1542 10119559 
1543 10119559 
1544 10119559 
1545 10119559 
1546 10119559 
1547 10119559 
1548 10119559 
1549 10119559 
1550 10119559 
1551 10119559 
1552 10119559 
1553 10119559 
1554 10119559 
1555 10119559 
1556 10119559 
1557 10119559 
1558 10119559 
1559 10119559 
1560 10119559 
1561 10119559 
1562 10119559 
1563 10119559 
1564 10119559 
1565 10119559 
1566 10119559 
1567 10119559 
1568 10119559 
1569 10119559 
1570 10119559 
1571 10119559 
1572 10119559 
1573 10119559 
1574 10119559 
1575 10119559 
1576 10119559 
1577 10119559 
1578 10119559 
1579 10119559 
1580 10119559 
1581 10119559 
1582 10119559 
1583 10119559 
1584 10119559 
1585 10119559 
1586 10119559 
1587 10119559 
1588 10119559 
1589 10119559 
1590 10119559 
1591 10119559 
1592 10119559 
1593 10119559 
1594 10119559 
1595 10119559 
1596 10119559 
1597 10119559 
1598 10119559 
1599 10119559 
1600 10119559 
1601 10119559 
1602 10119559 
1603 10119559 
1604 10119559 
1605 10119559 
1606 10119559 
1607 10119559 
1608 10119559 
1609 10119559 
1610 10119559 
1611 10119559 
1612 10119559 
1613 10119559 
1614 10119559 
1615 10119559 
1616 10119559 
1617 10119559 
1618 10119559 
1619 10119559 
1620 10119559 
1621 10119559 
1622 10119559 
1623 10119559 
1624 10119559 
1625 10119559 
1626 10119559 
1627 10119559 
1628 10119559 
1629 10119559 
1630 10119559 
1631 10119559 
1632 10119559 
1633 10119559 
1634 10119559 
1635 10119559 
1636 10119559 
1637 10119559 
1638 10119559 
1639 10119559 
1640 10119559 
1641 10119559 
1642 10119559 
1643 10119559 
1644 10119559 
1645 10119559 
1646 10119559 
1647 10119559 
1648 10119559 
1649 10119559 
1650 10119559 
1651 10119559 
1652 10119559 
1653 10119559 
1654 10119559 
1655 10119559 
1656 10119559 
1657 10119559 
1658 10119559 
1659 10119559 
1660 10119559 
1661 10119559 
1662 10119559 
1663 10119559 
1664 10119559 
1665 10119559 
1666 10119559 
1667 10119559 
1668 10119559 
1669 10119559 
1670 10119559 
1671 10119559 
1672 10119559 
1673 10119559 
1674 10119559 
1675 10119559 
1676 10119559 
1677 10119559 
1678 10119559 
1679 10119559 
1680 10119559 
1681 10119559 
1682 10119559 
1683 10119559 
1684 10119559 
1685 10119559 
1686 10119559 
1687 10119559 
1688 10119559 
1689 10119559 
1690 10119559 
1691 10119559 
1692 10119559 
1693 10119559 
1694 10119559 
1695 10119559 
1696 10119559 
1697 10119559 
1698 10119559 
1699 10119559 
1700 10119559 
1701 10119559 
1702 10119559 
1703 10119559 
1704 10119559 
1705 10119559 
1706 10119559 
1707 10119559 
1708 10119559 
1709 10119559 
1710 10119559 
1711 10119559 
1712 10119559 
1713 10119559 
1714 10119559 
1715 10119559 
1716 10119559 
1717 10119559 
1718 10119559 
1719 10119559 
1720 10119559 
1721 10119559 
1722 10119559 
1723 10119559 
1724 10119559 
1725 10119559 
1726 10119559 
1727 10119559 
1728 10119559 
1729 10119559 
1730 10119559 
1731 10119559 
1732 10119559 
1733 10119559 
1734 10119559 
1735 10119559 
1736 10119559 
1737 10119559 
1738 10119559 
1739 10119559 
1740 10119559 
1741 10119559 
1742 10119559 
1743 10119559 
1744 10119559 
1745 10119559 
1746 10119559 
1747 10119559 
1748 10119559 
1749 10119559 
1750 10119559 
1751 10119559 
1752 10119559 
1753 10119559 
1754 10119559 
1755 10119559 
1756 10119559 
1757 10119559 
1758 10119559 
1759 10119559 
1760 10119559 
1761 10119559 
1762 10119559 
1763 10119559 
1764 10119559 
1765 10119559 
1766 10119559 
1767 10119559 
1768 10119559 
1769 10119559 
1770 10119559 
1771 10119559 
1772 10119559 
1773 10119559 
1774 10119559 
1775 10119559 
1776 10119559 
1777 10119559 
1778 10119559 
1779 10119559 
1780 10119559 
1781 10119559 
1782 10119559 
1783 10119559 
1784 10119559 
1785 10119559 
1786 10119559 
1787 10119559 
1788 10119559 
1789 10119559 
1790 10119559 
1791 10119559 
1792 10119559 
1793 10119559 
1794 10119559 
1795 10119559 
1796 10119559 
1797 10119559 
1798 10119559 
1799 10119559 
1800 10119559 
1801 10119559 
1802 10119559 
1803 10119559 
1804 10119559 
1805 10119559 
1806 10119559 
1807 10119559 
1808 10119559 
1809 10119559 
1810 10119559 
1811 10119559 
1812 10119559 
1813 10119559 
1814 10119559 
1815 10119559 
1816 10119559 
1817 10119559 
1818 10119559 
1819 10119559 
1820 10119559 
1821 10119559 
1822 10119559 
1823 10119559 
1824 10119559 
1825 10119559 
1826 10119559 
1827 10119559 
1828 10119559 
1829 10119559 
1830 10119559 
1831 10119559 
1832 10119559 
1833 10119559 
1834 10119559 
1835 10119559 
1836 10119559 
1837 10119559 
1838 10119559 
1839 10119559 
1840 10119559 
1841 10119559 
1842 10119559 
1843 10119559 
1844 10119559 
1845 10119559 
1846 10119559 
1847 10119559 
1848 10119559 
1849 10119559 
1850 10119559 
1851 10119559 
1852 10119559 
1853 10119559 
1854 10119559 
1855 10119559 
1856 10119559 
1857 10119559 
1858 10119559 
1859 10119559 
1860 10119559 
1861 10119559 
1862 10119559 
1863 10119559 
1864 10119559 
1865 10119559 
1866 10119559 
1867 10119559 
1868 10119559 
1869 10119559 
1870 10119559 
1871 10119559 
1872 10119559 
1873 10119559 
1874 10119559 
1875 10119559 
1876 10119559 
1877 10119559 
1878 10119559 
1879 10119559 
1880 10119559 
1881 10119559 
1882 10119559 
1883 10119559 
1884 10119559 
1885 10119559 
1886 10119559 
1887 10119559 
1888 10119559 
1889 10119559 
1890 10119559 
1891 10119559 
1892 10119559 
1893 10119559 
1894 10119559 
1895 10119559 
1896 10119559 
1897 10119559 
1898 10119559 
1899 10119559 
1900 10119559 
1901 10119559 
1902 10119559 
1903 10119559 
1904 10119559 
1905 10119559 
1906 10119559 
1907 10119559 
1908 10119559 
1909 10119559 
1910 10119559 
1911 10119559 
1912 10119559 
1913 10119559 
1914 10119559 
1915 10119559 
1916 10119559 
1917 10119559 
1918 10119559 
1919 10119559 
1920 10119559 
1921 10119559 
1922 10119559 
1923 10119559 
1924 10119559 
1925 10119559 
1926 10119559 
1927 10119559 
1928 10119559 
1929 10119559 
1930 10119559 
1931 10119559 
1932 10119559 
1933 10119559 
1934 10119559 
1935 10119559 
1936 10119559 
1937 10119559 
1938 10119559 
1939 10119559 
1940 10119559 
1941 10119559 
1942 10119559 
1943 10119559 
1944 10119559 
1945 10119559 
1946 10119559 
1947 10119559 
1948 10119559 
1949 10119559 
1950 10119559 
1951 10119559 
1952 10119559 
1953 10119559 
1954 10119559 
1955 10119559 
1956 10119559 
1957 10119559 
1958 10119559 
1959 10119559 
1960 10119559 
1961 10119559 
1962 10119559 
1963 10119559 
1964 10119559 
1965 10119559 
1966 10119559 
1967 10119559 
1968 10119559 
1969 10119559 
1970 10119559 
1971 10119559 
1972 10119559 
1973 10119559 
1974 10119559 
1975 10119559 
1976 10119559 
1977 10119559 
1978 10119559 
1979 10119559 
1980 10119559 
1981 10119559 
1982 10119559 
1983 10119559 
1984 10119559 
1985 10119559 
1986 10119559 
1987 10119559 
1988 10119559 
1989 10119559 
1990 10119559 
1991 10119559 
1992 10119559 
1993 10119559 
1994 10119559 
1995 10119559 
1996 10119559 
1997 10119559 
1998 10119559 
1999 10119559 
2000 10119559 
2001 10119559 
2002 10119559 
2003 10119559 
2004 10119559 
2005 10119559 
2006 10119559 
2007 10119559 
2008 10119559 
2009 10119559 
2010 10119559 
2011 10119559 
2012 10119559 
2013 10119559 
2014 10119559 
2015 10119559 
2016 10119559 
2017 10119559 
2018 10119559 
2019 10119559 
2020 10119559 
2021 10119559 
2022 10119559 
2023 10119559 
2024 10119559 
2025 10119559 
2026 10119559 
2027 10119559 
2028 10119559 
2029 10119559 
2030 10119559 
2031 10119559 
2032 10119559 
2033 10119559 
2034 10119559 
2035 10119559 
2036 10119559 
2037 10119559 
2038 10119559 
2039 10119559 
2040 10119559 
2041 10119559 
2042 10119559 
2043 10119559 
2044 10119559 
2045 10119559 
2046 10119559 
2047 10119559 
2048 10119559 
2049 10119559 
2050 10119559 
2051 10119559 
2052 10119559 
2053 10119559 
2054 10119559 
2055 10119559 
2056 10119559 
2057 10119559 
2058 10119559 
2059 10119559 
2060 10119559 
2061 10119559 
2062 10119559 
2063 10119559 
2064 10119559 
2065 10119559 
2066 10119559 
2067 10119559 
2068 10119559 
2069 10119559 
2070 10119559 
2071 10119559 
2072 10119559 
2073 10119559 
2074 10119559 
2075 10119559 
2076 10119559 
2077 10119559 
2078 10119559 
2079 10119559 
2080 10119559 
2081 10119559 
2082 10119559 
2083 10119559 
2084 10119559 
2085 10119559 
2086 10119559 
2087 10119559 
2088 10119559 
2089 10119559 
2090 10119559 
2091 10119559 
2092 10119559 
2093 10119559 
2094 10119559 
2095 10119559 
2096 10119559 
2097 10119559 
2098 10119559 
2099 10119559 
2100 10119559 
2101 10119559 
2102 10119559 
2103 10119559 
2104 10119559 
2105 10119559 
2106 10119559 
2107 10119559 
2108 10119559 
2109 10119559 
2110 10119559 
2111 10119559 
2112 10119559 
2113 10119559 
2114 10119559 
2115 10119559 
2116 10119559 
2117 10119559 
2118 10119559 
2119 10119559 
2120 10119559 
2121 10119559 
2122 10119559 
2123 10119559 
2124 10119559 
2125 10119559 
2126 10119559 
2127 10119559 
2128 10119559 
2129 10119559 
2130 10119559 
2131 10119559 
2132 10119559 
2133 10119559 
2134 10119559 
2135 10119559 
2136 10119559 
2137 10119559 
2138 10119559 
2139 10119559 
2140 10119559 
2141 10119559 
2142 10119559 
2143 10119559 
2144 10119559 
2145 10119559 
2146 10119559 
2147 10119559 
2148 10119559 
2149 10119559 
2150 10119559 
2151 10119559 
2152 10119559 
2153 10119559 
2154 10119559 
2155 10119559 
2156 10119559 
2157 10119559 
2158 10119559 
2159 10119559 
2160 10119559 
2161 10119559 
2162 10119559 
2163 10119559 
2164 10119559 
2165 10119559 
2166 10119559 
2167 10119559 
2168 10119559 
2169 10119559 
2170 10119559 
2171 10119559 
2172 10119559 
2173 10119559 
2174 10119559 
2175 10119559 
2176 10119559 
2177 10119559 
2178 10119559 
2179 10119559 
2180 10119559 
2181 10119559 
2182 10119559 
2183 10119559 
2184 10119559 
2185 10119559 
2186 10119559 
2187 10119559 
2188 10119559 
2189 10119559 
2190 10119559 
2191 10119559 
2192 10119559 
2193 10119559 
2194 10119559 
2195 10119559 
2196 10119559 
2197 10119559 
2198 10119559 
2199 10119559 
2200 10119559 
2201 10119559 
2202 10119559 
2203 10119559 
2204 10119559 
2205 10119559 
2206 10119559 
2207 10119559 
2208 10119559 
2209 10119559 
2210 10119559 
2211 10119559 
2212 10119559 
2213 10119559 
2214 10119559 
2215 10119559 
2216 10119559 
2217 10119559 
2218 10119559 
2219 10119559 
2220 10119559 
2221 10119559 
2222 10119559 
2223 10119559 
2224 10119559 
2225 10119559 
2226 10119559 
2227 10119559 
2228 10119559 
2229 10119559 
2230 10119559 
2231 10119559 
2232 10119559 
2233 10119559 
2234 10119559 
2235 10119559 
2236 10119559 
2237 10119559 
2238 10119559 
2239 10119559 
2240 10119559 
2241 10119559 
2242 10119559 
2243 10119559 
2244 10119559 
2245 10119559 
2246 10119559 
2247 10119559 
2248 10119559 
2249 10119559 
2250 10119559 
2251 10119559 
2252 10119559 
2253 10119559 
2254 10119559 
2255 10119559 
2256 10119559 
2257 10119559 
2258 10119559 
2259 10119559 
2260 10119559 
2261 10119559 
2262 10119559 
2263 10119559 
2264 10119559 
2265 10119559 
2266 10119559 
2267 10119559 
2268 10119559 
2269 10119559 
2270 10119559 
2271 10119559 
2272 10119559 
2273 10119559 
2274 10119559 
2275 10119559 
2276 10119559 
2277 10119559 
2278 10119559 
2279 10119559 
2280 10119559 
2281 10119559 
2282 10119559 
2283 10119559 
2284 10119559 
2285 10119559 
2286 10119559 
2287 10119559 
2288 10119559 
2289 10119559 
2290 10119559 
2291 10119559 
2292 10119559 
2293 10119559 
2294 10119559 
2295 10119559 
2296 10119559 
2297 10119559 
2298 10119559 
2299 10119559 
2300 10119559 
2301 10119559 
2302 10119559 
2303 10119559 
2304 10119559 
2305 10119559 
2306 10119559 
2307 10119559 
2308 10119559 
2309 10119559 
2310 10119559 
2311 10119559 
2312 10119559 
2313 10119559 
2314 10119559 
2315 10119559 
2316 10119559 
2317 10119559 
2318 10119559 
2319 10119559 
2320 10119559 
2321 10119559 
2322 10119559 
2323 10119559 
2324 10119559 
2325 10119559 
2326 10119559 
2327 10119559 
2328 10119559 
2329 10119559 
2330 10119559 
2331 10119559 
2332 10119559 
2333 10119559 
2334 10119559 
2335 10119559 
2336 10119559 
2337 10119559 
2338 10119559 
2339 10119559 
2340 10119559 
2341 10119559 
2342 10119559 
2343 10119559 
2344 10119559 
2345 10119559 
2346 10119559 
2347 10119559 
2348 10119559 
2349 10119559 
2350 10119559 
2351 10119559 
2352 10119559 
2353 10119559 
2354 10119559 
2355 10119559 
2356 10119559 
2357 10119559 
2358 10119559 
2359 10119559 
2360 10119559 
2361 10119559 
2362 10119559 
2363 10119559 
2364 10119559 
2365 10119559 
2366 10119559 
2367 10119559 
2368 10119559 
2369 10119559 
2370 10119559 
2371 10119559 
2372 10119559 
2373 10119559 
2374 10119559 
2375 10119559 
2376 10119559 
2377 10119559 
2378 10119559 
2379 10119559 
2380 10119559 
2381 10119559 
2382 10119559 
2383 10119559 
2384 10119559 
2385 10119559 
2386 10119559 
2387 10119559 
2388 10119559 
2389 10119559 
2390 10119559 
2391 10119559 
2392 10119559 
2393 10119559 
2394 10119559 
2395 10119559 
2396 10119559 
2397 10119559 
2398 10119559 
2399 10119559 
2400 10119559 
2401 10119559 
2402 10119559 
2403 10119559 
2404 10119559 
2405 10119559 
2406 10119559 
2407 10119559 
2408 10119559 
2409 10119559 
2410 10119559 
2411 10119559 
2412 10119559 
2413 10119559 
2414 10119559 
2415 10119559 
2416 10119559 
2417 10119559 
2418 10119559 
2419 10119559 
2420 10119559 
2421 10119559 
2422 10119559 
2423 10119559 
2424 10119559 
2425 10119559 
2426 10119559 
2427 10119559 
2428 10119559 
2429 10119559 
2430 10119559 
2431 10119559 
2432 10119559 
2433 10119559 
2434 10119559 
2435 10119559 
2436 10119559 
2437 10119559 
2438 10119559 
2439 10119559 
2440 10119559 
2441 10119559 
2442 10119559 
2443 10119559 
2444 10119559 
2445 10119559 
2446 10119559 
2447 10119559 
2448 10119559 
2449 10119559 
2450 10119559 
2451 10119559 
2452 10119559 
2453 10119559 
2454 10119559 
2455 10119559 
2456 10119559 
2457 10119559 
2458 10119559 
2459 10119559 
2460 10119559 
2461 10119559 
2462 10119559 
2463 10119559 
2464 10119559 
2465 10119559 
2466 10119559 
2467 10119559 
2468 10119559 
2469 10119559 
2470 10119559 
2471 10119559 
2472 10119559 
2473 10119559 
2474 10119559 
2475 10119559 
2476 10119559 
2477 10119559 
2478 10119559 
2479 10119559 
2480 10119559 
2481 10119559 
2482 10119559 
2483 10119559 
2484 10119559 
2485 10119559 
2486 10119559 
2487 10119559 
2488 10119559 
2489 10119559 
2490 10119559 
2491 10119559 
2492 10119559 
2493 10119559 
2494 10119559 
2495 10119559 
2496 10119559 
2497 10119559 
2498 10119559 
2499 10119559 
2500 10119559 
2501 10119559 
2502 10119559 
2503 10119559 
2504 10119559 
2505 10119559 
2506 10119559 
2507 10119559 
2508 10119559 
2509 10119559 
2510 10119559 
2511 10119559 
2512 10119559 
2513 10119559 
2514 10119559 
2515 10119559 
2516 10119559 
2517 10119559 
2518 10119559 
2519 10119559 
2520 10119559 
2521 10119559 
2522 10119559 
2523 10119559 
2524 10119559 
2525 10119559 
2526 10119559 
2527 10119559 
2528 10119559 
2529 10119559 
2530 10119559 
2531 10119559 
2532 10119559 
2533 10119559 
2534 10119559 
2535 10119559 
2536 10119559 
2537 10119559 
2538 10119559 
2539 10119559 
2540 10119559 
2541 10119559 
2542 10119559 
2543 10119559 
2544 10119559 
2545 10119559 
2546 10119559 
2547 10119559 
2548 10119559 
2549 10119559 
2550 10119559 
2551 10119559 
2552 10119559 
2553 10119559 
2554 10119559 
2555 10119559 
2556 10119559 
2557 10119559 
2558 10119559 
2559 10119559 
2560 10119559 
2561 10119559 
2562 10119559 
2563 10119559 
2564 10119559 
2565 10119559 
2566 10119559 
2567 10119559 
2568 10119559 
2569 10119559 
2570 10119559 
2571 10119559 
2572 10119559 
2573 10119559 
2574 10119559 
2575 10119559 
2576 10119559 
2577 10119559 
2578 10119559 
2579 10119559 
2580 10119559 
2581 10119559 
2582 10119559 
2583 10119559 
2584 10119559 
2585 10119559 
2586 10119559 
2587 10119559 
2588 10119559 
2589 10119559 
2590 10119559 
2591 10119559 
2592 10119559 
2593 10119559 
2594 10119559 
2595 10119559 
2596 10119559 
2597 10119559 
2598 10119559 
2599 10119559 
2600 10119559 
2601 10119559 
2602 10119559 
2603 10119559 
2604 10119559 
2605 10119559 
2606 10119559 
2607 10119559 
2608 10119559 
2609 10119559 
2610 10119559 
2611 10119559 
2612 10119559 
2613 10119559 
2614 10119559 
2615 10119559 
2616 10119559 
2617 10119559 
2618 10119559 
2619 10119559 
2620 10119559 
2621 10119559 
2622 10119559 
2623 10119559 
2624 10119559 
2625 10119559 
2626 10119559 
2627 10119559 
2628 10119559 
2629 10119559 
2630 10119559 
2631 10119559 
2632 10119559 
2633 10119559 
2634 10119559 
2635 10119559 
2636 10119559 
2637 10119559 
2638 10119559 
2639 10119559 
2640 10119559 
2641 10119559 
2642 10119559 
2643 10119559 
2644 10119559 
2645 10119559 
2646 10119559 
2647 10119559 
2648 10119559 
2649 10119559 
2650 10119559 
2651 10119559 
2652 10119559 
2653 10119559 
2654 10119559 
2655 10119559 
2656 10119559 
2657 10119559 
2658 10119559 
2659 10119559 
2660 10119559 
2661 10119559 
2662 10119559 
2663 10119559 
2664 10119559 
2665 10119559 
2666 10119559 
2667 10119559 
2668 10119559 
2669 10119559 
2670 10119559 
2671 10119559 
2672 10119559 
2673 10119559 
2674 10119559 
2675 10119559 
2676 10119559 
2677 10119559 
2678 10119559 
2679 10119559 
2680 10119559 
2681 10119559 
2682 10119559 
2683 10119559 
2684 10119559 
2685 10119559 
2686 10119559 
2687 10119559 
2688 10119559 
2689 10119559 
2690 10119559 
2691 10119559 
2692 10119559 
2693 10119559 
2694 10119559 
2695 10119559 
2696 10119559 
2697 10119559 
2698 10119559 
2699 10119559 
2700 10119559 
2701 10119559 
2702 10119559 
2703 10119559 
2704 10119559 
2705 10119559 
2706 10119559 
2707 10119559 
2708 10119559 
2709 10119559 
2710 10119559 
2711 10119559 
2712 10119559 
2713 10119559 
2714 10119559 
2715 10119559 
2716 10119559 
2717 10119559 
2718 10119559 
2719 10119559 
2720 10119559 
2721 10119559 
2722 10119559 
2723 10119559 
2724 10119559 
2725 10119559 
2726 10119559 
2727 10119559 
2728 10119559 
2729 10119559 
2730 10119559 
2731 10119559 
2732 10119559 
2733 10119559 
2734 10119559 
2735 10119559 
2736 10119559 
2737 10119559 
2738 10119559 
2739 10119559 
2740 10119559 
2741 10119559 
2742 10119559 
2743 10119559 
2744 10119559 
2745 10119559 
2746 10119559 
2747 10119559 
2748 10119559 
2749 10119559 
2750 10119559 
2751 10119559 
2752 10119559 
2753 10119559 
2754 10119559 
2755 10119559 
2756 10119559 
2757 10119559 
2758 10119559 
2759 10119559 
2760 10119559 
2761 10119559 
2762 10119559 
2763 10119559 
2764 10119559 
2765 10119559 
2766 10119559 
2767 10119559 
2768 10119559 
2769 10119559 
2770 10119559 
2771 10119559 
2772 10119559 
2773 10119559 
2774 10119559 
2775 10119559 
2776 10119559 
2777 10119559 
2778 10119559 
2779 10119559 
2780 10119559 
2781 10119559 
2782 10119559 
2783 10119559 
2784 10119559 
2785 10119559 
2786 10119559 
2787 10119559 
2788 10119559 
2789 10119559 
2790 10119559 
2791 10119559 
2792 10119559 
2793 10119559 
2794 10119559 
2795 10119559 
2796 10119559 
2797 10119559 
2798 10119559 
2799 10119559 
2800 10119559 
2801 10119559 
2802 10119559 
2803 10119559 
2804 10119559 
2805 10119559 
2806 10119559 
2807 10119559 
2808 10119559 
2809 10119559 
2810 10119559 
2811 10119559 
2812 10119559 
2813 10119559 
2814 10119559 
2815 10119559 
2816 10119559 
2817 10119559 
2818 10119559 
2819 10119559 
2820 10119559 
2821 10119559 
2822 10119559 
2823 10119559 
2824 10119559 
2825 10119559 
2826 10119559 
2827 10119559 
2828 10119559 
2829 10119559 
2830 10119559 
2831 10119559 
2832 10119559 
2833 10119559 
2834 10119559 
2835 10119559 
2836 10119559 
2837 10119559 
2838 10119559 
2839 10119559 
2840 10119559 
2841 10119559 
2842 10119559 
2843 10119559 
2844 10119559 
2845 10119559 
2846 10119559 
2847 10119559 
2848 10119559 
2849 10119559 
2850 10119559 
2851 10119559 
2852 10119559 
2853 10119559 
2854 10119559 
2855 10119559 
2856 10119559 
2857 10119559 
2858 10119559 
2859 10119559 
2860 10119559 
2861 10119559 
2862 10119559 
2863 10119559 
2864 10119559 
2865 10119559 
2866 10119559 
2867 10119559 
2868 10119559 
2869 10119559 
2870 10119559 
2871 10119559 
2872 10119559 
2873 10119559 
2874 10119559 
2875 10119559 
2876 10119559 
2877 10119559 
2878 10119559 
2879 10119559 
2880 10119559 
2881 10119559 
2882 10119559 
2883 10119559 
2884 10119559 
2885 10119559 
2886 10119559 
2887 10119559 
2888 10119559 
2889 10119559 
2890 10119559 
2891 10119559 
2892 10119559 
2893 10119559 
2894 10119559 
2895 10119559 
2896 10119559 
2897 10119559 
2898 10119559 
2899 10119559 
2900 10119559 
2901 10119559 
2902 10119559 
2903 10119559 
2904 10119559 
2905 10119559 
2906 10119559 
2907 10119559 
2908 10119559 
2909 10119559 
2910 10119559 
2911 10119559 
2912 10119559 
2913 10119559 
2914 10119559 
2915 10119559 
2916 10119559 
2917 10119559 
2918 10119559 
2919 10119559 
2920 10119559 
2921 10119559 
2922 10119559 
2923 10119559 
2924 10119559 
2925 10119559 
2926 10119559 
2927 10119559 
2928 10119559 
2929 10119559 
2930 10119559 
2931 10119559 
2932 10119559 
2933 10119559 
2934 10119559 
2935 10119559 
2936 10119559 
2937 10119559 
2938 10119559 
2939 10119559 
2940 10119559 
2941 10119559 
2942 10119559 
2943 10119559 
2944 10119559 
2945 10119559 
2946 10119559 
2947 10119559 
2948 10119559 
2949 10119559 
2950 10119559 
2951 10119559 
2952 10119559 
2953 10119559 
2954 10119559 
2955 10119559 
2956 10119559 
2957 10119559 
2958 10119559 
2959 10119559 
2960 10119559 
2961 10119559 
2962 10119559 
2963 10119559 
2964 10119559 
2965 10119559 
2966 10119559 
2967 10119559 
2968 10119559 
2969 10119559 
2970 10119559 

