0 7848566 
1 7804942 
2 7617188 
3 7612850 
4 7609000 
5 7602487 
6 7602461 
7 7601355 
8 7601068 
9 7600176 
10 7597999 
11 7597728 
12 7596909 
13 7594605 
14 7579836 
15 7578315 
16 7578266 
17 7578006 
18 7577889 
19 7574729 
20 7574143 
21 7571702 
22 7565542 
23 7565257 
24 7557522 
25 7557522 
26 7556430 
27 7551704 
28 7549466 
29 7546567 
30 7546411 
31 7545880 
32 7545804 
33 7542066 
34 7542066 
35 7541680 
36 7541145 
37 7540809 
38 7539423 
39 7537474 
40 7535030 
41 7532464 
42 7532436 
43 7532305 
44 7532214 
45 7532137 
46 7530365 
47 7530323 
48 7526277 
49 7526277 
50 7521641 
51 7519365 
52 7517285 
53 7517199 
54 7517159 
55 7511677 
56 7511621 
57 7511616 
58 7511511 
59 7511408 
60 7509335 
61 7509139 
62 7507081 
63 7506941 
64 7506902 
65 7506612 
66 7506561 
67 7506479 
68 7500905 
69 7500799 
70 7500694 
71 7495598 
72 7495500 
73 7494959 
74 7494280 
75 7492603 
76 7491446 
77 7490886 
78 7477117 
79 7476935 
80 7476308 
81 7476308 
82 7476238 
83 7472944 
84 7472524 
85 7472272 
86 7471687 
87 7471253 
88 7471239 
89 7471057 
90 7470689 
91 7470689 
92 7469581 
93 7468268 
94 7468233 
95 7468009 
96 7467327 
97 7457194 
98 7457154 
99 7455724 
100 7455521 
101 7455444 
102 7455217 
103 7454341 
104 7454297 
105 7453548 
106 7453548 
107 7453212 
108 7447332 
109 7447278 
110 7446186 
111 7439738 
112 7439351 
113 7438734 
114 7438147 
115 7437239 
116 7436849 
117 7435561 
118 7435541 
119 7435541 
120 7433879 
121 7433858 
122 7432820 
123 7432793 
124 7432593 
125 7432249 
126 7425438 
127 7414986 
128 7414731 
129 7414006 
130 7414003 
131 7413529 
132 7412446 
133 7412278 
134 7411875 
135 7411511 
136 7411371 
137 7410265 
138 7410237 
139 7409872 
140 7408941 
141 7408941 
142 7406955 
143 7406647 
144 7406071 
145 7404264 
146 7404082 
147 7403896 
148 7403754 
149 7403429 
150 7402361 
151 7401706 
152 7401329 
153 7401313 
154 7401205 
155 7400225 
156 7399966 
157 7399952 
158 7399826 
159 7399711 
160 7399527 
161 7399441 
162 7399371 
163 7396110 
164 7395333 
165 7395172 
166 7394934 
167 7394752 
168 7393372 
169 7392423 
170 7392389 
171 7391180 
172 7389404 
173 7389404 
174 7380918 
175 7379873 
176 7379262 
177 7379184 
178 7376792 
179 7370448 
180 7368368 
181 7368348 
182 7368257 
183 7368243 
184 7367198 
185 7366206 
186 7365490 
187 7365476 
188 7365454 
189 7365360 
190 7365346 
191 7365275 
192 7365261 
193 7365198 
194 7365184 
195 7364890 
196 7364217 
197 7364203 
198 7364154 
199 7364005 
200 7363827 
201 7363799 
202 7362712 
203 7362116 
204 7362074 
205 7362028 
206 7361833 
207 7354761 
208 7352614 
209 7352463 
210 7352441 
211 7352434 
212 7351352 
213 7348855 
214 7348834 
215 7348827 
216 7348344 
217 7348260 
218 7348168 
219 7348168 
220 7348161 
221 7348057 
222 7338005 
223 7324604 
224 7322199 
225 7322140 
226 7310984 
227 7310984 
228 7310984 
229 7310984 
230 7310844 
231 7310844 
232 7308987 
233 7307834 
234 7304607 
235 7303618 
236 7303548 
237 7302846 
238 7302846 
239 7302825 
240 7302825 
241 7301642 
242 7300390 
243 7298392 
244 7298363 
245 7297816 
246 7291537 
247 7290992 
248 7290382 
249 7290347 
250 7289840 
251 7289814 
252 7286265 
253 7285907 
254 7284765 
255 7284454 
256 7284438 
257 7281922 
258 7281677 
259 7281370 
260 7281287 
261 7281210 
262 7279831 
263 7278691 
264 7277945 
265 7275191 
266 7274328 
267 7272536 
268 7258861 
269 7258761 
270 7251242 
271 7250943 
272 7250901 
273 7250880 
274 7250298 
275 7250103 
276 7235027 
277 7234978 
278 7234587 
279 7234468 
280 7233243 
281 7232851 
282 7232039 
283 7232024 
284 7232017 
285 7231968 
286 7231746 
287 7231746 
288 7231584 
289 7231584 
290 7231465 
291 7231255 
292 7230282 
293 7230282 
294 7228622 
295 7228401 
296 7228177 
297 7228170 
298 7228114 
299 7228020 
300 7226744 
301 7226309 
302 7222877 
303 7222877 
304 7214130 
305 7214075 
306 7212684 
307 7211410 
308 7211410 
309 7207772 
310 7195825 
311 7189429 
312 7188786 
313 7188785 
314 7186791 
315 7180590 
316 7165328 
317 7165289 
318 7165289 
319 7165289 
320 7164301 
321 7164259 
322 7162929 
323 7162929 
324 7162465 
325 7162367 
326 7161223 
327 7161171 
328 7160972 
329 7160888 
330 7160797 
331 7157911 
332 7157556 
333 7157063 
334 7157020 
335 7156902 
336 7156899 
337 7156685 
338 7156392 
339 7156202 
340 7156163 
341 7156156 
342 7156153 
343 7156125 
344 7155943 
345 7155307 
346 7155268 
347 7148720 
348 7148685 
349 7148664 
350 7147554 
351 7147551 
352 7147495 
353 7147439 
354 7147357 
355 7147357 
356 7147122 
357 7145776 
358 7145737 
359 7145618 
360 7145618 
361 7145618 
362 7145250 
363 7145138 
364 7144898 
365 7144898 
366 7144884 
367 7144884 
368 7144849 
369 7144748 
370 7144720 
371 7144471 
372 7144471 
373 7144432 
374 7144425 
375 7144415 
376 7144415 
377 7143731 
378 7143601 
379 7143601 
380 7143524 
381 7142575 
382 7141619 
383 7141619 
384 7140756 
385 7140753 
386 7137273 
387 7137172 
388 7137158 
389 7137158 
390 7137158 
391 7136519 
392 7132306 
393 7130341 
394 7113012 
395 7113012 
396 7108883 
397 7106933 
398 7106933 
399 7106905 
400 7106905 
401 7106863 
402 7106835 
403 7106229 
404 7106229 
405 7105850 
406 7105661 
407 7105661 
408 7105442 
409 7101056 
410 7101056 
411 7101056 
412 7100566 
413 7099989 
414 7099968 
415 7099875 
416 7099871 
417 7099871 
418 7099791 
419 7099791 
420 7099791 
421 7099791 
422 7099791 
423 7099791 
424 7099762 
425 7099762 
426 7099762 
427 7099762 
428 7099762 
429 7099762 
430 7099762 
431 7099762 
432 7099762 
433 7099762 
434 7099762 
435 7099762 
436 7099762 
437 7099762 
438 7099762 
439 7099762 
440 7099762 
441 7099762 
442 7099762 
443 7099762 
444 7099762 
445 7099762 
446 7099762 
447 7099762 
448 7099762 
449 7099762 
450 7099762 
451 7099762 
452 7099762 
453 7099762 
454 7099762 
455 7099762 
456 7099762 
457 7099762 
458 7099762 
459 7099762 
460 7099762 
461 7099762 
462 7099762 
463 7099762 
464 7099762 
465 7099762 
466 7099762 
467 7099762 
468 7099762 
469 7099762 
470 7099762 
471 7099762 
472 7099762 
473 7099762 
474 7099762 
475 7099762 
476 7099762 
477 7099762 
478 7099762 
479 7099762 
480 7099762 
481 7099762 
482 7099762 
483 7099762 
484 7099762 
485 7099762 
486 7099762 
487 7099762 
488 7099762 
489 7099762 
490 7099762 
491 7099762 
492 7099762 
493 7099762 
494 7099762 
495 7099762 
496 7099762 
497 7099762 
498 7099762 
499 7099762 
500 7099762 
501 7099762 
502 7099762 
503 7099762 
504 7099762 
505 7099762 
506 7099762 
507 7099762 
508 7099762 
509 7099762 
510 7099762 
511 7099762 
512 7099762 
513 7099762 
514 7099762 
515 7099762 
516 7099762 
517 7099762 
518 7099762 
519 7099762 
520 7099762 
521 7099762 
522 7099762 
523 7099762 
524 7099762 
525 7099762 
526 7099762 
527 7099762 
528 7099762 
529 7099762 
530 7099762 
531 7099762 
532 7099762 
533 7099762 
534 7099762 
535 7099762 
536 7099762 
537 7099762 
538 7099762 
539 7099762 
540 7099762 
541 7099762 
542 7099762 
543 7099762 
544 7099762 
545 7099762 
546 7099762 
547 7099762 
548 7099762 
549 7099762 
550 7099762 
551 7099762 
552 7099762 
553 7099762 
554 7099762 
555 7099762 
556 7099762 
557 7099762 
558 7099762 
559 7099762 
560 7099762 
561 7099762 
562 7099762 
563 7099762 
564 7099762 
565 7099762 
566 7099762 
567 7099762 
568 7099762 
569 7099762 
570 7099762 
571 7099762 
572 7099762 
573 7099762 
574 7099762 
575 7099762 
576 7099762 
577 7099762 
578 7099762 
579 7099762 
580 7099762 
581 7099762 
582 7099762 
583 7099762 
584 7099762 
585 7099762 
586 7099762 
587 7099762 
588 7099762 
589 7099762 
590 7099762 
591 7099762 
592 7099762 
593 7099762 
594 7099762 
595 7099762 
596 7099762 
597 7099762 
598 7099762 
599 7099762 
600 7099762 
601 7099762 
602 7099762 
603 7099762 
604 7099762 
605 7099762 
606 7099762 
607 7099762 
608 7099762 
609 7099762 
610 7099762 
611 7099762 
612 7099762 
613 7099762 
614 7099762 
615 7099762 
616 7099762 
617 7099762 
618 7099762 
619 7099762 
620 7099762 
621 7099762 
622 7099762 
623 7099762 
624 7099762 
625 7099762 
626 7099762 
627 7099762 
628 7099762 
629 7099762 
630 7099762 
631 7099762 
632 7099762 
633 7099762 
634 7099762 
635 7099762 
636 7099762 
637 7099762 
638 7099762 
639 7099762 
640 7099762 
641 7099762 
642 7099762 
643 7099762 
644 7099762 
645 7099762 
646 7099762 
647 7099762 
648 7099762 
649 7099762 
650 7099762 
651 7099762 
652 7099762 
653 7099762 
654 7099762 
655 7099762 
656 7099762 
657 7099762 
658 7099762 
659 7099762 
660 7099762 
661 7099762 
662 7099762 
663 7099762 
664 7099762 
665 7099762 
666 7099762 
667 7099762 
668 7099762 
669 7099762 
670 7099762 
671 7099762 
672 7099762 
673 7099762 
674 7099762 
675 7099762 
676 7099762 
677 7099762 
678 7099762 
679 7099762 
680 7099762 
681 7099762 
682 7099762 
683 7099762 
684 7099762 
685 7099762 
686 7099762 
687 7099762 
688 7099762 
689 7099762 
690 7099762 
691 7099762 
692 7099762 
693 7099762 
694 7099762 
695 7099762 
696 7099762 
697 7099762 
698 7099762 
699 7099762 
700 7099762 
701 7099762 
702 7099762 
703 7099762 
704 7099762 
705 7099762 
706 7099762 
707 7099762 
708 7099762 
709 7099762 
710 7099762 
711 7099762 
712 7099762 
713 7099762 
714 7099762 
715 7099762 
716 7099762 
717 7099762 
718 7099762 
719 7099762 
720 7099762 
721 7099762 
722 7099762 
723 7099762 
724 7099762 
725 7099762 
726 7099762 
727 7099762 
728 7099762 
729 7099762 
730 7099762 
731 7099762 
732 7099762 
733 7099762 
734 7099762 
735 7099762 
736 7099762 
737 7099762 
738 7099762 
739 7099762 
740 7099762 
741 7099762 
742 7099762 
743 7099762 
744 7099762 
745 7099762 
746 7099762 
747 7099762 
748 7099762 
749 7099762 
750 7099762 
751 7099762 
752 7099762 
753 7099762 
754 7099762 
755 7099762 
756 7099762 
757 7099762 
758 7099762 
759 7099762 
760 7099762 
761 7099762 
762 7099762 
763 7099762 
764 7099762 
765 7099762 
766 7099762 
767 7099762 
768 7099762 
769 7099762 
770 7099762 
771 7099762 
772 7099762 
773 7099762 
774 7099762 
775 7099762 
776 7099762 
777 7099762 
778 7099762 
779 7099762 
780 7099762 
781 7099762 
782 7099762 
783 7099762 
784 7099762 
785 7099762 
786 7099762 
787 7099762 
788 7099762 
789 7099762 
790 7099762 
791 7099762 
792 7099762 
793 7099762 
794 7099762 
795 7099762 
796 7099762 
797 7099762 
798 7099762 
799 7099762 
800 7099762 
801 7099762 
802 7099762 
803 7099762 
804 7099762 
805 7099762 
806 7099762 
807 7099762 
808 7099762 
809 7099762 
810 7099762 
811 7099762 
812 7099762 
813 7099762 
814 7099762 
815 7099762 
816 7099762 
817 7099762 
818 7099762 
819 7099762 
820 7099762 
821 7099762 
822 7099762 
823 7099762 
824 7099762 
825 7099762 
826 7099762 
827 7099762 
828 7099762 
829 7099762 
830 7099762 
831 7099762 
832 7099762 
833 7099762 
834 7099762 
835 7099762 
836 7099762 
837 7099762 
838 7099762 
839 7099762 
840 7099762 
841 7099762 
842 7099762 
843 7099762 
844 7099762 
845 7099762 
846 7099762 
847 7099762 
848 7099762 
849 7099762 
850 7099762 
851 7099762 
852 7099762 
853 7099762 
854 7099762 
855 7099762 
856 7099762 
857 7099762 
858 7099762 
859 7099762 
860 7099762 
861 7099762 
862 7099762 
863 7099762 
864 7099762 
865 7099762 
866 7099762 
867 7099762 
868 7099762 
869 7099762 
870 7099762 
871 7099762 
872 7099762 
873 7099762 
874 7099762 
875 7099762 
876 7099762 
877 7099762 
878 7099762 
879 7099762 
880 7099762 
881 7099762 
882 7099762 
883 7099762 
884 7099762 
885 7099762 
886 7099762 
887 7099762 
888 7099762 
889 7099762 
890 7099762 
891 7099762 
892 7099762 
893 7099762 
894 7099762 
895 7099762 
896 7099762 
897 7099762 
898 7099762 
899 7099762 
900 7099762 
901 7099762 
902 7099762 
903 7099762 
904 7099762 
905 7099762 
906 7099762 
907 7099762 
908 7099762 
909 7099762 
910 7099762 
911 7099762 
912 7099762 
913 7099762 
914 7099762 
915 7099762 
916 7099762 
917 7099762 
918 7099762 
919 7099762 
920 7099762 
921 7099762 
922 7099762 
923 7099762 
924 7099762 
925 7099762 
926 7099762 
927 7099762 
928 7099762 
929 7099762 
930 7099762 
931 7099762 
932 7099762 
933 7099762 
934 7099762 
935 7099762 
936 7099762 
937 7099762 
938 7099762 
939 7099762 
940 7099762 
941 7099762 
942 7099762 
943 7099762 
944 7099762 
945 7099762 
946 7099762 
947 7099762 
948 7099762 
949 7099762 
950 7099762 
951 7099762 
952 7099762 
953 7099762 
954 7099762 
955 7099762 
956 7099762 
957 7099762 
958 7099762 
959 7099762 
960 7099762 
961 7099762 
962 7099762 
963 7099762 
964 7099762 
965 7099762 
966 7099762 
967 7099762 
968 7099762 
969 7099762 
970 7099762 
971 7099762 
972 7099762 
973 7099762 
974 7099762 
975 7099762 
976 7099762 
977 7099762 
978 7099762 
979 7099762 
980 7099762 
981 7099762 
982 7099762 
983 7099762 
984 7099762 
985 7099762 
986 7099762 
987 7099762 
988 7099762 
989 7099762 
990 7099762 
991 7099762 
992 7099762 
993 7099762 
994 7099762 
995 7099762 
996 7099762 
997 7099762 
998 7099762 
999 7099762 
1000 7099762 
1001 7099762 
1002 7099762 
1003 7099762 
1004 7099762 
1005 7099762 
1006 7099762 
1007 7099762 
1008 7099762 
1009 7099762 
1010 7099762 
1011 7099762 
1012 7099762 
1013 7099762 
1014 7099762 
1015 7099762 
1016 7099762 
1017 7099762 
1018 7099762 
1019 7099762 
1020 7099762 
1021 7099762 
1022 7099762 
1023 7099762 
1024 7099762 
1025 7099762 
1026 7099762 
1027 7099762 
1028 7099762 
1029 7099762 
1030 7099762 
1031 7099762 
1032 7099762 
1033 7099762 
1034 7099762 
1035 7099762 
1036 7099762 
1037 7099762 
1038 7099762 
1039 7099762 
1040 7099762 
1041 7099762 
1042 7099762 
1043 7099762 
1044 7099762 
1045 7099762 
1046 7099762 
1047 7099762 
1048 7099762 
1049 7099762 
1050 7099762 
1051 7099762 
1052 7099762 
1053 7099762 
1054 7099762 
1055 7099762 
1056 7099762 
1057 7099762 
1058 7099762 
1059 7099762 
1060 7099762 
1061 7099762 
1062 7099762 
1063 7099762 
1064 7099762 
1065 7099762 
1066 7099762 
1067 7099762 
1068 7099762 
1069 7099762 
1070 7099762 
1071 7099762 
1072 7099762 
1073 7099762 
1074 7099762 
1075 7099762 
1076 7099762 
1077 7099762 
1078 7099762 
1079 7099762 
1080 7099762 
1081 7099762 
1082 7099762 
1083 7099762 
1084 7099762 
1085 7099762 
1086 7099762 
1087 7099762 
1088 7099762 
1089 7099762 
1090 7099762 
1091 7099762 
1092 7099762 
1093 7099762 
1094 7099762 
1095 7099762 
1096 7099762 
1097 7099762 
1098 7099762 
1099 7099762 
1100 7099762 
1101 7099762 
1102 7099762 
1103 7099762 
1104 7099762 
1105 7099762 
1106 7099762 
1107 7099762 
1108 7099762 
1109 7099762 
1110 7099762 
1111 7099762 
1112 7099762 
1113 7099762 
1114 7099762 
1115 7099762 
1116 7099762 
1117 7099762 
1118 7099762 
1119 7099762 
1120 7099762 
1121 7099762 
1122 7099762 
1123 7099762 
1124 7099762 
1125 7099762 
1126 7099762 
1127 7099762 
1128 7099762 
1129 7099762 
1130 7099762 
1131 7099762 
1132 7099762 
1133 7099762 
1134 7099762 
1135 7099762 
1136 7099762 
1137 7099762 
1138 7099762 
1139 7099762 
1140 7099762 
1141 7099762 
1142 7099762 
1143 7099762 
1144 7099762 
1145 7099762 
1146 7099762 
1147 7099762 
1148 7099762 
1149 7099762 
1150 7099762 
1151 7099762 
1152 7099762 
1153 7099762 
1154 7099762 
1155 7099762 
1156 7099762 
1157 7099762 
1158 7099762 
1159 7099762 
1160 7099762 
1161 7099762 
1162 7099762 
1163 7099762 
1164 7099762 
1165 7099762 
1166 7099762 
1167 7099762 
1168 7099762 
1169 7099762 
1170 7099762 
1171 7099762 
1172 7099762 
1173 7099762 
1174 7099762 
1175 7099762 
1176 7099762 
1177 7099762 
1178 7099762 
1179 7099762 
1180 7099762 
1181 7099762 
1182 7099762 
1183 7099762 
1184 7099762 
1185 7099762 
1186 7099762 
1187 7099762 
1188 7099762 
1189 7099762 
1190 7099762 
1191 7099762 
1192 7099762 
1193 7099762 
1194 7099762 
1195 7099762 
1196 7099762 
1197 7099762 
1198 7099762 
1199 7099762 
1200 7099762 
1201 7099762 
1202 7099762 
1203 7099762 
1204 7099762 
1205 7099762 
1206 7099762 
1207 7099762 
1208 7099762 
1209 7099762 
1210 7099762 
1211 7099762 
1212 7099762 
1213 7099762 
1214 7099762 
1215 7099762 
1216 7099762 
1217 7099762 
1218 7099762 
1219 7099762 
1220 7099762 
1221 7099762 
1222 7099762 
1223 7099762 
1224 7099762 
1225 7099762 
1226 7099762 
1227 7099762 
1228 7099762 
1229 7099762 
1230 7099762 
1231 7099762 
1232 7099762 
1233 7099762 
1234 7099762 
1235 7099762 
1236 7099762 
1237 7099762 
1238 7099762 
1239 7099762 
1240 7099762 
1241 7099762 
1242 7099762 
1243 7099762 
1244 7099762 
1245 7099762 
1246 7099762 
1247 7099762 
1248 7099762 
1249 7099762 
1250 7099762 
1251 7099762 
1252 7099762 
1253 7099762 
1254 7099762 
1255 7099762 
1256 7099762 
1257 7099762 
1258 7099762 
1259 7099762 
1260 7099762 
1261 7099762 
1262 7099762 
1263 7099762 
1264 7099762 
1265 7099762 
1266 7099762 
1267 7099762 
1268 7099762 
1269 7099762 
1270 7099762 
1271 7099762 
1272 7099762 
1273 7099762 
1274 7099762 
1275 7099762 
1276 7099762 
1277 7099762 
1278 7099762 
1279 7099762 
1280 7099762 
1281 7099762 
1282 7099762 
1283 7099762 
1284 7099762 
1285 7099762 
1286 7099762 
1287 7099762 
1288 7099762 
1289 7099762 
1290 7099762 
1291 7099762 
1292 7099762 
1293 7099762 
1294 7099762 
1295 7099762 
1296 7099762 
1297 7099762 
1298 7099762 
1299 7099762 
1300 7099762 
1301 7099762 
1302 7099762 
1303 7099762 
1304 7099762 
1305 7099762 
1306 7099762 
1307 7099762 
1308 7099762 
1309 7099762 
1310 7099762 
1311 7099762 
1312 7099762 
1313 7099762 
1314 7099762 
1315 7099762 
1316 7099762 
1317 7099762 
1318 7099762 
1319 7099762 
1320 7099762 
1321 7099762 
1322 7099762 
1323 7099762 
1324 7099762 
1325 7099762 
1326 7099762 
1327 7099762 
1328 7099762 
1329 7099762 
1330 7099762 
1331 7099762 
1332 7099762 
1333 7099762 
1334 7099762 
1335 7099762 
1336 7099762 
1337 7099762 
1338 7099762 
1339 7099762 
1340 7099762 
1341 7099762 
1342 7099762 
1343 7099762 
1344 7099762 
1345 7099762 
1346 7099762 
1347 7099762 
1348 7099762 
1349 7099762 
1350 7099762 
1351 7099762 
1352 7099762 
1353 7099762 
1354 7099762 
1355 7099762 
1356 7099762 
1357 7099762 
1358 7099762 
1359 7099762 
1360 7099762 
1361 7099762 
1362 7099762 
1363 7099762 
1364 7099762 
1365 7099762 
1366 7099762 
1367 7099762 
1368 7099762 
1369 7099762 
1370 7099762 
1371 7099762 
1372 7099762 
1373 7099762 
1374 7099762 
1375 7099762 
1376 7099762 
1377 7099762 
1378 7099762 
1379 7099762 
1380 7099762 
1381 7099762 
1382 7099762 
1383 7099762 
1384 7099762 
1385 7099762 
1386 7099762 
1387 7099762 
1388 7099762 
1389 7099762 
1390 7099762 
1391 7099762 
1392 7099762 
1393 7099762 
1394 7099762 
1395 7099762 
1396 7099762 
1397 7099762 
1398 7099762 
1399 7099762 
1400 7099762 
1401 7099762 
1402 7099762 
1403 7099762 
1404 7099762 
1405 7099762 
1406 7099762 
1407 7099762 
1408 7099762 
1409 7099762 
1410 7099762 
1411 7099762 
1412 7099762 
1413 7099762 
1414 7099762 
1415 7099762 
1416 7099762 
1417 7099762 
1418 7099762 
1419 7099762 
1420 7099762 
1421 7099762 
1422 7099762 
1423 7099762 
1424 7099762 
1425 7099762 
1426 7099762 
1427 7099762 
1428 7099762 
1429 7099762 
1430 7099762 
1431 7099762 
1432 7099762 
1433 7099762 
1434 7099762 
1435 7099762 
1436 7099762 
1437 7099762 
1438 7099762 
1439 7099762 
1440 7099762 
1441 7099762 
1442 7099762 
1443 7099762 
1444 7099762 
1445 7099762 
1446 7099762 
1447 7099762 
1448 7099762 
1449 7099762 
1450 7099762 
1451 7099762 
1452 7099762 
1453 7099762 
1454 7099762 
1455 7099762 
1456 7099762 
1457 7099762 
1458 7099762 
1459 7099762 
1460 7099762 
1461 7099762 
1462 7099762 
1463 7099762 
1464 7099762 
1465 7099762 
1466 7099762 
1467 7099762 
1468 7099762 
1469 7099762 
1470 7099762 
1471 7099762 
1472 7099762 
1473 7099762 
1474 7099762 
1475 7099762 
1476 7099762 
1477 7099762 
1478 7099762 
1479 7099762 
1480 7099762 
1481 7099762 
1482 7099762 
1483 7099762 
1484 7099762 
1485 7099762 
1486 7099762 
1487 7099762 
1488 7099762 
1489 7099762 
1490 7099762 
1491 7099762 
1492 7099762 
1493 7099762 
1494 7099762 
1495 7099762 
1496 7099762 
1497 7099762 
1498 7099762 
1499 7099762 
1500 7099762 
1501 7099762 
1502 7099762 
1503 7099762 
1504 7099762 
1505 7099762 
1506 7099762 
1507 7099762 
1508 7099762 
1509 7099762 
1510 7099762 
1511 7099762 
1512 7099762 
1513 7099762 
1514 7099762 
1515 7099762 
1516 7099762 
1517 7099762 
1518 7099762 
1519 7099762 
1520 7099762 
1521 7099762 
1522 7099762 
1523 7099762 
1524 7099762 
1525 7099762 
1526 7099762 
1527 7099762 
1528 7099762 
1529 7099762 
1530 7099762 
1531 7099762 
1532 7099762 
1533 7099762 
1534 7099762 
1535 7099762 
1536 7099762 
1537 7099762 
1538 7099762 
1539 7099762 
1540 7099762 
1541 7099762 
1542 7099762 
1543 7099762 
1544 7099762 
1545 7099762 
1546 7099762 
1547 7099762 
1548 7099762 
1549 7099762 
1550 7099762 
1551 7099762 
1552 7099762 
1553 7099762 
1554 7099762 
1555 7099762 
1556 7099762 
1557 7099762 
1558 7099762 
1559 7099762 
1560 7099762 
1561 7099762 
1562 7099762 
1563 7099762 
1564 7099762 
1565 7099762 
1566 7099762 
1567 7099762 
1568 7099762 
1569 7099762 
1570 7099762 
1571 7099762 
1572 7099762 
1573 7099762 
1574 7099762 
1575 7099762 
1576 7099762 
1577 7099762 
1578 7099762 
1579 7099762 
1580 7099762 
1581 7099762 
1582 7099762 
1583 7099762 
1584 7099762 
1585 7099762 
1586 7099762 
1587 7099762 
1588 7099762 
1589 7099762 
1590 7099762 
1591 7099762 
1592 7099762 
1593 7099762 
1594 7099762 
1595 7099762 
1596 7099762 
1597 7099762 
1598 7099762 
1599 7099762 
1600 7099762 
1601 7099762 
1602 7099762 
1603 7099762 
1604 7099762 
1605 7099762 
1606 7099762 
1607 7099762 
1608 7099762 
1609 7099762 
1610 7099762 
1611 7099762 
1612 7099762 
1613 7099762 
1614 7099762 
1615 7099762 
1616 7099762 
1617 7099762 
1618 7099762 
1619 7099762 
1620 7099762 
1621 7099762 
1622 7099762 
1623 7099762 
1624 7099762 
1625 7099762 
1626 7099762 
1627 7099762 
1628 7099762 
1629 7099762 
1630 7099762 
1631 7099762 
1632 7099762 
1633 7099762 
1634 7099762 
1635 7099762 
1636 7099762 
1637 7099762 
1638 7099762 
1639 7099762 
1640 7099762 
1641 7099762 
1642 7099762 
1643 7099762 
1644 7099762 
1645 7099762 
1646 7099762 
1647 7099762 
1648 7099762 
1649 7099762 
1650 7099762 
1651 7099762 
1652 7099762 
1653 7099762 
1654 7099762 
1655 7099762 
1656 7099762 
1657 7099762 
1658 7099762 
1659 7099762 
1660 7099762 
1661 7099762 
1662 7099762 
1663 7099762 
1664 7099762 
1665 7099762 
1666 7099762 
1667 7099762 
1668 7099762 
1669 7099762 
1670 7099762 
1671 7099762 
1672 7099762 
1673 7099762 
1674 7099762 
1675 7099762 
1676 7099762 
1677 7099762 
1678 7099762 
1679 7099762 
1680 7099762 
1681 7099762 
1682 7099762 
1683 7099762 
1684 7099762 
1685 7099762 
1686 7099762 
1687 7099762 
1688 7099762 
1689 7099762 
1690 7099762 
1691 7099762 
1692 7099762 
1693 7099762 
1694 7099762 
1695 7099762 
1696 7099762 
1697 7099762 
1698 7099762 
1699 7099762 
1700 7099762 
1701 7099762 
1702 7099762 
1703 7099762 
1704 7099762 
1705 7099762 
1706 7099762 
1707 7099762 
1708 7099762 
1709 7099762 
1710 7099762 
1711 7099762 
1712 7099762 
1713 7099762 
1714 7099762 
1715 7099762 
1716 7099762 
1717 7099762 
1718 7099762 
1719 7099762 
1720 7099762 
1721 7099762 
1722 7099762 
1723 7099762 
1724 7099762 
1725 7099762 
1726 7099762 
1727 7099762 
1728 7099762 
1729 7099762 
1730 7099762 
1731 7099762 
1732 7099762 
1733 7099762 
1734 7099762 
1735 7099762 
1736 7099762 
1737 7099762 
1738 7099762 
1739 7099762 
1740 7099762 
1741 7099762 
1742 7099762 
1743 7099762 
1744 7099762 
1745 7099762 
1746 7099762 
1747 7099762 
1748 7099762 
1749 7099762 
1750 7099762 
1751 7099762 
1752 7099762 
1753 7099762 
1754 7099762 
1755 7099762 
1756 7099762 
1757 7099762 
1758 7099762 
1759 7099762 
1760 7099762 
1761 7099762 
1762 7099762 
1763 7099762 
1764 7099762 
1765 7099762 
1766 7099762 
1767 7099762 
1768 7099762 
1769 7099762 
1770 7099762 
1771 7099762 
1772 7099762 
1773 7099762 
1774 7099762 
1775 7099762 
1776 7099762 
1777 7099762 
1778 7099762 
1779 7099762 
1780 7099762 
1781 7099762 
1782 7099762 
1783 7099762 
1784 7099762 
1785 7099762 
1786 7099762 
1787 7099762 
1788 7099762 
1789 7099762 
1790 7099762 
1791 7099762 
1792 7099762 
1793 7099762 
1794 7099762 
1795 7099762 
1796 7099762 
1797 7099762 
1798 7099762 
1799 7099762 
1800 7099762 
1801 7099762 
1802 7099762 
1803 7099762 
1804 7099762 
1805 7099762 
1806 7099762 
1807 7099762 
1808 7099762 
1809 7099762 
1810 7099762 
1811 7099762 
1812 7099762 
1813 7099762 
1814 7099762 
1815 7099762 
1816 7099762 
1817 7099762 
1818 7099762 
1819 7099762 
1820 7099762 
1821 7099762 
1822 7099762 
1823 7099762 
1824 7099762 
1825 7099762 
1826 7099762 
1827 7099762 
1828 7099762 
1829 7099762 
1830 7099762 
1831 7099762 
1832 7099762 
1833 7099762 
1834 7099762 
1835 7099762 
1836 7099762 
1837 7099762 
1838 7099762 
1839 7099762 
1840 7099762 
1841 7099762 
1842 7099762 
1843 7099762 
1844 7099762 
1845 7099762 
1846 7099762 
1847 7099762 
1848 7099762 
1849 7099762 
1850 7099762 
1851 7099762 
1852 7099762 
1853 7099762 
1854 7099762 
1855 7099762 
1856 7099762 
1857 7099762 
1858 7099762 
1859 7099762 
1860 7099762 
1861 7099762 
1862 7099762 
1863 7099762 
1864 7099762 
1865 7099762 
1866 7099762 
1867 7099762 
1868 7099762 
1869 7099762 
1870 7099762 
1871 7099762 
1872 7099762 
1873 7099762 
1874 7099762 
1875 7099762 
1876 7099762 
1877 7099762 
1878 7099762 
1879 7099762 
1880 7099762 
1881 7099762 
1882 7099762 
1883 7099762 
1884 7099762 
1885 7099762 
1886 7099762 
1887 7099762 
1888 7099762 
1889 7099762 
1890 7099762 
1891 7099762 
1892 7099762 
1893 7099762 
1894 7099762 
1895 7099762 
1896 7099762 
1897 7099762 
1898 7099762 
1899 7099762 
1900 7099762 
1901 7099762 
1902 7099762 
1903 7099762 
1904 7099762 
1905 7099762 
1906 7099762 
1907 7099762 
1908 7099762 
1909 7099762 
1910 7099762 
1911 7099762 
1912 7099762 
1913 7099762 
1914 7099762 
1915 7099762 
1916 7099762 
1917 7099762 
1918 7099762 
1919 7099762 
1920 7099762 
1921 7099762 
1922 7099762 
1923 7099762 
1924 7099762 
1925 7099762 
1926 7099762 
1927 7099762 
1928 7099762 
1929 7099762 
1930 7099762 
1931 7099762 
1932 7099762 
1933 7099762 
1934 7099762 
1935 7099762 
1936 7099762 
1937 7099762 
1938 7099762 
1939 7099762 
1940 7099762 
1941 7099762 
1942 7099762 
1943 7099762 
1944 7099762 
1945 7099762 
1946 7099762 
1947 7099762 
1948 7099762 
1949 7099762 
1950 7099762 
1951 7099762 
1952 7099762 
1953 7099762 
1954 7099762 
1955 7099762 
1956 7099762 
1957 7099762 
1958 7099762 
1959 7099762 
1960 7099762 
1961 7099762 
1962 7099762 
1963 7099762 
1964 7099762 
1965 7099762 
1966 7099762 
1967 7099762 
1968 7099762 
1969 7099762 
1970 7099762 
1971 7099762 
1972 7099762 
1973 7099762 
1974 7099762 
1975 7099762 
1976 7099762 
1977 7099762 
1978 7099762 
1979 7099762 
1980 7099762 
1981 7099762 
1982 7099762 
1983 7099762 
1984 7099762 
1985 7099762 
1986 7099762 
1987 7099762 
1988 7099762 
1989 7099762 
1990 7099762 
1991 7099762 
1992 7099762 
1993 7099762 
1994 7099762 
1995 7099762 
1996 7099762 
1997 7099762 
1998 7099762 
1999 7099762 
2000 7099762 
2001 7099762 
2002 7099762 
2003 7099762 
2004 7099762 
2005 7099762 
2006 7099762 
2007 7099762 
2008 7099762 
2009 7099762 
2010 7099762 
2011 7099762 
2012 7099762 
2013 7099762 
2014 7099762 
2015 7099762 
2016 7099762 
2017 7099762 
2018 7099762 
2019 7099762 
2020 7099762 
2021 7099762 
2022 7099762 
2023 7099762 
2024 7099762 
2025 7099762 
2026 7099762 
2027 7099762 
2028 7099762 
2029 7099762 
2030 7099762 
2031 7099762 
2032 7099762 
2033 7099762 
2034 7099762 
2035 7099762 
2036 7099762 
2037 7099762 
2038 7099762 
2039 7099762 
2040 7099762 
2041 7099762 
2042 7099762 
2043 7099762 
2044 7099762 
2045 7099762 
2046 7099762 
2047 7099762 
2048 7099762 
2049 7099762 
2050 7099762 
2051 7099762 
2052 7099762 
2053 7099762 
2054 7099762 
2055 7099762 
2056 7099762 
2057 7099762 
2058 7099762 
2059 7099762 
2060 7099762 
2061 7099762 
2062 7099762 
2063 7099762 
2064 7099762 
2065 7099762 
2066 7099762 
2067 7099762 
2068 7099762 
2069 7099762 
2070 7099762 
2071 7099762 
2072 7099762 
2073 7099762 
2074 7099762 
2075 7099762 
2076 7099762 
2077 7099762 
2078 7099762 
2079 7099762 
2080 7099762 
2081 7099762 
2082 7099762 
2083 7099762 
2084 7099762 
2085 7099762 
2086 7099762 
2087 7099762 
2088 7099762 
2089 7099762 
2090 7099762 
2091 7099762 
2092 7099762 
2093 7099762 
2094 7099762 
2095 7099762 
2096 7099762 
2097 7099762 
2098 7099762 
2099 7099762 
2100 7099762 
2101 7099762 
2102 7099762 
2103 7099762 
2104 7099762 
2105 7099762 
2106 7099762 
2107 7099762 
2108 7099762 
2109 7099762 
2110 7099762 
2111 7099762 
2112 7099762 
2113 7099762 
2114 7099762 
2115 7099762 
2116 7099762 
2117 7099762 
2118 7099762 
2119 7099762 
2120 7099762 
2121 7099762 
2122 7099762 
2123 7099762 
2124 7099762 
2125 7099762 
2126 7099762 
2127 7099762 
2128 7099762 
2129 7099762 
2130 7099762 
2131 7099762 
2132 7099762 
2133 7099762 
2134 7099762 
2135 7099762 
2136 7099762 
2137 7099762 
2138 7099762 
2139 7099762 
2140 7099762 
2141 7099762 
2142 7099762 
2143 7099762 
2144 7099762 
2145 7099762 
2146 7099762 
2147 7099762 
2148 7099762 
2149 7099762 
2150 7099762 
2151 7099762 
2152 7099762 
2153 7099762 
2154 7099762 
2155 7099762 
2156 7099762 
2157 7099762 
2158 7099762 
2159 7099762 
2160 7099762 
2161 7099762 
2162 7099762 
2163 7099762 
2164 7099762 
2165 7099762 
2166 7099762 
2167 7099762 
2168 7099762 
2169 7099762 
2170 7099762 
2171 7099762 
2172 7099762 
2173 7099762 
2174 7099762 
2175 7099762 
2176 7099762 
2177 7099762 
2178 7099762 
2179 7099762 
2180 7099762 
2181 7099762 
2182 7099762 
2183 7099762 
2184 7099762 
2185 7099762 
2186 7099762 
2187 7099762 
2188 7099762 
2189 7099762 
2190 7099762 
2191 7099762 
2192 7099762 
2193 7099762 
2194 7099762 
2195 7099762 
2196 7099762 
2197 7099762 
2198 7099762 
2199 7099762 
2200 7099762 
2201 7099762 
2202 7099762 
2203 7099762 
2204 7099762 
2205 7099762 
2206 7099762 
2207 7099762 
2208 7099762 
2209 7099762 
2210 7099762 
2211 7099762 
2212 7099762 
2213 7099762 
2214 7099762 
2215 7099762 
2216 7099762 
2217 7099762 
2218 7099762 
2219 7099762 
2220 7099762 
2221 7099762 
2222 7099762 
2223 7099762 
2224 7099762 
2225 7099762 
2226 7099762 
2227 7099762 
2228 7099762 
2229 7099762 
2230 7099762 
2231 7099762 
2232 7099762 
2233 7099762 
2234 7099762 
2235 7099762 
2236 7099762 
2237 7099762 
2238 7099762 
2239 7099762 
2240 7099762 
2241 7099762 
2242 7099762 
2243 7099762 
2244 7099762 
2245 7099762 
2246 7099762 
2247 7099762 
2248 7099762 
2249 7099762 
2250 7099762 
2251 7099762 
2252 7099762 
2253 7099762 
2254 7099762 
2255 7099762 
2256 7099762 
2257 7099762 
2258 7099762 
2259 7099762 
2260 7099762 
2261 7099762 
2262 7099762 
2263 7099762 
2264 7099762 
2265 7099762 
2266 7099762 
2267 7099762 
2268 7099762 
2269 7099762 
2270 7099762 
2271 7099762 
2272 7099762 
2273 7099762 
2274 7099762 
2275 7099762 
2276 7099762 
2277 7099762 
2278 7099762 
2279 7099762 
2280 7099762 
2281 7099762 
2282 7099762 
2283 7099762 
2284 7099762 
2285 7099762 
2286 7099762 
2287 7099762 
2288 7099762 
2289 7099762 
2290 7099762 
2291 7099762 
2292 7099762 
2293 7099762 
2294 7099762 
2295 7099762 
2296 7099762 
2297 7099762 
2298 7099762 
2299 7099762 
2300 7099762 
2301 7099762 
2302 7099762 
2303 7099762 
2304 7099762 
2305 7099762 
2306 7099762 
2307 7099762 
2308 7099762 
2309 7099762 
2310 7099762 
2311 7099762 
2312 7099762 
2313 7099762 
2314 7099762 
2315 7099762 
2316 7099762 
2317 7099762 
2318 7099762 
2319 7099762 
2320 7099762 
2321 7099762 
2322 7099762 
2323 7099762 
2324 7099762 
2325 7099762 
2326 7099762 
2327 7099762 
2328 7099762 
2329 7099762 
2330 7099762 
2331 7099762 
2332 7099762 
2333 7099762 
2334 7099762 
2335 7099762 
2336 7099762 
2337 7099762 
2338 7099762 
2339 7099762 
2340 7099762 
2341 7099762 
2342 7099762 
2343 7099762 
2344 7099762 
2345 7099762 
2346 7099762 
2347 7099762 
2348 7099762 
2349 7099762 
2350 7099762 
2351 7099762 
2352 7099762 
2353 7099762 
2354 7099762 
2355 7099762 
2356 7099762 
2357 7099762 
2358 7099762 
2359 7099762 
2360 7099762 
2361 7099762 
2362 7099762 
2363 7099762 
2364 7099762 
2365 7099762 
2366 7099762 
2367 7099762 
2368 7099762 
2369 7099762 
2370 7099762 
2371 7099762 
2372 7099762 
2373 7099762 
2374 7099762 
2375 7099762 
2376 7099762 
2377 7099762 
2378 7099762 
2379 7099762 
2380 7099762 
2381 7099762 
2382 7099762 
2383 7099762 
2384 7099762 
2385 7099762 
2386 7099762 
2387 7099762 
2388 7099762 
2389 7099762 
2390 7099762 
2391 7099762 
2392 7099762 
2393 7099762 
2394 7099762 
2395 7099762 
2396 7099762 
2397 7099762 
2398 7099762 
2399 7099762 
2400 7099762 
2401 7099762 
2402 7099762 
2403 7099762 
2404 7099762 
2405 7099762 
2406 7099762 
2407 7099762 
2408 7099762 
2409 7099762 
2410 7099762 
2411 7099762 
2412 7099762 
2413 7099762 
2414 7099762 
2415 7099762 
2416 7099762 
2417 7099762 
2418 7099762 
2419 7099762 
2420 7099762 
2421 7099762 
2422 7099762 
2423 7099762 
2424 7099762 
2425 7099762 
2426 7099762 
2427 7099762 
2428 7099762 
2429 7099762 
2430 7099762 
2431 7099762 
2432 7099762 
2433 7099762 
2434 7099762 
2435 7099762 
2436 7099762 
2437 7099762 
2438 7099762 
2439 7099762 
2440 7099762 
2441 7099762 
2442 7099762 
2443 7099762 
2444 7099762 
2445 7099762 
2446 7099762 
2447 7099762 
2448 7099762 
2449 7099762 
2450 7099762 
2451 7099762 
2452 7099762 
2453 7099762 
2454 7099762 
2455 7099762 
2456 7099762 
2457 7099762 
2458 7099762 
2459 7099762 
2460 7099762 
2461 7099762 
2462 7099762 
2463 7099762 
2464 7099762 
2465 7099762 
2466 7099762 
2467 7099762 
2468 7099762 
2469 7099762 
2470 7099762 
2471 7099762 
2472 7099762 
2473 7099762 
2474 7099762 
2475 7099762 
2476 7099762 
2477 7099762 
2478 7099762 
2479 7099762 
2480 7099762 
2481 7099762 
2482 7099762 
2483 7099762 
2484 7099762 
2485 7099762 
2486 7099762 
2487 7099762 
2488 7099762 
2489 7099762 
2490 7099762 
2491 7099762 
2492 7099762 
2493 7099762 
2494 7099762 
2495 7099762 
2496 7099762 
2497 7099762 
2498 7099762 
2499 7099762 
2500 7099762 
2501 7099762 
2502 7099762 
2503 7099762 
2504 7099762 
2505 7099762 
2506 7099762 
2507 7099762 
2508 7099762 
2509 7099762 
2510 7099762 
2511 7099762 
2512 7099762 
2513 7099762 
2514 7099762 
2515 7099762 
2516 7099762 
2517 7099762 
2518 7099762 
2519 7099762 
2520 7099762 
2521 7099762 
2522 7099762 
2523 7099762 
2524 7099762 
2525 7099762 
2526 7099762 
2527 7099762 
2528 7099762 
2529 7099762 
2530 7099762 
2531 7099762 
2532 7099762 
2533 7099762 
2534 7099762 
2535 7099762 
2536 7099762 
2537 7099762 
2538 7099762 
2539 7099762 
2540 7099762 
2541 7099762 
2542 7099762 
2543 7099762 
2544 7099762 
2545 7099762 
2546 7099762 
2547 7099762 
2548 7099762 
2549 7099762 
2550 7099762 
2551 7099762 
2552 7099762 
2553 7099762 
2554 7099762 
2555 7099762 
2556 7099762 
2557 7099762 
2558 7099762 
2559 7099762 
2560 7099762 
2561 7099762 
2562 7099762 
2563 7099762 
2564 7099762 
2565 7099762 
2566 7099762 
2567 7099762 
2568 7099762 
2569 7099762 
2570 7099762 
2571 7099762 
2572 7099762 
2573 7099762 
2574 7099762 
2575 7099762 
2576 7099762 
2577 7099762 
2578 7099762 
2579 7099762 
2580 7099762 
2581 7099762 
2582 7099762 
2583 7099762 
2584 7099762 
2585 7099762 
2586 7099762 
2587 7099762 
2588 7099762 
2589 7099762 
2590 7099762 
2591 7099762 
2592 7099762 
2593 7099762 
2594 7099762 
2595 7099762 
2596 7099762 
2597 7099762 
2598 7099762 
2599 7099762 
2600 7099762 
2601 7099762 
2602 7099762 
2603 7099762 
2604 7099762 
2605 7099762 
2606 7099762 
2607 7099762 
2608 7099762 
2609 7099762 
2610 7099762 
2611 7099762 
2612 7099762 
2613 7099762 
2614 7099762 
2615 7099762 
2616 7099762 
2617 7099762 
2618 7099762 
2619 7099762 
2620 7099762 
2621 7099762 
2622 7099762 
2623 7099762 
2624 7099762 
2625 7099762 
2626 7099762 
2627 7099762 
2628 7099762 
2629 7099762 
2630 7099762 
2631 7099762 
2632 7099762 
2633 7099762 
2634 7099762 
2635 7099762 
2636 7099762 
2637 7099762 
2638 7099762 
2639 7099762 
2640 7099762 
2641 7099762 
2642 7099762 
2643 7099762 
2644 7099762 
2645 7099762 
2646 7099762 
2647 7099762 
2648 7099762 
2649 7099762 
2650 7099762 
2651 7099762 
2652 7099762 
2653 7099762 
2654 7099762 
2655 7099762 
2656 7099762 
2657 7099762 
2658 7099762 
2659 7099762 
2660 7099762 
2661 7099762 
2662 7099762 
2663 7099762 
2664 7099762 
2665 7099762 
2666 7099762 
2667 7099762 
2668 7099762 
2669 7099762 
2670 7099762 
2671 7099762 
2672 7099762 
2673 7099762 
2674 7099762 
2675 7099762 
2676 7099762 
2677 7099762 
2678 7099762 
2679 7099762 
2680 7099762 
2681 7099762 
2682 7099762 
2683 7099762 
2684 7099762 
2685 7099762 
2686 7099762 
2687 7099762 
2688 7099762 
2689 7099762 
2690 7099762 
2691 7099762 
2692 7099762 
2693 7099762 
2694 7099762 
2695 7099762 
2696 7099762 
2697 7099762 
2698 7099762 
2699 7099762 
2700 7099762 
2701 7099762 
2702 7099762 
2703 7099762 
2704 7099762 
2705 7099762 
2706 7099762 
2707 7099762 
2708 7099762 
2709 7099762 
2710 7099762 
2711 7099762 
2712 7099762 
2713 7099762 
2714 7099762 
2715 7099762 
2716 7099762 
2717 7099762 
2718 7099762 
2719 7099762 
2720 7099762 
2721 7099762 
2722 7099762 
2723 7099762 
2724 7099762 
2725 7099762 
2726 7099762 
2727 7099762 
2728 7099762 
2729 7099762 
2730 7099762 
2731 7099762 
2732 7099762 
2733 7099762 
2734 7099762 
2735 7099762 
2736 7099762 
2737 7099762 
2738 7099762 
2739 7099762 
2740 7099762 
2741 7099762 
2742 7099762 
2743 7099762 
2744 7099762 
2745 7099762 
2746 7099762 
2747 7099762 
2748 7099762 
2749 7099762 
2750 7099762 
2751 7099762 
2752 7099762 
2753 7099762 
2754 7099762 
2755 7099762 
2756 7099762 
2757 7099762 
2758 7099762 
2759 7099762 
2760 7099762 
2761 7099762 
2762 7099762 
2763 7099762 
2764 7099762 
2765 7099762 
2766 7099762 
2767 7099762 
2768 7099762 
2769 7099762 
2770 7099762 
2771 7099762 
2772 7099762 
2773 7099762 
2774 7099762 
2775 7099762 
2776 7099762 
2777 7099762 
2778 7099762 
2779 7099762 
2780 7099762 
2781 7099762 
2782 7099762 
2783 7099762 
2784 7099762 
2785 7099762 
2786 7099762 
2787 7099762 
2788 7099762 
2789 7099762 
2790 7099762 
2791 7099762 
2792 7099762 
2793 7099762 
2794 7099762 
2795 7099762 
2796 7099762 
2797 7099762 
2798 7099762 
2799 7099762 
2800 7099762 
2801 7099762 
2802 7099762 
2803 7099762 
2804 7099762 
2805 7099762 
2806 7099762 
2807 7099762 
2808 7099762 
2809 7099762 
2810 7099762 
2811 7099762 
2812 7099762 
2813 7099762 
2814 7099762 
2815 7099762 
2816 7099762 
2817 7099762 
2818 7099762 
2819 7099762 
2820 7099762 
2821 7099762 
2822 7099762 
2823 7099762 
2824 7099762 
2825 7099762 
2826 7099762 
2827 7099762 
2828 7099762 
2829 7099762 
2830 7099762 
2831 7099762 
2832 7099762 
2833 7099762 
2834 7099762 
2835 7099762 
2836 7099762 
2837 7099762 
2838 7099762 
2839 7099762 
2840 7099762 
2841 7099762 
2842 7099762 
2843 7099762 
2844 7099762 
2845 7099762 
2846 7099762 
2847 7099762 
2848 7099762 
2849 7099762 
2850 7099762 
2851 7099762 
2852 7099762 
2853 7099762 
2854 7099762 
2855 7099762 
2856 7099762 
2857 7099762 
2858 7099762 
2859 7099762 
2860 7099762 
2861 7099762 
2862 7099762 
2863 7099762 
2864 7099762 
2865 7099762 
2866 7099762 
2867 7099762 
2868 7099762 
2869 7099762 
2870 7099762 
2871 7099762 
2872 7099762 
2873 7099762 
2874 7099762 
2875 7099762 
2876 7099762 
2877 7099762 
2878 7099762 
2879 7099762 
2880 7099762 
2881 7099762 
2882 7099762 
2883 7099762 
2884 7099762 
2885 7099762 
2886 7099762 
2887 7099762 
2888 7099762 
2889 7099762 
2890 7099762 
2891 7099762 
2892 7099762 
2893 7099762 
2894 7099762 
2895 7099762 
2896 7099762 
2897 7099762 
2898 7099762 
2899 7099762 
2900 7099762 
2901 7099762 
2902 7099762 
2903 7099762 
2904 7099762 
2905 7099762 
2906 7099762 
2907 7099762 
2908 7099762 
2909 7099762 
2910 7099762 
2911 7099762 
2912 7099762 
2913 7099762 
2914 7099762 
2915 7099762 
2916 7099762 
2917 7099762 
2918 7099762 
2919 7099762 
2920 7099762 
2921 7099762 
2922 7099762 
2923 7099762 
2924 7099762 
2925 7099762 
2926 7099762 
2927 7099762 
2928 7099762 
2929 7099762 
2930 7099762 
2931 7099762 
2932 7099762 
2933 7099762 
2934 7099762 
2935 7099762 
2936 7099762 
2937 7099762 
2938 7099762 
2939 7099762 
2940 7099762 
2941 7099762 
2942 7099762 
2943 7099762 
2944 7099762 
2945 7099762 
2946 7099762 
2947 7099762 
2948 7099762 
2949 7099762 
2950 7099762 
2951 7099762 
2952 7099762 
2953 7099762 
2954 7099762 
2955 7099762 
2956 7099762 
2957 7099762 
2958 7099762 
2959 7099762 
2960 7099762 
2961 7099762 
2962 7099762 
2963 7099762 
2964 7099762 
2965 7099762 
2966 7099762 
2967 7099762 
2968 7099762 
2969 7099762 
2970 7099762 
2971 7099762 
2972 7099762 
2973 7099762 
2974 7099762 
2975 7099762 
2976 7099762 
2977 7099762 
2978 7099762 
2979 7099762 
2980 7099762 
2981 7099762 
2982 7099762 
2983 7099762 
2984 7099762 
2985 7099762 
2986 7099762 
2987 7099762 
2988 7099762 
2989 7099762 
2990 7099762 
2991 7099762 
2992 7099762 
2993 7099762 
2994 7099762 
2995 7099762 
2996 7099762 
2997 7099762 
2998 7099762 
2999 7099762 
3000 7099762 
3001 7099762 
3002 7099762 
3003 7099762 
3004 7099762 
3005 7099762 
3006 7099762 
3007 7099762 
3008 7099762 
3009 7099762 
3010 7099762 
3011 7099762 
3012 7099762 
3013 7099762 
3014 7099762 
3015 7099762 
3016 7099762 
3017 7099762 
3018 7099762 
3019 7099762 
3020 7099762 
3021 7099762 
3022 7099762 
3023 7099762 
3024 7099762 

