0 4124866 
1 4102378 
2 4100753 
3 4088091 
4 4088042 
5 4086898 
6 4086820 
7 4086287 
8 4085455 
9 4085390 
10 4084305 
11 4083720 
12 4083699 
13 4080007 
14 4075418 
15 4075354 
16 4074717 
17 4074275 
18 4074002 
19 4073599 
20 4072514 
21 4072493 
22 4067293 
23 4066827 
24 4062977 
25 4059148 
26 4055772 
27 4054740 
28 4054740 
29 4051009 
30 4038789 
31 4038728 
32 4038052 
33 4035010 
34 4027202 
35 4027202 
36 4020130 
37 4017771 
38 4017687 
39 4016660 
40 4016596 
41 4016414 
42 4016180 
43 4015265 
44 4014212 
45 4010390 
46 4010130 
47 4009843 
48 4007575 
49 4007575 
50 3996706 
51 3996592 
52 3985816 
53 3985345 
54 3984872 
55 3984851 
56 3984823 
57 3984289 
58 3982456 
59 3981689 
60 3981598 
61 3974607 
62 3971227 
63 3966519 
64 3966207 
65 3966033 
66 3962102 
67 3961334 
68 3960568 
69 3959931 
70 3959784 
71 3959784 
72 3959623 
73 3958972 
74 3958959 
75 3957230 
76 3950997 
77 3950048 
78 3949456 
79 3949195 
80 3949195 
81 3947692 
82 3947048 
83 3946443 
84 3946422 
85 3946422 
86 3946163 
87 3946156 
88 3945925 
89 3945064 
90 3945048 
91 3945027 
92 3944985 
93 3944049 
94 3943657 
95 3943516 
96 3943418 
97 3942235 
98 3918731 
99 3917678 
100 3914492 
101 3903988 
102 3903783 
103 3903453 
104 3902172 
105 3897549 
106 3897549 
107 3897354 
108 3897265 
109 3896888 
110 3892858 
111 3891727 
112 3887673 
113 3887526 
114 3886928 
115 3884965 
116 3884939 
117 3884835 
118 3884409 
119 3880160 
120 3880160 
121 3878620 
122 3878567 
123 3875694 
124 3875527 
125 3875037 
126 3874876 
127 3874358 
128 3874274 
129 3873616 
130 3873115 
131 3872742 
132 3872339 
133 3872304 
134 3871689 
135 3871612 
136 3864501 
137 3863127 
138 3863043 
139 3863008 
140 3862973 
141 3862813 
142 3862653 
143 3862646 
144 3862632 
145 3862178 
146 3860683 
147 3858080 
148 3857035 
149 3856320 
150 3856285 
151 3856229 
152 3855274 
153 3852869 
154 3852862 
155 3852841 
156 3852698 
157 3852347 
158 3852340 
159 3852319 
160 3852284 
161 3851985 
162 3851985 
163 3851985 
164 3851487 
165 3851487 
166 3851128 
167 3851121 
168 3851121 
169 3851093 
170 3850065 
171 3850044 
172 3850044 
173 3850009 
174 3849801 
175 3849801 
176 3849794 
177 3849594 
178 3849566 
179 3849524 
180 3849469 
181 3849170 
182 3849114 
183 3848709 
184 3848579 
185 3847968 
186 3843703 
187 3843598 
188 3843551 
189 3841538 
190 3841041 
191 3840592 
192 3840585 
193 3840508 
194 3839972 
195 3831896 
196 3831889 
197 3831103 
198 3831103 
199 3831061 
200 3831061 
201 3831061 
202 3830746 
203 3829353 
204 3828898 
205 3828863 
206 3828697 
207 3828677 
208 3825565 
209 3825565 
210 3825565 
211 3825311 
212 3825311 
213 3824992 
214 3824992 
215 3824966 
216 3824577 
217 3824447 
218 3824291 
219 3824291 
220 3824278 
221 3824278 
222 3824239 
223 3824239 
224 3823874 
225 3823744 
226 3823744 
227 3823737 
228 3823643 
229 3823643 
230 3823643 
231 3823643 
232 3823643 
233 3823643 
234 3823600 
235 3823600 
236 3823600 
237 3823231 
238 3823168 
239 3823133 
240 3823133 
241 3823133 
242 3822981 
243 3822835 
244 3822806 
245 3822575 
246 3822554 
247 3822495 
248 3822460 
249 3822335 
250 3822328 
251 3822321 
252 3822321 
253 3822237 
254 3822237 
255 3822237 
256 3822237 
257 3822230 
258 3822133 
259 3822133 
260 3822133 
261 3822133 
262 3822133 
263 3822133 
264 3822133 
265 3822090 
266 3822083 
267 3822083 
268 3822083 
269 3822083 
270 3822083 
271 3822083 
272 3822083 
273 3822083 
274 3822083 
275 3822083 
276 3822083 
277 3822083 
278 3822083 
279 3822083 
280 3822083 
281 3822083 
282 3822083 
283 3822083 
284 3822083 
285 3822083 
286 3822083 
287 3822083 
288 3822083 
289 3822083 
290 3822083 
291 3822083 
292 3822083 
293 3822083 
294 3822083 
295 3822083 
296 3822083 
297 3822083 
298 3822083 
299 3822083 
300 3822083 
301 3822083 
302 3822083 
303 3822083 
304 3822083 
305 3822083 
306 3822083 
307 3822083 
308 3822083 
309 3822083 
310 3822083 
311 3822083 
312 3822083 
313 3822083 
314 3822083 
315 3822083 
316 3822083 
317 3822083 
318 3822083 
319 3822083 
320 3822083 
321 3822083 
322 3822083 
323 3822083 
324 3822083 
325 3822083 
326 3822083 
327 3822083 
328 3822083 
329 3822083 
330 3822083 
331 3822083 
332 3822083 
333 3822083 
334 3822083 
335 3822083 
336 3822083 
337 3822083 
338 3822083 
339 3822083 
340 3822083 
341 3822083 
342 3822083 
343 3822083 
344 3822083 
345 3822083 
346 3822083 
347 3822083 
348 3822083 
349 3822083 
350 3822083 
351 3822083 
352 3822083 
353 3822083 
354 3822083 
355 3822083 
356 3822083 
357 3822083 
358 3822083 
359 3822083 
360 3822083 
361 3822083 
362 3822083 
363 3822083 
364 3822083 
365 3822083 
366 3822083 
367 3822083 
368 3822083 
369 3822083 
370 3822083 
371 3822083 
372 3822083 
373 3822083 
374 3822083 
375 3822083 
376 3822083 
377 3822083 
378 3822083 
379 3822083 
380 3822083 
381 3822083 
382 3822083 
383 3822083 
384 3822083 
385 3822083 
386 3822083 
387 3822083 
388 3822083 
389 3822083 
390 3822083 
391 3822083 
392 3822083 
393 3822083 
394 3822083 
395 3822083 
396 3822083 
397 3822083 
398 3822083 
399 3822083 
400 3822083 
401 3822083 
402 3822083 
403 3822083 
404 3822083 
405 3822083 
406 3822083 
407 3822083 
408 3822083 
409 3822083 
410 3822083 
411 3822083 
412 3822083 
413 3822083 
414 3822083 
415 3822083 
416 3822083 
417 3822083 
418 3822083 
419 3822083 
420 3822083 
421 3822083 
422 3822083 
423 3822083 
424 3822083 
425 3822083 
426 3822083 
427 3822083 
428 3822083 
429 3822083 
430 3822083 
431 3822083 
432 3822083 
433 3822083 
434 3822083 
435 3822083 
436 3822083 
437 3822083 
438 3822083 
439 3822083 
440 3822083 
441 3822083 
442 3822083 
443 3822083 
444 3822083 
445 3822083 
446 3822083 
447 3822083 
448 3822083 
449 3822083 
450 3822083 
451 3822083 
452 3822083 
453 3822083 
454 3822083 
455 3822083 
456 3822083 
457 3822083 
458 3822083 
459 3822083 
460 3822083 
461 3822083 
462 3822083 
463 3822083 
464 3822083 
465 3822083 
466 3822083 
467 3822083 
468 3822083 
469 3822083 
470 3822083 
471 3822083 
472 3822083 
473 3822083 
474 3822083 
475 3822083 
476 3822083 
477 3822083 
478 3822083 
479 3822083 
480 3822083 
481 3822083 
482 3822083 
483 3822083 
484 3822083 
485 3822083 
486 3822083 
487 3822083 
488 3822083 
489 3822083 
490 3822083 
491 3822083 
492 3822083 
493 3822083 
494 3822083 
495 3822083 
496 3822083 
497 3822083 
498 3822083 
499 3822083 
500 3822083 
501 3822083 
502 3822083 
503 3822083 
504 3822083 
505 3822083 
506 3822083 
507 3822083 
508 3822083 
509 3822083 
510 3822083 
511 3822083 
512 3822083 
513 3822083 
514 3822083 
515 3822083 
516 3822083 
517 3822083 
518 3822083 
519 3822083 
520 3822083 
521 3822083 
522 3822083 
523 3822083 
524 3822083 
525 3822083 
526 3822083 
527 3822083 
528 3822083 
529 3822083 
530 3822083 
531 3822083 
532 3822083 
533 3822083 
534 3822083 
535 3822083 
536 3822083 
537 3822083 
538 3822083 
539 3822083 
540 3822083 
541 3822083 
542 3822083 
543 3822083 
544 3822083 
545 3822083 
546 3822083 
547 3822083 
548 3822083 
549 3822083 
550 3822083 
551 3822083 
552 3822083 
553 3822083 
554 3822083 
555 3822083 
556 3822083 
557 3822083 
558 3822083 
559 3822083 
560 3822083 
561 3822083 
562 3822083 
563 3822083 
564 3822083 
565 3822083 
566 3822083 
567 3822083 
568 3822083 
569 3822083 
570 3822083 
571 3822083 
572 3822083 
573 3822083 
574 3822083 
575 3822083 
576 3822083 
577 3822083 
578 3822083 
579 3822083 
580 3822083 
581 3822083 
582 3822083 
583 3822083 
584 3822083 
585 3822083 
586 3822083 
587 3822083 
588 3822083 
589 3822083 
590 3822083 
591 3822083 
592 3822083 
593 3822083 
594 3822083 
595 3822083 
596 3822083 
597 3822083 
598 3822083 
599 3822083 
600 3822083 
601 3822083 
602 3822083 
603 3822083 
604 3822083 
605 3822083 
606 3822083 
607 3822083 
608 3822083 
609 3822083 
610 3822083 
611 3822083 
612 3822083 
613 3822083 
614 3822083 
615 3822083 
616 3822083 
617 3822083 
618 3822083 
619 3822083 
620 3822083 
621 3822083 
622 3822083 
623 3822083 
624 3822083 
625 3822083 
626 3822083 
627 3822083 
628 3822083 
629 3822083 
630 3822083 
631 3822083 
632 3822083 
633 3822083 
634 3822083 
635 3822083 
636 3822083 
637 3822083 
638 3822083 
639 3822083 
640 3822083 
641 3822083 
642 3822083 
643 3822083 
644 3822083 
645 3822083 
646 3822083 
647 3822083 
648 3822083 
649 3822083 
650 3822083 
651 3822083 
652 3822083 
653 3822083 
654 3822083 
655 3822083 
656 3822083 
657 3822083 
658 3822083 
659 3822083 
660 3822083 
661 3822083 
662 3822083 
663 3822083 
664 3822083 
665 3822083 
666 3822083 
667 3822083 
668 3822083 
669 3822083 
670 3822083 
671 3822083 
672 3822083 
673 3822083 
674 3822083 
675 3822083 
676 3822083 
677 3822083 
678 3822083 
679 3822083 
680 3822083 
681 3822083 
682 3822083 
683 3822083 
684 3822083 
685 3822083 
686 3822083 
687 3822083 
688 3822083 
689 3822083 
690 3822083 
691 3822083 
692 3822083 
693 3822083 
694 3822083 
695 3822083 
696 3822083 
697 3822083 
698 3822083 
699 3822083 
700 3822083 
701 3822083 
702 3822083 
703 3822083 
704 3822083 
705 3822083 
706 3822083 
707 3822083 
708 3822083 
709 3822083 
710 3822083 
711 3822083 
712 3822083 
713 3822083 
714 3822083 
715 3822083 
716 3822083 
717 3822083 
718 3822083 
719 3822083 
720 3822083 
721 3822083 
722 3822083 
723 3822083 
724 3822083 
725 3822083 
726 3822083 
727 3822083 
728 3822083 
729 3822083 
730 3822083 
731 3822083 
732 3822083 
733 3822083 
734 3822083 
735 3822083 
736 3822083 
737 3822083 
738 3822083 
739 3822083 
740 3822083 
741 3822083 
742 3822083 
743 3822083 
744 3822083 
745 3822083 
746 3822083 
747 3822083 
748 3822083 
749 3822083 
750 3822083 
751 3822083 
752 3822083 
753 3822083 
754 3822083 
755 3822083 
756 3822083 
757 3822083 
758 3822083 
759 3822083 
760 3822083 
761 3822083 
762 3822083 
763 3822083 
764 3822083 
765 3822083 
766 3822083 
767 3822083 
768 3822083 
769 3822083 
770 3822083 
771 3822083 
772 3822083 
773 3822083 
774 3822083 
775 3822083 
776 3822083 
777 3822083 
778 3822083 
779 3822083 
780 3822083 
781 3822083 
782 3822083 
783 3822083 
784 3822083 
785 3822083 
786 3822083 
787 3822083 
788 3822083 
789 3822083 
790 3822083 
791 3822083 
792 3822083 
793 3822083 
794 3822083 
795 3822083 
796 3822083 
797 3822083 
798 3822083 
799 3822083 
800 3822083 
801 3822083 
802 3822083 
803 3822083 
804 3822083 
805 3822083 
806 3822083 
807 3822083 
808 3822083 
809 3822083 
810 3822083 
811 3822083 
812 3822083 
813 3822083 
814 3822083 
815 3822083 
816 3822083 
817 3822083 
818 3822083 
819 3822083 
820 3822083 
821 3822083 
822 3822083 
823 3822083 
824 3822083 
825 3822083 
826 3822083 
827 3822083 
828 3822083 
829 3822083 
830 3822083 
831 3822083 
832 3822083 
833 3822083 
834 3822083 
835 3822083 
836 3822083 
837 3822083 
838 3822083 
839 3822083 
840 3822083 
841 3822083 
842 3822083 
843 3822083 
844 3822083 
845 3822083 
846 3822083 
847 3822083 
848 3822083 
849 3822083 
850 3822083 
851 3822083 
852 3822083 
853 3822083 
854 3822083 
855 3822083 
856 3822083 
857 3822083 
858 3822083 
859 3822083 
860 3822083 
861 3822083 
862 3822083 
863 3822083 
864 3822083 
865 3822083 
866 3822083 
867 3822083 
868 3822083 
869 3822083 
870 3822083 
871 3822083 
872 3822083 
873 3822083 
874 3822083 
875 3822083 
876 3822083 
877 3822083 
878 3822083 
879 3822083 
880 3822083 
881 3822083 
882 3822083 
883 3822083 
884 3822083 
885 3822083 
886 3822083 
887 3822083 
888 3822083 
889 3822083 
890 3822083 
891 3822083 
892 3822083 
893 3822083 
894 3822083 
895 3822083 
896 3822083 
897 3822083 
898 3822083 
899 3822083 
900 3822083 
901 3822083 
902 3822083 
903 3822083 
904 3822083 
905 3822083 
906 3822083 
907 3822083 
908 3822083 
909 3822083 
910 3822083 
911 3822083 
912 3822083 
913 3822083 
914 3822083 
915 3822083 
916 3822083 
917 3822083 
918 3822083 
919 3822083 
920 3822083 
921 3822083 
922 3822083 
923 3822083 
924 3822083 
925 3822083 
926 3822083 
927 3822083 
928 3822083 
929 3822083 
930 3822083 
931 3822083 
932 3822083 
933 3822083 
934 3822083 
935 3822083 
936 3822083 
937 3822083 
938 3822083 
939 3822083 
940 3822083 
941 3822083 
942 3822083 
943 3822083 
944 3822083 
945 3822083 
946 3822083 
947 3822083 
948 3822083 
949 3822083 
950 3822083 
951 3822083 
952 3822083 
953 3822083 
954 3822083 
955 3822083 
956 3822083 
957 3822083 
958 3822083 
959 3822083 
960 3822083 
961 3822083 
962 3822083 
963 3822083 
964 3822083 
965 3822083 
966 3822083 
967 3822083 
968 3822083 
969 3822083 
970 3822083 
971 3822083 
972 3822083 
973 3822083 
974 3822083 
975 3822083 
976 3822083 
977 3822083 
978 3822083 
979 3822083 
980 3822083 
981 3822083 
982 3822083 
983 3822083 
984 3822083 
985 3822083 
986 3822083 
987 3822083 
988 3822083 
989 3822083 
990 3822083 
991 3822083 
992 3822083 
993 3822083 
994 3822083 
995 3822083 
996 3822083 
997 3822083 
998 3822083 
999 3822083 
1000 3822083 
1001 3822083 
1002 3822083 
1003 3822083 
1004 3822083 
1005 3822083 
1006 3822083 
1007 3822083 
1008 3822083 
1009 3822083 
1010 3822083 
1011 3822083 
1012 3822083 
1013 3822083 
1014 3822083 
1015 3822083 
1016 3822083 
1017 3822083 
1018 3822083 
1019 3822083 
1020 3822083 
1021 3822083 
1022 3822083 
1023 3822083 
1024 3822083 
1025 3822083 
1026 3822083 
1027 3822083 
1028 3822083 
1029 3822083 
1030 3822083 
1031 3822083 
1032 3822083 
1033 3822083 
1034 3822083 
1035 3822083 
1036 3822083 
1037 3822083 
1038 3822083 
1039 3822083 
1040 3822083 
1041 3822083 
1042 3822083 
1043 3822083 
1044 3822083 
1045 3822083 
1046 3822083 
1047 3822083 
1048 3822083 
1049 3822083 
1050 3822083 
1051 3822083 
1052 3822083 
1053 3822083 
1054 3822083 
1055 3822083 
1056 3822083 
1057 3822083 
1058 3822083 
1059 3822083 
1060 3822083 
1061 3822083 
1062 3822083 
1063 3822083 
1064 3822083 
1065 3822083 
1066 3822083 
1067 3822083 
1068 3822083 
1069 3822083 
1070 3822083 
1071 3822083 
1072 3822083 
1073 3822083 
1074 3822083 
1075 3822083 
1076 3822083 
1077 3822083 
1078 3822083 
1079 3822083 
1080 3822083 
1081 3822083 
1082 3822083 
1083 3822083 
1084 3822083 
1085 3822083 
1086 3822083 
1087 3822083 
1088 3822083 
1089 3822083 
1090 3822083 
1091 3822083 
1092 3822083 
1093 3822083 
1094 3822083 
1095 3822083 
1096 3822083 
1097 3822083 
1098 3822083 
1099 3822083 
1100 3822083 
1101 3822083 
1102 3822083 
1103 3822083 
1104 3822083 
1105 3822083 
1106 3822083 
1107 3822083 
1108 3822083 
1109 3822083 
1110 3822083 
1111 3822083 
1112 3822083 
1113 3822083 
1114 3822083 
1115 3822083 
1116 3822083 
1117 3822083 
1118 3822083 
1119 3822083 
1120 3822083 
1121 3822083 
1122 3822083 
1123 3822083 
1124 3822083 
1125 3822083 
1126 3822083 
1127 3822083 
1128 3822083 
1129 3822083 
1130 3822083 
1131 3822083 
1132 3822083 
1133 3822083 
1134 3822083 
1135 3822083 
1136 3822083 
1137 3822083 
1138 3822083 
1139 3822083 
1140 3822083 
1141 3822083 
1142 3822083 
1143 3822083 
1144 3822083 
1145 3822083 
1146 3822083 
1147 3822083 
1148 3822083 
1149 3822083 
1150 3822083 
1151 3822083 
1152 3822083 
1153 3822083 
1154 3822083 
1155 3822083 
1156 3822083 
1157 3822083 
1158 3822083 
1159 3822083 
1160 3822083 
1161 3822083 
1162 3822083 
1163 3822083 
1164 3822083 
1165 3822083 
1166 3822083 
1167 3822083 
1168 3822083 
1169 3822083 
1170 3822083 
1171 3822083 
1172 3822083 
1173 3822083 
1174 3822083 
1175 3822083 
1176 3822083 
1177 3822083 
1178 3822083 
1179 3822083 
1180 3822083 
1181 3822083 
1182 3822083 
1183 3822083 
1184 3822083 
1185 3822083 
1186 3822083 
1187 3822083 
1188 3822083 
1189 3822083 
1190 3822083 
1191 3822083 
1192 3822083 
1193 3822083 
1194 3822083 
1195 3822083 
1196 3822083 
1197 3822083 
1198 3822083 
1199 3822083 
1200 3822083 
1201 3822083 
1202 3822083 
1203 3822083 
1204 3822083 
1205 3822083 
1206 3822083 
1207 3822083 
1208 3822083 
1209 3822083 
1210 3822083 
1211 3822083 
1212 3822083 
1213 3822083 
1214 3822083 
1215 3822083 
1216 3822083 
1217 3822083 
1218 3822083 
1219 3822083 
1220 3822083 
1221 3822083 
1222 3822083 
1223 3822083 
1224 3822083 
1225 3822083 
1226 3822083 
1227 3822083 
1228 3822083 
1229 3822083 
1230 3822083 
1231 3822083 
1232 3822083 
1233 3822083 
1234 3822083 
1235 3822083 
1236 3822083 
1237 3822083 
1238 3822083 
1239 3822083 
1240 3822083 
1241 3822083 
1242 3822083 
1243 3822083 
1244 3822083 
1245 3822083 
1246 3822083 
1247 3822083 
1248 3822083 
1249 3822083 
1250 3822083 
1251 3822083 
1252 3822083 
1253 3822083 
1254 3822083 
1255 3822083 
1256 3822083 
1257 3822083 
1258 3822083 
1259 3822083 
1260 3822083 
1261 3822083 
1262 3822083 
1263 3822083 
1264 3822083 
1265 3822083 
1266 3822083 
1267 3822083 
1268 3822083 
1269 3822083 
1270 3822083 
1271 3822083 
1272 3822083 
1273 3822083 
1274 3822083 
1275 3822083 
1276 3822083 
1277 3822083 
1278 3822083 
1279 3822083 
1280 3822083 
1281 3822083 
1282 3822083 
1283 3822083 
1284 3822083 
1285 3822083 
1286 3822083 
1287 3822083 
1288 3822083 
1289 3822083 
1290 3822083 
1291 3822083 
1292 3822083 
1293 3822083 
1294 3822083 
1295 3822083 
1296 3822083 
1297 3822083 
1298 3822083 
1299 3822083 
1300 3822083 
1301 3822083 
1302 3822083 
1303 3822083 
1304 3822083 
1305 3822083 
1306 3822083 
1307 3822083 
1308 3822083 
1309 3822083 
1310 3822083 
1311 3822083 
1312 3822083 
1313 3822083 
1314 3822083 
1315 3822083 
1316 3822083 
1317 3822083 
1318 3822083 
1319 3822083 
1320 3822083 
1321 3822083 
1322 3822083 
1323 3822083 
1324 3822083 
1325 3822083 
1326 3822083 
1327 3822083 
1328 3822083 
1329 3822083 
1330 3822083 
1331 3822083 
1332 3822083 
1333 3822083 
1334 3822083 
1335 3822083 
1336 3822083 
1337 3822083 
1338 3822083 
1339 3822083 
1340 3822083 
1341 3822083 
1342 3822083 
1343 3822083 
1344 3822083 
1345 3822083 
1346 3822083 
1347 3822083 
1348 3822083 
1349 3822083 
1350 3822083 
1351 3822083 
1352 3822083 
1353 3822083 
1354 3822083 
1355 3822083 
1356 3822083 
1357 3822083 
1358 3822083 
1359 3822083 
1360 3822083 
1361 3822083 
1362 3822083 
1363 3822083 
1364 3822083 
1365 3822083 
1366 3822083 
1367 3822083 
1368 3822083 
1369 3822083 
1370 3822083 
1371 3822083 
1372 3822083 
1373 3822083 
1374 3822083 
1375 3822083 
1376 3822083 
1377 3822083 
1378 3822083 
1379 3822083 
1380 3822083 
1381 3822083 
1382 3822083 
1383 3822083 
1384 3822083 
1385 3822083 
1386 3822083 
1387 3822083 
1388 3822083 
1389 3822083 
1390 3822083 
1391 3822083 
1392 3822083 
1393 3822083 
1394 3822083 
1395 3822083 
1396 3822083 
1397 3822083 
1398 3822083 
1399 3822083 
1400 3822083 
1401 3822083 
1402 3822083 
1403 3822083 
1404 3822083 
1405 3822083 
1406 3822083 
1407 3822083 
1408 3822083 
1409 3822083 
1410 3822083 
1411 3822083 
1412 3822083 
1413 3822083 
1414 3822083 
1415 3822083 
1416 3822083 
1417 3822083 
1418 3822083 
1419 3822083 
1420 3822083 
1421 3822083 
1422 3822083 
1423 3822083 
1424 3822083 
1425 3822083 
1426 3822083 
1427 3822083 
1428 3822083 
1429 3822083 
1430 3822083 
1431 3822083 
1432 3822083 
1433 3822083 
1434 3822083 
1435 3822083 
1436 3822083 
1437 3822083 
1438 3822083 
1439 3822083 
1440 3822083 
1441 3822083 
1442 3822083 
1443 3822083 
1444 3822083 
1445 3822083 
1446 3822083 
1447 3822083 
1448 3822083 
1449 3822083 
1450 3822083 
1451 3822083 
1452 3822083 
1453 3822083 
1454 3822083 
1455 3822083 
1456 3822083 
1457 3822083 
1458 3822083 
1459 3822083 
1460 3822083 
1461 3822083 
1462 3822083 
1463 3822083 
1464 3822083 
1465 3822083 
1466 3822083 
1467 3822083 
1468 3822083 
1469 3822083 
1470 3822083 
1471 3822083 
1472 3822083 
1473 3822083 
1474 3822083 
1475 3822083 
1476 3822083 
1477 3822083 
1478 3822083 
1479 3822083 
1480 3822083 
1481 3822083 
1482 3822083 
1483 3822083 
1484 3822083 
1485 3822083 
1486 3822083 
1487 3822083 
1488 3822083 
1489 3822083 
1490 3822083 
1491 3822083 
1492 3822083 
1493 3822083 
1494 3822083 
1495 3822083 
1496 3822083 
1497 3822083 
1498 3822083 
1499 3822083 
1500 3822083 
1501 3822083 
1502 3822083 
1503 3822083 
1504 3822083 
1505 3822083 
1506 3822083 
1507 3822083 
1508 3822083 
1509 3822083 
1510 3822083 
1511 3822083 
1512 3822083 
1513 3822083 
1514 3822083 
1515 3822083 
1516 3822083 
1517 3822083 
1518 3822083 
1519 3822083 
1520 3822083 
1521 3822083 
1522 3822083 
1523 3822083 
1524 3822083 
1525 3822083 
1526 3822083 
1527 3822083 
1528 3822083 
1529 3822083 
1530 3822083 
1531 3822083 
1532 3822083 
1533 3822083 
1534 3822083 
1535 3822083 
1536 3822083 
1537 3822083 
1538 3822083 
1539 3822083 
1540 3822083 
1541 3822083 
1542 3822083 
1543 3822083 
1544 3822083 
1545 3822083 
1546 3822083 
1547 3822083 
1548 3822083 
1549 3822083 
1550 3822083 
1551 3822083 
1552 3822083 
1553 3822083 
1554 3822083 
1555 3822083 
1556 3822083 
1557 3822083 
1558 3822083 
1559 3822083 
1560 3822083 
1561 3822083 
1562 3822083 
1563 3822083 
1564 3822083 
1565 3822083 
1566 3822083 
1567 3822083 
1568 3822083 
1569 3822083 
1570 3822083 
1571 3822083 
1572 3822083 
1573 3822083 
1574 3822083 
1575 3822083 
1576 3822083 
1577 3822083 
1578 3822083 
1579 3822083 
1580 3822083 
1581 3822083 
1582 3822083 
1583 3822083 
1584 3822083 
1585 3822083 
1586 3822083 
1587 3822083 
1588 3822083 
1589 3822083 
1590 3822083 
1591 3822083 
1592 3822083 
1593 3822083 
1594 3822083 
1595 3822083 
1596 3822083 
1597 3822083 
1598 3822083 
1599 3822083 
1600 3822083 
1601 3822083 
1602 3822083 
1603 3822083 
1604 3822083 
1605 3822083 
1606 3822083 
1607 3822083 
1608 3822083 
1609 3822083 
1610 3822083 
1611 3822083 
1612 3822083 
1613 3822083 
1614 3822083 
1615 3822083 
1616 3822083 
1617 3822083 
1618 3822083 
1619 3822083 
1620 3822083 
1621 3822083 
1622 3822083 
1623 3822083 
1624 3822083 
1625 3822083 
1626 3822083 
1627 3822083 
1628 3822083 
1629 3822083 
1630 3822083 
1631 3822083 
1632 3822083 
1633 3822083 
1634 3822083 
1635 3822083 
1636 3822083 
1637 3822083 
1638 3822083 
1639 3822083 
1640 3822083 
1641 3822083 
1642 3822083 
1643 3822083 
1644 3822083 
1645 3822083 
1646 3822083 
1647 3822083 
1648 3822083 
1649 3822083 
1650 3822083 
1651 3822083 
1652 3822083 
1653 3822083 
1654 3822083 
1655 3822083 
1656 3822083 
1657 3822083 
1658 3822083 
1659 3822083 
1660 3822083 
1661 3822083 
1662 3822083 
1663 3822083 
1664 3822083 
1665 3822083 
1666 3822083 
1667 3822083 
1668 3822083 
1669 3822083 
1670 3822083 
1671 3822083 
1672 3822083 
1673 3822083 
1674 3822083 
1675 3822083 
1676 3822083 
1677 3822083 
1678 3822083 
1679 3822083 
1680 3822083 
1681 3822083 
1682 3822083 
1683 3822083 
1684 3822083 
1685 3822083 
1686 3822083 
1687 3822083 
1688 3822083 
1689 3822083 
1690 3822083 
1691 3822083 
1692 3822083 
1693 3822083 
1694 3822083 
1695 3822083 
1696 3822083 
1697 3822083 
1698 3822083 
1699 3822083 
1700 3822083 
1701 3822083 
1702 3822083 
1703 3822083 
1704 3822083 
1705 3822083 
1706 3822083 
1707 3822083 
1708 3822083 
1709 3822083 
1710 3822083 
1711 3822083 
1712 3822083 
1713 3822083 
1714 3822083 
1715 3822083 
1716 3822083 
1717 3822083 
1718 3822083 
1719 3822083 
1720 3822083 
1721 3822083 
1722 3822083 
1723 3822083 
1724 3822083 
1725 3822083 
1726 3822083 
1727 3822083 
1728 3822083 
1729 3822083 
1730 3822083 
1731 3822083 
1732 3822083 
1733 3822083 
1734 3822083 
1735 3822083 
1736 3822083 
1737 3822083 
1738 3822083 
1739 3822083 
1740 3822083 
1741 3822083 
1742 3822083 
1743 3822083 
1744 3822083 
1745 3822083 
1746 3822083 
1747 3822083 
1748 3822083 
1749 3822083 
1750 3822083 
1751 3822083 
1752 3822083 
1753 3822083 
1754 3822083 
1755 3822083 
1756 3822083 
1757 3822083 
1758 3822083 
1759 3822083 
1760 3822083 
1761 3822083 
1762 3822083 
1763 3822083 
1764 3822083 
1765 3822083 
1766 3822083 
1767 3822083 
1768 3822083 
1769 3822083 
1770 3822083 
1771 3822083 
1772 3822083 
1773 3822083 
1774 3822083 
1775 3822083 
1776 3822083 
1777 3822083 
1778 3822083 
1779 3822083 
1780 3822083 
1781 3822083 
1782 3822083 
1783 3822083 
1784 3822083 
1785 3822083 
1786 3822083 
1787 3822083 
1788 3822083 
1789 3822083 
1790 3822083 
1791 3822083 
1792 3822083 
1793 3822083 
1794 3822083 
1795 3822083 
1796 3822083 
1797 3822083 
1798 3822083 
1799 3822083 
1800 3822083 
1801 3822083 
1802 3822083 
1803 3822083 
1804 3822083 
1805 3822083 
1806 3822083 
1807 3822083 
1808 3822083 
1809 3822083 
1810 3822083 
1811 3822083 
1812 3822083 
1813 3822083 
1814 3822083 
1815 3822083 
1816 3822083 
1817 3822083 
1818 3822083 
1819 3822083 
1820 3822083 
1821 3822083 
1822 3822083 
1823 3822083 
1824 3822083 
1825 3822083 
1826 3822083 
1827 3822083 
1828 3822083 
1829 3822083 
1830 3822083 
1831 3822083 
1832 3822083 
1833 3822083 
1834 3822083 
1835 3822083 
1836 3822083 
1837 3822083 
1838 3822083 
1839 3822083 
1840 3822083 
1841 3822083 
1842 3822083 
1843 3822083 
1844 3822083 
1845 3822083 
1846 3822083 
1847 3822083 
1848 3822083 
1849 3822083 
1850 3822083 
1851 3822083 
1852 3822083 
1853 3822083 
1854 3822083 
1855 3822083 
1856 3822083 
1857 3822083 
1858 3822083 
1859 3822083 
1860 3822083 
1861 3822083 
1862 3822083 
1863 3822083 
1864 3822083 
1865 3822083 
1866 3822083 
1867 3822083 
1868 3822083 
1869 3822083 
1870 3822083 
1871 3822083 
1872 3822083 
1873 3822083 
1874 3822083 
1875 3822083 
1876 3822083 
1877 3822083 
1878 3822083 
1879 3822083 
1880 3822083 
1881 3822083 
1882 3822083 
1883 3822083 
1884 3822083 
1885 3822083 
1886 3822083 
1887 3822083 
1888 3822083 
1889 3822083 
1890 3822083 
1891 3822083 
1892 3822083 
1893 3822083 
1894 3822083 
1895 3822083 
1896 3822083 
1897 3822083 
1898 3822083 
1899 3822083 
1900 3822083 
1901 3822083 
1902 3822083 
1903 3822083 
1904 3822083 
1905 3822083 
1906 3822083 
1907 3822083 
1908 3822083 
1909 3822083 
1910 3822083 
1911 3822083 
1912 3822083 
1913 3822083 
1914 3822083 
1915 3822083 
1916 3822083 
1917 3822083 
1918 3822083 
1919 3822083 
1920 3822083 
1921 3822083 
1922 3822083 
1923 3822083 
1924 3822083 
1925 3822083 
1926 3822083 
1927 3822083 
1928 3822083 
1929 3822083 
1930 3822083 
1931 3822083 
1932 3822083 
1933 3822083 
1934 3822083 
1935 3822083 
1936 3822083 
1937 3822083 
1938 3822083 
1939 3822083 
1940 3822083 
1941 3822083 
1942 3822083 
1943 3822083 
1944 3822083 
1945 3822083 
1946 3822083 
1947 3822083 
1948 3822083 
1949 3822083 
1950 3822083 
1951 3822083 
1952 3822083 
1953 3822083 
1954 3822083 
1955 3822083 
1956 3822083 
1957 3822083 
1958 3822083 
1959 3822083 
1960 3822083 
1961 3822083 
1962 3822083 
1963 3822083 
1964 3822083 
1965 3822083 
1966 3822083 
1967 3822083 
1968 3822083 
1969 3822083 
1970 3822083 
1971 3822083 
1972 3822083 
1973 3822083 
1974 3822083 
1975 3822083 
1976 3822083 
1977 3822083 
1978 3822083 
1979 3822083 
1980 3822083 
1981 3822083 
1982 3822083 
1983 3822083 
1984 3822083 
1985 3822083 
1986 3822083 
1987 3822083 
1988 3822083 
1989 3822083 
1990 3822083 
1991 3822083 
1992 3822083 
1993 3822083 
1994 3822083 
1995 3822083 
1996 3822083 
1997 3822083 
1998 3822083 
1999 3822083 
2000 3822083 
2001 3822083 
2002 3822083 
2003 3822083 
2004 3822083 
2005 3822083 
2006 3822083 
2007 3822083 
2008 3822083 
2009 3822083 
2010 3822083 
2011 3822083 
2012 3822083 
2013 3822083 
2014 3822083 
2015 3822083 
2016 3822083 
2017 3822083 
2018 3822083 
2019 3822083 
2020 3822083 
2021 3822083 
2022 3822083 
2023 3822083 
2024 3822083 
2025 3822083 
2026 3822083 
2027 3822083 
2028 3822083 
2029 3822083 
2030 3822083 
2031 3822083 
2032 3822083 
2033 3822083 
2034 3822083 
2035 3822083 
2036 3822083 
2037 3822083 
2038 3822083 
2039 3822083 
2040 3822083 
2041 3822083 
2042 3822083 
2043 3822083 
2044 3822083 
2045 3822083 
2046 3822083 
2047 3822083 
2048 3822083 
2049 3822083 
2050 3822083 
2051 3822083 
2052 3822083 
2053 3822083 
2054 3822083 
2055 3822083 
2056 3822083 
2057 3822083 
2058 3822083 
2059 3822083 
2060 3822083 
2061 3822083 
2062 3822083 
2063 3822083 
2064 3822083 
2065 3822083 
2066 3822083 
2067 3822083 
2068 3822083 
2069 3822083 
2070 3822083 
2071 3822083 
2072 3822083 
2073 3822083 
2074 3822083 
2075 3822083 
2076 3822083 
2077 3822083 
2078 3822083 
2079 3822083 
2080 3822083 
2081 3822083 
2082 3822083 
2083 3822083 
2084 3822083 
2085 3822083 
2086 3822083 
2087 3822083 
2088 3822083 
2089 3822083 
2090 3822083 
2091 3822083 
2092 3822083 
2093 3822083 
2094 3822083 
2095 3822083 
2096 3822083 
2097 3822083 
2098 3822083 
2099 3822083 
2100 3822083 
2101 3822083 
2102 3822083 
2103 3822083 
2104 3822083 
2105 3822083 
2106 3822083 
2107 3822083 
2108 3822083 
2109 3822083 
2110 3822083 
2111 3822083 
2112 3822083 
2113 3822083 
2114 3822083 
2115 3822083 
2116 3822083 
2117 3822083 
2118 3822083 
2119 3822083 
2120 3822083 
2121 3822083 
2122 3822083 
2123 3822083 
2124 3822083 
2125 3822083 
2126 3822083 
2127 3822083 
2128 3822083 
2129 3822083 
2130 3822083 
2131 3822083 
2132 3822083 
2133 3822083 
2134 3822083 
2135 3822083 
2136 3822083 
2137 3822083 
2138 3822083 
2139 3822083 
2140 3822083 
2141 3822083 
2142 3822083 
2143 3822083 
2144 3822083 
2145 3822083 
2146 3822083 
2147 3822083 
2148 3822083 
2149 3822083 
2150 3822083 
2151 3822083 
2152 3822083 
2153 3822083 
2154 3822083 
2155 3822083 
2156 3822083 
2157 3822083 
2158 3822083 
2159 3822083 
2160 3822083 
2161 3822083 
2162 3822083 
2163 3822083 
2164 3822083 
2165 3822083 
2166 3822083 
2167 3822083 
2168 3822083 
2169 3822083 
2170 3822083 
2171 3822083 
2172 3822083 
2173 3822083 
2174 3822083 
2175 3822083 
2176 3822083 
2177 3822083 
2178 3822083 
2179 3822083 
2180 3822083 
2181 3822083 
2182 3822083 
2183 3822083 
2184 3822083 
2185 3822083 
2186 3822083 
2187 3822083 
2188 3822083 
2189 3822083 
2190 3822083 
2191 3822083 
2192 3822083 
2193 3822083 
2194 3822083 
2195 3822083 
2196 3822083 
2197 3822083 
2198 3822083 
2199 3822083 
2200 3822083 
2201 3822083 
2202 3822083 
2203 3822083 
2204 3822083 
2205 3822083 
2206 3822083 
2207 3822083 
2208 3822083 
2209 3822083 
2210 3822083 
2211 3822083 
2212 3822083 
2213 3822083 
2214 3822083 
2215 3822083 
2216 3822083 
2217 3822083 
2218 3822083 
2219 3822083 
2220 3822083 
2221 3822083 
2222 3822083 
2223 3822083 
2224 3822083 
2225 3822083 
2226 3822083 
2227 3822083 
2228 3822083 
2229 3822083 
2230 3822083 
2231 3822083 
2232 3822083 
2233 3822083 
2234 3822083 
2235 3822083 
2236 3822083 
2237 3822083 
2238 3822083 
2239 3822083 
2240 3822083 
2241 3822083 
2242 3822083 
2243 3822083 
2244 3822083 
2245 3822083 
2246 3822083 
2247 3822083 
2248 3822083 
2249 3822083 
2250 3822083 
2251 3822083 
2252 3822083 
2253 3822083 
2254 3822083 
2255 3822083 
2256 3822083 
2257 3822083 
2258 3822083 
2259 3822083 
2260 3822083 
2261 3822083 
2262 3822083 
2263 3822083 
2264 3822083 
2265 3822083 
2266 3822083 
2267 3822083 
2268 3822083 
2269 3822083 
2270 3822083 
2271 3822083 
2272 3822083 
2273 3822083 
2274 3822083 
2275 3822083 
2276 3822083 
2277 3822083 
2278 3822083 
2279 3822083 
2280 3822083 
2281 3822083 
2282 3822083 
2283 3822083 
2284 3822083 
2285 3822083 
2286 3822083 
2287 3822083 
2288 3822083 
2289 3822083 
2290 3822083 
2291 3822083 
2292 3822083 
2293 3822083 
2294 3822083 
2295 3822083 
2296 3822083 
2297 3822083 
2298 3822083 
2299 3822083 
2300 3822083 
2301 3822083 
2302 3822083 
2303 3822083 
2304 3822083 
2305 3822083 
2306 3822083 
2307 3822083 
2308 3822083 
2309 3822083 
2310 3822083 
2311 3822083 
2312 3822083 
2313 3822083 
2314 3822083 
2315 3822083 
2316 3822083 
2317 3822083 
2318 3822083 
2319 3822083 
2320 3822083 
2321 3822083 
2322 3822083 
2323 3822083 
2324 3822083 
2325 3822083 
2326 3822083 
2327 3822083 
2328 3822083 
2329 3822083 
2330 3822083 
2331 3822083 
2332 3822083 
2333 3822083 
2334 3822083 
2335 3822083 
2336 3822083 
2337 3822083 
2338 3822083 
2339 3822083 
2340 3822083 
2341 3822083 
2342 3822083 
2343 3822083 
2344 3822083 
2345 3822083 
2346 3822083 
2347 3822083 
2348 3822083 
2349 3822083 
2350 3822083 
2351 3822083 
2352 3822083 
2353 3822083 
2354 3822083 
2355 3822083 
2356 3822083 
2357 3822083 
2358 3822083 
2359 3822083 
2360 3822083 
2361 3822083 
2362 3822083 
2363 3822083 
2364 3822083 
2365 3822083 
2366 3822083 
2367 3822083 
2368 3822083 
2369 3822083 
2370 3822083 
2371 3822083 
2372 3822083 
2373 3822083 
2374 3822083 
2375 3822083 
2376 3822083 
2377 3822083 
2378 3822083 
2379 3822083 
2380 3822083 
2381 3822083 
2382 3822083 
2383 3822083 
2384 3822083 
2385 3822083 
2386 3822083 
2387 3822083 
2388 3822083 
2389 3822083 
2390 3822083 
2391 3822083 
2392 3822083 
2393 3822083 
2394 3822083 
2395 3822083 
2396 3822083 
2397 3822083 
2398 3822083 
2399 3822083 
2400 3822083 
2401 3822083 
2402 3822083 
2403 3822083 
2404 3822083 
2405 3822083 
2406 3822083 
2407 3822083 
2408 3822083 
2409 3822083 
2410 3822083 
2411 3822083 
2412 3822083 
2413 3822083 
2414 3822083 
2415 3822083 
2416 3822083 
2417 3822083 
2418 3822083 
2419 3822083 
2420 3822083 
2421 3822083 
2422 3822083 
2423 3822083 
2424 3822083 
2425 3822083 
2426 3822083 
2427 3822083 
2428 3822083 
2429 3822083 
2430 3822083 
2431 3822083 
2432 3822083 
2433 3822083 
2434 3822083 
2435 3822083 
2436 3822083 
2437 3822083 
2438 3822083 
2439 3822083 
2440 3822083 
2441 3822083 
2442 3822083 
2443 3822083 
2444 3822083 
2445 3822083 
2446 3822083 
2447 3822083 
2448 3822083 
2449 3822083 
2450 3822083 
2451 3822083 
2452 3822083 
2453 3822083 
2454 3822083 
2455 3822083 
2456 3822083 
2457 3822083 
2458 3822083 
2459 3822083 
2460 3822083 
2461 3822083 
2462 3822083 
2463 3822083 
2464 3822083 
2465 3822083 
2466 3822083 
2467 3822083 
2468 3822083 
2469 3822083 
2470 3822083 
2471 3822083 
2472 3822083 
2473 3822083 
2474 3822083 
2475 3822083 
2476 3822083 
2477 3822083 
2478 3822083 
2479 3822083 
2480 3822083 
2481 3822083 
2482 3822083 
2483 3822083 
2484 3822083 
2485 3822083 
2486 3822083 
2487 3822083 
2488 3822083 
2489 3822083 
2490 3822083 
2491 3822083 
2492 3822083 
2493 3822083 
2494 3822083 
2495 3822083 
2496 3822083 
2497 3822083 
2498 3822083 
2499 3822083 
2500 3822083 
2501 3822083 
2502 3822083 
2503 3822083 
2504 3822083 
2505 3822083 
2506 3822083 
2507 3822083 
2508 3822083 
2509 3822083 
2510 3822083 
2511 3822083 
2512 3822083 
2513 3822083 
2514 3822083 
2515 3822083 
2516 3822083 
2517 3822083 
2518 3822083 
2519 3822083 
2520 3822083 
2521 3822083 
2522 3822083 
2523 3822083 
2524 3822083 
2525 3822083 
2526 3822083 
2527 3822083 
2528 3822083 
2529 3822083 
2530 3822083 
2531 3822083 
2532 3822083 
2533 3822083 
2534 3822083 
2535 3822083 
2536 3822083 
2537 3822083 
2538 3822083 
2539 3822083 
2540 3822083 
2541 3822083 
2542 3822083 
2543 3822083 
2544 3822083 
2545 3822083 
2546 3822083 
2547 3822083 
2548 3822083 
2549 3822083 
2550 3822083 
2551 3822083 
2552 3822083 
2553 3822083 
2554 3822083 
2555 3822083 
2556 3822083 
2557 3822083 
2558 3822083 
2559 3822083 
2560 3822083 
2561 3822083 
2562 3822083 
2563 3822083 
2564 3822083 
2565 3822083 
2566 3822083 
2567 3822083 
2568 3822083 
2569 3822083 
2570 3822083 
2571 3822083 
2572 3822083 
2573 3822083 
2574 3822083 
2575 3822083 
2576 3822083 
2577 3822083 
2578 3822083 
2579 3822083 
2580 3822083 
2581 3822083 
2582 3822083 
2583 3822083 
2584 3822083 
2585 3822083 
2586 3822083 
2587 3822083 
2588 3822083 
2589 3822083 
2590 3822083 
2591 3822083 
2592 3822083 
2593 3822083 
2594 3822083 
2595 3822083 
2596 3822083 
2597 3822083 
2598 3822083 
2599 3822083 
2600 3822083 
2601 3822083 
2602 3822083 
2603 3822083 
2604 3822083 
2605 3822083 
2606 3822083 
2607 3822083 
2608 3822083 
2609 3822083 
2610 3822083 
2611 3822083 
2612 3822083 
2613 3822083 
2614 3822083 
2615 3822083 
2616 3822083 
2617 3822083 
2618 3822083 
2619 3822083 
2620 3822083 
2621 3822083 
2622 3822083 
2623 3822083 
2624 3822083 
2625 3822083 
2626 3822083 
2627 3822083 
2628 3822083 
2629 3822083 
2630 3822083 
2631 3822083 
2632 3822083 
2633 3822083 
2634 3822083 
2635 3822083 
2636 3822083 
2637 3822083 
2638 3822083 
2639 3822083 
2640 3822083 
2641 3822083 
2642 3822083 
2643 3822083 
2644 3822083 
2645 3822083 
2646 3822083 
2647 3822083 
2648 3822083 
2649 3822083 
2650 3822083 
2651 3822083 
2652 3822083 
2653 3822083 
2654 3822083 
2655 3822083 
2656 3822083 
2657 3822083 
2658 3822083 
2659 3822083 
2660 3822083 
2661 3822083 
2662 3822083 
2663 3822083 
2664 3822083 
2665 3822083 
2666 3822083 
2667 3822083 
2668 3822083 
2669 3822083 
2670 3822083 
2671 3822083 
2672 3822083 
2673 3822083 
2674 3822083 
2675 3822083 
2676 3822083 
2677 3822083 
2678 3822083 
2679 3822083 
2680 3822083 
2681 3822083 
2682 3822083 
2683 3822083 
2684 3822083 
2685 3822083 
2686 3822083 
2687 3822083 
2688 3822083 
2689 3822083 
2690 3822083 
2691 3822083 
2692 3822083 
2693 3822083 
2694 3822083 
2695 3822083 
2696 3822083 
2697 3822083 
2698 3822083 
2699 3822083 
2700 3822083 
2701 3822083 
2702 3822083 
2703 3822083 
2704 3822083 
2705 3822083 
2706 3822083 
2707 3822083 
2708 3822083 
2709 3822083 
2710 3822083 
2711 3822083 
2712 3822083 
2713 3822083 
2714 3822083 
2715 3822083 
2716 3822083 
2717 3822083 
2718 3822083 
2719 3822083 
2720 3822083 
2721 3822083 
2722 3822083 
2723 3822083 
2724 3822083 
2725 3822083 
2726 3822083 
2727 3822083 
2728 3822083 
2729 3822083 
2730 3822083 
2731 3822083 
2732 3822083 
2733 3822083 
2734 3822083 
2735 3822083 
2736 3822083 
2737 3822083 
2738 3822083 
2739 3822083 
2740 3822083 
2741 3822083 
2742 3822083 
2743 3822083 
2744 3822083 
2745 3822083 
2746 3822083 
2747 3822083 
2748 3822083 
2749 3822083 
2750 3822083 
2751 3822083 
2752 3822083 
2753 3822083 
2754 3822083 
2755 3822083 
2756 3822083 
2757 3822083 
2758 3822083 
2759 3822083 
2760 3822083 
2761 3822083 
2762 3822083 
2763 3822083 
2764 3822083 
2765 3822083 
2766 3822083 
2767 3822083 
2768 3822083 
2769 3822083 
2770 3822083 
2771 3822083 
2772 3822083 
2773 3822083 
2774 3822083 
2775 3822083 
2776 3822083 
2777 3822083 
2778 3822083 
2779 3822083 
2780 3822083 
2781 3822083 
2782 3822083 
2783 3822083 
2784 3822083 
2785 3822083 
2786 3822083 
2787 3822083 
2788 3822083 
2789 3822083 
2790 3822083 
2791 3822083 
2792 3822083 
2793 3822083 
2794 3822083 
2795 3822083 
2796 3822083 
2797 3822083 
2798 3822083 
2799 3822083 
2800 3822083 
2801 3822083 
2802 3822083 
2803 3822083 
2804 3822083 
2805 3822083 
2806 3822083 
2807 3822083 
2808 3822083 
2809 3822083 
2810 3822083 
2811 3822083 
2812 3822083 
2813 3822083 
2814 3822083 
2815 3822083 
2816 3822083 
2817 3822083 
2818 3822083 
2819 3822083 
2820 3822083 
2821 3822083 
2822 3822083 
2823 3822083 
2824 3822083 
2825 3822083 
2826 3822083 
2827 3822083 
2828 3822083 
2829 3822083 
2830 3822083 
2831 3822083 
2832 3822083 
2833 3822083 
2834 3822083 
2835 3822083 
2836 3822083 
2837 3822083 
2838 3822083 
2839 3822083 
2840 3822083 
2841 3822083 
2842 3822083 
2843 3822083 
2844 3822083 
2845 3822083 
2846 3822083 
2847 3822083 
2848 3822083 
2849 3822083 
2850 3822083 
2851 3822083 
2852 3822083 
2853 3822083 
2854 3822083 
2855 3822083 
2856 3822083 
2857 3822083 
2858 3822083 
2859 3822083 
2860 3822083 
2861 3822083 
2862 3822083 
2863 3822083 
2864 3822083 
2865 3822083 
2866 3822083 

