0 5857519 
1 5857145 
2 5857145 
3 5811351 
4 5808687 
5 5805507 
6 5803342 
7 5800235 
8 5799675 
9 5799198 
10 5798315 
11 5798041 
12 5795468 
13 5795117 
14 5794923 
15 5794923 
16 5768417 
17 5764959 
18 5764072 
19 5763976 
20 5763912 
21 5762379 
22 5762306 
23 5758896 
24 5758876 
25 5758315 
26 5758310 
27 5757939 
28 5757007 
29 5756936 
30 5756883 
31 5756772 
32 5755710 
33 5752183 
34 5751976 
35 5751968 
36 5744655 
37 5744608 
38 5744419 
39 5744418 
40 5742093 
41 5742075 
42 5742068 
43 5741948 
44 5740757 
45 5740742 
46 5740461 
47 5739800 
48 5739744 
49 5739708 
50 5739683 
51 5739036 
52 5738914 
53 5736428 
54 5735688 
55 5735300 
56 5735222 
57 5734671 
58 5734591 
59 5733652 
60 5733652 
61 5732726 
62 5731726 
63 5731677 
64 5730217 
65 5725075 
66 5722825 
67 5712915 
68 5705255 
69 5705039 
70 5704868 
71 5704626 
72 5704607 
73 5704391 
74 5695227 
75 5693295 
76 5693236 
77 5693041 
78 5692919 
79 5692863 
80 5692300 
81 5681977 
82 5677461 
83 5672784 
84 5672765 
85 5672583 
86 5670174 
87 5669649 
88 5669140 
89 5668324 
90 5668278 
91 5661505 
92 5655568 
93 5654197 
94 5650202 
95 5649945 
96 5644125 
97 5644107 
98 5641942 
99 5641189 
100 5640724 
101 5639761 
102 5639434 
103 5635574 
104 5633924 
105 5633881 
106 5633620 
107 5633467 
108 5633448 
109 5633140 
110 5633057 
111 5632622 
112 5631697 
113 5631571 
114 5630124 
115 5629947 
116 5628964 
117 5628550 
118 5628228 
119 5627592 
120 5627580 
121 5627287 
122 5626448 
123 5626397 
124 5624679 
125 5624579 
126 5624530 
127 5624523 
128 5624497 
129 5624485 
130 5624449 
131 5622641 
132 5622557 
133 5622531 
134 5622359 
135 5622246 
136 5620916 
137 5620213 
138 5617170 
139 5614623 
140 5613923 
141 5613712 
142 5613653 
143 5613562 
144 5613491 
145 5613432 
146 5613359 
147 5613212 
148 5613187 
149 5613163 
150 5612613 
151 5612588 
152 5612576 
153 5612538 
154 5612237 
155 5612204 
156 5612108 
157 5611364 
158 5609547 
159 5609390 
160 5609349 
161 5609105 
162 5608573 
163 5608549 
164 5608524 
165 5607565 
166 5607364 
167 5607356 
168 5607333 
169 5607209 
170 5607098 
171 5607019 
172 5606990 
173 5606954 
174 5606676 
175 5606373 
176 5606059 
177 5604517 
178 5602193 
179 5602107 
180 5599433 
181 5599021 
182 5598766 
183 5598682 
184 5597586 
185 5597582 
186 5597438 
187 5597430 
188 5597323 
189 5597307 
190 5596933 
191 5596660 
192 5595641 
193 5594907 
194 5594252 
195 5593706 
196 5593246 
197 5592944 
198 5592225 
199 5592167 
200 5591697 
201 5590841 
202 5590190 
203 5586239 
204 5586239 
205 5585588 
206 5585045 
207 5584043 
208 5583779 
209 5583023 
210 5581882 
211 5579947 
212 5578750 
213 5578053 
214 5577488 
215 5577318 
216 5572642 
217 5571168 
218 5570854 
219 5568551 
220 5568549 
221 5568443 
222 5567571 
223 5567568 
224 5566231 
225 5566171 
226 5565593 
227 5563429 
228 5562400 
229 5560742 
230 5557423 
231 5541737 
232 5537851 
233 5537799 
234 5537705 
235 5537475 
236 5537052 
237 5536069 
238 5535938 
239 5535927 
240 5535226 
241 5534125 
242 5530394 
243 5527707 
244 5527689 
245 5527337 
246 5527276 
247 5527186 
248 5527182 
249 5526213 
250 5526134 
251 5525998 
252 5525720 
253 5524359 
254 5524321 
255 5522660 
256 5521042 
257 5520642 
258 5518224 
259 5517942 
260 5517373 
261 5517276 
262 5515367 
263 5515186 
264 5515062 
265 5514847 
266 5514776 
267 5514522 
268 5513800 
269 5513640 
270 5511925 
271 5510148 
272 5509467 
273 5509384 
274 5508979 
275 5507859 
276 5507859 
277 5507071 
278 5496095 
279 5495798 
280 5495798 
281 5495798 
282 5495705 
283 5495705 
284 5495705 
285 5495549 
286 5495464 
287 5495046 
288 5493900 
289 5493886 
290 5492965 
291 5492760 
292 5492620 
293 5492473 
294 5492220 
295 5491254 
296 5489795 
297 5488836 
298 5488751 
299 5488419 
300 5487823 
301 5486860 
302 5485392 
303 5485033 
304 5484882 
305 5484860 
306 5484847 
307 5483770 
308 5483393 
309 5483393 
310 5483375 
311 5483340 
312 5480104 
313 5479264 
314 5479203 
315 5478780 
316 5478671 
317 5478649 
318 5478352 
319 5473318 
320 5473318 
321 5473277 
322 5473277 
323 5472222 
324 5470345 
325 5469929 
326 5469921 
327 5467282 
328 5466842 
329 5463619 
330 5463068 
331 5456536 
332 5456060 
333 5455285 
334 5453185 
335 5453170 
336 5453027 
337 5451412 
338 5451412 
339 5450927 
340 5450909 
341 5450800 
342 5450573 
343 5450544 
344 5450543 
345 5450483 
346 5450112 
347 5449785 
348 5449695 
349 5449688 
350 5449665 
351 5449156 
352 5448379 
353 5447769 
354 5447588 
355 5446896 
356 5446441 
357 5445824 
358 5445265 
359 5445227 
360 5444877 
361 5444877 
362 5444496 
363 5444288 
364 5444001 
365 5443996 
366 5443933 
367 5443399 
368 5443249 
369 5443164 
370 5443038 
371 5443038 
372 5442810 
373 5442810 
374 5442581 
375 5442521 
376 5442094 
377 5442014 
378 5441391 
379 5441383 
380 5441270 
381 5441104 
382 5441104 
383 5440866 
384 5440649 
385 5440276 
386 5440254 
387 5439230 
388 5439064 
389 5439064 
390 5439064 
391 5438368 
392 5438216 
393 5438042 
394 5438042 
395 5437658 
396 5437658 
397 5437217 
398 5437217 
399 5437217 
400 5436996 
401 5436953 
402 5436953 
403 5436753 
404 5436753 
405 5436753 
406 5436753 
407 5436753 
408 5436753 
409 5436514 
410 5436427 
411 5436427 
412 5436427 
413 5436427 
414 5436289 
415 5435750 
416 5435722 
417 5435722 
418 5435722 
419 5435722 
420 5435722 
421 5435722 
422 5435722 
423 5435722 
424 5435722 
425 5435722 
426 5435722 
427 5435722 
428 5435722 
429 5435722 
430 5435722 
431 5435722 
432 5435722 
433 5435722 
434 5435722 
435 5435722 
436 5435722 
437 5435722 
438 5435722 
439 5435722 
440 5435722 
441 5435722 
442 5435722 
443 5435722 
444 5435722 
445 5435722 
446 5435722 
447 5435722 
448 5435722 
449 5435722 
450 5435722 
451 5435722 
452 5435722 
453 5435722 
454 5435722 
455 5435722 
456 5435722 
457 5435722 
458 5435722 
459 5435722 
460 5435722 
461 5435722 
462 5435722 
463 5435722 
464 5435722 
465 5435722 
466 5435722 
467 5435722 
468 5435722 
469 5435722 
470 5435722 
471 5435722 
472 5435722 
473 5435722 
474 5435722 
475 5435722 
476 5435722 
477 5435722 
478 5435722 
479 5435722 
480 5435722 
481 5435722 
482 5435722 
483 5435722 
484 5435722 
485 5435722 
486 5435722 
487 5435722 
488 5435722 
489 5435722 
490 5435722 
491 5435722 
492 5435722 
493 5435722 
494 5435722 
495 5435722 
496 5435722 
497 5435722 
498 5435722 
499 5435722 
500 5435722 
501 5435722 
502 5435722 
503 5435722 
504 5435722 
505 5435722 
506 5435722 
507 5435722 
508 5435722 
509 5435722 
510 5435722 
511 5435722 
512 5435722 
513 5435722 
514 5435722 
515 5435722 
516 5435722 
517 5435722 
518 5435722 
519 5435722 
520 5435722 
521 5435722 
522 5435722 
523 5435722 
524 5435722 
525 5435722 
526 5435722 
527 5435722 
528 5435722 
529 5435722 
530 5435722 
531 5435722 
532 5435722 
533 5435722 
534 5435722 
535 5435722 
536 5435722 
537 5435722 
538 5435722 
539 5435722 
540 5435722 
541 5435722 
542 5435722 
543 5435722 
544 5435722 
545 5435722 
546 5435722 
547 5435722 
548 5435722 
549 5435722 
550 5435722 
551 5435722 
552 5435722 
553 5435722 
554 5435722 
555 5435722 
556 5435722 
557 5435722 
558 5435722 
559 5435722 
560 5435722 
561 5435722 
562 5435722 
563 5435722 
564 5435722 
565 5435722 
566 5435722 
567 5435722 
568 5435722 
569 5435722 
570 5435722 
571 5435722 
572 5435722 
573 5435722 
574 5435722 
575 5435722 
576 5435722 
577 5435722 
578 5435722 
579 5435722 
580 5435722 
581 5435722 
582 5435722 
583 5435722 
584 5435722 
585 5435722 
586 5435722 
587 5435722 
588 5435722 
589 5435722 
590 5435722 
591 5435722 
592 5435722 
593 5435722 
594 5435722 
595 5435722 
596 5435722 
597 5435722 
598 5435722 
599 5435722 
600 5435722 
601 5435722 
602 5435722 
603 5435722 
604 5435722 
605 5435722 
606 5435722 
607 5435722 
608 5435722 
609 5435722 
610 5435722 
611 5435722 
612 5435722 
613 5435722 
614 5435722 
615 5435722 
616 5435722 
617 5435722 
618 5435722 
619 5435722 
620 5435722 
621 5435722 
622 5435722 
623 5435722 
624 5435722 
625 5435722 
626 5435722 
627 5435722 
628 5435722 
629 5435722 
630 5435722 
631 5435722 
632 5435722 
633 5435722 
634 5435722 
635 5435722 
636 5435722 
637 5435722 
638 5435722 
639 5435722 
640 5435722 
641 5435722 
642 5435722 
643 5435722 
644 5435722 
645 5435722 
646 5435722 
647 5435722 
648 5435722 
649 5435722 
650 5435722 
651 5435722 
652 5435722 
653 5435722 
654 5435722 
655 5435722 
656 5435722 
657 5435722 
658 5435722 
659 5435722 
660 5435722 
661 5435722 
662 5435722 
663 5435722 
664 5435722 
665 5435722 
666 5435722 
667 5435722 
668 5435722 
669 5435722 
670 5435722 
671 5435722 
672 5435722 
673 5435722 
674 5435722 
675 5435722 
676 5435722 
677 5435722 
678 5435722 
679 5435722 
680 5435722 
681 5435722 
682 5435722 
683 5435722 
684 5435722 
685 5435722 
686 5435722 
687 5435722 
688 5435722 
689 5435722 
690 5435722 
691 5435722 
692 5435722 
693 5435722 
694 5435722 
695 5435722 
696 5435722 
697 5435722 
698 5435722 
699 5435722 
700 5435722 
701 5435722 
702 5435722 
703 5435722 
704 5435722 
705 5435722 
706 5435722 
707 5435722 
708 5435722 
709 5435722 
710 5435722 
711 5435722 
712 5435722 
713 5435722 
714 5435722 
715 5435722 
716 5435722 
717 5435722 
718 5435722 
719 5435722 
720 5435722 
721 5435722 
722 5435722 
723 5435722 
724 5435722 
725 5435722 
726 5435722 
727 5435722 
728 5435722 
729 5435722 
730 5435722 
731 5435722 
732 5435722 
733 5435722 
734 5435722 
735 5435722 
736 5435722 
737 5435722 
738 5435722 
739 5435722 
740 5435722 
741 5435722 
742 5435722 
743 5435722 
744 5435722 
745 5435722 
746 5435722 
747 5435722 
748 5435722 
749 5435722 
750 5435722 
751 5435722 
752 5435722 
753 5435722 
754 5435722 
755 5435722 
756 5435722 
757 5435722 
758 5435722 
759 5435722 
760 5435722 
761 5435722 
762 5435722 
763 5435722 
764 5435722 
765 5435722 
766 5435722 
767 5435722 
768 5435722 
769 5435722 
770 5435722 
771 5435722 
772 5435722 
773 5435722 
774 5435722 
775 5435722 
776 5435722 
777 5435722 
778 5435722 
779 5435722 
780 5435722 
781 5435722 
782 5435722 
783 5435722 
784 5435722 
785 5435722 
786 5435722 
787 5435722 
788 5435722 
789 5435722 
790 5435722 
791 5435722 
792 5435722 
793 5435722 
794 5435722 
795 5435722 
796 5435722 
797 5435722 
798 5435722 
799 5435722 
800 5435722 
801 5435722 
802 5435722 
803 5435722 
804 5435722 
805 5435722 
806 5435722 
807 5435722 
808 5435722 
809 5435722 
810 5435722 
811 5435722 
812 5435722 
813 5435722 
814 5435722 
815 5435722 
816 5435722 
817 5435722 
818 5435722 
819 5435722 
820 5435722 
821 5435722 
822 5435722 
823 5435722 
824 5435722 
825 5435722 
826 5435722 
827 5435722 
828 5435722 
829 5435722 
830 5435722 
831 5435722 
832 5435722 
833 5435722 
834 5435722 
835 5435722 
836 5435722 
837 5435722 
838 5435722 
839 5435722 
840 5435722 
841 5435722 
842 5435722 
843 5435722 
844 5435722 
845 5435722 
846 5435722 
847 5435722 
848 5435722 
849 5435722 
850 5435722 
851 5435722 
852 5435722 
853 5435722 
854 5435722 
855 5435722 
856 5435722 
857 5435722 
858 5435722 
859 5435722 
860 5435722 
861 5435722 
862 5435722 
863 5435722 
864 5435722 
865 5435722 
866 5435722 
867 5435722 
868 5435722 
869 5435722 
870 5435722 
871 5435722 
872 5435722 
873 5435722 
874 5435722 
875 5435722 
876 5435722 
877 5435722 
878 5435722 
879 5435722 
880 5435722 
881 5435722 
882 5435722 
883 5435722 
884 5435722 
885 5435722 
886 5435722 
887 5435722 
888 5435722 
889 5435722 
890 5435722 
891 5435722 
892 5435722 
893 5435722 
894 5435722 
895 5435722 
896 5435722 
897 5435722 
898 5435722 
899 5435722 
900 5435722 
901 5435722 
902 5435722 
903 5435722 
904 5435722 
905 5435722 
906 5435722 
907 5435722 
908 5435722 
909 5435722 
910 5435722 
911 5435722 
912 5435722 
913 5435722 
914 5435722 
915 5435722 
916 5435722 
917 5435722 
918 5435722 
919 5435722 
920 5435722 
921 5435722 
922 5435722 
923 5435722 
924 5435722 
925 5435722 
926 5435722 
927 5435722 
928 5435722 
929 5435722 
930 5435722 
931 5435722 
932 5435722 
933 5435722 
934 5435722 
935 5435722 
936 5435722 
937 5435722 
938 5435722 
939 5435722 
940 5435722 
941 5435722 
942 5435722 
943 5435722 
944 5435722 
945 5435722 
946 5435722 
947 5435722 
948 5435722 
949 5435722 
950 5435722 
951 5435722 
952 5435722 
953 5435722 
954 5435722 
955 5435722 
956 5435722 
957 5435722 
958 5435722 
959 5435722 
960 5435722 
961 5435722 
962 5435722 
963 5435722 
964 5435722 
965 5435722 
966 5435722 
967 5435722 
968 5435722 
969 5435722 
970 5435722 
971 5435722 
972 5435722 
973 5435722 
974 5435722 
975 5435722 
976 5435722 
977 5435722 
978 5435722 
979 5435722 
980 5435722 
981 5435722 
982 5435722 
983 5435722 
984 5435722 
985 5435722 
986 5435722 
987 5435722 
988 5435722 
989 5435722 
990 5435722 
991 5435722 
992 5435722 
993 5435722 
994 5435722 
995 5435722 
996 5435722 
997 5435722 
998 5435722 
999 5435722 
1000 5435722 
1001 5435722 
1002 5435722 
1003 5435722 
1004 5435722 
1005 5435722 
1006 5435722 
1007 5435722 
1008 5435722 
1009 5435722 
1010 5435722 
1011 5435722 
1012 5435722 
1013 5435722 
1014 5435722 
1015 5435722 
1016 5435722 
1017 5435722 
1018 5435722 
1019 5435722 
1020 5435722 
1021 5435722 
1022 5435722 
1023 5435722 
1024 5435722 
1025 5435722 
1026 5435722 
1027 5435722 
1028 5435722 
1029 5435722 
1030 5435722 
1031 5435722 
1032 5435722 
1033 5435722 
1034 5435722 
1035 5435722 
1036 5435722 
1037 5435722 
1038 5435722 
1039 5435722 
1040 5435722 
1041 5435722 
1042 5435722 
1043 5435722 
1044 5435722 
1045 5435722 
1046 5435722 
1047 5435722 
1048 5435722 
1049 5435722 
1050 5435722 
1051 5435722 
1052 5435722 
1053 5435722 
1054 5435722 
1055 5435722 
1056 5435722 
1057 5435722 
1058 5435722 
1059 5435722 
1060 5435722 
1061 5435722 
1062 5435722 
1063 5435722 
1064 5435722 
1065 5435722 
1066 5435722 
1067 5435722 
1068 5435722 
1069 5435722 
1070 5435722 
1071 5435722 
1072 5435722 
1073 5435722 
1074 5435722 
1075 5435722 
1076 5435722 
1077 5435722 
1078 5435722 
1079 5435722 
1080 5435722 
1081 5435722 
1082 5435722 
1083 5435722 
1084 5435722 
1085 5435722 
1086 5435722 
1087 5435722 
1088 5435722 
1089 5435722 
1090 5435722 
1091 5435722 
1092 5435722 
1093 5435722 
1094 5435722 
1095 5435722 
1096 5435722 
1097 5435722 
1098 5435722 
1099 5435722 
1100 5435722 
1101 5435722 
1102 5435722 
1103 5435722 
1104 5435722 
1105 5435722 
1106 5435722 
1107 5435722 
1108 5435722 
1109 5435722 
1110 5435722 
1111 5435722 
1112 5435722 
1113 5435722 
1114 5435722 
1115 5435722 
1116 5435722 
1117 5435722 
1118 5435722 
1119 5435722 
1120 5435722 
1121 5435722 
1122 5435722 
1123 5435722 
1124 5435722 
1125 5435722 
1126 5435722 
1127 5435722 
1128 5435722 
1129 5435722 
1130 5435722 
1131 5435722 
1132 5435722 
1133 5435722 
1134 5435722 
1135 5435722 
1136 5435722 
1137 5435722 
1138 5435722 
1139 5435722 
1140 5435722 
1141 5435722 
1142 5435722 
1143 5435722 
1144 5435722 
1145 5435722 
1146 5435722 
1147 5435722 
1148 5435722 
1149 5435722 
1150 5435722 
1151 5435722 
1152 5435722 
1153 5435722 
1154 5435722 
1155 5435722 
1156 5435722 
1157 5435722 
1158 5435722 
1159 5435722 
1160 5435722 
1161 5435722 
1162 5435722 
1163 5435722 
1164 5435722 
1165 5435722 
1166 5435722 
1167 5435722 
1168 5435722 
1169 5435722 
1170 5435722 
1171 5435722 
1172 5435722 
1173 5435722 
1174 5435722 
1175 5435722 
1176 5435722 
1177 5435722 
1178 5435722 
1179 5435722 
1180 5435722 
1181 5435722 
1182 5435722 
1183 5435722 
1184 5435722 
1185 5435722 
1186 5435722 
1187 5435722 
1188 5435722 
1189 5435722 
1190 5435722 
1191 5435722 
1192 5435722 
1193 5435722 
1194 5435722 
1195 5435722 
1196 5435722 
1197 5435722 
1198 5435722 
1199 5435722 
1200 5435722 
1201 5435722 
1202 5435722 
1203 5435722 
1204 5435722 
1205 5435722 
1206 5435722 
1207 5435722 
1208 5435722 
1209 5435722 
1210 5435722 
1211 5435722 
1212 5435722 
1213 5435722 
1214 5435722 
1215 5435722 
1216 5435722 
1217 5435722 
1218 5435722 
1219 5435722 
1220 5435722 
1221 5435722 
1222 5435722 
1223 5435722 
1224 5435722 
1225 5435722 
1226 5435722 
1227 5435722 
1228 5435722 
1229 5435722 
1230 5435722 
1231 5435722 
1232 5435722 
1233 5435722 
1234 5435722 
1235 5435722 
1236 5435722 
1237 5435722 
1238 5435722 
1239 5435722 
1240 5435722 
1241 5435722 
1242 5435722 
1243 5435722 
1244 5435722 
1245 5435722 
1246 5435722 
1247 5435722 
1248 5435722 
1249 5435722 
1250 5435722 
1251 5435722 
1252 5435722 
1253 5435722 
1254 5435722 
1255 5435722 
1256 5435722 
1257 5435722 
1258 5435722 
1259 5435722 
1260 5435722 
1261 5435722 
1262 5435722 
1263 5435722 
1264 5435722 
1265 5435722 
1266 5435722 
1267 5435722 
1268 5435722 
1269 5435722 
1270 5435722 
1271 5435722 
1272 5435722 
1273 5435722 
1274 5435722 
1275 5435722 
1276 5435722 
1277 5435722 
1278 5435722 
1279 5435722 
1280 5435722 
1281 5435722 
1282 5435722 
1283 5435722 
1284 5435722 
1285 5435722 
1286 5435722 
1287 5435722 
1288 5435722 
1289 5435722 
1290 5435722 
1291 5435722 
1292 5435722 
1293 5435722 
1294 5435722 
1295 5435722 
1296 5435722 
1297 5435722 
1298 5435722 
1299 5435722 
1300 5435722 
1301 5435722 
1302 5435722 
1303 5435722 
1304 5435722 
1305 5435722 
1306 5435722 
1307 5435722 
1308 5435722 
1309 5435722 
1310 5435722 
1311 5435722 
1312 5435722 
1313 5435722 
1314 5435722 
1315 5435722 
1316 5435722 
1317 5435722 
1318 5435722 
1319 5435722 
1320 5435722 
1321 5435722 
1322 5435722 
1323 5435722 
1324 5435722 
1325 5435722 
1326 5435722 
1327 5435722 
1328 5435722 
1329 5435722 
1330 5435722 
1331 5435722 
1332 5435722 
1333 5435722 
1334 5435722 
1335 5435722 
1336 5435722 
1337 5435722 
1338 5435722 
1339 5435722 
1340 5435722 
1341 5435722 
1342 5435722 
1343 5435722 
1344 5435722 
1345 5435722 
1346 5435722 
1347 5435722 
1348 5435722 
1349 5435722 
1350 5435722 
1351 5435722 
1352 5435722 
1353 5435722 
1354 5435722 
1355 5435722 
1356 5435722 
1357 5435722 
1358 5435722 
1359 5435722 
1360 5435722 
1361 5435722 
1362 5435722 
1363 5435722 
1364 5435722 
1365 5435722 
1366 5435722 
1367 5435722 
1368 5435722 
1369 5435722 
1370 5435722 
1371 5435722 
1372 5435722 
1373 5435722 
1374 5435722 
1375 5435722 
1376 5435722 
1377 5435722 
1378 5435722 
1379 5435722 
1380 5435722 
1381 5435722 
1382 5435722 
1383 5435722 
1384 5435722 
1385 5435722 
1386 5435722 
1387 5435722 
1388 5435722 
1389 5435722 
1390 5435722 
1391 5435722 
1392 5435722 
1393 5435722 
1394 5435722 
1395 5435722 
1396 5435722 
1397 5435722 
1398 5435722 
1399 5435722 
1400 5435722 
1401 5435722 
1402 5435722 
1403 5435722 
1404 5435722 
1405 5435722 
1406 5435722 
1407 5435722 
1408 5435722 
1409 5435722 
1410 5435722 
1411 5435722 
1412 5435722 
1413 5435722 
1414 5435722 
1415 5435722 
1416 5435722 
1417 5435722 
1418 5435722 
1419 5435722 
1420 5435722 
1421 5435722 
1422 5435722 
1423 5435722 
1424 5435722 
1425 5435722 
1426 5435722 
1427 5435722 
1428 5435722 
1429 5435722 
1430 5435722 
1431 5435722 
1432 5435722 
1433 5435722 
1434 5435722 
1435 5435722 
1436 5435722 
1437 5435722 
1438 5435722 
1439 5435722 
1440 5435722 
1441 5435722 
1442 5435722 
1443 5435722 
1444 5435722 
1445 5435722 
1446 5435722 
1447 5435722 
1448 5435722 
1449 5435722 
1450 5435722 
1451 5435722 
1452 5435722 
1453 5435722 
1454 5435722 
1455 5435722 
1456 5435722 
1457 5435722 
1458 5435722 
1459 5435722 
1460 5435722 
1461 5435722 
1462 5435722 
1463 5435722 
1464 5435722 
1465 5435722 
1466 5435722 
1467 5435722 
1468 5435722 
1469 5435722 
1470 5435722 
1471 5435722 
1472 5435722 
1473 5435722 
1474 5435722 
1475 5435722 
1476 5435722 
1477 5435722 
1478 5435722 
1479 5435722 
1480 5435722 
1481 5435722 
1482 5435722 
1483 5435722 
1484 5435722 
1485 5435722 
1486 5435722 
1487 5435722 
1488 5435722 
1489 5435722 
1490 5435722 
1491 5435722 
1492 5435722 
1493 5435722 
1494 5435722 
1495 5435722 
1496 5435722 
1497 5435722 
1498 5435722 
1499 5435722 
1500 5435722 
1501 5435722 
1502 5435722 
1503 5435722 
1504 5435722 
1505 5435722 
1506 5435722 
1507 5435722 
1508 5435722 
1509 5435722 
1510 5435722 
1511 5435722 
1512 5435722 
1513 5435722 
1514 5435722 
1515 5435722 
1516 5435722 
1517 5435722 
1518 5435722 
1519 5435722 
1520 5435722 
1521 5435722 
1522 5435722 
1523 5435722 
1524 5435722 
1525 5435722 
1526 5435722 
1527 5435722 
1528 5435722 
1529 5435722 
1530 5435722 
1531 5435722 
1532 5435722 
1533 5435722 
1534 5435722 
1535 5435722 
1536 5435722 
1537 5435722 
1538 5435722 
1539 5435722 
1540 5435722 
1541 5435722 
1542 5435722 
1543 5435722 
1544 5435722 
1545 5435722 
1546 5435722 
1547 5435722 
1548 5435722 
1549 5435722 
1550 5435722 
1551 5435722 
1552 5435722 
1553 5435722 
1554 5435722 
1555 5435722 
1556 5435722 
1557 5435722 
1558 5435722 
1559 5435722 
1560 5435722 
1561 5435722 
1562 5435722 
1563 5435722 
1564 5435722 
1565 5435722 
1566 5435722 
1567 5435722 
1568 5435722 
1569 5435722 
1570 5435722 
1571 5435722 
1572 5435722 
1573 5435722 
1574 5435722 
1575 5435722 
1576 5435722 
1577 5435722 
1578 5435722 
1579 5435722 
1580 5435722 
1581 5435722 
1582 5435722 
1583 5435722 
1584 5435722 
1585 5435722 
1586 5435722 
1587 5435722 
1588 5435722 
1589 5435722 
1590 5435722 
1591 5435722 
1592 5435722 
1593 5435722 
1594 5435722 
1595 5435722 
1596 5435722 
1597 5435722 
1598 5435722 
1599 5435722 
1600 5435722 
1601 5435722 
1602 5435722 
1603 5435722 
1604 5435722 
1605 5435722 
1606 5435722 
1607 5435722 
1608 5435722 
1609 5435722 
1610 5435722 
1611 5435722 
1612 5435722 
1613 5435722 
1614 5435722 
1615 5435722 
1616 5435722 
1617 5435722 
1618 5435722 
1619 5435722 
1620 5435722 
1621 5435722 
1622 5435722 
1623 5435722 
1624 5435722 
1625 5435722 
1626 5435722 
1627 5435722 
1628 5435722 
1629 5435722 
1630 5435722 
1631 5435722 
1632 5435722 
1633 5435722 
1634 5435722 
1635 5435722 
1636 5435722 
1637 5435722 
1638 5435722 
1639 5435722 
1640 5435722 
1641 5435722 
1642 5435722 
1643 5435722 
1644 5435722 
1645 5435722 
1646 5435722 
1647 5435722 
1648 5435722 
1649 5435722 
1650 5435722 
1651 5435722 
1652 5435722 
1653 5435722 
1654 5435722 
1655 5435722 
1656 5435722 
1657 5435722 
1658 5435722 
1659 5435722 
1660 5435722 
1661 5435722 
1662 5435722 
1663 5435722 
1664 5435722 
1665 5435722 
1666 5435722 
1667 5435722 
1668 5435722 
1669 5435722 
1670 5435722 
1671 5435722 
1672 5435722 
1673 5435722 
1674 5435722 
1675 5435722 
1676 5435722 
1677 5435722 
1678 5435722 
1679 5435722 
1680 5435722 
1681 5435722 
1682 5435722 
1683 5435722 
1684 5435722 
1685 5435722 
1686 5435722 
1687 5435722 
1688 5435722 
1689 5435722 
1690 5435722 
1691 5435722 
1692 5435722 
1693 5435722 
1694 5435722 
1695 5435722 
1696 5435722 
1697 5435722 
1698 5435722 
1699 5435722 
1700 5435722 
1701 5435722 
1702 5435722 
1703 5435722 
1704 5435722 
1705 5435722 
1706 5435722 
1707 5435722 
1708 5435722 
1709 5435722 
1710 5435722 
1711 5435722 
1712 5435722 
1713 5435722 
1714 5435722 
1715 5435722 
1716 5435722 
1717 5435722 
1718 5435722 
1719 5435722 
1720 5435722 
1721 5435722 
1722 5435722 
1723 5435722 
1724 5435722 
1725 5435722 
1726 5435722 
1727 5435722 
1728 5435722 
1729 5435722 
1730 5435722 
1731 5435722 
1732 5435722 
1733 5435722 
1734 5435722 
1735 5435722 
1736 5435722 
1737 5435722 
1738 5435722 
1739 5435722 
1740 5435722 
1741 5435722 
1742 5435722 
1743 5435722 
1744 5435722 
1745 5435722 
1746 5435722 
1747 5435722 
1748 5435722 
1749 5435722 
1750 5435722 
1751 5435722 
1752 5435722 
1753 5435722 
1754 5435722 
1755 5435722 
1756 5435722 
1757 5435722 
1758 5435722 
1759 5435722 
1760 5435722 
1761 5435722 
1762 5435722 
1763 5435722 
1764 5435722 
1765 5435722 
1766 5435722 
1767 5435722 
1768 5435722 
1769 5435722 
1770 5435722 
1771 5435722 
1772 5435722 
1773 5435722 
1774 5435722 
1775 5435722 
1776 5435722 
1777 5435722 
1778 5435722 
1779 5435722 
1780 5435722 
1781 5435722 
1782 5435722 
1783 5435722 
1784 5435722 
1785 5435722 
1786 5435722 
1787 5435722 
1788 5435722 
1789 5435722 
1790 5435722 
1791 5435722 
1792 5435722 
1793 5435722 
1794 5435722 
1795 5435722 
1796 5435722 
1797 5435722 
1798 5435722 
1799 5435722 
1800 5435722 
1801 5435722 
1802 5435722 
1803 5435722 
1804 5435722 
1805 5435722 
1806 5435722 
1807 5435722 
1808 5435722 
1809 5435722 
1810 5435722 
1811 5435722 
1812 5435722 
1813 5435722 
1814 5435722 
1815 5435722 
1816 5435722 
1817 5435722 
1818 5435722 
1819 5435722 
1820 5435722 
1821 5435722 
1822 5435722 
1823 5435722 
1824 5435722 
1825 5435722 
1826 5435722 
1827 5435722 
1828 5435722 
1829 5435722 
1830 5435722 
1831 5435722 
1832 5435722 
1833 5435722 
1834 5435722 
1835 5435722 
1836 5435722 
1837 5435722 
1838 5435722 
1839 5435722 
1840 5435722 
1841 5435722 
1842 5435722 
1843 5435722 
1844 5435722 
1845 5435722 
1846 5435722 
1847 5435722 
1848 5435722 
1849 5435722 
1850 5435722 
1851 5435722 
1852 5435722 
1853 5435722 
1854 5435722 
1855 5435722 
1856 5435722 
1857 5435722 
1858 5435722 
1859 5435722 
1860 5435722 
1861 5435722 
1862 5435722 
1863 5435722 
1864 5435722 
1865 5435722 
1866 5435722 
1867 5435722 
1868 5435722 
1869 5435722 
1870 5435722 
1871 5435722 
1872 5435722 
1873 5435722 
1874 5435722 
1875 5435722 
1876 5435722 
1877 5435722 
1878 5435722 
1879 5435722 
1880 5435722 
1881 5435722 
1882 5435722 
1883 5435722 
1884 5435722 
1885 5435722 
1886 5435722 
1887 5435722 
1888 5435722 
1889 5435722 
1890 5435722 
1891 5435722 
1892 5435722 
1893 5435722 
1894 5435722 
1895 5435722 
1896 5435722 
1897 5435722 
1898 5435722 
1899 5435722 
1900 5435722 
1901 5435722 
1902 5435722 
1903 5435722 
1904 5435722 
1905 5435722 
1906 5435722 
1907 5435722 
1908 5435722 
1909 5435722 
1910 5435722 
1911 5435722 
1912 5435722 
1913 5435722 
1914 5435722 
1915 5435722 
1916 5435722 
1917 5435722 
1918 5435722 
1919 5435722 
1920 5435722 
1921 5435722 
1922 5435722 
1923 5435722 
1924 5435722 
1925 5435722 
1926 5435722 
1927 5435722 
1928 5435722 
1929 5435722 
1930 5435722 
1931 5435722 
1932 5435722 
1933 5435722 
1934 5435722 
1935 5435722 
1936 5435722 
1937 5435722 
1938 5435722 
1939 5435722 
1940 5435722 
1941 5435722 
1942 5435722 
1943 5435722 
1944 5435722 
1945 5435722 
1946 5435722 
1947 5435722 
1948 5435722 
1949 5435722 
1950 5435722 
1951 5435722 
1952 5435722 
1953 5435722 
1954 5435722 
1955 5435722 
1956 5435722 
1957 5435722 
1958 5435722 
1959 5435722 
1960 5435722 
1961 5435722 
1962 5435722 
1963 5435722 
1964 5435722 
1965 5435722 
1966 5435722 
1967 5435722 
1968 5435722 
1969 5435722 
1970 5435722 
1971 5435722 
1972 5435722 
1973 5435722 
1974 5435722 
1975 5435722 
1976 5435722 
1977 5435722 
1978 5435722 
1979 5435722 
1980 5435722 
1981 5435722 
1982 5435722 
1983 5435722 
1984 5435722 
1985 5435722 
1986 5435722 
1987 5435722 
1988 5435722 
1989 5435722 
1990 5435722 
1991 5435722 
1992 5435722 
1993 5435722 
1994 5435722 
1995 5435722 
1996 5435722 
1997 5435722 
1998 5435722 
1999 5435722 
2000 5435722 
2001 5435722 
2002 5435722 
2003 5435722 
2004 5435722 
2005 5435722 
2006 5435722 
2007 5435722 
2008 5435722 
2009 5435722 
2010 5435722 
2011 5435722 
2012 5435722 
2013 5435722 
2014 5435722 
2015 5435722 
2016 5435722 
2017 5435722 
2018 5435722 
2019 5435722 
2020 5435722 
2021 5435722 
2022 5435722 
2023 5435722 
2024 5435722 
2025 5435722 
2026 5435722 
2027 5435722 
2028 5435722 
2029 5435722 
2030 5435722 
2031 5435722 
2032 5435722 
2033 5435722 
2034 5435722 
2035 5435722 
2036 5435722 
2037 5435722 
2038 5435722 
2039 5435722 
2040 5435722 
2041 5435722 
2042 5435722 
2043 5435722 
2044 5435722 
2045 5435722 
2046 5435722 
2047 5435722 
2048 5435722 
2049 5435722 
2050 5435722 
2051 5435722 
2052 5435722 
2053 5435722 
2054 5435722 
2055 5435722 
2056 5435722 
2057 5435722 
2058 5435722 
2059 5435722 
2060 5435722 
2061 5435722 
2062 5435722 
2063 5435722 
2064 5435722 
2065 5435722 
2066 5435722 
2067 5435722 
2068 5435722 
2069 5435722 
2070 5435722 
2071 5435722 
2072 5435722 
2073 5435722 
2074 5435722 
2075 5435722 
2076 5435722 
2077 5435722 
2078 5435722 
2079 5435722 
2080 5435722 
2081 5435722 
2082 5435722 
2083 5435722 
2084 5435722 
2085 5435722 
2086 5435722 
2087 5435722 
2088 5435722 
2089 5435722 
2090 5435722 
2091 5435722 
2092 5435722 
2093 5435722 
2094 5435722 
2095 5435722 
2096 5435722 
2097 5435722 
2098 5435722 
2099 5435722 
2100 5435722 
2101 5435722 
2102 5435722 
2103 5435722 
2104 5435722 
2105 5435722 
2106 5435722 
2107 5435722 
2108 5435722 
2109 5435722 
2110 5435722 
2111 5435722 
2112 5435722 
2113 5435722 
2114 5435722 
2115 5435722 
2116 5435722 
2117 5435722 
2118 5435722 
2119 5435722 
2120 5435722 
2121 5435722 
2122 5435722 
2123 5435722 
2124 5435722 
2125 5435722 
2126 5435722 
2127 5435722 
2128 5435722 
2129 5435722 
2130 5435722 
2131 5435722 
2132 5435722 
2133 5435722 
2134 5435722 
2135 5435722 
2136 5435722 
2137 5435722 
2138 5435722 
2139 5435722 
2140 5435722 
2141 5435722 
2142 5435722 
2143 5435722 
2144 5435722 
2145 5435722 
2146 5435722 
2147 5435722 
2148 5435722 
2149 5435722 
2150 5435722 
2151 5435722 
2152 5435722 
2153 5435722 
2154 5435722 
2155 5435722 
2156 5435722 
2157 5435722 
2158 5435722 
2159 5435722 
2160 5435722 
2161 5435722 
2162 5435722 
2163 5435722 
2164 5435722 
2165 5435722 
2166 5435722 
2167 5435722 
2168 5435722 
2169 5435722 
2170 5435722 
2171 5435722 
2172 5435722 
2173 5435722 
2174 5435722 
2175 5435722 
2176 5435722 
2177 5435722 
2178 5435722 
2179 5435722 
2180 5435722 
2181 5435722 
2182 5435722 
2183 5435722 
2184 5435722 
2185 5435722 
2186 5435722 
2187 5435722 
2188 5435722 
2189 5435722 
2190 5435722 
2191 5435722 
2192 5435722 
2193 5435722 
2194 5435722 
2195 5435722 
2196 5435722 
2197 5435722 
2198 5435722 
2199 5435722 
2200 5435722 
2201 5435722 
2202 5435722 
2203 5435722 
2204 5435722 
2205 5435722 
2206 5435722 
2207 5435722 
2208 5435722 
2209 5435722 
2210 5435722 
2211 5435722 
2212 5435722 
2213 5435722 
2214 5435722 
2215 5435722 
2216 5435722 
2217 5435722 
2218 5435722 
2219 5435722 
2220 5435722 
2221 5435722 
2222 5435722 
2223 5435722 
2224 5435722 
2225 5435722 
2226 5435722 
2227 5435722 
2228 5435722 
2229 5435722 
2230 5435722 
2231 5435722 
2232 5435722 
2233 5435722 
2234 5435722 
2235 5435722 
2236 5435722 
2237 5435722 
2238 5435722 
2239 5435722 
2240 5435722 
2241 5435722 
2242 5435722 
2243 5435722 
2244 5435722 
2245 5435722 
2246 5435722 
2247 5435722 
2248 5435722 
2249 5435722 
2250 5435722 
2251 5435722 
2252 5435722 
2253 5435722 
2254 5435722 
2255 5435722 
2256 5435722 
2257 5435722 
2258 5435722 
2259 5435722 
2260 5435722 
2261 5435722 
2262 5435722 
2263 5435722 
2264 5435722 
2265 5435722 
2266 5435722 
2267 5435722 
2268 5435722 
2269 5435722 
2270 5435722 
2271 5435722 
2272 5435722 
2273 5435722 
2274 5435722 
2275 5435722 
2276 5435722 
2277 5435722 
2278 5435722 
2279 5435722 
2280 5435722 
2281 5435722 
2282 5435722 
2283 5435722 
2284 5435722 
2285 5435722 
2286 5435722 
2287 5435722 
2288 5435722 
2289 5435722 
2290 5435722 
2291 5435722 
2292 5435722 
2293 5435722 
2294 5435722 
2295 5435722 
2296 5435722 
2297 5435722 
2298 5435722 
2299 5435722 
2300 5435722 
2301 5435722 
2302 5435722 
2303 5435722 
2304 5435722 
2305 5435722 
2306 5435722 
2307 5435722 
2308 5435722 
2309 5435722 
2310 5435722 
2311 5435722 
2312 5435722 
2313 5435722 
2314 5435722 
2315 5435722 
2316 5435722 
2317 5435722 
2318 5435722 
2319 5435722 
2320 5435722 
2321 5435722 
2322 5435722 
2323 5435722 
2324 5435722 
2325 5435722 
2326 5435722 
2327 5435722 
2328 5435722 
2329 5435722 
2330 5435722 
2331 5435722 
2332 5435722 
2333 5435722 
2334 5435722 
2335 5435722 
2336 5435722 
2337 5435722 
2338 5435722 
2339 5435722 
2340 5435722 
2341 5435722 
2342 5435722 
2343 5435722 
2344 5435722 
2345 5435722 
2346 5435722 
2347 5435722 
2348 5435722 
2349 5435722 
2350 5435722 
2351 5435722 
2352 5435722 
2353 5435722 
2354 5435722 
2355 5435722 
2356 5435722 
2357 5435722 
2358 5435722 
2359 5435722 
2360 5435722 
2361 5435722 
2362 5435722 
2363 5435722 
2364 5435722 
2365 5435722 
2366 5435722 
2367 5435722 
2368 5435722 
2369 5435722 
2370 5435722 
2371 5435722 
2372 5435722 
2373 5435722 
2374 5435722 
2375 5435722 
2376 5435722 
2377 5435722 
2378 5435722 
2379 5435722 
2380 5435722 
2381 5435722 
2382 5435722 
2383 5435722 
2384 5435722 
2385 5435722 
2386 5435722 
2387 5435722 
2388 5435722 
2389 5435722 
2390 5435722 
2391 5435722 
2392 5435722 
2393 5435722 
2394 5435722 
2395 5435722 
2396 5435722 
2397 5435722 
2398 5435722 
2399 5435722 
2400 5435722 
2401 5435722 
2402 5435722 
2403 5435722 
2404 5435722 
2405 5435722 
2406 5435722 
2407 5435722 
2408 5435722 
2409 5435722 
2410 5435722 
2411 5435722 
2412 5435722 
2413 5435722 
2414 5435722 
2415 5435722 
2416 5435722 
2417 5435722 
2418 5435722 
2419 5435722 
2420 5435722 
2421 5435722 
2422 5435722 
2423 5435722 
2424 5435722 
2425 5435722 
2426 5435722 
2427 5435722 
2428 5435722 
2429 5435722 
2430 5435722 
2431 5435722 
2432 5435722 
2433 5435722 
2434 5435722 
2435 5435722 
2436 5435722 
2437 5435722 
2438 5435722 
2439 5435722 
2440 5435722 
2441 5435722 
2442 5435722 
2443 5435722 
2444 5435722 
2445 5435722 
2446 5435722 
2447 5435722 
2448 5435722 
2449 5435722 
2450 5435722 
2451 5435722 
2452 5435722 
2453 5435722 
2454 5435722 
2455 5435722 
2456 5435722 
2457 5435722 
2458 5435722 
2459 5435722 
2460 5435722 
2461 5435722 
2462 5435722 
2463 5435722 
2464 5435722 
2465 5435722 
2466 5435722 
2467 5435722 
2468 5435722 
2469 5435722 
2470 5435722 
2471 5435722 
2472 5435722 
2473 5435722 
2474 5435722 
2475 5435722 
2476 5435722 
2477 5435722 
2478 5435722 
2479 5435722 
2480 5435722 
2481 5435722 
2482 5435722 
2483 5435722 
2484 5435722 
2485 5435722 
2486 5435722 
2487 5435722 
2488 5435722 
2489 5435722 
2490 5435722 
2491 5435722 
2492 5435722 
2493 5435722 
2494 5435722 
2495 5435722 
2496 5435722 
2497 5435722 
2498 5435722 
2499 5435722 
2500 5435722 
2501 5435722 
2502 5435722 
2503 5435722 
2504 5435722 
2505 5435722 
2506 5435722 
2507 5435722 
2508 5435722 
2509 5435722 
2510 5435722 
2511 5435722 
2512 5435722 
2513 5435722 
2514 5435722 
2515 5435722 
2516 5435722 
2517 5435722 
2518 5435722 
2519 5435722 
2520 5435722 
2521 5435722 
2522 5435722 
2523 5435722 
2524 5435722 
2525 5435722 
2526 5435722 
2527 5435722 
2528 5435722 
2529 5435722 
2530 5435722 
2531 5435722 
2532 5435722 
2533 5435722 
2534 5435722 
2535 5435722 
2536 5435722 
2537 5435722 
2538 5435722 
2539 5435722 
2540 5435722 
2541 5435722 
2542 5435722 
2543 5435722 
2544 5435722 
2545 5435722 
2546 5435722 
2547 5435722 
2548 5435722 
2549 5435722 
2550 5435722 
2551 5435722 
2552 5435722 
2553 5435722 
2554 5435722 
2555 5435722 
2556 5435722 
2557 5435722 
2558 5435722 
2559 5435722 
2560 5435722 
2561 5435722 
2562 5435722 
2563 5435722 
2564 5435722 
2565 5435722 
2566 5435722 
2567 5435722 
2568 5435722 
2569 5435722 
2570 5435722 
2571 5435722 
2572 5435722 
2573 5435722 
2574 5435722 
2575 5435722 
2576 5435722 
2577 5435722 
2578 5435722 
2579 5435722 
2580 5435722 
2581 5435722 
2582 5435722 
2583 5435722 
2584 5435722 
2585 5435722 
2586 5435722 
2587 5435722 
2588 5435722 
2589 5435722 
2590 5435722 
2591 5435722 
2592 5435722 
2593 5435722 
2594 5435722 
2595 5435722 
2596 5435722 
2597 5435722 
2598 5435722 
2599 5435722 
2600 5435722 
2601 5435722 
2602 5435722 
2603 5435722 
2604 5435722 
2605 5435722 
2606 5435722 
2607 5435722 
2608 5435722 
2609 5435722 
2610 5435722 
2611 5435722 
2612 5435722 
2613 5435722 
2614 5435722 
2615 5435722 
2616 5435722 
2617 5435722 
2618 5435722 
2619 5435722 
2620 5435722 
2621 5435722 
2622 5435722 
2623 5435722 
2624 5435722 
2625 5435722 
2626 5435722 
2627 5435722 
2628 5435722 
2629 5435722 
2630 5435722 
2631 5435722 
2632 5435722 
2633 5435722 
2634 5435722 
2635 5435722 
2636 5435722 
2637 5435722 
2638 5435722 
2639 5435722 
2640 5435722 
2641 5435722 
2642 5435722 
2643 5435722 
2644 5435722 
2645 5435722 
2646 5435722 
2647 5435722 
2648 5435722 
2649 5435722 
2650 5435722 
2651 5435722 
2652 5435722 
2653 5435722 
2654 5435722 
2655 5435722 
2656 5435722 
2657 5435722 
2658 5435722 
2659 5435722 
2660 5435722 
2661 5435722 
2662 5435722 
2663 5435722 
2664 5435722 
2665 5435722 
2666 5435722 
2667 5435722 
2668 5435722 
2669 5435722 
2670 5435722 
2671 5435722 
2672 5435722 
2673 5435722 
2674 5435722 
2675 5435722 
2676 5435722 
2677 5435722 
2678 5435722 
2679 5435722 
2680 5435722 
2681 5435722 
2682 5435722 
2683 5435722 
2684 5435722 
2685 5435722 
2686 5435722 
2687 5435722 
2688 5435722 
2689 5435722 
2690 5435722 
2691 5435722 
2692 5435722 
2693 5435722 
2694 5435722 
2695 5435722 
2696 5435722 
2697 5435722 
2698 5435722 
2699 5435722 
2700 5435722 
2701 5435722 
2702 5435722 
2703 5435722 
2704 5435722 
2705 5435722 
2706 5435722 
2707 5435722 
2708 5435722 
2709 5435722 
2710 5435722 
2711 5435722 
2712 5435722 
2713 5435722 
2714 5435722 
2715 5435722 
2716 5435722 
2717 5435722 
2718 5435722 
2719 5435722 
2720 5435722 
2721 5435722 
2722 5435722 
2723 5435722 
2724 5435722 
2725 5435722 
2726 5435722 
2727 5435722 
2728 5435722 
2729 5435722 
2730 5435722 
2731 5435722 
2732 5435722 
2733 5435722 
2734 5435722 
2735 5435722 
2736 5435722 
2737 5435722 
2738 5435722 
2739 5435722 
2740 5435722 
2741 5435722 
2742 5435722 
2743 5435722 
2744 5435722 
2745 5435722 
2746 5435722 
2747 5435722 
2748 5435722 
2749 5435722 
2750 5435722 
2751 5435722 
2752 5435722 
2753 5435722 
2754 5435722 
2755 5435722 
2756 5435722 
2757 5435722 
2758 5435722 
2759 5435722 
2760 5435722 
2761 5435722 
2762 5435722 
2763 5435722 
2764 5435722 
2765 5435722 
2766 5435722 
2767 5435722 
2768 5435722 
2769 5435722 
2770 5435722 
2771 5435722 
2772 5435722 
2773 5435722 
2774 5435722 
2775 5435722 
2776 5435722 
2777 5435722 
2778 5435722 
2779 5435722 
2780 5435722 
2781 5435722 
2782 5435722 
2783 5435722 
2784 5435722 
2785 5435722 
2786 5435722 
2787 5435722 
2788 5435722 
2789 5435722 
2790 5435722 
2791 5435722 
2792 5435722 
2793 5435722 
2794 5435722 
2795 5435722 
2796 5435722 
2797 5435722 
2798 5435722 
2799 5435722 
2800 5435722 
2801 5435722 
2802 5435722 
2803 5435722 
2804 5435722 
2805 5435722 
2806 5435722 
2807 5435722 
2808 5435722 
2809 5435722 
2810 5435722 
2811 5435722 
2812 5435722 
2813 5435722 
2814 5435722 
2815 5435722 
2816 5435722 
2817 5435722 
2818 5435722 
2819 5435722 
2820 5435722 
2821 5435722 
2822 5435722 
2823 5435722 
2824 5435722 
2825 5435722 
2826 5435722 
2827 5435722 
2828 5435722 
2829 5435722 
2830 5435722 
2831 5435722 
2832 5435722 
2833 5435722 
2834 5435722 
2835 5435722 
2836 5435722 
2837 5435722 
2838 5435722 
2839 5435722 
2840 5435722 
2841 5435722 
2842 5435722 
2843 5435722 
2844 5435722 
2845 5435722 
2846 5435722 
2847 5435722 
2848 5435722 
2849 5435722 
2850 5435722 
2851 5435722 
2852 5435722 
2853 5435722 
2854 5435722 
2855 5435722 
2856 5435722 
2857 5435722 
2858 5435722 
2859 5435722 
2860 5435722 
2861 5435722 
2862 5435722 
2863 5435722 
2864 5435722 
2865 5435722 
2866 5435722 
2867 5435722 
2868 5435722 
2869 5435722 
2870 5435722 
2871 5435722 
2872 5435722 
2873 5435722 
2874 5435722 
2875 5435722 
2876 5435722 
2877 5435722 
2878 5435722 
2879 5435722 
2880 5435722 
2881 5435722 
2882 5435722 
2883 5435722 
2884 5435722 
2885 5435722 
2886 5435722 
2887 5435722 
2888 5435722 
2889 5435722 
2890 5435722 
2891 5435722 
2892 5435722 
2893 5435722 
2894 5435722 
2895 5435722 
2896 5435722 
2897 5435722 
2898 5435722 
2899 5435722 
2900 5435722 
2901 5435722 
2902 5435722 
2903 5435722 
2904 5435722 
2905 5435722 
2906 5435722 
2907 5435722 
2908 5435722 
2909 5435722 
2910 5435722 
2911 5435722 
2912 5435722 
2913 5435722 
2914 5435722 
2915 5435722 
2916 5435722 
2917 5435722 
2918 5435722 
2919 5435722 
2920 5435722 
2921 5435722 
2922 5435722 
2923 5435722 
2924 5435722 
2925 5435722 
2926 5435722 
2927 5435722 
2928 5435722 
2929 5435722 
2930 5435722 
2931 5435722 
2932 5435722 
2933 5435722 
2934 5435722 
2935 5435722 
2936 5435722 
2937 5435722 
2938 5435722 
2939 5435722 
2940 5435722 
2941 5435722 
2942 5435722 
2943 5435722 
2944 5435722 
2945 5435722 
2946 5435722 
2947 5435722 
2948 5435722 
2949 5435722 
2950 5435722 
2951 5435722 
2952 5435722 
2953 5435722 
2954 5435722 
2955 5435722 
2956 5435722 
2957 5435722 
2958 5435722 
2959 5435722 
2960 5435722 
2961 5435722 
2962 5435722 
2963 5435722 
2964 5435722 
2965 5435722 
2966 5435722 
2967 5435722 
2968 5435722 
2969 5435722 
2970 5435722 
2971 5435722 
2972 5435722 
2973 5435722 
2974 5435722 
2975 5435722 
2976 5435722 
2977 5435722 
2978 5435722 
2979 5435722 
2980 5435722 
2981 5435722 
2982 5435722 
2983 5435722 
2984 5435722 
2985 5435722 
2986 5435722 
2987 5435722 
2988 5435722 
2989 5435722 
2990 5435722 
2991 5435722 
2992 5435722 
2993 5435722 
2994 5435722 
2995 5435722 
2996 5435722 
2997 5435722 
2998 5435722 
2999 5435722 
3000 5435722 
3001 5435722 
3002 5435722 
3003 5435722 
3004 5435722 
3005 5435722 
3006 5435722 
3007 5435722 
3008 5435722 
3009 5435722 
3010 5435722 
3011 5435722 
3012 5435722 
3013 5435722 
3014 5435722 
3015 5435722 
3016 5435722 

