0 5977347 
1 5960414 
2 5944452 
3 5943987 
4 5940982 
5 5939923 
6 5939786 
7 5936913 
8 5935944 
9 5935901 
10 5935883 
11 5935767 
12 5935155 
13 5935142 
14 5934770 
15 5934758 
16 5933530 
17 5933289 
18 5932246 
19 5931746 
20 5931067 
21 5930832 
22 5930493 
23 5930360 
24 5930354 
25 5929834 
26 5929806 
27 5929200 
28 5926074 
29 5912452 
30 5912152 
31 5905777 
32 5905765 
33 5905706 
34 5905702 
35 5905372 
36 5905026 
37 5904626 
38 5904626 
39 5902148 
40 5902068 
41 5901897 
42 5900946 
43 5900926 
44 5900433 
45 5899961 
46 5899912 
47 5899788 
48 5889051 
49 5877790 
50 5876175 
51 5875839 
52 5875541 
53 5875535 
54 5875506 
55 5875323 
56 5875281 
57 5874880 
58 5874472 
59 5874471 
60 5871815 
61 5871721 
62 5867772 
63 5867667 
64 5866394 
65 5866107 
66 5865901 
67 5865561 
68 5864671 
69 5864555 
70 5864456 
71 5849234 
72 5847181 
73 5846639 
74 5846365 
75 5844805 
76 5844796 
77 5844345 
78 5844149 
79 5843820 
80 5843787 
81 5838178 
82 5837280 
83 5837266 
84 5835828 
85 5835282 
86 5834068 
87 5834033 
88 5834027 
89 5833952 
90 5833898 
91 5833898 
92 5833882 
93 5832741 
94 5832322 
95 5832168 
96 5831385 
97 5829252 
98 5829250 
99 5829248 
100 5829238 
101 5829216 
102 5829196 
103 5828284 
104 5828148 
105 5827894 
106 5827872 
107 5827541 
108 5827532 
109 5827140 
110 5820475 
111 5819838 
112 5815991 
113 5815976 
114 5815850 
115 5815823 
116 5814815 
117 5814807 
118 5814754 
119 5814720 
120 5814600 
121 5813459 
122 5813060 
123 5813003 
124 5812782 
125 5812769 
126 5811942 
127 5811929 
128 5811763 
129 5809597 
130 5808321 
131 5803564 
132 5803557 
133 5801524 
134 5801510 
135 5800087 
136 5799366 
137 5798664 
138 5797755 
139 5797561 
140 5789538 
141 5789512 
142 5789457 
143 5787934 
144 5787774 
145 5786982 
146 5786980 
147 5786932 
148 5786801 
149 5785891 
150 5784698 
151 5784158 
152 5784100 
153 5784076 
154 5780210 
155 5779721 
156 5779720 
157 5779643 
158 5779264 
159 5779178 
160 5779152 
161 5779147 
162 5778965 
163 5778938 
164 5778918 
165 5778873 
166 5778775 
167 5778754 
168 5775864 
169 5774609 
170 5774391 
171 5774352 
172 5774313 
173 5774191 
174 5773145 
175 5766949 
176 5764887 
177 5764886 
178 5764373 
179 5764210 
180 5764208 
181 5764201 
182 5763845 
183 5758665 
184 5758614 
185 5757429 
186 5757079 
187 5756721 
188 5756658 
189 5756267 
190 5755745 
191 5755738 
192 5755234 
193 5755073 
194 5755011 
195 5752685 
196 5752672 
197 5752646 
198 5752451 
199 5752072 
200 5752050 
201 5752036 
202 5751761 
203 5751684 
204 5750590 
205 5750122 
206 5749925 
207 5749856 
208 5749843 
209 5749458 
210 5749044 
211 5748932 
212 5748830 
213 5748791 
214 5748576 
215 5748527 
216 5748228 
217 5747885 
218 5747769 
219 5747655 
220 5747165 
221 5747146 
222 5742969 
223 5742969 
224 5742768 
225 5742670 
226 5742644 
227 5742293 
228 5740303 
229 5739508 
230 5737513 
231 5736867 
232 5736685 
233 5736648 
234 5732272 
235 5732171 
236 5732139 
237 5731342 
238 5731188 
239 5730528 
240 5730415 
241 5730105 
242 5729496 
243 5729488 
244 5728681 
245 5728630 
246 5727690 
247 5727416 
248 5726783 
249 5726506 
250 5726109 
251 5725966 
252 5720189 
253 5718631 
254 5714401 
255 5710601 
256 5699632 
257 5699141 
258 5699136 
259 5698642 
260 5698608 
261 5698490 
262 5698476 
263 5698186 
264 5697874 
265 5697298 
266 5697240 
267 5697215 
268 5697115 
269 5696920 
270 5696674 
271 5696553 
272 5696540 
273 5694946 
274 5694667 
275 5694662 
276 5691665 
277 5690916 
278 5690894 
279 5690708 
280 5689879 
281 5689770 
282 5689719 
283 5689330 
284 5689297 
285 5689024 
286 5686512 
287 5685077 
288 5685053 
289 5684896 
290 5684699 
291 5684687 
292 5684622 
293 5683882 
294 5683663 
295 5683605 
296 5683257 
297 5682679 
298 5674334 
299 5674189 
300 5674083 
301 5674019 
302 5673644 
303 5672839 
304 5672538 
305 5672210 
306 5671964 
307 5671800 
308 5671176 
309 5663133 
310 5663086 
311 5662927 
312 5662840 
313 5660948 
314 5658296 
315 5642928 
316 5637897 
317 5634287 
318 5632420 
319 5631157 
320 5630262 
321 5629369 
322 5629361 
323 5629170 
324 5628977 
325 5628963 
326 5628863 
327 5624508 
328 5623953 
329 5619839 
330 5619602 
331 5619578 
332 5619475 
333 5619426 
334 5618685 
335 5618643 
336 5617490 
337 5617378 
338 5617313 
339 5615795 
340 5615094 
341 5614801 
342 5614591 
343 5613963 
344 5613159 
345 5610662 
346 5607722 
347 5607512 
348 5607338 
349 5607079 
350 5606535 
351 5604739 
352 5603043 
353 5602409 
354 5593743 
355 5593743 
356 5593544 
357 5593344 
358 5593148 
359 5592796 
360 5592645 
361 5592626 
362 5592619 
363 5592552 
364 5592533 
365 5591039 
366 5590840 
367 5590781 
368 5590739 
369 5590597 
370 5590557 
371 5590460 
372 5590359 
373 5590188 
374 5589721 
375 5589656 
376 5589630 
377 5589604 
378 5589351 
379 5588525 
380 5588378 
381 5587370 
382 5584252 
383 5583966 
384 5583875 
385 5583814 
386 5583754 
387 5583713 
388 5583289 
389 5582742 
390 5582687 
391 5582595 
392 5582536 
393 5582529 
394 5582249 
395 5582215 
396 5582018 
397 5581840 
398 5581391 
399 5578933 
400 5578926 
401 5578877 
402 5578786 
403 5578748 
404 5578288 
405 5578068 
406 5577879 
407 5577879 
408 5577746 
409 5577638 
410 5576147 
411 5576025 
412 5575679 
413 5573176 
414 5572781 
415 5571633 
416 5571528 
417 5570907 
418 5567990 
419 5567279 
420 5566975 
421 5566968 
422 5566284 
423 5566076 
424 5564799 
425 5564083 
426 5564083 
427 5563823 
428 5562968 
429 5562778 
430 5562663 
431 5562491 
432 5561181 
433 5560751 
434 5556577 
435 5556166 
436 5555671 
437 5555536 
438 5554856 
439 5554797 
440 5553409 
441 5552967 
442 5549666 
443 5549543 
444 5548046 
445 5547472 
446 5542071 
447 5540662 
448 5540400 
449 5539698 
450 5539698 
451 5539568 
452 5539439 
453 5538352 
454 5537596 
455 5537138 
456 5537124 
457 5537120 
458 5537087 
459 5537072 
460 5534957 
461 5534600 
462 5533818 
463 5530071 
464 5529245 
465 5529117 
466 5528935 
467 5528876 
468 5527597 
469 5527426 
470 5527030 
471 5526937 
472 5526130 
473 5526048 
474 5523180 
475 5523180 
476 5523034 
477 5522494 
478 5519540 
479 5519515 
480 5518725 
481 5518263 
482 5518218 
483 5518080 
484 5518014 
485 5517559 
486 5517526 
487 5517441 
488 5517199 
489 5517022 
490 5516989 
491 5516897 
492 5516862 
493 5516519 
494 5516435 
495 5516297 
496 5515837 
497 5515060 
498 5515043 
499 5512219 
500 5511989 
501 5511923 
502 5511839 
503 5511810 
504 5511751 
505 5511751 
506 5511734 
507 5511608 
508 5511587 
509 5510233 
510 5510157 
511 5506821 
512 5506518 
513 5506462 
514 5505475 
515 5505268 
516 5505189 
517 5505070 
518 5504955 
519 5504349 
520 5504051 
521 5497086 
522 5496703 
523 5496028 
524 5495759 
525 5491150 
526 5490190 
527 5490190 
528 5489744 
529 5488722 
530 5488646 
531 5488522 
532 5488095 
533 5487992 
534 5487716 
535 5487600 
536 5485486 
537 5484361 
538 5479562 
539 5479414 
540 5479318 
541 5479205 
542 5475991 
543 5475798 
544 5475638 
545 5475155 
546 5475093 
547 5474924 
548 5474647 
549 5474449 
550 5474449 
551 5472549 
552 5471700 
553 5471168 
554 5470667 
555 5469897 
556 5469596 
557 5469093 
558 5469059 
559 5467335 
560 5467159 
561 5467063 
562 5467041 
563 5466937 
564 5466503 
565 5466386 
566 5466364 
567 5466113 
568 5465985 
569 5465868 
570 5459703 
571 5456903 
572 5456863 
573 5456822 
574 5456475 
575 5455667 
576 5455162 
577 5452879 
578 5452879 
579 5452812 
580 5452632 
581 5452317 
582 5451374 
583 5450513 
584 5450203 
585 5450203 
586 5447332 
587 5447332 
588 5445794 
589 5445794 
590 5445135 
591 5444421 
592 5444403 
593 5444272 
594 5444197 
595 5444143 
596 5443041 
597 5442435 
598 5442110 
599 5441530 
600 5441530 
601 5441028 
602 5441028 
603 5440568 
604 5440568 
605 5440488 
606 5440488 
607 5440221 
608 5440221 
609 5440190 
610 5440190 
611 5440190 
612 5440190 
613 5440190 
614 5439875 
615 5439875 
616 5439875 
617 5439796 
618 5439617 
619 5439617 
620 5439617 
621 5439617 
622 5439617 
623 5439617 
624 5439617 
625 5439617 
626 5439617 
627 5439617 
628 5439617 
629 5439617 
630 5439617 
631 5439617 
632 5439617 
633 5439617 
634 5439617 
635 5439617 
636 5439617 
637 5439617 
638 5439617 
639 5439617 
640 5439617 
641 5439617 
642 5439617 
643 5439617 
644 5439617 
645 5439617 
646 5439617 
647 5439617 
648 5439617 
649 5439617 
650 5439617 
651 5439617 
652 5439617 
653 5439617 
654 5439617 
655 5439617 
656 5439617 
657 5439617 
658 5439617 
659 5439617 
660 5439617 
661 5439617 
662 5439617 
663 5439617 
664 5439617 
665 5439617 
666 5439617 
667 5439617 
668 5439617 
669 5439617 
670 5439617 
671 5439617 
672 5439617 
673 5439617 
674 5439617 
675 5439617 
676 5439617 
677 5439617 
678 5439617 
679 5439617 
680 5439617 
681 5439617 
682 5439617 
683 5439617 
684 5439617 
685 5439617 
686 5439617 
687 5439617 
688 5439617 
689 5439617 
690 5439617 
691 5439617 
692 5439617 
693 5439617 
694 5439617 
695 5439617 
696 5439617 
697 5439617 
698 5439617 
699 5439617 
700 5439617 
701 5439617 
702 5439617 
703 5439617 
704 5439617 
705 5439617 
706 5439617 
707 5439617 
708 5439617 
709 5439617 
710 5439617 
711 5439617 
712 5439617 
713 5439617 
714 5439617 
715 5439617 
716 5439617 
717 5439617 
718 5439617 
719 5439617 
720 5439617 
721 5439617 
722 5439617 
723 5439617 
724 5439617 
725 5439617 
726 5439617 
727 5439617 
728 5439617 
729 5439617 
730 5439617 
731 5439617 
732 5439617 
733 5439617 
734 5439617 
735 5439617 
736 5439617 
737 5439617 
738 5439617 
739 5439617 
740 5439617 
741 5439617 
742 5439617 
743 5439617 
744 5439617 
745 5439617 
746 5439617 
747 5439617 
748 5439617 
749 5439617 
750 5439617 
751 5439617 
752 5439617 
753 5439617 
754 5439617 
755 5439617 
756 5439617 
757 5439617 
758 5439617 
759 5439617 
760 5439617 
761 5439617 
762 5439617 
763 5439617 
764 5439617 
765 5439617 
766 5439617 
767 5439617 
768 5439617 
769 5439617 
770 5439617 
771 5439617 
772 5439617 
773 5439617 
774 5439617 
775 5439617 
776 5439617 
777 5439617 
778 5439617 
779 5439617 
780 5439617 
781 5439617 
782 5439617 
783 5439617 
784 5439617 
785 5439617 
786 5439617 
787 5439617 
788 5439617 
789 5439617 
790 5439617 
791 5439617 
792 5439617 
793 5439617 
794 5439617 
795 5439617 
796 5439617 
797 5439617 
798 5439617 
799 5439617 
800 5439617 
801 5439617 
802 5439617 
803 5439617 
804 5439617 
805 5439617 
806 5439617 
807 5439617 
808 5439617 
809 5439617 
810 5439617 
811 5439617 
812 5439617 
813 5439617 
814 5439617 
815 5439617 
816 5439617 
817 5439617 
818 5439617 
819 5439617 
820 5439617 
821 5439617 
822 5439617 
823 5439617 
824 5439617 
825 5439617 
826 5439617 
827 5439617 
828 5439617 
829 5439617 
830 5439617 
831 5439617 
832 5439617 
833 5439617 
834 5439617 
835 5439617 
836 5439617 
837 5439617 
838 5439617 
839 5439617 
840 5439617 
841 5439617 
842 5439617 
843 5439617 
844 5439617 
845 5439617 
846 5439617 
847 5439617 
848 5439617 
849 5439617 
850 5439617 
851 5439617 
852 5439617 
853 5439617 
854 5439617 
855 5439617 
856 5439617 
857 5439617 
858 5439617 
859 5439617 
860 5439617 
861 5439617 
862 5439617 
863 5439617 
864 5439617 
865 5439617 
866 5439617 
867 5439617 
868 5439617 
869 5439617 
870 5439617 
871 5439617 
872 5439617 
873 5439617 
874 5439617 
875 5439617 
876 5439617 
877 5439617 
878 5439617 
879 5439617 
880 5439617 
881 5439617 
882 5439617 
883 5439617 
884 5439617 
885 5439617 
886 5439617 
887 5439617 
888 5439617 
889 5439617 
890 5439617 
891 5439617 
892 5439617 
893 5439617 
894 5439617 
895 5439617 
896 5439617 
897 5439617 
898 5439617 
899 5439617 
900 5439617 
901 5439617 
902 5439617 
903 5439617 
904 5439617 
905 5439617 
906 5439617 
907 5439617 
908 5439617 
909 5439617 
910 5439617 
911 5439617 
912 5439617 
913 5439617 
914 5439617 
915 5439617 
916 5439617 
917 5439617 
918 5439617 
919 5439617 
920 5439617 
921 5439617 
922 5439617 
923 5439617 
924 5439617 
925 5439617 
926 5439617 
927 5439617 
928 5439617 
929 5439617 
930 5439617 
931 5439617 
932 5439617 
933 5439617 
934 5439617 
935 5439617 
936 5439617 
937 5439617 
938 5439617 
939 5439617 
940 5439617 
941 5439617 
942 5439617 
943 5439617 
944 5439617 
945 5439617 
946 5439617 
947 5439617 
948 5439617 
949 5439617 
950 5439617 
951 5439617 
952 5439617 
953 5439617 
954 5439617 
955 5439617 
956 5439617 
957 5439617 
958 5439617 
959 5439617 
960 5439617 
961 5439617 
962 5439617 
963 5439617 
964 5439617 
965 5439617 
966 5439617 
967 5439617 
968 5439617 
969 5439617 
970 5439617 
971 5439617 
972 5439617 
973 5439617 
974 5439617 
975 5439617 
976 5439617 
977 5439617 
978 5439617 
979 5439617 
980 5439617 
981 5439617 
982 5439617 
983 5439617 
984 5439617 
985 5439617 
986 5439617 
987 5439617 
988 5439617 
989 5439617 
990 5439617 
991 5439617 
992 5439617 
993 5439617 
994 5439617 
995 5439617 
996 5439617 
997 5439617 
998 5439617 
999 5439617 
1000 5439617 
1001 5439617 
1002 5439617 
1003 5439617 
1004 5439617 
1005 5439617 
1006 5439617 
1007 5439617 
1008 5439617 
1009 5439617 
1010 5439617 
1011 5439617 
1012 5439617 
1013 5439617 
1014 5439617 
1015 5439617 
1016 5439617 
1017 5439617 
1018 5439617 
1019 5439617 
1020 5439617 
1021 5439617 
1022 5439617 
1023 5439617 
1024 5439617 
1025 5439617 
1026 5439617 
1027 5439617 
1028 5439617 
1029 5439617 
1030 5439617 
1031 5439617 
1032 5439617 
1033 5439617 
1034 5439617 
1035 5439617 
1036 5439617 
1037 5439617 
1038 5439617 
1039 5439617 
1040 5439617 
1041 5439617 
1042 5439617 
1043 5439617 
1044 5439617 
1045 5439617 
1046 5439617 
1047 5439617 
1048 5439617 
1049 5439617 
1050 5439617 
1051 5439617 
1052 5439617 
1053 5439617 
1054 5439617 
1055 5439617 
1056 5439617 
1057 5439617 
1058 5439617 
1059 5439617 
1060 5439617 
1061 5439617 
1062 5439617 
1063 5439617 
1064 5439617 
1065 5439617 
1066 5439617 
1067 5439617 
1068 5439617 
1069 5439617 
1070 5439617 
1071 5439617 
1072 5439617 
1073 5439617 
1074 5439617 
1075 5439617 
1076 5439617 
1077 5439617 
1078 5439617 
1079 5439617 
1080 5439617 
1081 5439617 
1082 5439617 
1083 5439617 
1084 5439617 
1085 5439617 
1086 5439617 
1087 5439617 
1088 5439617 
1089 5439617 
1090 5439617 
1091 5439617 
1092 5439617 
1093 5439617 
1094 5439617 
1095 5439617 
1096 5439617 
1097 5439617 
1098 5439617 
1099 5439617 
1100 5439617 
1101 5439617 
1102 5439617 
1103 5439617 
1104 5439617 
1105 5439617 
1106 5439617 
1107 5439617 
1108 5439617 
1109 5439617 
1110 5439617 
1111 5439617 
1112 5439617 
1113 5439617 
1114 5439617 
1115 5439617 
1116 5439617 
1117 5439617 
1118 5439617 
1119 5439617 
1120 5439617 
1121 5439617 
1122 5439617 
1123 5439617 
1124 5439617 
1125 5439617 
1126 5439617 
1127 5439617 
1128 5439617 
1129 5439617 
1130 5439617 
1131 5439617 
1132 5439617 
1133 5439617 
1134 5439617 
1135 5439617 
1136 5439617 
1137 5439617 
1138 5439617 
1139 5439617 
1140 5439617 
1141 5439617 
1142 5439617 
1143 5439617 
1144 5439617 
1145 5439617 
1146 5439617 
1147 5439617 
1148 5439617 
1149 5439617 
1150 5439617 
1151 5439617 
1152 5439617 
1153 5439617 
1154 5439617 
1155 5439617 
1156 5439617 
1157 5439617 
1158 5439617 
1159 5439617 
1160 5439617 
1161 5439617 
1162 5439617 
1163 5439617 
1164 5439617 
1165 5439617 
1166 5439617 
1167 5439617 
1168 5439617 
1169 5439617 
1170 5439617 
1171 5439617 
1172 5439617 
1173 5439617 
1174 5439617 
1175 5439617 
1176 5439617 
1177 5439617 
1178 5439617 
1179 5439617 
1180 5439617 
1181 5439617 
1182 5439617 
1183 5439617 
1184 5439617 
1185 5439617 
1186 5439617 
1187 5439617 
1188 5439617 
1189 5439617 
1190 5439617 
1191 5439617 
1192 5439617 
1193 5439617 
1194 5439617 
1195 5439617 
1196 5439617 
1197 5439617 
1198 5439617 
1199 5439617 
1200 5439617 
1201 5439617 
1202 5439617 
1203 5439617 
1204 5439617 
1205 5439617 
1206 5439617 
1207 5439617 
1208 5439617 
1209 5439617 
1210 5439617 
1211 5439617 
1212 5439617 
1213 5439617 
1214 5439617 
1215 5439617 
1216 5439617 
1217 5439617 
1218 5439617 
1219 5439617 
1220 5439617 
1221 5439617 
1222 5439617 
1223 5439617 
1224 5439617 
1225 5439617 
1226 5439617 
1227 5439617 
1228 5439617 
1229 5439617 
1230 5439617 
1231 5439617 
1232 5439617 
1233 5439617 
1234 5439617 
1235 5439617 
1236 5439617 
1237 5439617 
1238 5439617 
1239 5439617 
1240 5439617 
1241 5439617 
1242 5439617 
1243 5439617 
1244 5439617 
1245 5439617 
1246 5439617 
1247 5439617 
1248 5439617 
1249 5439617 
1250 5439617 
1251 5439617 
1252 5439617 
1253 5439617 
1254 5439617 
1255 5439617 
1256 5439617 
1257 5439617 
1258 5439617 
1259 5439617 
1260 5439617 
1261 5439617 
1262 5439617 
1263 5439617 
1264 5439617 
1265 5439617 
1266 5439617 
1267 5439617 
1268 5439617 
1269 5439617 
1270 5439617 
1271 5439617 
1272 5439617 
1273 5439617 
1274 5439617 
1275 5439617 
1276 5439617 
1277 5439617 
1278 5439617 
1279 5439617 
1280 5439617 
1281 5439617 
1282 5439617 
1283 5439617 
1284 5439617 
1285 5439617 
1286 5439617 
1287 5439617 
1288 5439617 
1289 5439617 
1290 5439617 
1291 5439617 
1292 5439617 
1293 5439617 
1294 5439617 
1295 5439617 
1296 5439617 
1297 5439617 
1298 5439617 
1299 5439617 
1300 5439617 
1301 5439617 
1302 5439617 
1303 5439617 
1304 5439617 
1305 5439617 
1306 5439617 
1307 5439617 
1308 5439617 
1309 5439617 
1310 5439617 
1311 5439617 
1312 5439617 
1313 5439617 
1314 5439617 
1315 5439617 
1316 5439617 
1317 5439617 
1318 5439617 
1319 5439617 
1320 5439617 
1321 5439617 
1322 5439617 
1323 5439617 
1324 5439617 
1325 5439617 
1326 5439617 
1327 5439617 
1328 5439617 
1329 5439617 
1330 5439617 
1331 5439617 
1332 5439617 
1333 5439617 
1334 5439617 
1335 5439617 
1336 5439617 
1337 5439617 
1338 5439617 
1339 5439617 
1340 5439617 
1341 5439617 
1342 5439617 
1343 5439617 
1344 5439617 
1345 5439617 
1346 5439617 
1347 5439617 
1348 5439617 
1349 5439617 
1350 5439617 
1351 5439617 
1352 5439617 
1353 5439617 
1354 5439617 
1355 5439617 
1356 5439617 
1357 5439617 
1358 5439617 
1359 5439617 
1360 5439617 
1361 5439617 
1362 5439617 
1363 5439617 
1364 5439617 
1365 5439617 
1366 5439617 
1367 5439617 
1368 5439617 
1369 5439617 
1370 5439617 
1371 5439617 
1372 5439617 
1373 5439617 
1374 5439617 
1375 5439617 
1376 5439617 
1377 5439617 
1378 5439617 
1379 5439617 
1380 5439617 
1381 5439617 
1382 5439617 
1383 5439617 
1384 5439617 
1385 5439617 
1386 5439617 
1387 5439617 
1388 5439617 
1389 5439617 
1390 5439617 
1391 5439617 
1392 5439617 
1393 5439617 
1394 5439617 
1395 5439617 
1396 5439617 
1397 5439617 
1398 5439617 
1399 5439617 
1400 5439617 
1401 5439617 
1402 5439617 
1403 5439617 
1404 5439617 
1405 5439617 
1406 5439617 
1407 5439617 
1408 5439617 
1409 5439617 
1410 5439617 
1411 5439617 
1412 5439617 
1413 5439617 
1414 5439617 
1415 5439617 
1416 5439617 
1417 5439617 
1418 5439617 
1419 5439617 
1420 5439617 
1421 5439617 
1422 5439617 
1423 5439617 
1424 5439617 
1425 5439617 
1426 5439617 
1427 5439617 
1428 5439617 
1429 5439617 
1430 5439617 
1431 5439617 
1432 5439617 
1433 5439617 
1434 5439617 
1435 5439617 
1436 5439617 
1437 5439617 
1438 5439617 
1439 5439617 
1440 5439617 
1441 5439617 
1442 5439617 
1443 5439617 
1444 5439617 
1445 5439617 
1446 5439617 
1447 5439617 
1448 5439617 
1449 5439617 
1450 5439617 
1451 5439617 
1452 5439617 
1453 5439617 
1454 5439617 
1455 5439617 
1456 5439617 
1457 5439617 
1458 5439617 
1459 5439617 
1460 5439617 
1461 5439617 
1462 5439617 
1463 5439617 
1464 5439617 
1465 5439617 
1466 5439617 
1467 5439617 
1468 5439617 
1469 5439617 
1470 5439617 
1471 5439617 
1472 5439617 
1473 5439617 
1474 5439617 
1475 5439617 
1476 5439617 
1477 5439617 
1478 5439617 
1479 5439617 
1480 5439617 
1481 5439617 
1482 5439617 
1483 5439617 
1484 5439617 
1485 5439617 
1486 5439617 
1487 5439617 
1488 5439617 
1489 5439617 
1490 5439617 
1491 5439617 
1492 5439617 
1493 5439617 
1494 5439617 
1495 5439617 
1496 5439617 
1497 5439617 
1498 5439617 
1499 5439617 
1500 5439617 
1501 5439617 
1502 5439617 
1503 5439617 
1504 5439617 
1505 5439617 
1506 5439617 
1507 5439617 
1508 5439617 
1509 5439617 
1510 5439617 
1511 5439617 
1512 5439617 
1513 5439617 
1514 5439617 
1515 5439617 
1516 5439617 
1517 5439617 
1518 5439617 
1519 5439617 
1520 5439617 
1521 5439617 
1522 5439617 
1523 5439617 
1524 5439617 
1525 5439617 
1526 5439617 
1527 5439617 
1528 5439617 
1529 5439617 
1530 5439617 
1531 5439617 
1532 5439617 
1533 5439617 
1534 5439617 
1535 5439617 
1536 5439617 
1537 5439617 
1538 5439617 
1539 5439617 
1540 5439617 
1541 5439617 
1542 5439617 
1543 5439617 
1544 5439617 
1545 5439617 
1546 5439617 
1547 5439617 
1548 5439617 
1549 5439617 
1550 5439617 
1551 5439617 
1552 5439617 
1553 5439617 
1554 5439617 
1555 5439617 
1556 5439617 
1557 5439617 
1558 5439617 
1559 5439617 
1560 5439617 
1561 5439617 
1562 5439617 
1563 5439617 
1564 5439617 
1565 5439617 
1566 5439617 
1567 5439617 
1568 5439617 
1569 5439617 
1570 5439617 
1571 5439617 
1572 5439617 
1573 5439617 
1574 5439617 
1575 5439617 
1576 5439617 
1577 5439617 
1578 5439617 
1579 5439617 
1580 5439617 
1581 5439617 
1582 5439617 
1583 5439617 
1584 5439617 
1585 5439617 
1586 5439617 
1587 5439617 
1588 5439617 
1589 5439617 
1590 5439617 
1591 5439617 
1592 5439617 
1593 5439617 
1594 5439617 
1595 5439617 
1596 5439617 
1597 5439617 
1598 5439617 
1599 5439617 
1600 5439617 
1601 5439617 
1602 5439617 
1603 5439617 
1604 5439617 
1605 5439617 
1606 5439617 
1607 5439617 
1608 5439617 
1609 5439617 
1610 5439617 
1611 5439617 
1612 5439617 
1613 5439617 
1614 5439617 
1615 5439617 
1616 5439617 
1617 5439617 
1618 5439617 
1619 5439617 
1620 5439617 
1621 5439617 
1622 5439617 
1623 5439617 
1624 5439617 
1625 5439617 
1626 5439617 
1627 5439617 
1628 5439617 
1629 5439617 
1630 5439617 
1631 5439617 
1632 5439617 
1633 5439617 
1634 5439617 
1635 5439617 
1636 5439617 
1637 5439617 
1638 5439617 
1639 5439617 
1640 5439617 
1641 5439617 
1642 5439617 
1643 5439617 
1644 5439617 
1645 5439617 
1646 5439617 
1647 5439617 
1648 5439617 
1649 5439617 
1650 5439617 
1651 5439617 
1652 5439617 
1653 5439617 
1654 5439617 
1655 5439617 
1656 5439617 
1657 5439617 
1658 5439617 
1659 5439617 
1660 5439617 
1661 5439617 
1662 5439617 
1663 5439617 
1664 5439617 
1665 5439617 
1666 5439617 
1667 5439617 
1668 5439617 
1669 5439617 
1670 5439617 
1671 5439617 
1672 5439617 
1673 5439617 
1674 5439617 
1675 5439617 
1676 5439617 
1677 5439617 
1678 5439617 
1679 5439617 
1680 5439617 
1681 5439617 
1682 5439617 
1683 5439617 
1684 5439617 
1685 5439617 
1686 5439617 
1687 5439617 
1688 5439617 
1689 5439617 
1690 5439617 
1691 5439617 
1692 5439617 
1693 5439617 
1694 5439617 
1695 5439617 
1696 5439617 
1697 5439617 
1698 5439617 
1699 5439617 
1700 5439617 
1701 5439617 
1702 5439617 
1703 5439617 
1704 5439617 
1705 5439617 
1706 5439617 
1707 5439617 
1708 5439617 
1709 5439617 
1710 5439617 
1711 5439617 
1712 5439617 
1713 5439617 
1714 5439617 
1715 5439617 
1716 5439617 
1717 5439617 
1718 5439617 
1719 5439617 
1720 5439617 
1721 5439617 
1722 5439617 
1723 5439617 
1724 5439617 
1725 5439617 
1726 5439617 
1727 5439617 
1728 5439617 
1729 5439617 
1730 5439617 
1731 5439617 
1732 5439617 
1733 5439617 
1734 5439617 
1735 5439617 
1736 5439617 
1737 5439617 
1738 5439617 
1739 5439617 
1740 5439617 
1741 5439617 
1742 5439617 
1743 5439617 
1744 5439617 
1745 5439617 
1746 5439617 
1747 5439617 
1748 5439617 
1749 5439617 
1750 5439617 
1751 5439617 
1752 5439617 
1753 5439617 
1754 5439617 
1755 5439617 
1756 5439617 
1757 5439617 
1758 5439617 
1759 5439617 
1760 5439617 
1761 5439617 
1762 5439617 
1763 5439617 
1764 5439617 
1765 5439617 
1766 5439617 
1767 5439617 
1768 5439617 
1769 5439617 
1770 5439617 
1771 5439617 
1772 5439617 
1773 5439617 
1774 5439617 
1775 5439617 
1776 5439617 
1777 5439617 
1778 5439617 
1779 5439617 
1780 5439617 
1781 5439617 
1782 5439617 
1783 5439617 
1784 5439617 
1785 5439617 
1786 5439617 
1787 5439617 
1788 5439617 
1789 5439617 
1790 5439617 
1791 5439617 
1792 5439617 
1793 5439617 
1794 5439617 
1795 5439617 
1796 5439617 
1797 5439617 
1798 5439617 
1799 5439617 
1800 5439617 
1801 5439617 
1802 5439617 
1803 5439617 
1804 5439617 
1805 5439617 
1806 5439617 
1807 5439617 
1808 5439617 
1809 5439617 
1810 5439617 
1811 5439617 
1812 5439617 
1813 5439617 
1814 5439617 
1815 5439617 
1816 5439617 
1817 5439617 
1818 5439617 
1819 5439617 
1820 5439617 
1821 5439617 
1822 5439617 
1823 5439617 
1824 5439617 
1825 5439617 
1826 5439617 
1827 5439617 
1828 5439617 
1829 5439617 
1830 5439617 
1831 5439617 
1832 5439617 
1833 5439617 
1834 5439617 
1835 5439617 
1836 5439617 
1837 5439617 
1838 5439617 
1839 5439617 
1840 5439617 
1841 5439617 
1842 5439617 
1843 5439617 
1844 5439617 
1845 5439617 
1846 5439617 
1847 5439617 
1848 5439617 
1849 5439617 
1850 5439617 
1851 5439617 
1852 5439617 
1853 5439617 
1854 5439617 
1855 5439617 
1856 5439617 
1857 5439617 
1858 5439617 
1859 5439617 
1860 5439617 
1861 5439617 
1862 5439617 
1863 5439617 
1864 5439617 
1865 5439617 
1866 5439617 
1867 5439617 
1868 5439617 
1869 5439617 
1870 5439617 
1871 5439617 
1872 5439617 
1873 5439617 
1874 5439617 
1875 5439617 
1876 5439617 
1877 5439617 
1878 5439617 
1879 5439617 
1880 5439617 
1881 5439617 
1882 5439617 
1883 5439617 
1884 5439617 
1885 5439617 
1886 5439617 
1887 5439617 
1888 5439617 
1889 5439617 
1890 5439617 
1891 5439617 
1892 5439617 
1893 5439617 
1894 5439617 
1895 5439617 
1896 5439617 
1897 5439617 
1898 5439617 
1899 5439617 
1900 5439617 
1901 5439617 
1902 5439617 
1903 5439617 
1904 5439617 
1905 5439617 
1906 5439617 
1907 5439617 
1908 5439617 
1909 5439617 
1910 5439617 
1911 5439617 
1912 5439617 
1913 5439617 
1914 5439617 
1915 5439617 
1916 5439617 
1917 5439617 
1918 5439617 
1919 5439617 
1920 5439617 
1921 5439617 
1922 5439617 
1923 5439617 
1924 5439617 
1925 5439617 
1926 5439617 
1927 5439617 
1928 5439617 
1929 5439617 
1930 5439617 
1931 5439617 
1932 5439617 
1933 5439617 
1934 5439617 
1935 5439617 
1936 5439617 
1937 5439617 
1938 5439617 
1939 5439617 
1940 5439617 
1941 5439617 
1942 5439617 
1943 5439617 
1944 5439617 
1945 5439617 
1946 5439617 
1947 5439617 
1948 5439617 
1949 5439617 
1950 5439617 
1951 5439617 
1952 5439617 
1953 5439617 
1954 5439617 
1955 5439617 
1956 5439617 
1957 5439617 
1958 5439617 
1959 5439617 
1960 5439617 
1961 5439617 
1962 5439617 
1963 5439617 
1964 5439617 
1965 5439617 
1966 5439617 
1967 5439617 
1968 5439617 
1969 5439617 
1970 5439617 
1971 5439617 
1972 5439617 
1973 5439617 
1974 5439617 
1975 5439617 
1976 5439617 
1977 5439617 
1978 5439617 
1979 5439617 
1980 5439617 
1981 5439617 
1982 5439617 
1983 5439617 
1984 5439617 
1985 5439617 
1986 5439617 
1987 5439617 
1988 5439617 
1989 5439617 
1990 5439617 
1991 5439617 
1992 5439617 
1993 5439617 
1994 5439617 
1995 5439617 
1996 5439617 
1997 5439617 
1998 5439617 
1999 5439617 
2000 5439617 
2001 5439617 
2002 5439617 
2003 5439617 
2004 5439617 
2005 5439617 
2006 5439617 
2007 5439617 
2008 5439617 
2009 5439617 
2010 5439617 
2011 5439617 
2012 5439617 
2013 5439617 
2014 5439617 
2015 5439617 
2016 5439617 
2017 5439617 
2018 5439617 
2019 5439617 
2020 5439617 
2021 5439617 
2022 5439617 
2023 5439617 
2024 5439617 
2025 5439617 
2026 5439617 
2027 5439617 
2028 5439617 
2029 5439617 
2030 5439617 
2031 5439617 
2032 5439617 
2033 5439617 
2034 5439617 
2035 5439617 
2036 5439617 
2037 5439617 
2038 5439617 
2039 5439617 
2040 5439617 
2041 5439617 
2042 5439617 
2043 5439617 
2044 5439617 
2045 5439617 
2046 5439617 
2047 5439617 
2048 5439617 
2049 5439617 
2050 5439617 
2051 5439617 
2052 5439617 
2053 5439617 
2054 5439617 
2055 5439617 
2056 5439617 
2057 5439617 
2058 5439617 
2059 5439617 
2060 5439617 
2061 5439617 
2062 5439617 
2063 5439617 
2064 5439617 
2065 5439617 
2066 5439617 
2067 5439617 
2068 5439617 
2069 5439617 
2070 5439617 
2071 5439617 
2072 5439617 
2073 5439617 
2074 5439617 
2075 5439617 
2076 5439617 
2077 5439617 
2078 5439617 
2079 5439617 
2080 5439617 
2081 5439617 
2082 5439617 
2083 5439617 
2084 5439617 
2085 5439617 
2086 5439617 
2087 5439617 
2088 5439617 
2089 5439617 
2090 5439617 
2091 5439617 
2092 5439617 
2093 5439617 
2094 5439617 
2095 5439617 
2096 5439617 
2097 5439617 
2098 5439617 
2099 5439617 
2100 5439617 
2101 5439617 
2102 5439617 
2103 5439617 
2104 5439617 
2105 5439617 
2106 5439617 
2107 5439617 
2108 5439617 
2109 5439617 
2110 5439617 
2111 5439617 
2112 5439617 
2113 5439617 
2114 5439617 
2115 5439617 
2116 5439617 
2117 5439617 
2118 5439617 
2119 5439617 
2120 5439617 
2121 5439617 
2122 5439617 
2123 5439617 
2124 5439617 
2125 5439617 
2126 5439617 
2127 5439617 
2128 5439617 
2129 5439617 
2130 5439617 
2131 5439617 
2132 5439617 
2133 5439617 
2134 5439617 
2135 5439617 
2136 5439617 
2137 5439617 
2138 5439617 
2139 5439617 
2140 5439617 
2141 5439617 
2142 5439617 
2143 5439617 
2144 5439617 
2145 5439617 
2146 5439617 
2147 5439617 
2148 5439617 
2149 5439617 
2150 5439617 
2151 5439617 
2152 5439617 
2153 5439617 
2154 5439617 
2155 5439617 
2156 5439617 
2157 5439617 
2158 5439617 
2159 5439617 
2160 5439617 
2161 5439617 
2162 5439617 
2163 5439617 
2164 5439617 
2165 5439617 
2166 5439617 
2167 5439617 
2168 5439617 
2169 5439617 
2170 5439617 
2171 5439617 
2172 5439617 
2173 5439617 
2174 5439617 
2175 5439617 
2176 5439617 
2177 5439617 
2178 5439617 
2179 5439617 
2180 5439617 
2181 5439617 
2182 5439617 
2183 5439617 
2184 5439617 
2185 5439617 
2186 5439617 
2187 5439617 
2188 5439617 
2189 5439617 
2190 5439617 
2191 5439617 
2192 5439617 
2193 5439617 
2194 5439617 
2195 5439617 
2196 5439617 
2197 5439617 
2198 5439617 
2199 5439617 
2200 5439617 
2201 5439617 
2202 5439617 
2203 5439617 
2204 5439617 
2205 5439617 
2206 5439617 
2207 5439617 
2208 5439617 
2209 5439617 
2210 5439617 
2211 5439617 
2212 5439617 
2213 5439617 
2214 5439617 
2215 5439617 
2216 5439617 
2217 5439617 
2218 5439617 
2219 5439617 
2220 5439617 
2221 5439617 
2222 5439617 
2223 5439617 
2224 5439617 
2225 5439617 
2226 5439617 
2227 5439617 
2228 5439617 
2229 5439617 
2230 5439617 
2231 5439617 
2232 5439617 
2233 5439617 
2234 5439617 
2235 5439617 
2236 5439617 
2237 5439617 
2238 5439617 
2239 5439617 
2240 5439617 
2241 5439617 
2242 5439617 
2243 5439617 
2244 5439617 
2245 5439617 
2246 5439617 
2247 5439617 
2248 5439617 
2249 5439617 
2250 5439617 
2251 5439617 
2252 5439617 
2253 5439617 
2254 5439617 
2255 5439617 
2256 5439617 
2257 5439617 
2258 5439617 
2259 5439617 
2260 5439617 
2261 5439617 
2262 5439617 
2263 5439617 
2264 5439617 
2265 5439617 
2266 5439617 
2267 5439617 
2268 5439617 
2269 5439617 
2270 5439617 
2271 5439617 
2272 5439617 
2273 5439617 
2274 5439617 
2275 5439617 
2276 5439617 
2277 5439617 
2278 5439617 
2279 5439617 
2280 5439617 
2281 5439617 
2282 5439617 
2283 5439617 
2284 5439617 
2285 5439617 
2286 5439617 
2287 5439617 
2288 5439617 
2289 5439617 
2290 5439617 
2291 5439617 
2292 5439617 
2293 5439617 
2294 5439617 
2295 5439617 
2296 5439617 
2297 5439617 
2298 5439617 
2299 5439617 
2300 5439617 
2301 5439617 
2302 5439617 
2303 5439617 
2304 5439617 
2305 5439617 
2306 5439617 
2307 5439617 
2308 5439617 
2309 5439617 
2310 5439617 
2311 5439617 
2312 5439617 
2313 5439617 
2314 5439617 
2315 5439617 
2316 5439617 
2317 5439617 
2318 5439617 
2319 5439617 
2320 5439617 
2321 5439617 
2322 5439617 
2323 5439617 
2324 5439617 
2325 5439617 
2326 5439617 
2327 5439617 
2328 5439617 
2329 5439617 
2330 5439617 
2331 5439617 
2332 5439617 
2333 5439617 
2334 5439617 
2335 5439617 
2336 5439617 
2337 5439617 
2338 5439617 
2339 5439617 
2340 5439617 
2341 5439617 
2342 5439617 
2343 5439617 
2344 5439617 
2345 5439617 
2346 5439617 
2347 5439617 
2348 5439617 
2349 5439617 
2350 5439617 
2351 5439617 
2352 5439617 
2353 5439617 
2354 5439617 
2355 5439617 
2356 5439617 
2357 5439617 
2358 5439617 
2359 5439617 
2360 5439617 
2361 5439617 
2362 5439617 
2363 5439617 
2364 5439617 
2365 5439617 
2366 5439617 
2367 5439617 
2368 5439617 
2369 5439617 
2370 5439617 
2371 5439617 
2372 5439617 
2373 5439617 
2374 5439617 
2375 5439617 
2376 5439617 
2377 5439617 
2378 5439617 
2379 5439617 
2380 5439617 
2381 5439617 
2382 5439617 
2383 5439617 
2384 5439617 
2385 5439617 
2386 5439617 
2387 5439617 
2388 5439617 
2389 5439617 
2390 5439617 
2391 5439617 
2392 5439617 
2393 5439617 
2394 5439617 
2395 5439617 
2396 5439617 
2397 5439617 
2398 5439617 
2399 5439617 
2400 5439617 
2401 5439617 
2402 5439617 
2403 5439617 
2404 5439617 
2405 5439617 
2406 5439617 
2407 5439617 
2408 5439617 
2409 5439617 
2410 5439617 
2411 5439617 
2412 5439617 
2413 5439617 
2414 5439617 
2415 5439617 
2416 5439617 
2417 5439617 
2418 5439617 
2419 5439617 
2420 5439617 
2421 5439617 
2422 5439617 
2423 5439617 
2424 5439617 
2425 5439617 
2426 5439617 
2427 5439617 
2428 5439617 
2429 5439617 
2430 5439617 
2431 5439617 
2432 5439617 
2433 5439617 
2434 5439617 
2435 5439617 
2436 5439617 
2437 5439617 
2438 5439617 
2439 5439617 
2440 5439617 
2441 5439617 
2442 5439617 
2443 5439617 
2444 5439617 
2445 5439617 
2446 5439617 
2447 5439617 
2448 5439617 
2449 5439617 
2450 5439617 
2451 5439617 
2452 5439617 
2453 5439617 
2454 5439617 
2455 5439617 
2456 5439617 
2457 5439617 
2458 5439617 
2459 5439617 
2460 5439617 
2461 5439617 
2462 5439617 
2463 5439617 
2464 5439617 
2465 5439617 
2466 5439617 
2467 5439617 
2468 5439617 
2469 5439617 
2470 5439617 
2471 5439617 
2472 5439617 
2473 5439617 
2474 5439617 
2475 5439617 
2476 5439617 
2477 5439617 
2478 5439617 
2479 5439617 
2480 5439617 
2481 5439617 
2482 5439617 
2483 5439617 
2484 5439617 
2485 5439617 
2486 5439617 
2487 5439617 
2488 5439617 
2489 5439617 
2490 5439617 
2491 5439617 
2492 5439617 
2493 5439617 
2494 5439617 
2495 5439617 
2496 5439617 
2497 5439617 
2498 5439617 
2499 5439617 
2500 5439617 
2501 5439617 
2502 5439617 
2503 5439617 
2504 5439617 
2505 5439617 
2506 5439617 
2507 5439617 
2508 5439617 
2509 5439617 
2510 5439617 
2511 5439617 
2512 5439617 
2513 5439617 
2514 5439617 
2515 5439617 
2516 5439617 
2517 5439617 
2518 5439617 
2519 5439617 
2520 5439617 
2521 5439617 
2522 5439617 
2523 5439617 
2524 5439617 
2525 5439617 
2526 5439617 
2527 5439617 
2528 5439617 
2529 5439617 
2530 5439617 
2531 5439617 
2532 5439617 
2533 5439617 
2534 5439617 
2535 5439617 
2536 5439617 
2537 5439617 
2538 5439617 
2539 5439617 
2540 5439617 
2541 5439617 
2542 5439617 
2543 5439617 
2544 5439617 
2545 5439617 
2546 5439617 
2547 5439617 
2548 5439617 
2549 5439617 
2550 5439617 
2551 5439617 
2552 5439617 
2553 5439617 
2554 5439617 
2555 5439617 
2556 5439617 
2557 5439617 
2558 5439617 
2559 5439617 
2560 5439617 
2561 5439617 
2562 5439617 
2563 5439617 
2564 5439617 
2565 5439617 
2566 5439617 
2567 5439617 
2568 5439617 
2569 5439617 
2570 5439617 
2571 5439617 
2572 5439617 
2573 5439617 
2574 5439617 
2575 5439617 
2576 5439617 
2577 5439617 
2578 5439617 
2579 5439617 
2580 5439617 
2581 5439617 
2582 5439617 
2583 5439617 
2584 5439617 
2585 5439617 
2586 5439617 
2587 5439617 
2588 5439617 
2589 5439617 
2590 5439617 
2591 5439617 
2592 5439617 
2593 5439617 
2594 5439617 
2595 5439617 
2596 5439617 
2597 5439617 
2598 5439617 
2599 5439617 
2600 5439617 
2601 5439617 
2602 5439617 
2603 5439617 
2604 5439617 
2605 5439617 
2606 5439617 
2607 5439617 
2608 5439617 
2609 5439617 
2610 5439617 
2611 5439617 
2612 5439617 
2613 5439617 
2614 5439617 
2615 5439617 
2616 5439617 
2617 5439617 
2618 5439617 
2619 5439617 
2620 5439617 
2621 5439617 
2622 5439617 
2623 5439617 
2624 5439617 
2625 5439617 
2626 5439617 
2627 5439617 
2628 5439617 
2629 5439617 
2630 5439617 
2631 5439617 
2632 5439617 
2633 5439617 
2634 5439617 
2635 5439617 
2636 5439617 
2637 5439617 
2638 5439617 
2639 5439617 
2640 5439617 
2641 5439617 
2642 5439617 
2643 5439617 
2644 5439617 
2645 5439617 
2646 5439617 
2647 5439617 
2648 5439617 
2649 5439617 
2650 5439617 
2651 5439617 
2652 5439617 
2653 5439617 
2654 5439617 
2655 5439617 
2656 5439617 
2657 5439617 
2658 5439617 
2659 5439617 
2660 5439617 
2661 5439617 
2662 5439617 
2663 5439617 
2664 5439617 
2665 5439617 
2666 5439617 
2667 5439617 
2668 5439617 
2669 5439617 
2670 5439617 
2671 5439617 
2672 5439617 
2673 5439617 
2674 5439617 
2675 5439617 
2676 5439617 
2677 5439617 
2678 5439617 
2679 5439617 
2680 5439617 
2681 5439617 
2682 5439617 
2683 5439617 
2684 5439617 
2685 5439617 
2686 5439617 
2687 5439617 
2688 5439617 
2689 5439617 
2690 5439617 
2691 5439617 
2692 5439617 
2693 5439617 
2694 5439617 
2695 5439617 
2696 5439617 
2697 5439617 
2698 5439617 
2699 5439617 
2700 5439617 
2701 5439617 
2702 5439617 
2703 5439617 
2704 5439617 
2705 5439617 
2706 5439617 
2707 5439617 
2708 5439617 
2709 5439617 
2710 5439617 
2711 5439617 
2712 5439617 
2713 5439617 
2714 5439617 
2715 5439617 
2716 5439617 
2717 5439617 
2718 5439617 
2719 5439617 
2720 5439617 
2721 5439617 
2722 5439617 
2723 5439617 
2724 5439617 
2725 5439617 
2726 5439617 
2727 5439617 
2728 5439617 
2729 5439617 
2730 5439617 
2731 5439617 
2732 5439617 
2733 5439617 
2734 5439617 
2735 5439617 
2736 5439617 
2737 5439617 
2738 5439617 
2739 5439617 
2740 5439617 
2741 5439617 
2742 5439617 
2743 5439617 
2744 5439617 
2745 5439617 
2746 5439617 
2747 5439617 
2748 5439617 
2749 5439617 
2750 5439617 
2751 5439617 
2752 5439617 
2753 5439617 
2754 5439617 
2755 5439617 
2756 5439617 
2757 5439617 
2758 5439617 
2759 5439617 
2760 5439617 
2761 5439617 
2762 5439617 
2763 5439617 
2764 5439617 
2765 5439617 
2766 5439617 
2767 5439617 
2768 5439617 
2769 5439617 
2770 5439617 
2771 5439617 
2772 5439617 
2773 5439617 
2774 5439617 
2775 5439617 
2776 5439617 
2777 5439617 
2778 5439617 
2779 5439617 
2780 5439617 
2781 5439617 
2782 5439617 
2783 5439617 
2784 5439617 
2785 5439617 
2786 5439617 
2787 5439617 
2788 5439617 
2789 5439617 
2790 5439617 
2791 5439617 
2792 5439617 
2793 5439617 
2794 5439617 
2795 5439617 
2796 5439617 
2797 5439617 
2798 5439617 
2799 5439617 
2800 5439617 
2801 5439617 
2802 5439617 
2803 5439617 
2804 5439617 
2805 5439617 
2806 5439617 
2807 5439617 
2808 5439617 
2809 5439617 
2810 5439617 
2811 5439617 
2812 5439617 
2813 5439617 
2814 5439617 
2815 5439617 
2816 5439617 
2817 5439617 
2818 5439617 
2819 5439617 
2820 5439617 
2821 5439617 
2822 5439617 
2823 5439617 
2824 5439617 
2825 5439617 
2826 5439617 
2827 5439617 
2828 5439617 
2829 5439617 
2830 5439617 
2831 5439617 
2832 5439617 
2833 5439617 
2834 5439617 
2835 5439617 
2836 5439617 
2837 5439617 
2838 5439617 
2839 5439617 
2840 5439617 
2841 5439617 
2842 5439617 
2843 5439617 
2844 5439617 
2845 5439617 
2846 5439617 
2847 5439617 
2848 5439617 
2849 5439617 
2850 5439617 
2851 5439617 
2852 5439617 
2853 5439617 
2854 5439617 
2855 5439617 
2856 5439617 
2857 5439617 
2858 5439617 
2859 5439617 
2860 5439617 
2861 5439617 
2862 5439617 
2863 5439617 
2864 5439617 
2865 5439617 
2866 5439617 
2867 5439617 
2868 5439617 
2869 5439617 
2870 5439617 
2871 5439617 
2872 5439617 
2873 5439617 
2874 5439617 
2875 5439617 
2876 5439617 
2877 5439617 
2878 5439617 
2879 5439617 
2880 5439617 
2881 5439617 
2882 5439617 
2883 5439617 
2884 5439617 
2885 5439617 
2886 5439617 
2887 5439617 
2888 5439617 
2889 5439617 
2890 5439617 
2891 5439617 
2892 5439617 
2893 5439617 
2894 5439617 
2895 5439617 
2896 5439617 
2897 5439617 
2898 5439617 
2899 5439617 
2900 5439617 
2901 5439617 
2902 5439617 
2903 5439617 
2904 5439617 
2905 5439617 
2906 5439617 
2907 5439617 
2908 5439617 
2909 5439617 
2910 5439617 
2911 5439617 
2912 5439617 
2913 5439617 
2914 5439617 
2915 5439617 
2916 5439617 
2917 5439617 
2918 5439617 
2919 5439617 
2920 5439617 
2921 5439617 
2922 5439617 
2923 5439617 
2924 5439617 
2925 5439617 
2926 5439617 
2927 5439617 
2928 5439617 
2929 5439617 
2930 5439617 
2931 5439617 
2932 5439617 
2933 5439617 
2934 5439617 
2935 5439617 
2936 5439617 
2937 5439617 
2938 5439617 
2939 5439617 
2940 5439617 
2941 5439617 
2942 5439617 
2943 5439617 
2944 5439617 
2945 5439617 
2946 5439617 
2947 5439617 
2948 5439617 
2949 5439617 
2950 5439617 
2951 5439617 
2952 5439617 
2953 5439617 
2954 5439617 
2955 5439617 
2956 5439617 
2957 5439617 
2958 5439617 
2959 5439617 
2960 5439617 
2961 5439617 
2962 5439617 
2963 5439617 
2964 5439617 
2965 5439617 
2966 5439617 
2967 5439617 
2968 5439617 
2969 5439617 
2970 5439617 
2971 5439617 
2972 5439617 
2973 5439617 
2974 5439617 
2975 5439617 
2976 5439617 
2977 5439617 
2978 5439617 
2979 5439617 
2980 5439617 
2981 5439617 
2982 5439617 
2983 5439617 
2984 5439617 
2985 5439617 
2986 5439617 
2987 5439617 
2988 5439617 
2989 5439617 
2990 5439617 
2991 5439617 
2992 5439617 
2993 5439617 
2994 5439617 
2995 5439617 
2996 5439617 
2997 5439617 
2998 5439617 
2999 5439617 
3000 5439617 
3001 5439617 
3002 5439617 
3003 5439617 
3004 5439617 
3005 5439617 
3006 5439617 
3007 5439617 
3008 5439617 
3009 5439617 
3010 5439617 
3011 5439617 
3012 5439617 
3013 5439617 
3014 5439617 
3015 5439617 
3016 5439617 
3017 5439617 
3018 5439617 
3019 5439617 
3020 5439617 
3021 5439617 
3022 5439617 
3023 5439617 
3024 5439617 
3025 5439617 
3026 5439617 
3027 5439617 
3028 5439617 
3029 5439617 
3030 5439617 
3031 5439617 
3032 5439617 
3033 5439617 
3034 5439617 
3035 5439617 
3036 5439617 
3037 5439617 
3038 5439617 
3039 5439617 
3040 5439617 
3041 5439617 
3042 5439617 
3043 5439617 
3044 5439617 
3045 5439617 
3046 5439617 
3047 5439617 
3048 5439617 
3049 5439617 
3050 5439617 
3051 5439617 
3052 5439617 
3053 5439617 
3054 5439617 
3055 5439617 
3056 5439617 
3057 5439617 
3058 5439617 
3059 5439617 
3060 5439617 
3061 5439617 
3062 5439617 
3063 5439617 
3064 5439617 
3065 5439617 
3066 5439617 
3067 5439617 
3068 5439617 
3069 5439617 
3070 5439617 
3071 5439617 
3072 5439617 
3073 5439617 
3074 5439617 
3075 5439617 
3076 5439617 
3077 5439617 
3078 5439617 
3079 5439617 
3080 5439617 
3081 5439617 
3082 5439617 
3083 5439617 
3084 5439617 
3085 5439617 
3086 5439617 
3087 5439617 
3088 5439617 
3089 5439617 
3090 5439617 
3091 5439617 
3092 5439617 
3093 5439617 
3094 5439617 
3095 5439617 
3096 5439617 
3097 5439617 
3098 5439617 
3099 5439617 
3100 5439617 
3101 5439617 
3102 5439617 
3103 5439617 
3104 5439617 
3105 5439617 
3106 5439617 
3107 5439617 
3108 5439617 
3109 5439617 
3110 5439617 
3111 5439617 
3112 5439617 
3113 5439617 
3114 5439617 
3115 5439617 
3116 5439617 
3117 5439617 
3118 5439617 
3119 5439617 
3120 5439617 
3121 5439617 
3122 5439617 
3123 5439617 
3124 5439617 
3125 5439617 
3126 5439617 
3127 5439617 
3128 5439617 
3129 5439617 
3130 5439617 
3131 5439617 
3132 5439617 
3133 5439617 
3134 5439617 
3135 5439617 
3136 5439617 
3137 5439617 
3138 5439617 
3139 5439617 
3140 5439617 
3141 5439617 
3142 5439617 
3143 5439617 
3144 5439617 
3145 5439617 
3146 5439617 
3147 5439617 
3148 5439617 
3149 5439617 
3150 5439617 
3151 5439617 
3152 5439617 
3153 5439617 
3154 5439617 
3155 5439617 
3156 5439617 
3157 5439617 
3158 5439617 
3159 5439617 
3160 5439617 
3161 5439617 
3162 5439617 
3163 5439617 
3164 5439617 
3165 5439617 
3166 5439617 
3167 5439617 
3168 5439617 
3169 5439617 
3170 5439617 
3171 5439617 
3172 5439617 
3173 5439617 
3174 5439617 
3175 5439617 
3176 5439617 
3177 5439617 
3178 5439617 
3179 5439617 
3180 5439617 
3181 5439617 
3182 5439617 
3183 5439617 
3184 5439617 
3185 5439617 
3186 5439617 
3187 5439617 
3188 5439617 
3189 5439617 
3190 5439617 
3191 5439617 
3192 5439617 
3193 5439617 
3194 5439617 
3195 5439617 
3196 5439617 
3197 5439617 
3198 5439617 
3199 5439617 
3200 5439617 
3201 5439617 
3202 5439617 
3203 5439617 
3204 5439617 
3205 5439617 
3206 5439617 
3207 5439617 
3208 5439617 
3209 5439617 
3210 5439617 
3211 5439617 
3212 5439617 
3213 5439617 
3214 5439617 
3215 5439617 
3216 5439617 
3217 5439617 
3218 5439617 

