0 5808576 
1 5785185 
2 5777621 
3 5765354 
4 5765294 
5 5761470 
6 5759839 
7 5756741 
8 5747519 
9 5747286 
10 5747263 
11 5745928 
12 5745845 
13 5745257 
14 5743823 
15 5742929 
16 5742929 
17 5742898 
18 5741626 
19 5741516 
20 5741065 
21 5740901 
22 5740896 
23 5740801 
24 5737333 
25 5735250 
26 5729947 
27 5729947 
28 5726027 
29 5725009 
30 5724937 
31 5724739 
32 5723918 
33 5722788 
34 5720443 
35 5719640 
36 5719250 
37 5718664 
38 5717611 
39 5714923 
40 5714036 
41 5711939 
42 5696552 
43 5696514 
44 5696488 
45 5696444 
46 5696437 
47 5696435 
48 5696414 
49 5696395 
50 5696285 
51 5696259 
52 5696038 
53 5695235 
54 5695196 
55 5695101 
56 5695079 
57 5695060 
58 5694991 
59 5694694 
60 5694618 
61 5693941 
62 5693810 
63 5693569 
64 5693242 
65 5690544 
66 5689377 
67 5686663 
68 5686661 
69 5686642 
70 5685578 
71 5685508 
72 5685499 
73 5682192 
74 5682185 
75 5682178 
76 5680769 
77 5680755 
78 5680723 
79 5680709 
80 5680697 
81 5678407 
82 5678128 
83 5677963 
84 5677961 
85 5676018 
86 5676006 
87 5675968 
88 5675968 
89 5675942 
90 5675602 
91 5673832 
92 5668311 
93 5666938 
94 5656040 
95 5653227 
96 5651914 
97 5651901 
98 5640293 
99 5639364 
100 5637352 
101 5619477 
102 5615811 
103 5614828 
104 5611351 
105 5610980 
106 5610854 
107 5609959 
108 5609649 
109 5609205 
110 5606631 
111 5606549 
112 5606469 
113 5604317 
114 5604272 
115 5603914 
116 5603573 
117 5603330 
118 5603295 
119 5603052 
120 5600382 
121 5600363 
122 5600175 
123 5599965 
124 5597753 
125 5597734 
126 5597677 
127 5597454 
128 5592848 
129 5592763 
130 5592651 
131 5592581 
132 5592316 
133 5591445 
134 5591326 
135 5591231 
136 5591231 
137 5586826 
138 5585919 
139 5585739 
140 5580749 
141 5580152 
142 5580077 
143 5579937 
144 5579757 
145 5579746 
146 5577732 
147 5576516 
148 5574418 
149 5574390 
150 5574344 
151 5574048 
152 5567927 
153 5567469 
154 5566615 
155 5566394 
156 5564059 
157 5562909 
158 5562008 
159 5561724 
160 5561304 
161 5561123 
162 5560593 
163 5560288 
164 5560274 
165 5560194 
166 5560063 
167 5556236 
168 5554787 
169 5554780 
170 5549097 
171 5529379 
172 5527075 
173 5527054 
174 5526809 
175 5526606 
176 5526555 
177 5526446 
178 5517463 
179 5515752 
180 5514829 
181 5514563 
182 5514122 
183 5513706 
184 5507877 
185 5507853 
186 5507510 
187 5497689 
188 5497389 
189 5496569 
190 5495151 
191 5494416 
192 5494414 
193 5494401 
194 5494253 
195 5490503 
196 5490213 
197 5490206 
198 5490180 
199 5490173 
200 5489494 
201 5489282 
202 5489263 
203 5489130 
204 5488987 
205 5484916 
206 5484856 
207 5483830 
208 5483790 
209 5483450 
210 5483450 
211 5482254 
212 5481805 
213 5481762 
214 5480927 
215 5480906 
216 5480880 
217 5480280 
218 5480249 
219 5480241 
220 5479697 
221 5479582 
222 5479187 
223 5479175 
224 5479037 
225 5474950 
226 5474824 
227 5474803 
228 5474570 
229 5474175 
230 5472745 
231 5471288 
232 5471255 
233 5470728 
234 5470654 
235 5470387 
236 5469827 
237 5469627 
238 5468925 
239 5468825 
240 5468622 
241 5467152 
242 5465507 
243 5463103 
244 5462851 
245 5462851 
246 5462243 
247 5462118 
248 5462117 
249 5461893 
250 5459650 
251 5456748 
252 5456618 
253 5456554 
254 5456485 
255 5456449 
256 5456444 
257 5455804 
258 5455322 
259 5453945 
260 5453812 
261 5453569 
262 5451597 
263 5451583 
264 5450779 
265 5448042 
266 5447804 
267 5447804 
268 5446717 
269 5446282 
270 5445795 
271 5443816 
272 5443683 
273 5443362 
274 5442851 
275 5442563 
276 5441338 
277 5441262 
278 5440963 
279 5440452 
280 5440187 
281 5439288 
282 5439108 
283 5438603 
284 5436738 
285 5436654 
286 5436316 
287 5436302 
288 5435164 
289 5433556 
290 5433516 
291 5429647 
292 5429487 
293 5429450 
294 5429445 
295 5429242 
296 5428608 
297 5428590 
298 5428499 
299 5428479 
300 5428479 
301 5428282 
302 5428195 
303 5428169 
304 5428155 
305 5427640 
306 5427640 
307 5427402 
308 5427362 
309 5427259 
310 5427213 
311 5427155 
312 5427111 
313 5427111 
314 5426579 
315 5426548 
316 5426501 
317 5426026 
318 5425229 
319 5424373 
320 5424319 
321 5423565 
322 5422836 
323 5422836 
324 5422700 
325 5421628 
326 5421469 
327 5421315 
328 5421185 
329 5421133 
330 5421090 
331 5421081 
332 5420242 
333 5420241 
334 5420187 
335 5420024 
336 5419966 
337 5419885 
338 5418838 
339 5416953 
340 5416953 
341 5416816 
342 5416816 
343 5416721 
344 5415589 
345 5415506 
346 5415492 
347 5415123 
348 5415123 
349 5415123 
350 5415123 
351 5415123 
352 5414961 
353 5414915 
354 5414808 
355 5414808 
356 5414808 
357 5414198 
358 5414198 
359 5414198 
360 5414198 
361 5414171 
362 5414171 
363 5414021 
364 5414021 
365 5414021 
366 5414021 
367 5414021 
368 5414021 
369 5414021 
370 5414021 
371 5414021 
372 5414021 
373 5414021 
374 5414021 
375 5414021 
376 5414021 
377 5414021 
378 5414021 
379 5414021 
380 5414021 
381 5414021 
382 5414021 
383 5414021 
384 5414021 
385 5414021 
386 5414021 
387 5414021 
388 5414021 
389 5414021 
390 5414021 
391 5414021 
392 5414021 
393 5414021 
394 5414021 
395 5414021 
396 5414021 
397 5414021 
398 5414021 
399 5414021 
400 5414021 
401 5414021 
402 5414021 
403 5414021 
404 5414021 
405 5414021 
406 5414021 
407 5414021 
408 5414021 
409 5414021 
410 5414021 
411 5414021 
412 5414021 
413 5414021 
414 5414021 
415 5414021 
416 5414021 
417 5414021 
418 5414021 
419 5414021 
420 5414021 
421 5414021 
422 5414021 
423 5414021 
424 5414021 
425 5414021 
426 5414021 
427 5414021 
428 5414021 
429 5414021 
430 5414021 
431 5414021 
432 5414021 
433 5414021 
434 5414021 
435 5414021 
436 5414021 
437 5414021 
438 5414021 
439 5414021 
440 5414021 
441 5414021 
442 5414021 
443 5414021 
444 5414021 
445 5414021 
446 5414021 
447 5414021 
448 5414021 
449 5414021 
450 5414021 
451 5414021 
452 5414021 
453 5414021 
454 5414021 
455 5414021 
456 5414021 
457 5414021 
458 5414021 
459 5414021 
460 5414021 
461 5414021 
462 5414021 
463 5414021 
464 5414021 
465 5414021 
466 5414021 
467 5414021 
468 5414021 
469 5414021 
470 5414021 
471 5414021 
472 5414021 
473 5414021 
474 5414021 
475 5414021 
476 5414021 
477 5414021 
478 5414021 
479 5414021 
480 5414021 
481 5414021 
482 5414021 
483 5414021 
484 5414021 
485 5414021 
486 5414021 
487 5414021 
488 5414021 
489 5414021 
490 5414021 
491 5414021 
492 5414021 
493 5414021 
494 5414021 
495 5414021 
496 5414021 
497 5414021 
498 5414021 
499 5414021 
500 5414021 
501 5414021 
502 5414021 
503 5414021 
504 5414021 
505 5414021 
506 5414021 
507 5414021 
508 5414021 
509 5414021 
510 5414021 
511 5414021 
512 5414021 
513 5414021 
514 5414021 
515 5414021 
516 5414021 
517 5414021 
518 5414021 
519 5414021 
520 5414021 
521 5414021 
522 5414021 
523 5414021 
524 5414021 
525 5414021 
526 5414021 
527 5414021 
528 5414021 
529 5414021 
530 5414021 
531 5414021 
532 5414021 
533 5414021 
534 5414021 
535 5414021 
536 5414021 
537 5414021 
538 5414021 
539 5414021 
540 5414021 
541 5414021 
542 5414021 
543 5414021 
544 5414021 
545 5414021 
546 5414021 
547 5414021 
548 5414021 
549 5414021 
550 5414021 
551 5414021 
552 5414021 
553 5414021 
554 5414021 
555 5414021 
556 5414021 
557 5414021 
558 5414021 
559 5414021 
560 5414021 
561 5414021 
562 5414021 
563 5414021 
564 5414021 
565 5414021 
566 5414021 
567 5414021 
568 5414021 
569 5414021 
570 5414021 
571 5414021 
572 5414021 
573 5414021 
574 5414021 
575 5414021 
576 5414021 
577 5414021 
578 5414021 
579 5414021 
580 5414021 
581 5414021 
582 5414021 
583 5414021 
584 5414021 
585 5414021 
586 5414021 
587 5414021 
588 5414021 
589 5414021 
590 5414021 
591 5414021 
592 5414021 
593 5414021 
594 5414021 
595 5414021 
596 5414021 
597 5414021 
598 5414021 
599 5414021 
600 5414021 
601 5414021 
602 5414021 
603 5414021 
604 5414021 
605 5414021 
606 5414021 
607 5414021 
608 5414021 
609 5414021 
610 5414021 
611 5414021 
612 5414021 
613 5414021 
614 5414021 
615 5414021 
616 5414021 
617 5414021 
618 5414021 
619 5414021 
620 5414021 
621 5414021 
622 5414021 
623 5414021 
624 5414021 
625 5414021 
626 5414021 
627 5414021 
628 5414021 
629 5414021 
630 5414021 
631 5414021 
632 5414021 
633 5414021 
634 5414021 
635 5414021 
636 5414021 
637 5414021 
638 5414021 
639 5414021 
640 5414021 
641 5414021 
642 5414021 
643 5414021 
644 5414021 
645 5414021 
646 5414021 
647 5414021 
648 5414021 
649 5414021 
650 5414021 
651 5414021 
652 5414021 
653 5414021 
654 5414021 
655 5414021 
656 5414021 
657 5414021 
658 5414021 
659 5414021 
660 5414021 
661 5414021 
662 5414021 
663 5414021 
664 5414021 
665 5414021 
666 5414021 
667 5414021 
668 5414021 
669 5414021 
670 5414021 
671 5414021 
672 5414021 
673 5414021 
674 5414021 
675 5414021 
676 5414021 
677 5414021 
678 5414021 
679 5414021 
680 5414021 
681 5414021 
682 5414021 
683 5414021 
684 5414021 
685 5414021 
686 5414021 
687 5414021 
688 5414021 
689 5414021 
690 5414021 
691 5414021 
692 5414021 
693 5414021 
694 5414021 
695 5414021 
696 5414021 
697 5414021 
698 5414021 
699 5414021 
700 5414021 
701 5414021 
702 5414021 
703 5414021 
704 5414021 
705 5414021 
706 5414021 
707 5414021 
708 5414021 
709 5414021 
710 5414021 
711 5414021 
712 5414021 
713 5414021 
714 5414021 
715 5414021 
716 5414021 
717 5414021 
718 5414021 
719 5414021 
720 5414021 
721 5414021 
722 5414021 
723 5414021 
724 5414021 
725 5414021 
726 5414021 
727 5414021 
728 5414021 
729 5414021 
730 5414021 
731 5414021 
732 5414021 
733 5414021 
734 5414021 
735 5414021 
736 5414021 
737 5414021 
738 5414021 
739 5414021 
740 5414021 
741 5414021 
742 5414021 
743 5414021 
744 5414021 
745 5414021 
746 5414021 
747 5414021 
748 5414021 
749 5414021 
750 5414021 
751 5414021 
752 5414021 
753 5414021 
754 5414021 
755 5414021 
756 5414021 
757 5414021 
758 5414021 
759 5414021 
760 5414021 
761 5414021 
762 5414021 
763 5414021 
764 5414021 
765 5414021 
766 5414021 
767 5414021 
768 5414021 
769 5414021 
770 5414021 
771 5414021 
772 5414021 
773 5414021 
774 5414021 
775 5414021 
776 5414021 
777 5414021 
778 5414021 
779 5414021 
780 5414021 
781 5414021 
782 5414021 
783 5414021 
784 5414021 
785 5414021 
786 5414021 
787 5414021 
788 5414021 
789 5414021 
790 5414021 
791 5414021 
792 5414021 
793 5414021 
794 5414021 
795 5414021 
796 5414021 
797 5414021 
798 5414021 
799 5414021 
800 5414021 
801 5414021 
802 5414021 
803 5414021 
804 5414021 
805 5414021 
806 5414021 
807 5414021 
808 5414021 
809 5414021 
810 5414021 
811 5414021 
812 5414021 
813 5414021 
814 5414021 
815 5414021 
816 5414021 
817 5414021 
818 5414021 
819 5414021 
820 5414021 
821 5414021 
822 5414021 
823 5414021 
824 5414021 
825 5414021 
826 5414021 
827 5414021 
828 5414021 
829 5414021 
830 5414021 
831 5414021 
832 5414021 
833 5414021 
834 5414021 
835 5414021 
836 5414021 
837 5414021 
838 5414021 
839 5414021 
840 5414021 
841 5414021 
842 5414021 
843 5414021 
844 5414021 
845 5414021 
846 5414021 
847 5414021 
848 5414021 
849 5414021 
850 5414021 
851 5414021 
852 5414021 
853 5414021 
854 5414021 
855 5414021 
856 5414021 
857 5414021 
858 5414021 
859 5414021 
860 5414021 
861 5414021 
862 5414021 
863 5414021 
864 5414021 
865 5414021 
866 5414021 
867 5414021 
868 5414021 
869 5414021 
870 5414021 
871 5414021 
872 5414021 
873 5414021 
874 5414021 
875 5414021 
876 5414021 
877 5414021 
878 5414021 
879 5414021 
880 5414021 
881 5414021 
882 5414021 
883 5414021 
884 5414021 
885 5414021 
886 5414021 
887 5414021 
888 5414021 
889 5414021 
890 5414021 
891 5414021 
892 5414021 
893 5414021 
894 5414021 
895 5414021 
896 5414021 
897 5414021 
898 5414021 
899 5414021 
900 5414021 
901 5414021 
902 5414021 
903 5414021 
904 5414021 
905 5414021 
906 5414021 
907 5414021 
908 5414021 
909 5414021 
910 5414021 
911 5414021 
912 5414021 
913 5414021 
914 5414021 
915 5414021 
916 5414021 
917 5414021 
918 5414021 
919 5414021 
920 5414021 
921 5414021 
922 5414021 
923 5414021 
924 5414021 
925 5414021 
926 5414021 
927 5414021 
928 5414021 
929 5414021 
930 5414021 
931 5414021 
932 5414021 
933 5414021 
934 5414021 
935 5414021 
936 5414021 
937 5414021 
938 5414021 
939 5414021 
940 5414021 
941 5414021 
942 5414021 
943 5414021 
944 5414021 
945 5414021 
946 5414021 
947 5414021 
948 5414021 
949 5414021 
950 5414021 
951 5414021 
952 5414021 
953 5414021 
954 5414021 
955 5414021 
956 5414021 
957 5414021 
958 5414021 
959 5414021 
960 5414021 
961 5414021 
962 5414021 
963 5414021 
964 5414021 
965 5414021 
966 5414021 
967 5414021 
968 5414021 
969 5414021 
970 5414021 
971 5414021 
972 5414021 
973 5414021 
974 5414021 
975 5414021 
976 5414021 
977 5414021 
978 5414021 
979 5414021 
980 5414021 
981 5414021 
982 5414021 
983 5414021 
984 5414021 
985 5414021 
986 5414021 
987 5414021 
988 5414021 
989 5414021 
990 5414021 
991 5414021 
992 5414021 
993 5414021 
994 5414021 
995 5414021 
996 5414021 
997 5414021 
998 5414021 
999 5414021 
1000 5414021 
1001 5414021 
1002 5414021 
1003 5414021 
1004 5414021 
1005 5414021 
1006 5414021 
1007 5414021 
1008 5414021 
1009 5414021 
1010 5414021 
1011 5414021 
1012 5414021 
1013 5414021 
1014 5414021 
1015 5414021 
1016 5414021 
1017 5414021 
1018 5414021 
1019 5414021 
1020 5414021 
1021 5414021 
1022 5414021 
1023 5414021 
1024 5414021 
1025 5414021 
1026 5414021 
1027 5414021 
1028 5414021 
1029 5414021 
1030 5414021 
1031 5414021 
1032 5414021 
1033 5414021 
1034 5414021 
1035 5414021 
1036 5414021 
1037 5414021 
1038 5414021 
1039 5414021 
1040 5414021 
1041 5414021 
1042 5414021 
1043 5414021 
1044 5414021 
1045 5414021 
1046 5414021 
1047 5414021 
1048 5414021 
1049 5414021 
1050 5414021 
1051 5414021 
1052 5414021 
1053 5414021 
1054 5414021 
1055 5414021 
1056 5414021 
1057 5414021 
1058 5414021 
1059 5414021 
1060 5414021 
1061 5414021 
1062 5414021 
1063 5414021 
1064 5414021 
1065 5414021 
1066 5414021 
1067 5414021 
1068 5414021 
1069 5414021 
1070 5414021 
1071 5414021 
1072 5414021 
1073 5414021 
1074 5414021 
1075 5414021 
1076 5414021 
1077 5414021 
1078 5414021 
1079 5414021 
1080 5414021 
1081 5414021 
1082 5414021 
1083 5414021 
1084 5414021 
1085 5414021 
1086 5414021 
1087 5414021 
1088 5414021 
1089 5414021 
1090 5414021 
1091 5414021 
1092 5414021 
1093 5414021 
1094 5414021 
1095 5414021 
1096 5414021 
1097 5414021 
1098 5414021 
1099 5414021 
1100 5414021 
1101 5414021 
1102 5414021 
1103 5414021 
1104 5414021 
1105 5414021 
1106 5414021 
1107 5414021 
1108 5414021 
1109 5414021 
1110 5414021 
1111 5414021 
1112 5414021 
1113 5414021 
1114 5414021 
1115 5414021 
1116 5414021 
1117 5414021 
1118 5414021 
1119 5414021 
1120 5414021 
1121 5414021 
1122 5414021 
1123 5414021 
1124 5414021 
1125 5414021 
1126 5414021 
1127 5414021 
1128 5414021 
1129 5414021 
1130 5414021 
1131 5414021 
1132 5414021 
1133 5414021 
1134 5414021 
1135 5414021 
1136 5414021 
1137 5414021 
1138 5414021 
1139 5414021 
1140 5414021 
1141 5414021 
1142 5414021 
1143 5414021 
1144 5414021 
1145 5414021 
1146 5414021 
1147 5414021 
1148 5414021 
1149 5414021 
1150 5414021 
1151 5414021 
1152 5414021 
1153 5414021 
1154 5414021 
1155 5414021 
1156 5414021 
1157 5414021 
1158 5414021 
1159 5414021 
1160 5414021 
1161 5414021 
1162 5414021 
1163 5414021 
1164 5414021 
1165 5414021 
1166 5414021 
1167 5414021 
1168 5414021 
1169 5414021 
1170 5414021 
1171 5414021 
1172 5414021 
1173 5414021 
1174 5414021 
1175 5414021 
1176 5414021 
1177 5414021 
1178 5414021 
1179 5414021 
1180 5414021 
1181 5414021 
1182 5414021 
1183 5414021 
1184 5414021 
1185 5414021 
1186 5414021 
1187 5414021 
1188 5414021 
1189 5414021 
1190 5414021 
1191 5414021 
1192 5414021 
1193 5414021 
1194 5414021 
1195 5414021 
1196 5414021 
1197 5414021 
1198 5414021 
1199 5414021 
1200 5414021 
1201 5414021 
1202 5414021 
1203 5414021 
1204 5414021 
1205 5414021 
1206 5414021 
1207 5414021 
1208 5414021 
1209 5414021 
1210 5414021 
1211 5414021 
1212 5414021 
1213 5414021 
1214 5414021 
1215 5414021 
1216 5414021 
1217 5414021 
1218 5414021 
1219 5414021 
1220 5414021 
1221 5414021 
1222 5414021 
1223 5414021 
1224 5414021 
1225 5414021 
1226 5414021 
1227 5414021 
1228 5414021 
1229 5414021 
1230 5414021 
1231 5414021 
1232 5414021 
1233 5414021 
1234 5414021 
1235 5414021 
1236 5414021 
1237 5414021 
1238 5414021 
1239 5414021 
1240 5414021 
1241 5414021 
1242 5414021 
1243 5414021 
1244 5414021 
1245 5414021 
1246 5414021 
1247 5414021 
1248 5414021 
1249 5414021 
1250 5414021 
1251 5414021 
1252 5414021 
1253 5414021 
1254 5414021 
1255 5414021 
1256 5414021 
1257 5414021 
1258 5414021 
1259 5414021 
1260 5414021 
1261 5414021 
1262 5414021 
1263 5414021 
1264 5414021 
1265 5414021 
1266 5414021 
1267 5414021 
1268 5414021 
1269 5414021 
1270 5414021 
1271 5414021 
1272 5414021 
1273 5414021 
1274 5414021 
1275 5414021 
1276 5414021 
1277 5414021 
1278 5414021 
1279 5414021 
1280 5414021 
1281 5414021 
1282 5414021 
1283 5414021 
1284 5414021 
1285 5414021 
1286 5414021 
1287 5414021 
1288 5414021 
1289 5414021 
1290 5414021 
1291 5414021 
1292 5414021 
1293 5414021 
1294 5414021 
1295 5414021 
1296 5414021 
1297 5414021 
1298 5414021 
1299 5414021 
1300 5414021 
1301 5414021 
1302 5414021 
1303 5414021 
1304 5414021 
1305 5414021 
1306 5414021 
1307 5414021 
1308 5414021 
1309 5414021 
1310 5414021 
1311 5414021 
1312 5414021 
1313 5414021 
1314 5414021 
1315 5414021 
1316 5414021 
1317 5414021 
1318 5414021 
1319 5414021 
1320 5414021 
1321 5414021 
1322 5414021 
1323 5414021 
1324 5414021 
1325 5414021 
1326 5414021 
1327 5414021 
1328 5414021 
1329 5414021 
1330 5414021 
1331 5414021 
1332 5414021 
1333 5414021 
1334 5414021 
1335 5414021 
1336 5414021 
1337 5414021 
1338 5414021 
1339 5414021 
1340 5414021 
1341 5414021 
1342 5414021 
1343 5414021 
1344 5414021 
1345 5414021 
1346 5414021 
1347 5414021 
1348 5414021 
1349 5414021 
1350 5414021 
1351 5414021 
1352 5414021 
1353 5414021 
1354 5414021 
1355 5414021 
1356 5414021 
1357 5414021 
1358 5414021 
1359 5414021 
1360 5414021 
1361 5414021 
1362 5414021 
1363 5414021 
1364 5414021 
1365 5414021 
1366 5414021 
1367 5414021 
1368 5414021 
1369 5414021 
1370 5414021 
1371 5414021 
1372 5414021 
1373 5414021 
1374 5414021 
1375 5414021 
1376 5414021 
1377 5414021 
1378 5414021 
1379 5414021 
1380 5414021 
1381 5414021 
1382 5414021 
1383 5414021 
1384 5414021 
1385 5414021 
1386 5414021 
1387 5414021 
1388 5414021 
1389 5414021 
1390 5414021 
1391 5414021 
1392 5414021 
1393 5414021 
1394 5414021 
1395 5414021 
1396 5414021 
1397 5414021 
1398 5414021 
1399 5414021 
1400 5414021 
1401 5414021 
1402 5414021 
1403 5414021 
1404 5414021 
1405 5414021 
1406 5414021 
1407 5414021 
1408 5414021 
1409 5414021 
1410 5414021 
1411 5414021 
1412 5414021 
1413 5414021 
1414 5414021 
1415 5414021 
1416 5414021 
1417 5414021 
1418 5414021 
1419 5414021 
1420 5414021 
1421 5414021 
1422 5414021 
1423 5414021 
1424 5414021 
1425 5414021 
1426 5414021 
1427 5414021 
1428 5414021 
1429 5414021 
1430 5414021 
1431 5414021 
1432 5414021 
1433 5414021 
1434 5414021 
1435 5414021 
1436 5414021 
1437 5414021 
1438 5414021 
1439 5414021 
1440 5414021 
1441 5414021 
1442 5414021 
1443 5414021 
1444 5414021 
1445 5414021 
1446 5414021 
1447 5414021 
1448 5414021 
1449 5414021 
1450 5414021 
1451 5414021 
1452 5414021 
1453 5414021 
1454 5414021 
1455 5414021 
1456 5414021 
1457 5414021 
1458 5414021 
1459 5414021 
1460 5414021 
1461 5414021 
1462 5414021 
1463 5414021 
1464 5414021 
1465 5414021 
1466 5414021 
1467 5414021 
1468 5414021 
1469 5414021 
1470 5414021 
1471 5414021 
1472 5414021 
1473 5414021 
1474 5414021 
1475 5414021 
1476 5414021 
1477 5414021 
1478 5414021 
1479 5414021 
1480 5414021 
1481 5414021 
1482 5414021 
1483 5414021 
1484 5414021 
1485 5414021 
1486 5414021 
1487 5414021 
1488 5414021 
1489 5414021 
1490 5414021 
1491 5414021 
1492 5414021 
1493 5414021 
1494 5414021 
1495 5414021 
1496 5414021 
1497 5414021 
1498 5414021 
1499 5414021 
1500 5414021 
1501 5414021 
1502 5414021 
1503 5414021 
1504 5414021 
1505 5414021 
1506 5414021 
1507 5414021 
1508 5414021 
1509 5414021 
1510 5414021 
1511 5414021 
1512 5414021 
1513 5414021 
1514 5414021 
1515 5414021 
1516 5414021 
1517 5414021 
1518 5414021 
1519 5414021 
1520 5414021 
1521 5414021 
1522 5414021 
1523 5414021 
1524 5414021 
1525 5414021 
1526 5414021 
1527 5414021 
1528 5414021 
1529 5414021 
1530 5414021 
1531 5414021 
1532 5414021 
1533 5414021 
1534 5414021 
1535 5414021 
1536 5414021 
1537 5414021 
1538 5414021 
1539 5414021 
1540 5414021 
1541 5414021 
1542 5414021 
1543 5414021 
1544 5414021 
1545 5414021 
1546 5414021 
1547 5414021 
1548 5414021 
1549 5414021 
1550 5414021 
1551 5414021 
1552 5414021 
1553 5414021 
1554 5414021 
1555 5414021 
1556 5414021 
1557 5414021 
1558 5414021 
1559 5414021 
1560 5414021 
1561 5414021 
1562 5414021 
1563 5414021 
1564 5414021 
1565 5414021 
1566 5414021 
1567 5414021 
1568 5414021 
1569 5414021 
1570 5414021 
1571 5414021 
1572 5414021 
1573 5414021 
1574 5414021 
1575 5414021 
1576 5414021 
1577 5414021 
1578 5414021 
1579 5414021 
1580 5414021 
1581 5414021 
1582 5414021 
1583 5414021 
1584 5414021 
1585 5414021 
1586 5414021 
1587 5414021 
1588 5414021 
1589 5414021 
1590 5414021 
1591 5414021 
1592 5414021 
1593 5414021 
1594 5414021 
1595 5414021 
1596 5414021 
1597 5414021 
1598 5414021 
1599 5414021 
1600 5414021 
1601 5414021 
1602 5414021 
1603 5414021 
1604 5414021 
1605 5414021 
1606 5414021 
1607 5414021 
1608 5414021 
1609 5414021 
1610 5414021 
1611 5414021 
1612 5414021 
1613 5414021 
1614 5414021 
1615 5414021 
1616 5414021 
1617 5414021 
1618 5414021 
1619 5414021 
1620 5414021 
1621 5414021 
1622 5414021 
1623 5414021 
1624 5414021 
1625 5414021 
1626 5414021 
1627 5414021 
1628 5414021 
1629 5414021 
1630 5414021 
1631 5414021 
1632 5414021 
1633 5414021 
1634 5414021 
1635 5414021 
1636 5414021 
1637 5414021 
1638 5414021 
1639 5414021 
1640 5414021 
1641 5414021 
1642 5414021 
1643 5414021 
1644 5414021 
1645 5414021 
1646 5414021 
1647 5414021 
1648 5414021 
1649 5414021 
1650 5414021 
1651 5414021 
1652 5414021 
1653 5414021 
1654 5414021 
1655 5414021 
1656 5414021 
1657 5414021 
1658 5414021 
1659 5414021 
1660 5414021 
1661 5414021 
1662 5414021 
1663 5414021 
1664 5414021 
1665 5414021 
1666 5414021 
1667 5414021 
1668 5414021 
1669 5414021 
1670 5414021 
1671 5414021 
1672 5414021 
1673 5414021 
1674 5414021 
1675 5414021 
1676 5414021 
1677 5414021 
1678 5414021 
1679 5414021 
1680 5414021 
1681 5414021 
1682 5414021 
1683 5414021 
1684 5414021 
1685 5414021 
1686 5414021 
1687 5414021 
1688 5414021 
1689 5414021 
1690 5414021 
1691 5414021 
1692 5414021 
1693 5414021 
1694 5414021 
1695 5414021 
1696 5414021 
1697 5414021 
1698 5414021 
1699 5414021 
1700 5414021 
1701 5414021 
1702 5414021 
1703 5414021 
1704 5414021 
1705 5414021 
1706 5414021 
1707 5414021 
1708 5414021 
1709 5414021 
1710 5414021 
1711 5414021 
1712 5414021 
1713 5414021 
1714 5414021 
1715 5414021 
1716 5414021 
1717 5414021 
1718 5414021 
1719 5414021 
1720 5414021 
1721 5414021 
1722 5414021 
1723 5414021 
1724 5414021 
1725 5414021 
1726 5414021 
1727 5414021 
1728 5414021 
1729 5414021 
1730 5414021 
1731 5414021 
1732 5414021 
1733 5414021 
1734 5414021 
1735 5414021 
1736 5414021 
1737 5414021 
1738 5414021 
1739 5414021 
1740 5414021 
1741 5414021 
1742 5414021 
1743 5414021 
1744 5414021 
1745 5414021 
1746 5414021 
1747 5414021 
1748 5414021 
1749 5414021 
1750 5414021 
1751 5414021 
1752 5414021 
1753 5414021 
1754 5414021 
1755 5414021 
1756 5414021 
1757 5414021 
1758 5414021 
1759 5414021 
1760 5414021 
1761 5414021 
1762 5414021 
1763 5414021 
1764 5414021 
1765 5414021 
1766 5414021 
1767 5414021 
1768 5414021 
1769 5414021 
1770 5414021 
1771 5414021 
1772 5414021 
1773 5414021 
1774 5414021 
1775 5414021 
1776 5414021 
1777 5414021 
1778 5414021 
1779 5414021 
1780 5414021 
1781 5414021 
1782 5414021 
1783 5414021 
1784 5414021 
1785 5414021 
1786 5414021 
1787 5414021 
1788 5414021 
1789 5414021 
1790 5414021 
1791 5414021 
1792 5414021 
1793 5414021 
1794 5414021 
1795 5414021 
1796 5414021 
1797 5414021 
1798 5414021 
1799 5414021 
1800 5414021 
1801 5414021 
1802 5414021 
1803 5414021 
1804 5414021 
1805 5414021 
1806 5414021 
1807 5414021 
1808 5414021 
1809 5414021 
1810 5414021 
1811 5414021 
1812 5414021 
1813 5414021 
1814 5414021 
1815 5414021 
1816 5414021 
1817 5414021 
1818 5414021 
1819 5414021 
1820 5414021 
1821 5414021 
1822 5414021 
1823 5414021 
1824 5414021 
1825 5414021 
1826 5414021 
1827 5414021 
1828 5414021 
1829 5414021 
1830 5414021 
1831 5414021 
1832 5414021 
1833 5414021 
1834 5414021 
1835 5414021 
1836 5414021 
1837 5414021 
1838 5414021 
1839 5414021 
1840 5414021 
1841 5414021 
1842 5414021 
1843 5414021 
1844 5414021 
1845 5414021 
1846 5414021 
1847 5414021 
1848 5414021 
1849 5414021 
1850 5414021 
1851 5414021 
1852 5414021 
1853 5414021 
1854 5414021 
1855 5414021 
1856 5414021 
1857 5414021 
1858 5414021 
1859 5414021 
1860 5414021 
1861 5414021 
1862 5414021 
1863 5414021 
1864 5414021 
1865 5414021 
1866 5414021 
1867 5414021 
1868 5414021 
1869 5414021 
1870 5414021 
1871 5414021 
1872 5414021 
1873 5414021 
1874 5414021 
1875 5414021 
1876 5414021 
1877 5414021 
1878 5414021 
1879 5414021 
1880 5414021 
1881 5414021 
1882 5414021 
1883 5414021 
1884 5414021 
1885 5414021 
1886 5414021 
1887 5414021 
1888 5414021 
1889 5414021 
1890 5414021 
1891 5414021 
1892 5414021 
1893 5414021 
1894 5414021 
1895 5414021 
1896 5414021 
1897 5414021 
1898 5414021 
1899 5414021 
1900 5414021 
1901 5414021 
1902 5414021 
1903 5414021 
1904 5414021 
1905 5414021 
1906 5414021 
1907 5414021 
1908 5414021 
1909 5414021 
1910 5414021 
1911 5414021 
1912 5414021 
1913 5414021 
1914 5414021 
1915 5414021 
1916 5414021 
1917 5414021 
1918 5414021 
1919 5414021 
1920 5414021 
1921 5414021 
1922 5414021 
1923 5414021 
1924 5414021 
1925 5414021 
1926 5414021 
1927 5414021 
1928 5414021 
1929 5414021 
1930 5414021 
1931 5414021 
1932 5414021 
1933 5414021 
1934 5414021 
1935 5414021 
1936 5414021 
1937 5414021 
1938 5414021 
1939 5414021 
1940 5414021 
1941 5414021 
1942 5414021 
1943 5414021 
1944 5414021 
1945 5414021 
1946 5414021 
1947 5414021 
1948 5414021 
1949 5414021 
1950 5414021 
1951 5414021 
1952 5414021 
1953 5414021 
1954 5414021 
1955 5414021 
1956 5414021 
1957 5414021 
1958 5414021 
1959 5414021 
1960 5414021 
1961 5414021 
1962 5414021 
1963 5414021 
1964 5414021 
1965 5414021 
1966 5414021 
1967 5414021 
1968 5414021 
1969 5414021 
1970 5414021 
1971 5414021 
1972 5414021 
1973 5414021 
1974 5414021 
1975 5414021 
1976 5414021 
1977 5414021 
1978 5414021 
1979 5414021 
1980 5414021 
1981 5414021 
1982 5414021 
1983 5414021 
1984 5414021 
1985 5414021 
1986 5414021 
1987 5414021 
1988 5414021 
1989 5414021 
1990 5414021 
1991 5414021 
1992 5414021 
1993 5414021 
1994 5414021 
1995 5414021 
1996 5414021 
1997 5414021 
1998 5414021 
1999 5414021 
2000 5414021 
2001 5414021 
2002 5414021 
2003 5414021 
2004 5414021 
2005 5414021 
2006 5414021 
2007 5414021 
2008 5414021 
2009 5414021 
2010 5414021 
2011 5414021 
2012 5414021 
2013 5414021 
2014 5414021 
2015 5414021 
2016 5414021 
2017 5414021 
2018 5414021 
2019 5414021 
2020 5414021 
2021 5414021 
2022 5414021 
2023 5414021 
2024 5414021 
2025 5414021 
2026 5414021 
2027 5414021 
2028 5414021 
2029 5414021 
2030 5414021 
2031 5414021 
2032 5414021 
2033 5414021 
2034 5414021 
2035 5414021 
2036 5414021 
2037 5414021 
2038 5414021 
2039 5414021 
2040 5414021 
2041 5414021 
2042 5414021 
2043 5414021 
2044 5414021 
2045 5414021 
2046 5414021 
2047 5414021 
2048 5414021 
2049 5414021 
2050 5414021 
2051 5414021 
2052 5414021 
2053 5414021 
2054 5414021 
2055 5414021 
2056 5414021 
2057 5414021 
2058 5414021 
2059 5414021 
2060 5414021 
2061 5414021 
2062 5414021 
2063 5414021 
2064 5414021 
2065 5414021 
2066 5414021 
2067 5414021 
2068 5414021 
2069 5414021 
2070 5414021 
2071 5414021 
2072 5414021 
2073 5414021 
2074 5414021 
2075 5414021 
2076 5414021 
2077 5414021 
2078 5414021 
2079 5414021 
2080 5414021 
2081 5414021 
2082 5414021 
2083 5414021 
2084 5414021 
2085 5414021 
2086 5414021 
2087 5414021 
2088 5414021 
2089 5414021 
2090 5414021 
2091 5414021 
2092 5414021 
2093 5414021 
2094 5414021 
2095 5414021 
2096 5414021 
2097 5414021 
2098 5414021 
2099 5414021 
2100 5414021 
2101 5414021 
2102 5414021 
2103 5414021 
2104 5414021 
2105 5414021 
2106 5414021 
2107 5414021 
2108 5414021 
2109 5414021 
2110 5414021 
2111 5414021 
2112 5414021 
2113 5414021 
2114 5414021 
2115 5414021 
2116 5414021 
2117 5414021 
2118 5414021 
2119 5414021 
2120 5414021 
2121 5414021 
2122 5414021 
2123 5414021 
2124 5414021 
2125 5414021 
2126 5414021 
2127 5414021 
2128 5414021 
2129 5414021 
2130 5414021 
2131 5414021 
2132 5414021 
2133 5414021 
2134 5414021 
2135 5414021 
2136 5414021 
2137 5414021 
2138 5414021 
2139 5414021 
2140 5414021 
2141 5414021 
2142 5414021 
2143 5414021 
2144 5414021 
2145 5414021 
2146 5414021 
2147 5414021 
2148 5414021 
2149 5414021 
2150 5414021 
2151 5414021 
2152 5414021 
2153 5414021 
2154 5414021 
2155 5414021 
2156 5414021 
2157 5414021 
2158 5414021 
2159 5414021 
2160 5414021 
2161 5414021 
2162 5414021 
2163 5414021 
2164 5414021 
2165 5414021 
2166 5414021 
2167 5414021 
2168 5414021 
2169 5414021 
2170 5414021 
2171 5414021 
2172 5414021 
2173 5414021 
2174 5414021 
2175 5414021 
2176 5414021 
2177 5414021 
2178 5414021 
2179 5414021 
2180 5414021 
2181 5414021 
2182 5414021 
2183 5414021 
2184 5414021 
2185 5414021 
2186 5414021 
2187 5414021 
2188 5414021 
2189 5414021 
2190 5414021 
2191 5414021 
2192 5414021 
2193 5414021 
2194 5414021 
2195 5414021 
2196 5414021 
2197 5414021 
2198 5414021 
2199 5414021 
2200 5414021 
2201 5414021 
2202 5414021 
2203 5414021 
2204 5414021 
2205 5414021 
2206 5414021 
2207 5414021 
2208 5414021 
2209 5414021 
2210 5414021 
2211 5414021 
2212 5414021 
2213 5414021 
2214 5414021 
2215 5414021 
2216 5414021 
2217 5414021 
2218 5414021 
2219 5414021 
2220 5414021 
2221 5414021 
2222 5414021 
2223 5414021 
2224 5414021 
2225 5414021 
2226 5414021 
2227 5414021 
2228 5414021 
2229 5414021 
2230 5414021 
2231 5414021 
2232 5414021 
2233 5414021 
2234 5414021 
2235 5414021 
2236 5414021 
2237 5414021 
2238 5414021 
2239 5414021 
2240 5414021 
2241 5414021 
2242 5414021 
2243 5414021 
2244 5414021 
2245 5414021 
2246 5414021 
2247 5414021 
2248 5414021 
2249 5414021 
2250 5414021 
2251 5414021 
2252 5414021 
2253 5414021 
2254 5414021 
2255 5414021 
2256 5414021 
2257 5414021 
2258 5414021 
2259 5414021 
2260 5414021 
2261 5414021 
2262 5414021 
2263 5414021 
2264 5414021 
2265 5414021 
2266 5414021 
2267 5414021 
2268 5414021 
2269 5414021 
2270 5414021 
2271 5414021 
2272 5414021 
2273 5414021 
2274 5414021 
2275 5414021 
2276 5414021 
2277 5414021 
2278 5414021 
2279 5414021 
2280 5414021 
2281 5414021 
2282 5414021 
2283 5414021 
2284 5414021 
2285 5414021 
2286 5414021 
2287 5414021 
2288 5414021 
2289 5414021 
2290 5414021 
2291 5414021 
2292 5414021 
2293 5414021 
2294 5414021 
2295 5414021 
2296 5414021 
2297 5414021 
2298 5414021 
2299 5414021 
2300 5414021 
2301 5414021 
2302 5414021 
2303 5414021 
2304 5414021 
2305 5414021 
2306 5414021 
2307 5414021 
2308 5414021 
2309 5414021 
2310 5414021 
2311 5414021 
2312 5414021 
2313 5414021 
2314 5414021 
2315 5414021 
2316 5414021 
2317 5414021 
2318 5414021 
2319 5414021 
2320 5414021 
2321 5414021 
2322 5414021 
2323 5414021 
2324 5414021 
2325 5414021 
2326 5414021 
2327 5414021 
2328 5414021 
2329 5414021 
2330 5414021 
2331 5414021 
2332 5414021 
2333 5414021 
2334 5414021 
2335 5414021 
2336 5414021 
2337 5414021 
2338 5414021 
2339 5414021 
2340 5414021 
2341 5414021 
2342 5414021 
2343 5414021 
2344 5414021 
2345 5414021 
2346 5414021 
2347 5414021 
2348 5414021 
2349 5414021 
2350 5414021 
2351 5414021 
2352 5414021 
2353 5414021 
2354 5414021 
2355 5414021 
2356 5414021 
2357 5414021 
2358 5414021 
2359 5414021 
2360 5414021 
2361 5414021 
2362 5414021 
2363 5414021 
2364 5414021 
2365 5414021 
2366 5414021 
2367 5414021 
2368 5414021 
2369 5414021 
2370 5414021 
2371 5414021 
2372 5414021 
2373 5414021 
2374 5414021 
2375 5414021 
2376 5414021 
2377 5414021 
2378 5414021 
2379 5414021 
2380 5414021 
2381 5414021 
2382 5414021 
2383 5414021 
2384 5414021 
2385 5414021 
2386 5414021 
2387 5414021 
2388 5414021 
2389 5414021 
2390 5414021 
2391 5414021 
2392 5414021 
2393 5414021 
2394 5414021 
2395 5414021 
2396 5414021 
2397 5414021 
2398 5414021 
2399 5414021 
2400 5414021 
2401 5414021 
2402 5414021 
2403 5414021 
2404 5414021 
2405 5414021 
2406 5414021 
2407 5414021 
2408 5414021 
2409 5414021 
2410 5414021 
2411 5414021 
2412 5414021 
2413 5414021 
2414 5414021 
2415 5414021 
2416 5414021 
2417 5414021 
2418 5414021 
2419 5414021 
2420 5414021 
2421 5414021 
2422 5414021 
2423 5414021 
2424 5414021 
2425 5414021 
2426 5414021 
2427 5414021 
2428 5414021 
2429 5414021 
2430 5414021 
2431 5414021 
2432 5414021 
2433 5414021 
2434 5414021 
2435 5414021 
2436 5414021 
2437 5414021 
2438 5414021 
2439 5414021 
2440 5414021 
2441 5414021 
2442 5414021 
2443 5414021 
2444 5414021 
2445 5414021 
2446 5414021 
2447 5414021 
2448 5414021 
2449 5414021 
2450 5414021 
2451 5414021 
2452 5414021 
2453 5414021 
2454 5414021 
2455 5414021 
2456 5414021 
2457 5414021 
2458 5414021 
2459 5414021 
2460 5414021 
2461 5414021 
2462 5414021 
2463 5414021 
2464 5414021 
2465 5414021 
2466 5414021 
2467 5414021 
2468 5414021 
2469 5414021 
2470 5414021 
2471 5414021 
2472 5414021 
2473 5414021 
2474 5414021 
2475 5414021 
2476 5414021 
2477 5414021 
2478 5414021 
2479 5414021 
2480 5414021 
2481 5414021 
2482 5414021 
2483 5414021 
2484 5414021 
2485 5414021 
2486 5414021 
2487 5414021 
2488 5414021 
2489 5414021 
2490 5414021 
2491 5414021 
2492 5414021 
2493 5414021 
2494 5414021 
2495 5414021 
2496 5414021 
2497 5414021 
2498 5414021 
2499 5414021 
2500 5414021 
2501 5414021 
2502 5414021 
2503 5414021 
2504 5414021 
2505 5414021 
2506 5414021 
2507 5414021 
2508 5414021 
2509 5414021 
2510 5414021 
2511 5414021 
2512 5414021 
2513 5414021 
2514 5414021 
2515 5414021 
2516 5414021 
2517 5414021 
2518 5414021 
2519 5414021 
2520 5414021 
2521 5414021 
2522 5414021 
2523 5414021 
2524 5414021 
2525 5414021 
2526 5414021 
2527 5414021 
2528 5414021 
2529 5414021 
2530 5414021 
2531 5414021 
2532 5414021 
2533 5414021 
2534 5414021 
2535 5414021 
2536 5414021 
2537 5414021 
2538 5414021 
2539 5414021 
2540 5414021 
2541 5414021 
2542 5414021 
2543 5414021 
2544 5414021 
2545 5414021 
2546 5414021 
2547 5414021 
2548 5414021 
2549 5414021 
2550 5414021 
2551 5414021 
2552 5414021 
2553 5414021 
2554 5414021 
2555 5414021 
2556 5414021 
2557 5414021 
2558 5414021 
2559 5414021 
2560 5414021 
2561 5414021 
2562 5414021 
2563 5414021 
2564 5414021 
2565 5414021 
2566 5414021 
2567 5414021 
2568 5414021 
2569 5414021 
2570 5414021 
2571 5414021 
2572 5414021 
2573 5414021 
2574 5414021 
2575 5414021 
2576 5414021 
2577 5414021 
2578 5414021 
2579 5414021 
2580 5414021 
2581 5414021 
2582 5414021 
2583 5414021 
2584 5414021 
2585 5414021 
2586 5414021 
2587 5414021 
2588 5414021 
2589 5414021 
2590 5414021 
2591 5414021 
2592 5414021 
2593 5414021 
2594 5414021 
2595 5414021 
2596 5414021 
2597 5414021 
2598 5414021 
2599 5414021 
2600 5414021 
2601 5414021 
2602 5414021 
2603 5414021 
2604 5414021 
2605 5414021 
2606 5414021 
2607 5414021 
2608 5414021 
2609 5414021 
2610 5414021 
2611 5414021 
2612 5414021 
2613 5414021 
2614 5414021 
2615 5414021 
2616 5414021 
2617 5414021 
2618 5414021 
2619 5414021 
2620 5414021 
2621 5414021 
2622 5414021 
2623 5414021 
2624 5414021 
2625 5414021 
2626 5414021 
2627 5414021 
2628 5414021 
2629 5414021 
2630 5414021 
2631 5414021 
2632 5414021 
2633 5414021 
2634 5414021 
2635 5414021 
2636 5414021 
2637 5414021 
2638 5414021 
2639 5414021 
2640 5414021 
2641 5414021 
2642 5414021 
2643 5414021 
2644 5414021 
2645 5414021 
2646 5414021 
2647 5414021 
2648 5414021 
2649 5414021 
2650 5414021 
2651 5414021 
2652 5414021 
2653 5414021 
2654 5414021 
2655 5414021 
2656 5414021 
2657 5414021 
2658 5414021 
2659 5414021 
2660 5414021 
2661 5414021 
2662 5414021 
2663 5414021 
2664 5414021 
2665 5414021 
2666 5414021 
2667 5414021 
2668 5414021 
2669 5414021 
2670 5414021 
2671 5414021 
2672 5414021 
2673 5414021 
2674 5414021 
2675 5414021 
2676 5414021 
2677 5414021 
2678 5414021 
2679 5414021 
2680 5414021 
2681 5414021 
2682 5414021 
2683 5414021 
2684 5414021 
2685 5414021 
2686 5414021 
2687 5414021 
2688 5414021 
2689 5414021 
2690 5414021 
2691 5414021 
2692 5414021 
2693 5414021 
2694 5414021 
2695 5414021 
2696 5414021 
2697 5414021 
2698 5414021 
2699 5414021 
2700 5414021 
2701 5414021 
2702 5414021 
2703 5414021 
2704 5414021 
2705 5414021 
2706 5414021 
2707 5414021 
2708 5414021 
2709 5414021 
2710 5414021 
2711 5414021 
2712 5414021 
2713 5414021 
2714 5414021 
2715 5414021 
2716 5414021 
2717 5414021 
2718 5414021 
2719 5414021 
2720 5414021 
2721 5414021 
2722 5414021 
2723 5414021 
2724 5414021 
2725 5414021 
2726 5414021 
2727 5414021 
2728 5414021 
2729 5414021 
2730 5414021 
2731 5414021 
2732 5414021 
2733 5414021 
2734 5414021 
2735 5414021 
2736 5414021 
2737 5414021 
2738 5414021 
2739 5414021 
2740 5414021 
2741 5414021 
2742 5414021 
2743 5414021 
2744 5414021 
2745 5414021 
2746 5414021 
2747 5414021 
2748 5414021 
2749 5414021 
2750 5414021 
2751 5414021 
2752 5414021 
2753 5414021 
2754 5414021 
2755 5414021 
2756 5414021 
2757 5414021 
2758 5414021 
2759 5414021 
2760 5414021 
2761 5414021 
2762 5414021 
2763 5414021 
2764 5414021 
2765 5414021 
2766 5414021 
2767 5414021 
2768 5414021 
2769 5414021 
2770 5414021 
2771 5414021 
2772 5414021 
2773 5414021 
2774 5414021 
2775 5414021 
2776 5414021 
2777 5414021 
2778 5414021 
2779 5414021 
2780 5414021 
2781 5414021 
2782 5414021 
2783 5414021 
2784 5414021 
2785 5414021 
2786 5414021 
2787 5414021 
2788 5414021 
2789 5414021 
2790 5414021 
2791 5414021 
2792 5414021 
2793 5414021 
2794 5414021 
2795 5414021 
2796 5414021 
2797 5414021 
2798 5414021 
2799 5414021 
2800 5414021 
2801 5414021 
2802 5414021 
2803 5414021 
2804 5414021 
2805 5414021 
2806 5414021 
2807 5414021 
2808 5414021 
2809 5414021 
2810 5414021 
2811 5414021 
2812 5414021 
2813 5414021 
2814 5414021 
2815 5414021 
2816 5414021 
2817 5414021 
2818 5414021 
2819 5414021 
2820 5414021 
2821 5414021 
2822 5414021 
2823 5414021 
2824 5414021 
2825 5414021 
2826 5414021 
2827 5414021 
2828 5414021 
2829 5414021 
2830 5414021 
2831 5414021 
2832 5414021 
2833 5414021 
2834 5414021 
2835 5414021 
2836 5414021 
2837 5414021 
2838 5414021 
2839 5414021 
2840 5414021 
2841 5414021 
2842 5414021 
2843 5414021 
2844 5414021 
2845 5414021 
2846 5414021 
2847 5414021 
2848 5414021 
2849 5414021 
2850 5414021 
2851 5414021 
2852 5414021 
2853 5414021 
2854 5414021 
2855 5414021 
2856 5414021 
2857 5414021 
2858 5414021 
2859 5414021 
2860 5414021 
2861 5414021 
2862 5414021 
2863 5414021 
2864 5414021 
2865 5414021 
2866 5414021 
2867 5414021 
2868 5414021 
2869 5414021 
2870 5414021 
2871 5414021 
2872 5414021 
2873 5414021 
2874 5414021 
2875 5414021 
2876 5414021 
2877 5414021 
2878 5414021 
2879 5414021 
2880 5414021 
2881 5414021 
2882 5414021 
2883 5414021 
2884 5414021 
2885 5414021 
2886 5414021 
2887 5414021 
2888 5414021 
2889 5414021 
2890 5414021 
2891 5414021 
2892 5414021 
2893 5414021 
2894 5414021 
2895 5414021 
2896 5414021 
2897 5414021 
2898 5414021 
2899 5414021 
2900 5414021 
2901 5414021 
2902 5414021 
2903 5414021 
2904 5414021 
2905 5414021 
2906 5414021 
2907 5414021 
2908 5414021 
2909 5414021 
2910 5414021 
2911 5414021 
2912 5414021 
2913 5414021 
2914 5414021 
2915 5414021 
2916 5414021 
2917 5414021 
2918 5414021 
2919 5414021 
2920 5414021 
2921 5414021 
2922 5414021 
2923 5414021 
2924 5414021 
2925 5414021 
2926 5414021 
2927 5414021 
2928 5414021 
2929 5414021 
2930 5414021 
2931 5414021 
2932 5414021 
2933 5414021 
2934 5414021 
2935 5414021 
2936 5414021 
2937 5414021 
2938 5414021 
2939 5414021 
2940 5414021 
2941 5414021 
2942 5414021 
2943 5414021 
2944 5414021 
2945 5414021 
2946 5414021 
2947 5414021 
2948 5414021 
2949 5414021 
2950 5414021 
2951 5414021 
2952 5414021 
2953 5414021 
2954 5414021 
2955 5414021 
2956 5414021 
2957 5414021 
2958 5414021 
2959 5414021 
2960 5414021 
2961 5414021 
2962 5414021 
2963 5414021 

