0 4162927 
1 4161290 
2 4161239 
3 4160483 
4 4152619 
5 4152502 
6 4150331 
7 4145972 
8 4145972 
9 4145650 
10 4145387 
11 4145004 
12 4144991 
13 4144704 
14 4144648 
15 4144648 
16 4143598 
17 4143010 
18 4142795 
19 4141859 
20 4141173 
21 4140924 
22 4140427 
23 4138789 
24 4136670 
25 4109740 
26 4109571 
27 4109557 
28 4109551 
29 4109537 
30 4109465 
31 4109356 
32 4109181 
33 4107926 
34 4104282 
35 4100863 
36 4098535 
37 4098522 
38 4091203 
39 4091157 
40 4091145 
41 4090144 
42 4089985 
43 4089959 
44 4089763 
45 4089442 
46 4087602 
47 4087589 
48 4087576 
49 4087563 
50 4087134 
51 4087121 
52 4087108 
53 4087095 
54 4086584 
55 4085376 
56 4085017 
57 4084016 
58 4084009 
59 4081876 
60 4081746 
61 4081505 
62 4081479 
63 4081472 
64 4081459 
65 4081403 
66 4079700 
67 4078030 
68 4078030 
69 4078024 
70 4077490 
71 4077425 
72 4077418 
73 4077390 
74 4077376 
75 4077324 
76 4076685 
77 4076393 
78 4076269 
79 4075112 
80 4075047 
81 4072578 
82 4072130 
83 4072123 
84 4069135 
85 4067601 
86 4065780 
87 4065104 
88 4064571 
89 4064246 
90 4063572 
91 4063514 
92 4063488 
93 4063221 
94 4063195 
95 4061931 
96 4061931 
97 4060467 
98 4059310 
99 4057796 
100 4057149 
101 4055406 
102 4055256 
103 4053800 
104 4050187 
105 4049629 
106 4049251 
107 4045395 
108 4045395 
109 4045325 
110 4042452 
111 4041488 
112 4038379 
113 4038365 
114 4037484 
115 4037423 
116 4036084 
117 4032070 
118 4028424 
119 4026595 
120 4026476 
121 4026061 
122 4025795 
123 4025079 
124 4024792 
125 4023922 
126 4023327 
127 4023222 
128 4023215 
129 4023173 
130 4022800 
131 4022548 
132 4021474 
133 4021402 
134 4020871 
135 4020819 
136 4019927 
137 4019427 
138 4019292 
139 4019223 
140 4018984 
141 4018298 
142 4018265 
143 4018144 
144 4018047 
145 4016578 
146 4016173 
147 4015530 
148 4015504 
149 4015036 
150 4015015 
151 4014901 
152 4014031 
153 4009658 
154 4008433 
155 4005790 
156 4005237 
157 4005146 
158 4004968 
159 4001145 
160 4001138 
161 4000852 
162 4000423 
163 3999856 
164 3995150 
165 3995097 
166 3993623 
167 3991686 
168 3991387 
169 3990617 
170 3990479 
171 3990325 
172 3990206 
173 3988898 
174 3987953 
175 3987651 
176 3987469 
177 3986121 
178 3982954 
179 3982870 
180 3982740 
181 3982740 
182 3982733 
183 3981410 
184 3981347 
185 3981321 
186 3981321 
187 3980203 
188 3980203 
189 3978818 
190 3978811 
191 3978811 
192 3976905 
193 3976611 
194 3976197 
195 3976197 
196 3975567 
197 3975567 
198 3975507 
199 3975217 
200 3975152 
201 3975115 
202 3975043 
203 3973832 
204 3973827 
205 3973747 
206 3973134 
207 3973004 
208 3972962 
209 3972736 
210 3970971 
211 3970880 
212 3970431 
213 3966908 
214 3966243 
215 3966236 
216 3966041 
217 3964949 
218 3964882 
219 3964666 
220 3955474 
221 3953347 
222 3952560 
223 3950641 
224 3950641 
225 3950307 
226 3949626 
227 3949171 
228 3949152 
229 3945766 
230 3945745 
231 3945225 
232 3945174 
233 3943506 
234 3943116 
235 3942986 
236 3942668 
237 3942036 
238 3941835 
239 3939985 
240 3937395 
241 3936434 
242 3936420 
243 3936364 
244 3936092 
245 3936078 
246 3936071 
247 3936057 
248 3935979 
249 3935030 
250 3933070 
251 3932210 
252 3932196 
253 3932189 
254 3932189 
255 3932175 
256 3930955 
257 3927731 
258 3927724 
259 3927425 
260 3927418 
261 3927418 
262 3925720 
263 3925720 
264 3924797 
265 3924687 
266 3924566 
267 3923765 
268 3918422 
269 3918422 
270 3915393 
271 3914314 
272 3913704 
273 3913690 
274 3913690 
275 3912271 
276 3911649 
277 3910837 
278 3910106 
279 3905907 
280 3905422 
281 3905415 
282 3905415 
283 3905409 
284 3905401 
285 3903151 
286 3903151 
287 3894502 
288 3890511 
289 3890134 
290 3890133 
291 3889912 
292 3884205 
293 3884198 
294 3884182 
295 3882290 
296 3882255 
297 3882241 
298 3882119 
299 3881793 
300 3881772 
301 3881653 
302 3881653 
303 3881639 
304 3881331 
305 3877249 
306 3873973 
307 3873966 
308 3871870 
309 3871863 
310 3870954 
311 3870392 
312 3867337 
313 3866548 
314 3865434 
315 3862522 
316 3862448 
317 3862280 
318 3861874 
319 3861832 
320 3860410 
321 3859339 
322 3859332 
323 3859318 
324 3859076 
325 3858768 
326 3858649 
327 3857687 
328 3855135 
329 3854731 
330 3854610 
331 3854576 
332 3853211 
333 3853022 
334 3853008 
335 3853008 
336 3852178 
337 3852173 
338 3850475 
339 3849630 
340 3849476 
341 3849476 
342 3849408 
343 3849240 
344 3848322 
345 3848091 
346 3847507 
347 3847455 
348 3847337 
349 3846581 
350 3846539 
351 3846413 
352 3846399 
353 3846365 
354 3845452 
355 3845134 
356 3845078 
357 3844986 
358 3844928 
359 3834393 
360 3833907 
361 3833785 
362 3833751 
363 3833730 
364 3833543 
365 3833542 
366 3833363 
367 3833363 
368 3832976 
369 3832521 
370 3832491 
371 3832244 
372 3832244 
373 3830710 
374 3830454 
375 3830441 
376 3830441 
377 3830441 
378 3830212 
379 3830212 
380 3830152 
381 3830061 
382 3830061 
383 3830061 
384 3829944 
385 3829944 
386 3829846 
387 3829839 
388 3829839 
389 3829839 
390 3829839 
391 3829839 
392 3829839 
393 3829839 
394 3829839 
395 3829839 
396 3829839 
397 3829839 
398 3829839 
399 3829839 
400 3829839 
401 3829839 
402 3829839 
403 3829839 
404 3829839 
405 3829839 
406 3829839 
407 3829839 
408 3829839 
409 3829839 
410 3829839 
411 3829839 
412 3829839 
413 3829839 
414 3829839 
415 3829839 
416 3829839 
417 3829839 
418 3829839 
419 3829839 
420 3829839 
421 3829839 
422 3829839 
423 3829839 
424 3829839 
425 3829839 
426 3829839 
427 3829839 
428 3829839 
429 3829839 
430 3829839 
431 3829839 
432 3829839 
433 3829839 
434 3829839 
435 3829839 
436 3829839 
437 3829839 
438 3829839 
439 3829839 
440 3829839 
441 3829839 
442 3829839 
443 3829839 
444 3829839 
445 3829839 
446 3829839 
447 3829839 
448 3829839 
449 3829839 
450 3829839 
451 3829839 
452 3829839 
453 3829839 
454 3829839 
455 3829839 
456 3829839 
457 3829839 
458 3829839 
459 3829839 
460 3829839 
461 3829839 
462 3829839 
463 3829839 
464 3829839 
465 3829839 
466 3829839 
467 3829839 
468 3829839 
469 3829839 
470 3829839 
471 3829839 
472 3829839 
473 3829839 
474 3829839 
475 3829839 
476 3829839 
477 3829839 
478 3829839 
479 3829839 
480 3829839 
481 3829839 
482 3829839 
483 3829839 
484 3829839 
485 3829839 
486 3829839 
487 3829839 
488 3829839 
489 3829839 
490 3829839 
491 3829839 
492 3829839 
493 3829839 
494 3829839 
495 3829839 
496 3829839 
497 3829839 
498 3829839 
499 3829839 
500 3829839 
501 3829839 
502 3829839 
503 3829839 
504 3829839 
505 3829839 
506 3829839 
507 3829839 
508 3829839 
509 3829839 
510 3829839 
511 3829839 
512 3829839 
513 3829839 
514 3829839 
515 3829839 
516 3829839 
517 3829839 
518 3829839 
519 3829839 
520 3829839 
521 3829839 
522 3829839 
523 3829839 
524 3829839 
525 3829839 
526 3829839 
527 3829839 
528 3829839 
529 3829839 
530 3829839 
531 3829839 
532 3829839 
533 3829839 
534 3829839 
535 3829839 
536 3829839 
537 3829839 
538 3829839 
539 3829839 
540 3829839 
541 3829839 
542 3829839 
543 3829839 
544 3829839 
545 3829839 
546 3829839 
547 3829839 
548 3829839 
549 3829839 
550 3829839 
551 3829839 
552 3829839 
553 3829839 
554 3829839 
555 3829839 
556 3829839 
557 3829839 
558 3829839 
559 3829839 
560 3829839 
561 3829839 
562 3829839 
563 3829839 
564 3829839 
565 3829839 
566 3829839 
567 3829839 
568 3829839 
569 3829839 
570 3829839 
571 3829839 
572 3829839 
573 3829839 
574 3829839 
575 3829839 
576 3829839 
577 3829839 
578 3829839 
579 3829839 
580 3829839 
581 3829839 
582 3829839 
583 3829839 
584 3829839 
585 3829839 
586 3829839 
587 3829839 
588 3829839 
589 3829839 
590 3829839 
591 3829839 
592 3829839 
593 3829839 
594 3829839 
595 3829839 
596 3829839 
597 3829839 
598 3829839 
599 3829839 
600 3829839 
601 3829839 
602 3829839 
603 3829839 
604 3829839 
605 3829839 
606 3829839 
607 3829839 
608 3829839 
609 3829839 
610 3829839 
611 3829839 
612 3829839 
613 3829839 
614 3829839 
615 3829839 
616 3829839 
617 3829839 
618 3829839 
619 3829839 
620 3829839 
621 3829839 
622 3829839 
623 3829839 
624 3829839 
625 3829839 
626 3829839 
627 3829839 
628 3829839 
629 3829839 
630 3829839 
631 3829839 
632 3829839 
633 3829839 
634 3829839 
635 3829839 
636 3829839 
637 3829839 
638 3829839 
639 3829839 
640 3829839 
641 3829839 
642 3829839 
643 3829839 
644 3829839 
645 3829839 
646 3829839 
647 3829839 
648 3829839 
649 3829839 
650 3829839 
651 3829839 
652 3829839 
653 3829839 
654 3829839 
655 3829839 
656 3829839 
657 3829839 
658 3829839 
659 3829839 
660 3829839 
661 3829839 
662 3829839 
663 3829839 
664 3829839 
665 3829839 
666 3829839 
667 3829839 
668 3829839 
669 3829839 
670 3829839 
671 3829839 
672 3829839 
673 3829839 
674 3829839 
675 3829839 
676 3829839 
677 3829839 
678 3829839 
679 3829839 
680 3829839 
681 3829839 
682 3829839 
683 3829839 
684 3829839 
685 3829839 
686 3829839 
687 3829839 
688 3829839 
689 3829839 
690 3829839 
691 3829839 
692 3829839 
693 3829839 
694 3829839 
695 3829839 
696 3829839 
697 3829839 
698 3829839 
699 3829839 
700 3829839 
701 3829839 
702 3829839 
703 3829839 
704 3829839 
705 3829839 
706 3829839 
707 3829839 
708 3829839 
709 3829839 
710 3829839 
711 3829839 
712 3829839 
713 3829839 
714 3829839 
715 3829839 
716 3829839 
717 3829839 
718 3829839 
719 3829839 
720 3829839 
721 3829839 
722 3829839 
723 3829839 
724 3829839 
725 3829839 
726 3829839 
727 3829839 
728 3829839 
729 3829839 
730 3829839 
731 3829839 
732 3829839 
733 3829839 
734 3829839 
735 3829839 
736 3829839 
737 3829839 
738 3829839 
739 3829839 
740 3829839 
741 3829839 
742 3829839 
743 3829839 
744 3829839 
745 3829839 
746 3829839 
747 3829839 
748 3829839 
749 3829839 
750 3829839 
751 3829839 
752 3829839 
753 3829839 
754 3829839 
755 3829839 
756 3829839 
757 3829839 
758 3829839 
759 3829839 
760 3829839 
761 3829839 
762 3829839 
763 3829839 
764 3829839 
765 3829839 
766 3829839 
767 3829839 
768 3829839 
769 3829839 
770 3829839 
771 3829839 
772 3829839 
773 3829839 
774 3829839 
775 3829839 
776 3829839 
777 3829839 
778 3829839 
779 3829839 
780 3829839 
781 3829839 
782 3829839 
783 3829839 
784 3829839 
785 3829839 
786 3829839 
787 3829839 
788 3829839 
789 3829839 
790 3829839 
791 3829839 
792 3829839 
793 3829839 
794 3829839 
795 3829839 
796 3829839 
797 3829839 
798 3829839 
799 3829839 
800 3829839 
801 3829839 
802 3829839 
803 3829839 
804 3829839 
805 3829839 
806 3829839 
807 3829839 
808 3829839 
809 3829839 
810 3829839 
811 3829839 
812 3829839 
813 3829839 
814 3829839 
815 3829839 
816 3829839 
817 3829839 
818 3829839 
819 3829839 
820 3829839 
821 3829839 
822 3829839 
823 3829839 
824 3829839 
825 3829839 
826 3829839 
827 3829839 
828 3829839 
829 3829839 
830 3829839 
831 3829839 
832 3829839 
833 3829839 
834 3829839 
835 3829839 
836 3829839 
837 3829839 
838 3829839 
839 3829839 
840 3829839 
841 3829839 
842 3829839 
843 3829839 
844 3829839 
845 3829839 
846 3829839 
847 3829839 
848 3829839 
849 3829839 
850 3829839 
851 3829839 
852 3829839 
853 3829839 
854 3829839 
855 3829839 
856 3829839 
857 3829839 
858 3829839 
859 3829839 
860 3829839 
861 3829839 
862 3829839 
863 3829839 
864 3829839 
865 3829839 
866 3829839 
867 3829839 
868 3829839 
869 3829839 
870 3829839 
871 3829839 
872 3829839 
873 3829839 
874 3829839 
875 3829839 
876 3829839 
877 3829839 
878 3829839 
879 3829839 
880 3829839 
881 3829839 
882 3829839 
883 3829839 
884 3829839 
885 3829839 
886 3829839 
887 3829839 
888 3829839 
889 3829839 
890 3829839 
891 3829839 
892 3829839 
893 3829839 
894 3829839 
895 3829839 
896 3829839 
897 3829839 
898 3829839 
899 3829839 
900 3829839 
901 3829839 
902 3829839 
903 3829839 
904 3829839 
905 3829839 
906 3829839 
907 3829839 
908 3829839 
909 3829839 
910 3829839 
911 3829839 
912 3829839 
913 3829839 
914 3829839 
915 3829839 
916 3829839 
917 3829839 
918 3829839 
919 3829839 
920 3829839 
921 3829839 
922 3829839 
923 3829839 
924 3829839 
925 3829839 
926 3829839 
927 3829839 
928 3829839 
929 3829839 
930 3829839 
931 3829839 
932 3829839 
933 3829839 
934 3829839 
935 3829839 
936 3829839 
937 3829839 
938 3829839 
939 3829839 
940 3829839 
941 3829839 
942 3829839 
943 3829839 
944 3829839 
945 3829839 
946 3829839 
947 3829839 
948 3829839 
949 3829839 
950 3829839 
951 3829839 
952 3829839 
953 3829839 
954 3829839 
955 3829839 
956 3829839 
957 3829839 
958 3829839 
959 3829839 
960 3829839 
961 3829839 
962 3829839 
963 3829839 
964 3829839 
965 3829839 
966 3829839 
967 3829839 
968 3829839 
969 3829839 
970 3829839 
971 3829839 
972 3829839 
973 3829839 
974 3829839 
975 3829839 
976 3829839 
977 3829839 
978 3829839 
979 3829839 
980 3829839 
981 3829839 
982 3829839 
983 3829839 
984 3829839 
985 3829839 
986 3829839 
987 3829839 
988 3829839 
989 3829839 
990 3829839 
991 3829839 
992 3829839 
993 3829839 
994 3829839 
995 3829839 
996 3829839 
997 3829839 
998 3829839 
999 3829839 
1000 3829839 
1001 3829839 
1002 3829839 
1003 3829839 
1004 3829839 
1005 3829839 
1006 3829839 
1007 3829839 
1008 3829839 
1009 3829839 
1010 3829839 
1011 3829839 
1012 3829839 
1013 3829839 
1014 3829839 
1015 3829839 
1016 3829839 
1017 3829839 
1018 3829839 
1019 3829839 
1020 3829839 
1021 3829839 
1022 3829839 
1023 3829839 
1024 3829839 
1025 3829839 
1026 3829839 
1027 3829839 
1028 3829839 
1029 3829839 
1030 3829839 
1031 3829839 
1032 3829839 
1033 3829839 
1034 3829839 
1035 3829839 
1036 3829839 
1037 3829839 
1038 3829839 
1039 3829839 
1040 3829839 
1041 3829839 
1042 3829839 
1043 3829839 
1044 3829839 
1045 3829839 
1046 3829839 
1047 3829839 
1048 3829839 
1049 3829839 
1050 3829839 
1051 3829839 
1052 3829839 
1053 3829839 
1054 3829839 
1055 3829839 
1056 3829839 
1057 3829839 
1058 3829839 
1059 3829839 
1060 3829839 
1061 3829839 
1062 3829839 
1063 3829839 
1064 3829839 
1065 3829839 
1066 3829839 
1067 3829839 
1068 3829839 
1069 3829839 
1070 3829839 
1071 3829839 
1072 3829839 
1073 3829839 
1074 3829839 
1075 3829839 
1076 3829839 
1077 3829839 
1078 3829839 
1079 3829839 
1080 3829839 
1081 3829839 
1082 3829839 
1083 3829839 
1084 3829839 
1085 3829839 
1086 3829839 
1087 3829839 
1088 3829839 
1089 3829839 
1090 3829839 
1091 3829839 
1092 3829839 
1093 3829839 
1094 3829839 
1095 3829839 
1096 3829839 
1097 3829839 
1098 3829839 
1099 3829839 
1100 3829839 
1101 3829839 
1102 3829839 
1103 3829839 
1104 3829839 
1105 3829839 
1106 3829839 
1107 3829839 
1108 3829839 
1109 3829839 
1110 3829839 
1111 3829839 
1112 3829839 
1113 3829839 
1114 3829839 
1115 3829839 
1116 3829839 
1117 3829839 
1118 3829839 
1119 3829839 
1120 3829839 
1121 3829839 
1122 3829839 
1123 3829839 
1124 3829839 
1125 3829839 
1126 3829839 
1127 3829839 
1128 3829839 
1129 3829839 
1130 3829839 
1131 3829839 
1132 3829839 
1133 3829839 
1134 3829839 
1135 3829839 
1136 3829839 
1137 3829839 
1138 3829839 
1139 3829839 
1140 3829839 
1141 3829839 
1142 3829839 
1143 3829839 
1144 3829839 
1145 3829839 
1146 3829839 
1147 3829839 
1148 3829839 
1149 3829839 
1150 3829839 
1151 3829839 
1152 3829839 
1153 3829839 
1154 3829839 
1155 3829839 
1156 3829839 
1157 3829839 
1158 3829839 
1159 3829839 
1160 3829839 
1161 3829839 
1162 3829839 
1163 3829839 
1164 3829839 
1165 3829839 
1166 3829839 
1167 3829839 
1168 3829839 
1169 3829839 
1170 3829839 
1171 3829839 
1172 3829839 
1173 3829839 
1174 3829839 
1175 3829839 
1176 3829839 
1177 3829839 
1178 3829839 
1179 3829839 
1180 3829839 
1181 3829839 
1182 3829839 
1183 3829839 
1184 3829839 
1185 3829839 
1186 3829839 
1187 3829839 
1188 3829839 
1189 3829839 
1190 3829839 
1191 3829839 
1192 3829839 
1193 3829839 
1194 3829839 
1195 3829839 
1196 3829839 
1197 3829839 
1198 3829839 
1199 3829839 
1200 3829839 
1201 3829839 
1202 3829839 
1203 3829839 
1204 3829839 
1205 3829839 
1206 3829839 
1207 3829839 
1208 3829839 
1209 3829839 
1210 3829839 
1211 3829839 
1212 3829839 
1213 3829839 
1214 3829839 
1215 3829839 
1216 3829839 
1217 3829839 
1218 3829839 
1219 3829839 
1220 3829839 
1221 3829839 
1222 3829839 
1223 3829839 
1224 3829839 
1225 3829839 
1226 3829839 
1227 3829839 
1228 3829839 
1229 3829839 
1230 3829839 
1231 3829839 
1232 3829839 
1233 3829839 
1234 3829839 
1235 3829839 
1236 3829839 
1237 3829839 
1238 3829839 
1239 3829839 
1240 3829839 
1241 3829839 
1242 3829839 
1243 3829839 
1244 3829839 
1245 3829839 
1246 3829839 
1247 3829839 
1248 3829839 
1249 3829839 
1250 3829839 
1251 3829839 
1252 3829839 
1253 3829839 
1254 3829839 
1255 3829839 
1256 3829839 
1257 3829839 
1258 3829839 
1259 3829839 
1260 3829839 
1261 3829839 
1262 3829839 
1263 3829839 
1264 3829839 
1265 3829839 
1266 3829839 
1267 3829839 
1268 3829839 
1269 3829839 
1270 3829839 
1271 3829839 
1272 3829839 
1273 3829839 
1274 3829839 
1275 3829839 
1276 3829839 
1277 3829839 
1278 3829839 
1279 3829839 
1280 3829839 
1281 3829839 
1282 3829839 
1283 3829839 
1284 3829839 
1285 3829839 
1286 3829839 
1287 3829839 
1288 3829839 
1289 3829839 
1290 3829839 
1291 3829839 
1292 3829839 
1293 3829839 
1294 3829839 
1295 3829839 
1296 3829839 
1297 3829839 
1298 3829839 
1299 3829839 
1300 3829839 
1301 3829839 
1302 3829839 
1303 3829839 
1304 3829839 
1305 3829839 
1306 3829839 
1307 3829839 
1308 3829839 
1309 3829839 
1310 3829839 
1311 3829839 
1312 3829839 
1313 3829839 
1314 3829839 
1315 3829839 
1316 3829839 
1317 3829839 
1318 3829839 
1319 3829839 
1320 3829839 
1321 3829839 
1322 3829839 
1323 3829839 
1324 3829839 
1325 3829839 
1326 3829839 
1327 3829839 
1328 3829839 
1329 3829839 
1330 3829839 
1331 3829839 
1332 3829839 
1333 3829839 
1334 3829839 
1335 3829839 
1336 3829839 
1337 3829839 
1338 3829839 
1339 3829839 
1340 3829839 
1341 3829839 
1342 3829839 
1343 3829839 
1344 3829839 
1345 3829839 
1346 3829839 
1347 3829839 
1348 3829839 
1349 3829839 
1350 3829839 
1351 3829839 
1352 3829839 
1353 3829839 
1354 3829839 
1355 3829839 
1356 3829839 
1357 3829839 
1358 3829839 
1359 3829839 
1360 3829839 
1361 3829839 
1362 3829839 
1363 3829839 
1364 3829839 
1365 3829839 
1366 3829839 
1367 3829839 
1368 3829839 
1369 3829839 
1370 3829839 
1371 3829839 
1372 3829839 
1373 3829839 
1374 3829839 
1375 3829839 
1376 3829839 
1377 3829839 
1378 3829839 
1379 3829839 
1380 3829839 
1381 3829839 
1382 3829839 
1383 3829839 
1384 3829839 
1385 3829839 
1386 3829839 
1387 3829839 
1388 3829839 
1389 3829839 
1390 3829839 
1391 3829839 
1392 3829839 
1393 3829839 
1394 3829839 
1395 3829839 
1396 3829839 
1397 3829839 
1398 3829839 
1399 3829839 
1400 3829839 
1401 3829839 
1402 3829839 
1403 3829839 
1404 3829839 
1405 3829839 
1406 3829839 
1407 3829839 
1408 3829839 
1409 3829839 
1410 3829839 
1411 3829839 
1412 3829839 
1413 3829839 
1414 3829839 
1415 3829839 
1416 3829839 
1417 3829839 
1418 3829839 
1419 3829839 
1420 3829839 
1421 3829839 
1422 3829839 
1423 3829839 
1424 3829839 
1425 3829839 
1426 3829839 
1427 3829839 
1428 3829839 
1429 3829839 
1430 3829839 
1431 3829839 
1432 3829839 
1433 3829839 
1434 3829839 
1435 3829839 
1436 3829839 
1437 3829839 
1438 3829839 
1439 3829839 
1440 3829839 
1441 3829839 
1442 3829839 
1443 3829839 
1444 3829839 
1445 3829839 
1446 3829839 
1447 3829839 
1448 3829839 
1449 3829839 
1450 3829839 
1451 3829839 
1452 3829839 
1453 3829839 
1454 3829839 
1455 3829839 
1456 3829839 
1457 3829839 
1458 3829839 
1459 3829839 
1460 3829839 
1461 3829839 
1462 3829839 
1463 3829839 
1464 3829839 
1465 3829839 
1466 3829839 
1467 3829839 
1468 3829839 
1469 3829839 
1470 3829839 
1471 3829839 
1472 3829839 
1473 3829839 
1474 3829839 
1475 3829839 
1476 3829839 
1477 3829839 
1478 3829839 
1479 3829839 
1480 3829839 
1481 3829839 
1482 3829839 
1483 3829839 
1484 3829839 
1485 3829839 
1486 3829839 
1487 3829839 
1488 3829839 
1489 3829839 
1490 3829839 
1491 3829839 
1492 3829839 
1493 3829839 
1494 3829839 
1495 3829839 
1496 3829839 
1497 3829839 
1498 3829839 
1499 3829839 
1500 3829839 
1501 3829839 
1502 3829839 
1503 3829839 
1504 3829839 
1505 3829839 
1506 3829839 
1507 3829839 
1508 3829839 
1509 3829839 
1510 3829839 
1511 3829839 
1512 3829839 
1513 3829839 
1514 3829839 
1515 3829839 
1516 3829839 
1517 3829839 
1518 3829839 
1519 3829839 
1520 3829839 
1521 3829839 
1522 3829839 
1523 3829839 
1524 3829839 
1525 3829839 
1526 3829839 
1527 3829839 
1528 3829839 
1529 3829839 
1530 3829839 
1531 3829839 
1532 3829839 
1533 3829839 
1534 3829839 
1535 3829839 
1536 3829839 
1537 3829839 
1538 3829839 
1539 3829839 
1540 3829839 
1541 3829839 
1542 3829839 
1543 3829839 
1544 3829839 
1545 3829839 
1546 3829839 
1547 3829839 
1548 3829839 
1549 3829839 
1550 3829839 
1551 3829839 
1552 3829839 
1553 3829839 
1554 3829839 
1555 3829839 
1556 3829839 
1557 3829839 
1558 3829839 
1559 3829839 
1560 3829839 
1561 3829839 
1562 3829839 
1563 3829839 
1564 3829839 
1565 3829839 
1566 3829839 
1567 3829839 
1568 3829839 
1569 3829839 
1570 3829839 
1571 3829839 
1572 3829839 
1573 3829839 
1574 3829839 
1575 3829839 
1576 3829839 
1577 3829839 
1578 3829839 
1579 3829839 
1580 3829839 
1581 3829839 
1582 3829839 
1583 3829839 
1584 3829839 
1585 3829839 
1586 3829839 
1587 3829839 
1588 3829839 
1589 3829839 
1590 3829839 
1591 3829839 
1592 3829839 
1593 3829839 
1594 3829839 
1595 3829839 
1596 3829839 
1597 3829839 
1598 3829839 
1599 3829839 
1600 3829839 
1601 3829839 
1602 3829839 
1603 3829839 
1604 3829839 
1605 3829839 
1606 3829839 
1607 3829839 
1608 3829839 
1609 3829839 
1610 3829839 
1611 3829839 
1612 3829839 
1613 3829839 
1614 3829839 
1615 3829839 
1616 3829839 
1617 3829839 
1618 3829839 
1619 3829839 
1620 3829839 
1621 3829839 
1622 3829839 
1623 3829839 
1624 3829839 
1625 3829839 
1626 3829839 
1627 3829839 
1628 3829839 
1629 3829839 
1630 3829839 
1631 3829839 
1632 3829839 
1633 3829839 
1634 3829839 
1635 3829839 
1636 3829839 
1637 3829839 
1638 3829839 
1639 3829839 
1640 3829839 
1641 3829839 
1642 3829839 
1643 3829839 
1644 3829839 
1645 3829839 
1646 3829839 
1647 3829839 
1648 3829839 
1649 3829839 
1650 3829839 
1651 3829839 
1652 3829839 
1653 3829839 
1654 3829839 
1655 3829839 
1656 3829839 
1657 3829839 
1658 3829839 
1659 3829839 
1660 3829839 
1661 3829839 
1662 3829839 
1663 3829839 
1664 3829839 
1665 3829839 
1666 3829839 
1667 3829839 
1668 3829839 
1669 3829839 
1670 3829839 
1671 3829839 
1672 3829839 
1673 3829839 
1674 3829839 
1675 3829839 
1676 3829839 
1677 3829839 
1678 3829839 
1679 3829839 
1680 3829839 
1681 3829839 
1682 3829839 
1683 3829839 
1684 3829839 
1685 3829839 
1686 3829839 
1687 3829839 
1688 3829839 
1689 3829839 
1690 3829839 
1691 3829839 
1692 3829839 
1693 3829839 
1694 3829839 
1695 3829839 
1696 3829839 
1697 3829839 
1698 3829839 
1699 3829839 
1700 3829839 
1701 3829839 
1702 3829839 
1703 3829839 
1704 3829839 
1705 3829839 
1706 3829839 
1707 3829839 
1708 3829839 
1709 3829839 
1710 3829839 
1711 3829839 
1712 3829839 
1713 3829839 
1714 3829839 
1715 3829839 
1716 3829839 
1717 3829839 
1718 3829839 
1719 3829839 
1720 3829839 
1721 3829839 
1722 3829839 
1723 3829839 
1724 3829839 
1725 3829839 
1726 3829839 
1727 3829839 
1728 3829839 
1729 3829839 
1730 3829839 
1731 3829839 
1732 3829839 
1733 3829839 
1734 3829839 
1735 3829839 
1736 3829839 
1737 3829839 
1738 3829839 
1739 3829839 
1740 3829839 
1741 3829839 
1742 3829839 
1743 3829839 
1744 3829839 
1745 3829839 
1746 3829839 
1747 3829839 
1748 3829839 
1749 3829839 
1750 3829839 
1751 3829839 
1752 3829839 
1753 3829839 
1754 3829839 
1755 3829839 
1756 3829839 
1757 3829839 
1758 3829839 
1759 3829839 
1760 3829839 
1761 3829839 
1762 3829839 
1763 3829839 
1764 3829839 
1765 3829839 
1766 3829839 
1767 3829839 
1768 3829839 
1769 3829839 
1770 3829839 
1771 3829839 
1772 3829839 
1773 3829839 
1774 3829839 
1775 3829839 
1776 3829839 
1777 3829839 
1778 3829839 
1779 3829839 
1780 3829839 
1781 3829839 
1782 3829839 
1783 3829839 
1784 3829839 
1785 3829839 
1786 3829839 
1787 3829839 
1788 3829839 
1789 3829839 
1790 3829839 
1791 3829839 
1792 3829839 
1793 3829839 
1794 3829839 
1795 3829839 
1796 3829839 
1797 3829839 
1798 3829839 
1799 3829839 
1800 3829839 
1801 3829839 
1802 3829839 
1803 3829839 
1804 3829839 
1805 3829839 
1806 3829839 
1807 3829839 
1808 3829839 
1809 3829839 
1810 3829839 
1811 3829839 
1812 3829839 
1813 3829839 
1814 3829839 
1815 3829839 
1816 3829839 
1817 3829839 
1818 3829839 
1819 3829839 
1820 3829839 
1821 3829839 
1822 3829839 
1823 3829839 
1824 3829839 
1825 3829839 
1826 3829839 
1827 3829839 
1828 3829839 
1829 3829839 
1830 3829839 
1831 3829839 
1832 3829839 
1833 3829839 
1834 3829839 
1835 3829839 
1836 3829839 
1837 3829839 
1838 3829839 
1839 3829839 
1840 3829839 
1841 3829839 
1842 3829839 
1843 3829839 
1844 3829839 
1845 3829839 
1846 3829839 
1847 3829839 
1848 3829839 
1849 3829839 
1850 3829839 
1851 3829839 
1852 3829839 
1853 3829839 
1854 3829839 
1855 3829839 
1856 3829839 
1857 3829839 
1858 3829839 
1859 3829839 
1860 3829839 
1861 3829839 
1862 3829839 
1863 3829839 
1864 3829839 
1865 3829839 
1866 3829839 
1867 3829839 
1868 3829839 
1869 3829839 
1870 3829839 
1871 3829839 
1872 3829839 
1873 3829839 
1874 3829839 
1875 3829839 
1876 3829839 
1877 3829839 
1878 3829839 
1879 3829839 
1880 3829839 
1881 3829839 
1882 3829839 
1883 3829839 
1884 3829839 
1885 3829839 
1886 3829839 
1887 3829839 
1888 3829839 
1889 3829839 
1890 3829839 
1891 3829839 
1892 3829839 
1893 3829839 
1894 3829839 
1895 3829839 
1896 3829839 
1897 3829839 
1898 3829839 
1899 3829839 
1900 3829839 
1901 3829839 
1902 3829839 
1903 3829839 
1904 3829839 
1905 3829839 
1906 3829839 
1907 3829839 
1908 3829839 
1909 3829839 
1910 3829839 
1911 3829839 
1912 3829839 
1913 3829839 
1914 3829839 
1915 3829839 
1916 3829839 
1917 3829839 
1918 3829839 
1919 3829839 
1920 3829839 
1921 3829839 
1922 3829839 
1923 3829839 
1924 3829839 
1925 3829839 
1926 3829839 
1927 3829839 
1928 3829839 
1929 3829839 
1930 3829839 
1931 3829839 
1932 3829839 
1933 3829839 
1934 3829839 
1935 3829839 
1936 3829839 
1937 3829839 
1938 3829839 
1939 3829839 
1940 3829839 
1941 3829839 
1942 3829839 
1943 3829839 
1944 3829839 
1945 3829839 
1946 3829839 
1947 3829839 
1948 3829839 
1949 3829839 
1950 3829839 
1951 3829839 
1952 3829839 
1953 3829839 
1954 3829839 
1955 3829839 
1956 3829839 
1957 3829839 
1958 3829839 
1959 3829839 
1960 3829839 
1961 3829839 
1962 3829839 
1963 3829839 
1964 3829839 
1965 3829839 
1966 3829839 
1967 3829839 
1968 3829839 
1969 3829839 
1970 3829839 
1971 3829839 
1972 3829839 
1973 3829839 
1974 3829839 
1975 3829839 
1976 3829839 
1977 3829839 
1978 3829839 
1979 3829839 
1980 3829839 
1981 3829839 
1982 3829839 
1983 3829839 
1984 3829839 
1985 3829839 
1986 3829839 
1987 3829839 
1988 3829839 
1989 3829839 
1990 3829839 
1991 3829839 
1992 3829839 
1993 3829839 
1994 3829839 
1995 3829839 
1996 3829839 
1997 3829839 
1998 3829839 
1999 3829839 
2000 3829839 
2001 3829839 
2002 3829839 
2003 3829839 
2004 3829839 
2005 3829839 
2006 3829839 
2007 3829839 
2008 3829839 
2009 3829839 
2010 3829839 
2011 3829839 
2012 3829839 
2013 3829839 
2014 3829839 
2015 3829839 
2016 3829839 
2017 3829839 
2018 3829839 
2019 3829839 
2020 3829839 
2021 3829839 
2022 3829839 
2023 3829839 
2024 3829839 
2025 3829839 
2026 3829839 
2027 3829839 
2028 3829839 
2029 3829839 
2030 3829839 
2031 3829839 
2032 3829839 
2033 3829839 
2034 3829839 
2035 3829839 
2036 3829839 
2037 3829839 
2038 3829839 
2039 3829839 
2040 3829839 
2041 3829839 
2042 3829839 
2043 3829839 
2044 3829839 
2045 3829839 
2046 3829839 
2047 3829839 
2048 3829839 
2049 3829839 
2050 3829839 
2051 3829839 
2052 3829839 
2053 3829839 
2054 3829839 
2055 3829839 
2056 3829839 
2057 3829839 
2058 3829839 
2059 3829839 
2060 3829839 
2061 3829839 
2062 3829839 
2063 3829839 
2064 3829839 
2065 3829839 
2066 3829839 
2067 3829839 
2068 3829839 
2069 3829839 
2070 3829839 
2071 3829839 
2072 3829839 
2073 3829839 
2074 3829839 
2075 3829839 
2076 3829839 
2077 3829839 
2078 3829839 
2079 3829839 
2080 3829839 
2081 3829839 
2082 3829839 
2083 3829839 
2084 3829839 
2085 3829839 
2086 3829839 
2087 3829839 
2088 3829839 
2089 3829839 
2090 3829839 
2091 3829839 
2092 3829839 
2093 3829839 
2094 3829839 
2095 3829839 
2096 3829839 
2097 3829839 
2098 3829839 
2099 3829839 
2100 3829839 
2101 3829839 
2102 3829839 
2103 3829839 
2104 3829839 
2105 3829839 
2106 3829839 
2107 3829839 
2108 3829839 
2109 3829839 
2110 3829839 
2111 3829839 
2112 3829839 
2113 3829839 
2114 3829839 
2115 3829839 
2116 3829839 
2117 3829839 
2118 3829839 
2119 3829839 
2120 3829839 
2121 3829839 
2122 3829839 
2123 3829839 
2124 3829839 
2125 3829839 
2126 3829839 
2127 3829839 
2128 3829839 
2129 3829839 
2130 3829839 
2131 3829839 
2132 3829839 
2133 3829839 
2134 3829839 
2135 3829839 
2136 3829839 
2137 3829839 
2138 3829839 
2139 3829839 
2140 3829839 
2141 3829839 
2142 3829839 
2143 3829839 
2144 3829839 
2145 3829839 
2146 3829839 
2147 3829839 
2148 3829839 
2149 3829839 
2150 3829839 
2151 3829839 
2152 3829839 
2153 3829839 
2154 3829839 
2155 3829839 
2156 3829839 
2157 3829839 
2158 3829839 
2159 3829839 
2160 3829839 
2161 3829839 
2162 3829839 
2163 3829839 
2164 3829839 
2165 3829839 
2166 3829839 
2167 3829839 
2168 3829839 
2169 3829839 
2170 3829839 
2171 3829839 
2172 3829839 
2173 3829839 
2174 3829839 
2175 3829839 
2176 3829839 
2177 3829839 
2178 3829839 
2179 3829839 
2180 3829839 
2181 3829839 
2182 3829839 
2183 3829839 
2184 3829839 
2185 3829839 
2186 3829839 
2187 3829839 
2188 3829839 
2189 3829839 
2190 3829839 
2191 3829839 
2192 3829839 
2193 3829839 
2194 3829839 
2195 3829839 
2196 3829839 
2197 3829839 
2198 3829839 
2199 3829839 
2200 3829839 
2201 3829839 
2202 3829839 
2203 3829839 
2204 3829839 
2205 3829839 
2206 3829839 
2207 3829839 
2208 3829839 
2209 3829839 
2210 3829839 
2211 3829839 
2212 3829839 
2213 3829839 
2214 3829839 
2215 3829839 
2216 3829839 
2217 3829839 
2218 3829839 
2219 3829839 
2220 3829839 
2221 3829839 
2222 3829839 
2223 3829839 
2224 3829839 
2225 3829839 
2226 3829839 
2227 3829839 
2228 3829839 
2229 3829839 
2230 3829839 
2231 3829839 
2232 3829839 
2233 3829839 
2234 3829839 
2235 3829839 
2236 3829839 
2237 3829839 
2238 3829839 
2239 3829839 
2240 3829839 
2241 3829839 
2242 3829839 
2243 3829839 
2244 3829839 
2245 3829839 
2246 3829839 
2247 3829839 
2248 3829839 
2249 3829839 
2250 3829839 
2251 3829839 
2252 3829839 
2253 3829839 
2254 3829839 
2255 3829839 
2256 3829839 
2257 3829839 
2258 3829839 
2259 3829839 
2260 3829839 
2261 3829839 
2262 3829839 
2263 3829839 
2264 3829839 
2265 3829839 
2266 3829839 
2267 3829839 
2268 3829839 
2269 3829839 
2270 3829839 
2271 3829839 
2272 3829839 
2273 3829839 
2274 3829839 
2275 3829839 
2276 3829839 
2277 3829839 
2278 3829839 
2279 3829839 
2280 3829839 
2281 3829839 
2282 3829839 
2283 3829839 
2284 3829839 
2285 3829839 
2286 3829839 
2287 3829839 
2288 3829839 
2289 3829839 
2290 3829839 
2291 3829839 
2292 3829839 
2293 3829839 
2294 3829839 
2295 3829839 
2296 3829839 
2297 3829839 
2298 3829839 
2299 3829839 
2300 3829839 
2301 3829839 
2302 3829839 
2303 3829839 
2304 3829839 
2305 3829839 
2306 3829839 
2307 3829839 
2308 3829839 
2309 3829839 
2310 3829839 
2311 3829839 
2312 3829839 
2313 3829839 
2314 3829839 
2315 3829839 
2316 3829839 
2317 3829839 
2318 3829839 
2319 3829839 
2320 3829839 
2321 3829839 
2322 3829839 
2323 3829839 
2324 3829839 
2325 3829839 
2326 3829839 
2327 3829839 
2328 3829839 
2329 3829839 
2330 3829839 
2331 3829839 
2332 3829839 
2333 3829839 
2334 3829839 
2335 3829839 
2336 3829839 
2337 3829839 
2338 3829839 
2339 3829839 
2340 3829839 
2341 3829839 
2342 3829839 
2343 3829839 
2344 3829839 
2345 3829839 
2346 3829839 
2347 3829839 
2348 3829839 
2349 3829839 
2350 3829839 
2351 3829839 
2352 3829839 
2353 3829839 
2354 3829839 
2355 3829839 
2356 3829839 
2357 3829839 
2358 3829839 
2359 3829839 
2360 3829839 
2361 3829839 
2362 3829839 
2363 3829839 
2364 3829839 
2365 3829839 
2366 3829839 
2367 3829839 
2368 3829839 
2369 3829839 
2370 3829839 
2371 3829839 
2372 3829839 
2373 3829839 
2374 3829839 
2375 3829839 
2376 3829839 
2377 3829839 
2378 3829839 
2379 3829839 
2380 3829839 
2381 3829839 
2382 3829839 
2383 3829839 
2384 3829839 
2385 3829839 
2386 3829839 
2387 3829839 
2388 3829839 
2389 3829839 
2390 3829839 
2391 3829839 
2392 3829839 
2393 3829839 
2394 3829839 
2395 3829839 
2396 3829839 
2397 3829839 
2398 3829839 
2399 3829839 
2400 3829839 
2401 3829839 
2402 3829839 
2403 3829839 
2404 3829839 
2405 3829839 
2406 3829839 
2407 3829839 
2408 3829839 
2409 3829839 
2410 3829839 
2411 3829839 
2412 3829839 
2413 3829839 
2414 3829839 
2415 3829839 
2416 3829839 
2417 3829839 
2418 3829839 
2419 3829839 
2420 3829839 
2421 3829839 
2422 3829839 
2423 3829839 
2424 3829839 
2425 3829839 
2426 3829839 
2427 3829839 
2428 3829839 
2429 3829839 
2430 3829839 
2431 3829839 
2432 3829839 
2433 3829839 
2434 3829839 
2435 3829839 
2436 3829839 
2437 3829839 
2438 3829839 
2439 3829839 
2440 3829839 
2441 3829839 
2442 3829839 
2443 3829839 
2444 3829839 
2445 3829839 
2446 3829839 
2447 3829839 
2448 3829839 
2449 3829839 
2450 3829839 
2451 3829839 
2452 3829839 
2453 3829839 
2454 3829839 
2455 3829839 
2456 3829839 
2457 3829839 
2458 3829839 
2459 3829839 
2460 3829839 
2461 3829839 
2462 3829839 
2463 3829839 
2464 3829839 
2465 3829839 
2466 3829839 
2467 3829839 
2468 3829839 
2469 3829839 
2470 3829839 
2471 3829839 
2472 3829839 
2473 3829839 
2474 3829839 
2475 3829839 
2476 3829839 
2477 3829839 
2478 3829839 
2479 3829839 
2480 3829839 
2481 3829839 
2482 3829839 
2483 3829839 
2484 3829839 
2485 3829839 
2486 3829839 
2487 3829839 
2488 3829839 
2489 3829839 
2490 3829839 
2491 3829839 
2492 3829839 
2493 3829839 
2494 3829839 
2495 3829839 
2496 3829839 
2497 3829839 
2498 3829839 
2499 3829839 
2500 3829839 
2501 3829839 
2502 3829839 
2503 3829839 
2504 3829839 
2505 3829839 
2506 3829839 
2507 3829839 
2508 3829839 
2509 3829839 
2510 3829839 
2511 3829839 
2512 3829839 
2513 3829839 
2514 3829839 
2515 3829839 
2516 3829839 
2517 3829839 
2518 3829839 
2519 3829839 
2520 3829839 
2521 3829839 
2522 3829839 
2523 3829839 
2524 3829839 
2525 3829839 
2526 3829839 
2527 3829839 
2528 3829839 
2529 3829839 
2530 3829839 
2531 3829839 
2532 3829839 
2533 3829839 
2534 3829839 
2535 3829839 
2536 3829839 
2537 3829839 
2538 3829839 
2539 3829839 
2540 3829839 
2541 3829839 
2542 3829839 
2543 3829839 
2544 3829839 
2545 3829839 
2546 3829839 
2547 3829839 
2548 3829839 
2549 3829839 
2550 3829839 
2551 3829839 
2552 3829839 
2553 3829839 
2554 3829839 
2555 3829839 
2556 3829839 
2557 3829839 
2558 3829839 
2559 3829839 
2560 3829839 
2561 3829839 
2562 3829839 
2563 3829839 
2564 3829839 
2565 3829839 
2566 3829839 
2567 3829839 
2568 3829839 
2569 3829839 
2570 3829839 
2571 3829839 
2572 3829839 
2573 3829839 
2574 3829839 
2575 3829839 
2576 3829839 
2577 3829839 
2578 3829839 
2579 3829839 
2580 3829839 
2581 3829839 
2582 3829839 
2583 3829839 
2584 3829839 
2585 3829839 
2586 3829839 
2587 3829839 
2588 3829839 
2589 3829839 
2590 3829839 
2591 3829839 
2592 3829839 
2593 3829839 
2594 3829839 
2595 3829839 
2596 3829839 
2597 3829839 
2598 3829839 
2599 3829839 
2600 3829839 
2601 3829839 
2602 3829839 
2603 3829839 
2604 3829839 
2605 3829839 
2606 3829839 
2607 3829839 
2608 3829839 
2609 3829839 
2610 3829839 
2611 3829839 
2612 3829839 
2613 3829839 
2614 3829839 
2615 3829839 
2616 3829839 
2617 3829839 
2618 3829839 
2619 3829839 
2620 3829839 
2621 3829839 
2622 3829839 
2623 3829839 
2624 3829839 
2625 3829839 
2626 3829839 
2627 3829839 
2628 3829839 
2629 3829839 
2630 3829839 
2631 3829839 
2632 3829839 
2633 3829839 
2634 3829839 
2635 3829839 
2636 3829839 
2637 3829839 
2638 3829839 
2639 3829839 
2640 3829839 
2641 3829839 
2642 3829839 
2643 3829839 
2644 3829839 
2645 3829839 
2646 3829839 
2647 3829839 
2648 3829839 
2649 3829839 
2650 3829839 
2651 3829839 
2652 3829839 
2653 3829839 
2654 3829839 
2655 3829839 
2656 3829839 
2657 3829839 
2658 3829839 
2659 3829839 
2660 3829839 
2661 3829839 
2662 3829839 
2663 3829839 
2664 3829839 
2665 3829839 
2666 3829839 
2667 3829839 
2668 3829839 
2669 3829839 
2670 3829839 
2671 3829839 
2672 3829839 
2673 3829839 
2674 3829839 
2675 3829839 
2676 3829839 
2677 3829839 
2678 3829839 
2679 3829839 
2680 3829839 
2681 3829839 
2682 3829839 
2683 3829839 
2684 3829839 
2685 3829839 
2686 3829839 
2687 3829839 
2688 3829839 
2689 3829839 
2690 3829839 
2691 3829839 
2692 3829839 
2693 3829839 
2694 3829839 
2695 3829839 
2696 3829839 
2697 3829839 
2698 3829839 
2699 3829839 
2700 3829839 
2701 3829839 
2702 3829839 
2703 3829839 
2704 3829839 
2705 3829839 
2706 3829839 
2707 3829839 
2708 3829839 
2709 3829839 
2710 3829839 
2711 3829839 
2712 3829839 
2713 3829839 
2714 3829839 
2715 3829839 
2716 3829839 
2717 3829839 
2718 3829839 
2719 3829839 
2720 3829839 
2721 3829839 
2722 3829839 
2723 3829839 
2724 3829839 
2725 3829839 
2726 3829839 
2727 3829839 
2728 3829839 
2729 3829839 
2730 3829839 
2731 3829839 
2732 3829839 
2733 3829839 
2734 3829839 
2735 3829839 
2736 3829839 
2737 3829839 
2738 3829839 
2739 3829839 
2740 3829839 
2741 3829839 
2742 3829839 
2743 3829839 
2744 3829839 
2745 3829839 
2746 3829839 
2747 3829839 
2748 3829839 
2749 3829839 
2750 3829839 
2751 3829839 
2752 3829839 
2753 3829839 
2754 3829839 
2755 3829839 
2756 3829839 
2757 3829839 
2758 3829839 
2759 3829839 
2760 3829839 
2761 3829839 
2762 3829839 
2763 3829839 
2764 3829839 
2765 3829839 
2766 3829839 
2767 3829839 
2768 3829839 
2769 3829839 
2770 3829839 
2771 3829839 
2772 3829839 
2773 3829839 
2774 3829839 
2775 3829839 
2776 3829839 
2777 3829839 
2778 3829839 
2779 3829839 
2780 3829839 
2781 3829839 
2782 3829839 
2783 3829839 
2784 3829839 
2785 3829839 
2786 3829839 
2787 3829839 
2788 3829839 
2789 3829839 
2790 3829839 
2791 3829839 
2792 3829839 
2793 3829839 
2794 3829839 
2795 3829839 
2796 3829839 
2797 3829839 
2798 3829839 
2799 3829839 
2800 3829839 
2801 3829839 
2802 3829839 
2803 3829839 
2804 3829839 
2805 3829839 
2806 3829839 
2807 3829839 
2808 3829839 
2809 3829839 
2810 3829839 
2811 3829839 
2812 3829839 
2813 3829839 
2814 3829839 
2815 3829839 
2816 3829839 
2817 3829839 
2818 3829839 
2819 3829839 
2820 3829839 
2821 3829839 
2822 3829839 
2823 3829839 
2824 3829839 
2825 3829839 
2826 3829839 
2827 3829839 
2828 3829839 
2829 3829839 
2830 3829839 
2831 3829839 
2832 3829839 
2833 3829839 
2834 3829839 
2835 3829839 
2836 3829839 
2837 3829839 
2838 3829839 
2839 3829839 
2840 3829839 
2841 3829839 
2842 3829839 
2843 3829839 
2844 3829839 
2845 3829839 
2846 3829839 
2847 3829839 
2848 3829839 
2849 3829839 
2850 3829839 
2851 3829839 
2852 3829839 
2853 3829839 
2854 3829839 
2855 3829839 
2856 3829839 
2857 3829839 
2858 3829839 
2859 3829839 
2860 3829839 
2861 3829839 
2862 3829839 
2863 3829839 
2864 3829839 
2865 3829839 
2866 3829839 
2867 3829839 
2868 3829839 
2869 3829839 
2870 3829839 
2871 3829839 
2872 3829839 
2873 3829839 
2874 3829839 
2875 3829839 
2876 3829839 
2877 3829839 
2878 3829839 
2879 3829839 
2880 3829839 
2881 3829839 
2882 3829839 
2883 3829839 
2884 3829839 
2885 3829839 
2886 3829839 
2887 3829839 
2888 3829839 
2889 3829839 
2890 3829839 
2891 3829839 
2892 3829839 
2893 3829839 
2894 3829839 
2895 3829839 
2896 3829839 
2897 3829839 
2898 3829839 
2899 3829839 
2900 3829839 
2901 3829839 
2902 3829839 
2903 3829839 
2904 3829839 
2905 3829839 
2906 3829839 
2907 3829839 
2908 3829839 
2909 3829839 
2910 3829839 
2911 3829839 
2912 3829839 
2913 3829839 
2914 3829839 
2915 3829839 
2916 3829839 
2917 3829839 
2918 3829839 
2919 3829839 
2920 3829839 
2921 3829839 
2922 3829839 
2923 3829839 
2924 3829839 
2925 3829839 
2926 3829839 
2927 3829839 
2928 3829839 
2929 3829839 
2930 3829839 
2931 3829839 
2932 3829839 
2933 3829839 
2934 3829839 
2935 3829839 
2936 3829839 
2937 3829839 
2938 3829839 
2939 3829839 
2940 3829839 
2941 3829839 
2942 3829839 
2943 3829839 
2944 3829839 
2945 3829839 
2946 3829839 
2947 3829839 
2948 3829839 
2949 3829839 
2950 3829839 
2951 3829839 
2952 3829839 
2953 3829839 
2954 3829839 
2955 3829839 
2956 3829839 
2957 3829839 
2958 3829839 
2959 3829839 
2960 3829839 
2961 3829839 
2962 3829839 
2963 3829839 
2964 3829839 
2965 3829839 
2966 3829839 
2967 3829839 
2968 3829839 
2969 3829839 
2970 3829839 
2971 3829839 
2972 3829839 
2973 3829839 
2974 3829839 
2975 3829839 
2976 3829839 
2977 3829839 
2978 3829839 
2979 3829839 
2980 3829839 
2981 3829839 
2982 3829839 
2983 3829839 
2984 3829839 
2985 3829839 
2986 3829839 
2987 3829839 

