0 4194094 
1 4191793 
2 4186250 
3 4175742 
4 4171829 
5 4166603 
6 4163611 
7 4161313 
8 4160671 
9 4160454 
10 4156247 
11 4155946 
12 4155811 
13 4155759 
14 4155751 
15 4146846 
16 4145974 
17 4145239 
18 4145174 
19 4142755 
20 4141793 
21 4141780 
22 4141598 
23 4140521 
24 4139968 
25 4139786 
26 4132285 
27 4130776 
28 4122300 
29 4122274 
30 4122066 
31 4120378 
32 4120215 
33 4120202 
34 4120085 
35 4118126 
36 4118061 
37 4117567 
38 4101655 
39 4100024 
40 4094850 
41 4093832 
42 4091635 
43 4091138 
44 4091138 
45 4089188 
46 4089175 
47 4087651 
48 4087508 
49 4087287 
50 4087105 
51 4087066 
52 4086394 
53 4086199 
54 4085849 
55 4085767 
56 4085624 
57 4083220 
58 4083148 
59 4068627 
60 4068186 
61 4067705 
62 4067445 
63 4067270 
64 4067205 
65 4067192 
66 4065424 
67 4065151 
68 4065138 
69 4064839 
70 4064254 
71 4064176 
72 4064150 
73 4063630 
74 4063331 
75 4062902 
76 4062573 
77 4062223 
78 4061940 
79 4059286 
80 4059147 
81 4055248 
82 4054975 
83 4054969 
84 4054899 
85 4054356 
86 4052810 
87 4051661 
88 4051660 
89 4051549 
90 4051458 
91 4051451 
92 4051438 
93 4051081 
94 4051079 
95 4051066 
96 4050833 
97 4050801 
98 4050773 
99 4050630 
100 4050221 
101 4049753 
102 4049454 
103 4049304 
104 4048954 
105 4048941 
106 4048869 
107 4048308 
108 4047646 
109 4046812 
110 4046805 
111 4046712 
112 4046411 
113 4046411 
114 4045735 
115 4045273 
116 4044790 
117 4044016 
118 4044002 
119 4043917 
120 4043781 
121 4043774 
122 4043684 
123 4043671 
124 4043664 
125 4043658 
126 4043657 
127 4042482 
128 4042059 
129 4042033 
130 4040148 
131 4039979 
132 4039618 
133 4039544 
134 4039063 
135 4038225 
136 4038076 
137 4037964 
138 4037549 
139 4037523 
140 4037516 
141 4037516 
142 4037282 
143 4033838 
144 4031953 
145 4027715 
146 4027407 
147 4025957 
148 4024045 
149 4024012 
150 4023442 
151 4023113 
152 4022619 
153 4022339 
154 4022185 
155 4022185 
156 4022163 
157 4021523 
158 4021147 
159 4020747 
160 4020677 
161 4020664 
162 4020104 
163 4020104 
164 4020104 
165 4019628 
166 4019614 
167 4015430 
168 4014708 
169 4009235 
170 4000867 
171 3999348 
172 3997633 
173 3997625 
174 3997140 
175 3996737 
176 3992681 
177 3992368 
178 3991146 
179 3986776 
180 3986491 
181 3985829 
182 3985472 
183 3985450 
184 3984048 
185 3983561 
186 3983548 
187 3982498 
188 3981630 
189 3980145 
190 3979209 
191 3977010 
192 3976116 
193 3975885 
194 3972674 
195 3972674 
196 3970642 
197 3969002 
198 3954806 
199 3954712 
200 3954712 
201 3949124 
202 3948305 
203 3948266 
204 3947825 
205 3947811 
206 3947811 
207 3947699 
208 3945880 
209 3945866 
210 3945866 
211 3945655 
212 3945270 
213 3942991 
214 3942977 
215 3942745 
216 3939215 
217 3937298 
218 3937285 
219 3937276 
220 3937276 
221 3937234 
222 3937226 
223 3937221 
224 3937208 
225 3937089 
226 3937081 
227 3936637 
228 3936598 
229 3936582 
230 3935826 
231 3935497 
232 3935381 
233 3935220 
234 3935199 
235 3934961 
236 3934922 
237 3934857 
238 3933544 
239 3933538 
240 3933031 
241 3932982 
242 3932639 
243 3931736 
244 3926075 
245 3923618 
246 3922057 
247 3917262 
248 3917240 
249 3917191 
250 3916552 
251 3912600 
252 3912031 
253 3911992 
254 3911966 
255 3911953 
256 3911108 
257 3911101 
258 3910646 
259 3910646 
260 3909990 
261 3909977 
262 3909964 
263 3909558 
264 3909544 
265 3909528 
266 3909521 
267 3909516 
268 3909149 
269 3903760 
270 3903650 
271 3903208 
272 3900485 
273 3899686 
274 3899673 
275 3898386 
276 3898196 
277 3896051 
278 3894309 
279 3894015 
280 3892762 
281 3892509 
282 3892488 
283 3892268 
284 3887510 
285 3887246 
286 3885608 
287 3885602 
288 3885459 
289 3885407 
290 3885290 
291 3885288 
292 3884755 
293 3883981 
294 3882069 
295 3880236 
296 3873928 
297 3873668 
298 3873330 
299 3872771 
300 3872745 
301 3872732 
302 3872589 
303 3872260 
304 3872183 
305 3871650 
306 3871521 
307 3870891 
308 3869466 
309 3869466 
310 3868127 
311 3868023 
312 3865163 
313 3864747 
314 3864591 
315 3863903 
316 3861589 
317 3861121 
318 3861081 
319 3860679 
320 3859574 
321 3859574 
322 3858504 
323 3858374 
324 3858309 
325 3857874 
326 3857867 
327 3857867 
328 3857867 
329 3857867 
330 3857867 
331 3857490 
332 3856775 
333 3856747 
334 3856539 
335 3856518 
336 3856511 
337 3856469 
338 3855856 
339 3855496 
340 3853615 
341 3853604 
342 3853591 
343 3853591 
344 3853528 
345 3852766 
346 3852342 
347 3851710 
348 3851668 
349 3851225 
350 3850547 
351 3845405 
352 3845366 
353 3843819 
354 3843694 
355 3842952 
356 3842094 
357 3842073 
358 3840179 
359 3840014 
360 3839986 
361 3839274 
362 3838039 
363 3837012 
364 3836661 
365 3836661 
366 3836661 
367 3836661 
368 3835469 
369 3830815 
370 3829562 
371 3828881 
372 3828881 
373 3826868 
374 3826244 
375 3826244 
376 3826244 
377 3826036 
378 3826029 
379 3825850 
380 3825850 
381 3825649 
382 3825607 
383 3825586 
384 3825290 
385 3825117 
386 3825117 
387 3824991 
388 3824708 
389 3823877 
390 3823877 
391 3823513 
392 3823506 
393 3823459 
394 3823452 
395 3823442 
396 3823431 
397 3823417 
398 3823407 
399 3823407 
400 3823365 
401 3823365 
402 3823262 
403 3823083 
404 3822615 
405 3822556 
406 3822549 
407 3822528 
408 3822459 
409 3822452 
410 3822445 
411 3822424 
412 3822424 
413 3822355 
414 3822348 
415 3822320 
416 3822313 
417 3822313 
418 3822299 
419 3822299 
420 3822172 
421 3822172 
422 3822172 
423 3822172 
424 3822161 
425 3822161 
426 3822161 
427 3822161 
428 3822161 
429 3822161 
430 3822161 
431 3822154 
432 3822154 
433 3822154 
434 3822154 
435 3822147 
436 3822147 
437 3822147 
438 3822147 
439 3822140 
440 3822102 
441 3822102 
442 3822095 
443 3822095 
444 3822095 
445 3822095 
446 3822095 
447 3822095 
448 3822095 
449 3822095 
450 3822095 
451 3822095 
452 3822095 
453 3822088 
454 3822088 
455 3822088 
456 3822088 
457 3822088 
458 3822088 
459 3822088 
460 3822088 
461 3822088 
462 3822088 
463 3822088 
464 3822088 
465 3822088 
466 3822088 
467 3822088 
468 3822088 
469 3822088 
470 3822088 
471 3822088 
472 3822088 
473 3822088 
474 3822088 
475 3822088 
476 3822088 
477 3822088 
478 3822088 
479 3822088 
480 3822088 
481 3822088 
482 3822088 
483 3822088 
484 3822088 
485 3822088 
486 3822088 
487 3822088 
488 3822088 
489 3822088 
490 3822088 
491 3822088 
492 3822088 
493 3822088 
494 3822088 
495 3822088 
496 3822088 
497 3822088 
498 3822088 
499 3822088 
500 3822088 
501 3822088 
502 3822088 
503 3822088 
504 3822088 
505 3822088 
506 3822088 
507 3822088 
508 3822088 
509 3822088 
510 3822088 
511 3822088 
512 3822088 
513 3822088 
514 3822088 
515 3822088 
516 3822088 
517 3822088 
518 3822088 
519 3822088 
520 3822088 
521 3822088 
522 3822088 
523 3822088 
524 3822088 
525 3822088 
526 3822088 
527 3822088 
528 3822088 
529 3822088 
530 3822088 
531 3822088 
532 3822088 
533 3822088 
534 3822088 
535 3822088 
536 3822088 
537 3822088 
538 3822088 
539 3822088 
540 3822088 
541 3822088 
542 3822088 
543 3822088 
544 3822088 
545 3822088 
546 3822088 
547 3822088 
548 3822088 
549 3822088 
550 3822088 
551 3822088 
552 3822088 
553 3822088 
554 3822088 
555 3822088 
556 3822088 
557 3822088 
558 3822088 
559 3822088 
560 3822088 
561 3822088 
562 3822088 
563 3822088 
564 3822088 
565 3822088 
566 3822088 
567 3822088 
568 3822088 
569 3822088 
570 3822088 
571 3822088 
572 3822088 
573 3822088 
574 3822088 
575 3822088 
576 3822088 
577 3822088 
578 3822088 
579 3822088 
580 3822088 
581 3822088 
582 3822088 
583 3822088 
584 3822088 
585 3822088 
586 3822088 
587 3822088 
588 3822088 
589 3822088 
590 3822088 
591 3822088 
592 3822088 
593 3822088 
594 3822088 
595 3822088 
596 3822088 
597 3822088 
598 3822088 
599 3822088 
600 3822088 
601 3822088 
602 3822088 
603 3822088 
604 3822088 
605 3822088 
606 3822088 
607 3822088 
608 3822088 
609 3822088 
610 3822088 
611 3822088 
612 3822088 
613 3822088 
614 3822088 
615 3822088 
616 3822088 
617 3822088 
618 3822088 
619 3822088 
620 3822088 
621 3822088 
622 3822088 
623 3822088 
624 3822088 
625 3822088 
626 3822088 
627 3822088 
628 3822088 
629 3822088 
630 3822088 
631 3822088 
632 3822088 
633 3822088 
634 3822088 
635 3822088 
636 3822088 
637 3822088 
638 3822088 
639 3822088 
640 3822088 
641 3822088 
642 3822088 
643 3822088 
644 3822088 
645 3822088 
646 3822088 
647 3822088 
648 3822088 
649 3822088 
650 3822088 
651 3822088 
652 3822088 
653 3822088 
654 3822088 
655 3822088 
656 3822088 
657 3822088 
658 3822088 
659 3822088 
660 3822088 
661 3822088 
662 3822088 
663 3822088 
664 3822088 
665 3822088 
666 3822088 
667 3822088 
668 3822088 
669 3822088 
670 3822088 
671 3822088 
672 3822088 
673 3822088 
674 3822088 
675 3822088 
676 3822088 
677 3822088 
678 3822088 
679 3822088 
680 3822088 
681 3822088 
682 3822088 
683 3822088 
684 3822088 
685 3822088 
686 3822088 
687 3822088 
688 3822088 
689 3822088 
690 3822088 
691 3822088 
692 3822088 
693 3822088 
694 3822088 
695 3822088 
696 3822088 
697 3822088 
698 3822088 
699 3822088 
700 3822088 
701 3822088 
702 3822088 
703 3822088 
704 3822088 
705 3822088 
706 3822088 
707 3822088 
708 3822088 
709 3822088 
710 3822088 
711 3822088 
712 3822088 
713 3822088 
714 3822088 
715 3822088 
716 3822088 
717 3822088 
718 3822088 
719 3822088 
720 3822088 
721 3822088 
722 3822088 
723 3822088 
724 3822088 
725 3822088 
726 3822088 
727 3822088 
728 3822088 
729 3822088 
730 3822088 
731 3822088 
732 3822088 
733 3822088 
734 3822088 
735 3822088 
736 3822088 
737 3822088 
738 3822088 
739 3822088 
740 3822088 
741 3822088 
742 3822088 
743 3822088 
744 3822088 
745 3822088 
746 3822088 
747 3822088 
748 3822088 
749 3822088 
750 3822088 
751 3822088 
752 3822088 
753 3822088 
754 3822088 
755 3822088 
756 3822088 
757 3822088 
758 3822088 
759 3822088 
760 3822088 
761 3822088 
762 3822088 
763 3822088 
764 3822088 
765 3822088 
766 3822088 
767 3822088 
768 3822088 
769 3822088 
770 3822088 
771 3822088 
772 3822088 
773 3822088 
774 3822088 
775 3822088 
776 3822088 
777 3822088 
778 3822088 
779 3822088 
780 3822088 
781 3822088 
782 3822088 
783 3822088 
784 3822088 
785 3822088 
786 3822088 
787 3822088 
788 3822088 
789 3822088 
790 3822088 
791 3822088 
792 3822088 
793 3822088 
794 3822088 
795 3822088 
796 3822088 
797 3822088 
798 3822088 
799 3822088 
800 3822088 
801 3822088 
802 3822088 
803 3822088 
804 3822088 
805 3822088 
806 3822088 
807 3822088 
808 3822088 
809 3822088 
810 3822088 
811 3822088 
812 3822088 
813 3822088 
814 3822088 
815 3822088 
816 3822088 
817 3822088 
818 3822088 
819 3822088 
820 3822088 
821 3822088 
822 3822088 
823 3822088 
824 3822088 
825 3822088 
826 3822088 
827 3822088 
828 3822088 
829 3822088 
830 3822088 
831 3822088 
832 3822088 
833 3822088 
834 3822088 
835 3822088 
836 3822088 
837 3822088 
838 3822088 
839 3822088 
840 3822088 
841 3822088 
842 3822088 
843 3822088 
844 3822088 
845 3822088 
846 3822088 
847 3822088 
848 3822088 
849 3822088 
850 3822088 
851 3822088 
852 3822088 
853 3822088 
854 3822088 
855 3822088 
856 3822088 
857 3822088 
858 3822088 
859 3822088 
860 3822088 
861 3822088 
862 3822088 
863 3822088 
864 3822088 
865 3822088 
866 3822088 
867 3822088 
868 3822088 
869 3822088 
870 3822088 
871 3822088 
872 3822088 
873 3822088 
874 3822088 
875 3822088 
876 3822088 
877 3822088 
878 3822088 
879 3822088 
880 3822088 
881 3822088 
882 3822088 
883 3822088 
884 3822088 
885 3822088 
886 3822088 
887 3822088 
888 3822088 
889 3822088 
890 3822088 
891 3822088 
892 3822088 
893 3822088 
894 3822088 
895 3822088 
896 3822088 
897 3822088 
898 3822088 
899 3822088 
900 3822088 
901 3822088 
902 3822088 
903 3822088 
904 3822088 
905 3822088 
906 3822088 
907 3822088 
908 3822088 
909 3822088 
910 3822088 
911 3822088 
912 3822088 
913 3822088 
914 3822088 
915 3822088 
916 3822088 
917 3822088 
918 3822088 
919 3822088 
920 3822088 
921 3822088 
922 3822088 
923 3822088 
924 3822088 
925 3822088 
926 3822088 
927 3822088 
928 3822088 
929 3822088 
930 3822088 
931 3822088 
932 3822088 
933 3822088 
934 3822088 
935 3822088 
936 3822088 
937 3822088 
938 3822088 
939 3822088 
940 3822088 
941 3822088 
942 3822088 
943 3822088 
944 3822088 
945 3822088 
946 3822088 
947 3822088 
948 3822088 
949 3822088 
950 3822088 
951 3822088 
952 3822088 
953 3822088 
954 3822088 
955 3822088 
956 3822088 
957 3822088 
958 3822088 
959 3822088 
960 3822088 
961 3822088 
962 3822088 
963 3822088 
964 3822088 
965 3822088 
966 3822088 
967 3822088 
968 3822088 
969 3822088 
970 3822088 
971 3822088 
972 3822088 
973 3822088 
974 3822088 
975 3822088 
976 3822088 
977 3822088 
978 3822088 
979 3822088 
980 3822088 
981 3822088 
982 3822088 
983 3822088 
984 3822088 
985 3822088 
986 3822088 
987 3822088 
988 3822088 
989 3822088 
990 3822088 
991 3822088 
992 3822088 
993 3822088 
994 3822088 
995 3822088 
996 3822088 
997 3822088 
998 3822088 
999 3822088 
1000 3822088 
1001 3822088 
1002 3822088 
1003 3822088 
1004 3822088 
1005 3822088 
1006 3822088 
1007 3822088 
1008 3822088 
1009 3822088 
1010 3822088 
1011 3822088 
1012 3822088 
1013 3822088 
1014 3822088 
1015 3822088 
1016 3822088 
1017 3822088 
1018 3822088 
1019 3822088 
1020 3822088 
1021 3822088 
1022 3822088 
1023 3822088 
1024 3822088 
1025 3822088 
1026 3822088 
1027 3822088 
1028 3822088 
1029 3822088 
1030 3822088 
1031 3822088 
1032 3822088 
1033 3822088 
1034 3822088 
1035 3822088 
1036 3822088 
1037 3822088 
1038 3822088 
1039 3822088 
1040 3822088 
1041 3822088 
1042 3822088 
1043 3822088 
1044 3822088 
1045 3822088 
1046 3822088 
1047 3822088 
1048 3822088 
1049 3822088 
1050 3822088 
1051 3822088 
1052 3822088 
1053 3822088 
1054 3822088 
1055 3822088 
1056 3822088 
1057 3822088 
1058 3822088 
1059 3822088 
1060 3822088 
1061 3822088 
1062 3822088 
1063 3822088 
1064 3822088 
1065 3822088 
1066 3822088 
1067 3822088 
1068 3822088 
1069 3822088 
1070 3822088 
1071 3822088 
1072 3822088 
1073 3822088 
1074 3822088 
1075 3822088 
1076 3822088 
1077 3822088 
1078 3822088 
1079 3822088 
1080 3822088 
1081 3822088 
1082 3822088 
1083 3822088 
1084 3822088 
1085 3822088 
1086 3822088 
1087 3822088 
1088 3822088 
1089 3822088 
1090 3822088 
1091 3822088 
1092 3822088 
1093 3822088 
1094 3822088 
1095 3822088 
1096 3822088 
1097 3822088 
1098 3822088 
1099 3822088 
1100 3822088 
1101 3822088 
1102 3822088 
1103 3822088 
1104 3822088 
1105 3822088 
1106 3822088 
1107 3822088 
1108 3822088 
1109 3822088 
1110 3822088 
1111 3822088 
1112 3822088 
1113 3822088 
1114 3822088 
1115 3822088 
1116 3822088 
1117 3822088 
1118 3822088 
1119 3822088 
1120 3822088 
1121 3822088 
1122 3822088 
1123 3822088 
1124 3822088 
1125 3822088 
1126 3822088 
1127 3822088 
1128 3822088 
1129 3822088 
1130 3822088 
1131 3822088 
1132 3822088 
1133 3822088 
1134 3822088 
1135 3822088 
1136 3822088 
1137 3822088 
1138 3822088 
1139 3822088 
1140 3822088 
1141 3822088 
1142 3822088 
1143 3822088 
1144 3822088 
1145 3822088 
1146 3822088 
1147 3822088 
1148 3822088 
1149 3822088 
1150 3822088 
1151 3822088 
1152 3822088 
1153 3822088 
1154 3822088 
1155 3822088 
1156 3822088 
1157 3822088 
1158 3822088 
1159 3822088 
1160 3822088 
1161 3822088 
1162 3822088 
1163 3822088 
1164 3822088 
1165 3822088 
1166 3822088 
1167 3822088 
1168 3822088 
1169 3822088 
1170 3822088 
1171 3822088 
1172 3822088 
1173 3822088 
1174 3822088 
1175 3822088 
1176 3822088 
1177 3822088 
1178 3822088 
1179 3822088 
1180 3822088 
1181 3822088 
1182 3822088 
1183 3822088 
1184 3822088 
1185 3822088 
1186 3822088 
1187 3822088 
1188 3822088 
1189 3822088 
1190 3822088 
1191 3822088 
1192 3822088 
1193 3822088 
1194 3822088 
1195 3822088 
1196 3822088 
1197 3822088 
1198 3822088 
1199 3822088 
1200 3822088 
1201 3822088 
1202 3822088 
1203 3822088 
1204 3822088 
1205 3822088 
1206 3822088 
1207 3822088 
1208 3822088 
1209 3822088 
1210 3822088 
1211 3822088 
1212 3822088 
1213 3822088 
1214 3822088 
1215 3822088 
1216 3822088 
1217 3822088 
1218 3822088 
1219 3822088 
1220 3822088 
1221 3822088 
1222 3822088 
1223 3822088 
1224 3822088 
1225 3822088 
1226 3822088 
1227 3822088 
1228 3822088 
1229 3822088 
1230 3822088 
1231 3822088 
1232 3822088 
1233 3822088 
1234 3822088 
1235 3822088 
1236 3822088 
1237 3822088 
1238 3822088 
1239 3822088 
1240 3822088 
1241 3822088 
1242 3822088 
1243 3822088 
1244 3822088 
1245 3822088 
1246 3822088 
1247 3822088 
1248 3822088 
1249 3822088 
1250 3822088 
1251 3822088 
1252 3822088 
1253 3822088 
1254 3822088 
1255 3822088 
1256 3822088 
1257 3822088 
1258 3822088 
1259 3822088 
1260 3822088 
1261 3822088 
1262 3822088 
1263 3822088 
1264 3822088 
1265 3822088 
1266 3822088 
1267 3822088 
1268 3822088 
1269 3822088 
1270 3822088 
1271 3822088 
1272 3822088 
1273 3822088 
1274 3822088 
1275 3822088 
1276 3822088 
1277 3822088 
1278 3822088 
1279 3822088 
1280 3822088 
1281 3822088 
1282 3822088 
1283 3822088 
1284 3822088 
1285 3822088 
1286 3822088 
1287 3822088 
1288 3822088 
1289 3822088 
1290 3822088 
1291 3822088 
1292 3822088 
1293 3822088 
1294 3822088 
1295 3822088 
1296 3822088 
1297 3822088 
1298 3822088 
1299 3822088 
1300 3822088 
1301 3822088 
1302 3822088 
1303 3822088 
1304 3822088 
1305 3822088 
1306 3822088 
1307 3822088 
1308 3822088 
1309 3822088 
1310 3822088 
1311 3822088 
1312 3822088 
1313 3822088 
1314 3822088 
1315 3822088 
1316 3822088 
1317 3822088 
1318 3822088 
1319 3822088 
1320 3822088 
1321 3822088 
1322 3822088 
1323 3822088 
1324 3822088 
1325 3822088 
1326 3822088 
1327 3822088 
1328 3822088 
1329 3822088 
1330 3822088 
1331 3822088 
1332 3822088 
1333 3822088 
1334 3822088 
1335 3822088 
1336 3822088 
1337 3822088 
1338 3822088 
1339 3822088 
1340 3822088 
1341 3822088 
1342 3822088 
1343 3822088 
1344 3822088 
1345 3822088 
1346 3822088 
1347 3822088 
1348 3822088 
1349 3822088 
1350 3822088 
1351 3822088 
1352 3822088 
1353 3822088 
1354 3822088 
1355 3822088 
1356 3822088 
1357 3822088 
1358 3822088 
1359 3822088 
1360 3822088 
1361 3822088 
1362 3822088 
1363 3822088 
1364 3822088 
1365 3822088 
1366 3822088 
1367 3822088 
1368 3822088 
1369 3822088 
1370 3822088 
1371 3822088 
1372 3822088 
1373 3822088 
1374 3822088 
1375 3822088 
1376 3822088 
1377 3822088 
1378 3822088 
1379 3822088 
1380 3822088 
1381 3822088 
1382 3822088 
1383 3822088 
1384 3822088 
1385 3822088 
1386 3822088 
1387 3822088 
1388 3822088 
1389 3822088 
1390 3822088 
1391 3822088 
1392 3822088 
1393 3822088 
1394 3822088 
1395 3822088 
1396 3822088 
1397 3822088 
1398 3822088 
1399 3822088 
1400 3822088 
1401 3822088 
1402 3822088 
1403 3822088 
1404 3822088 
1405 3822088 
1406 3822088 
1407 3822088 
1408 3822088 
1409 3822088 
1410 3822088 
1411 3822088 
1412 3822088 
1413 3822088 
1414 3822088 
1415 3822088 
1416 3822088 
1417 3822088 
1418 3822088 
1419 3822088 
1420 3822088 
1421 3822088 
1422 3822088 
1423 3822088 
1424 3822088 
1425 3822088 
1426 3822088 
1427 3822088 
1428 3822088 
1429 3822088 
1430 3822088 
1431 3822088 
1432 3822088 
1433 3822088 
1434 3822088 
1435 3822088 
1436 3822088 
1437 3822088 
1438 3822088 
1439 3822088 
1440 3822088 
1441 3822088 
1442 3822088 
1443 3822088 
1444 3822088 
1445 3822088 
1446 3822088 
1447 3822088 
1448 3822088 
1449 3822088 
1450 3822088 
1451 3822088 
1452 3822088 
1453 3822088 
1454 3822088 
1455 3822088 
1456 3822088 
1457 3822088 
1458 3822088 
1459 3822088 
1460 3822088 
1461 3822088 
1462 3822088 
1463 3822088 
1464 3822088 
1465 3822088 
1466 3822088 
1467 3822088 
1468 3822088 
1469 3822088 
1470 3822088 
1471 3822088 
1472 3822088 
1473 3822088 
1474 3822088 
1475 3822088 
1476 3822088 
1477 3822088 
1478 3822088 
1479 3822088 
1480 3822088 
1481 3822088 
1482 3822088 
1483 3822088 
1484 3822088 
1485 3822088 
1486 3822088 
1487 3822088 
1488 3822088 
1489 3822088 
1490 3822088 
1491 3822088 
1492 3822088 
1493 3822088 
1494 3822088 
1495 3822088 
1496 3822088 
1497 3822088 
1498 3822088 
1499 3822088 
1500 3822088 
1501 3822088 
1502 3822088 
1503 3822088 
1504 3822088 
1505 3822088 
1506 3822088 
1507 3822088 
1508 3822088 
1509 3822088 
1510 3822088 
1511 3822088 
1512 3822088 
1513 3822088 
1514 3822088 
1515 3822088 
1516 3822088 
1517 3822088 
1518 3822088 
1519 3822088 
1520 3822088 
1521 3822088 
1522 3822088 
1523 3822088 
1524 3822088 
1525 3822088 
1526 3822088 
1527 3822088 
1528 3822088 
1529 3822088 
1530 3822088 
1531 3822088 
1532 3822088 
1533 3822088 
1534 3822088 
1535 3822088 
1536 3822088 
1537 3822088 
1538 3822088 
1539 3822088 
1540 3822088 
1541 3822088 
1542 3822088 
1543 3822088 
1544 3822088 
1545 3822088 
1546 3822088 
1547 3822088 
1548 3822088 
1549 3822088 
1550 3822088 
1551 3822088 
1552 3822088 
1553 3822088 
1554 3822088 
1555 3822088 
1556 3822088 
1557 3822088 
1558 3822088 
1559 3822088 
1560 3822088 
1561 3822088 
1562 3822088 
1563 3822088 
1564 3822088 
1565 3822088 
1566 3822088 
1567 3822088 
1568 3822088 
1569 3822088 
1570 3822088 
1571 3822088 
1572 3822088 
1573 3822088 
1574 3822088 
1575 3822088 
1576 3822088 
1577 3822088 
1578 3822088 
1579 3822088 
1580 3822088 
1581 3822088 
1582 3822088 
1583 3822088 
1584 3822088 
1585 3822088 
1586 3822088 
1587 3822088 
1588 3822088 
1589 3822088 
1590 3822088 
1591 3822088 
1592 3822088 
1593 3822088 
1594 3822088 
1595 3822088 
1596 3822088 
1597 3822088 
1598 3822088 
1599 3822088 
1600 3822088 
1601 3822088 
1602 3822088 
1603 3822088 
1604 3822088 
1605 3822088 
1606 3822088 
1607 3822088 
1608 3822088 
1609 3822088 
1610 3822088 
1611 3822088 
1612 3822088 
1613 3822088 
1614 3822088 
1615 3822088 
1616 3822088 
1617 3822088 
1618 3822088 
1619 3822088 
1620 3822088 
1621 3822088 
1622 3822088 
1623 3822088 
1624 3822088 
1625 3822088 
1626 3822088 
1627 3822088 
1628 3822088 
1629 3822088 
1630 3822088 
1631 3822088 
1632 3822088 
1633 3822088 
1634 3822088 
1635 3822088 
1636 3822088 
1637 3822088 
1638 3822088 
1639 3822088 
1640 3822088 
1641 3822088 
1642 3822088 
1643 3822088 
1644 3822088 
1645 3822088 
1646 3822088 
1647 3822088 
1648 3822088 
1649 3822088 
1650 3822088 
1651 3822088 
1652 3822088 
1653 3822088 
1654 3822088 
1655 3822088 
1656 3822088 
1657 3822088 
1658 3822088 
1659 3822088 
1660 3822088 
1661 3822088 
1662 3822088 
1663 3822088 
1664 3822088 
1665 3822088 
1666 3822088 
1667 3822088 
1668 3822088 
1669 3822088 
1670 3822088 
1671 3822088 
1672 3822088 
1673 3822088 
1674 3822088 
1675 3822088 
1676 3822088 
1677 3822088 
1678 3822088 
1679 3822088 
1680 3822088 
1681 3822088 
1682 3822088 
1683 3822088 
1684 3822088 
1685 3822088 
1686 3822088 
1687 3822088 
1688 3822088 
1689 3822088 
1690 3822088 
1691 3822088 
1692 3822088 
1693 3822088 
1694 3822088 
1695 3822088 
1696 3822088 
1697 3822088 
1698 3822088 
1699 3822088 
1700 3822088 
1701 3822088 
1702 3822088 
1703 3822088 
1704 3822088 
1705 3822088 
1706 3822088 
1707 3822088 
1708 3822088 
1709 3822088 
1710 3822088 
1711 3822088 
1712 3822088 
1713 3822088 
1714 3822088 
1715 3822088 
1716 3822088 
1717 3822088 
1718 3822088 
1719 3822088 
1720 3822088 
1721 3822088 
1722 3822088 
1723 3822088 
1724 3822088 
1725 3822088 
1726 3822088 
1727 3822088 
1728 3822088 
1729 3822088 
1730 3822088 
1731 3822088 
1732 3822088 
1733 3822088 
1734 3822088 
1735 3822088 
1736 3822088 
1737 3822088 
1738 3822088 
1739 3822088 
1740 3822088 
1741 3822088 
1742 3822088 
1743 3822088 
1744 3822088 
1745 3822088 
1746 3822088 
1747 3822088 
1748 3822088 
1749 3822088 
1750 3822088 
1751 3822088 
1752 3822088 
1753 3822088 
1754 3822088 
1755 3822088 
1756 3822088 
1757 3822088 
1758 3822088 
1759 3822088 
1760 3822088 
1761 3822088 
1762 3822088 
1763 3822088 
1764 3822088 
1765 3822088 
1766 3822088 
1767 3822088 
1768 3822088 
1769 3822088 
1770 3822088 
1771 3822088 
1772 3822088 
1773 3822088 
1774 3822088 
1775 3822088 
1776 3822088 
1777 3822088 
1778 3822088 
1779 3822088 
1780 3822088 
1781 3822088 
1782 3822088 
1783 3822088 
1784 3822088 
1785 3822088 
1786 3822088 
1787 3822088 
1788 3822088 
1789 3822088 
1790 3822088 
1791 3822088 
1792 3822088 
1793 3822088 
1794 3822088 
1795 3822088 
1796 3822088 
1797 3822088 
1798 3822088 
1799 3822088 
1800 3822088 
1801 3822088 
1802 3822088 
1803 3822088 
1804 3822088 
1805 3822088 
1806 3822088 
1807 3822088 
1808 3822088 
1809 3822088 
1810 3822088 
1811 3822088 
1812 3822088 
1813 3822088 
1814 3822088 
1815 3822088 
1816 3822088 
1817 3822088 
1818 3822088 
1819 3822088 
1820 3822088 
1821 3822088 
1822 3822088 
1823 3822088 
1824 3822088 
1825 3822088 
1826 3822088 
1827 3822088 
1828 3822088 
1829 3822088 
1830 3822088 
1831 3822088 
1832 3822088 
1833 3822088 
1834 3822088 
1835 3822088 
1836 3822088 
1837 3822088 
1838 3822088 
1839 3822088 
1840 3822088 
1841 3822088 
1842 3822088 
1843 3822088 
1844 3822088 
1845 3822088 
1846 3822088 
1847 3822088 
1848 3822088 
1849 3822088 
1850 3822088 
1851 3822088 
1852 3822088 
1853 3822088 
1854 3822088 
1855 3822088 
1856 3822088 
1857 3822088 
1858 3822088 
1859 3822088 
1860 3822088 
1861 3822088 
1862 3822088 
1863 3822088 
1864 3822088 
1865 3822088 
1866 3822088 
1867 3822088 
1868 3822088 
1869 3822088 
1870 3822088 
1871 3822088 
1872 3822088 
1873 3822088 
1874 3822088 
1875 3822088 
1876 3822088 
1877 3822088 
1878 3822088 
1879 3822088 
1880 3822088 
1881 3822088 
1882 3822088 
1883 3822088 
1884 3822088 
1885 3822088 
1886 3822088 
1887 3822088 
1888 3822088 
1889 3822088 
1890 3822088 
1891 3822088 
1892 3822088 
1893 3822088 
1894 3822088 
1895 3822088 
1896 3822088 
1897 3822088 
1898 3822088 
1899 3822088 
1900 3822088 
1901 3822088 
1902 3822088 
1903 3822088 
1904 3822088 
1905 3822088 
1906 3822088 
1907 3822088 
1908 3822088 
1909 3822088 
1910 3822088 
1911 3822088 
1912 3822088 
1913 3822088 
1914 3822088 
1915 3822088 
1916 3822088 
1917 3822088 
1918 3822088 
1919 3822088 
1920 3822088 
1921 3822088 
1922 3822088 
1923 3822088 
1924 3822088 
1925 3822088 
1926 3822088 
1927 3822088 
1928 3822088 
1929 3822088 
1930 3822088 
1931 3822088 
1932 3822088 
1933 3822088 
1934 3822088 
1935 3822088 
1936 3822088 
1937 3822088 
1938 3822088 
1939 3822088 
1940 3822088 
1941 3822088 
1942 3822088 
1943 3822088 
1944 3822088 
1945 3822088 
1946 3822088 
1947 3822088 
1948 3822088 
1949 3822088 
1950 3822088 
1951 3822088 
1952 3822088 
1953 3822088 
1954 3822088 
1955 3822088 
1956 3822088 
1957 3822088 
1958 3822088 
1959 3822088 
1960 3822088 
1961 3822088 
1962 3822088 
1963 3822088 
1964 3822088 
1965 3822088 
1966 3822088 
1967 3822088 
1968 3822088 
1969 3822088 
1970 3822088 
1971 3822088 
1972 3822088 
1973 3822088 
1974 3822088 
1975 3822088 
1976 3822088 
1977 3822088 
1978 3822088 
1979 3822088 
1980 3822088 
1981 3822088 
1982 3822088 
1983 3822088 
1984 3822088 
1985 3822088 
1986 3822088 
1987 3822088 
1988 3822088 
1989 3822088 
1990 3822088 
1991 3822088 
1992 3822088 
1993 3822088 
1994 3822088 
1995 3822088 
1996 3822088 
1997 3822088 
1998 3822088 
1999 3822088 
2000 3822088 
2001 3822088 
2002 3822088 
2003 3822088 
2004 3822088 
2005 3822088 
2006 3822088 
2007 3822088 
2008 3822088 
2009 3822088 
2010 3822088 
2011 3822088 
2012 3822088 
2013 3822088 
2014 3822088 
2015 3822088 
2016 3822088 
2017 3822088 
2018 3822088 
2019 3822088 
2020 3822088 
2021 3822088 
2022 3822088 
2023 3822088 
2024 3822088 
2025 3822088 
2026 3822088 
2027 3822088 
2028 3822088 
2029 3822088 
2030 3822088 
2031 3822088 
2032 3822088 
2033 3822088 
2034 3822088 
2035 3822088 
2036 3822088 
2037 3822088 
2038 3822088 
2039 3822088 
2040 3822088 
2041 3822088 
2042 3822088 
2043 3822088 
2044 3822088 
2045 3822088 
2046 3822088 
2047 3822088 
2048 3822088 
2049 3822088 
2050 3822088 
2051 3822088 
2052 3822088 
2053 3822088 
2054 3822088 
2055 3822088 
2056 3822088 
2057 3822088 
2058 3822088 
2059 3822088 
2060 3822088 
2061 3822088 
2062 3822088 
2063 3822088 
2064 3822088 
2065 3822088 
2066 3822088 
2067 3822088 
2068 3822088 
2069 3822088 
2070 3822088 
2071 3822088 
2072 3822088 
2073 3822088 
2074 3822088 
2075 3822088 
2076 3822088 
2077 3822088 
2078 3822088 
2079 3822088 
2080 3822088 
2081 3822088 
2082 3822088 
2083 3822088 
2084 3822088 
2085 3822088 
2086 3822088 
2087 3822088 
2088 3822088 
2089 3822088 
2090 3822088 
2091 3822088 
2092 3822088 
2093 3822088 
2094 3822088 
2095 3822088 
2096 3822088 
2097 3822088 
2098 3822088 
2099 3822088 
2100 3822088 
2101 3822088 
2102 3822088 
2103 3822088 
2104 3822088 
2105 3822088 
2106 3822088 
2107 3822088 
2108 3822088 
2109 3822088 
2110 3822088 
2111 3822088 
2112 3822088 
2113 3822088 
2114 3822088 
2115 3822088 
2116 3822088 
2117 3822088 
2118 3822088 
2119 3822088 
2120 3822088 
2121 3822088 
2122 3822088 
2123 3822088 
2124 3822088 
2125 3822088 
2126 3822088 
2127 3822088 
2128 3822088 
2129 3822088 
2130 3822088 
2131 3822088 
2132 3822088 
2133 3822088 
2134 3822088 
2135 3822088 
2136 3822088 
2137 3822088 
2138 3822088 
2139 3822088 
2140 3822088 
2141 3822088 
2142 3822088 
2143 3822088 
2144 3822088 
2145 3822088 
2146 3822088 
2147 3822088 
2148 3822088 
2149 3822088 
2150 3822088 
2151 3822088 
2152 3822088 
2153 3822088 
2154 3822088 
2155 3822088 
2156 3822088 
2157 3822088 
2158 3822088 
2159 3822088 
2160 3822088 
2161 3822088 
2162 3822088 
2163 3822088 
2164 3822088 
2165 3822088 
2166 3822088 
2167 3822088 
2168 3822088 
2169 3822088 
2170 3822088 
2171 3822088 
2172 3822088 
2173 3822088 
2174 3822088 
2175 3822088 
2176 3822088 
2177 3822088 
2178 3822088 
2179 3822088 
2180 3822088 
2181 3822088 
2182 3822088 
2183 3822088 
2184 3822088 
2185 3822088 
2186 3822088 
2187 3822088 
2188 3822088 
2189 3822088 
2190 3822088 
2191 3822088 
2192 3822088 
2193 3822088 
2194 3822088 
2195 3822088 
2196 3822088 
2197 3822088 
2198 3822088 
2199 3822088 
2200 3822088 
2201 3822088 
2202 3822088 
2203 3822088 
2204 3822088 
2205 3822088 
2206 3822088 
2207 3822088 
2208 3822088 
2209 3822088 
2210 3822088 
2211 3822088 
2212 3822088 
2213 3822088 
2214 3822088 
2215 3822088 
2216 3822088 
2217 3822088 
2218 3822088 
2219 3822088 
2220 3822088 
2221 3822088 
2222 3822088 
2223 3822088 
2224 3822088 
2225 3822088 
2226 3822088 
2227 3822088 
2228 3822088 
2229 3822088 
2230 3822088 
2231 3822088 
2232 3822088 
2233 3822088 
2234 3822088 
2235 3822088 
2236 3822088 
2237 3822088 
2238 3822088 
2239 3822088 
2240 3822088 
2241 3822088 
2242 3822088 
2243 3822088 
2244 3822088 
2245 3822088 
2246 3822088 
2247 3822088 
2248 3822088 
2249 3822088 
2250 3822088 
2251 3822088 
2252 3822088 
2253 3822088 
2254 3822088 
2255 3822088 
2256 3822088 
2257 3822088 
2258 3822088 
2259 3822088 
2260 3822088 
2261 3822088 
2262 3822088 
2263 3822088 
2264 3822088 
2265 3822088 
2266 3822088 
2267 3822088 
2268 3822088 
2269 3822088 
2270 3822088 
2271 3822088 
2272 3822088 
2273 3822088 
2274 3822088 
2275 3822088 
2276 3822088 
2277 3822088 
2278 3822088 
2279 3822088 
2280 3822088 
2281 3822088 
2282 3822088 
2283 3822088 
2284 3822088 
2285 3822088 
2286 3822088 
2287 3822088 
2288 3822088 
2289 3822088 
2290 3822088 
2291 3822088 
2292 3822088 
2293 3822088 
2294 3822088 
2295 3822088 
2296 3822088 
2297 3822088 
2298 3822088 
2299 3822088 
2300 3822088 
2301 3822088 
2302 3822088 
2303 3822088 
2304 3822088 
2305 3822088 
2306 3822088 
2307 3822088 
2308 3822088 
2309 3822088 
2310 3822088 
2311 3822088 
2312 3822088 
2313 3822088 
2314 3822088 
2315 3822088 
2316 3822088 
2317 3822088 
2318 3822088 
2319 3822088 
2320 3822088 
2321 3822088 
2322 3822088 
2323 3822088 
2324 3822088 
2325 3822088 
2326 3822088 
2327 3822088 
2328 3822088 
2329 3822088 
2330 3822088 
2331 3822088 
2332 3822088 
2333 3822088 
2334 3822088 
2335 3822088 
2336 3822088 
2337 3822088 
2338 3822088 
2339 3822088 
2340 3822088 
2341 3822088 
2342 3822088 
2343 3822088 
2344 3822088 
2345 3822088 
2346 3822088 
2347 3822088 
2348 3822088 
2349 3822088 
2350 3822088 
2351 3822088 
2352 3822088 
2353 3822088 
2354 3822088 
2355 3822088 
2356 3822088 
2357 3822088 
2358 3822088 
2359 3822088 
2360 3822088 
2361 3822088 
2362 3822088 
2363 3822088 
2364 3822088 
2365 3822088 
2366 3822088 
2367 3822088 
2368 3822088 
2369 3822088 
2370 3822088 
2371 3822088 
2372 3822088 
2373 3822088 
2374 3822088 
2375 3822088 
2376 3822088 
2377 3822088 
2378 3822088 
2379 3822088 
2380 3822088 
2381 3822088 
2382 3822088 
2383 3822088 
2384 3822088 
2385 3822088 
2386 3822088 
2387 3822088 
2388 3822088 
2389 3822088 
2390 3822088 
2391 3822088 
2392 3822088 
2393 3822088 
2394 3822088 
2395 3822088 
2396 3822088 
2397 3822088 
2398 3822088 
2399 3822088 
2400 3822088 
2401 3822088 
2402 3822088 
2403 3822088 
2404 3822088 
2405 3822088 
2406 3822088 
2407 3822088 
2408 3822088 
2409 3822088 
2410 3822088 
2411 3822088 
2412 3822088 
2413 3822088 
2414 3822088 
2415 3822088 
2416 3822088 
2417 3822088 
2418 3822088 
2419 3822088 
2420 3822088 
2421 3822088 
2422 3822088 
2423 3822088 
2424 3822088 
2425 3822088 
2426 3822088 
2427 3822088 
2428 3822088 
2429 3822088 
2430 3822088 
2431 3822088 
2432 3822088 
2433 3822088 
2434 3822088 
2435 3822088 
2436 3822088 
2437 3822088 
2438 3822088 
2439 3822088 
2440 3822088 
2441 3822088 
2442 3822088 
2443 3822088 
2444 3822088 
2445 3822088 
2446 3822088 
2447 3822088 
2448 3822088 
2449 3822088 
2450 3822088 
2451 3822088 
2452 3822088 
2453 3822088 
2454 3822088 
2455 3822088 
2456 3822088 
2457 3822088 
2458 3822088 
2459 3822088 
2460 3822088 
2461 3822088 
2462 3822088 
2463 3822088 
2464 3822088 
2465 3822088 
2466 3822088 
2467 3822088 
2468 3822088 
2469 3822088 
2470 3822088 
2471 3822088 
2472 3822088 
2473 3822088 
2474 3822088 
2475 3822088 
2476 3822088 
2477 3822088 
2478 3822088 
2479 3822088 
2480 3822088 
2481 3822088 
2482 3822088 
2483 3822088 
2484 3822088 
2485 3822088 
2486 3822088 
2487 3822088 
2488 3822088 
2489 3822088 
2490 3822088 
2491 3822088 
2492 3822088 
2493 3822088 
2494 3822088 
2495 3822088 
2496 3822088 
2497 3822088 
2498 3822088 
2499 3822088 
2500 3822088 
2501 3822088 
2502 3822088 
2503 3822088 
2504 3822088 
2505 3822088 
2506 3822088 
2507 3822088 
2508 3822088 
2509 3822088 
2510 3822088 
2511 3822088 
2512 3822088 
2513 3822088 
2514 3822088 
2515 3822088 
2516 3822088 
2517 3822088 
2518 3822088 
2519 3822088 
2520 3822088 
2521 3822088 
2522 3822088 
2523 3822088 
2524 3822088 
2525 3822088 
2526 3822088 
2527 3822088 
2528 3822088 
2529 3822088 
2530 3822088 
2531 3822088 
2532 3822088 
2533 3822088 
2534 3822088 
2535 3822088 
2536 3822088 
2537 3822088 
2538 3822088 
2539 3822088 
2540 3822088 
2541 3822088 
2542 3822088 
2543 3822088 
2544 3822088 
2545 3822088 
2546 3822088 
2547 3822088 
2548 3822088 
2549 3822088 
2550 3822088 
2551 3822088 
2552 3822088 
2553 3822088 
2554 3822088 
2555 3822088 
2556 3822088 
2557 3822088 
2558 3822088 
2559 3822088 
2560 3822088 
2561 3822088 
2562 3822088 
2563 3822088 
2564 3822088 
2565 3822088 
2566 3822088 
2567 3822088 
2568 3822088 
2569 3822088 
2570 3822088 
2571 3822088 
2572 3822088 
2573 3822088 
2574 3822088 
2575 3822088 
2576 3822088 
2577 3822088 
2578 3822088 
2579 3822088 
2580 3822088 
2581 3822088 
2582 3822088 
2583 3822088 
2584 3822088 
2585 3822088 
2586 3822088 
2587 3822088 
2588 3822088 
2589 3822088 
2590 3822088 
2591 3822088 
2592 3822088 
2593 3822088 
2594 3822088 
2595 3822088 
2596 3822088 
2597 3822088 
2598 3822088 
2599 3822088 
2600 3822088 
2601 3822088 
2602 3822088 
2603 3822088 
2604 3822088 
2605 3822088 
2606 3822088 
2607 3822088 
2608 3822088 
2609 3822088 
2610 3822088 
2611 3822088 
2612 3822088 
2613 3822088 
2614 3822088 
2615 3822088 
2616 3822088 
2617 3822088 
2618 3822088 
2619 3822088 
2620 3822088 
2621 3822088 
2622 3822088 
2623 3822088 
2624 3822088 
2625 3822088 
2626 3822088 
2627 3822088 
2628 3822088 
2629 3822088 
2630 3822088 
2631 3822088 
2632 3822088 
2633 3822088 
2634 3822088 
2635 3822088 
2636 3822088 
2637 3822088 
2638 3822088 
2639 3822088 
2640 3822088 
2641 3822088 
2642 3822088 
2643 3822088 
2644 3822088 
2645 3822088 
2646 3822088 
2647 3822088 
2648 3822088 
2649 3822088 
2650 3822088 
2651 3822088 
2652 3822088 
2653 3822088 
2654 3822088 
2655 3822088 
2656 3822088 
2657 3822088 
2658 3822088 
2659 3822088 
2660 3822088 
2661 3822088 
2662 3822088 
2663 3822088 
2664 3822088 
2665 3822088 
2666 3822088 
2667 3822088 
2668 3822088 
2669 3822088 
2670 3822088 
2671 3822088 
2672 3822088 
2673 3822088 
2674 3822088 
2675 3822088 
2676 3822088 
2677 3822088 
2678 3822088 
2679 3822088 
2680 3822088 
2681 3822088 
2682 3822088 
2683 3822088 
2684 3822088 
2685 3822088 
2686 3822088 
2687 3822088 
2688 3822088 
2689 3822088 
2690 3822088 
2691 3822088 
2692 3822088 
2693 3822088 
2694 3822088 
2695 3822088 
2696 3822088 
2697 3822088 
2698 3822088 
2699 3822088 
2700 3822088 
2701 3822088 
2702 3822088 
2703 3822088 
2704 3822088 
2705 3822088 
2706 3822088 
2707 3822088 
2708 3822088 
2709 3822088 
2710 3822088 
2711 3822088 
2712 3822088 
2713 3822088 
2714 3822088 
2715 3822088 
2716 3822088 
2717 3822088 
2718 3822088 
2719 3822088 
2720 3822088 
2721 3822088 
2722 3822088 
2723 3822088 
2724 3822088 
2725 3822088 
2726 3822088 
2727 3822088 
2728 3822088 
2729 3822088 
2730 3822088 
2731 3822088 
2732 3822088 
2733 3822088 
2734 3822088 
2735 3822088 
2736 3822088 
2737 3822088 
2738 3822088 
2739 3822088 
2740 3822088 
2741 3822088 
2742 3822088 
2743 3822088 
2744 3822088 
2745 3822088 
2746 3822088 
2747 3822088 
2748 3822088 
2749 3822088 
2750 3822088 
2751 3822088 
2752 3822088 
2753 3822088 
2754 3822088 
2755 3822088 
2756 3822088 
2757 3822088 
2758 3822088 
2759 3822088 
2760 3822088 
2761 3822088 
2762 3822088 
2763 3822088 
2764 3822088 
2765 3822088 
2766 3822088 
2767 3822088 
2768 3822088 
2769 3822088 
2770 3822088 
2771 3822088 
2772 3822088 
2773 3822088 
2774 3822088 
2775 3822088 
2776 3822088 
2777 3822088 
2778 3822088 
2779 3822088 
2780 3822088 
2781 3822088 
2782 3822088 
2783 3822088 
2784 3822088 
2785 3822088 
2786 3822088 
2787 3822088 
2788 3822088 
2789 3822088 
2790 3822088 
2791 3822088 
2792 3822088 
2793 3822088 
2794 3822088 
2795 3822088 
2796 3822088 
2797 3822088 
2798 3822088 
2799 3822088 
2800 3822088 
2801 3822088 
2802 3822088 
2803 3822088 
2804 3822088 
2805 3822088 
2806 3822088 
2807 3822088 
2808 3822088 
2809 3822088 
2810 3822088 
2811 3822088 
2812 3822088 
2813 3822088 
2814 3822088 
2815 3822088 
2816 3822088 
2817 3822088 
2818 3822088 
2819 3822088 
2820 3822088 
2821 3822088 
2822 3822088 
2823 3822088 
2824 3822088 
2825 3822088 
2826 3822088 
2827 3822088 
2828 3822088 
2829 3822088 
2830 3822088 
2831 3822088 
2832 3822088 
2833 3822088 
2834 3822088 
2835 3822088 
2836 3822088 
2837 3822088 
2838 3822088 
2839 3822088 
2840 3822088 
2841 3822088 
2842 3822088 
2843 3822088 
2844 3822088 
2845 3822088 
2846 3822088 
2847 3822088 
2848 3822088 
2849 3822088 
2850 3822088 
2851 3822088 
2852 3822088 
2853 3822088 
2854 3822088 
2855 3822088 
2856 3822088 
2857 3822088 
2858 3822088 
2859 3822088 
2860 3822088 
2861 3822088 
2862 3822088 
2863 3822088 
2864 3822088 
2865 3822088 
2866 3822088 
2867 3822088 
2868 3822088 
2869 3822088 
2870 3822088 
2871 3822088 
2872 3822088 
2873 3822088 
2874 3822088 
2875 3822088 
2876 3822088 
2877 3822088 
2878 3822088 
2879 3822088 
2880 3822088 
2881 3822088 
2882 3822088 
2883 3822088 
2884 3822088 
2885 3822088 
2886 3822088 
2887 3822088 
2888 3822088 
2889 3822088 
2890 3822088 
2891 3822088 
2892 3822088 
2893 3822088 
2894 3822088 
2895 3822088 
2896 3822088 
2897 3822088 
2898 3822088 
2899 3822088 
2900 3822088 
2901 3822088 
2902 3822088 
2903 3822088 
2904 3822088 
2905 3822088 
2906 3822088 
2907 3822088 
2908 3822088 
2909 3822088 
2910 3822088 
2911 3822088 
2912 3822088 
2913 3822088 
2914 3822088 
2915 3822088 
2916 3822088 
2917 3822088 
2918 3822088 
2919 3822088 
2920 3822088 
2921 3822088 
2922 3822088 
2923 3822088 
2924 3822088 
2925 3822088 
2926 3822088 
2927 3822088 
2928 3822088 
2929 3822088 
2930 3822088 
2931 3822088 
2932 3822088 
2933 3822088 
2934 3822088 
2935 3822088 
2936 3822088 
2937 3822088 
2938 3822088 
2939 3822088 
2940 3822088 
2941 3822088 
2942 3822088 
2943 3822088 
2944 3822088 
2945 3822088 
2946 3822088 
2947 3822088 
2948 3822088 
2949 3822088 
2950 3822088 
2951 3822088 
2952 3822088 
2953 3822088 
2954 3822088 
2955 3822088 
2956 3822088 
2957 3822088 
2958 3822088 
2959 3822088 
2960 3822088 
2961 3822088 
2962 3822088 
2963 3822088 
2964 3822088 
2965 3822088 
2966 3822088 
2967 3822088 
2968 3822088 
2969 3822088 
2970 3822088 
2971 3822088 
2972 3822088 
2973 3822088 
2974 3822088 
2975 3822088 
2976 3822088 
2977 3822088 
2978 3822088 
2979 3822088 
2980 3822088 
2981 3822088 
2982 3822088 
2983 3822088 
2984 3822088 
2985 3822088 
2986 3822088 
2987 3822088 
2988 3822088 
2989 3822088 
2990 3822088 
2991 3822088 
2992 3822088 
2993 3822088 
2994 3822088 
2995 3822088 
2996 3822088 
2997 3822088 
2998 3822088 
2999 3822088 
3000 3822088 
3001 3822088 
3002 3822088 
3003 3822088 
3004 3822088 
3005 3822088 
3006 3822088 
3007 3822088 
3008 3822088 
3009 3822088 
3010 3822088 
3011 3822088 
3012 3822088 
3013 3822088 
3014 3822088 
3015 3822088 
3016 3822088 
3017 3822088 
3018 3822088 
3019 3822088 
3020 3822088 
3021 3822088 
3022 3822088 
3023 3822088 
3024 3822088 
3025 3822088 
3026 3822088 
3027 3822088 
3028 3822088 
3029 3822088 
3030 3822088 
3031 3822088 
3032 3822088 
3033 3822088 
3034 3822088 
3035 3822088 
3036 3822088 
3037 3822088 
3038 3822088 
3039 3822088 
3040 3822088 
3041 3822088 
3042 3822088 
3043 3822088 
3044 3822088 
3045 3822088 
3046 3822088 
3047 3822088 
3048 3822088 
3049 3822088 
3050 3822088 
3051 3822088 
3052 3822088 
3053 3822088 

