0 6007907 
1 5964516 
2 5955865 
3 5949400 
4 5945917 
5 5943545 
6 5936725 
7 5936152 
8 5935087 
9 5933567 
10 5933083 
11 5931534 
12 5928315 
13 5911972 
14 5911727 
15 5901062 
16 5899479 
17 5890379 
18 5887890 
19 5885262 
20 5885142 
21 5883118 
22 5881280 
23 5881199 
24 5876299 
25 5876249 
26 5874518 
27 5872894 
28 5872739 
29 5871600 
30 5871589 
31 5871517 
32 5870983 
33 5868922 
34 5862368 
35 5854035 
36 5848573 
37 5848562 
38 5847616 
39 5843250 
40 5842483 
41 5835700 
42 5822132 
43 5812297 
44 5812007 
45 5810159 
46 5809717 
47 5809702 
48 5809484 
49 5807239 
50 5807233 
51 5807161 
52 5806097 
53 5806097 
54 5805952 
55 5799525 
56 5798065 
57 5798016 
58 5784468 
59 5781839 
60 5781556 
61 5781189 
62 5781189 
63 5781166 
64 5781089 
65 5781012 
66 5780896 
67 5780883 
68 5780770 
69 5780759 
70 5778381 
71 5776433 
72 5774801 
73 5773351 
74 5769731 
75 5769711 
76 5769371 
77 5768949 
78 5768936 
79 5768909 
80 5768453 
81 5767950 
82 5767925 
83 5767188 
84 5767188 
85 5759838 
86 5759518 
87 5758442 
88 5753293 
89 5752984 
90 5752158 
91 5750189 
92 5750136 
93 5740574 
94 5740573 
95 5740269 
96 5738916 
97 5738896 
98 5737899 
99 5737800 
100 5737730 
101 5737684 
102 5737585 
103 5737108 
104 5736162 
105 5736115 
106 5735983 
107 5735920 
108 5734375 
109 5734259 
110 5734160 
111 5734016 
112 5733966 
113 5720283 
114 5720077 
115 5717099 
116 5717040 
117 5716920 
118 5705293 
119 5705265 
120 5704965 
121 5704875 
122 5704843 
123 5704838 
124 5703839 
125 5703391 
126 5702205 
127 5700297 
128 5699675 
129 5698873 
130 5697391 
131 5697111 
132 5695974 
133 5692512 
134 5690347 
135 5690166 
136 5689905 
137 5688845 
138 5668776 
139 5667490 
140 5666746 
141 5663790 
142 5663478 
143 5662701 
144 5661505 
145 5661459 
146 5661459 
147 5658944 
148 5651615 
149 5650816 
150 5650816 
151 5650794 
152 5650770 
153 5650628 
154 5650223 
155 5650185 
156 5650117 
157 5650025 
158 5644405 
159 5639201 
160 5639184 
161 5636881 
162 5636454 
163 5636353 
164 5636136 
165 5635056 
166 5634927 
167 5634334 
168 5634143 
169 5633763 
170 5632784 
171 5632427 
172 5629946 
173 5629704 
174 5629195 
175 5628523 
176 5625415 
177 5622163 
178 5621477 
179 5620600 
180 5616465 
181 5615525 
182 5615525 
183 5613744 
184 5612306 
185 5612258 
186 5612232 
187 5611961 
188 5611932 
189 5609433 
190 5608661 
191 5608655 
192 5608347 
193 5608290 
194 5607991 
195 5607522 
196 5607478 
197 5607453 
198 5607444 
199 5606861 
200 5606832 
201 5605869 
202 5605582 
203 5605556 
204 5605518 
205 5605484 
206 5605312 
207 5605293 
208 5605286 
209 5605286 
210 5604389 
211 5603951 
212 5603932 
213 5601961 
214 5599999 
215 5599571 
216 5597815 
217 5597588 
218 5597514 
219 5597488 
220 5597195 
221 5595942 
222 5595930 
223 5595255 
224 5594975 
225 5594199 
226 5594173 
227 5593467 
228 5581770 
229 5580753 
230 5580655 
231 5580621 
232 5580528 
233 5578912 
234 5578068 
235 5577392 
236 5577385 
237 5576469 
238 5576063 
239 5571660 
240 5571555 
241 5565692 
242 5565213 
243 5565206 
244 5564585 
245 5564553 
246 5564439 
247 5564425 
248 5564425 
249 5553887 
250 5553845 
251 5553699 
252 5551424 
253 5551418 
254 5551398 
255 5551384 
256 5551383 
257 5550909 
258 5550902 
259 5550884 
260 5550879 
261 5550474 
262 5550455 
263 5550413 
264 5550412 
265 5550389 
266 5550377 
267 5549732 
268 5549135 
269 5548892 
270 5548878 
271 5548818 
272 5546669 
273 5546411 
274 5545794 
275 5543851 
276 5543685 
277 5541913 
278 5541874 
279 5541606 
280 5541557 
281 5541545 
282 5541191 
283 5540512 
284 5540279 
285 5534114 
286 5532474 
287 5531807 
288 5531366 
289 5526364 
290 5525414 
291 5525232 
292 5525219 
293 5524787 
294 5524318 
295 5522298 
296 5522180 
297 5521827 
298 5521821 
299 5516819 
300 5516421 
301 5516390 
302 5514774 
303 5512945 
304 5512944 
305 5512944 
306 5511689 
307 5511060 
308 5510709 
309 5510697 
310 5510657 
311 5504632 
312 5502810 
313 5502770 
314 5502736 
315 5500188 
316 5500176 
317 5499625 
318 5499425 
319 5498103 
320 5495636 
321 5482661 
322 5479331 
323 5478541 
324 5478521 
325 5478521 
326 5478018 
327 5477898 
328 5477180 
329 5474791 
330 5470649 
331 5469724 
332 5467785 
333 5467547 
334 5467302 
335 5466742 
336 5466262 
337 5466163 
338 5464895 
339 5464583 
340 5463935 
341 5463935 
342 5463251 
343 5462339 
344 5462160 
345 5462070 
346 5461533 
347 5459692 
348 5459132 
349 5457965 
350 5455272 
351 5447180 
352 5447180 
353 5447042 
354 5446977 
355 5446963 
356 5446716 
357 5445611 
358 5445459 
359 5445366 
360 5439030 
361 5438462 
362 5438397 
363 5430514 
364 5428358 
365 5427014 
366 5426281 
367 5425416 
368 5424890 
369 5424442 
370 5424076 
371 5423616 
372 5423616 
373 5421760 
374 5420740 
375 5420593 
376 5420107 
377 5419788 
378 5418544 
379 5418544 
380 5418088 
381 5417315 
382 5416314 
383 5415415 
384 5415325 
385 5415323 
386 5415086 
387 5414954 
388 5414932 
389 5414855 
390 5414855 
391 5414855 
392 5414438 
393 5414022 
394 5412200 
395 5411482 
396 5411189 
397 5409292 
398 5409039 
399 5408678 
400 5408305 
401 5408104 
402 5408104 
403 5407147 
404 5406570 
405 5406451 
406 5406049 
407 5403724 
408 5403568 
409 5403568 
410 5403559 
411 5403511 
412 5403254 
413 5403153 
414 5402377 
415 5401868 
416 5401706 
417 5401706 
418 5401244 
419 5401231 
420 5401203 
421 5401023 
422 5400908 
423 5400908 
424 5399404 
425 5399299 
426 5399035 
427 5399035 
428 5398962 
429 5398941 
430 5398851 
431 5397860 
432 5397782 
433 5397259 
434 5396360 
435 5396287 
436 5396091 
437 5395838 
438 5395838 
439 5395838 
440 5395088 
441 5394504 
442 5394363 
443 5393863 
444 5392466 
445 5391995 
446 5391953 
447 5391002 
448 5390924 
449 5390651 
450 5390640 
451 5390590 
452 5390541 
453 5390117 
454 5390076 
455 5389606 
456 5389606 
457 5389606 
458 5389606 
459 5389576 
460 5389560 
461 5389560 
462 5389560 
463 5389560 
464 5389560 
465 5389560 
466 5389553 
467 5389553 
468 5389553 
469 5388983 
470 5388983 
471 5388903 
472 5388903 
473 5388903 
474 5388903 
475 5388834 
476 5388794 
477 5388794 
478 5388794 
479 5388794 
480 5388734 
481 5388734 
482 5388734 
483 5388734 
484 5388734 
485 5388734 
486 5388734 
487 5388734 
488 5388734 
489 5388734 
490 5388734 
491 5388734 
492 5388734 
493 5388734 
494 5388734 
495 5388734 
496 5388734 
497 5388734 
498 5388734 
499 5388734 
500 5388734 
501 5388734 
502 5388734 
503 5388734 
504 5388734 
505 5388734 
506 5388734 
507 5388734 
508 5388734 
509 5388734 
510 5388734 
511 5388734 
512 5388734 
513 5388734 
514 5388734 
515 5388734 
516 5388734 
517 5388734 
518 5388734 
519 5388734 
520 5388734 
521 5388734 
522 5388734 
523 5388734 
524 5388734 
525 5388734 
526 5388734 
527 5388734 
528 5388734 
529 5388734 
530 5388734 
531 5388734 
532 5388734 
533 5388734 
534 5388734 
535 5388734 
536 5388734 
537 5388734 
538 5388734 
539 5388734 
540 5388734 
541 5388734 
542 5388734 
543 5388734 
544 5388734 
545 5388734 
546 5388734 
547 5388734 
548 5388734 
549 5388734 
550 5388734 
551 5388734 
552 5388734 
553 5388734 
554 5388734 
555 5388734 
556 5388734 
557 5388734 
558 5388734 
559 5388734 
560 5388734 
561 5388734 
562 5388734 
563 5388734 
564 5388734 
565 5388734 
566 5388734 
567 5388734 
568 5388734 
569 5388734 
570 5388734 
571 5388734 
572 5388734 
573 5388734 
574 5388734 
575 5388734 
576 5388734 
577 5388734 
578 5388734 
579 5388734 
580 5388734 
581 5388734 
582 5388734 
583 5388734 
584 5388734 
585 5388734 
586 5388734 
587 5388734 
588 5388734 
589 5388734 
590 5388734 
591 5388734 
592 5388734 
593 5388734 
594 5388734 
595 5388734 
596 5388734 
597 5388734 
598 5388734 
599 5388734 
600 5388734 
601 5388734 
602 5388734 
603 5388734 
604 5388734 
605 5388734 
606 5388734 
607 5388734 
608 5388734 
609 5388734 
610 5388734 
611 5388734 
612 5388734 
613 5388734 
614 5388734 
615 5388734 
616 5388734 
617 5388734 
618 5388734 
619 5388734 
620 5388734 
621 5388734 
622 5388734 
623 5388734 
624 5388734 
625 5388734 
626 5388734 
627 5388734 
628 5388734 
629 5388734 
630 5388734 
631 5388734 
632 5388734 
633 5388734 
634 5388734 
635 5388734 
636 5388734 
637 5388734 
638 5388734 
639 5388734 
640 5388734 
641 5388734 
642 5388734 
643 5388734 
644 5388734 
645 5388734 
646 5388734 
647 5388734 
648 5388734 
649 5388734 
650 5388734 
651 5388734 
652 5388734 
653 5388734 
654 5388734 
655 5388734 
656 5388734 
657 5388734 
658 5388734 
659 5388734 
660 5388734 
661 5388734 
662 5388734 
663 5388734 
664 5388734 
665 5388734 
666 5388734 
667 5388734 
668 5388734 
669 5388734 
670 5388734 
671 5388734 
672 5388734 
673 5388734 
674 5388734 
675 5388734 
676 5388734 
677 5388734 
678 5388734 
679 5388734 
680 5388734 
681 5388734 
682 5388734 
683 5388734 
684 5388734 
685 5388734 
686 5388734 
687 5388734 
688 5388734 
689 5388734 
690 5388734 
691 5388734 
692 5388734 
693 5388734 
694 5388734 
695 5388734 
696 5388734 
697 5388734 
698 5388734 
699 5388734 
700 5388734 
701 5388734 
702 5388734 
703 5388734 
704 5388734 
705 5388734 
706 5388734 
707 5388734 
708 5388734 
709 5388734 
710 5388734 
711 5388734 
712 5388734 
713 5388734 
714 5388734 
715 5388734 
716 5388734 
717 5388734 
718 5388734 
719 5388734 
720 5388734 
721 5388734 
722 5388734 
723 5388734 
724 5388734 
725 5388734 
726 5388734 
727 5388734 
728 5388734 
729 5388734 
730 5388734 
731 5388734 
732 5388734 
733 5388734 
734 5388734 
735 5388734 
736 5388734 
737 5388734 
738 5388734 
739 5388734 
740 5388734 
741 5388734 
742 5388734 
743 5388734 
744 5388734 
745 5388734 
746 5388734 
747 5388734 
748 5388734 
749 5388734 
750 5388734 
751 5388734 
752 5388734 
753 5388734 
754 5388734 
755 5388734 
756 5388734 
757 5388734 
758 5388734 
759 5388734 
760 5388734 
761 5388734 
762 5388734 
763 5388734 
764 5388734 
765 5388734 
766 5388734 
767 5388734 
768 5388734 
769 5388734 
770 5388734 
771 5388734 
772 5388734 
773 5388734 
774 5388734 
775 5388734 
776 5388734 
777 5388734 
778 5388734 
779 5388734 
780 5388734 
781 5388734 
782 5388734 
783 5388734 
784 5388734 
785 5388734 
786 5388734 
787 5388734 
788 5388734 
789 5388734 
790 5388734 
791 5388734 
792 5388734 
793 5388734 
794 5388734 
795 5388734 
796 5388734 
797 5388734 
798 5388734 
799 5388734 
800 5388734 
801 5388734 
802 5388734 
803 5388734 
804 5388734 
805 5388734 
806 5388734 
807 5388734 
808 5388734 
809 5388734 
810 5388734 
811 5388734 
812 5388734 
813 5388734 
814 5388734 
815 5388734 
816 5388734 
817 5388734 
818 5388734 
819 5388734 
820 5388734 
821 5388734 
822 5388734 
823 5388734 
824 5388734 
825 5388734 
826 5388734 
827 5388734 
828 5388734 
829 5388734 
830 5388734 
831 5388734 
832 5388734 
833 5388734 
834 5388734 
835 5388734 
836 5388734 
837 5388734 
838 5388734 
839 5388734 
840 5388734 
841 5388734 
842 5388734 
843 5388734 
844 5388734 
845 5388734 
846 5388734 
847 5388734 
848 5388734 
849 5388734 
850 5388734 
851 5388734 
852 5388734 
853 5388734 
854 5388734 
855 5388734 
856 5388734 
857 5388734 
858 5388734 
859 5388734 
860 5388734 
861 5388734 
862 5388734 
863 5388734 
864 5388734 
865 5388734 
866 5388734 
867 5388734 
868 5388734 
869 5388734 
870 5388734 
871 5388734 
872 5388734 
873 5388734 
874 5388734 
875 5388734 
876 5388734 
877 5388734 
878 5388734 
879 5388734 
880 5388734 
881 5388734 
882 5388734 
883 5388734 
884 5388734 
885 5388734 
886 5388734 
887 5388734 
888 5388734 
889 5388734 
890 5388734 
891 5388734 
892 5388734 
893 5388734 
894 5388734 
895 5388734 
896 5388734 
897 5388734 
898 5388734 
899 5388734 
900 5388734 
901 5388734 
902 5388734 
903 5388734 
904 5388734 
905 5388734 
906 5388734 
907 5388734 
908 5388734 
909 5388734 
910 5388734 
911 5388734 
912 5388734 
913 5388734 
914 5388734 
915 5388734 
916 5388734 
917 5388734 
918 5388734 
919 5388734 
920 5388734 
921 5388734 
922 5388734 
923 5388734 
924 5388734 
925 5388734 
926 5388734 
927 5388734 
928 5388734 
929 5388734 
930 5388734 
931 5388734 
932 5388734 
933 5388734 
934 5388734 
935 5388734 
936 5388734 
937 5388734 
938 5388734 
939 5388734 
940 5388734 
941 5388734 
942 5388734 
943 5388734 
944 5388734 
945 5388734 
946 5388734 
947 5388734 
948 5388734 
949 5388734 
950 5388734 
951 5388734 
952 5388734 
953 5388734 
954 5388734 
955 5388734 
956 5388734 
957 5388734 
958 5388734 
959 5388734 
960 5388734 
961 5388734 
962 5388734 
963 5388734 
964 5388734 
965 5388734 
966 5388734 
967 5388734 
968 5388734 
969 5388734 
970 5388734 
971 5388734 
972 5388734 
973 5388734 
974 5388734 
975 5388734 
976 5388734 
977 5388734 
978 5388734 
979 5388734 
980 5388734 
981 5388734 
982 5388734 
983 5388734 
984 5388734 
985 5388734 
986 5388734 
987 5388734 
988 5388734 
989 5388734 
990 5388734 
991 5388734 
992 5388734 
993 5388734 
994 5388734 
995 5388734 
996 5388734 
997 5388734 
998 5388734 
999 5388734 
1000 5388734 
1001 5388734 
1002 5388734 
1003 5388734 
1004 5388734 
1005 5388734 
1006 5388734 
1007 5388734 
1008 5388734 
1009 5388734 
1010 5388734 
1011 5388734 
1012 5388734 
1013 5388734 
1014 5388734 
1015 5388734 
1016 5388734 
1017 5388734 
1018 5388734 
1019 5388734 
1020 5388734 
1021 5388734 
1022 5388734 
1023 5388734 
1024 5388734 
1025 5388734 
1026 5388734 
1027 5388734 
1028 5388734 
1029 5388734 
1030 5388734 
1031 5388734 
1032 5388734 
1033 5388734 
1034 5388734 
1035 5388734 
1036 5388734 
1037 5388734 
1038 5388734 
1039 5388734 
1040 5388734 
1041 5388734 
1042 5388734 
1043 5388734 
1044 5388734 
1045 5388734 
1046 5388734 
1047 5388734 
1048 5388734 
1049 5388734 
1050 5388734 
1051 5388734 
1052 5388734 
1053 5388734 
1054 5388734 
1055 5388734 
1056 5388734 
1057 5388734 
1058 5388734 
1059 5388734 
1060 5388734 
1061 5388734 
1062 5388734 
1063 5388734 
1064 5388734 
1065 5388734 
1066 5388734 
1067 5388734 
1068 5388734 
1069 5388734 
1070 5388734 
1071 5388734 
1072 5388734 
1073 5388734 
1074 5388734 
1075 5388734 
1076 5388734 
1077 5388734 
1078 5388734 
1079 5388734 
1080 5388734 
1081 5388734 
1082 5388734 
1083 5388734 
1084 5388734 
1085 5388734 
1086 5388734 
1087 5388734 
1088 5388734 
1089 5388734 
1090 5388734 
1091 5388734 
1092 5388734 
1093 5388734 
1094 5388734 
1095 5388734 
1096 5388734 
1097 5388734 
1098 5388734 
1099 5388734 
1100 5388734 
1101 5388734 
1102 5388734 
1103 5388734 
1104 5388734 
1105 5388734 
1106 5388734 
1107 5388734 
1108 5388734 
1109 5388734 
1110 5388734 
1111 5388734 
1112 5388734 
1113 5388734 
1114 5388734 
1115 5388734 
1116 5388734 
1117 5388734 
1118 5388734 
1119 5388734 
1120 5388734 
1121 5388734 
1122 5388734 
1123 5388734 
1124 5388734 
1125 5388734 
1126 5388734 
1127 5388734 
1128 5388734 
1129 5388734 
1130 5388734 
1131 5388734 
1132 5388734 
1133 5388734 
1134 5388734 
1135 5388734 
1136 5388734 
1137 5388734 
1138 5388734 
1139 5388734 
1140 5388734 
1141 5388734 
1142 5388734 
1143 5388734 
1144 5388734 
1145 5388734 
1146 5388734 
1147 5388734 
1148 5388734 
1149 5388734 
1150 5388734 
1151 5388734 
1152 5388734 
1153 5388734 
1154 5388734 
1155 5388734 
1156 5388734 
1157 5388734 
1158 5388734 
1159 5388734 
1160 5388734 
1161 5388734 
1162 5388734 
1163 5388734 
1164 5388734 
1165 5388734 
1166 5388734 
1167 5388734 
1168 5388734 
1169 5388734 
1170 5388734 
1171 5388734 
1172 5388734 
1173 5388734 
1174 5388734 
1175 5388734 
1176 5388734 
1177 5388734 
1178 5388734 
1179 5388734 
1180 5388734 
1181 5388734 
1182 5388734 
1183 5388734 
1184 5388734 
1185 5388734 
1186 5388734 
1187 5388734 
1188 5388734 
1189 5388734 
1190 5388734 
1191 5388734 
1192 5388734 
1193 5388734 
1194 5388734 
1195 5388734 
1196 5388734 
1197 5388734 
1198 5388734 
1199 5388734 
1200 5388734 
1201 5388734 
1202 5388734 
1203 5388734 
1204 5388734 
1205 5388734 
1206 5388734 
1207 5388734 
1208 5388734 
1209 5388734 
1210 5388734 
1211 5388734 
1212 5388734 
1213 5388734 
1214 5388734 
1215 5388734 
1216 5388734 
1217 5388734 
1218 5388734 
1219 5388734 
1220 5388734 
1221 5388734 
1222 5388734 
1223 5388734 
1224 5388734 
1225 5388734 
1226 5388734 
1227 5388734 
1228 5388734 
1229 5388734 
1230 5388734 
1231 5388734 
1232 5388734 
1233 5388734 
1234 5388734 
1235 5388734 
1236 5388734 
1237 5388734 
1238 5388734 
1239 5388734 
1240 5388734 
1241 5388734 
1242 5388734 
1243 5388734 
1244 5388734 
1245 5388734 
1246 5388734 
1247 5388734 
1248 5388734 
1249 5388734 
1250 5388734 
1251 5388734 
1252 5388734 
1253 5388734 
1254 5388734 
1255 5388734 
1256 5388734 
1257 5388734 
1258 5388734 
1259 5388734 
1260 5388734 
1261 5388734 
1262 5388734 
1263 5388734 
1264 5388734 
1265 5388734 
1266 5388734 
1267 5388734 
1268 5388734 
1269 5388734 
1270 5388734 
1271 5388734 
1272 5388734 
1273 5388734 
1274 5388734 
1275 5388734 
1276 5388734 
1277 5388734 
1278 5388734 
1279 5388734 
1280 5388734 
1281 5388734 
1282 5388734 
1283 5388734 
1284 5388734 
1285 5388734 
1286 5388734 
1287 5388734 
1288 5388734 
1289 5388734 
1290 5388734 
1291 5388734 
1292 5388734 
1293 5388734 
1294 5388734 
1295 5388734 
1296 5388734 
1297 5388734 
1298 5388734 
1299 5388734 
1300 5388734 
1301 5388734 
1302 5388734 
1303 5388734 
1304 5388734 
1305 5388734 
1306 5388734 
1307 5388734 
1308 5388734 
1309 5388734 
1310 5388734 
1311 5388734 
1312 5388734 
1313 5388734 
1314 5388734 
1315 5388734 
1316 5388734 
1317 5388734 
1318 5388734 
1319 5388734 
1320 5388734 
1321 5388734 
1322 5388734 
1323 5388734 
1324 5388734 
1325 5388734 
1326 5388734 
1327 5388734 
1328 5388734 
1329 5388734 
1330 5388734 
1331 5388734 
1332 5388734 
1333 5388734 
1334 5388734 
1335 5388734 
1336 5388734 
1337 5388734 
1338 5388734 
1339 5388734 
1340 5388734 
1341 5388734 
1342 5388734 
1343 5388734 
1344 5388734 
1345 5388734 
1346 5388734 
1347 5388734 
1348 5388734 
1349 5388734 
1350 5388734 
1351 5388734 
1352 5388734 
1353 5388734 
1354 5388734 
1355 5388734 
1356 5388734 
1357 5388734 
1358 5388734 
1359 5388734 
1360 5388734 
1361 5388734 
1362 5388734 
1363 5388734 
1364 5388734 
1365 5388734 
1366 5388734 
1367 5388734 
1368 5388734 
1369 5388734 
1370 5388734 
1371 5388734 
1372 5388734 
1373 5388734 
1374 5388734 
1375 5388734 
1376 5388734 
1377 5388734 
1378 5388734 
1379 5388734 
1380 5388734 
1381 5388734 
1382 5388734 
1383 5388734 
1384 5388734 
1385 5388734 
1386 5388734 
1387 5388734 
1388 5388734 
1389 5388734 
1390 5388734 
1391 5388734 
1392 5388734 
1393 5388734 
1394 5388734 
1395 5388734 
1396 5388734 
1397 5388734 
1398 5388734 
1399 5388734 
1400 5388734 
1401 5388734 
1402 5388734 
1403 5388734 
1404 5388734 
1405 5388734 
1406 5388734 
1407 5388734 
1408 5388734 
1409 5388734 
1410 5388734 
1411 5388734 
1412 5388734 
1413 5388734 
1414 5388734 
1415 5388734 
1416 5388734 
1417 5388734 
1418 5388734 
1419 5388734 
1420 5388734 
1421 5388734 
1422 5388734 
1423 5388734 
1424 5388734 
1425 5388734 
1426 5388734 
1427 5388734 
1428 5388734 
1429 5388734 
1430 5388734 
1431 5388734 
1432 5388734 
1433 5388734 
1434 5388734 
1435 5388734 
1436 5388734 
1437 5388734 
1438 5388734 
1439 5388734 
1440 5388734 
1441 5388734 
1442 5388734 
1443 5388734 
1444 5388734 
1445 5388734 
1446 5388734 
1447 5388734 
1448 5388734 
1449 5388734 
1450 5388734 
1451 5388734 
1452 5388734 
1453 5388734 
1454 5388734 
1455 5388734 
1456 5388734 
1457 5388734 
1458 5388734 
1459 5388734 
1460 5388734 
1461 5388734 
1462 5388734 
1463 5388734 
1464 5388734 
1465 5388734 
1466 5388734 
1467 5388734 
1468 5388734 
1469 5388734 
1470 5388734 
1471 5388734 
1472 5388734 
1473 5388734 
1474 5388734 
1475 5388734 
1476 5388734 
1477 5388734 
1478 5388734 
1479 5388734 
1480 5388734 
1481 5388734 
1482 5388734 
1483 5388734 
1484 5388734 
1485 5388734 
1486 5388734 
1487 5388734 
1488 5388734 
1489 5388734 
1490 5388734 
1491 5388734 
1492 5388734 
1493 5388734 
1494 5388734 
1495 5388734 
1496 5388734 
1497 5388734 
1498 5388734 
1499 5388734 
1500 5388734 
1501 5388734 
1502 5388734 
1503 5388734 
1504 5388734 
1505 5388734 
1506 5388734 
1507 5388734 
1508 5388734 
1509 5388734 
1510 5388734 
1511 5388734 
1512 5388734 
1513 5388734 
1514 5388734 
1515 5388734 
1516 5388734 
1517 5388734 
1518 5388734 
1519 5388734 
1520 5388734 
1521 5388734 
1522 5388734 
1523 5388734 
1524 5388734 
1525 5388734 
1526 5388734 
1527 5388734 
1528 5388734 
1529 5388734 
1530 5388734 
1531 5388734 
1532 5388734 
1533 5388734 
1534 5388734 
1535 5388734 
1536 5388734 
1537 5388734 
1538 5388734 
1539 5388734 
1540 5388734 
1541 5388734 
1542 5388734 
1543 5388734 
1544 5388734 
1545 5388734 
1546 5388734 
1547 5388734 
1548 5388734 
1549 5388734 
1550 5388734 
1551 5388734 
1552 5388734 
1553 5388734 
1554 5388734 
1555 5388734 
1556 5388734 
1557 5388734 
1558 5388734 
1559 5388734 
1560 5388734 
1561 5388734 
1562 5388734 
1563 5388734 
1564 5388734 
1565 5388734 
1566 5388734 
1567 5388734 
1568 5388734 
1569 5388734 
1570 5388734 
1571 5388734 
1572 5388734 
1573 5388734 
1574 5388734 
1575 5388734 
1576 5388734 
1577 5388734 
1578 5388734 
1579 5388734 
1580 5388734 
1581 5388734 
1582 5388734 
1583 5388734 
1584 5388734 
1585 5388734 
1586 5388734 
1587 5388734 
1588 5388734 
1589 5388734 
1590 5388734 
1591 5388734 
1592 5388734 
1593 5388734 
1594 5388734 
1595 5388734 
1596 5388734 
1597 5388734 
1598 5388734 
1599 5388734 
1600 5388734 
1601 5388734 
1602 5388734 
1603 5388734 
1604 5388734 
1605 5388734 
1606 5388734 
1607 5388734 
1608 5388734 
1609 5388734 
1610 5388734 
1611 5388734 
1612 5388734 
1613 5388734 
1614 5388734 
1615 5388734 
1616 5388734 
1617 5388734 
1618 5388734 
1619 5388734 
1620 5388734 
1621 5388734 
1622 5388734 
1623 5388734 
1624 5388734 
1625 5388734 
1626 5388734 
1627 5388734 
1628 5388734 
1629 5388734 
1630 5388734 
1631 5388734 
1632 5388734 
1633 5388734 
1634 5388734 
1635 5388734 
1636 5388734 
1637 5388734 
1638 5388734 
1639 5388734 
1640 5388734 
1641 5388734 
1642 5388734 
1643 5388734 
1644 5388734 
1645 5388734 
1646 5388734 
1647 5388734 
1648 5388734 
1649 5388734 
1650 5388734 
1651 5388734 
1652 5388734 
1653 5388734 
1654 5388734 
1655 5388734 
1656 5388734 
1657 5388734 
1658 5388734 
1659 5388734 
1660 5388734 
1661 5388734 
1662 5388734 
1663 5388734 
1664 5388734 
1665 5388734 
1666 5388734 
1667 5388734 
1668 5388734 
1669 5388734 
1670 5388734 
1671 5388734 
1672 5388734 
1673 5388734 
1674 5388734 
1675 5388734 
1676 5388734 
1677 5388734 
1678 5388734 
1679 5388734 
1680 5388734 
1681 5388734 
1682 5388734 
1683 5388734 
1684 5388734 
1685 5388734 
1686 5388734 
1687 5388734 
1688 5388734 
1689 5388734 
1690 5388734 
1691 5388734 
1692 5388734 
1693 5388734 
1694 5388734 
1695 5388734 
1696 5388734 
1697 5388734 
1698 5388734 
1699 5388734 
1700 5388734 
1701 5388734 
1702 5388734 
1703 5388734 
1704 5388734 
1705 5388734 
1706 5388734 
1707 5388734 
1708 5388734 
1709 5388734 
1710 5388734 
1711 5388734 
1712 5388734 
1713 5388734 
1714 5388734 
1715 5388734 
1716 5388734 
1717 5388734 
1718 5388734 
1719 5388734 
1720 5388734 
1721 5388734 
1722 5388734 
1723 5388734 
1724 5388734 
1725 5388734 
1726 5388734 
1727 5388734 
1728 5388734 
1729 5388734 
1730 5388734 
1731 5388734 
1732 5388734 
1733 5388734 
1734 5388734 
1735 5388734 
1736 5388734 
1737 5388734 
1738 5388734 
1739 5388734 
1740 5388734 
1741 5388734 
1742 5388734 
1743 5388734 
1744 5388734 
1745 5388734 
1746 5388734 
1747 5388734 
1748 5388734 
1749 5388734 
1750 5388734 
1751 5388734 
1752 5388734 
1753 5388734 
1754 5388734 
1755 5388734 
1756 5388734 
1757 5388734 
1758 5388734 
1759 5388734 
1760 5388734 
1761 5388734 
1762 5388734 
1763 5388734 
1764 5388734 
1765 5388734 
1766 5388734 
1767 5388734 
1768 5388734 
1769 5388734 
1770 5388734 
1771 5388734 
1772 5388734 
1773 5388734 
1774 5388734 
1775 5388734 
1776 5388734 
1777 5388734 
1778 5388734 
1779 5388734 
1780 5388734 
1781 5388734 
1782 5388734 
1783 5388734 
1784 5388734 
1785 5388734 
1786 5388734 
1787 5388734 
1788 5388734 
1789 5388734 
1790 5388734 
1791 5388734 
1792 5388734 
1793 5388734 
1794 5388734 
1795 5388734 
1796 5388734 
1797 5388734 
1798 5388734 
1799 5388734 
1800 5388734 
1801 5388734 
1802 5388734 
1803 5388734 
1804 5388734 
1805 5388734 
1806 5388734 
1807 5388734 
1808 5388734 
1809 5388734 
1810 5388734 
1811 5388734 
1812 5388734 
1813 5388734 
1814 5388734 
1815 5388734 
1816 5388734 
1817 5388734 
1818 5388734 
1819 5388734 
1820 5388734 
1821 5388734 
1822 5388734 
1823 5388734 
1824 5388734 
1825 5388734 
1826 5388734 
1827 5388734 
1828 5388734 
1829 5388734 
1830 5388734 
1831 5388734 
1832 5388734 
1833 5388734 
1834 5388734 
1835 5388734 
1836 5388734 
1837 5388734 
1838 5388734 
1839 5388734 
1840 5388734 
1841 5388734 
1842 5388734 
1843 5388734 
1844 5388734 
1845 5388734 
1846 5388734 
1847 5388734 
1848 5388734 
1849 5388734 
1850 5388734 
1851 5388734 
1852 5388734 
1853 5388734 
1854 5388734 
1855 5388734 
1856 5388734 
1857 5388734 
1858 5388734 
1859 5388734 
1860 5388734 
1861 5388734 
1862 5388734 
1863 5388734 
1864 5388734 
1865 5388734 
1866 5388734 
1867 5388734 
1868 5388734 
1869 5388734 
1870 5388734 
1871 5388734 
1872 5388734 
1873 5388734 
1874 5388734 
1875 5388734 
1876 5388734 
1877 5388734 
1878 5388734 
1879 5388734 
1880 5388734 
1881 5388734 
1882 5388734 
1883 5388734 
1884 5388734 
1885 5388734 
1886 5388734 
1887 5388734 
1888 5388734 
1889 5388734 
1890 5388734 
1891 5388734 
1892 5388734 
1893 5388734 
1894 5388734 
1895 5388734 
1896 5388734 
1897 5388734 
1898 5388734 
1899 5388734 
1900 5388734 
1901 5388734 
1902 5388734 
1903 5388734 
1904 5388734 
1905 5388734 
1906 5388734 
1907 5388734 
1908 5388734 
1909 5388734 
1910 5388734 
1911 5388734 
1912 5388734 
1913 5388734 
1914 5388734 
1915 5388734 
1916 5388734 
1917 5388734 
1918 5388734 
1919 5388734 
1920 5388734 
1921 5388734 
1922 5388734 
1923 5388734 
1924 5388734 
1925 5388734 
1926 5388734 
1927 5388734 
1928 5388734 
1929 5388734 
1930 5388734 
1931 5388734 
1932 5388734 
1933 5388734 
1934 5388734 
1935 5388734 
1936 5388734 
1937 5388734 
1938 5388734 
1939 5388734 
1940 5388734 
1941 5388734 
1942 5388734 
1943 5388734 
1944 5388734 
1945 5388734 
1946 5388734 
1947 5388734 
1948 5388734 
1949 5388734 
1950 5388734 
1951 5388734 
1952 5388734 
1953 5388734 
1954 5388734 
1955 5388734 
1956 5388734 
1957 5388734 
1958 5388734 
1959 5388734 
1960 5388734 
1961 5388734 
1962 5388734 
1963 5388734 
1964 5388734 
1965 5388734 
1966 5388734 
1967 5388734 
1968 5388734 
1969 5388734 
1970 5388734 
1971 5388734 
1972 5388734 
1973 5388734 
1974 5388734 
1975 5388734 
1976 5388734 
1977 5388734 
1978 5388734 
1979 5388734 
1980 5388734 
1981 5388734 
1982 5388734 
1983 5388734 
1984 5388734 
1985 5388734 
1986 5388734 
1987 5388734 
1988 5388734 
1989 5388734 
1990 5388734 
1991 5388734 
1992 5388734 
1993 5388734 
1994 5388734 
1995 5388734 
1996 5388734 
1997 5388734 
1998 5388734 
1999 5388734 
2000 5388734 
2001 5388734 
2002 5388734 
2003 5388734 
2004 5388734 
2005 5388734 
2006 5388734 
2007 5388734 
2008 5388734 
2009 5388734 
2010 5388734 
2011 5388734 
2012 5388734 
2013 5388734 
2014 5388734 
2015 5388734 
2016 5388734 
2017 5388734 
2018 5388734 
2019 5388734 
2020 5388734 
2021 5388734 
2022 5388734 
2023 5388734 
2024 5388734 
2025 5388734 
2026 5388734 
2027 5388734 
2028 5388734 
2029 5388734 
2030 5388734 
2031 5388734 
2032 5388734 
2033 5388734 
2034 5388734 
2035 5388734 
2036 5388734 
2037 5388734 
2038 5388734 
2039 5388734 
2040 5388734 
2041 5388734 
2042 5388734 
2043 5388734 
2044 5388734 
2045 5388734 
2046 5388734 
2047 5388734 
2048 5388734 
2049 5388734 
2050 5388734 
2051 5388734 
2052 5388734 
2053 5388734 
2054 5388734 
2055 5388734 
2056 5388734 
2057 5388734 
2058 5388734 
2059 5388734 
2060 5388734 
2061 5388734 
2062 5388734 
2063 5388734 
2064 5388734 
2065 5388734 
2066 5388734 
2067 5388734 
2068 5388734 
2069 5388734 
2070 5388734 
2071 5388734 
2072 5388734 
2073 5388734 
2074 5388734 
2075 5388734 
2076 5388734 
2077 5388734 
2078 5388734 
2079 5388734 
2080 5388734 
2081 5388734 
2082 5388734 
2083 5388734 
2084 5388734 
2085 5388734 
2086 5388734 
2087 5388734 
2088 5388734 
2089 5388734 
2090 5388734 
2091 5388734 
2092 5388734 
2093 5388734 
2094 5388734 
2095 5388734 
2096 5388734 
2097 5388734 
2098 5388734 
2099 5388734 
2100 5388734 
2101 5388734 
2102 5388734 
2103 5388734 
2104 5388734 
2105 5388734 
2106 5388734 
2107 5388734 
2108 5388734 
2109 5388734 
2110 5388734 
2111 5388734 
2112 5388734 
2113 5388734 
2114 5388734 
2115 5388734 
2116 5388734 
2117 5388734 
2118 5388734 
2119 5388734 
2120 5388734 
2121 5388734 
2122 5388734 
2123 5388734 
2124 5388734 
2125 5388734 
2126 5388734 
2127 5388734 
2128 5388734 
2129 5388734 
2130 5388734 
2131 5388734 
2132 5388734 
2133 5388734 
2134 5388734 
2135 5388734 
2136 5388734 
2137 5388734 
2138 5388734 
2139 5388734 
2140 5388734 
2141 5388734 
2142 5388734 
2143 5388734 
2144 5388734 
2145 5388734 
2146 5388734 
2147 5388734 
2148 5388734 
2149 5388734 
2150 5388734 
2151 5388734 
2152 5388734 
2153 5388734 
2154 5388734 
2155 5388734 
2156 5388734 
2157 5388734 
2158 5388734 
2159 5388734 
2160 5388734 
2161 5388734 
2162 5388734 
2163 5388734 
2164 5388734 
2165 5388734 
2166 5388734 
2167 5388734 
2168 5388734 
2169 5388734 
2170 5388734 
2171 5388734 
2172 5388734 
2173 5388734 
2174 5388734 
2175 5388734 
2176 5388734 
2177 5388734 
2178 5388734 
2179 5388734 
2180 5388734 
2181 5388734 
2182 5388734 
2183 5388734 
2184 5388734 
2185 5388734 
2186 5388734 
2187 5388734 
2188 5388734 
2189 5388734 
2190 5388734 
2191 5388734 
2192 5388734 
2193 5388734 
2194 5388734 
2195 5388734 
2196 5388734 
2197 5388734 
2198 5388734 
2199 5388734 
2200 5388734 
2201 5388734 
2202 5388734 
2203 5388734 
2204 5388734 
2205 5388734 
2206 5388734 
2207 5388734 
2208 5388734 
2209 5388734 
2210 5388734 
2211 5388734 
2212 5388734 
2213 5388734 
2214 5388734 
2215 5388734 
2216 5388734 
2217 5388734 
2218 5388734 
2219 5388734 
2220 5388734 
2221 5388734 
2222 5388734 
2223 5388734 
2224 5388734 
2225 5388734 
2226 5388734 
2227 5388734 
2228 5388734 
2229 5388734 
2230 5388734 
2231 5388734 
2232 5388734 
2233 5388734 
2234 5388734 
2235 5388734 
2236 5388734 
2237 5388734 
2238 5388734 
2239 5388734 
2240 5388734 
2241 5388734 
2242 5388734 
2243 5388734 
2244 5388734 
2245 5388734 
2246 5388734 
2247 5388734 
2248 5388734 
2249 5388734 
2250 5388734 
2251 5388734 
2252 5388734 
2253 5388734 
2254 5388734 
2255 5388734 
2256 5388734 
2257 5388734 
2258 5388734 
2259 5388734 
2260 5388734 
2261 5388734 
2262 5388734 
2263 5388734 
2264 5388734 
2265 5388734 
2266 5388734 
2267 5388734 
2268 5388734 
2269 5388734 
2270 5388734 
2271 5388734 
2272 5388734 
2273 5388734 
2274 5388734 
2275 5388734 
2276 5388734 
2277 5388734 
2278 5388734 
2279 5388734 
2280 5388734 
2281 5388734 
2282 5388734 
2283 5388734 
2284 5388734 
2285 5388734 
2286 5388734 
2287 5388734 
2288 5388734 
2289 5388734 
2290 5388734 
2291 5388734 
2292 5388734 
2293 5388734 
2294 5388734 
2295 5388734 
2296 5388734 
2297 5388734 
2298 5388734 
2299 5388734 
2300 5388734 
2301 5388734 
2302 5388734 
2303 5388734 
2304 5388734 
2305 5388734 
2306 5388734 
2307 5388734 
2308 5388734 
2309 5388734 
2310 5388734 
2311 5388734 
2312 5388734 
2313 5388734 
2314 5388734 
2315 5388734 
2316 5388734 
2317 5388734 
2318 5388734 
2319 5388734 
2320 5388734 
2321 5388734 
2322 5388734 
2323 5388734 
2324 5388734 
2325 5388734 
2326 5388734 
2327 5388734 
2328 5388734 
2329 5388734 
2330 5388734 
2331 5388734 
2332 5388734 
2333 5388734 
2334 5388734 
2335 5388734 
2336 5388734 
2337 5388734 
2338 5388734 
2339 5388734 
2340 5388734 
2341 5388734 
2342 5388734 
2343 5388734 
2344 5388734 
2345 5388734 
2346 5388734 
2347 5388734 
2348 5388734 
2349 5388734 
2350 5388734 
2351 5388734 
2352 5388734 
2353 5388734 
2354 5388734 
2355 5388734 
2356 5388734 
2357 5388734 
2358 5388734 
2359 5388734 
2360 5388734 
2361 5388734 
2362 5388734 
2363 5388734 
2364 5388734 
2365 5388734 
2366 5388734 
2367 5388734 
2368 5388734 
2369 5388734 
2370 5388734 
2371 5388734 
2372 5388734 
2373 5388734 
2374 5388734 
2375 5388734 
2376 5388734 
2377 5388734 
2378 5388734 
2379 5388734 
2380 5388734 
2381 5388734 
2382 5388734 
2383 5388734 
2384 5388734 
2385 5388734 
2386 5388734 
2387 5388734 
2388 5388734 
2389 5388734 
2390 5388734 
2391 5388734 
2392 5388734 
2393 5388734 
2394 5388734 
2395 5388734 
2396 5388734 
2397 5388734 
2398 5388734 
2399 5388734 
2400 5388734 
2401 5388734 
2402 5388734 
2403 5388734 
2404 5388734 
2405 5388734 
2406 5388734 
2407 5388734 
2408 5388734 
2409 5388734 
2410 5388734 
2411 5388734 
2412 5388734 
2413 5388734 
2414 5388734 
2415 5388734 
2416 5388734 
2417 5388734 
2418 5388734 
2419 5388734 
2420 5388734 
2421 5388734 
2422 5388734 
2423 5388734 
2424 5388734 
2425 5388734 
2426 5388734 
2427 5388734 
2428 5388734 
2429 5388734 
2430 5388734 
2431 5388734 
2432 5388734 
2433 5388734 
2434 5388734 
2435 5388734 
2436 5388734 
2437 5388734 
2438 5388734 
2439 5388734 
2440 5388734 
2441 5388734 
2442 5388734 
2443 5388734 
2444 5388734 
2445 5388734 
2446 5388734 
2447 5388734 
2448 5388734 
2449 5388734 
2450 5388734 
2451 5388734 
2452 5388734 
2453 5388734 
2454 5388734 
2455 5388734 
2456 5388734 
2457 5388734 
2458 5388734 
2459 5388734 
2460 5388734 
2461 5388734 
2462 5388734 
2463 5388734 
2464 5388734 
2465 5388734 
2466 5388734 
2467 5388734 
2468 5388734 
2469 5388734 
2470 5388734 
2471 5388734 
2472 5388734 
2473 5388734 
2474 5388734 
2475 5388734 
2476 5388734 
2477 5388734 
2478 5388734 
2479 5388734 
2480 5388734 
2481 5388734 
2482 5388734 
2483 5388734 
2484 5388734 
2485 5388734 
2486 5388734 
2487 5388734 
2488 5388734 
2489 5388734 
2490 5388734 
2491 5388734 
2492 5388734 
2493 5388734 
2494 5388734 
2495 5388734 
2496 5388734 
2497 5388734 
2498 5388734 
2499 5388734 
2500 5388734 
2501 5388734 
2502 5388734 
2503 5388734 
2504 5388734 
2505 5388734 
2506 5388734 
2507 5388734 
2508 5388734 
2509 5388734 
2510 5388734 
2511 5388734 
2512 5388734 
2513 5388734 
2514 5388734 
2515 5388734 
2516 5388734 
2517 5388734 
2518 5388734 
2519 5388734 
2520 5388734 
2521 5388734 
2522 5388734 
2523 5388734 
2524 5388734 
2525 5388734 
2526 5388734 
2527 5388734 
2528 5388734 
2529 5388734 
2530 5388734 
2531 5388734 
2532 5388734 
2533 5388734 
2534 5388734 
2535 5388734 
2536 5388734 
2537 5388734 
2538 5388734 
2539 5388734 
2540 5388734 
2541 5388734 
2542 5388734 
2543 5388734 
2544 5388734 
2545 5388734 
2546 5388734 
2547 5388734 
2548 5388734 
2549 5388734 
2550 5388734 
2551 5388734 
2552 5388734 
2553 5388734 
2554 5388734 
2555 5388734 
2556 5388734 
2557 5388734 
2558 5388734 
2559 5388734 
2560 5388734 
2561 5388734 
2562 5388734 
2563 5388734 
2564 5388734 
2565 5388734 
2566 5388734 
2567 5388734 
2568 5388734 
2569 5388734 
2570 5388734 
2571 5388734 
2572 5388734 
2573 5388734 
2574 5388734 
2575 5388734 
2576 5388734 
2577 5388734 
2578 5388734 
2579 5388734 
2580 5388734 
2581 5388734 
2582 5388734 
2583 5388734 
2584 5388734 
2585 5388734 
2586 5388734 
2587 5388734 
2588 5388734 
2589 5388734 
2590 5388734 
2591 5388734 
2592 5388734 
2593 5388734 
2594 5388734 
2595 5388734 
2596 5388734 
2597 5388734 
2598 5388734 
2599 5388734 
2600 5388734 
2601 5388734 
2602 5388734 
2603 5388734 
2604 5388734 
2605 5388734 
2606 5388734 
2607 5388734 
2608 5388734 
2609 5388734 
2610 5388734 
2611 5388734 
2612 5388734 
2613 5388734 
2614 5388734 
2615 5388734 
2616 5388734 
2617 5388734 
2618 5388734 
2619 5388734 
2620 5388734 
2621 5388734 
2622 5388734 
2623 5388734 
2624 5388734 
2625 5388734 
2626 5388734 
2627 5388734 
2628 5388734 
2629 5388734 
2630 5388734 
2631 5388734 
2632 5388734 
2633 5388734 
2634 5388734 
2635 5388734 
2636 5388734 
2637 5388734 
2638 5388734 
2639 5388734 
2640 5388734 
2641 5388734 
2642 5388734 
2643 5388734 
2644 5388734 
2645 5388734 
2646 5388734 
2647 5388734 
2648 5388734 
2649 5388734 
2650 5388734 
2651 5388734 
2652 5388734 
2653 5388734 
2654 5388734 
2655 5388734 
2656 5388734 
2657 5388734 
2658 5388734 
2659 5388734 
2660 5388734 
2661 5388734 
2662 5388734 
2663 5388734 
2664 5388734 
2665 5388734 
2666 5388734 
2667 5388734 
2668 5388734 
2669 5388734 
2670 5388734 
2671 5388734 
2672 5388734 
2673 5388734 
2674 5388734 
2675 5388734 
2676 5388734 
2677 5388734 
2678 5388734 
2679 5388734 
2680 5388734 
2681 5388734 
2682 5388734 
2683 5388734 
2684 5388734 
2685 5388734 
2686 5388734 
2687 5388734 
2688 5388734 
2689 5388734 
2690 5388734 
2691 5388734 
2692 5388734 
2693 5388734 
2694 5388734 
2695 5388734 
2696 5388734 
2697 5388734 
2698 5388734 
2699 5388734 
2700 5388734 
2701 5388734 
2702 5388734 
2703 5388734 
2704 5388734 
2705 5388734 
2706 5388734 
2707 5388734 
2708 5388734 
2709 5388734 
2710 5388734 
2711 5388734 
2712 5388734 
2713 5388734 
2714 5388734 
2715 5388734 
2716 5388734 
2717 5388734 
2718 5388734 
2719 5388734 
2720 5388734 
2721 5388734 
2722 5388734 
2723 5388734 
2724 5388734 
2725 5388734 
2726 5388734 
2727 5388734 
2728 5388734 
2729 5388734 
2730 5388734 
2731 5388734 
2732 5388734 
2733 5388734 
2734 5388734 
2735 5388734 
2736 5388734 
2737 5388734 
2738 5388734 
2739 5388734 
2740 5388734 
2741 5388734 
2742 5388734 
2743 5388734 
2744 5388734 
2745 5388734 
2746 5388734 
2747 5388734 
2748 5388734 
2749 5388734 
2750 5388734 
2751 5388734 
2752 5388734 
2753 5388734 
2754 5388734 
2755 5388734 
2756 5388734 
2757 5388734 
2758 5388734 
2759 5388734 
2760 5388734 
2761 5388734 
2762 5388734 
2763 5388734 
2764 5388734 
2765 5388734 
2766 5388734 
2767 5388734 
2768 5388734 
2769 5388734 
2770 5388734 
2771 5388734 
2772 5388734 
2773 5388734 
2774 5388734 
2775 5388734 
2776 5388734 
2777 5388734 
2778 5388734 
2779 5388734 
2780 5388734 
2781 5388734 
2782 5388734 
2783 5388734 
2784 5388734 
2785 5388734 
2786 5388734 
2787 5388734 
2788 5388734 
2789 5388734 
2790 5388734 
2791 5388734 
2792 5388734 
2793 5388734 
2794 5388734 
2795 5388734 
2796 5388734 
2797 5388734 
2798 5388734 
2799 5388734 
2800 5388734 
2801 5388734 
2802 5388734 
2803 5388734 
2804 5388734 
2805 5388734 
2806 5388734 
2807 5388734 
2808 5388734 
2809 5388734 
2810 5388734 
2811 5388734 
2812 5388734 
2813 5388734 
2814 5388734 
2815 5388734 
2816 5388734 
2817 5388734 
2818 5388734 
2819 5388734 
2820 5388734 
2821 5388734 
2822 5388734 
2823 5388734 
2824 5388734 
2825 5388734 
2826 5388734 
2827 5388734 
2828 5388734 
2829 5388734 
2830 5388734 
2831 5388734 
2832 5388734 
2833 5388734 
2834 5388734 
2835 5388734 
2836 5388734 
2837 5388734 
2838 5388734 
2839 5388734 
2840 5388734 
2841 5388734 
2842 5388734 
2843 5388734 
2844 5388734 
2845 5388734 
2846 5388734 
2847 5388734 
2848 5388734 
2849 5388734 
2850 5388734 
2851 5388734 
2852 5388734 
2853 5388734 
2854 5388734 
2855 5388734 
2856 5388734 
2857 5388734 
2858 5388734 
2859 5388734 
2860 5388734 
2861 5388734 
2862 5388734 
2863 5388734 
2864 5388734 
2865 5388734 
2866 5388734 
2867 5388734 
2868 5388734 
2869 5388734 
2870 5388734 
2871 5388734 
2872 5388734 
2873 5388734 
2874 5388734 
2875 5388734 
2876 5388734 
2877 5388734 
2878 5388734 
2879 5388734 
2880 5388734 
2881 5388734 
2882 5388734 
2883 5388734 
2884 5388734 
2885 5388734 
2886 5388734 
2887 5388734 
2888 5388734 
2889 5388734 
2890 5388734 
2891 5388734 
2892 5388734 
2893 5388734 
2894 5388734 
2895 5388734 
2896 5388734 
2897 5388734 
2898 5388734 
2899 5388734 
2900 5388734 
2901 5388734 
2902 5388734 
2903 5388734 
2904 5388734 
2905 5388734 
2906 5388734 
2907 5388734 
2908 5388734 
2909 5388734 
2910 5388734 
2911 5388734 
2912 5388734 
2913 5388734 
2914 5388734 
2915 5388734 
2916 5388734 
2917 5388734 
2918 5388734 
2919 5388734 
2920 5388734 
2921 5388734 
2922 5388734 
2923 5388734 
2924 5388734 
2925 5388734 
2926 5388734 
2927 5388734 
2928 5388734 
2929 5388734 
2930 5388734 
2931 5388734 
2932 5388734 
2933 5388734 
2934 5388734 
2935 5388734 
2936 5388734 
2937 5388734 
2938 5388734 
2939 5388734 
2940 5388734 
2941 5388734 
2942 5388734 
2943 5388734 
2944 5388734 
2945 5388734 
2946 5388734 
2947 5388734 
2948 5388734 
2949 5388734 
2950 5388734 
2951 5388734 
2952 5388734 
2953 5388734 
2954 5388734 
2955 5388734 
2956 5388734 
2957 5388734 
2958 5388734 
2959 5388734 
2960 5388734 
2961 5388734 
2962 5388734 
2963 5388734 
2964 5388734 
2965 5388734 
2966 5388734 
2967 5388734 
2968 5388734 
2969 5388734 
2970 5388734 
2971 5388734 
2972 5388734 
2973 5388734 
2974 5388734 
2975 5388734 
2976 5388734 
2977 5388734 
2978 5388734 
2979 5388734 
2980 5388734 
2981 5388734 
2982 5388734 
2983 5388734 
2984 5388734 
2985 5388734 
2986 5388734 
2987 5388734 
2988 5388734 
2989 5388734 
2990 5388734 
2991 5388734 
2992 5388734 
2993 5388734 
2994 5388734 
2995 5388734 
2996 5388734 
2997 5388734 
2998 5388734 
2999 5388734 
3000 5388734 
3001 5388734 
3002 5388734 
3003 5388734 
3004 5388734 
3005 5388734 
3006 5388734 
3007 5388734 
3008 5388734 
3009 5388734 
3010 5388734 
3011 5388734 
3012 5388734 
3013 5388734 
3014 5388734 
3015 5388734 
3016 5388734 
3017 5388734 
3018 5388734 
3019 5388734 
3020 5388734 
3021 5388734 
3022 5388734 
3023 5388734 
3024 5388734 
3025 5388734 
3026 5388734 
3027 5388734 
3028 5388734 
3029 5388734 
3030 5388734 
3031 5388734 
3032 5388734 
3033 5388734 
3034 5388734 
3035 5388734 
3036 5388734 
3037 5388734 
3038 5388734 
3039 5388734 
3040 5388734 
3041 5388734 
3042 5388734 
3043 5388734 
3044 5388734 
3045 5388734 
3046 5388734 
3047 5388734 
3048 5388734 
3049 5388734 
3050 5388734 
3051 5388734 
3052 5388734 
3053 5388734 
3054 5388734 
3055 5388734 
3056 5388734 
3057 5388734 
3058 5388734 
3059 5388734 
3060 5388734 
3061 5388734 
3062 5388734 
3063 5388734 
3064 5388734 
3065 5388734 
3066 5388734 
3067 5388734 
3068 5388734 
3069 5388734 
3070 5388734 
3071 5388734 
3072 5388734 
3073 5388734 
3074 5388734 
3075 5388734 
3076 5388734 
3077 5388734 
3078 5388734 
3079 5388734 
3080 5388734 

