0 5801167 
1 5746843 
2 5712071 
3 5711643 
4 5706321 
5 5705640 
6 5690024 
7 5687319 
8 5686347 
9 5686316 
10 5684288 
11 5682918 
12 5682708 
13 5681390 
14 5681146 
15 5679172 
16 5677423 
17 5676247 
18 5673500 
19 5670024 
20 5669645 
21 5669482 
22 5669215 
23 5668988 
24 5668916 
25 5666088 
26 5666048 
27 5665801 
28 5664019 
29 5663406 
30 5662009 
31 5648017 
32 5647639 
33 5647396 
34 5645835 
35 5645575 
36 5645390 
37 5645338 
38 5644851 
39 5639970 
40 5639743 
41 5637700 
42 5633612 
43 5632776 
44 5632605 
45 5632379 
46 5632308 
47 5631996 
48 5629021 
49 5628854 
50 5628324 
51 5627959 
52 5627473 
53 5616993 
54 5616773 
55 5616309 
56 5616273 
57 5616253 
58 5616227 
59 5615577 
60 5615544 
61 5615465 
62 5612550 
63 5612537 
64 5611999 
65 5611999 
66 5611828 
67 5611732 
68 5611658 
69 5610322 
70 5608101 
71 5608040 
72 5608040 
73 5607950 
74 5607402 
75 5607322 
76 5607299 
77 5607195 
78 5607146 
79 5607041 
80 5606321 
81 5606245 
82 5604287 
83 5604103 
84 5604085 
85 5602252 
86 5588994 
87 5588533 
88 5588325 
89 5587589 
90 5587416 
91 5587104 
92 5586974 
93 5580479 
94 5580309 
95 5580284 
96 5580033 
97 5580014 
98 5580014 
99 5579634 
100 5579626 
101 5579585 
102 5579344 
103 5579258 
104 5575787 
105 5575111 
106 5575087 
107 5573719 
108 5570158 
109 5569750 
110 5569589 
111 5566242 
112 5566217 
113 5557867 
114 5557747 
115 5556174 
116 5555981 
117 5554985 
118 5554985 
119 5554392 
120 5554328 
121 5553920 
122 5553900 
123 5553897 
124 5552118 
125 5551979 
126 5549970 
127 5547971 
128 5547956 
129 5547907 
130 5547646 
131 5546766 
132 5545964 
133 5545894 
134 5545892 
135 5543879 
136 5542399 
137 5542295 
138 5542269 
139 5542269 
140 5542233 
141 5541602 
142 5541558 
143 5541531 
144 5538994 
145 5537699 
146 5535480 
147 5535014 
148 5535010 
149 5534872 
150 5534140 
151 5533531 
152 5533289 
153 5531039 
154 5531003 
155 5530770 
156 5530588 
157 5530460 
158 5530310 
159 5529866 
160 5528614 
161 5526374 
162 5524019 
163 5523079 
164 5522958 
165 5522854 
166 5521762 
167 5521747 
168 5519790 
169 5519706 
170 5519603 
171 5519598 
172 5519568 
173 5517076 
174 5512437 
175 5512420 
176 5511649 
177 5511107 
178 5511031 
179 5507316 
180 5507092 
181 5506862 
182 5506084 
183 5505796 
184 5505538 
185 5501890 
186 5501770 
187 5501449 
188 5501359 
189 5501280 
190 5501263 
191 5501160 
192 5499780 
193 5499780 
194 5499529 
195 5494721 
196 5494294 
197 5494190 
198 5493350 
199 5492610 
200 5492515 
201 5491840 
202 5491624 
203 5491624 
204 5491624 
205 5486548 
206 5485508 
207 5485211 
208 5483822 
209 5483822 
210 5482546 
211 5479790 
212 5476519 
213 5476440 
214 5476230 
215 5472999 
216 5472919 
217 5472841 
218 5472522 
219 5472263 
220 5472137 
221 5471132 
222 5471061 
223 5470189 
224 5470188 
225 5470188 
226 5469891 
227 5468778 
228 5468071 
229 5467980 
230 5467980 
231 5466867 
232 5466651 
233 5466540 
234 5466426 
235 5466291 
236 5465228 
237 5464586 
238 5463714 
239 5463230 
240 5463190 
241 5463031 
242 5461577 
243 5461386 
244 5461386 
245 5461043 
246 5460827 
247 5460812 
248 5460673 
249 5459377 
250 5459244 
251 5459149 
252 5459074 
253 5459074 
254 5458358 
255 5458349 
256 5458284 
257 5458202 
258 5458198 
259 5458034 
260 5458034 
261 5457142 
262 5457100 
263 5457001 
264 5456993 
265 5456967 
266 5456926 
267 5456926 
268 5455204 
269 5455052 
270 5454525 
271 5451505 
272 5451505 
273 5451479 
274 5451479 
275 5451479 
276 5451479 
277 5451294 
278 5451285 
279 5451285 
280 5451285 
281 5451285 
282 5451285 
283 5451285 
284 5451285 
285 5451285 
286 5451285 
287 5451285 
288 5451285 
289 5451285 
290 5451285 
291 5451285 
292 5451285 
293 5451285 
294 5451285 
295 5451285 
296 5451285 
297 5451285 
298 5451285 
299 5451285 
300 5451285 
301 5451285 
302 5451285 
303 5451285 
304 5451285 
305 5451285 
306 5451285 
307 5451285 
308 5451285 
309 5451285 
310 5451285 
311 5451285 
312 5451285 
313 5451285 
314 5451285 
315 5451285 
316 5451285 
317 5451285 
318 5451285 
319 5451285 
320 5451285 
321 5451285 
322 5451285 
323 5451285 
324 5451285 
325 5451285 
326 5451285 
327 5451285 
328 5451285 
329 5451285 
330 5451285 
331 5451285 
332 5451285 
333 5451285 
334 5451285 
335 5451285 
336 5451285 
337 5451285 
338 5451285 
339 5451285 
340 5451285 
341 5451285 
342 5451285 
343 5451285 
344 5451285 
345 5451285 
346 5451285 
347 5451285 
348 5451285 
349 5451285 
350 5451285 
351 5451285 
352 5451285 
353 5451285 
354 5451285 
355 5451285 
356 5451285 
357 5451285 
358 5451285 
359 5451285 
360 5451285 
361 5451285 
362 5451285 
363 5451285 
364 5451285 
365 5451285 
366 5451285 
367 5451285 
368 5451285 
369 5451285 
370 5451285 
371 5451285 
372 5451285 
373 5451285 
374 5451285 
375 5451285 
376 5451285 
377 5451285 
378 5451285 
379 5451285 
380 5451285 
381 5451285 
382 5451285 
383 5451285 
384 5451285 
385 5451285 
386 5451285 
387 5451285 
388 5451285 
389 5451285 
390 5451285 
391 5451285 
392 5451285 
393 5451285 
394 5451285 
395 5451285 
396 5451285 
397 5451285 
398 5451285 
399 5451285 
400 5451285 
401 5451285 
402 5451285 
403 5451285 
404 5451285 
405 5451285 
406 5451285 
407 5451285 
408 5451285 
409 5451285 
410 5451285 
411 5451285 
412 5451285 
413 5451285 
414 5451285 
415 5451285 
416 5451285 
417 5451285 
418 5451285 
419 5451285 
420 5451285 
421 5451285 
422 5451285 
423 5451285 
424 5451285 
425 5451285 
426 5451285 
427 5451285 
428 5451285 
429 5451285 
430 5451285 
431 5451285 
432 5451285 
433 5451285 
434 5451285 
435 5451285 
436 5451285 
437 5451285 
438 5451285 
439 5451285 
440 5451285 
441 5451285 
442 5451285 
443 5451285 
444 5451285 
445 5451285 
446 5451285 
447 5451285 
448 5451285 
449 5451285 
450 5451285 
451 5451285 
452 5451285 
453 5451285 
454 5451285 
455 5451285 
456 5451285 
457 5451285 
458 5451285 
459 5451285 
460 5451285 
461 5451285 
462 5451285 
463 5451285 
464 5451285 
465 5451285 
466 5451285 
467 5451285 
468 5451285 
469 5451285 
470 5451285 
471 5451285 
472 5451285 
473 5451285 
474 5451285 
475 5451285 
476 5451285 
477 5451285 
478 5451285 
479 5451285 
480 5451285 
481 5451285 
482 5451285 
483 5451285 
484 5451285 
485 5451285 
486 5451285 
487 5451285 
488 5451285 
489 5451285 
490 5451285 
491 5451285 
492 5451285 
493 5451285 
494 5451285 
495 5451285 
496 5451285 
497 5451285 
498 5451285 
499 5451285 
500 5451285 
501 5451285 
502 5451285 
503 5451285 
504 5451285 
505 5451285 
506 5451285 
507 5451285 
508 5451285 
509 5451285 
510 5451285 
511 5451285 
512 5451285 
513 5451285 
514 5451285 
515 5451285 
516 5451285 
517 5451285 
518 5451285 
519 5451285 
520 5451285 
521 5451285 
522 5451285 
523 5451285 
524 5451285 
525 5451285 
526 5451285 
527 5451285 
528 5451285 
529 5451285 
530 5451285 
531 5451285 
532 5451285 
533 5451285 
534 5451285 
535 5451285 
536 5451285 
537 5451285 
538 5451285 
539 5451285 
540 5451285 
541 5451285 
542 5451285 
543 5451285 
544 5451285 
545 5451285 
546 5451285 
547 5451285 
548 5451285 
549 5451285 
550 5451285 
551 5451285 
552 5451285 
553 5451285 
554 5451285 
555 5451285 
556 5451285 
557 5451285 
558 5451285 
559 5451285 
560 5451285 
561 5451285 
562 5451285 
563 5451285 
564 5451285 
565 5451285 
566 5451285 
567 5451285 
568 5451285 
569 5451285 
570 5451285 
571 5451285 
572 5451285 
573 5451285 
574 5451285 
575 5451285 
576 5451285 
577 5451285 
578 5451285 
579 5451285 
580 5451285 
581 5451285 
582 5451285 
583 5451285 
584 5451285 
585 5451285 
586 5451285 
587 5451285 
588 5451285 
589 5451285 
590 5451285 
591 5451285 
592 5451285 
593 5451285 
594 5451285 
595 5451285 
596 5451285 
597 5451285 
598 5451285 
599 5451285 
600 5451285 
601 5451285 
602 5451285 
603 5451285 
604 5451285 
605 5451285 
606 5451285 
607 5451285 
608 5451285 
609 5451285 
610 5451285 
611 5451285 
612 5451285 
613 5451285 
614 5451285 
615 5451285 
616 5451285 
617 5451285 
618 5451285 
619 5451285 
620 5451285 
621 5451285 
622 5451285 
623 5451285 
624 5451285 
625 5451285 
626 5451285 
627 5451285 
628 5451285 
629 5451285 
630 5451285 
631 5451285 
632 5451285 
633 5451285 
634 5451285 
635 5451285 
636 5451285 
637 5451285 
638 5451285 
639 5451285 
640 5451285 
641 5451285 
642 5451285 
643 5451285 
644 5451285 
645 5451285 
646 5451285 
647 5451285 
648 5451285 
649 5451285 
650 5451285 
651 5451285 
652 5451285 
653 5451285 
654 5451285 
655 5451285 
656 5451285 
657 5451285 
658 5451285 
659 5451285 
660 5451285 
661 5451285 
662 5451285 
663 5451285 
664 5451285 
665 5451285 
666 5451285 
667 5451285 
668 5451285 
669 5451285 
670 5451285 
671 5451285 
672 5451285 
673 5451285 
674 5451285 
675 5451285 
676 5451285 
677 5451285 
678 5451285 
679 5451285 
680 5451285 
681 5451285 
682 5451285 
683 5451285 
684 5451285 
685 5451285 
686 5451285 
687 5451285 
688 5451285 
689 5451285 
690 5451285 
691 5451285 
692 5451285 
693 5451285 
694 5451285 
695 5451285 
696 5451285 
697 5451285 
698 5451285 
699 5451285 
700 5451285 
701 5451285 
702 5451285 
703 5451285 
704 5451285 
705 5451285 
706 5451285 
707 5451285 
708 5451285 
709 5451285 
710 5451285 
711 5451285 
712 5451285 
713 5451285 
714 5451285 
715 5451285 
716 5451285 
717 5451285 
718 5451285 
719 5451285 
720 5451285 
721 5451285 
722 5451285 
723 5451285 
724 5451285 
725 5451285 
726 5451285 
727 5451285 
728 5451285 
729 5451285 
730 5451285 
731 5451285 
732 5451285 
733 5451285 
734 5451285 
735 5451285 
736 5451285 
737 5451285 
738 5451285 
739 5451285 
740 5451285 
741 5451285 
742 5451285 
743 5451285 
744 5451285 
745 5451285 
746 5451285 
747 5451285 
748 5451285 
749 5451285 
750 5451285 
751 5451285 
752 5451285 
753 5451285 
754 5451285 
755 5451285 
756 5451285 
757 5451285 
758 5451285 
759 5451285 
760 5451285 
761 5451285 
762 5451285 
763 5451285 
764 5451285 
765 5451285 
766 5451285 
767 5451285 
768 5451285 
769 5451285 
770 5451285 
771 5451285 
772 5451285 
773 5451285 
774 5451285 
775 5451285 
776 5451285 
777 5451285 
778 5451285 
779 5451285 
780 5451285 
781 5451285 
782 5451285 
783 5451285 
784 5451285 
785 5451285 
786 5451285 
787 5451285 
788 5451285 
789 5451285 
790 5451285 
791 5451285 
792 5451285 
793 5451285 
794 5451285 
795 5451285 
796 5451285 
797 5451285 
798 5451285 
799 5451285 
800 5451285 
801 5451285 
802 5451285 
803 5451285 
804 5451285 
805 5451285 
806 5451285 
807 5451285 
808 5451285 
809 5451285 
810 5451285 
811 5451285 
812 5451285 
813 5451285 
814 5451285 
815 5451285 
816 5451285 
817 5451285 
818 5451285 
819 5451285 
820 5451285 
821 5451285 
822 5451285 
823 5451285 
824 5451285 
825 5451285 
826 5451285 
827 5451285 
828 5451285 
829 5451285 
830 5451285 
831 5451285 
832 5451285 
833 5451285 
834 5451285 
835 5451285 
836 5451285 
837 5451285 
838 5451285 
839 5451285 
840 5451285 
841 5451285 
842 5451285 
843 5451285 
844 5451285 
845 5451285 
846 5451285 
847 5451285 
848 5451285 
849 5451285 
850 5451285 
851 5451285 
852 5451285 
853 5451285 
854 5451285 
855 5451285 
856 5451285 
857 5451285 
858 5451285 
859 5451285 
860 5451285 
861 5451285 
862 5451285 
863 5451285 
864 5451285 
865 5451285 
866 5451285 
867 5451285 
868 5451285 
869 5451285 
870 5451285 
871 5451285 
872 5451285 
873 5451285 
874 5451285 
875 5451285 
876 5451285 
877 5451285 
878 5451285 
879 5451285 
880 5451285 
881 5451285 
882 5451285 
883 5451285 
884 5451285 
885 5451285 
886 5451285 
887 5451285 
888 5451285 
889 5451285 
890 5451285 
891 5451285 
892 5451285 
893 5451285 
894 5451285 
895 5451285 
896 5451285 
897 5451285 
898 5451285 
899 5451285 
900 5451285 
901 5451285 
902 5451285 
903 5451285 
904 5451285 
905 5451285 
906 5451285 
907 5451285 
908 5451285 
909 5451285 
910 5451285 
911 5451285 
912 5451285 
913 5451285 
914 5451285 
915 5451285 
916 5451285 
917 5451285 
918 5451285 
919 5451285 
920 5451285 
921 5451285 
922 5451285 
923 5451285 
924 5451285 
925 5451285 
926 5451285 
927 5451285 
928 5451285 
929 5451285 
930 5451285 
931 5451285 
932 5451285 
933 5451285 
934 5451285 
935 5451285 
936 5451285 
937 5451285 
938 5451285 
939 5451285 
940 5451285 
941 5451285 
942 5451285 
943 5451285 
944 5451285 
945 5451285 
946 5451285 
947 5451285 
948 5451285 
949 5451285 
950 5451285 
951 5451285 
952 5451285 
953 5451285 
954 5451285 
955 5451285 
956 5451285 
957 5451285 
958 5451285 
959 5451285 
960 5451285 
961 5451285 
962 5451285 
963 5451285 
964 5451285 
965 5451285 
966 5451285 
967 5451285 
968 5451285 
969 5451285 
970 5451285 
971 5451285 
972 5451285 
973 5451285 
974 5451285 
975 5451285 
976 5451285 
977 5451285 
978 5451285 
979 5451285 
980 5451285 
981 5451285 
982 5451285 
983 5451285 
984 5451285 
985 5451285 
986 5451285 
987 5451285 
988 5451285 
989 5451285 
990 5451285 
991 5451285 
992 5451285 
993 5451285 
994 5451285 
995 5451285 
996 5451285 
997 5451285 
998 5451285 
999 5451285 
1000 5451285 
1001 5451285 
1002 5451285 
1003 5451285 
1004 5451285 
1005 5451285 
1006 5451285 
1007 5451285 
1008 5451285 
1009 5451285 
1010 5451285 
1011 5451285 
1012 5451285 
1013 5451285 
1014 5451285 
1015 5451285 
1016 5451285 
1017 5451285 
1018 5451285 
1019 5451285 
1020 5451285 
1021 5451285 
1022 5451285 
1023 5451285 
1024 5451285 
1025 5451285 
1026 5451285 
1027 5451285 
1028 5451285 
1029 5451285 
1030 5451285 
1031 5451285 
1032 5451285 
1033 5451285 
1034 5451285 
1035 5451285 
1036 5451285 
1037 5451285 
1038 5451285 
1039 5451285 
1040 5451285 
1041 5451285 
1042 5451285 
1043 5451285 
1044 5451285 
1045 5451285 
1046 5451285 
1047 5451285 
1048 5451285 
1049 5451285 
1050 5451285 
1051 5451285 
1052 5451285 
1053 5451285 
1054 5451285 
1055 5451285 
1056 5451285 
1057 5451285 
1058 5451285 
1059 5451285 
1060 5451285 
1061 5451285 
1062 5451285 
1063 5451285 
1064 5451285 
1065 5451285 
1066 5451285 
1067 5451285 
1068 5451285 
1069 5451285 
1070 5451285 
1071 5451285 
1072 5451285 
1073 5451285 
1074 5451285 
1075 5451285 
1076 5451285 
1077 5451285 
1078 5451285 
1079 5451285 
1080 5451285 
1081 5451285 
1082 5451285 
1083 5451285 
1084 5451285 
1085 5451285 
1086 5451285 
1087 5451285 
1088 5451285 
1089 5451285 
1090 5451285 
1091 5451285 
1092 5451285 
1093 5451285 
1094 5451285 
1095 5451285 
1096 5451285 
1097 5451285 
1098 5451285 
1099 5451285 
1100 5451285 
1101 5451285 
1102 5451285 
1103 5451285 
1104 5451285 
1105 5451285 
1106 5451285 
1107 5451285 
1108 5451285 
1109 5451285 
1110 5451285 
1111 5451285 
1112 5451285 
1113 5451285 
1114 5451285 
1115 5451285 
1116 5451285 
1117 5451285 
1118 5451285 
1119 5451285 
1120 5451285 
1121 5451285 
1122 5451285 
1123 5451285 
1124 5451285 
1125 5451285 
1126 5451285 
1127 5451285 
1128 5451285 
1129 5451285 
1130 5451285 
1131 5451285 
1132 5451285 
1133 5451285 
1134 5451285 
1135 5451285 
1136 5451285 
1137 5451285 
1138 5451285 
1139 5451285 
1140 5451285 
1141 5451285 
1142 5451285 
1143 5451285 
1144 5451285 
1145 5451285 
1146 5451285 
1147 5451285 
1148 5451285 
1149 5451285 
1150 5451285 
1151 5451285 
1152 5451285 
1153 5451285 
1154 5451285 
1155 5451285 
1156 5451285 
1157 5451285 
1158 5451285 
1159 5451285 
1160 5451285 
1161 5451285 
1162 5451285 
1163 5451285 
1164 5451285 
1165 5451285 
1166 5451285 
1167 5451285 
1168 5451285 
1169 5451285 
1170 5451285 
1171 5451285 
1172 5451285 
1173 5451285 
1174 5451285 
1175 5451285 
1176 5451285 
1177 5451285 
1178 5451285 
1179 5451285 
1180 5451285 
1181 5451285 
1182 5451285 
1183 5451285 
1184 5451285 
1185 5451285 
1186 5451285 
1187 5451285 
1188 5451285 
1189 5451285 
1190 5451285 
1191 5451285 
1192 5451285 
1193 5451285 
1194 5451285 
1195 5451285 
1196 5451285 
1197 5451285 
1198 5451285 
1199 5451285 
1200 5451285 
1201 5451285 
1202 5451285 
1203 5451285 
1204 5451285 
1205 5451285 
1206 5451285 
1207 5451285 
1208 5451285 
1209 5451285 
1210 5451285 
1211 5451285 
1212 5451285 
1213 5451285 
1214 5451285 
1215 5451285 
1216 5451285 
1217 5451285 
1218 5451285 
1219 5451285 
1220 5451285 
1221 5451285 
1222 5451285 
1223 5451285 
1224 5451285 
1225 5451285 
1226 5451285 
1227 5451285 
1228 5451285 
1229 5451285 
1230 5451285 
1231 5451285 
1232 5451285 
1233 5451285 
1234 5451285 
1235 5451285 
1236 5451285 
1237 5451285 
1238 5451285 
1239 5451285 
1240 5451285 
1241 5451285 
1242 5451285 
1243 5451285 
1244 5451285 
1245 5451285 
1246 5451285 
1247 5451285 
1248 5451285 
1249 5451285 
1250 5451285 
1251 5451285 
1252 5451285 
1253 5451285 
1254 5451285 
1255 5451285 
1256 5451285 
1257 5451285 
1258 5451285 
1259 5451285 
1260 5451285 
1261 5451285 
1262 5451285 
1263 5451285 
1264 5451285 
1265 5451285 
1266 5451285 
1267 5451285 
1268 5451285 
1269 5451285 
1270 5451285 
1271 5451285 
1272 5451285 
1273 5451285 
1274 5451285 
1275 5451285 
1276 5451285 
1277 5451285 
1278 5451285 
1279 5451285 
1280 5451285 
1281 5451285 
1282 5451285 
1283 5451285 
1284 5451285 
1285 5451285 
1286 5451285 
1287 5451285 
1288 5451285 
1289 5451285 
1290 5451285 
1291 5451285 
1292 5451285 
1293 5451285 
1294 5451285 
1295 5451285 
1296 5451285 
1297 5451285 
1298 5451285 
1299 5451285 
1300 5451285 
1301 5451285 
1302 5451285 
1303 5451285 
1304 5451285 
1305 5451285 
1306 5451285 
1307 5451285 
1308 5451285 
1309 5451285 
1310 5451285 
1311 5451285 
1312 5451285 
1313 5451285 
1314 5451285 
1315 5451285 
1316 5451285 
1317 5451285 
1318 5451285 
1319 5451285 
1320 5451285 
1321 5451285 
1322 5451285 
1323 5451285 
1324 5451285 
1325 5451285 
1326 5451285 
1327 5451285 
1328 5451285 
1329 5451285 
1330 5451285 
1331 5451285 
1332 5451285 
1333 5451285 
1334 5451285 
1335 5451285 
1336 5451285 
1337 5451285 
1338 5451285 
1339 5451285 
1340 5451285 
1341 5451285 
1342 5451285 
1343 5451285 
1344 5451285 
1345 5451285 
1346 5451285 
1347 5451285 
1348 5451285 
1349 5451285 
1350 5451285 
1351 5451285 
1352 5451285 
1353 5451285 
1354 5451285 
1355 5451285 
1356 5451285 
1357 5451285 
1358 5451285 
1359 5451285 
1360 5451285 
1361 5451285 
1362 5451285 
1363 5451285 
1364 5451285 
1365 5451285 
1366 5451285 
1367 5451285 
1368 5451285 
1369 5451285 
1370 5451285 
1371 5451285 
1372 5451285 
1373 5451285 
1374 5451285 
1375 5451285 
1376 5451285 
1377 5451285 
1378 5451285 
1379 5451285 
1380 5451285 
1381 5451285 
1382 5451285 
1383 5451285 
1384 5451285 
1385 5451285 
1386 5451285 
1387 5451285 
1388 5451285 
1389 5451285 
1390 5451285 
1391 5451285 
1392 5451285 
1393 5451285 
1394 5451285 
1395 5451285 
1396 5451285 
1397 5451285 
1398 5451285 
1399 5451285 
1400 5451285 
1401 5451285 
1402 5451285 
1403 5451285 
1404 5451285 
1405 5451285 
1406 5451285 
1407 5451285 
1408 5451285 
1409 5451285 
1410 5451285 
1411 5451285 
1412 5451285 
1413 5451285 
1414 5451285 
1415 5451285 
1416 5451285 
1417 5451285 
1418 5451285 
1419 5451285 
1420 5451285 
1421 5451285 
1422 5451285 
1423 5451285 
1424 5451285 
1425 5451285 
1426 5451285 
1427 5451285 
1428 5451285 
1429 5451285 
1430 5451285 
1431 5451285 
1432 5451285 
1433 5451285 
1434 5451285 
1435 5451285 
1436 5451285 
1437 5451285 
1438 5451285 
1439 5451285 
1440 5451285 
1441 5451285 
1442 5451285 
1443 5451285 
1444 5451285 
1445 5451285 
1446 5451285 
1447 5451285 
1448 5451285 
1449 5451285 
1450 5451285 
1451 5451285 
1452 5451285 
1453 5451285 
1454 5451285 
1455 5451285 
1456 5451285 
1457 5451285 
1458 5451285 
1459 5451285 
1460 5451285 
1461 5451285 
1462 5451285 
1463 5451285 
1464 5451285 
1465 5451285 
1466 5451285 
1467 5451285 
1468 5451285 
1469 5451285 
1470 5451285 
1471 5451285 
1472 5451285 
1473 5451285 
1474 5451285 
1475 5451285 
1476 5451285 
1477 5451285 
1478 5451285 
1479 5451285 
1480 5451285 
1481 5451285 
1482 5451285 
1483 5451285 
1484 5451285 
1485 5451285 
1486 5451285 
1487 5451285 
1488 5451285 
1489 5451285 
1490 5451285 
1491 5451285 
1492 5451285 
1493 5451285 
1494 5451285 
1495 5451285 
1496 5451285 
1497 5451285 
1498 5451285 
1499 5451285 
1500 5451285 
1501 5451285 
1502 5451285 
1503 5451285 
1504 5451285 
1505 5451285 
1506 5451285 
1507 5451285 
1508 5451285 
1509 5451285 
1510 5451285 
1511 5451285 
1512 5451285 
1513 5451285 
1514 5451285 
1515 5451285 
1516 5451285 
1517 5451285 
1518 5451285 
1519 5451285 
1520 5451285 
1521 5451285 
1522 5451285 
1523 5451285 
1524 5451285 
1525 5451285 
1526 5451285 
1527 5451285 
1528 5451285 
1529 5451285 
1530 5451285 
1531 5451285 
1532 5451285 
1533 5451285 
1534 5451285 
1535 5451285 
1536 5451285 
1537 5451285 
1538 5451285 
1539 5451285 
1540 5451285 
1541 5451285 
1542 5451285 
1543 5451285 
1544 5451285 
1545 5451285 
1546 5451285 
1547 5451285 
1548 5451285 
1549 5451285 
1550 5451285 
1551 5451285 
1552 5451285 
1553 5451285 
1554 5451285 
1555 5451285 
1556 5451285 
1557 5451285 
1558 5451285 
1559 5451285 
1560 5451285 
1561 5451285 
1562 5451285 
1563 5451285 
1564 5451285 
1565 5451285 
1566 5451285 
1567 5451285 
1568 5451285 
1569 5451285 
1570 5451285 
1571 5451285 
1572 5451285 
1573 5451285 
1574 5451285 
1575 5451285 
1576 5451285 
1577 5451285 
1578 5451285 
1579 5451285 
1580 5451285 
1581 5451285 
1582 5451285 
1583 5451285 
1584 5451285 
1585 5451285 
1586 5451285 
1587 5451285 
1588 5451285 
1589 5451285 
1590 5451285 
1591 5451285 
1592 5451285 
1593 5451285 
1594 5451285 
1595 5451285 
1596 5451285 
1597 5451285 
1598 5451285 
1599 5451285 
1600 5451285 
1601 5451285 
1602 5451285 
1603 5451285 
1604 5451285 
1605 5451285 
1606 5451285 
1607 5451285 
1608 5451285 
1609 5451285 
1610 5451285 
1611 5451285 
1612 5451285 
1613 5451285 
1614 5451285 
1615 5451285 
1616 5451285 
1617 5451285 
1618 5451285 
1619 5451285 
1620 5451285 
1621 5451285 
1622 5451285 
1623 5451285 
1624 5451285 
1625 5451285 
1626 5451285 
1627 5451285 
1628 5451285 
1629 5451285 
1630 5451285 
1631 5451285 
1632 5451285 
1633 5451285 
1634 5451285 
1635 5451285 
1636 5451285 
1637 5451285 
1638 5451285 
1639 5451285 
1640 5451285 
1641 5451285 
1642 5451285 
1643 5451285 
1644 5451285 
1645 5451285 
1646 5451285 
1647 5451285 
1648 5451285 
1649 5451285 
1650 5451285 
1651 5451285 
1652 5451285 
1653 5451285 
1654 5451285 
1655 5451285 
1656 5451285 
1657 5451285 
1658 5451285 
1659 5451285 
1660 5451285 
1661 5451285 
1662 5451285 
1663 5451285 
1664 5451285 
1665 5451285 
1666 5451285 
1667 5451285 
1668 5451285 
1669 5451285 
1670 5451285 
1671 5451285 
1672 5451285 
1673 5451285 
1674 5451285 
1675 5451285 
1676 5451285 
1677 5451285 
1678 5451285 
1679 5451285 
1680 5451285 
1681 5451285 
1682 5451285 
1683 5451285 
1684 5451285 
1685 5451285 
1686 5451285 
1687 5451285 
1688 5451285 
1689 5451285 
1690 5451285 
1691 5451285 
1692 5451285 
1693 5451285 
1694 5451285 
1695 5451285 
1696 5451285 
1697 5451285 
1698 5451285 
1699 5451285 
1700 5451285 
1701 5451285 
1702 5451285 
1703 5451285 
1704 5451285 
1705 5451285 
1706 5451285 
1707 5451285 
1708 5451285 
1709 5451285 
1710 5451285 
1711 5451285 
1712 5451285 
1713 5451285 
1714 5451285 
1715 5451285 
1716 5451285 
1717 5451285 
1718 5451285 
1719 5451285 
1720 5451285 
1721 5451285 
1722 5451285 
1723 5451285 
1724 5451285 
1725 5451285 
1726 5451285 
1727 5451285 
1728 5451285 
1729 5451285 
1730 5451285 
1731 5451285 
1732 5451285 
1733 5451285 
1734 5451285 
1735 5451285 
1736 5451285 
1737 5451285 
1738 5451285 
1739 5451285 
1740 5451285 
1741 5451285 
1742 5451285 
1743 5451285 
1744 5451285 
1745 5451285 
1746 5451285 
1747 5451285 
1748 5451285 
1749 5451285 
1750 5451285 
1751 5451285 
1752 5451285 
1753 5451285 
1754 5451285 
1755 5451285 
1756 5451285 
1757 5451285 
1758 5451285 
1759 5451285 
1760 5451285 
1761 5451285 
1762 5451285 
1763 5451285 
1764 5451285 
1765 5451285 
1766 5451285 
1767 5451285 
1768 5451285 
1769 5451285 
1770 5451285 
1771 5451285 
1772 5451285 
1773 5451285 
1774 5451285 
1775 5451285 
1776 5451285 
1777 5451285 
1778 5451285 
1779 5451285 
1780 5451285 
1781 5451285 
1782 5451285 
1783 5451285 
1784 5451285 
1785 5451285 
1786 5451285 
1787 5451285 
1788 5451285 
1789 5451285 
1790 5451285 
1791 5451285 
1792 5451285 
1793 5451285 
1794 5451285 
1795 5451285 
1796 5451285 
1797 5451285 
1798 5451285 
1799 5451285 
1800 5451285 
1801 5451285 
1802 5451285 
1803 5451285 
1804 5451285 
1805 5451285 
1806 5451285 
1807 5451285 
1808 5451285 
1809 5451285 
1810 5451285 
1811 5451285 
1812 5451285 
1813 5451285 
1814 5451285 
1815 5451285 
1816 5451285 
1817 5451285 
1818 5451285 
1819 5451285 
1820 5451285 
1821 5451285 
1822 5451285 
1823 5451285 
1824 5451285 
1825 5451285 
1826 5451285 
1827 5451285 
1828 5451285 
1829 5451285 
1830 5451285 
1831 5451285 
1832 5451285 
1833 5451285 
1834 5451285 
1835 5451285 
1836 5451285 
1837 5451285 
1838 5451285 
1839 5451285 
1840 5451285 
1841 5451285 
1842 5451285 
1843 5451285 
1844 5451285 
1845 5451285 
1846 5451285 
1847 5451285 
1848 5451285 
1849 5451285 
1850 5451285 
1851 5451285 
1852 5451285 
1853 5451285 
1854 5451285 
1855 5451285 
1856 5451285 
1857 5451285 
1858 5451285 
1859 5451285 
1860 5451285 
1861 5451285 
1862 5451285 
1863 5451285 
1864 5451285 
1865 5451285 
1866 5451285 
1867 5451285 
1868 5451285 
1869 5451285 
1870 5451285 
1871 5451285 
1872 5451285 
1873 5451285 
1874 5451285 
1875 5451285 
1876 5451285 
1877 5451285 
1878 5451285 
1879 5451285 
1880 5451285 
1881 5451285 
1882 5451285 
1883 5451285 
1884 5451285 
1885 5451285 
1886 5451285 
1887 5451285 
1888 5451285 
1889 5451285 
1890 5451285 
1891 5451285 
1892 5451285 
1893 5451285 
1894 5451285 
1895 5451285 
1896 5451285 
1897 5451285 
1898 5451285 
1899 5451285 
1900 5451285 
1901 5451285 
1902 5451285 
1903 5451285 
1904 5451285 
1905 5451285 
1906 5451285 
1907 5451285 
1908 5451285 
1909 5451285 
1910 5451285 
1911 5451285 
1912 5451285 
1913 5451285 
1914 5451285 
1915 5451285 
1916 5451285 
1917 5451285 
1918 5451285 
1919 5451285 
1920 5451285 
1921 5451285 
1922 5451285 
1923 5451285 
1924 5451285 
1925 5451285 
1926 5451285 
1927 5451285 
1928 5451285 
1929 5451285 
1930 5451285 
1931 5451285 
1932 5451285 
1933 5451285 
1934 5451285 
1935 5451285 
1936 5451285 
1937 5451285 
1938 5451285 
1939 5451285 
1940 5451285 
1941 5451285 
1942 5451285 
1943 5451285 
1944 5451285 
1945 5451285 
1946 5451285 
1947 5451285 
1948 5451285 
1949 5451285 
1950 5451285 
1951 5451285 
1952 5451285 
1953 5451285 
1954 5451285 
1955 5451285 
1956 5451285 
1957 5451285 
1958 5451285 
1959 5451285 
1960 5451285 
1961 5451285 
1962 5451285 
1963 5451285 
1964 5451285 
1965 5451285 
1966 5451285 
1967 5451285 
1968 5451285 
1969 5451285 
1970 5451285 
1971 5451285 
1972 5451285 
1973 5451285 
1974 5451285 
1975 5451285 
1976 5451285 
1977 5451285 
1978 5451285 
1979 5451285 
1980 5451285 
1981 5451285 
1982 5451285 
1983 5451285 
1984 5451285 
1985 5451285 
1986 5451285 
1987 5451285 
1988 5451285 
1989 5451285 
1990 5451285 
1991 5451285 
1992 5451285 
1993 5451285 
1994 5451285 
1995 5451285 
1996 5451285 
1997 5451285 
1998 5451285 
1999 5451285 
2000 5451285 
2001 5451285 
2002 5451285 
2003 5451285 
2004 5451285 
2005 5451285 
2006 5451285 
2007 5451285 
2008 5451285 
2009 5451285 
2010 5451285 
2011 5451285 
2012 5451285 
2013 5451285 
2014 5451285 
2015 5451285 
2016 5451285 
2017 5451285 
2018 5451285 
2019 5451285 
2020 5451285 
2021 5451285 
2022 5451285 
2023 5451285 
2024 5451285 
2025 5451285 
2026 5451285 
2027 5451285 
2028 5451285 
2029 5451285 
2030 5451285 
2031 5451285 
2032 5451285 
2033 5451285 
2034 5451285 
2035 5451285 
2036 5451285 
2037 5451285 
2038 5451285 
2039 5451285 
2040 5451285 
2041 5451285 
2042 5451285 
2043 5451285 
2044 5451285 
2045 5451285 
2046 5451285 
2047 5451285 
2048 5451285 
2049 5451285 
2050 5451285 
2051 5451285 
2052 5451285 
2053 5451285 
2054 5451285 
2055 5451285 
2056 5451285 
2057 5451285 
2058 5451285 
2059 5451285 
2060 5451285 
2061 5451285 
2062 5451285 
2063 5451285 
2064 5451285 
2065 5451285 
2066 5451285 
2067 5451285 
2068 5451285 
2069 5451285 
2070 5451285 
2071 5451285 
2072 5451285 
2073 5451285 
2074 5451285 
2075 5451285 
2076 5451285 
2077 5451285 
2078 5451285 
2079 5451285 
2080 5451285 
2081 5451285 
2082 5451285 
2083 5451285 
2084 5451285 
2085 5451285 
2086 5451285 
2087 5451285 
2088 5451285 
2089 5451285 
2090 5451285 
2091 5451285 
2092 5451285 
2093 5451285 
2094 5451285 
2095 5451285 
2096 5451285 
2097 5451285 
2098 5451285 
2099 5451285 
2100 5451285 
2101 5451285 
2102 5451285 
2103 5451285 
2104 5451285 
2105 5451285 
2106 5451285 
2107 5451285 
2108 5451285 
2109 5451285 
2110 5451285 
2111 5451285 
2112 5451285 
2113 5451285 
2114 5451285 
2115 5451285 
2116 5451285 
2117 5451285 
2118 5451285 
2119 5451285 
2120 5451285 
2121 5451285 
2122 5451285 
2123 5451285 
2124 5451285 
2125 5451285 
2126 5451285 
2127 5451285 
2128 5451285 
2129 5451285 
2130 5451285 
2131 5451285 
2132 5451285 
2133 5451285 
2134 5451285 
2135 5451285 
2136 5451285 
2137 5451285 
2138 5451285 
2139 5451285 
2140 5451285 
2141 5451285 
2142 5451285 
2143 5451285 
2144 5451285 
2145 5451285 
2146 5451285 
2147 5451285 
2148 5451285 
2149 5451285 
2150 5451285 
2151 5451285 
2152 5451285 
2153 5451285 
2154 5451285 
2155 5451285 
2156 5451285 
2157 5451285 
2158 5451285 
2159 5451285 
2160 5451285 
2161 5451285 
2162 5451285 
2163 5451285 
2164 5451285 
2165 5451285 
2166 5451285 
2167 5451285 
2168 5451285 
2169 5451285 
2170 5451285 
2171 5451285 
2172 5451285 
2173 5451285 
2174 5451285 
2175 5451285 
2176 5451285 
2177 5451285 
2178 5451285 
2179 5451285 
2180 5451285 
2181 5451285 
2182 5451285 
2183 5451285 
2184 5451285 
2185 5451285 
2186 5451285 
2187 5451285 
2188 5451285 
2189 5451285 
2190 5451285 
2191 5451285 
2192 5451285 
2193 5451285 
2194 5451285 
2195 5451285 
2196 5451285 
2197 5451285 
2198 5451285 
2199 5451285 
2200 5451285 
2201 5451285 
2202 5451285 
2203 5451285 
2204 5451285 
2205 5451285 
2206 5451285 
2207 5451285 
2208 5451285 
2209 5451285 
2210 5451285 
2211 5451285 
2212 5451285 
2213 5451285 
2214 5451285 
2215 5451285 
2216 5451285 
2217 5451285 
2218 5451285 
2219 5451285 
2220 5451285 
2221 5451285 
2222 5451285 
2223 5451285 
2224 5451285 
2225 5451285 
2226 5451285 
2227 5451285 
2228 5451285 
2229 5451285 
2230 5451285 
2231 5451285 
2232 5451285 
2233 5451285 
2234 5451285 
2235 5451285 
2236 5451285 
2237 5451285 
2238 5451285 
2239 5451285 
2240 5451285 
2241 5451285 
2242 5451285 
2243 5451285 
2244 5451285 
2245 5451285 
2246 5451285 
2247 5451285 
2248 5451285 
2249 5451285 
2250 5451285 
2251 5451285 
2252 5451285 
2253 5451285 
2254 5451285 
2255 5451285 
2256 5451285 
2257 5451285 
2258 5451285 
2259 5451285 
2260 5451285 
2261 5451285 
2262 5451285 
2263 5451285 
2264 5451285 
2265 5451285 
2266 5451285 
2267 5451285 
2268 5451285 
2269 5451285 
2270 5451285 
2271 5451285 
2272 5451285 
2273 5451285 
2274 5451285 
2275 5451285 
2276 5451285 
2277 5451285 
2278 5451285 
2279 5451285 
2280 5451285 
2281 5451285 
2282 5451285 
2283 5451285 
2284 5451285 
2285 5451285 
2286 5451285 
2287 5451285 
2288 5451285 
2289 5451285 
2290 5451285 
2291 5451285 
2292 5451285 
2293 5451285 
2294 5451285 
2295 5451285 
2296 5451285 
2297 5451285 
2298 5451285 
2299 5451285 
2300 5451285 
2301 5451285 
2302 5451285 
2303 5451285 
2304 5451285 
2305 5451285 
2306 5451285 
2307 5451285 
2308 5451285 
2309 5451285 
2310 5451285 
2311 5451285 
2312 5451285 
2313 5451285 
2314 5451285 
2315 5451285 
2316 5451285 
2317 5451285 
2318 5451285 
2319 5451285 
2320 5451285 
2321 5451285 
2322 5451285 
2323 5451285 
2324 5451285 
2325 5451285 
2326 5451285 
2327 5451285 
2328 5451285 
2329 5451285 
2330 5451285 
2331 5451285 
2332 5451285 
2333 5451285 
2334 5451285 
2335 5451285 
2336 5451285 
2337 5451285 
2338 5451285 
2339 5451285 
2340 5451285 
2341 5451285 
2342 5451285 
2343 5451285 
2344 5451285 
2345 5451285 
2346 5451285 
2347 5451285 
2348 5451285 
2349 5451285 
2350 5451285 
2351 5451285 
2352 5451285 
2353 5451285 
2354 5451285 
2355 5451285 
2356 5451285 
2357 5451285 
2358 5451285 
2359 5451285 
2360 5451285 
2361 5451285 
2362 5451285 
2363 5451285 
2364 5451285 
2365 5451285 
2366 5451285 
2367 5451285 
2368 5451285 
2369 5451285 
2370 5451285 
2371 5451285 
2372 5451285 
2373 5451285 
2374 5451285 
2375 5451285 
2376 5451285 
2377 5451285 
2378 5451285 
2379 5451285 
2380 5451285 
2381 5451285 
2382 5451285 
2383 5451285 
2384 5451285 
2385 5451285 
2386 5451285 
2387 5451285 
2388 5451285 
2389 5451285 
2390 5451285 
2391 5451285 
2392 5451285 
2393 5451285 
2394 5451285 
2395 5451285 
2396 5451285 
2397 5451285 
2398 5451285 
2399 5451285 
2400 5451285 
2401 5451285 
2402 5451285 
2403 5451285 
2404 5451285 
2405 5451285 
2406 5451285 
2407 5451285 
2408 5451285 
2409 5451285 
2410 5451285 
2411 5451285 
2412 5451285 
2413 5451285 
2414 5451285 
2415 5451285 
2416 5451285 
2417 5451285 
2418 5451285 
2419 5451285 
2420 5451285 
2421 5451285 
2422 5451285 
2423 5451285 
2424 5451285 
2425 5451285 
2426 5451285 
2427 5451285 
2428 5451285 
2429 5451285 
2430 5451285 
2431 5451285 
2432 5451285 
2433 5451285 
2434 5451285 
2435 5451285 
2436 5451285 
2437 5451285 
2438 5451285 
2439 5451285 
2440 5451285 
2441 5451285 
2442 5451285 
2443 5451285 
2444 5451285 
2445 5451285 
2446 5451285 
2447 5451285 
2448 5451285 
2449 5451285 
2450 5451285 
2451 5451285 
2452 5451285 
2453 5451285 
2454 5451285 
2455 5451285 
2456 5451285 
2457 5451285 
2458 5451285 
2459 5451285 
2460 5451285 
2461 5451285 
2462 5451285 
2463 5451285 
2464 5451285 
2465 5451285 
2466 5451285 
2467 5451285 
2468 5451285 
2469 5451285 
2470 5451285 
2471 5451285 
2472 5451285 
2473 5451285 
2474 5451285 
2475 5451285 
2476 5451285 
2477 5451285 
2478 5451285 
2479 5451285 
2480 5451285 
2481 5451285 
2482 5451285 
2483 5451285 
2484 5451285 
2485 5451285 
2486 5451285 
2487 5451285 
2488 5451285 
2489 5451285 
2490 5451285 
2491 5451285 
2492 5451285 
2493 5451285 
2494 5451285 
2495 5451285 
2496 5451285 
2497 5451285 
2498 5451285 
2499 5451285 
2500 5451285 
2501 5451285 
2502 5451285 
2503 5451285 
2504 5451285 
2505 5451285 
2506 5451285 
2507 5451285 
2508 5451285 
2509 5451285 
2510 5451285 
2511 5451285 
2512 5451285 
2513 5451285 
2514 5451285 
2515 5451285 
2516 5451285 
2517 5451285 
2518 5451285 
2519 5451285 
2520 5451285 
2521 5451285 
2522 5451285 
2523 5451285 
2524 5451285 
2525 5451285 
2526 5451285 
2527 5451285 
2528 5451285 
2529 5451285 
2530 5451285 
2531 5451285 
2532 5451285 
2533 5451285 
2534 5451285 
2535 5451285 
2536 5451285 
2537 5451285 
2538 5451285 
2539 5451285 
2540 5451285 
2541 5451285 
2542 5451285 
2543 5451285 
2544 5451285 
2545 5451285 
2546 5451285 
2547 5451285 
2548 5451285 
2549 5451285 
2550 5451285 
2551 5451285 
2552 5451285 
2553 5451285 
2554 5451285 
2555 5451285 
2556 5451285 
2557 5451285 
2558 5451285 
2559 5451285 
2560 5451285 
2561 5451285 
2562 5451285 
2563 5451285 
2564 5451285 
2565 5451285 
2566 5451285 
2567 5451285 
2568 5451285 
2569 5451285 
2570 5451285 
2571 5451285 
2572 5451285 
2573 5451285 
2574 5451285 
2575 5451285 
2576 5451285 
2577 5451285 
2578 5451285 
2579 5451285 
2580 5451285 
2581 5451285 
2582 5451285 
2583 5451285 
2584 5451285 
2585 5451285 
2586 5451285 
2587 5451285 
2588 5451285 
2589 5451285 
2590 5451285 
2591 5451285 
2592 5451285 
2593 5451285 
2594 5451285 
2595 5451285 
2596 5451285 
2597 5451285 
2598 5451285 
2599 5451285 
2600 5451285 
2601 5451285 
2602 5451285 
2603 5451285 
2604 5451285 
2605 5451285 
2606 5451285 
2607 5451285 
2608 5451285 
2609 5451285 
2610 5451285 
2611 5451285 
2612 5451285 
2613 5451285 
2614 5451285 
2615 5451285 
2616 5451285 
2617 5451285 
2618 5451285 
2619 5451285 
2620 5451285 
2621 5451285 
2622 5451285 
2623 5451285 
2624 5451285 
2625 5451285 
2626 5451285 
2627 5451285 
2628 5451285 
2629 5451285 
2630 5451285 
2631 5451285 
2632 5451285 
2633 5451285 
2634 5451285 
2635 5451285 
2636 5451285 
2637 5451285 
2638 5451285 
2639 5451285 
2640 5451285 
2641 5451285 
2642 5451285 
2643 5451285 
2644 5451285 
2645 5451285 
2646 5451285 
2647 5451285 
2648 5451285 
2649 5451285 
2650 5451285 
2651 5451285 
2652 5451285 
2653 5451285 
2654 5451285 
2655 5451285 
2656 5451285 
2657 5451285 
2658 5451285 
2659 5451285 
2660 5451285 
2661 5451285 
2662 5451285 
2663 5451285 
2664 5451285 
2665 5451285 
2666 5451285 
2667 5451285 
2668 5451285 
2669 5451285 
2670 5451285 
2671 5451285 
2672 5451285 
2673 5451285 
2674 5451285 
2675 5451285 
2676 5451285 
2677 5451285 
2678 5451285 
2679 5451285 
2680 5451285 
2681 5451285 
2682 5451285 
2683 5451285 
2684 5451285 
2685 5451285 
2686 5451285 
2687 5451285 
2688 5451285 
2689 5451285 
2690 5451285 
2691 5451285 
2692 5451285 
2693 5451285 
2694 5451285 
2695 5451285 
2696 5451285 
2697 5451285 
2698 5451285 
2699 5451285 
2700 5451285 
2701 5451285 
2702 5451285 
2703 5451285 
2704 5451285 
2705 5451285 
2706 5451285 
2707 5451285 
2708 5451285 
2709 5451285 
2710 5451285 
2711 5451285 
2712 5451285 
2713 5451285 
2714 5451285 
2715 5451285 
2716 5451285 
2717 5451285 
2718 5451285 
2719 5451285 
2720 5451285 
2721 5451285 
2722 5451285 
2723 5451285 
2724 5451285 
2725 5451285 
2726 5451285 
2727 5451285 
2728 5451285 
2729 5451285 
2730 5451285 
2731 5451285 
2732 5451285 
2733 5451285 
2734 5451285 
2735 5451285 
2736 5451285 
2737 5451285 
2738 5451285 
2739 5451285 
2740 5451285 
2741 5451285 
2742 5451285 
2743 5451285 
2744 5451285 
2745 5451285 
2746 5451285 
2747 5451285 
2748 5451285 
2749 5451285 
2750 5451285 
2751 5451285 
2752 5451285 
2753 5451285 
2754 5451285 
2755 5451285 
2756 5451285 
2757 5451285 
2758 5451285 
2759 5451285 
2760 5451285 
2761 5451285 
2762 5451285 
2763 5451285 
2764 5451285 
2765 5451285 
2766 5451285 
2767 5451285 
2768 5451285 
2769 5451285 
2770 5451285 
2771 5451285 
2772 5451285 
2773 5451285 
2774 5451285 
2775 5451285 
2776 5451285 
2777 5451285 
2778 5451285 
2779 5451285 
2780 5451285 
2781 5451285 
2782 5451285 
2783 5451285 
2784 5451285 
2785 5451285 
2786 5451285 
2787 5451285 
2788 5451285 
2789 5451285 
2790 5451285 
2791 5451285 
2792 5451285 
2793 5451285 
2794 5451285 
2795 5451285 
2796 5451285 
2797 5451285 
2798 5451285 
2799 5451285 
2800 5451285 
2801 5451285 
2802 5451285 
2803 5451285 
2804 5451285 
2805 5451285 
2806 5451285 
2807 5451285 
2808 5451285 
2809 5451285 
2810 5451285 
2811 5451285 
2812 5451285 
2813 5451285 
2814 5451285 
2815 5451285 
2816 5451285 
2817 5451285 
2818 5451285 
2819 5451285 
2820 5451285 
2821 5451285 
2822 5451285 
2823 5451285 
2824 5451285 
2825 5451285 
2826 5451285 
2827 5451285 
2828 5451285 
2829 5451285 
2830 5451285 
2831 5451285 
2832 5451285 
2833 5451285 
2834 5451285 
2835 5451285 
2836 5451285 
2837 5451285 
2838 5451285 
2839 5451285 
2840 5451285 
2841 5451285 
2842 5451285 
2843 5451285 
2844 5451285 
2845 5451285 
2846 5451285 
2847 5451285 
2848 5451285 
2849 5451285 
2850 5451285 
2851 5451285 
2852 5451285 
2853 5451285 
2854 5451285 
2855 5451285 
2856 5451285 
2857 5451285 
2858 5451285 
2859 5451285 
2860 5451285 
2861 5451285 
2862 5451285 
2863 5451285 
2864 5451285 
2865 5451285 
2866 5451285 
2867 5451285 
2868 5451285 
2869 5451285 
2870 5451285 
2871 5451285 
2872 5451285 
2873 5451285 
2874 5451285 
2875 5451285 
2876 5451285 
2877 5451285 
2878 5451285 

