0 4207861 
1 4204065 
2 4197266 
3 4186410 
4 4185760 
5 4177821 
6 4177723 
7 4177710 
8 4177703 
9 4177675 
10 4177168 
11 4177155 
12 4177141 
13 4175711 
14 4175669 
15 4175655 
16 4175522 
17 4175223 
18 4174415 
19 4169212 
20 4166550 
21 4161900 
22 4155761 
23 4155753 
24 4155668 
25 4154917 
26 4154800 
27 4154799 
28 4154786 
29 4154716 
30 4150422 
31 4150409 
32 4150408 
33 4149447 
34 4149349 
35 4149279 
36 4149272 
37 4149264 
38 4149251 
39 4149238 
40 4147691 
41 4147690 
42 4147669 
43 4147298 
44 4133817 
45 4133813 
46 4133712 
47 4133367 
48 4132149 
49 4121186 
50 4121160 
51 4121152 
52 4121131 
53 4121125 
54 4121106 
55 4121106 
56 4121056 
57 4120908 
58 4120760 
59 4119859 
60 4111084 
61 4110252 
62 4110049 
63 4109898 
64 4109130 
65 4109083 
66 4107531 
67 4107419 
68 4107347 
69 4106413 
70 4104684 
71 4104684 
72 4102962 
73 4102390 
74 4102355 
75 4101446 
76 4043120 
77 4041144 
78 4037230 
79 4033583 
80 4032328 
81 4032321 
82 4032063 
83 4032056 
84 4031985 
85 4031130 
86 4029793 
87 4029702 
88 4029695 
89 4029038 
90 4028975 
91 4028749 
92 4028693 
93 4028644 
94 4027944 
95 4027727 
96 4027706 
97 4027606 
98 4027606 
99 4022853 
100 4022468 
101 4022426 
102 4022377 
103 4022292 
104 4021469 
105 4021084 
106 4020054 
107 4020011 
108 4019962 
109 4017866 
110 4017852 
111 4017560 
112 4011632 
113 4011497 
114 4006982 
115 4006392 
116 4004705 
117 4003320 
118 4003264 
119 4003138 
120 4003131 
121 4003077 
122 4003056 
123 4002956 
124 4002338 
125 4001701 
126 4001423 
127 3998849 
128 3998761 
129 3997630 
130 3997627 
131 3997531 
132 3997492 
133 3995230 
134 3995181 
135 3995174 
136 3993258 
137 3993158 
138 3993018 
139 3992927 
140 3992906 
141 3989897 
142 3989820 
143 3989813 
144 3988903 
145 3988167 
146 3987774 
147 3987605 
148 3985511 
149 3985446 
150 3984475 
151 3984300 
152 3983845 
153 3982519 
154 3982512 
155 3975843 
156 3975806 
157 3975805 
158 3975484 
159 3974704 
160 3974486 
161 3974457 
162 3974072 
163 3974060 
164 3973280 
165 3973280 
166 3973188 
167 3972985 
168 3972966 
169 3972506 
170 3972478 
171 3971698 
172 3971698 
173 3971048 
174 3971009 
175 3969106 
176 3968950 
177 3968779 
178 3968772 
179 3968708 
180 3968666 
181 3968652 
182 3968639 
183 3968597 
184 3967753 
185 3967571 
186 3967559 
187 3966043 
188 3966030 
189 3966009 
190 3966002 
191 3965940 
192 3965732 
193 3965557 
194 3965536 
195 3964877 
196 3964877 
197 3964870 
198 3964870 
199 3964008 
200 3963803 
201 3963558 
202 3963516 
203 3963516 
204 3963277 
205 3963183 
206 3961350 
207 3961121 
208 3960836 
209 3960572 
210 3960183 
211 3960115 
212 3959634 
213 3957833 
214 3955675 
215 3955646 
216 3955295 
217 3955269 
218 3955262 
219 3955032 
220 3954969 
221 3954532 
222 3954462 
223 3954252 
224 3954245 
225 3954147 
226 3954091 
227 3954047 
228 3953503 
229 3952144 
230 3952137 
231 3951719 
232 3951534 
233 3951083 
234 3944193 
235 3943899 
236 3943813 
237 3935923 
238 3935871 
239 3934765 
240 3934764 
241 3934757 
242 3934750 
243 3934737 
244 3914808 
245 3913011 
246 3912633 
247 3912336 
248 3911830 
249 3911700 
250 3911504 
251 3911332 
252 3911051 
253 3910037 
254 3909995 
255 3909960 
256 3909827 
257 3909708 
258 3909694 
259 3909687 
260 3909673 
261 3909534 
262 3909534 
263 3909422 
264 3909405 
265 3909320 
266 3909284 
267 3909184 
268 3903319 
269 3903018 
270 3900674 
271 3900667 
272 3900337 
273 3900298 
274 3900284 
275 3900263 
276 3900200 
277 3899321 
278 3896084 
279 3895797 
280 3890103 
281 3889150 
282 3887771 
283 3887771 
284 3887771 
285 3887043 
286 3886952 
287 3886938 
288 3886847 
289 3886544 
290 3886016 
291 3885187 
292 3884666 
293 3884626 
294 3884619 
295 3884507 
296 3882609 
297 3882505 
298 3882297 
299 3881547 
300 3881186 
301 3881017 
302 3880835 
303 3880746 
304 3880746 
305 3879615 
306 3879613 
307 3879347 
308 3879159 
309 3878456 
310 3878456 
311 3878456 
312 3878001 
313 3877840 
314 3877798 
315 3877722 
316 3877596 
317 3877241 
318 3877150 
319 3876975 
320 3876969 
321 3876832 
322 3876489 
323 3876274 
324 3875982 
325 3875960 
326 3875953 
327 3874634 
328 3874437 
329 3874437 
330 3873904 
331 3873883 
332 3873882 
333 3873868 
334 3873868 
335 3872419 
336 3872360 
337 3870694 
338 3870694 
339 3870330 
340 3870308 
341 3869851 
342 3869815 
343 3869412 
344 3853677 
345 3853572 
346 3853559 
347 3852012 
348 3851753 
349 3851454 
350 3850355 
351 3847586 
352 3847571 
353 3847079 
354 3846988 
355 3846960 
356 3846754 
357 3845685 
358 3845538 
359 3845450 
360 3845436 
361 3845434 
362 3845406 
363 3845382 
364 3845320 
365 3843199 
366 3843185 
367 3843184 
368 3843156 
369 3842988 
370 3842603 
371 3842582 
372 3841966 
373 3839362 
374 3839208 
375 3839195 
376 3839167 
377 3838999 
378 3838901 
379 3837854 
380 3837854 
381 3837791 
382 3837560 
383 3837546 
384 3837546 
385 3837539 
386 3834601 
387 3834398 
388 3834377 
389 3832725 
390 3832725 
391 3832674 
392 3832674 
393 3832646 
394 3832646 
395 3832556 
396 3831321 
397 3831321 
398 3831282 
399 3831055 
400 3831031 
401 3830778 
402 3829967 
403 3829941 
404 3829887 
405 3829855 
406 3829848 
407 3829848 
408 3829838 
409 3829838 
410 3829810 
411 3829810 
412 3828728 
413 3828626 
414 3828444 
415 3828084 
416 3828014 
417 3827962 
418 3827962 
419 3827948 
420 3827948 
421 3827927 
422 3827914 
423 3827914 
424 3827804 
425 3827804 
426 3827752 
427 3827752 
428 3827752 
429 3827564 
430 3827564 
431 3827564 
432 3827564 
433 3827564 
434 3827284 
435 3827284 
436 3827284 
437 3827284 
438 3827284 
439 3827284 
440 3827284 
441 3827284 
442 3827284 
443 3827284 
444 3827284 
445 3827284 
446 3827284 
447 3827284 
448 3827284 
449 3827284 
450 3827284 
451 3827284 
452 3827284 
453 3827284 
454 3827284 
455 3827284 
456 3827284 
457 3827284 
458 3827284 
459 3827284 
460 3827284 
461 3827284 
462 3827284 
463 3827284 
464 3827284 
465 3827284 
466 3827284 
467 3827284 
468 3827284 
469 3827284 
470 3827284 
471 3827284 
472 3827284 
473 3827284 
474 3827284 
475 3827284 
476 3827284 
477 3827284 
478 3827284 
479 3827284 
480 3827284 
481 3827284 
482 3827284 
483 3827284 
484 3827284 
485 3827284 
486 3827284 
487 3827284 
488 3827284 
489 3827284 
490 3827284 
491 3827284 
492 3827284 
493 3827284 
494 3827284 
495 3827284 
496 3827284 
497 3827284 
498 3827284 
499 3827284 
500 3827284 
501 3827284 
502 3827284 
503 3827284 
504 3827284 
505 3827284 
506 3827284 
507 3827284 
508 3827284 
509 3827284 
510 3827284 
511 3827284 
512 3827284 
513 3827284 
514 3827284 
515 3827284 
516 3827284 
517 3827284 
518 3827284 
519 3827284 
520 3827284 
521 3827284 
522 3827284 
523 3827284 
524 3827284 
525 3827284 
526 3827284 
527 3827284 
528 3827284 
529 3827284 
530 3827284 
531 3827284 
532 3827284 
533 3827284 
534 3827284 
535 3827284 
536 3827284 
537 3827284 
538 3827284 
539 3827284 
540 3827284 
541 3827284 
542 3827284 
543 3827284 
544 3827284 
545 3827284 
546 3827284 
547 3827284 
548 3827284 
549 3827284 
550 3827284 
551 3827284 
552 3827284 
553 3827284 
554 3827284 
555 3827284 
556 3827284 
557 3827284 
558 3827284 
559 3827284 
560 3827284 
561 3827284 
562 3827284 
563 3827284 
564 3827284 
565 3827284 
566 3827284 
567 3827284 
568 3827284 
569 3827284 
570 3827284 
571 3827284 
572 3827284 
573 3827284 
574 3827284 
575 3827284 
576 3827284 
577 3827284 
578 3827284 
579 3827284 
580 3827284 
581 3827284 
582 3827284 
583 3827284 
584 3827284 
585 3827284 
586 3827284 
587 3827284 
588 3827284 
589 3827284 
590 3827284 
591 3827284 
592 3827284 
593 3827284 
594 3827284 
595 3827284 
596 3827284 
597 3827284 
598 3827284 
599 3827284 
600 3827284 
601 3827284 
602 3827284 
603 3827284 
604 3827284 
605 3827284 
606 3827284 
607 3827284 
608 3827284 
609 3827284 
610 3827284 
611 3827284 
612 3827284 
613 3827284 
614 3827284 
615 3827284 
616 3827284 
617 3827284 
618 3827284 
619 3827284 
620 3827284 
621 3827284 
622 3827284 
623 3827284 
624 3827284 
625 3827284 
626 3827284 
627 3827284 
628 3827284 
629 3827284 
630 3827284 
631 3827284 
632 3827284 
633 3827284 
634 3827284 
635 3827284 
636 3827284 
637 3827284 
638 3827284 
639 3827284 
640 3827284 
641 3827284 
642 3827284 
643 3827284 
644 3827284 
645 3827284 
646 3827284 
647 3827284 
648 3827284 
649 3827284 
650 3827284 
651 3827284 
652 3827284 
653 3827284 
654 3827284 
655 3827284 
656 3827284 
657 3827284 
658 3827284 
659 3827284 
660 3827284 
661 3827284 
662 3827284 
663 3827284 
664 3827284 
665 3827284 
666 3827284 
667 3827284 
668 3827284 
669 3827284 
670 3827284 
671 3827284 
672 3827284 
673 3827284 
674 3827284 
675 3827284 
676 3827284 
677 3827284 
678 3827284 
679 3827284 
680 3827284 
681 3827284 
682 3827284 
683 3827284 
684 3827284 
685 3827284 
686 3827284 
687 3827284 
688 3827284 
689 3827284 
690 3827284 
691 3827284 
692 3827284 
693 3827284 
694 3827284 
695 3827284 
696 3827284 
697 3827284 
698 3827284 
699 3827284 
700 3827284 
701 3827284 
702 3827284 
703 3827284 
704 3827284 
705 3827284 
706 3827284 
707 3827284 
708 3827284 
709 3827284 
710 3827284 
711 3827284 
712 3827284 
713 3827284 
714 3827284 
715 3827284 
716 3827284 
717 3827284 
718 3827284 
719 3827284 
720 3827284 
721 3827284 
722 3827284 
723 3827284 
724 3827284 
725 3827284 
726 3827284 
727 3827284 
728 3827284 
729 3827284 
730 3827284 
731 3827284 
732 3827284 
733 3827284 
734 3827284 
735 3827284 
736 3827284 
737 3827284 
738 3827284 
739 3827284 
740 3827284 
741 3827284 
742 3827284 
743 3827284 
744 3827284 
745 3827284 
746 3827284 
747 3827284 
748 3827284 
749 3827284 
750 3827284 
751 3827284 
752 3827284 
753 3827284 
754 3827284 
755 3827284 
756 3827284 
757 3827284 
758 3827284 
759 3827284 
760 3827284 
761 3827284 
762 3827284 
763 3827284 
764 3827284 
765 3827284 
766 3827284 
767 3827284 
768 3827284 
769 3827284 
770 3827284 
771 3827284 
772 3827284 
773 3827284 
774 3827284 
775 3827284 
776 3827284 
777 3827284 
778 3827284 
779 3827284 
780 3827284 
781 3827284 
782 3827284 
783 3827284 
784 3827284 
785 3827284 
786 3827284 
787 3827284 
788 3827284 
789 3827284 
790 3827284 
791 3827284 
792 3827284 
793 3827284 
794 3827284 
795 3827284 
796 3827284 
797 3827284 
798 3827284 
799 3827284 
800 3827284 
801 3827284 
802 3827284 
803 3827284 
804 3827284 
805 3827284 
806 3827284 
807 3827284 
808 3827284 
809 3827284 
810 3827284 
811 3827284 
812 3827284 
813 3827284 
814 3827284 
815 3827284 
816 3827284 
817 3827284 
818 3827284 
819 3827284 
820 3827284 
821 3827284 
822 3827284 
823 3827284 
824 3827284 
825 3827284 
826 3827284 
827 3827284 
828 3827284 
829 3827284 
830 3827284 
831 3827284 
832 3827284 
833 3827284 
834 3827284 
835 3827284 
836 3827284 
837 3827284 
838 3827284 
839 3827284 
840 3827284 
841 3827284 
842 3827284 
843 3827284 
844 3827284 
845 3827284 
846 3827284 
847 3827284 
848 3827284 
849 3827284 
850 3827284 
851 3827284 
852 3827284 
853 3827284 
854 3827284 
855 3827284 
856 3827284 
857 3827284 
858 3827284 
859 3827284 
860 3827284 
861 3827284 
862 3827284 
863 3827284 
864 3827284 
865 3827284 
866 3827284 
867 3827284 
868 3827284 
869 3827284 
870 3827284 
871 3827284 
872 3827284 
873 3827284 
874 3827284 
875 3827284 
876 3827284 
877 3827284 
878 3827284 
879 3827284 
880 3827284 
881 3827284 
882 3827284 
883 3827284 
884 3827284 
885 3827284 
886 3827284 
887 3827284 
888 3827284 
889 3827284 
890 3827284 
891 3827284 
892 3827284 
893 3827284 
894 3827284 
895 3827284 
896 3827284 
897 3827284 
898 3827284 
899 3827284 
900 3827284 
901 3827284 
902 3827284 
903 3827284 
904 3827284 
905 3827284 
906 3827284 
907 3827284 
908 3827284 
909 3827284 
910 3827284 
911 3827284 
912 3827284 
913 3827284 
914 3827284 
915 3827284 
916 3827284 
917 3827284 
918 3827284 
919 3827284 
920 3827284 
921 3827284 
922 3827284 
923 3827284 
924 3827284 
925 3827284 
926 3827284 
927 3827284 
928 3827284 
929 3827284 
930 3827284 
931 3827284 
932 3827284 
933 3827284 
934 3827284 
935 3827284 
936 3827284 
937 3827284 
938 3827284 
939 3827284 
940 3827284 
941 3827284 
942 3827284 
943 3827284 
944 3827284 
945 3827284 
946 3827284 
947 3827284 
948 3827284 
949 3827284 
950 3827284 
951 3827284 
952 3827284 
953 3827284 
954 3827284 
955 3827284 
956 3827284 
957 3827284 
958 3827284 
959 3827284 
960 3827284 
961 3827284 
962 3827284 
963 3827284 
964 3827284 
965 3827284 
966 3827284 
967 3827284 
968 3827284 
969 3827284 
970 3827284 
971 3827284 
972 3827284 
973 3827284 
974 3827284 
975 3827284 
976 3827284 
977 3827284 
978 3827284 
979 3827284 
980 3827284 
981 3827284 
982 3827284 
983 3827284 
984 3827284 
985 3827284 
986 3827284 
987 3827284 
988 3827284 
989 3827284 
990 3827284 
991 3827284 
992 3827284 
993 3827284 
994 3827284 
995 3827284 
996 3827284 
997 3827284 
998 3827284 
999 3827284 
1000 3827284 
1001 3827284 
1002 3827284 
1003 3827284 
1004 3827284 
1005 3827284 
1006 3827284 
1007 3827284 
1008 3827284 
1009 3827284 
1010 3827284 
1011 3827284 
1012 3827284 
1013 3827284 
1014 3827284 
1015 3827284 
1016 3827284 
1017 3827284 
1018 3827284 
1019 3827284 
1020 3827284 
1021 3827284 
1022 3827284 
1023 3827284 
1024 3827284 
1025 3827284 
1026 3827284 
1027 3827284 
1028 3827284 
1029 3827284 
1030 3827284 
1031 3827284 
1032 3827284 
1033 3827284 
1034 3827284 
1035 3827284 
1036 3827284 
1037 3827284 
1038 3827284 
1039 3827284 
1040 3827284 
1041 3827284 
1042 3827284 
1043 3827284 
1044 3827284 
1045 3827284 
1046 3827284 
1047 3827284 
1048 3827284 
1049 3827284 
1050 3827284 
1051 3827284 
1052 3827284 
1053 3827284 
1054 3827284 
1055 3827284 
1056 3827284 
1057 3827284 
1058 3827284 
1059 3827284 
1060 3827284 
1061 3827284 
1062 3827284 
1063 3827284 
1064 3827284 
1065 3827284 
1066 3827284 
1067 3827284 
1068 3827284 
1069 3827284 
1070 3827284 
1071 3827284 
1072 3827284 
1073 3827284 
1074 3827284 
1075 3827284 
1076 3827284 
1077 3827284 
1078 3827284 
1079 3827284 
1080 3827284 
1081 3827284 
1082 3827284 
1083 3827284 
1084 3827284 
1085 3827284 
1086 3827284 
1087 3827284 
1088 3827284 
1089 3827284 
1090 3827284 
1091 3827284 
1092 3827284 
1093 3827284 
1094 3827284 
1095 3827284 
1096 3827284 
1097 3827284 
1098 3827284 
1099 3827284 
1100 3827284 
1101 3827284 
1102 3827284 
1103 3827284 
1104 3827284 
1105 3827284 
1106 3827284 
1107 3827284 
1108 3827284 
1109 3827284 
1110 3827284 
1111 3827284 
1112 3827284 
1113 3827284 
1114 3827284 
1115 3827284 
1116 3827284 
1117 3827284 
1118 3827284 
1119 3827284 
1120 3827284 
1121 3827284 
1122 3827284 
1123 3827284 
1124 3827284 
1125 3827284 
1126 3827284 
1127 3827284 
1128 3827284 
1129 3827284 
1130 3827284 
1131 3827284 
1132 3827284 
1133 3827284 
1134 3827284 
1135 3827284 
1136 3827284 
1137 3827284 
1138 3827284 
1139 3827284 
1140 3827284 
1141 3827284 
1142 3827284 
1143 3827284 
1144 3827284 
1145 3827284 
1146 3827284 
1147 3827284 
1148 3827284 
1149 3827284 
1150 3827284 
1151 3827284 
1152 3827284 
1153 3827284 
1154 3827284 
1155 3827284 
1156 3827284 
1157 3827284 
1158 3827284 
1159 3827284 
1160 3827284 
1161 3827284 
1162 3827284 
1163 3827284 
1164 3827284 
1165 3827284 
1166 3827284 
1167 3827284 
1168 3827284 
1169 3827284 
1170 3827284 
1171 3827284 
1172 3827284 
1173 3827284 
1174 3827284 
1175 3827284 
1176 3827284 
1177 3827284 
1178 3827284 
1179 3827284 
1180 3827284 
1181 3827284 
1182 3827284 
1183 3827284 
1184 3827284 
1185 3827284 
1186 3827284 
1187 3827284 
1188 3827284 
1189 3827284 
1190 3827284 
1191 3827284 
1192 3827284 
1193 3827284 
1194 3827284 
1195 3827284 
1196 3827284 
1197 3827284 
1198 3827284 
1199 3827284 
1200 3827284 
1201 3827284 
1202 3827284 
1203 3827284 
1204 3827284 
1205 3827284 
1206 3827284 
1207 3827284 
1208 3827284 
1209 3827284 
1210 3827284 
1211 3827284 
1212 3827284 
1213 3827284 
1214 3827284 
1215 3827284 
1216 3827284 
1217 3827284 
1218 3827284 
1219 3827284 
1220 3827284 
1221 3827284 
1222 3827284 
1223 3827284 
1224 3827284 
1225 3827284 
1226 3827284 
1227 3827284 
1228 3827284 
1229 3827284 
1230 3827284 
1231 3827284 
1232 3827284 
1233 3827284 
1234 3827284 
1235 3827284 
1236 3827284 
1237 3827284 
1238 3827284 
1239 3827284 
1240 3827284 
1241 3827284 
1242 3827284 
1243 3827284 
1244 3827284 
1245 3827284 
1246 3827284 
1247 3827284 
1248 3827284 
1249 3827284 
1250 3827284 
1251 3827284 
1252 3827284 
1253 3827284 
1254 3827284 
1255 3827284 
1256 3827284 
1257 3827284 
1258 3827284 
1259 3827284 
1260 3827284 
1261 3827284 
1262 3827284 
1263 3827284 
1264 3827284 
1265 3827284 
1266 3827284 
1267 3827284 
1268 3827284 
1269 3827284 
1270 3827284 
1271 3827284 
1272 3827284 
1273 3827284 
1274 3827284 
1275 3827284 
1276 3827284 
1277 3827284 
1278 3827284 
1279 3827284 
1280 3827284 
1281 3827284 
1282 3827284 
1283 3827284 
1284 3827284 
1285 3827284 
1286 3827284 
1287 3827284 
1288 3827284 
1289 3827284 
1290 3827284 
1291 3827284 
1292 3827284 
1293 3827284 
1294 3827284 
1295 3827284 
1296 3827284 
1297 3827284 
1298 3827284 
1299 3827284 
1300 3827284 
1301 3827284 
1302 3827284 
1303 3827284 
1304 3827284 
1305 3827284 
1306 3827284 
1307 3827284 
1308 3827284 
1309 3827284 
1310 3827284 
1311 3827284 
1312 3827284 
1313 3827284 
1314 3827284 
1315 3827284 
1316 3827284 
1317 3827284 
1318 3827284 
1319 3827284 
1320 3827284 
1321 3827284 
1322 3827284 
1323 3827284 
1324 3827284 
1325 3827284 
1326 3827284 
1327 3827284 
1328 3827284 
1329 3827284 
1330 3827284 
1331 3827284 
1332 3827284 
1333 3827284 
1334 3827284 
1335 3827284 
1336 3827284 
1337 3827284 
1338 3827284 
1339 3827284 
1340 3827284 
1341 3827284 
1342 3827284 
1343 3827284 
1344 3827284 
1345 3827284 
1346 3827284 
1347 3827284 
1348 3827284 
1349 3827284 
1350 3827284 
1351 3827284 
1352 3827284 
1353 3827284 
1354 3827284 
1355 3827284 
1356 3827284 
1357 3827284 
1358 3827284 
1359 3827284 
1360 3827284 
1361 3827284 
1362 3827284 
1363 3827284 
1364 3827284 
1365 3827284 
1366 3827284 
1367 3827284 
1368 3827284 
1369 3827284 
1370 3827284 
1371 3827284 
1372 3827284 
1373 3827284 
1374 3827284 
1375 3827284 
1376 3827284 
1377 3827284 
1378 3827284 
1379 3827284 
1380 3827284 
1381 3827284 
1382 3827284 
1383 3827284 
1384 3827284 
1385 3827284 
1386 3827284 
1387 3827284 
1388 3827284 
1389 3827284 
1390 3827284 
1391 3827284 
1392 3827284 
1393 3827284 
1394 3827284 
1395 3827284 
1396 3827284 
1397 3827284 
1398 3827284 
1399 3827284 
1400 3827284 
1401 3827284 
1402 3827284 
1403 3827284 
1404 3827284 
1405 3827284 
1406 3827284 
1407 3827284 
1408 3827284 
1409 3827284 
1410 3827284 
1411 3827284 
1412 3827284 
1413 3827284 
1414 3827284 
1415 3827284 
1416 3827284 
1417 3827284 
1418 3827284 
1419 3827284 
1420 3827284 
1421 3827284 
1422 3827284 
1423 3827284 
1424 3827284 
1425 3827284 
1426 3827284 
1427 3827284 
1428 3827284 
1429 3827284 
1430 3827284 
1431 3827284 
1432 3827284 
1433 3827284 
1434 3827284 
1435 3827284 
1436 3827284 
1437 3827284 
1438 3827284 
1439 3827284 
1440 3827284 
1441 3827284 
1442 3827284 
1443 3827284 
1444 3827284 
1445 3827284 
1446 3827284 
1447 3827284 
1448 3827284 
1449 3827284 
1450 3827284 
1451 3827284 
1452 3827284 
1453 3827284 
1454 3827284 
1455 3827284 
1456 3827284 
1457 3827284 
1458 3827284 
1459 3827284 
1460 3827284 
1461 3827284 
1462 3827284 
1463 3827284 
1464 3827284 
1465 3827284 
1466 3827284 
1467 3827284 
1468 3827284 
1469 3827284 
1470 3827284 
1471 3827284 
1472 3827284 
1473 3827284 
1474 3827284 
1475 3827284 
1476 3827284 
1477 3827284 
1478 3827284 
1479 3827284 
1480 3827284 
1481 3827284 
1482 3827284 
1483 3827284 
1484 3827284 
1485 3827284 
1486 3827284 
1487 3827284 
1488 3827284 
1489 3827284 
1490 3827284 
1491 3827284 
1492 3827284 
1493 3827284 
1494 3827284 
1495 3827284 
1496 3827284 
1497 3827284 
1498 3827284 
1499 3827284 
1500 3827284 
1501 3827284 
1502 3827284 
1503 3827284 
1504 3827284 
1505 3827284 
1506 3827284 
1507 3827284 
1508 3827284 
1509 3827284 
1510 3827284 
1511 3827284 
1512 3827284 
1513 3827284 
1514 3827284 
1515 3827284 
1516 3827284 
1517 3827284 
1518 3827284 
1519 3827284 
1520 3827284 
1521 3827284 
1522 3827284 
1523 3827284 
1524 3827284 
1525 3827284 
1526 3827284 
1527 3827284 
1528 3827284 
1529 3827284 
1530 3827284 
1531 3827284 
1532 3827284 
1533 3827284 
1534 3827284 
1535 3827284 
1536 3827284 
1537 3827284 
1538 3827284 
1539 3827284 
1540 3827284 
1541 3827284 
1542 3827284 
1543 3827284 
1544 3827284 
1545 3827284 
1546 3827284 
1547 3827284 
1548 3827284 
1549 3827284 
1550 3827284 
1551 3827284 
1552 3827284 
1553 3827284 
1554 3827284 
1555 3827284 
1556 3827284 
1557 3827284 
1558 3827284 
1559 3827284 
1560 3827284 
1561 3827284 
1562 3827284 
1563 3827284 
1564 3827284 
1565 3827284 
1566 3827284 
1567 3827284 
1568 3827284 
1569 3827284 
1570 3827284 
1571 3827284 
1572 3827284 
1573 3827284 
1574 3827284 
1575 3827284 
1576 3827284 
1577 3827284 
1578 3827284 
1579 3827284 
1580 3827284 
1581 3827284 
1582 3827284 
1583 3827284 
1584 3827284 
1585 3827284 
1586 3827284 
1587 3827284 
1588 3827284 
1589 3827284 
1590 3827284 
1591 3827284 
1592 3827284 
1593 3827284 
1594 3827284 
1595 3827284 
1596 3827284 
1597 3827284 
1598 3827284 
1599 3827284 
1600 3827284 
1601 3827284 
1602 3827284 
1603 3827284 
1604 3827284 
1605 3827284 
1606 3827284 
1607 3827284 
1608 3827284 
1609 3827284 
1610 3827284 
1611 3827284 
1612 3827284 
1613 3827284 
1614 3827284 
1615 3827284 
1616 3827284 
1617 3827284 
1618 3827284 
1619 3827284 
1620 3827284 
1621 3827284 
1622 3827284 
1623 3827284 
1624 3827284 
1625 3827284 
1626 3827284 
1627 3827284 
1628 3827284 
1629 3827284 
1630 3827284 
1631 3827284 
1632 3827284 
1633 3827284 
1634 3827284 
1635 3827284 
1636 3827284 
1637 3827284 
1638 3827284 
1639 3827284 
1640 3827284 
1641 3827284 
1642 3827284 
1643 3827284 
1644 3827284 
1645 3827284 
1646 3827284 
1647 3827284 
1648 3827284 
1649 3827284 
1650 3827284 
1651 3827284 
1652 3827284 
1653 3827284 
1654 3827284 
1655 3827284 
1656 3827284 
1657 3827284 
1658 3827284 
1659 3827284 
1660 3827284 
1661 3827284 
1662 3827284 
1663 3827284 
1664 3827284 
1665 3827284 
1666 3827284 
1667 3827284 
1668 3827284 
1669 3827284 
1670 3827284 
1671 3827284 
1672 3827284 
1673 3827284 
1674 3827284 
1675 3827284 
1676 3827284 
1677 3827284 
1678 3827284 
1679 3827284 
1680 3827284 
1681 3827284 
1682 3827284 
1683 3827284 
1684 3827284 
1685 3827284 
1686 3827284 
1687 3827284 
1688 3827284 
1689 3827284 
1690 3827284 
1691 3827284 
1692 3827284 
1693 3827284 
1694 3827284 
1695 3827284 
1696 3827284 
1697 3827284 
1698 3827284 
1699 3827284 
1700 3827284 
1701 3827284 
1702 3827284 
1703 3827284 
1704 3827284 
1705 3827284 
1706 3827284 
1707 3827284 
1708 3827284 
1709 3827284 
1710 3827284 
1711 3827284 
1712 3827284 
1713 3827284 
1714 3827284 
1715 3827284 
1716 3827284 
1717 3827284 
1718 3827284 
1719 3827284 
1720 3827284 
1721 3827284 
1722 3827284 
1723 3827284 
1724 3827284 
1725 3827284 
1726 3827284 
1727 3827284 
1728 3827284 
1729 3827284 
1730 3827284 
1731 3827284 
1732 3827284 
1733 3827284 
1734 3827284 
1735 3827284 
1736 3827284 
1737 3827284 
1738 3827284 
1739 3827284 
1740 3827284 
1741 3827284 
1742 3827284 
1743 3827284 
1744 3827284 
1745 3827284 
1746 3827284 
1747 3827284 
1748 3827284 
1749 3827284 
1750 3827284 
1751 3827284 
1752 3827284 
1753 3827284 
1754 3827284 
1755 3827284 
1756 3827284 
1757 3827284 
1758 3827284 
1759 3827284 
1760 3827284 
1761 3827284 
1762 3827284 
1763 3827284 
1764 3827284 
1765 3827284 
1766 3827284 
1767 3827284 
1768 3827284 
1769 3827284 
1770 3827284 
1771 3827284 
1772 3827284 
1773 3827284 
1774 3827284 
1775 3827284 
1776 3827284 
1777 3827284 
1778 3827284 
1779 3827284 
1780 3827284 
1781 3827284 
1782 3827284 
1783 3827284 
1784 3827284 
1785 3827284 
1786 3827284 
1787 3827284 
1788 3827284 
1789 3827284 
1790 3827284 
1791 3827284 
1792 3827284 
1793 3827284 
1794 3827284 
1795 3827284 
1796 3827284 
1797 3827284 
1798 3827284 
1799 3827284 
1800 3827284 
1801 3827284 
1802 3827284 
1803 3827284 
1804 3827284 
1805 3827284 
1806 3827284 
1807 3827284 
1808 3827284 
1809 3827284 
1810 3827284 
1811 3827284 
1812 3827284 
1813 3827284 
1814 3827284 
1815 3827284 
1816 3827284 
1817 3827284 
1818 3827284 
1819 3827284 
1820 3827284 
1821 3827284 
1822 3827284 
1823 3827284 
1824 3827284 
1825 3827284 
1826 3827284 
1827 3827284 
1828 3827284 
1829 3827284 
1830 3827284 
1831 3827284 
1832 3827284 
1833 3827284 
1834 3827284 
1835 3827284 
1836 3827284 
1837 3827284 
1838 3827284 
1839 3827284 
1840 3827284 
1841 3827284 
1842 3827284 
1843 3827284 
1844 3827284 
1845 3827284 
1846 3827284 
1847 3827284 
1848 3827284 
1849 3827284 
1850 3827284 
1851 3827284 
1852 3827284 
1853 3827284 
1854 3827284 
1855 3827284 
1856 3827284 
1857 3827284 
1858 3827284 
1859 3827284 
1860 3827284 
1861 3827284 
1862 3827284 
1863 3827284 
1864 3827284 
1865 3827284 
1866 3827284 
1867 3827284 
1868 3827284 
1869 3827284 
1870 3827284 
1871 3827284 
1872 3827284 
1873 3827284 
1874 3827284 
1875 3827284 
1876 3827284 
1877 3827284 
1878 3827284 
1879 3827284 
1880 3827284 
1881 3827284 
1882 3827284 
1883 3827284 
1884 3827284 
1885 3827284 
1886 3827284 
1887 3827284 
1888 3827284 
1889 3827284 
1890 3827284 
1891 3827284 
1892 3827284 
1893 3827284 
1894 3827284 
1895 3827284 
1896 3827284 
1897 3827284 
1898 3827284 
1899 3827284 
1900 3827284 
1901 3827284 
1902 3827284 
1903 3827284 
1904 3827284 
1905 3827284 
1906 3827284 
1907 3827284 
1908 3827284 
1909 3827284 
1910 3827284 
1911 3827284 
1912 3827284 
1913 3827284 
1914 3827284 
1915 3827284 
1916 3827284 
1917 3827284 
1918 3827284 
1919 3827284 
1920 3827284 
1921 3827284 
1922 3827284 
1923 3827284 
1924 3827284 
1925 3827284 
1926 3827284 
1927 3827284 
1928 3827284 
1929 3827284 
1930 3827284 
1931 3827284 
1932 3827284 
1933 3827284 
1934 3827284 
1935 3827284 
1936 3827284 
1937 3827284 
1938 3827284 
1939 3827284 
1940 3827284 
1941 3827284 
1942 3827284 
1943 3827284 
1944 3827284 
1945 3827284 
1946 3827284 
1947 3827284 
1948 3827284 
1949 3827284 
1950 3827284 
1951 3827284 
1952 3827284 
1953 3827284 
1954 3827284 
1955 3827284 
1956 3827284 
1957 3827284 
1958 3827284 
1959 3827284 
1960 3827284 
1961 3827284 
1962 3827284 
1963 3827284 
1964 3827284 
1965 3827284 
1966 3827284 
1967 3827284 
1968 3827284 
1969 3827284 
1970 3827284 
1971 3827284 
1972 3827284 
1973 3827284 
1974 3827284 
1975 3827284 
1976 3827284 
1977 3827284 
1978 3827284 
1979 3827284 
1980 3827284 
1981 3827284 
1982 3827284 
1983 3827284 
1984 3827284 
1985 3827284 
1986 3827284 
1987 3827284 
1988 3827284 
1989 3827284 
1990 3827284 
1991 3827284 
1992 3827284 
1993 3827284 
1994 3827284 
1995 3827284 
1996 3827284 
1997 3827284 
1998 3827284 
1999 3827284 
2000 3827284 
2001 3827284 
2002 3827284 
2003 3827284 
2004 3827284 
2005 3827284 
2006 3827284 
2007 3827284 
2008 3827284 
2009 3827284 
2010 3827284 
2011 3827284 
2012 3827284 
2013 3827284 
2014 3827284 
2015 3827284 
2016 3827284 
2017 3827284 
2018 3827284 
2019 3827284 
2020 3827284 
2021 3827284 
2022 3827284 
2023 3827284 
2024 3827284 
2025 3827284 
2026 3827284 
2027 3827284 
2028 3827284 
2029 3827284 
2030 3827284 
2031 3827284 
2032 3827284 
2033 3827284 
2034 3827284 
2035 3827284 
2036 3827284 
2037 3827284 
2038 3827284 
2039 3827284 
2040 3827284 
2041 3827284 
2042 3827284 
2043 3827284 
2044 3827284 
2045 3827284 
2046 3827284 
2047 3827284 
2048 3827284 
2049 3827284 
2050 3827284 
2051 3827284 
2052 3827284 
2053 3827284 
2054 3827284 
2055 3827284 
2056 3827284 
2057 3827284 
2058 3827284 
2059 3827284 
2060 3827284 
2061 3827284 
2062 3827284 
2063 3827284 
2064 3827284 
2065 3827284 
2066 3827284 
2067 3827284 
2068 3827284 
2069 3827284 
2070 3827284 
2071 3827284 
2072 3827284 
2073 3827284 
2074 3827284 
2075 3827284 
2076 3827284 
2077 3827284 
2078 3827284 
2079 3827284 
2080 3827284 
2081 3827284 
2082 3827284 
2083 3827284 
2084 3827284 
2085 3827284 
2086 3827284 
2087 3827284 
2088 3827284 
2089 3827284 
2090 3827284 
2091 3827284 
2092 3827284 
2093 3827284 
2094 3827284 
2095 3827284 
2096 3827284 
2097 3827284 
2098 3827284 
2099 3827284 
2100 3827284 
2101 3827284 
2102 3827284 
2103 3827284 
2104 3827284 
2105 3827284 
2106 3827284 
2107 3827284 
2108 3827284 
2109 3827284 
2110 3827284 
2111 3827284 
2112 3827284 
2113 3827284 
2114 3827284 
2115 3827284 
2116 3827284 
2117 3827284 
2118 3827284 
2119 3827284 
2120 3827284 
2121 3827284 
2122 3827284 
2123 3827284 
2124 3827284 
2125 3827284 
2126 3827284 
2127 3827284 
2128 3827284 
2129 3827284 
2130 3827284 
2131 3827284 
2132 3827284 
2133 3827284 
2134 3827284 
2135 3827284 
2136 3827284 
2137 3827284 
2138 3827284 
2139 3827284 
2140 3827284 
2141 3827284 
2142 3827284 
2143 3827284 
2144 3827284 
2145 3827284 
2146 3827284 
2147 3827284 
2148 3827284 
2149 3827284 
2150 3827284 
2151 3827284 
2152 3827284 
2153 3827284 
2154 3827284 
2155 3827284 
2156 3827284 
2157 3827284 
2158 3827284 
2159 3827284 
2160 3827284 
2161 3827284 
2162 3827284 
2163 3827284 
2164 3827284 
2165 3827284 
2166 3827284 
2167 3827284 
2168 3827284 
2169 3827284 
2170 3827284 
2171 3827284 
2172 3827284 
2173 3827284 
2174 3827284 
2175 3827284 
2176 3827284 
2177 3827284 
2178 3827284 
2179 3827284 
2180 3827284 
2181 3827284 
2182 3827284 
2183 3827284 
2184 3827284 
2185 3827284 
2186 3827284 
2187 3827284 
2188 3827284 
2189 3827284 
2190 3827284 
2191 3827284 
2192 3827284 
2193 3827284 
2194 3827284 
2195 3827284 
2196 3827284 
2197 3827284 
2198 3827284 
2199 3827284 
2200 3827284 
2201 3827284 
2202 3827284 
2203 3827284 
2204 3827284 
2205 3827284 
2206 3827284 
2207 3827284 
2208 3827284 
2209 3827284 
2210 3827284 
2211 3827284 
2212 3827284 
2213 3827284 
2214 3827284 
2215 3827284 
2216 3827284 
2217 3827284 
2218 3827284 
2219 3827284 
2220 3827284 
2221 3827284 
2222 3827284 
2223 3827284 
2224 3827284 
2225 3827284 
2226 3827284 
2227 3827284 
2228 3827284 
2229 3827284 
2230 3827284 
2231 3827284 
2232 3827284 
2233 3827284 
2234 3827284 
2235 3827284 
2236 3827284 
2237 3827284 
2238 3827284 
2239 3827284 
2240 3827284 
2241 3827284 
2242 3827284 
2243 3827284 
2244 3827284 
2245 3827284 
2246 3827284 
2247 3827284 
2248 3827284 
2249 3827284 
2250 3827284 
2251 3827284 
2252 3827284 
2253 3827284 
2254 3827284 
2255 3827284 
2256 3827284 
2257 3827284 
2258 3827284 
2259 3827284 
2260 3827284 
2261 3827284 
2262 3827284 
2263 3827284 
2264 3827284 
2265 3827284 
2266 3827284 
2267 3827284 
2268 3827284 
2269 3827284 
2270 3827284 
2271 3827284 
2272 3827284 
2273 3827284 
2274 3827284 
2275 3827284 
2276 3827284 
2277 3827284 
2278 3827284 
2279 3827284 
2280 3827284 
2281 3827284 
2282 3827284 
2283 3827284 
2284 3827284 
2285 3827284 
2286 3827284 
2287 3827284 
2288 3827284 
2289 3827284 
2290 3827284 
2291 3827284 
2292 3827284 
2293 3827284 
2294 3827284 
2295 3827284 
2296 3827284 
2297 3827284 
2298 3827284 
2299 3827284 
2300 3827284 
2301 3827284 
2302 3827284 
2303 3827284 
2304 3827284 
2305 3827284 
2306 3827284 
2307 3827284 
2308 3827284 
2309 3827284 
2310 3827284 
2311 3827284 
2312 3827284 
2313 3827284 
2314 3827284 
2315 3827284 
2316 3827284 
2317 3827284 
2318 3827284 
2319 3827284 
2320 3827284 
2321 3827284 
2322 3827284 
2323 3827284 
2324 3827284 
2325 3827284 
2326 3827284 
2327 3827284 
2328 3827284 
2329 3827284 
2330 3827284 
2331 3827284 
2332 3827284 
2333 3827284 
2334 3827284 
2335 3827284 
2336 3827284 
2337 3827284 
2338 3827284 
2339 3827284 
2340 3827284 
2341 3827284 
2342 3827284 
2343 3827284 
2344 3827284 
2345 3827284 
2346 3827284 
2347 3827284 
2348 3827284 
2349 3827284 
2350 3827284 
2351 3827284 
2352 3827284 
2353 3827284 
2354 3827284 
2355 3827284 
2356 3827284 
2357 3827284 
2358 3827284 
2359 3827284 
2360 3827284 
2361 3827284 
2362 3827284 
2363 3827284 
2364 3827284 
2365 3827284 
2366 3827284 
2367 3827284 
2368 3827284 
2369 3827284 
2370 3827284 
2371 3827284 
2372 3827284 
2373 3827284 
2374 3827284 
2375 3827284 
2376 3827284 
2377 3827284 
2378 3827284 
2379 3827284 
2380 3827284 
2381 3827284 
2382 3827284 
2383 3827284 
2384 3827284 
2385 3827284 
2386 3827284 
2387 3827284 
2388 3827284 
2389 3827284 
2390 3827284 
2391 3827284 
2392 3827284 
2393 3827284 
2394 3827284 
2395 3827284 
2396 3827284 
2397 3827284 
2398 3827284 
2399 3827284 
2400 3827284 
2401 3827284 
2402 3827284 
2403 3827284 
2404 3827284 
2405 3827284 
2406 3827284 
2407 3827284 
2408 3827284 
2409 3827284 
2410 3827284 
2411 3827284 
2412 3827284 
2413 3827284 
2414 3827284 
2415 3827284 
2416 3827284 
2417 3827284 
2418 3827284 
2419 3827284 
2420 3827284 
2421 3827284 
2422 3827284 
2423 3827284 
2424 3827284 
2425 3827284 
2426 3827284 
2427 3827284 
2428 3827284 
2429 3827284 
2430 3827284 
2431 3827284 
2432 3827284 
2433 3827284 
2434 3827284 
2435 3827284 
2436 3827284 
2437 3827284 
2438 3827284 
2439 3827284 
2440 3827284 
2441 3827284 
2442 3827284 
2443 3827284 
2444 3827284 
2445 3827284 
2446 3827284 
2447 3827284 
2448 3827284 
2449 3827284 
2450 3827284 
2451 3827284 
2452 3827284 
2453 3827284 
2454 3827284 
2455 3827284 
2456 3827284 
2457 3827284 
2458 3827284 
2459 3827284 
2460 3827284 
2461 3827284 
2462 3827284 
2463 3827284 
2464 3827284 
2465 3827284 
2466 3827284 
2467 3827284 
2468 3827284 
2469 3827284 
2470 3827284 
2471 3827284 
2472 3827284 
2473 3827284 
2474 3827284 
2475 3827284 
2476 3827284 
2477 3827284 
2478 3827284 
2479 3827284 
2480 3827284 
2481 3827284 
2482 3827284 
2483 3827284 
2484 3827284 
2485 3827284 
2486 3827284 
2487 3827284 
2488 3827284 
2489 3827284 
2490 3827284 
2491 3827284 
2492 3827284 
2493 3827284 
2494 3827284 
2495 3827284 
2496 3827284 
2497 3827284 
2498 3827284 
2499 3827284 
2500 3827284 
2501 3827284 
2502 3827284 
2503 3827284 
2504 3827284 
2505 3827284 
2506 3827284 
2507 3827284 
2508 3827284 
2509 3827284 
2510 3827284 
2511 3827284 
2512 3827284 
2513 3827284 
2514 3827284 
2515 3827284 
2516 3827284 
2517 3827284 
2518 3827284 
2519 3827284 
2520 3827284 
2521 3827284 
2522 3827284 
2523 3827284 
2524 3827284 
2525 3827284 
2526 3827284 
2527 3827284 
2528 3827284 
2529 3827284 
2530 3827284 
2531 3827284 
2532 3827284 
2533 3827284 
2534 3827284 
2535 3827284 
2536 3827284 
2537 3827284 
2538 3827284 
2539 3827284 
2540 3827284 
2541 3827284 
2542 3827284 
2543 3827284 
2544 3827284 
2545 3827284 
2546 3827284 
2547 3827284 
2548 3827284 
2549 3827284 
2550 3827284 
2551 3827284 
2552 3827284 
2553 3827284 
2554 3827284 
2555 3827284 
2556 3827284 
2557 3827284 
2558 3827284 
2559 3827284 
2560 3827284 
2561 3827284 
2562 3827284 
2563 3827284 
2564 3827284 
2565 3827284 
2566 3827284 
2567 3827284 
2568 3827284 
2569 3827284 
2570 3827284 
2571 3827284 
2572 3827284 
2573 3827284 
2574 3827284 
2575 3827284 
2576 3827284 
2577 3827284 
2578 3827284 
2579 3827284 
2580 3827284 
2581 3827284 
2582 3827284 
2583 3827284 
2584 3827284 
2585 3827284 
2586 3827284 
2587 3827284 
2588 3827284 
2589 3827284 
2590 3827284 
2591 3827284 
2592 3827284 
2593 3827284 
2594 3827284 
2595 3827284 
2596 3827284 
2597 3827284 
2598 3827284 
2599 3827284 
2600 3827284 
2601 3827284 
2602 3827284 
2603 3827284 
2604 3827284 
2605 3827284 
2606 3827284 
2607 3827284 
2608 3827284 
2609 3827284 
2610 3827284 
2611 3827284 
2612 3827284 
2613 3827284 
2614 3827284 
2615 3827284 
2616 3827284 
2617 3827284 
2618 3827284 
2619 3827284 
2620 3827284 
2621 3827284 
2622 3827284 
2623 3827284 
2624 3827284 
2625 3827284 
2626 3827284 
2627 3827284 
2628 3827284 
2629 3827284 
2630 3827284 
2631 3827284 
2632 3827284 
2633 3827284 
2634 3827284 
2635 3827284 
2636 3827284 
2637 3827284 
2638 3827284 
2639 3827284 
2640 3827284 
2641 3827284 
2642 3827284 
2643 3827284 
2644 3827284 
2645 3827284 
2646 3827284 
2647 3827284 
2648 3827284 
2649 3827284 
2650 3827284 
2651 3827284 
2652 3827284 
2653 3827284 
2654 3827284 
2655 3827284 
2656 3827284 
2657 3827284 
2658 3827284 
2659 3827284 
2660 3827284 
2661 3827284 
2662 3827284 
2663 3827284 
2664 3827284 
2665 3827284 
2666 3827284 
2667 3827284 
2668 3827284 
2669 3827284 
2670 3827284 
2671 3827284 
2672 3827284 
2673 3827284 
2674 3827284 
2675 3827284 
2676 3827284 
2677 3827284 
2678 3827284 
2679 3827284 
2680 3827284 
2681 3827284 
2682 3827284 
2683 3827284 
2684 3827284 
2685 3827284 
2686 3827284 
2687 3827284 
2688 3827284 
2689 3827284 
2690 3827284 
2691 3827284 
2692 3827284 
2693 3827284 
2694 3827284 
2695 3827284 
2696 3827284 
2697 3827284 
2698 3827284 
2699 3827284 
2700 3827284 
2701 3827284 
2702 3827284 
2703 3827284 
2704 3827284 
2705 3827284 
2706 3827284 
2707 3827284 
2708 3827284 
2709 3827284 
2710 3827284 
2711 3827284 
2712 3827284 
2713 3827284 
2714 3827284 
2715 3827284 
2716 3827284 
2717 3827284 
2718 3827284 
2719 3827284 
2720 3827284 
2721 3827284 
2722 3827284 
2723 3827284 
2724 3827284 
2725 3827284 
2726 3827284 
2727 3827284 
2728 3827284 
2729 3827284 
2730 3827284 
2731 3827284 
2732 3827284 
2733 3827284 
2734 3827284 
2735 3827284 
2736 3827284 
2737 3827284 
2738 3827284 
2739 3827284 
2740 3827284 
2741 3827284 
2742 3827284 
2743 3827284 
2744 3827284 
2745 3827284 
2746 3827284 
2747 3827284 
2748 3827284 
2749 3827284 
2750 3827284 
2751 3827284 
2752 3827284 
2753 3827284 
2754 3827284 
2755 3827284 
2756 3827284 
2757 3827284 
2758 3827284 
2759 3827284 
2760 3827284 
2761 3827284 
2762 3827284 
2763 3827284 
2764 3827284 
2765 3827284 
2766 3827284 
2767 3827284 
2768 3827284 
2769 3827284 
2770 3827284 
2771 3827284 
2772 3827284 
2773 3827284 
2774 3827284 
2775 3827284 
2776 3827284 
2777 3827284 
2778 3827284 
2779 3827284 
2780 3827284 
2781 3827284 
2782 3827284 
2783 3827284 
2784 3827284 
2785 3827284 
2786 3827284 
2787 3827284 
2788 3827284 
2789 3827284 
2790 3827284 
2791 3827284 
2792 3827284 
2793 3827284 
2794 3827284 
2795 3827284 
2796 3827284 
2797 3827284 
2798 3827284 
2799 3827284 
2800 3827284 
2801 3827284 
2802 3827284 
2803 3827284 
2804 3827284 
2805 3827284 
2806 3827284 
2807 3827284 
2808 3827284 
2809 3827284 
2810 3827284 
2811 3827284 
2812 3827284 
2813 3827284 
2814 3827284 
2815 3827284 
2816 3827284 
2817 3827284 
2818 3827284 
2819 3827284 
2820 3827284 
2821 3827284 
2822 3827284 
2823 3827284 
2824 3827284 
2825 3827284 
2826 3827284 
2827 3827284 
2828 3827284 
2829 3827284 
2830 3827284 
2831 3827284 
2832 3827284 
2833 3827284 
2834 3827284 
2835 3827284 
2836 3827284 
2837 3827284 
2838 3827284 
2839 3827284 
2840 3827284 
2841 3827284 
2842 3827284 
2843 3827284 
2844 3827284 
2845 3827284 
2846 3827284 
2847 3827284 
2848 3827284 
2849 3827284 
2850 3827284 
2851 3827284 
2852 3827284 
2853 3827284 
2854 3827284 
2855 3827284 
2856 3827284 
2857 3827284 
2858 3827284 
2859 3827284 
2860 3827284 
2861 3827284 
2862 3827284 
2863 3827284 
2864 3827284 
2865 3827284 
2866 3827284 
2867 3827284 
2868 3827284 
2869 3827284 
2870 3827284 
2871 3827284 
2872 3827284 
2873 3827284 
2874 3827284 
2875 3827284 
2876 3827284 
2877 3827284 
2878 3827284 
2879 3827284 
2880 3827284 
2881 3827284 
2882 3827284 
2883 3827284 
2884 3827284 
2885 3827284 
2886 3827284 
2887 3827284 
2888 3827284 
2889 3827284 
2890 3827284 
2891 3827284 
2892 3827284 
2893 3827284 
2894 3827284 
2895 3827284 
2896 3827284 
2897 3827284 
2898 3827284 
2899 3827284 
2900 3827284 
2901 3827284 
2902 3827284 
2903 3827284 
2904 3827284 
2905 3827284 
2906 3827284 
2907 3827284 
2908 3827284 
2909 3827284 
2910 3827284 
2911 3827284 
2912 3827284 
2913 3827284 
2914 3827284 
2915 3827284 
2916 3827284 
2917 3827284 
2918 3827284 
2919 3827284 
2920 3827284 
2921 3827284 
2922 3827284 
2923 3827284 
2924 3827284 
2925 3827284 
2926 3827284 
2927 3827284 
2928 3827284 
2929 3827284 
2930 3827284 
2931 3827284 
2932 3827284 
2933 3827284 
2934 3827284 
2935 3827284 
2936 3827284 
2937 3827284 
2938 3827284 
2939 3827284 
2940 3827284 
2941 3827284 
2942 3827284 
2943 3827284 
2944 3827284 
2945 3827284 
2946 3827284 
2947 3827284 
2948 3827284 
2949 3827284 
2950 3827284 
2951 3827284 
2952 3827284 
2953 3827284 
2954 3827284 
2955 3827284 
2956 3827284 
2957 3827284 
2958 3827284 
2959 3827284 
2960 3827284 
2961 3827284 
2962 3827284 
2963 3827284 
2964 3827284 
2965 3827284 
2966 3827284 
2967 3827284 
2968 3827284 
2969 3827284 
2970 3827284 
2971 3827284 
2972 3827284 
2973 3827284 
2974 3827284 
2975 3827284 
2976 3827284 
2977 3827284 
2978 3827284 
2979 3827284 
2980 3827284 
2981 3827284 
2982 3827284 
2983 3827284 
2984 3827284 
2985 3827284 
2986 3827284 
2987 3827284 
2988 3827284 
2989 3827284 
2990 3827284 
2991 3827284 
2992 3827284 
2993 3827284 
2994 3827284 
2995 3827284 
2996 3827284 
2997 3827284 
2998 3827284 
2999 3827284 
3000 3827284 
3001 3827284 
3002 3827284 
3003 3827284 
3004 3827284 
3005 3827284 
3006 3827284 
3007 3827284 
3008 3827284 
3009 3827284 
3010 3827284 
3011 3827284 
3012 3827284 
3013 3827284 
3014 3827284 
3015 3827284 
3016 3827284 
3017 3827284 
3018 3827284 
3019 3827284 
3020 3827284 
3021 3827284 
3022 3827284 
3023 3827284 
3024 3827284 
3025 3827284 
3026 3827284 
3027 3827284 
3028 3827284 
3029 3827284 
3030 3827284 
3031 3827284 
3032 3827284 
3033 3827284 
3034 3827284 

