0 8009449 
1 7947825 
2 7939927 
3 7935765 
4 7934484 
5 7930987 
6 7930987 
7 7924596 
8 7915472 
9 7913120 
10 7912990 
11 7912873 
12 7909751 
13 7909491 
14 7909491 
15 7906642 
16 7897633 
17 7895375 
18 7888025 
19 7872990 
20 7872863 
21 7872122 
22 7871846 
23 7869643 
24 7869630 
25 7867469 
26 7866800 
27 7862977 
28 7859932 
29 7859893 
30 7858600 
31 7854258 
32 7852323 
33 7851018 
34 7846737 
35 7846515 
36 7845883 
37 7845875 
38 7845868 
39 7845844 
40 7845843 
41 7845830 
42 7845792 
43 7845790 
44 7845784 
45 7844253 
46 7844104 
47 7844097 
48 7844092 
49 7844079 
50 7837428 
51 7837421 
52 7837329 
53 7834789 
54 7834529 
55 7834517 
56 7829473 
57 7822774 
58 7822102 
59 7822101 
60 7821975 
61 7821868 
62 7821660 
63 7821646 
64 7821607 
65 7821466 
66 7816873 
67 7808620 
68 7808568 
69 7805817 
70 7805783 
71 7805727 
72 7802300 
73 7802148 
74 7800775 
75 7799568 
76 7799378 
77 7799378 
78 7799079 
79 7799079 
80 7799079 
81 7799073 
82 7798256 
83 7764619 
84 7764605 
85 7762074 
86 7761969 
87 7761644 
88 7761618 
89 7760446 
90 7758082 
91 7758082 
92 7757876 
93 7757735 
94 7757609 
95 7757362 
96 7755360 
97 7755061 
98 7753410 
99 7748891 
100 7748705 
101 7747214 
102 7727481 
103 7727213 
104 7727151 
105 7724220 
106 7722416 
107 7722353 
108 7721102 
109 7720997 
110 7719991 
111 7671605 
112 7670697 
113 7668756 
114 7662087 
115 7662018 
116 7660662 
117 7659867 
118 7653913 
119 7647296 
120 7647219 
121 7637604 
122 7627295 
123 7627197 
124 7627129 
125 7626934 
126 7626766 
127 7626513 
128 7616954 
129 7616902 
130 7616685 
131 7616685 
132 7616087 
133 7616069 
134 7613266 
135 7613065 
136 7613037 
137 7612841 
138 7611852 
139 7611329 
140 7611000 
141 7610961 
142 7609933 
143 7609177 
144 7609144 
145 7608865 
146 7608675 
147 7608592 
148 7605890 
149 7605827 
150 7605764 
151 7605364 
152 7603127 
153 7602737 
154 7601946 
155 7600832 
156 7599554 
157 7596547 
158 7595463 
159 7595385 
160 7594585 
161 7590848 
162 7590657 
163 7582946 
164 7576849 
165 7576677 
166 7572090 
167 7571978 
168 7561643 
169 7556115 
170 7555933 
171 7555868 
172 7555700 
173 7553552 
174 7552937 
175 7550142 
176 7550085 
177 7539366 
178 7539321 
179 7510599 
180 7510391 
181 7509949 
182 7509936 
183 7509676 
184 7505503 
185 7505367 
186 7502777 
187 7502746 
188 7502502 
189 7497687 
190 7495655 
191 7495564 
192 7495532 
193 7488941 
194 7488847 
195 7486002 
196 7485866 
197 7480657 
198 7480592 
199 7480355 
200 7480259 
201 7479125 
202 7479041 
203 7478798 
204 7469808 
205 7468934 
206 7468662 
207 7468655 
208 7468460 
209 7468380 
210 7468380 
211 7468341 
212 7468103 
213 7468059 
214 7468022 
215 7467783 
216 7467769 
217 7465215 
218 7465092 
219 7464159 
220 7461364 
221 7460919 
222 7460856 
223 7459595 
224 7458860 
225 7453777 
226 7450608 
227 7447971 
228 7445473 
229 7444186 
230 7443490 
231 7443447 
232 7443165 
233 7443030 
234 7442988 
235 7442967 
236 7438072 
237 7437729 
238 7437701 
239 7437574 
240 7437553 
241 7437434 
242 7437291 
243 7437278 
244 7437229 
245 7437187 
246 7437071 
247 7436489 
248 7436489 
249 7436448 
250 7436427 
251 7434845 
252 7434346 
253 7434259 
254 7434245 
255 7434207 
256 7434077 
257 7433895 
258 7430850 
259 7430834 
260 7430834 
261 7430829 
262 7430752 
263 7430700 
264 7430445 
265 7428207 
266 7428207 
267 7427579 
268 7427088 
269 7427062 
270 7427006 
271 7426694 
272 7426694 
273 7426687 
274 7426673 
275 7426595 
276 7425826 
277 7424994 
278 7414849 
279 7414797 
280 7412951 
281 7412860 
282 7412847 
283 7412812 
284 7412769 
285 7406180 
286 7406076 
287 7405866 
288 7405814 
289 7400393 
290 7391758 
291 7373740 
292 7365181 
293 7364812 
294 7363614 
295 7363614 
296 7362796 
297 7360723 
298 7360641 
299 7360537 
300 7360052 
301 7359987 
302 7359833 
303 7359535 
304 7358728 
305 7358714 
306 7358238 
307 7357302 
308 7354445 
309 7354410 
310 7351792 
311 7351766 
312 7351631 
313 7351596 
314 7351577 
315 7349597 
316 7334327 
317 7320363 
318 7318703 
319 7315531 
320 7315172 
321 7305228 
322 7304981 
323 7304960 
324 7302923 
325 7302338 
326 7302338 
327 7302219 
328 7302163 
329 7302021 
330 7301922 
331 7301859 
332 7301710 
333 7301316 
334 7297903 
335 7297226 
336 7296750 
337 7292630 
338 7292528 
339 7292101 
340 7291419 
341 7291197 
342 7291102 
343 7290079 
344 7288867 
345 7283927 
346 7283401 
347 7283270 
348 7280618 
349 7273874 
350 7273811 
351 7273797 
352 7270930 
353 7270888 
354 7270874 
355 7270772 
356 7270704 
357 7270017 
358 7268665 
359 7268380 
360 7267905 
361 7267072 
362 7267009 
363 7258857 
364 7258703 
365 7258213 
366 7258066 
367 7257719 
368 7257344 
369 7257344 
370 7255410 
371 7254773 
372 7254149 
373 7240980 
374 7237041 
375 7236684 
376 7227206 
377 7226855 
378 7219900 
379 7218613 
380 7218197 
381 7217917 
382 7216932 
383 7215987 
384 7214778 
385 7209955 
386 7209862 
387 7209778 
388 7208266 
389 7203521 
390 7203493 
391 7203493 
392 7203451 
393 7203281 
394 7194870 
395 7194350 
396 7194006 
397 7193833 
398 7193807 
399 7193792 
400 7192401 
401 7191218 
402 7187834 
403 7187578 
404 7176395 
405 7176393 
406 7176235 
407 7176104 
408 7176058 
409 7174641 
410 7174613 
411 7174550 
412 7174543 
413 7173453 
414 7172413 
415 7172413 
416 7172268 
417 7171694 
418 7170815 
419 7170050 
420 7167895 
421 7167755 
422 7167755 
423 7167053 
424 7167022 
425 7166919 
426 7166919 
427 7166856 
428 7166599 
429 7166102 
430 7159291 
431 7159063 
432 7136287 
433 7135175 
434 7135014 
435 7135014 
436 7134851 
437 7134126 
438 7134119 
439 7134084 
440 7134077 
441 7134018 
442 7133954 
443 7133947 
444 7132294 
445 7132287 
446 7132112 
447 7132112 
448 7131562 
449 7130131 
450 7129921 
451 7129557 
452 7129335 
453 7129138 
454 7129092 
455 7129018 
456 7128084 
457 7128084 
458 7127805 
459 7127798 
460 7127364 
461 7127364 
462 7127013 
463 7125238 
464 7114702 
465 7112925 
466 7111802 
467 7111743 
468 7111743 
469 7110833 
470 7110833 
471 7110788 
472 7110788 
473 7108344 
474 7108337 
475 7108309 
476 7108302 
477 7108125 
478 7107878 
479 7107878 
480 7107878 
481 7107850 
482 7107850 
483 7107850 
484 7107808 
485 7107654 
486 7107559 
487 7107425 
488 7107235 
489 7107147 
490 7107147 
491 7106906 
492 7106749 
493 7106749 
494 7106707 
495 7106679 
496 7106679 
497 7106679 
498 7106353 
499 7106353 
500 7106353 
501 7106022 
502 7105931 
503 7104332 
504 7104197 
505 7104197 
506 7103205 
507 7103034 
508 7103028 
509 7102510 
510 7102510 
511 7102510 
512 7102510 
513 7101631 
514 7101028 
515 7100922 
516 7100922 
517 7100922 
518 7100903 
519 7100903 
520 7100903 
521 7100903 
522 7100903 
523 7100809 
524 7100317 
525 7100317 
526 7100317 
527 7100160 
528 7100160 
529 7100160 
530 7100160 
531 7100018 
532 7100018 
533 7099955 
534 7099955 
535 7099955 
536 7099955 
537 7099955 
538 7099955 
539 7099955 
540 7099955 
541 7099955 
542 7099955 
543 7099955 
544 7099955 
545 7099955 
546 7099955 
547 7099955 
548 7099955 
549 7099955 
550 7099955 
551 7099955 
552 7099955 
553 7099955 
554 7099955 
555 7099955 
556 7099955 
557 7099955 
558 7099955 
559 7099955 
560 7099955 
561 7099955 
562 7099955 
563 7099955 
564 7099955 
565 7099955 
566 7099955 
567 7099955 
568 7099955 
569 7099955 
570 7099955 
571 7099955 
572 7099955 
573 7099955 
574 7099955 
575 7099955 
576 7099955 
577 7099955 
578 7099955 
579 7099955 
580 7099955 
581 7099955 
582 7099955 
583 7099955 
584 7099955 
585 7099955 
586 7099955 
587 7099955 
588 7099955 
589 7099955 
590 7099955 
591 7099955 
592 7099955 
593 7099955 
594 7099955 
595 7099955 
596 7099955 
597 7099955 
598 7099955 
599 7099955 
600 7099955 
601 7099955 
602 7099955 
603 7099955 
604 7099955 
605 7099955 
606 7099955 
607 7099955 
608 7099955 
609 7099955 
610 7099955 
611 7099955 
612 7099955 
613 7099955 
614 7099955 
615 7099955 
616 7099955 
617 7099955 
618 7099955 
619 7099955 
620 7099955 
621 7099955 
622 7099955 
623 7099955 
624 7099955 
625 7099955 
626 7099955 
627 7099955 
628 7099955 
629 7099955 
630 7099955 
631 7099955 
632 7099955 
633 7099955 
634 7099955 
635 7099955 
636 7099955 
637 7099955 
638 7099955 
639 7099955 
640 7099955 
641 7099955 
642 7099955 
643 7099955 
644 7099955 
645 7099955 
646 7099955 
647 7099955 
648 7099955 
649 7099955 
650 7099955 
651 7099955 
652 7099955 
653 7099955 
654 7099955 
655 7099955 
656 7099955 
657 7099955 
658 7099955 
659 7099955 
660 7099955 
661 7099955 
662 7099955 
663 7099955 
664 7099955 
665 7099955 
666 7099955 
667 7099955 
668 7099955 
669 7099955 
670 7099955 
671 7099955 
672 7099955 
673 7099955 
674 7099955 
675 7099955 
676 7099955 
677 7099955 
678 7099955 
679 7099955 
680 7099955 
681 7099955 
682 7099955 
683 7099955 
684 7099955 
685 7099955 
686 7099955 
687 7099955 
688 7099955 
689 7099955 
690 7099955 
691 7099955 
692 7099955 
693 7099955 
694 7099955 
695 7099955 
696 7099955 
697 7099955 
698 7099955 
699 7099955 
700 7099955 
701 7099955 
702 7099955 
703 7099955 
704 7099955 
705 7099955 
706 7099955 
707 7099955 
708 7099955 
709 7099955 
710 7099955 
711 7099955 
712 7099955 
713 7099955 
714 7099955 
715 7099955 
716 7099955 
717 7099955 
718 7099955 
719 7099955 
720 7099955 
721 7099955 
722 7099955 
723 7099955 
724 7099955 
725 7099955 
726 7099955 
727 7099955 
728 7099955 
729 7099955 
730 7099955 
731 7099955 
732 7099955 
733 7099955 
734 7099955 
735 7099955 
736 7099955 
737 7099955 
738 7099955 
739 7099955 
740 7099955 
741 7099955 
742 7099955 
743 7099955 
744 7099955 
745 7099955 
746 7099955 
747 7099955 
748 7099955 
749 7099955 
750 7099955 
751 7099955 
752 7099955 
753 7099955 
754 7099955 
755 7099955 
756 7099955 
757 7099955 
758 7099955 
759 7099955 
760 7099955 
761 7099955 
762 7099955 
763 7099955 
764 7099955 
765 7099955 
766 7099955 
767 7099955 
768 7099955 
769 7099955 
770 7099955 
771 7099955 
772 7099955 
773 7099955 
774 7099955 
775 7099955 
776 7099955 
777 7099955 
778 7099955 
779 7099955 
780 7099955 
781 7099955 
782 7099955 
783 7099955 
784 7099955 
785 7099955 
786 7099955 
787 7099955 
788 7099955 
789 7099955 
790 7099955 
791 7099955 
792 7099955 
793 7099955 
794 7099955 
795 7099955 
796 7099955 
797 7099955 
798 7099955 
799 7099955 
800 7099955 
801 7099955 
802 7099955 
803 7099955 
804 7099955 
805 7099955 
806 7099955 
807 7099955 
808 7099955 
809 7099955 
810 7099955 
811 7099955 
812 7099955 
813 7099955 
814 7099955 
815 7099955 
816 7099955 
817 7099955 
818 7099955 
819 7099955 
820 7099955 
821 7099955 
822 7099955 
823 7099955 
824 7099955 
825 7099955 
826 7099955 
827 7099955 
828 7099955 
829 7099955 
830 7099955 
831 7099955 
832 7099955 
833 7099955 
834 7099955 
835 7099955 
836 7099955 
837 7099955 
838 7099955 
839 7099955 
840 7099955 
841 7099955 
842 7099955 
843 7099955 
844 7099955 
845 7099955 
846 7099955 
847 7099955 
848 7099955 
849 7099955 
850 7099955 
851 7099955 
852 7099955 
853 7099955 
854 7099955 
855 7099955 
856 7099955 
857 7099955 
858 7099955 
859 7099955 
860 7099955 
861 7099955 
862 7099955 
863 7099955 
864 7099955 
865 7099955 
866 7099955 
867 7099955 
868 7099955 
869 7099955 
870 7099955 
871 7099955 
872 7099955 
873 7099955 
874 7099955 
875 7099955 
876 7099955 
877 7099955 
878 7099955 
879 7099955 
880 7099955 
881 7099955 
882 7099955 
883 7099955 
884 7099955 
885 7099955 
886 7099955 
887 7099955 
888 7099955 
889 7099955 
890 7099955 
891 7099955 
892 7099955 
893 7099955 
894 7099955 
895 7099955 
896 7099955 
897 7099955 
898 7099955 
899 7099955 
900 7099955 
901 7099955 
902 7099955 
903 7099955 
904 7099955 
905 7099955 
906 7099955 
907 7099955 
908 7099955 
909 7099955 
910 7099955 
911 7099955 
912 7099955 
913 7099955 
914 7099955 
915 7099955 
916 7099955 
917 7099955 
918 7099955 
919 7099955 
920 7099955 
921 7099955 
922 7099955 
923 7099955 
924 7099955 
925 7099955 
926 7099955 
927 7099955 
928 7099955 
929 7099955 
930 7099955 
931 7099955 
932 7099955 
933 7099955 
934 7099955 
935 7099955 
936 7099955 
937 7099955 
938 7099955 
939 7099955 
940 7099955 
941 7099955 
942 7099955 
943 7099955 
944 7099955 
945 7099955 
946 7099955 
947 7099955 
948 7099955 
949 7099955 
950 7099955 
951 7099955 
952 7099955 
953 7099955 
954 7099955 
955 7099955 
956 7099955 
957 7099955 
958 7099955 
959 7099955 
960 7099955 
961 7099955 
962 7099955 
963 7099955 
964 7099955 
965 7099955 
966 7099955 
967 7099955 
968 7099955 
969 7099955 
970 7099955 
971 7099955 
972 7099955 
973 7099955 
974 7099955 
975 7099955 
976 7099955 
977 7099955 
978 7099955 
979 7099955 
980 7099955 
981 7099955 
982 7099955 
983 7099955 
984 7099955 
985 7099955 
986 7099955 
987 7099955 
988 7099955 
989 7099955 
990 7099955 
991 7099955 
992 7099955 
993 7099955 
994 7099955 
995 7099955 
996 7099955 
997 7099955 
998 7099955 
999 7099955 
1000 7099955 
1001 7099955 
1002 7099955 
1003 7099955 
1004 7099955 
1005 7099955 
1006 7099955 
1007 7099955 
1008 7099955 
1009 7099955 
1010 7099955 
1011 7099955 
1012 7099955 
1013 7099955 
1014 7099955 
1015 7099955 
1016 7099955 
1017 7099955 
1018 7099955 
1019 7099955 
1020 7099955 
1021 7099955 
1022 7099955 
1023 7099955 
1024 7099955 
1025 7099955 
1026 7099955 
1027 7099955 
1028 7099955 
1029 7099955 
1030 7099955 
1031 7099955 
1032 7099955 
1033 7099955 
1034 7099955 
1035 7099955 
1036 7099955 
1037 7099955 
1038 7099955 
1039 7099955 
1040 7099955 
1041 7099955 
1042 7099955 
1043 7099955 
1044 7099955 
1045 7099955 
1046 7099955 
1047 7099955 
1048 7099955 
1049 7099955 
1050 7099955 
1051 7099955 
1052 7099955 
1053 7099955 
1054 7099955 
1055 7099955 
1056 7099955 
1057 7099955 
1058 7099955 
1059 7099955 
1060 7099955 
1061 7099955 
1062 7099955 
1063 7099955 
1064 7099955 
1065 7099955 
1066 7099955 
1067 7099955 
1068 7099955 
1069 7099955 
1070 7099955 
1071 7099955 
1072 7099955 
1073 7099955 
1074 7099955 
1075 7099955 
1076 7099955 
1077 7099955 
1078 7099955 
1079 7099955 
1080 7099955 
1081 7099955 
1082 7099955 
1083 7099955 
1084 7099955 
1085 7099955 
1086 7099955 
1087 7099955 
1088 7099955 
1089 7099955 
1090 7099955 
1091 7099955 
1092 7099955 
1093 7099955 
1094 7099955 
1095 7099955 
1096 7099955 
1097 7099955 
1098 7099955 
1099 7099955 
1100 7099955 
1101 7099955 
1102 7099955 
1103 7099955 
1104 7099955 
1105 7099955 
1106 7099955 
1107 7099955 
1108 7099955 
1109 7099955 
1110 7099955 
1111 7099955 
1112 7099955 
1113 7099955 
1114 7099955 
1115 7099955 
1116 7099955 
1117 7099955 
1118 7099955 
1119 7099955 
1120 7099955 
1121 7099955 
1122 7099955 
1123 7099955 
1124 7099955 
1125 7099955 
1126 7099955 
1127 7099955 
1128 7099955 
1129 7099955 
1130 7099955 
1131 7099955 
1132 7099955 
1133 7099955 
1134 7099955 
1135 7099955 
1136 7099955 
1137 7099955 
1138 7099955 
1139 7099955 
1140 7099955 
1141 7099955 
1142 7099955 
1143 7099955 
1144 7099955 
1145 7099955 
1146 7099955 
1147 7099955 
1148 7099955 
1149 7099955 
1150 7099955 
1151 7099955 
1152 7099955 
1153 7099955 
1154 7099955 
1155 7099955 
1156 7099955 
1157 7099955 
1158 7099955 
1159 7099955 
1160 7099955 
1161 7099955 
1162 7099955 
1163 7099955 
1164 7099955 
1165 7099955 
1166 7099955 
1167 7099955 
1168 7099955 
1169 7099955 
1170 7099955 
1171 7099955 
1172 7099955 
1173 7099955 
1174 7099955 
1175 7099955 
1176 7099955 
1177 7099955 
1178 7099955 
1179 7099955 
1180 7099955 
1181 7099955 
1182 7099955 
1183 7099955 
1184 7099955 
1185 7099955 
1186 7099955 
1187 7099955 
1188 7099955 
1189 7099955 
1190 7099955 
1191 7099955 
1192 7099955 
1193 7099955 
1194 7099955 
1195 7099955 
1196 7099955 
1197 7099955 
1198 7099955 
1199 7099955 
1200 7099955 
1201 7099955 
1202 7099955 
1203 7099955 
1204 7099955 
1205 7099955 
1206 7099955 
1207 7099955 
1208 7099955 
1209 7099955 
1210 7099955 
1211 7099955 
1212 7099955 
1213 7099955 
1214 7099955 
1215 7099955 
1216 7099955 
1217 7099955 
1218 7099955 
1219 7099955 
1220 7099955 
1221 7099955 
1222 7099955 
1223 7099955 
1224 7099955 
1225 7099955 
1226 7099955 
1227 7099955 
1228 7099955 
1229 7099955 
1230 7099955 
1231 7099955 
1232 7099955 
1233 7099955 
1234 7099955 
1235 7099955 
1236 7099955 
1237 7099955 
1238 7099955 
1239 7099955 
1240 7099955 
1241 7099955 
1242 7099955 
1243 7099955 
1244 7099955 
1245 7099955 
1246 7099955 
1247 7099955 
1248 7099955 
1249 7099955 
1250 7099955 
1251 7099955 
1252 7099955 
1253 7099955 
1254 7099955 
1255 7099955 
1256 7099955 
1257 7099955 
1258 7099955 
1259 7099955 
1260 7099955 
1261 7099955 
1262 7099955 
1263 7099955 
1264 7099955 
1265 7099955 
1266 7099955 
1267 7099955 
1268 7099955 
1269 7099955 
1270 7099955 
1271 7099955 
1272 7099955 
1273 7099955 
1274 7099955 
1275 7099955 
1276 7099955 
1277 7099955 
1278 7099955 
1279 7099955 
1280 7099955 
1281 7099955 
1282 7099955 
1283 7099955 
1284 7099955 
1285 7099955 
1286 7099955 
1287 7099955 
1288 7099955 
1289 7099955 
1290 7099955 
1291 7099955 
1292 7099955 
1293 7099955 
1294 7099955 
1295 7099955 
1296 7099955 
1297 7099955 
1298 7099955 
1299 7099955 
1300 7099955 
1301 7099955 
1302 7099955 
1303 7099955 
1304 7099955 
1305 7099955 
1306 7099955 
1307 7099955 
1308 7099955 
1309 7099955 
1310 7099955 
1311 7099955 
1312 7099955 
1313 7099955 
1314 7099955 
1315 7099955 
1316 7099955 
1317 7099955 
1318 7099955 
1319 7099955 
1320 7099955 
1321 7099955 
1322 7099955 
1323 7099955 
1324 7099955 
1325 7099955 
1326 7099955 
1327 7099955 
1328 7099955 
1329 7099955 
1330 7099955 
1331 7099955 
1332 7099955 
1333 7099955 
1334 7099955 
1335 7099955 
1336 7099955 
1337 7099955 
1338 7099955 
1339 7099955 
1340 7099955 
1341 7099955 
1342 7099955 
1343 7099955 
1344 7099955 
1345 7099955 
1346 7099955 
1347 7099955 
1348 7099955 
1349 7099955 
1350 7099955 
1351 7099955 
1352 7099955 
1353 7099955 
1354 7099955 
1355 7099955 
1356 7099955 
1357 7099955 
1358 7099955 
1359 7099955 
1360 7099955 
1361 7099955 
1362 7099955 
1363 7099955 
1364 7099955 
1365 7099955 
1366 7099955 
1367 7099955 
1368 7099955 
1369 7099955 
1370 7099955 
1371 7099955 
1372 7099955 
1373 7099955 
1374 7099955 
1375 7099955 
1376 7099955 
1377 7099955 
1378 7099955 
1379 7099955 
1380 7099955 
1381 7099955 
1382 7099955 
1383 7099955 
1384 7099955 
1385 7099955 
1386 7099955 
1387 7099955 
1388 7099955 
1389 7099955 
1390 7099955 
1391 7099955 
1392 7099955 
1393 7099955 
1394 7099955 
1395 7099955 
1396 7099955 
1397 7099955 
1398 7099955 
1399 7099955 
1400 7099955 
1401 7099955 
1402 7099955 
1403 7099955 
1404 7099955 
1405 7099955 
1406 7099955 
1407 7099955 
1408 7099955 
1409 7099955 
1410 7099955 
1411 7099955 
1412 7099955 
1413 7099955 
1414 7099955 
1415 7099955 
1416 7099955 
1417 7099955 
1418 7099955 
1419 7099955 
1420 7099955 
1421 7099955 
1422 7099955 
1423 7099955 
1424 7099955 
1425 7099955 
1426 7099955 
1427 7099955 
1428 7099955 
1429 7099955 
1430 7099955 
1431 7099955 
1432 7099955 
1433 7099955 
1434 7099955 
1435 7099955 
1436 7099955 
1437 7099955 
1438 7099955 
1439 7099955 
1440 7099955 
1441 7099955 
1442 7099955 
1443 7099955 
1444 7099955 
1445 7099955 
1446 7099955 
1447 7099955 
1448 7099955 
1449 7099955 
1450 7099955 
1451 7099955 
1452 7099955 
1453 7099955 
1454 7099955 
1455 7099955 
1456 7099955 
1457 7099955 
1458 7099955 
1459 7099955 
1460 7099955 
1461 7099955 
1462 7099955 
1463 7099955 
1464 7099955 
1465 7099955 
1466 7099955 
1467 7099955 
1468 7099955 
1469 7099955 
1470 7099955 
1471 7099955 
1472 7099955 
1473 7099955 
1474 7099955 
1475 7099955 
1476 7099955 
1477 7099955 
1478 7099955 
1479 7099955 
1480 7099955 
1481 7099955 
1482 7099955 
1483 7099955 
1484 7099955 
1485 7099955 
1486 7099955 
1487 7099955 
1488 7099955 
1489 7099955 
1490 7099955 
1491 7099955 
1492 7099955 
1493 7099955 
1494 7099955 
1495 7099955 
1496 7099955 
1497 7099955 
1498 7099955 
1499 7099955 
1500 7099955 
1501 7099955 
1502 7099955 
1503 7099955 
1504 7099955 
1505 7099955 
1506 7099955 
1507 7099955 
1508 7099955 
1509 7099955 
1510 7099955 
1511 7099955 
1512 7099955 
1513 7099955 
1514 7099955 
1515 7099955 
1516 7099955 
1517 7099955 
1518 7099955 
1519 7099955 
1520 7099955 
1521 7099955 
1522 7099955 
1523 7099955 
1524 7099955 
1525 7099955 
1526 7099955 
1527 7099955 
1528 7099955 
1529 7099955 
1530 7099955 
1531 7099955 
1532 7099955 
1533 7099955 
1534 7099955 
1535 7099955 
1536 7099955 
1537 7099955 
1538 7099955 
1539 7099955 
1540 7099955 
1541 7099955 
1542 7099955 
1543 7099955 
1544 7099955 
1545 7099955 
1546 7099955 
1547 7099955 
1548 7099955 
1549 7099955 
1550 7099955 
1551 7099955 
1552 7099955 
1553 7099955 
1554 7099955 
1555 7099955 
1556 7099955 
1557 7099955 
1558 7099955 
1559 7099955 
1560 7099955 
1561 7099955 
1562 7099955 
1563 7099955 
1564 7099955 
1565 7099955 
1566 7099955 
1567 7099955 
1568 7099955 
1569 7099955 
1570 7099955 
1571 7099955 
1572 7099955 
1573 7099955 
1574 7099955 
1575 7099955 
1576 7099955 
1577 7099955 
1578 7099955 
1579 7099955 
1580 7099955 
1581 7099955 
1582 7099955 
1583 7099955 
1584 7099955 
1585 7099955 
1586 7099955 
1587 7099955 
1588 7099955 
1589 7099955 
1590 7099955 
1591 7099955 
1592 7099955 
1593 7099955 
1594 7099955 
1595 7099955 
1596 7099955 
1597 7099955 
1598 7099955 
1599 7099955 
1600 7099955 
1601 7099955 
1602 7099955 
1603 7099955 
1604 7099955 
1605 7099955 
1606 7099955 
1607 7099955 
1608 7099955 
1609 7099955 
1610 7099955 
1611 7099955 
1612 7099955 
1613 7099955 
1614 7099955 
1615 7099955 
1616 7099955 
1617 7099955 
1618 7099955 
1619 7099955 
1620 7099955 
1621 7099955 
1622 7099955 
1623 7099955 
1624 7099955 
1625 7099955 
1626 7099955 
1627 7099955 
1628 7099955 
1629 7099955 
1630 7099955 
1631 7099955 
1632 7099955 
1633 7099955 
1634 7099955 
1635 7099955 
1636 7099955 
1637 7099955 
1638 7099955 
1639 7099955 
1640 7099955 
1641 7099955 
1642 7099955 
1643 7099955 
1644 7099955 
1645 7099955 
1646 7099955 
1647 7099955 
1648 7099955 
1649 7099955 
1650 7099955 
1651 7099955 
1652 7099955 
1653 7099955 
1654 7099955 
1655 7099955 
1656 7099955 
1657 7099955 
1658 7099955 
1659 7099955 
1660 7099955 
1661 7099955 
1662 7099955 
1663 7099955 
1664 7099955 
1665 7099955 
1666 7099955 
1667 7099955 
1668 7099955 
1669 7099955 
1670 7099955 
1671 7099955 
1672 7099955 
1673 7099955 
1674 7099955 
1675 7099955 
1676 7099955 
1677 7099955 
1678 7099955 
1679 7099955 
1680 7099955 
1681 7099955 
1682 7099955 
1683 7099955 
1684 7099955 
1685 7099955 
1686 7099955 
1687 7099955 
1688 7099955 
1689 7099955 
1690 7099955 
1691 7099955 
1692 7099955 
1693 7099955 
1694 7099955 
1695 7099955 
1696 7099955 
1697 7099955 
1698 7099955 
1699 7099955 
1700 7099955 
1701 7099955 
1702 7099955 
1703 7099955 
1704 7099955 
1705 7099955 
1706 7099955 
1707 7099955 
1708 7099955 
1709 7099955 
1710 7099955 
1711 7099955 
1712 7099955 
1713 7099955 
1714 7099955 
1715 7099955 
1716 7099955 
1717 7099955 
1718 7099955 
1719 7099955 
1720 7099955 
1721 7099955 
1722 7099955 
1723 7099955 
1724 7099955 
1725 7099955 
1726 7099955 
1727 7099955 
1728 7099955 
1729 7099955 
1730 7099955 
1731 7099955 
1732 7099955 
1733 7099955 
1734 7099955 
1735 7099955 
1736 7099955 
1737 7099955 
1738 7099955 
1739 7099955 
1740 7099955 
1741 7099955 
1742 7099955 
1743 7099955 
1744 7099955 
1745 7099955 
1746 7099955 
1747 7099955 
1748 7099955 
1749 7099955 
1750 7099955 
1751 7099955 
1752 7099955 
1753 7099955 
1754 7099955 
1755 7099955 
1756 7099955 
1757 7099955 
1758 7099955 
1759 7099955 
1760 7099955 
1761 7099955 
1762 7099955 
1763 7099955 
1764 7099955 
1765 7099955 
1766 7099955 
1767 7099955 
1768 7099955 
1769 7099955 
1770 7099955 
1771 7099955 
1772 7099955 
1773 7099955 
1774 7099955 
1775 7099955 
1776 7099955 
1777 7099955 
1778 7099955 
1779 7099955 
1780 7099955 
1781 7099955 
1782 7099955 
1783 7099955 
1784 7099955 
1785 7099955 
1786 7099955 
1787 7099955 
1788 7099955 
1789 7099955 
1790 7099955 
1791 7099955 
1792 7099955 
1793 7099955 
1794 7099955 
1795 7099955 
1796 7099955 
1797 7099955 
1798 7099955 
1799 7099955 
1800 7099955 
1801 7099955 
1802 7099955 
1803 7099955 
1804 7099955 
1805 7099955 
1806 7099955 
1807 7099955 
1808 7099955 
1809 7099955 
1810 7099955 
1811 7099955 
1812 7099955 
1813 7099955 
1814 7099955 
1815 7099955 
1816 7099955 
1817 7099955 
1818 7099955 
1819 7099955 
1820 7099955 
1821 7099955 
1822 7099955 
1823 7099955 
1824 7099955 
1825 7099955 
1826 7099955 
1827 7099955 
1828 7099955 
1829 7099955 
1830 7099955 
1831 7099955 
1832 7099955 
1833 7099955 
1834 7099955 
1835 7099955 
1836 7099955 
1837 7099955 
1838 7099955 
1839 7099955 
1840 7099955 
1841 7099955 
1842 7099955 
1843 7099955 
1844 7099955 
1845 7099955 
1846 7099955 
1847 7099955 
1848 7099955 
1849 7099955 
1850 7099955 
1851 7099955 
1852 7099955 
1853 7099955 
1854 7099955 
1855 7099955 
1856 7099955 
1857 7099955 
1858 7099955 
1859 7099955 
1860 7099955 
1861 7099955 
1862 7099955 
1863 7099955 
1864 7099955 
1865 7099955 
1866 7099955 
1867 7099955 
1868 7099955 
1869 7099955 
1870 7099955 
1871 7099955 
1872 7099955 
1873 7099955 
1874 7099955 
1875 7099955 
1876 7099955 
1877 7099955 
1878 7099955 
1879 7099955 
1880 7099955 
1881 7099955 
1882 7099955 
1883 7099955 
1884 7099955 
1885 7099955 
1886 7099955 
1887 7099955 
1888 7099955 
1889 7099955 
1890 7099955 
1891 7099955 
1892 7099955 
1893 7099955 
1894 7099955 
1895 7099955 
1896 7099955 
1897 7099955 
1898 7099955 
1899 7099955 
1900 7099955 
1901 7099955 
1902 7099955 
1903 7099955 
1904 7099955 
1905 7099955 
1906 7099955 
1907 7099955 
1908 7099955 
1909 7099955 
1910 7099955 
1911 7099955 
1912 7099955 
1913 7099955 
1914 7099955 
1915 7099955 
1916 7099955 
1917 7099955 
1918 7099955 
1919 7099955 
1920 7099955 
1921 7099955 
1922 7099955 
1923 7099955 
1924 7099955 
1925 7099955 
1926 7099955 
1927 7099955 
1928 7099955 
1929 7099955 
1930 7099955 
1931 7099955 
1932 7099955 
1933 7099955 
1934 7099955 
1935 7099955 
1936 7099955 
1937 7099955 
1938 7099955 
1939 7099955 
1940 7099955 
1941 7099955 
1942 7099955 
1943 7099955 
1944 7099955 
1945 7099955 
1946 7099955 
1947 7099955 
1948 7099955 
1949 7099955 
1950 7099955 
1951 7099955 
1952 7099955 
1953 7099955 
1954 7099955 
1955 7099955 
1956 7099955 
1957 7099955 
1958 7099955 
1959 7099955 
1960 7099955 
1961 7099955 
1962 7099955 
1963 7099955 
1964 7099955 
1965 7099955 
1966 7099955 
1967 7099955 
1968 7099955 
1969 7099955 
1970 7099955 
1971 7099955 
1972 7099955 
1973 7099955 
1974 7099955 
1975 7099955 
1976 7099955 
1977 7099955 
1978 7099955 
1979 7099955 
1980 7099955 
1981 7099955 
1982 7099955 
1983 7099955 
1984 7099955 
1985 7099955 
1986 7099955 
1987 7099955 
1988 7099955 
1989 7099955 
1990 7099955 
1991 7099955 
1992 7099955 
1993 7099955 
1994 7099955 
1995 7099955 
1996 7099955 
1997 7099955 
1998 7099955 
1999 7099955 
2000 7099955 
2001 7099955 
2002 7099955 
2003 7099955 
2004 7099955 
2005 7099955 
2006 7099955 
2007 7099955 
2008 7099955 
2009 7099955 
2010 7099955 
2011 7099955 
2012 7099955 
2013 7099955 
2014 7099955 
2015 7099955 
2016 7099955 
2017 7099955 
2018 7099955 
2019 7099955 
2020 7099955 
2021 7099955 
2022 7099955 
2023 7099955 
2024 7099955 
2025 7099955 
2026 7099955 
2027 7099955 
2028 7099955 
2029 7099955 
2030 7099955 
2031 7099955 
2032 7099955 
2033 7099955 
2034 7099955 
2035 7099955 
2036 7099955 
2037 7099955 
2038 7099955 
2039 7099955 
2040 7099955 
2041 7099955 
2042 7099955 
2043 7099955 
2044 7099955 
2045 7099955 
2046 7099955 
2047 7099955 
2048 7099955 
2049 7099955 
2050 7099955 
2051 7099955 
2052 7099955 
2053 7099955 
2054 7099955 
2055 7099955 
2056 7099955 
2057 7099955 
2058 7099955 
2059 7099955 
2060 7099955 
2061 7099955 
2062 7099955 
2063 7099955 
2064 7099955 
2065 7099955 
2066 7099955 
2067 7099955 
2068 7099955 
2069 7099955 
2070 7099955 
2071 7099955 
2072 7099955 
2073 7099955 
2074 7099955 
2075 7099955 
2076 7099955 
2077 7099955 
2078 7099955 
2079 7099955 
2080 7099955 
2081 7099955 
2082 7099955 
2083 7099955 
2084 7099955 
2085 7099955 
2086 7099955 
2087 7099955 
2088 7099955 
2089 7099955 
2090 7099955 
2091 7099955 
2092 7099955 
2093 7099955 
2094 7099955 
2095 7099955 
2096 7099955 
2097 7099955 
2098 7099955 
2099 7099955 
2100 7099955 
2101 7099955 
2102 7099955 
2103 7099955 
2104 7099955 
2105 7099955 
2106 7099955 
2107 7099955 
2108 7099955 
2109 7099955 
2110 7099955 
2111 7099955 
2112 7099955 
2113 7099955 
2114 7099955 
2115 7099955 
2116 7099955 
2117 7099955 
2118 7099955 
2119 7099955 
2120 7099955 
2121 7099955 
2122 7099955 
2123 7099955 
2124 7099955 
2125 7099955 
2126 7099955 
2127 7099955 
2128 7099955 
2129 7099955 
2130 7099955 
2131 7099955 
2132 7099955 
2133 7099955 
2134 7099955 
2135 7099955 
2136 7099955 
2137 7099955 
2138 7099955 
2139 7099955 
2140 7099955 
2141 7099955 
2142 7099955 
2143 7099955 
2144 7099955 
2145 7099955 
2146 7099955 
2147 7099955 
2148 7099955 
2149 7099955 
2150 7099955 
2151 7099955 
2152 7099955 
2153 7099955 
2154 7099955 
2155 7099955 
2156 7099955 
2157 7099955 
2158 7099955 
2159 7099955 
2160 7099955 
2161 7099955 
2162 7099955 
2163 7099955 
2164 7099955 
2165 7099955 
2166 7099955 
2167 7099955 
2168 7099955 
2169 7099955 
2170 7099955 
2171 7099955 
2172 7099955 
2173 7099955 
2174 7099955 
2175 7099955 
2176 7099955 
2177 7099955 
2178 7099955 
2179 7099955 
2180 7099955 
2181 7099955 
2182 7099955 
2183 7099955 
2184 7099955 
2185 7099955 
2186 7099955 
2187 7099955 
2188 7099955 
2189 7099955 
2190 7099955 
2191 7099955 
2192 7099955 
2193 7099955 
2194 7099955 
2195 7099955 
2196 7099955 
2197 7099955 
2198 7099955 
2199 7099955 
2200 7099955 
2201 7099955 
2202 7099955 
2203 7099955 
2204 7099955 
2205 7099955 
2206 7099955 
2207 7099955 
2208 7099955 
2209 7099955 
2210 7099955 
2211 7099955 
2212 7099955 
2213 7099955 
2214 7099955 
2215 7099955 
2216 7099955 
2217 7099955 
2218 7099955 
2219 7099955 
2220 7099955 
2221 7099955 
2222 7099955 
2223 7099955 
2224 7099955 
2225 7099955 
2226 7099955 
2227 7099955 
2228 7099955 
2229 7099955 
2230 7099955 
2231 7099955 
2232 7099955 
2233 7099955 
2234 7099955 
2235 7099955 
2236 7099955 
2237 7099955 
2238 7099955 
2239 7099955 
2240 7099955 
2241 7099955 
2242 7099955 
2243 7099955 
2244 7099955 
2245 7099955 
2246 7099955 
2247 7099955 
2248 7099955 
2249 7099955 
2250 7099955 
2251 7099955 
2252 7099955 
2253 7099955 
2254 7099955 
2255 7099955 
2256 7099955 
2257 7099955 
2258 7099955 
2259 7099955 
2260 7099955 
2261 7099955 
2262 7099955 
2263 7099955 
2264 7099955 
2265 7099955 
2266 7099955 
2267 7099955 
2268 7099955 
2269 7099955 
2270 7099955 
2271 7099955 
2272 7099955 
2273 7099955 
2274 7099955 
2275 7099955 
2276 7099955 
2277 7099955 
2278 7099955 
2279 7099955 
2280 7099955 
2281 7099955 
2282 7099955 
2283 7099955 
2284 7099955 
2285 7099955 
2286 7099955 
2287 7099955 
2288 7099955 
2289 7099955 
2290 7099955 
2291 7099955 
2292 7099955 
2293 7099955 
2294 7099955 
2295 7099955 
2296 7099955 
2297 7099955 
2298 7099955 
2299 7099955 
2300 7099955 
2301 7099955 
2302 7099955 
2303 7099955 
2304 7099955 
2305 7099955 
2306 7099955 
2307 7099955 
2308 7099955 
2309 7099955 
2310 7099955 
2311 7099955 
2312 7099955 
2313 7099955 
2314 7099955 
2315 7099955 
2316 7099955 
2317 7099955 
2318 7099955 
2319 7099955 
2320 7099955 
2321 7099955 
2322 7099955 
2323 7099955 
2324 7099955 
2325 7099955 
2326 7099955 
2327 7099955 
2328 7099955 
2329 7099955 
2330 7099955 
2331 7099955 
2332 7099955 
2333 7099955 
2334 7099955 
2335 7099955 
2336 7099955 
2337 7099955 
2338 7099955 
2339 7099955 
2340 7099955 
2341 7099955 
2342 7099955 
2343 7099955 
2344 7099955 
2345 7099955 
2346 7099955 
2347 7099955 
2348 7099955 
2349 7099955 
2350 7099955 
2351 7099955 
2352 7099955 
2353 7099955 
2354 7099955 
2355 7099955 
2356 7099955 
2357 7099955 
2358 7099955 
2359 7099955 
2360 7099955 
2361 7099955 
2362 7099955 
2363 7099955 
2364 7099955 
2365 7099955 
2366 7099955 
2367 7099955 
2368 7099955 
2369 7099955 
2370 7099955 
2371 7099955 
2372 7099955 
2373 7099955 
2374 7099955 
2375 7099955 
2376 7099955 
2377 7099955 
2378 7099955 
2379 7099955 
2380 7099955 
2381 7099955 
2382 7099955 
2383 7099955 
2384 7099955 
2385 7099955 
2386 7099955 
2387 7099955 
2388 7099955 
2389 7099955 
2390 7099955 
2391 7099955 
2392 7099955 
2393 7099955 
2394 7099955 
2395 7099955 
2396 7099955 
2397 7099955 
2398 7099955 
2399 7099955 
2400 7099955 
2401 7099955 
2402 7099955 
2403 7099955 
2404 7099955 
2405 7099955 
2406 7099955 
2407 7099955 
2408 7099955 
2409 7099955 
2410 7099955 
2411 7099955 
2412 7099955 
2413 7099955 
2414 7099955 
2415 7099955 
2416 7099955 
2417 7099955 
2418 7099955 
2419 7099955 
2420 7099955 
2421 7099955 
2422 7099955 
2423 7099955 
2424 7099955 
2425 7099955 
2426 7099955 
2427 7099955 
2428 7099955 
2429 7099955 
2430 7099955 
2431 7099955 
2432 7099955 
2433 7099955 
2434 7099955 
2435 7099955 
2436 7099955 
2437 7099955 
2438 7099955 
2439 7099955 
2440 7099955 
2441 7099955 
2442 7099955 
2443 7099955 
2444 7099955 
2445 7099955 
2446 7099955 
2447 7099955 
2448 7099955 
2449 7099955 
2450 7099955 
2451 7099955 
2452 7099955 
2453 7099955 
2454 7099955 
2455 7099955 
2456 7099955 
2457 7099955 
2458 7099955 
2459 7099955 
2460 7099955 
2461 7099955 
2462 7099955 
2463 7099955 
2464 7099955 
2465 7099955 
2466 7099955 
2467 7099955 
2468 7099955 
2469 7099955 
2470 7099955 
2471 7099955 
2472 7099955 
2473 7099955 
2474 7099955 
2475 7099955 
2476 7099955 
2477 7099955 
2478 7099955 
2479 7099955 
2480 7099955 
2481 7099955 
2482 7099955 
2483 7099955 
2484 7099955 
2485 7099955 
2486 7099955 
2487 7099955 
2488 7099955 
2489 7099955 
2490 7099955 
2491 7099955 
2492 7099955 
2493 7099955 
2494 7099955 
2495 7099955 
2496 7099955 
2497 7099955 
2498 7099955 
2499 7099955 
2500 7099955 
2501 7099955 
2502 7099955 
2503 7099955 
2504 7099955 
2505 7099955 
2506 7099955 
2507 7099955 
2508 7099955 
2509 7099955 
2510 7099955 
2511 7099955 
2512 7099955 
2513 7099955 
2514 7099955 
2515 7099955 
2516 7099955 
2517 7099955 
2518 7099955 
2519 7099955 
2520 7099955 
2521 7099955 
2522 7099955 
2523 7099955 
2524 7099955 
2525 7099955 
2526 7099955 
2527 7099955 
2528 7099955 
2529 7099955 
2530 7099955 
2531 7099955 
2532 7099955 
2533 7099955 
2534 7099955 
2535 7099955 
2536 7099955 
2537 7099955 
2538 7099955 
2539 7099955 
2540 7099955 
2541 7099955 
2542 7099955 
2543 7099955 
2544 7099955 
2545 7099955 
2546 7099955 
2547 7099955 
2548 7099955 
2549 7099955 
2550 7099955 
2551 7099955 
2552 7099955 
2553 7099955 
2554 7099955 
2555 7099955 
2556 7099955 
2557 7099955 
2558 7099955 
2559 7099955 
2560 7099955 
2561 7099955 
2562 7099955 
2563 7099955 
2564 7099955 
2565 7099955 
2566 7099955 
2567 7099955 
2568 7099955 
2569 7099955 
2570 7099955 
2571 7099955 
2572 7099955 
2573 7099955 
2574 7099955 
2575 7099955 
2576 7099955 
2577 7099955 
2578 7099955 
2579 7099955 
2580 7099955 
2581 7099955 
2582 7099955 
2583 7099955 
2584 7099955 
2585 7099955 
2586 7099955 
2587 7099955 
2588 7099955 
2589 7099955 
2590 7099955 
2591 7099955 
2592 7099955 
2593 7099955 
2594 7099955 
2595 7099955 
2596 7099955 
2597 7099955 
2598 7099955 
2599 7099955 
2600 7099955 
2601 7099955 
2602 7099955 
2603 7099955 
2604 7099955 
2605 7099955 
2606 7099955 
2607 7099955 
2608 7099955 
2609 7099955 
2610 7099955 
2611 7099955 
2612 7099955 
2613 7099955 
2614 7099955 
2615 7099955 
2616 7099955 
2617 7099955 
2618 7099955 
2619 7099955 
2620 7099955 
2621 7099955 
2622 7099955 
2623 7099955 
2624 7099955 
2625 7099955 
2626 7099955 
2627 7099955 
2628 7099955 
2629 7099955 
2630 7099955 
2631 7099955 
2632 7099955 
2633 7099955 
2634 7099955 
2635 7099955 
2636 7099955 
2637 7099955 
2638 7099955 
2639 7099955 
2640 7099955 
2641 7099955 
2642 7099955 
2643 7099955 
2644 7099955 
2645 7099955 
2646 7099955 
2647 7099955 
2648 7099955 
2649 7099955 
2650 7099955 
2651 7099955 
2652 7099955 
2653 7099955 
2654 7099955 
2655 7099955 
2656 7099955 
2657 7099955 
2658 7099955 
2659 7099955 
2660 7099955 
2661 7099955 
2662 7099955 
2663 7099955 
2664 7099955 
2665 7099955 
2666 7099955 
2667 7099955 
2668 7099955 
2669 7099955 
2670 7099955 
2671 7099955 
2672 7099955 
2673 7099955 
2674 7099955 
2675 7099955 
2676 7099955 
2677 7099955 
2678 7099955 
2679 7099955 
2680 7099955 
2681 7099955 
2682 7099955 
2683 7099955 
2684 7099955 
2685 7099955 
2686 7099955 
2687 7099955 
2688 7099955 
2689 7099955 
2690 7099955 
2691 7099955 
2692 7099955 
2693 7099955 
2694 7099955 
2695 7099955 
2696 7099955 
2697 7099955 
2698 7099955 
2699 7099955 
2700 7099955 
2701 7099955 
2702 7099955 
2703 7099955 
2704 7099955 
2705 7099955 
2706 7099955 
2707 7099955 
2708 7099955 
2709 7099955 
2710 7099955 
2711 7099955 
2712 7099955 
2713 7099955 
2714 7099955 
2715 7099955 
2716 7099955 
2717 7099955 
2718 7099955 
2719 7099955 
2720 7099955 
2721 7099955 
2722 7099955 
2723 7099955 
2724 7099955 
2725 7099955 
2726 7099955 
2727 7099955 
2728 7099955 
2729 7099955 
2730 7099955 
2731 7099955 
2732 7099955 
2733 7099955 
2734 7099955 
2735 7099955 
2736 7099955 
2737 7099955 
2738 7099955 
2739 7099955 
2740 7099955 
2741 7099955 
2742 7099955 
2743 7099955 
2744 7099955 
2745 7099955 
2746 7099955 
2747 7099955 
2748 7099955 
2749 7099955 
2750 7099955 
2751 7099955 
2752 7099955 
2753 7099955 
2754 7099955 
2755 7099955 
2756 7099955 
2757 7099955 
2758 7099955 
2759 7099955 
2760 7099955 
2761 7099955 
2762 7099955 
2763 7099955 
2764 7099955 
2765 7099955 
2766 7099955 
2767 7099955 
2768 7099955 
2769 7099955 
2770 7099955 
2771 7099955 
2772 7099955 
2773 7099955 
2774 7099955 
2775 7099955 
2776 7099955 
2777 7099955 
2778 7099955 
2779 7099955 
2780 7099955 
2781 7099955 
2782 7099955 
2783 7099955 
2784 7099955 
2785 7099955 
2786 7099955 
2787 7099955 
2788 7099955 
2789 7099955 
2790 7099955 
2791 7099955 
2792 7099955 
2793 7099955 
2794 7099955 
2795 7099955 
2796 7099955 
2797 7099955 
2798 7099955 
2799 7099955 
2800 7099955 
2801 7099955 
2802 7099955 
2803 7099955 
2804 7099955 
2805 7099955 
2806 7099955 
2807 7099955 
2808 7099955 
2809 7099955 
2810 7099955 
2811 7099955 
2812 7099955 
2813 7099955 
2814 7099955 
2815 7099955 
2816 7099955 
2817 7099955 
2818 7099955 
2819 7099955 
2820 7099955 
2821 7099955 
2822 7099955 
2823 7099955 
2824 7099955 
2825 7099955 
2826 7099955 
2827 7099955 
2828 7099955 
2829 7099955 
2830 7099955 
2831 7099955 
2832 7099955 
2833 7099955 
2834 7099955 
2835 7099955 
2836 7099955 
2837 7099955 
2838 7099955 
2839 7099955 
2840 7099955 
2841 7099955 
2842 7099955 
2843 7099955 
2844 7099955 
2845 7099955 
2846 7099955 
2847 7099955 
2848 7099955 
2849 7099955 
2850 7099955 
2851 7099955 
2852 7099955 
2853 7099955 
2854 7099955 
2855 7099955 
2856 7099955 
2857 7099955 
2858 7099955 
2859 7099955 
2860 7099955 
2861 7099955 
2862 7099955 
2863 7099955 
2864 7099955 
2865 7099955 
2866 7099955 
2867 7099955 
2868 7099955 
2869 7099955 
2870 7099955 
2871 7099955 
2872 7099955 
2873 7099955 
2874 7099955 
2875 7099955 
2876 7099955 
2877 7099955 
2878 7099955 
2879 7099955 
2880 7099955 
2881 7099955 
2882 7099955 
2883 7099955 
2884 7099955 
2885 7099955 
2886 7099955 
2887 7099955 
2888 7099955 
2889 7099955 
2890 7099955 
2891 7099955 
2892 7099955 
2893 7099955 
2894 7099955 
2895 7099955 
2896 7099955 
2897 7099955 
2898 7099955 
2899 7099955 
2900 7099955 
2901 7099955 
2902 7099955 
2903 7099955 
2904 7099955 
2905 7099955 
2906 7099955 
2907 7099955 
2908 7099955 
2909 7099955 
2910 7099955 
2911 7099955 
2912 7099955 
2913 7099955 
2914 7099955 
2915 7099955 
2916 7099955 
2917 7099955 
2918 7099955 
2919 7099955 
2920 7099955 
2921 7099955 
2922 7099955 
2923 7099955 
2924 7099955 
2925 7099955 
2926 7099955 
2927 7099955 
2928 7099955 
2929 7099955 
2930 7099955 
2931 7099955 
2932 7099955 
2933 7099955 
2934 7099955 
2935 7099955 
2936 7099955 
2937 7099955 
2938 7099955 
2939 7099955 
2940 7099955 
2941 7099955 
2942 7099955 
2943 7099955 
2944 7099955 
2945 7099955 
2946 7099955 
2947 7099955 
2948 7099955 
2949 7099955 
2950 7099955 
2951 7099955 
2952 7099955 
2953 7099955 
2954 7099955 
2955 7099955 
2956 7099955 
2957 7099955 
2958 7099955 
2959 7099955 
2960 7099955 
2961 7099955 
2962 7099955 
2963 7099955 
2964 7099955 
2965 7099955 
2966 7099955 
2967 7099955 
2968 7099955 
2969 7099955 
2970 7099955 
2971 7099955 
2972 7099955 
2973 7099955 
2974 7099955 
2975 7099955 
2976 7099955 
2977 7099955 
2978 7099955 
2979 7099955 
2980 7099955 
2981 7099955 
2982 7099955 
2983 7099955 
2984 7099955 
2985 7099955 
2986 7099955 
2987 7099955 
2988 7099955 
2989 7099955 
2990 7099955 
2991 7099955 
2992 7099955 
2993 7099955 
2994 7099955 
2995 7099955 
2996 7099955 
2997 7099955 
2998 7099955 
2999 7099955 
3000 7099955 
3001 7099955 
3002 7099955 
3003 7099955 
3004 7099955 
3005 7099955 
3006 7099955 
3007 7099955 
3008 7099955 
3009 7099955 
3010 7099955 
3011 7099955 
3012 7099955 
3013 7099955 
3014 7099955 
3015 7099955 
3016 7099955 
3017 7099955 
3018 7099955 
3019 7099955 
3020 7099955 
3021 7099955 
3022 7099955 
3023 7099955 
3024 7099955 
3025 7099955 
3026 7099955 
3027 7099955 
3028 7099955 
3029 7099955 
3030 7099955 
3031 7099955 
3032 7099955 
3033 7099955 
3034 7099955 
3035 7099955 
3036 7099955 
3037 7099955 
3038 7099955 
3039 7099955 
3040 7099955 
3041 7099955 
3042 7099955 
3043 7099955 
3044 7099955 
3045 7099955 
3046 7099955 
3047 7099955 
3048 7099955 
3049 7099955 
3050 7099955 
3051 7099955 
3052 7099955 
3053 7099955 
3054 7099955 
3055 7099955 
3056 7099955 
3057 7099955 
3058 7099955 
3059 7099955 
3060 7099955 
3061 7099955 
3062 7099955 
3063 7099955 
3064 7099955 
3065 7099955 
3066 7099955 
3067 7099955 
3068 7099955 
3069 7099955 
3070 7099955 
3071 7099955 
3072 7099955 
3073 7099955 
3074 7099955 
3075 7099955 
3076 7099955 
3077 7099955 
3078 7099955 
3079 7099955 
3080 7099955 
3081 7099955 
3082 7099955 
3083 7099955 
3084 7099955 
3085 7099955 
3086 7099955 
3087 7099955 
3088 7099955 
3089 7099955 
3090 7099955 
3091 7099955 
3092 7099955 
3093 7099955 
3094 7099955 
3095 7099955 
3096 7099955 
3097 7099955 
3098 7099955 
3099 7099955 
3100 7099955 
3101 7099955 
3102 7099955 
3103 7099955 
3104 7099955 
3105 7099955 
3106 7099955 
3107 7099955 
3108 7099955 
3109 7099955 
3110 7099955 
3111 7099955 
3112 7099955 
3113 7099955 
3114 7099955 
3115 7099955 
3116 7099955 
3117 7099955 
3118 7099955 
3119 7099955 
3120 7099955 
3121 7099955 
3122 7099955 
3123 7099955 
3124 7099955 
3125 7099955 
3126 7099955 
3127 7099955 
3128 7099955 
3129 7099955 
3130 7099955 
3131 7099955 
3132 7099955 
3133 7099955 

