0 7621607 
1 7597885 
2 7594444 
3 7593511 
4 7591335 
5 7591335 
6 7589137 
7 7523576 
8 7474668 
9 7473225 
10 7472165 
11 7470366 
12 7470366 
13 7470366 
14 7470212 
15 7459472 
16 7459342 
17 7458788 
18 7454714 
19 7451446 
20 7450890 
21 7446028 
22 7445767 
23 7445592 
24 7444617 
25 7443313 
26 7443103 
27 7420314 
28 7420006 
29 7418298 
30 7417209 
31 7415363 
32 7415356 
33 7415314 
34 7415209 
35 7413307 
36 7413291 
37 7411597 
38 7411555 
39 7409682 
40 7407761 
41 7407607 
42 7406749 
43 7406671 
44 7406645 
45 7406519 
46 7406274 
47 7406242 
48 7406193 
49 7406130 
50 7404947 
51 7404852 
52 7403809 
53 7387806 
54 7384246 
55 7382217 
56 7382217 
57 7382217 
58 7377394 
59 7377272 
60 7377155 
61 7377077 
62 7377067 
63 7376990 
64 7376908 
65 7376206 
66 7376115 
67 7375907 
68 7373081 
69 7373081 
70 7372951 
71 7372305 
72 7372263 
73 7372165 
74 7370611 
75 7369113 
76 7369113 
77 7368237 
78 7368146 
79 7366666 
80 7366589 
81 7366524 
82 7366468 
83 7366403 
84 7365909 
85 7364401 
86 7364024 
87 7363383 
88 7363305 
89 7363266 
90 7338822 
91 7338187 
92 7337618 
93 7337618 
94 7335062 
95 7334958 
96 7322577 
97 7322193 
98 7320815 
99 7320764 
100 7320751 
101 7320737 
102 7320611 
103 7320606 
104 7319673 
105 7319540 
106 7319354 
107 7316139 
108 7314410 
109 7312185 
110 7312080 
111 7311730 
112 7311640 
113 7308700 
114 7307929 
115 7307929 
116 7305846 
117 7305580 
118 7305514 
119 7304764 
120 7299602 
121 7299133 
122 7299068 
123 7297869 
124 7297074 
125 7295627 
126 7295512 
127 7295470 
128 7293889 
129 7290239 
130 7290239 
131 7289524 
132 7289446 
133 7289215 
134 7289173 
135 7288211 
136 7287262 
137 7276693 
138 7275489 
139 7273357 
140 7273308 
141 7273224 
142 7273168 
143 7272232 
144 7272232 
145 7271665 
146 7266794 
147 7266745 
148 7261867 
149 7261555 
150 7261114 
151 7260960 
152 7260924 
153 7236807 
154 7236281 
155 7236111 
156 7235933 
157 7235615 
158 7235549 
159 7228320 
160 7228319 
161 7227417 
162 7226673 
163 7226673 
164 7226673 
165 7226544 
166 7226033 
167 7226033 
168 7225326 
169 7225172 
170 7223781 
171 7223719 
172 7223294 
173 7223161 
174 7221414 
175 7221031 
176 7220779 
177 7220401 
178 7220401 
179 7220380 
180 7220365 
181 7220365 
182 7220344 
183 7215300 
184 7215293 
185 7215280 
186 7215110 
187 7214295 
188 7214039 
189 7214039 
190 7213868 
191 7213868 
192 7213710 
193 7213522 
194 7213376 
195 7213376 
196 7213341 
197 7213082 
198 7212977 
199 7212662 
200 7212578 
201 7211348 
202 7211348 
203 7209424 
204 7209402 
205 7206072 
206 7203615 
207 7203615 
208 7202247 
209 7201995 
210 7199824 
211 7199717 
212 7199686 
213 7199634 
214 7198860 
215 7198804 
216 7198643 
217 7198643 
218 7198622 
219 7198622 
220 7198622 
221 7198603 
222 7197280 
223 7185639 
224 7185548 
225 7185249 
226 7185249 
227 7185184 
228 7185184 
229 7185184 
230 7179126 
231 7179074 
232 7179022 
233 7178918 
234 7178866 
235 7178824 
236 7178753 
237 7178671 
238 7178615 
239 7178244 
240 7175826 
241 7175738 
242 7175738 
243 7175662 
244 7172542 
245 7172535 
246 7172501 
247 7172375 
248 7172353 
249 7171751 
250 7171744 
251 7171738 
252 7171188 
253 7171179 
254 7171179 
255 7171158 
256 7171152 
257 7171145 
258 7169903 
259 7169870 
260 7169824 
261 7169824 
262 7169812 
263 7169812 
264 7169777 
265 7169777 
266 7169764 
267 7168298 
268 7157742 
269 7155708 
270 7155331 
271 7153771 
272 7153771 
273 7153771 
274 7153641 
275 7153641 
276 7153626 
277 7153164 
278 7153164 
279 7153031 
280 7153031 
281 7152730 
282 7152730 
283 7150693 
284 7150639 
285 7149292 
286 7149215 
287 7149215 
288 7149194 
289 7149145 
290 7148885 
291 7144179 
292 7142916 
293 7142916 
294 7142839 
295 7142832 
296 7142622 
297 7142622 
298 7142265 
299 7142258 
300 7142258 
301 7142118 
302 7142069 
303 7142069 
304 7142069 
305 7142069 
306 7142069 
307 7142069 
308 7142069 
309 7142069 
310 7142069 
311 7142069 
312 7142069 
313 7142069 
314 7142069 
315 7142069 
316 7142069 
317 7142069 
318 7142069 
319 7142069 
320 7142069 
321 7142069 
322 7142069 
323 7142069 
324 7142069 
325 7142069 
326 7142069 
327 7142069 
328 7142069 
329 7142069 
330 7142069 
331 7142069 
332 7142069 
333 7142069 
334 7142069 
335 7142069 
336 7142069 
337 7142069 
338 7142069 
339 7142069 
340 7142069 
341 7142069 
342 7142069 
343 7142069 
344 7142069 
345 7142069 
346 7142069 
347 7142069 
348 7142069 
349 7142069 
350 7142069 
351 7142069 
352 7142069 
353 7142069 
354 7142069 
355 7142069 
356 7142069 
357 7142069 
358 7142069 
359 7142069 
360 7142069 
361 7142069 
362 7142069 
363 7142069 
364 7142069 
365 7142069 
366 7142069 
367 7142069 
368 7142069 
369 7142069 
370 7142069 
371 7142069 
372 7142069 
373 7142069 
374 7142069 
375 7142069 
376 7142069 
377 7142069 
378 7142069 
379 7142069 
380 7142069 
381 7142069 
382 7142069 
383 7142069 
384 7142069 
385 7142069 
386 7142069 
387 7142069 
388 7142069 
389 7142069 
390 7142069 
391 7142069 
392 7142069 
393 7142069 
394 7142069 
395 7142069 
396 7142069 
397 7142069 
398 7142069 
399 7142069 
400 7142069 
401 7142069 
402 7142069 
403 7142069 
404 7142069 
405 7142069 
406 7142069 
407 7142069 
408 7142069 
409 7142069 
410 7142069 
411 7142069 
412 7142069 
413 7142069 
414 7142069 
415 7142069 
416 7142069 
417 7142069 
418 7142069 
419 7142069 
420 7142069 
421 7142069 
422 7142069 
423 7142069 
424 7142069 
425 7142069 
426 7142069 
427 7142069 
428 7142069 
429 7142069 
430 7142069 
431 7142069 
432 7142069 
433 7142069 
434 7142069 
435 7142069 
436 7142069 
437 7142069 
438 7142069 
439 7142069 
440 7142069 
441 7142069 
442 7142069 
443 7142069 
444 7142069 
445 7142069 
446 7142069 
447 7142069 
448 7142069 
449 7142069 
450 7142069 
451 7142069 
452 7142069 
453 7142069 
454 7142069 
455 7142069 
456 7142069 
457 7142069 
458 7142069 
459 7142069 
460 7142069 
461 7142069 
462 7142069 
463 7142069 
464 7142069 
465 7142069 
466 7142069 
467 7142069 
468 7142069 
469 7142069 
470 7142069 
471 7142069 
472 7142069 
473 7142069 
474 7142069 
475 7142069 
476 7142069 
477 7142069 
478 7142069 
479 7142069 
480 7142069 
481 7142069 
482 7142069 
483 7142069 
484 7142069 
485 7142069 
486 7142069 
487 7142069 
488 7142069 
489 7142069 
490 7142069 
491 7142069 
492 7142069 
493 7142069 
494 7142069 
495 7142069 
496 7142069 
497 7142069 
498 7142069 
499 7142069 
500 7142069 
501 7142069 
502 7142069 
503 7142069 
504 7142069 
505 7142069 
506 7142069 
507 7142069 
508 7142069 
509 7142069 
510 7142069 
511 7142069 
512 7142069 
513 7142069 
514 7142069 
515 7142069 
516 7142069 
517 7142069 
518 7142069 
519 7142069 
520 7142069 
521 7142069 
522 7142069 
523 7142069 
524 7142069 
525 7142069 
526 7142069 
527 7142069 
528 7142069 
529 7142069 
530 7142069 
531 7142069 
532 7142069 
533 7142069 
534 7142069 
535 7142069 
536 7142069 
537 7142069 
538 7142069 
539 7142069 
540 7142069 
541 7142069 
542 7142069 
543 7142069 
544 7142069 
545 7142069 
546 7142069 
547 7142069 
548 7142069 
549 7142069 
550 7142069 
551 7142069 
552 7142069 
553 7142069 
554 7142069 
555 7142069 
556 7142069 
557 7142069 
558 7142069 
559 7142069 
560 7142069 
561 7142069 
562 7142069 
563 7142069 
564 7142069 
565 7142069 
566 7142069 
567 7142069 
568 7142069 
569 7142069 
570 7142069 
571 7142069 
572 7142069 
573 7142069 
574 7142069 
575 7142069 
576 7142069 
577 7142069 
578 7142069 
579 7142069 
580 7142069 
581 7142069 
582 7142069 
583 7142069 
584 7142069 
585 7142069 
586 7142069 
587 7142069 
588 7142069 
589 7142069 
590 7142069 
591 7142069 
592 7142069 
593 7142069 
594 7142069 
595 7142069 
596 7142069 
597 7142069 
598 7142069 
599 7142069 
600 7142069 
601 7142069 
602 7142069 
603 7142069 
604 7142069 
605 7142069 
606 7142069 
607 7142069 
608 7142069 
609 7142069 
610 7142069 
611 7142069 
612 7142069 
613 7142069 
614 7142069 
615 7142069 
616 7142069 
617 7142069 
618 7142069 
619 7142069 
620 7142069 
621 7142069 
622 7142069 
623 7142069 
624 7142069 
625 7142069 
626 7142069 
627 7142069 
628 7142069 
629 7142069 
630 7142069 
631 7142069 
632 7142069 
633 7142069 
634 7142069 
635 7142069 
636 7142069 
637 7142069 
638 7142069 
639 7142069 
640 7142069 
641 7142069 
642 7142069 
643 7142069 
644 7142069 
645 7142069 
646 7142069 
647 7142069 
648 7142069 
649 7142069 
650 7142069 
651 7142069 
652 7142069 
653 7142069 
654 7142069 
655 7142069 
656 7142069 
657 7142069 
658 7142069 
659 7142069 
660 7142069 
661 7142069 
662 7142069 
663 7142069 
664 7142069 
665 7142069 
666 7142069 
667 7142069 
668 7142069 
669 7142069 
670 7142069 
671 7142069 
672 7142069 
673 7142069 
674 7142069 
675 7142069 
676 7142069 
677 7142069 
678 7142069 
679 7142069 
680 7142069 
681 7142069 
682 7142069 
683 7142069 
684 7142069 
685 7142069 
686 7142069 
687 7142069 
688 7142069 
689 7142069 
690 7142069 
691 7142069 
692 7142069 
693 7142069 
694 7142069 
695 7142069 
696 7142069 
697 7142069 
698 7142069 
699 7142069 
700 7142069 
701 7142069 
702 7142069 
703 7142069 
704 7142069 
705 7142069 
706 7142069 
707 7142069 
708 7142069 
709 7142069 
710 7142069 
711 7142069 
712 7142069 
713 7142069 
714 7142069 
715 7142069 
716 7142069 
717 7142069 
718 7142069 
719 7142069 
720 7142069 
721 7142069 
722 7142069 
723 7142069 
724 7142069 
725 7142069 
726 7142069 
727 7142069 
728 7142069 
729 7142069 
730 7142069 
731 7142069 
732 7142069 
733 7142069 
734 7142069 
735 7142069 
736 7142069 
737 7142069 
738 7142069 
739 7142069 
740 7142069 
741 7142069 
742 7142069 
743 7142069 
744 7142069 
745 7142069 
746 7142069 
747 7142069 
748 7142069 
749 7142069 
750 7142069 
751 7142069 
752 7142069 
753 7142069 
754 7142069 
755 7142069 
756 7142069 
757 7142069 
758 7142069 
759 7142069 
760 7142069 
761 7142069 
762 7142069 
763 7142069 
764 7142069 
765 7142069 
766 7142069 
767 7142069 
768 7142069 
769 7142069 
770 7142069 
771 7142069 
772 7142069 
773 7142069 
774 7142069 
775 7142069 
776 7142069 
777 7142069 
778 7142069 
779 7142069 
780 7142069 
781 7142069 
782 7142069 
783 7142069 
784 7142069 
785 7142069 
786 7142069 
787 7142069 
788 7142069 
789 7142069 
790 7142069 
791 7142069 
792 7142069 
793 7142069 
794 7142069 
795 7142069 
796 7142069 
797 7142069 
798 7142069 
799 7142069 
800 7142069 
801 7142069 
802 7142069 
803 7142069 
804 7142069 
805 7142069 
806 7142069 
807 7142069 
808 7142069 
809 7142069 
810 7142069 
811 7142069 
812 7142069 
813 7142069 
814 7142069 
815 7142069 
816 7142069 
817 7142069 
818 7142069 
819 7142069 
820 7142069 
821 7142069 
822 7142069 
823 7142069 
824 7142069 
825 7142069 
826 7142069 
827 7142069 
828 7142069 
829 7142069 
830 7142069 
831 7142069 
832 7142069 
833 7142069 
834 7142069 
835 7142069 
836 7142069 
837 7142069 
838 7142069 
839 7142069 
840 7142069 
841 7142069 
842 7142069 
843 7142069 
844 7142069 
845 7142069 
846 7142069 
847 7142069 
848 7142069 
849 7142069 
850 7142069 
851 7142069 
852 7142069 
853 7142069 
854 7142069 
855 7142069 
856 7142069 
857 7142069 
858 7142069 
859 7142069 
860 7142069 
861 7142069 
862 7142069 
863 7142069 
864 7142069 
865 7142069 
866 7142069 
867 7142069 
868 7142069 
869 7142069 
870 7142069 
871 7142069 
872 7142069 
873 7142069 
874 7142069 
875 7142069 
876 7142069 
877 7142069 
878 7142069 
879 7142069 
880 7142069 
881 7142069 
882 7142069 
883 7142069 
884 7142069 
885 7142069 
886 7142069 
887 7142069 
888 7142069 
889 7142069 
890 7142069 
891 7142069 
892 7142069 
893 7142069 
894 7142069 
895 7142069 
896 7142069 
897 7142069 
898 7142069 
899 7142069 
900 7142069 
901 7142069 
902 7142069 
903 7142069 
904 7142069 
905 7142069 
906 7142069 
907 7142069 
908 7142069 
909 7142069 
910 7142069 
911 7142069 
912 7142069 
913 7142069 
914 7142069 
915 7142069 
916 7142069 
917 7142069 
918 7142069 
919 7142069 
920 7142069 
921 7142069 
922 7142069 
923 7142069 
924 7142069 
925 7142069 
926 7142069 
927 7142069 
928 7142069 
929 7142069 
930 7142069 
931 7142069 
932 7142069 
933 7142069 
934 7142069 
935 7142069 
936 7142069 
937 7142069 
938 7142069 
939 7142069 
940 7142069 
941 7142069 
942 7142069 
943 7142069 
944 7142069 
945 7142069 
946 7142069 
947 7142069 
948 7142069 
949 7142069 
950 7142069 
951 7142069 
952 7142069 
953 7142069 
954 7142069 
955 7142069 
956 7142069 
957 7142069 
958 7142069 
959 7142069 
960 7142069 
961 7142069 
962 7142069 
963 7142069 
964 7142069 
965 7142069 
966 7142069 
967 7142069 
968 7142069 
969 7142069 
970 7142069 
971 7142069 
972 7142069 
973 7142069 
974 7142069 
975 7142069 
976 7142069 
977 7142069 
978 7142069 
979 7142069 
980 7142069 
981 7142069 
982 7142069 
983 7142069 
984 7142069 
985 7142069 
986 7142069 
987 7142069 
988 7142069 
989 7142069 
990 7142069 
991 7142069 
992 7142069 
993 7142069 
994 7142069 
995 7142069 
996 7142069 
997 7142069 
998 7142069 
999 7142069 
1000 7142069 
1001 7142069 
1002 7142069 
1003 7142069 
1004 7142069 
1005 7142069 
1006 7142069 
1007 7142069 
1008 7142069 
1009 7142069 
1010 7142069 
1011 7142069 
1012 7142069 
1013 7142069 
1014 7142069 
1015 7142069 
1016 7142069 
1017 7142069 
1018 7142069 
1019 7142069 
1020 7142069 
1021 7142069 
1022 7142069 
1023 7142069 
1024 7142069 
1025 7142069 
1026 7142069 
1027 7142069 
1028 7142069 
1029 7142069 
1030 7142069 
1031 7142069 
1032 7142069 
1033 7142069 
1034 7142069 
1035 7142069 
1036 7142069 
1037 7142069 
1038 7142069 
1039 7142069 
1040 7142069 
1041 7142069 
1042 7142069 
1043 7142069 
1044 7142069 
1045 7142069 
1046 7142069 
1047 7142069 
1048 7142069 
1049 7142069 
1050 7142069 
1051 7142069 
1052 7142069 
1053 7142069 
1054 7142069 
1055 7142069 
1056 7142069 
1057 7142069 
1058 7142069 
1059 7142069 
1060 7142069 
1061 7142069 
1062 7142069 
1063 7142069 
1064 7142069 
1065 7142069 
1066 7142069 
1067 7142069 
1068 7142069 
1069 7142069 
1070 7142069 
1071 7142069 
1072 7142069 
1073 7142069 
1074 7142069 
1075 7142069 
1076 7142069 
1077 7142069 
1078 7142069 
1079 7142069 
1080 7142069 
1081 7142069 
1082 7142069 
1083 7142069 
1084 7142069 
1085 7142069 
1086 7142069 
1087 7142069 
1088 7142069 
1089 7142069 
1090 7142069 
1091 7142069 
1092 7142069 
1093 7142069 
1094 7142069 
1095 7142069 
1096 7142069 
1097 7142069 
1098 7142069 
1099 7142069 
1100 7142069 
1101 7142069 
1102 7142069 
1103 7142069 
1104 7142069 
1105 7142069 
1106 7142069 
1107 7142069 
1108 7142069 
1109 7142069 
1110 7142069 
1111 7142069 
1112 7142069 
1113 7142069 
1114 7142069 
1115 7142069 
1116 7142069 
1117 7142069 
1118 7142069 
1119 7142069 
1120 7142069 
1121 7142069 
1122 7142069 
1123 7142069 
1124 7142069 
1125 7142069 
1126 7142069 
1127 7142069 
1128 7142069 
1129 7142069 
1130 7142069 
1131 7142069 
1132 7142069 
1133 7142069 
1134 7142069 
1135 7142069 
1136 7142069 
1137 7142069 
1138 7142069 
1139 7142069 
1140 7142069 
1141 7142069 
1142 7142069 
1143 7142069 
1144 7142069 
1145 7142069 
1146 7142069 
1147 7142069 
1148 7142069 
1149 7142069 
1150 7142069 
1151 7142069 
1152 7142069 
1153 7142069 
1154 7142069 
1155 7142069 
1156 7142069 
1157 7142069 
1158 7142069 
1159 7142069 
1160 7142069 
1161 7142069 
1162 7142069 
1163 7142069 
1164 7142069 
1165 7142069 
1166 7142069 
1167 7142069 
1168 7142069 
1169 7142069 
1170 7142069 
1171 7142069 
1172 7142069 
1173 7142069 
1174 7142069 
1175 7142069 
1176 7142069 
1177 7142069 
1178 7142069 
1179 7142069 
1180 7142069 
1181 7142069 
1182 7142069 
1183 7142069 
1184 7142069 
1185 7142069 
1186 7142069 
1187 7142069 
1188 7142069 
1189 7142069 
1190 7142069 
1191 7142069 
1192 7142069 
1193 7142069 
1194 7142069 
1195 7142069 
1196 7142069 
1197 7142069 
1198 7142069 
1199 7142069 
1200 7142069 
1201 7142069 
1202 7142069 
1203 7142069 
1204 7142069 
1205 7142069 
1206 7142069 
1207 7142069 
1208 7142069 
1209 7142069 
1210 7142069 
1211 7142069 
1212 7142069 
1213 7142069 
1214 7142069 
1215 7142069 
1216 7142069 
1217 7142069 
1218 7142069 
1219 7142069 
1220 7142069 
1221 7142069 
1222 7142069 
1223 7142069 
1224 7142069 
1225 7142069 
1226 7142069 
1227 7142069 
1228 7142069 
1229 7142069 
1230 7142069 
1231 7142069 
1232 7142069 
1233 7142069 
1234 7142069 
1235 7142069 
1236 7142069 
1237 7142069 
1238 7142069 
1239 7142069 
1240 7142069 
1241 7142069 
1242 7142069 
1243 7142069 
1244 7142069 
1245 7142069 
1246 7142069 
1247 7142069 
1248 7142069 
1249 7142069 
1250 7142069 
1251 7142069 
1252 7142069 
1253 7142069 
1254 7142069 
1255 7142069 
1256 7142069 
1257 7142069 
1258 7142069 
1259 7142069 
1260 7142069 
1261 7142069 
1262 7142069 
1263 7142069 
1264 7142069 
1265 7142069 
1266 7142069 
1267 7142069 
1268 7142069 
1269 7142069 
1270 7142069 
1271 7142069 
1272 7142069 
1273 7142069 
1274 7142069 
1275 7142069 
1276 7142069 
1277 7142069 
1278 7142069 
1279 7142069 
1280 7142069 
1281 7142069 
1282 7142069 
1283 7142069 
1284 7142069 
1285 7142069 
1286 7142069 
1287 7142069 
1288 7142069 
1289 7142069 
1290 7142069 
1291 7142069 
1292 7142069 
1293 7142069 
1294 7142069 
1295 7142069 
1296 7142069 
1297 7142069 
1298 7142069 
1299 7142069 
1300 7142069 
1301 7142069 
1302 7142069 
1303 7142069 
1304 7142069 
1305 7142069 
1306 7142069 
1307 7142069 
1308 7142069 
1309 7142069 
1310 7142069 
1311 7142069 
1312 7142069 
1313 7142069 
1314 7142069 
1315 7142069 
1316 7142069 
1317 7142069 
1318 7142069 
1319 7142069 
1320 7142069 
1321 7142069 
1322 7142069 
1323 7142069 
1324 7142069 
1325 7142069 
1326 7142069 
1327 7142069 
1328 7142069 
1329 7142069 
1330 7142069 
1331 7142069 
1332 7142069 
1333 7142069 
1334 7142069 
1335 7142069 
1336 7142069 
1337 7142069 
1338 7142069 
1339 7142069 
1340 7142069 
1341 7142069 
1342 7142069 
1343 7142069 
1344 7142069 
1345 7142069 
1346 7142069 
1347 7142069 
1348 7142069 
1349 7142069 
1350 7142069 
1351 7142069 
1352 7142069 
1353 7142069 
1354 7142069 
1355 7142069 
1356 7142069 
1357 7142069 
1358 7142069 
1359 7142069 
1360 7142069 
1361 7142069 
1362 7142069 
1363 7142069 
1364 7142069 
1365 7142069 
1366 7142069 
1367 7142069 
1368 7142069 
1369 7142069 
1370 7142069 
1371 7142069 
1372 7142069 
1373 7142069 
1374 7142069 
1375 7142069 
1376 7142069 
1377 7142069 
1378 7142069 
1379 7142069 
1380 7142069 
1381 7142069 
1382 7142069 
1383 7142069 
1384 7142069 
1385 7142069 
1386 7142069 
1387 7142069 
1388 7142069 
1389 7142069 
1390 7142069 
1391 7142069 
1392 7142069 
1393 7142069 
1394 7142069 
1395 7142069 
1396 7142069 
1397 7142069 
1398 7142069 
1399 7142069 
1400 7142069 
1401 7142069 
1402 7142069 
1403 7142069 
1404 7142069 
1405 7142069 
1406 7142069 
1407 7142069 
1408 7142069 
1409 7142069 
1410 7142069 
1411 7142069 
1412 7142069 
1413 7142069 
1414 7142069 
1415 7142069 
1416 7142069 
1417 7142069 
1418 7142069 
1419 7142069 
1420 7142069 
1421 7142069 
1422 7142069 
1423 7142069 
1424 7142069 
1425 7142069 
1426 7142069 
1427 7142069 
1428 7142069 
1429 7142069 
1430 7142069 
1431 7142069 
1432 7142069 
1433 7142069 
1434 7142069 
1435 7142069 
1436 7142069 
1437 7142069 
1438 7142069 
1439 7142069 
1440 7142069 
1441 7142069 
1442 7142069 
1443 7142069 
1444 7142069 
1445 7142069 
1446 7142069 
1447 7142069 
1448 7142069 
1449 7142069 
1450 7142069 
1451 7142069 
1452 7142069 
1453 7142069 
1454 7142069 
1455 7142069 
1456 7142069 
1457 7142069 
1458 7142069 
1459 7142069 
1460 7142069 
1461 7142069 
1462 7142069 
1463 7142069 
1464 7142069 
1465 7142069 
1466 7142069 
1467 7142069 
1468 7142069 
1469 7142069 
1470 7142069 
1471 7142069 
1472 7142069 
1473 7142069 
1474 7142069 
1475 7142069 
1476 7142069 
1477 7142069 
1478 7142069 
1479 7142069 
1480 7142069 
1481 7142069 
1482 7142069 
1483 7142069 
1484 7142069 
1485 7142069 
1486 7142069 
1487 7142069 
1488 7142069 
1489 7142069 
1490 7142069 
1491 7142069 
1492 7142069 
1493 7142069 
1494 7142069 
1495 7142069 
1496 7142069 
1497 7142069 
1498 7142069 
1499 7142069 
1500 7142069 
1501 7142069 
1502 7142069 
1503 7142069 
1504 7142069 
1505 7142069 
1506 7142069 
1507 7142069 
1508 7142069 
1509 7142069 
1510 7142069 
1511 7142069 
1512 7142069 
1513 7142069 
1514 7142069 
1515 7142069 
1516 7142069 
1517 7142069 
1518 7142069 
1519 7142069 
1520 7142069 
1521 7142069 
1522 7142069 
1523 7142069 
1524 7142069 
1525 7142069 
1526 7142069 
1527 7142069 
1528 7142069 
1529 7142069 
1530 7142069 
1531 7142069 
1532 7142069 
1533 7142069 
1534 7142069 
1535 7142069 
1536 7142069 
1537 7142069 
1538 7142069 
1539 7142069 
1540 7142069 
1541 7142069 
1542 7142069 
1543 7142069 
1544 7142069 
1545 7142069 
1546 7142069 
1547 7142069 
1548 7142069 
1549 7142069 
1550 7142069 
1551 7142069 
1552 7142069 
1553 7142069 
1554 7142069 
1555 7142069 
1556 7142069 
1557 7142069 
1558 7142069 
1559 7142069 
1560 7142069 
1561 7142069 
1562 7142069 
1563 7142069 
1564 7142069 
1565 7142069 
1566 7142069 
1567 7142069 
1568 7142069 
1569 7142069 
1570 7142069 
1571 7142069 
1572 7142069 
1573 7142069 
1574 7142069 
1575 7142069 
1576 7142069 
1577 7142069 
1578 7142069 
1579 7142069 
1580 7142069 
1581 7142069 
1582 7142069 
1583 7142069 
1584 7142069 
1585 7142069 
1586 7142069 
1587 7142069 
1588 7142069 
1589 7142069 
1590 7142069 
1591 7142069 
1592 7142069 
1593 7142069 
1594 7142069 
1595 7142069 
1596 7142069 
1597 7142069 
1598 7142069 
1599 7142069 
1600 7142069 
1601 7142069 
1602 7142069 
1603 7142069 
1604 7142069 
1605 7142069 
1606 7142069 
1607 7142069 
1608 7142069 
1609 7142069 
1610 7142069 
1611 7142069 
1612 7142069 
1613 7142069 
1614 7142069 
1615 7142069 
1616 7142069 
1617 7142069 
1618 7142069 
1619 7142069 
1620 7142069 
1621 7142069 
1622 7142069 
1623 7142069 
1624 7142069 
1625 7142069 
1626 7142069 
1627 7142069 
1628 7142069 
1629 7142069 
1630 7142069 
1631 7142069 
1632 7142069 
1633 7142069 
1634 7142069 
1635 7142069 
1636 7142069 
1637 7142069 
1638 7142069 
1639 7142069 
1640 7142069 
1641 7142069 
1642 7142069 
1643 7142069 
1644 7142069 
1645 7142069 
1646 7142069 
1647 7142069 
1648 7142069 
1649 7142069 
1650 7142069 
1651 7142069 
1652 7142069 
1653 7142069 
1654 7142069 
1655 7142069 
1656 7142069 
1657 7142069 
1658 7142069 
1659 7142069 
1660 7142069 
1661 7142069 
1662 7142069 
1663 7142069 
1664 7142069 
1665 7142069 
1666 7142069 
1667 7142069 
1668 7142069 
1669 7142069 
1670 7142069 
1671 7142069 
1672 7142069 
1673 7142069 
1674 7142069 
1675 7142069 
1676 7142069 
1677 7142069 
1678 7142069 
1679 7142069 
1680 7142069 
1681 7142069 
1682 7142069 
1683 7142069 
1684 7142069 
1685 7142069 
1686 7142069 
1687 7142069 
1688 7142069 
1689 7142069 
1690 7142069 
1691 7142069 
1692 7142069 
1693 7142069 
1694 7142069 
1695 7142069 
1696 7142069 
1697 7142069 
1698 7142069 
1699 7142069 
1700 7142069 
1701 7142069 
1702 7142069 
1703 7142069 
1704 7142069 
1705 7142069 
1706 7142069 
1707 7142069 
1708 7142069 
1709 7142069 
1710 7142069 
1711 7142069 
1712 7142069 
1713 7142069 
1714 7142069 
1715 7142069 
1716 7142069 
1717 7142069 
1718 7142069 
1719 7142069 
1720 7142069 
1721 7142069 
1722 7142069 
1723 7142069 
1724 7142069 
1725 7142069 
1726 7142069 
1727 7142069 
1728 7142069 
1729 7142069 
1730 7142069 
1731 7142069 
1732 7142069 
1733 7142069 
1734 7142069 
1735 7142069 
1736 7142069 
1737 7142069 
1738 7142069 
1739 7142069 
1740 7142069 
1741 7142069 
1742 7142069 
1743 7142069 
1744 7142069 
1745 7142069 
1746 7142069 
1747 7142069 
1748 7142069 
1749 7142069 
1750 7142069 
1751 7142069 
1752 7142069 
1753 7142069 
1754 7142069 
1755 7142069 
1756 7142069 
1757 7142069 
1758 7142069 
1759 7142069 
1760 7142069 
1761 7142069 
1762 7142069 
1763 7142069 
1764 7142069 
1765 7142069 
1766 7142069 
1767 7142069 
1768 7142069 
1769 7142069 
1770 7142069 
1771 7142069 
1772 7142069 
1773 7142069 
1774 7142069 
1775 7142069 
1776 7142069 
1777 7142069 
1778 7142069 
1779 7142069 
1780 7142069 
1781 7142069 
1782 7142069 
1783 7142069 
1784 7142069 
1785 7142069 
1786 7142069 
1787 7142069 
1788 7142069 
1789 7142069 
1790 7142069 
1791 7142069 
1792 7142069 
1793 7142069 
1794 7142069 
1795 7142069 
1796 7142069 
1797 7142069 
1798 7142069 
1799 7142069 
1800 7142069 
1801 7142069 
1802 7142069 
1803 7142069 
1804 7142069 
1805 7142069 
1806 7142069 
1807 7142069 
1808 7142069 
1809 7142069 
1810 7142069 
1811 7142069 
1812 7142069 
1813 7142069 
1814 7142069 
1815 7142069 
1816 7142069 
1817 7142069 
1818 7142069 
1819 7142069 
1820 7142069 
1821 7142069 
1822 7142069 
1823 7142069 
1824 7142069 
1825 7142069 
1826 7142069 
1827 7142069 
1828 7142069 
1829 7142069 
1830 7142069 
1831 7142069 
1832 7142069 
1833 7142069 
1834 7142069 
1835 7142069 
1836 7142069 
1837 7142069 
1838 7142069 
1839 7142069 
1840 7142069 
1841 7142069 
1842 7142069 
1843 7142069 
1844 7142069 
1845 7142069 
1846 7142069 
1847 7142069 
1848 7142069 
1849 7142069 
1850 7142069 
1851 7142069 
1852 7142069 
1853 7142069 
1854 7142069 
1855 7142069 
1856 7142069 
1857 7142069 
1858 7142069 
1859 7142069 
1860 7142069 
1861 7142069 
1862 7142069 
1863 7142069 
1864 7142069 
1865 7142069 
1866 7142069 
1867 7142069 
1868 7142069 
1869 7142069 
1870 7142069 
1871 7142069 
1872 7142069 
1873 7142069 
1874 7142069 
1875 7142069 
1876 7142069 
1877 7142069 
1878 7142069 
1879 7142069 
1880 7142069 
1881 7142069 
1882 7142069 
1883 7142069 
1884 7142069 
1885 7142069 
1886 7142069 
1887 7142069 
1888 7142069 
1889 7142069 
1890 7142069 
1891 7142069 
1892 7142069 
1893 7142069 
1894 7142069 
1895 7142069 
1896 7142069 
1897 7142069 
1898 7142069 
1899 7142069 
1900 7142069 
1901 7142069 
1902 7142069 
1903 7142069 
1904 7142069 
1905 7142069 
1906 7142069 
1907 7142069 
1908 7142069 
1909 7142069 
1910 7142069 
1911 7142069 
1912 7142069 
1913 7142069 
1914 7142069 
1915 7142069 
1916 7142069 
1917 7142069 
1918 7142069 
1919 7142069 
1920 7142069 
1921 7142069 
1922 7142069 
1923 7142069 
1924 7142069 
1925 7142069 
1926 7142069 
1927 7142069 
1928 7142069 
1929 7142069 
1930 7142069 
1931 7142069 
1932 7142069 
1933 7142069 
1934 7142069 
1935 7142069 
1936 7142069 
1937 7142069 
1938 7142069 
1939 7142069 
1940 7142069 
1941 7142069 
1942 7142069 
1943 7142069 
1944 7142069 
1945 7142069 
1946 7142069 
1947 7142069 
1948 7142069 
1949 7142069 
1950 7142069 
1951 7142069 
1952 7142069 
1953 7142069 
1954 7142069 
1955 7142069 
1956 7142069 
1957 7142069 
1958 7142069 
1959 7142069 
1960 7142069 
1961 7142069 
1962 7142069 
1963 7142069 
1964 7142069 
1965 7142069 
1966 7142069 
1967 7142069 
1968 7142069 
1969 7142069 
1970 7142069 
1971 7142069 
1972 7142069 
1973 7142069 
1974 7142069 
1975 7142069 
1976 7142069 
1977 7142069 
1978 7142069 
1979 7142069 
1980 7142069 
1981 7142069 
1982 7142069 
1983 7142069 
1984 7142069 
1985 7142069 
1986 7142069 
1987 7142069 
1988 7142069 
1989 7142069 
1990 7142069 
1991 7142069 
1992 7142069 
1993 7142069 
1994 7142069 
1995 7142069 
1996 7142069 
1997 7142069 
1998 7142069 
1999 7142069 
2000 7142069 
2001 7142069 
2002 7142069 
2003 7142069 
2004 7142069 
2005 7142069 
2006 7142069 
2007 7142069 
2008 7142069 
2009 7142069 
2010 7142069 
2011 7142069 
2012 7142069 
2013 7142069 
2014 7142069 
2015 7142069 
2016 7142069 
2017 7142069 
2018 7142069 
2019 7142069 
2020 7142069 
2021 7142069 
2022 7142069 
2023 7142069 
2024 7142069 
2025 7142069 
2026 7142069 
2027 7142069 
2028 7142069 
2029 7142069 
2030 7142069 
2031 7142069 
2032 7142069 
2033 7142069 
2034 7142069 
2035 7142069 
2036 7142069 
2037 7142069 
2038 7142069 
2039 7142069 
2040 7142069 
2041 7142069 
2042 7142069 
2043 7142069 
2044 7142069 
2045 7142069 
2046 7142069 
2047 7142069 
2048 7142069 
2049 7142069 
2050 7142069 
2051 7142069 
2052 7142069 
2053 7142069 
2054 7142069 
2055 7142069 
2056 7142069 
2057 7142069 
2058 7142069 
2059 7142069 
2060 7142069 
2061 7142069 
2062 7142069 
2063 7142069 
2064 7142069 
2065 7142069 
2066 7142069 
2067 7142069 
2068 7142069 
2069 7142069 
2070 7142069 
2071 7142069 
2072 7142069 
2073 7142069 
2074 7142069 
2075 7142069 
2076 7142069 
2077 7142069 
2078 7142069 
2079 7142069 
2080 7142069 
2081 7142069 
2082 7142069 
2083 7142069 
2084 7142069 
2085 7142069 
2086 7142069 
2087 7142069 
2088 7142069 
2089 7142069 
2090 7142069 
2091 7142069 
2092 7142069 
2093 7142069 
2094 7142069 
2095 7142069 
2096 7142069 
2097 7142069 
2098 7142069 
2099 7142069 
2100 7142069 
2101 7142069 
2102 7142069 
2103 7142069 
2104 7142069 
2105 7142069 
2106 7142069 
2107 7142069 
2108 7142069 
2109 7142069 
2110 7142069 
2111 7142069 
2112 7142069 
2113 7142069 
2114 7142069 
2115 7142069 
2116 7142069 
2117 7142069 
2118 7142069 
2119 7142069 
2120 7142069 
2121 7142069 
2122 7142069 
2123 7142069 
2124 7142069 
2125 7142069 
2126 7142069 
2127 7142069 
2128 7142069 
2129 7142069 
2130 7142069 
2131 7142069 
2132 7142069 
2133 7142069 
2134 7142069 
2135 7142069 
2136 7142069 
2137 7142069 
2138 7142069 
2139 7142069 
2140 7142069 
2141 7142069 
2142 7142069 
2143 7142069 
2144 7142069 
2145 7142069 
2146 7142069 
2147 7142069 
2148 7142069 
2149 7142069 
2150 7142069 
2151 7142069 
2152 7142069 
2153 7142069 
2154 7142069 
2155 7142069 
2156 7142069 
2157 7142069 
2158 7142069 
2159 7142069 
2160 7142069 
2161 7142069 
2162 7142069 
2163 7142069 
2164 7142069 
2165 7142069 
2166 7142069 
2167 7142069 
2168 7142069 
2169 7142069 
2170 7142069 
2171 7142069 
2172 7142069 
2173 7142069 
2174 7142069 
2175 7142069 
2176 7142069 
2177 7142069 
2178 7142069 
2179 7142069 
2180 7142069 
2181 7142069 
2182 7142069 
2183 7142069 
2184 7142069 
2185 7142069 
2186 7142069 
2187 7142069 
2188 7142069 
2189 7142069 
2190 7142069 
2191 7142069 
2192 7142069 
2193 7142069 
2194 7142069 
2195 7142069 
2196 7142069 
2197 7142069 
2198 7142069 
2199 7142069 
2200 7142069 
2201 7142069 
2202 7142069 
2203 7142069 
2204 7142069 
2205 7142069 
2206 7142069 
2207 7142069 
2208 7142069 
2209 7142069 
2210 7142069 
2211 7142069 
2212 7142069 
2213 7142069 
2214 7142069 
2215 7142069 
2216 7142069 
2217 7142069 
2218 7142069 
2219 7142069 
2220 7142069 
2221 7142069 
2222 7142069 
2223 7142069 
2224 7142069 
2225 7142069 
2226 7142069 
2227 7142069 
2228 7142069 
2229 7142069 
2230 7142069 
2231 7142069 
2232 7142069 
2233 7142069 
2234 7142069 
2235 7142069 
2236 7142069 
2237 7142069 
2238 7142069 
2239 7142069 
2240 7142069 
2241 7142069 
2242 7142069 
2243 7142069 
2244 7142069 
2245 7142069 
2246 7142069 
2247 7142069 
2248 7142069 
2249 7142069 
2250 7142069 
2251 7142069 
2252 7142069 
2253 7142069 
2254 7142069 
2255 7142069 
2256 7142069 
2257 7142069 
2258 7142069 
2259 7142069 
2260 7142069 
2261 7142069 
2262 7142069 
2263 7142069 
2264 7142069 
2265 7142069 
2266 7142069 
2267 7142069 
2268 7142069 
2269 7142069 
2270 7142069 
2271 7142069 
2272 7142069 
2273 7142069 
2274 7142069 
2275 7142069 
2276 7142069 
2277 7142069 
2278 7142069 
2279 7142069 
2280 7142069 
2281 7142069 
2282 7142069 
2283 7142069 
2284 7142069 
2285 7142069 
2286 7142069 
2287 7142069 
2288 7142069 
2289 7142069 
2290 7142069 
2291 7142069 
2292 7142069 
2293 7142069 
2294 7142069 
2295 7142069 
2296 7142069 
2297 7142069 
2298 7142069 
2299 7142069 
2300 7142069 
2301 7142069 
2302 7142069 
2303 7142069 
2304 7142069 
2305 7142069 
2306 7142069 
2307 7142069 
2308 7142069 
2309 7142069 
2310 7142069 
2311 7142069 
2312 7142069 
2313 7142069 
2314 7142069 
2315 7142069 
2316 7142069 
2317 7142069 
2318 7142069 
2319 7142069 
2320 7142069 
2321 7142069 
2322 7142069 
2323 7142069 
2324 7142069 
2325 7142069 
2326 7142069 
2327 7142069 
2328 7142069 
2329 7142069 
2330 7142069 
2331 7142069 
2332 7142069 
2333 7142069 
2334 7142069 
2335 7142069 
2336 7142069 
2337 7142069 
2338 7142069 
2339 7142069 
2340 7142069 
2341 7142069 
2342 7142069 
2343 7142069 
2344 7142069 
2345 7142069 
2346 7142069 
2347 7142069 
2348 7142069 
2349 7142069 
2350 7142069 
2351 7142069 
2352 7142069 
2353 7142069 
2354 7142069 
2355 7142069 
2356 7142069 
2357 7142069 
2358 7142069 
2359 7142069 
2360 7142069 
2361 7142069 
2362 7142069 
2363 7142069 
2364 7142069 
2365 7142069 
2366 7142069 
2367 7142069 
2368 7142069 
2369 7142069 
2370 7142069 
2371 7142069 
2372 7142069 
2373 7142069 
2374 7142069 
2375 7142069 
2376 7142069 
2377 7142069 
2378 7142069 
2379 7142069 
2380 7142069 
2381 7142069 
2382 7142069 
2383 7142069 
2384 7142069 
2385 7142069 
2386 7142069 
2387 7142069 
2388 7142069 
2389 7142069 
2390 7142069 
2391 7142069 
2392 7142069 
2393 7142069 
2394 7142069 
2395 7142069 
2396 7142069 
2397 7142069 
2398 7142069 
2399 7142069 
2400 7142069 
2401 7142069 
2402 7142069 
2403 7142069 
2404 7142069 
2405 7142069 
2406 7142069 
2407 7142069 
2408 7142069 
2409 7142069 
2410 7142069 
2411 7142069 
2412 7142069 
2413 7142069 
2414 7142069 
2415 7142069 
2416 7142069 
2417 7142069 
2418 7142069 
2419 7142069 
2420 7142069 
2421 7142069 
2422 7142069 
2423 7142069 
2424 7142069 
2425 7142069 
2426 7142069 
2427 7142069 
2428 7142069 
2429 7142069 
2430 7142069 
2431 7142069 
2432 7142069 
2433 7142069 
2434 7142069 
2435 7142069 
2436 7142069 
2437 7142069 
2438 7142069 
2439 7142069 
2440 7142069 
2441 7142069 
2442 7142069 
2443 7142069 
2444 7142069 
2445 7142069 
2446 7142069 
2447 7142069 
2448 7142069 
2449 7142069 
2450 7142069 
2451 7142069 
2452 7142069 
2453 7142069 
2454 7142069 
2455 7142069 
2456 7142069 
2457 7142069 
2458 7142069 
2459 7142069 
2460 7142069 
2461 7142069 
2462 7142069 
2463 7142069 
2464 7142069 
2465 7142069 
2466 7142069 
2467 7142069 
2468 7142069 
2469 7142069 
2470 7142069 
2471 7142069 
2472 7142069 
2473 7142069 
2474 7142069 
2475 7142069 
2476 7142069 
2477 7142069 
2478 7142069 
2479 7142069 
2480 7142069 
2481 7142069 
2482 7142069 
2483 7142069 
2484 7142069 
2485 7142069 
2486 7142069 
2487 7142069 
2488 7142069 
2489 7142069 
2490 7142069 
2491 7142069 
2492 7142069 
2493 7142069 
2494 7142069 
2495 7142069 
2496 7142069 
2497 7142069 
2498 7142069 
2499 7142069 
2500 7142069 
2501 7142069 
2502 7142069 
2503 7142069 
2504 7142069 
2505 7142069 
2506 7142069 
2507 7142069 
2508 7142069 
2509 7142069 
2510 7142069 
2511 7142069 
2512 7142069 
2513 7142069 
2514 7142069 
2515 7142069 
2516 7142069 
2517 7142069 
2518 7142069 
2519 7142069 
2520 7142069 
2521 7142069 
2522 7142069 
2523 7142069 
2524 7142069 
2525 7142069 
2526 7142069 
2527 7142069 
2528 7142069 
2529 7142069 
2530 7142069 
2531 7142069 
2532 7142069 
2533 7142069 
2534 7142069 
2535 7142069 
2536 7142069 
2537 7142069 
2538 7142069 
2539 7142069 
2540 7142069 
2541 7142069 
2542 7142069 
2543 7142069 
2544 7142069 
2545 7142069 
2546 7142069 
2547 7142069 
2548 7142069 
2549 7142069 
2550 7142069 
2551 7142069 
2552 7142069 
2553 7142069 
2554 7142069 
2555 7142069 
2556 7142069 
2557 7142069 
2558 7142069 
2559 7142069 
2560 7142069 
2561 7142069 
2562 7142069 
2563 7142069 
2564 7142069 
2565 7142069 
2566 7142069 
2567 7142069 
2568 7142069 
2569 7142069 
2570 7142069 
2571 7142069 
2572 7142069 
2573 7142069 
2574 7142069 
2575 7142069 
2576 7142069 
2577 7142069 
2578 7142069 
2579 7142069 
2580 7142069 
2581 7142069 
2582 7142069 
2583 7142069 
2584 7142069 
2585 7142069 
2586 7142069 
2587 7142069 
2588 7142069 
2589 7142069 
2590 7142069 
2591 7142069 
2592 7142069 
2593 7142069 
2594 7142069 
2595 7142069 
2596 7142069 
2597 7142069 
2598 7142069 
2599 7142069 
2600 7142069 
2601 7142069 
2602 7142069 
2603 7142069 
2604 7142069 
2605 7142069 
2606 7142069 
2607 7142069 
2608 7142069 
2609 7142069 
2610 7142069 
2611 7142069 
2612 7142069 
2613 7142069 
2614 7142069 
2615 7142069 
2616 7142069 
2617 7142069 
2618 7142069 
2619 7142069 
2620 7142069 
2621 7142069 
2622 7142069 
2623 7142069 
2624 7142069 
2625 7142069 
2626 7142069 
2627 7142069 
2628 7142069 
2629 7142069 
2630 7142069 
2631 7142069 
2632 7142069 
2633 7142069 
2634 7142069 
2635 7142069 
2636 7142069 
2637 7142069 
2638 7142069 
2639 7142069 
2640 7142069 
2641 7142069 
2642 7142069 
2643 7142069 
2644 7142069 
2645 7142069 
2646 7142069 
2647 7142069 
2648 7142069 
2649 7142069 
2650 7142069 
2651 7142069 
2652 7142069 
2653 7142069 
2654 7142069 
2655 7142069 
2656 7142069 
2657 7142069 
2658 7142069 
2659 7142069 
2660 7142069 
2661 7142069 
2662 7142069 
2663 7142069 
2664 7142069 
2665 7142069 
2666 7142069 
2667 7142069 
2668 7142069 
2669 7142069 
2670 7142069 
2671 7142069 
2672 7142069 
2673 7142069 
2674 7142069 
2675 7142069 
2676 7142069 
2677 7142069 
2678 7142069 
2679 7142069 
2680 7142069 
2681 7142069 
2682 7142069 
2683 7142069 
2684 7142069 
2685 7142069 
2686 7142069 
2687 7142069 
2688 7142069 
2689 7142069 
2690 7142069 
2691 7142069 
2692 7142069 
2693 7142069 
2694 7142069 
2695 7142069 
2696 7142069 
2697 7142069 
2698 7142069 
2699 7142069 
2700 7142069 
2701 7142069 
2702 7142069 
2703 7142069 
2704 7142069 
2705 7142069 
2706 7142069 
2707 7142069 
2708 7142069 
2709 7142069 
2710 7142069 
2711 7142069 
2712 7142069 
2713 7142069 
2714 7142069 
2715 7142069 
2716 7142069 
2717 7142069 
2718 7142069 
2719 7142069 
2720 7142069 
2721 7142069 
2722 7142069 
2723 7142069 
2724 7142069 
2725 7142069 
2726 7142069 
2727 7142069 
2728 7142069 
2729 7142069 
2730 7142069 
2731 7142069 
2732 7142069 
2733 7142069 
2734 7142069 
2735 7142069 
2736 7142069 
2737 7142069 
2738 7142069 
2739 7142069 
2740 7142069 
2741 7142069 
2742 7142069 
2743 7142069 
2744 7142069 
2745 7142069 
2746 7142069 
2747 7142069 
2748 7142069 
2749 7142069 
2750 7142069 
2751 7142069 
2752 7142069 
2753 7142069 
2754 7142069 
2755 7142069 
2756 7142069 
2757 7142069 
2758 7142069 
2759 7142069 
2760 7142069 
2761 7142069 
2762 7142069 
2763 7142069 
2764 7142069 
2765 7142069 
2766 7142069 
2767 7142069 
2768 7142069 
2769 7142069 
2770 7142069 
2771 7142069 
2772 7142069 
2773 7142069 
2774 7142069 
2775 7142069 
2776 7142069 
2777 7142069 
2778 7142069 
2779 7142069 
2780 7142069 
2781 7142069 
2782 7142069 
2783 7142069 
2784 7142069 
2785 7142069 
2786 7142069 
2787 7142069 
2788 7142069 
2789 7142069 
2790 7142069 
2791 7142069 
2792 7142069 
2793 7142069 
2794 7142069 
2795 7142069 
2796 7142069 
2797 7142069 
2798 7142069 
2799 7142069 
2800 7142069 
2801 7142069 
2802 7142069 
2803 7142069 
2804 7142069 
2805 7142069 
2806 7142069 
2807 7142069 
2808 7142069 
2809 7142069 
2810 7142069 
2811 7142069 
2812 7142069 
2813 7142069 
2814 7142069 
2815 7142069 
2816 7142069 
2817 7142069 
2818 7142069 
2819 7142069 
2820 7142069 
2821 7142069 
2822 7142069 
2823 7142069 
2824 7142069 
2825 7142069 
2826 7142069 
2827 7142069 
2828 7142069 
2829 7142069 
2830 7142069 
2831 7142069 
2832 7142069 
2833 7142069 
2834 7142069 
2835 7142069 
2836 7142069 
2837 7142069 
2838 7142069 
2839 7142069 
2840 7142069 
2841 7142069 
2842 7142069 
2843 7142069 
2844 7142069 
2845 7142069 
2846 7142069 
2847 7142069 
2848 7142069 
2849 7142069 
2850 7142069 
2851 7142069 
2852 7142069 
2853 7142069 
2854 7142069 
2855 7142069 
2856 7142069 
2857 7142069 
2858 7142069 
2859 7142069 
2860 7142069 
2861 7142069 
2862 7142069 
2863 7142069 
2864 7142069 
2865 7142069 
2866 7142069 
2867 7142069 
2868 7142069 
2869 7142069 
2870 7142069 
2871 7142069 
2872 7142069 
2873 7142069 
2874 7142069 
2875 7142069 
2876 7142069 
2877 7142069 
2878 7142069 
2879 7142069 
2880 7142069 
2881 7142069 
2882 7142069 
2883 7142069 
2884 7142069 
2885 7142069 
2886 7142069 
2887 7142069 
2888 7142069 
2889 7142069 
2890 7142069 
2891 7142069 
2892 7142069 
2893 7142069 
2894 7142069 
2895 7142069 
2896 7142069 
2897 7142069 
2898 7142069 
2899 7142069 
2900 7142069 
2901 7142069 
2902 7142069 

