0 5914062 
1 5912755 
2 5907312 
3 5902397 
4 5901989 
5 5901949 
6 5895188 
7 5884083 
8 5883501 
9 5863121 
10 5860901 
11 5830767 
12 5829806 
13 5795513 
14 5793359 
15 5790342 
16 5790084 
17 5790028 
18 5789999 
19 5789191 
20 5789105 
21 5786742 
22 5782062 
23 5771811 
24 5767596 
25 5764780 
26 5764776 
27 5764750 
28 5764299 
29 5763354 
30 5763118 
31 5756470 
32 5755881 
33 5754188 
34 5754095 
35 5754063 
36 5753959 
37 5753955 
38 5750623 
39 5750355 
40 5750348 
41 5744834 
42 5744821 
43 5744799 
44 5744512 
45 5744499 
46 5744341 
47 5744093 
48 5742539 
49 5740300 
50 5740201 
51 5739399 
52 5735395 
53 5735335 
54 5735291 
55 5735291 
56 5735284 
57 5735122 
58 5735104 
59 5734543 
60 5734280 
61 5734254 
62 5734254 
63 5734007 
64 5734003 
65 5733920 
66 5733864 
67 5732206 
68 5725110 
69 5722739 
70 5722681 
71 5722398 
72 5722088 
73 5722050 
74 5721869 
75 5719404 
76 5719220 
77 5718250 
78 5717778 
79 5717602 
80 5717294 
81 5717263 
82 5717011 
83 5716542 
84 5716063 
85 5715803 
86 5715593 
87 5715423 
88 5712258 
89 5712204 
90 5708557 
91 5707455 
92 5706098 
93 5705937 
94 5703591 
95 5702156 
96 5701775 
97 5701652 
98 5698308 
99 5697690 
100 5697607 
101 5697204 
102 5697003 
103 5695860 
104 5695847 
105 5695370 
106 5693973 
107 5693787 
108 5693775 
109 5693576 
110 5690255 
111 5690200 
112 5690038 
113 5689810 
114 5689810 
115 5689514 
116 5689273 
117 5688454 
118 5688450 
119 5688345 
120 5688118 
121 5688061 
122 5686629 
123 5685859 
124 5682632 
125 5682431 
126 5681694 
127 5681495 
128 5681495 
129 5681365 
130 5677439 
131 5659728 
132 5648074 
133 5647459 
134 5647435 
135 5647067 
136 5646698 
137 5645086 
138 5644823 
139 5642975 
140 5642254 
141 5640455 
142 5640402 
143 5640260 
144 5635431 
145 5634782 
146 5634023 
147 5633427 
148 5633257 
149 5632976 
150 5631471 
151 5631234 
152 5630384 
153 5629456 
154 5629276 
155 5625723 
156 5625689 
157 5625250 
158 5625204 
159 5624595 
160 5624573 
161 5624453 
162 5624453 
163 5623880 
164 5623612 
165 5623568 
166 5622866 
167 5622697 
168 5621717 
169 5620625 
170 5615391 
171 5615008 
172 5608662 
173 5608522 
174 5608496 
175 5608294 
176 5608053 
177 5607903 
178 5606674 
179 5605297 
180 5597907 
181 5596119 
182 5596046 
183 5595656 
184 5594856 
185 5594694 
186 5594570 
187 5594546 
188 5594532 
189 5593418 
190 5592486 
191 5592379 
192 5589327 
193 5589315 
194 5588698 
195 5587253 
196 5586738 
197 5586698 
198 5584275 
199 5580984 
200 5579878 
201 5579591 
202 5578464 
203 5576705 
204 5576458 
205 5575975 
206 5575961 
207 5575940 
208 5575661 
209 5575649 
210 5574957 
211 5574897 
212 5574744 
213 5573575 
214 5573500 
215 5545888 
216 5544211 
217 5542991 
218 5541139 
219 5540855 
220 5539548 
221 5535048 
222 5534143 
223 5534076 
224 5534046 
225 5532994 
226 5532986 
227 5532963 
228 5532651 
229 5532627 
230 5531455 
231 5529016 
232 5526711 
233 5521159 
234 5521099 
235 5520899 
236 5520892 
237 5511290 
238 5510784 
239 5510390 
240 5509326 
241 5509205 
242 5509150 
243 5508757 
244 5508535 
245 5508444 
246 5507205 
247 5506399 
248 5505764 
249 5504355 
250 5504075 
251 5504021 
252 5503972 
253 5503888 
254 5503384 
255 5502504 
256 5502480 
257 5502130 
258 5501589 
259 5501561 
260 5501088 
261 5500534 
262 5499980 
263 5499692 
264 5499539 
265 5499285 
266 5498132 
267 5498083 
268 5498009 
269 5497393 
270 5497315 
271 5496366 
272 5496294 
273 5495682 
274 5495673 
275 5495100 
276 5494663 
277 5492857 
278 5492755 
279 5491812 
280 5491012 
281 5490632 
282 5490424 
283 5490424 
284 5490423 
285 5490394 
286 5489869 
287 5489245 
288 5489003 
289 5488634 
290 5486492 
291 5486402 
292 5483571 
293 5482573 
294 5482463 
295 5478555 
296 5478555 
297 5477018 
298 5475893 
299 5474407 
300 5468332 
301 5467700 
302 5467569 
303 5466881 
304 5466657 
305 5466657 
306 5466353 
307 5466332 
308 5466235 
309 5465855 
310 5464580 
311 5464279 
312 5463831 
313 5463370 
314 5462063 
315 5461907 
316 5461242 
317 5460300 
318 5460108 
319 5460108 
320 5459741 
321 5459634 
322 5459595 
323 5459028 
324 5458761 
325 5458226 
326 5458146 
327 5457963 
328 5457946 
329 5457483 
330 5457469 
331 5457349 
332 5457238 
333 5457238 
334 5456979 
335 5453035 
336 5452817 
337 5452737 
338 5452716 
339 5452440 
340 5452200 
341 5451257 
342 5451257 
343 5450352 
344 5450348 
345 5450348 
346 5450276 
347 5449288 
348 5449041 
349 5449001 
350 5448984 
351 5448404 
352 5447886 
353 5447840 
354 5447810 
355 5446664 
356 5446598 
357 5446476 
358 5446476 
359 5446435 
360 5446435 
361 5446314 
362 5446314 
363 5446314 
364 5446314 
365 5446157 
366 5446157 
367 5446157 
368 5445707 
369 5445707 
370 5445701 
371 5445701 
372 5445701 
373 5445701 
374 5445701 
375 5445701 
376 5445701 
377 5445701 
378 5445701 
379 5445701 
380 5445701 
381 5445701 
382 5445701 
383 5445701 
384 5445701 
385 5445701 
386 5445701 
387 5445701 
388 5445701 
389 5445701 
390 5445701 
391 5445701 
392 5445701 
393 5445701 
394 5445701 
395 5445701 
396 5445701 
397 5445701 
398 5445701 
399 5445701 
400 5445701 
401 5445701 
402 5445701 
403 5445701 
404 5445701 
405 5445701 
406 5445701 
407 5445701 
408 5445701 
409 5445701 
410 5445701 
411 5445701 
412 5445701 
413 5445701 
414 5445701 
415 5445701 
416 5445701 
417 5445701 
418 5445701 
419 5445701 
420 5445701 
421 5445701 
422 5445701 
423 5445701 
424 5445701 
425 5445701 
426 5445701 
427 5445701 
428 5445701 
429 5445701 
430 5445701 
431 5445701 
432 5445701 
433 5445701 
434 5445701 
435 5445701 
436 5445701 
437 5445701 
438 5445701 
439 5445701 
440 5445701 
441 5445701 
442 5445701 
443 5445701 
444 5445701 
445 5445701 
446 5445701 
447 5445701 
448 5445701 
449 5445701 
450 5445701 
451 5445701 
452 5445701 
453 5445701 
454 5445701 
455 5445701 
456 5445701 
457 5445701 
458 5445701 
459 5445701 
460 5445701 
461 5445701 
462 5445701 
463 5445701 
464 5445701 
465 5445701 
466 5445701 
467 5445701 
468 5445701 
469 5445701 
470 5445701 
471 5445701 
472 5445701 
473 5445701 
474 5445701 
475 5445701 
476 5445701 
477 5445701 
478 5445701 
479 5445701 
480 5445701 
481 5445701 
482 5445701 
483 5445701 
484 5445701 
485 5445701 
486 5445701 
487 5445701 
488 5445701 
489 5445701 
490 5445701 
491 5445701 
492 5445701 
493 5445701 
494 5445701 
495 5445701 
496 5445701 
497 5445701 
498 5445701 
499 5445701 
500 5445701 
501 5445701 
502 5445701 
503 5445701 
504 5445701 
505 5445701 
506 5445701 
507 5445701 
508 5445701 
509 5445701 
510 5445701 
511 5445701 
512 5445701 
513 5445701 
514 5445701 
515 5445701 
516 5445701 
517 5445701 
518 5445701 
519 5445701 
520 5445701 
521 5445701 
522 5445701 
523 5445701 
524 5445701 
525 5445701 
526 5445701 
527 5445701 
528 5445701 
529 5445701 
530 5445701 
531 5445701 
532 5445701 
533 5445701 
534 5445701 
535 5445701 
536 5445701 
537 5445701 
538 5445701 
539 5445701 
540 5445701 
541 5445701 
542 5445701 
543 5445701 
544 5445701 
545 5445701 
546 5445701 
547 5445701 
548 5445701 
549 5445701 
550 5445701 
551 5445701 
552 5445701 
553 5445701 
554 5445701 
555 5445701 
556 5445701 
557 5445701 
558 5445701 
559 5445701 
560 5445701 
561 5445701 
562 5445701 
563 5445701 
564 5445701 
565 5445701 
566 5445701 
567 5445701 
568 5445701 
569 5445701 
570 5445701 
571 5445701 
572 5445701 
573 5445701 
574 5445701 
575 5445701 
576 5445701 
577 5445701 
578 5445701 
579 5445701 
580 5445701 
581 5445701 
582 5445701 
583 5445701 
584 5445701 
585 5445701 
586 5445701 
587 5445701 
588 5445701 
589 5445701 
590 5445701 
591 5445701 
592 5445701 
593 5445701 
594 5445701 
595 5445701 
596 5445701 
597 5445701 
598 5445701 
599 5445701 
600 5445701 
601 5445701 
602 5445701 
603 5445701 
604 5445701 
605 5445701 
606 5445701 
607 5445701 
608 5445701 
609 5445701 
610 5445701 
611 5445701 
612 5445701 
613 5445701 
614 5445701 
615 5445701 
616 5445701 
617 5445701 
618 5445701 
619 5445701 
620 5445701 
621 5445701 
622 5445701 
623 5445701 
624 5445701 
625 5445701 
626 5445701 
627 5445701 
628 5445701 
629 5445701 
630 5445701 
631 5445701 
632 5445701 
633 5445701 
634 5445701 
635 5445701 
636 5445701 
637 5445701 
638 5445701 
639 5445701 
640 5445701 
641 5445701 
642 5445701 
643 5445701 
644 5445701 
645 5445701 
646 5445701 
647 5445701 
648 5445701 
649 5445701 
650 5445701 
651 5445701 
652 5445701 
653 5445701 
654 5445701 
655 5445701 
656 5445701 
657 5445701 
658 5445701 
659 5445701 
660 5445701 
661 5445701 
662 5445701 
663 5445701 
664 5445701 
665 5445701 
666 5445701 
667 5445701 
668 5445701 
669 5445701 
670 5445701 
671 5445701 
672 5445701 
673 5445701 
674 5445701 
675 5445701 
676 5445701 
677 5445701 
678 5445701 
679 5445701 
680 5445701 
681 5445701 
682 5445701 
683 5445701 
684 5445701 
685 5445701 
686 5445701 
687 5445701 
688 5445701 
689 5445701 
690 5445701 
691 5445701 
692 5445701 
693 5445701 
694 5445701 
695 5445701 
696 5445701 
697 5445701 
698 5445701 
699 5445701 
700 5445701 
701 5445701 
702 5445701 
703 5445701 
704 5445701 
705 5445701 
706 5445701 
707 5445701 
708 5445701 
709 5445701 
710 5445701 
711 5445701 
712 5445701 
713 5445701 
714 5445701 
715 5445701 
716 5445701 
717 5445701 
718 5445701 
719 5445701 
720 5445701 
721 5445701 
722 5445701 
723 5445701 
724 5445701 
725 5445701 
726 5445701 
727 5445701 
728 5445701 
729 5445701 
730 5445701 
731 5445701 
732 5445701 
733 5445701 
734 5445701 
735 5445701 
736 5445701 
737 5445701 
738 5445701 
739 5445701 
740 5445701 
741 5445701 
742 5445701 
743 5445701 
744 5445701 
745 5445701 
746 5445701 
747 5445701 
748 5445701 
749 5445701 
750 5445701 
751 5445701 
752 5445701 
753 5445701 
754 5445701 
755 5445701 
756 5445701 
757 5445701 
758 5445701 
759 5445701 
760 5445701 
761 5445701 
762 5445701 
763 5445701 
764 5445701 
765 5445701 
766 5445701 
767 5445701 
768 5445701 
769 5445701 
770 5445701 
771 5445701 
772 5445701 
773 5445701 
774 5445701 
775 5445701 
776 5445701 
777 5445701 
778 5445701 
779 5445701 
780 5445701 
781 5445701 
782 5445701 
783 5445701 
784 5445701 
785 5445701 
786 5445701 
787 5445701 
788 5445701 
789 5445701 
790 5445701 
791 5445701 
792 5445701 
793 5445701 
794 5445701 
795 5445701 
796 5445701 
797 5445701 
798 5445701 
799 5445701 
800 5445701 
801 5445701 
802 5445701 
803 5445701 
804 5445701 
805 5445701 
806 5445701 
807 5445701 
808 5445701 
809 5445701 
810 5445701 
811 5445701 
812 5445701 
813 5445701 
814 5445701 
815 5445701 
816 5445701 
817 5445701 
818 5445701 
819 5445701 
820 5445701 
821 5445701 
822 5445701 
823 5445701 
824 5445701 
825 5445701 
826 5445701 
827 5445701 
828 5445701 
829 5445701 
830 5445701 
831 5445701 
832 5445701 
833 5445701 
834 5445701 
835 5445701 
836 5445701 
837 5445701 
838 5445701 
839 5445701 
840 5445701 
841 5445701 
842 5445701 
843 5445701 
844 5445701 
845 5445701 
846 5445701 
847 5445701 
848 5445701 
849 5445701 
850 5445701 
851 5445701 
852 5445701 
853 5445701 
854 5445701 
855 5445701 
856 5445701 
857 5445701 
858 5445701 
859 5445701 
860 5445701 
861 5445701 
862 5445701 
863 5445701 
864 5445701 
865 5445701 
866 5445701 
867 5445701 
868 5445701 
869 5445701 
870 5445701 
871 5445701 
872 5445701 
873 5445701 
874 5445701 
875 5445701 
876 5445701 
877 5445701 
878 5445701 
879 5445701 
880 5445701 
881 5445701 
882 5445701 
883 5445701 
884 5445701 
885 5445701 
886 5445701 
887 5445701 
888 5445701 
889 5445701 
890 5445701 
891 5445701 
892 5445701 
893 5445701 
894 5445701 
895 5445701 
896 5445701 
897 5445701 
898 5445701 
899 5445701 
900 5445701 
901 5445701 
902 5445701 
903 5445701 
904 5445701 
905 5445701 
906 5445701 
907 5445701 
908 5445701 
909 5445701 
910 5445701 
911 5445701 
912 5445701 
913 5445701 
914 5445701 
915 5445701 
916 5445701 
917 5445701 
918 5445701 
919 5445701 
920 5445701 
921 5445701 
922 5445701 
923 5445701 
924 5445701 
925 5445701 
926 5445701 
927 5445701 
928 5445701 
929 5445701 
930 5445701 
931 5445701 
932 5445701 
933 5445701 
934 5445701 
935 5445701 
936 5445701 
937 5445701 
938 5445701 
939 5445701 
940 5445701 
941 5445701 
942 5445701 
943 5445701 
944 5445701 
945 5445701 
946 5445701 
947 5445701 
948 5445701 
949 5445701 
950 5445701 
951 5445701 
952 5445701 
953 5445701 
954 5445701 
955 5445701 
956 5445701 
957 5445701 
958 5445701 
959 5445701 
960 5445701 
961 5445701 
962 5445701 
963 5445701 
964 5445701 
965 5445701 
966 5445701 
967 5445701 
968 5445701 
969 5445701 
970 5445701 
971 5445701 
972 5445701 
973 5445701 
974 5445701 
975 5445701 
976 5445701 
977 5445701 
978 5445701 
979 5445701 
980 5445701 
981 5445701 
982 5445701 
983 5445701 
984 5445701 
985 5445701 
986 5445701 
987 5445701 
988 5445701 
989 5445701 
990 5445701 
991 5445701 
992 5445701 
993 5445701 
994 5445701 
995 5445701 
996 5445701 
997 5445701 
998 5445701 
999 5445701 
1000 5445701 
1001 5445701 
1002 5445701 
1003 5445701 
1004 5445701 
1005 5445701 
1006 5445701 
1007 5445701 
1008 5445701 
1009 5445701 
1010 5445701 
1011 5445701 
1012 5445701 
1013 5445701 
1014 5445701 
1015 5445701 
1016 5445701 
1017 5445701 
1018 5445701 
1019 5445701 
1020 5445701 
1021 5445701 
1022 5445701 
1023 5445701 
1024 5445701 
1025 5445701 
1026 5445701 
1027 5445701 
1028 5445701 
1029 5445701 
1030 5445701 
1031 5445701 
1032 5445701 
1033 5445701 
1034 5445701 
1035 5445701 
1036 5445701 
1037 5445701 
1038 5445701 
1039 5445701 
1040 5445701 
1041 5445701 
1042 5445701 
1043 5445701 
1044 5445701 
1045 5445701 
1046 5445701 
1047 5445701 
1048 5445701 
1049 5445701 
1050 5445701 
1051 5445701 
1052 5445701 
1053 5445701 
1054 5445701 
1055 5445701 
1056 5445701 
1057 5445701 
1058 5445701 
1059 5445701 
1060 5445701 
1061 5445701 
1062 5445701 
1063 5445701 
1064 5445701 
1065 5445701 
1066 5445701 
1067 5445701 
1068 5445701 
1069 5445701 
1070 5445701 
1071 5445701 
1072 5445701 
1073 5445701 
1074 5445701 
1075 5445701 
1076 5445701 
1077 5445701 
1078 5445701 
1079 5445701 
1080 5445701 
1081 5445701 
1082 5445701 
1083 5445701 
1084 5445701 
1085 5445701 
1086 5445701 
1087 5445701 
1088 5445701 
1089 5445701 
1090 5445701 
1091 5445701 
1092 5445701 
1093 5445701 
1094 5445701 
1095 5445701 
1096 5445701 
1097 5445701 
1098 5445701 
1099 5445701 
1100 5445701 
1101 5445701 
1102 5445701 
1103 5445701 
1104 5445701 
1105 5445701 
1106 5445701 
1107 5445701 
1108 5445701 
1109 5445701 
1110 5445701 
1111 5445701 
1112 5445701 
1113 5445701 
1114 5445701 
1115 5445701 
1116 5445701 
1117 5445701 
1118 5445701 
1119 5445701 
1120 5445701 
1121 5445701 
1122 5445701 
1123 5445701 
1124 5445701 
1125 5445701 
1126 5445701 
1127 5445701 
1128 5445701 
1129 5445701 
1130 5445701 
1131 5445701 
1132 5445701 
1133 5445701 
1134 5445701 
1135 5445701 
1136 5445701 
1137 5445701 
1138 5445701 
1139 5445701 
1140 5445701 
1141 5445701 
1142 5445701 
1143 5445701 
1144 5445701 
1145 5445701 
1146 5445701 
1147 5445701 
1148 5445701 
1149 5445701 
1150 5445701 
1151 5445701 
1152 5445701 
1153 5445701 
1154 5445701 
1155 5445701 
1156 5445701 
1157 5445701 
1158 5445701 
1159 5445701 
1160 5445701 
1161 5445701 
1162 5445701 
1163 5445701 
1164 5445701 
1165 5445701 
1166 5445701 
1167 5445701 
1168 5445701 
1169 5445701 
1170 5445701 
1171 5445701 
1172 5445701 
1173 5445701 
1174 5445701 
1175 5445701 
1176 5445701 
1177 5445701 
1178 5445701 
1179 5445701 
1180 5445701 
1181 5445701 
1182 5445701 
1183 5445701 
1184 5445701 
1185 5445701 
1186 5445701 
1187 5445701 
1188 5445701 
1189 5445701 
1190 5445701 
1191 5445701 
1192 5445701 
1193 5445701 
1194 5445701 
1195 5445701 
1196 5445701 
1197 5445701 
1198 5445701 
1199 5445701 
1200 5445701 
1201 5445701 
1202 5445701 
1203 5445701 
1204 5445701 
1205 5445701 
1206 5445701 
1207 5445701 
1208 5445701 
1209 5445701 
1210 5445701 
1211 5445701 
1212 5445701 
1213 5445701 
1214 5445701 
1215 5445701 
1216 5445701 
1217 5445701 
1218 5445701 
1219 5445701 
1220 5445701 
1221 5445701 
1222 5445701 
1223 5445701 
1224 5445701 
1225 5445701 
1226 5445701 
1227 5445701 
1228 5445701 
1229 5445701 
1230 5445701 
1231 5445701 
1232 5445701 
1233 5445701 
1234 5445701 
1235 5445701 
1236 5445701 
1237 5445701 
1238 5445701 
1239 5445701 
1240 5445701 
1241 5445701 
1242 5445701 
1243 5445701 
1244 5445701 
1245 5445701 
1246 5445701 
1247 5445701 
1248 5445701 
1249 5445701 
1250 5445701 
1251 5445701 
1252 5445701 
1253 5445701 
1254 5445701 
1255 5445701 
1256 5445701 
1257 5445701 
1258 5445701 
1259 5445701 
1260 5445701 
1261 5445701 
1262 5445701 
1263 5445701 
1264 5445701 
1265 5445701 
1266 5445701 
1267 5445701 
1268 5445701 
1269 5445701 
1270 5445701 
1271 5445701 
1272 5445701 
1273 5445701 
1274 5445701 
1275 5445701 
1276 5445701 
1277 5445701 
1278 5445701 
1279 5445701 
1280 5445701 
1281 5445701 
1282 5445701 
1283 5445701 
1284 5445701 
1285 5445701 
1286 5445701 
1287 5445701 
1288 5445701 
1289 5445701 
1290 5445701 
1291 5445701 
1292 5445701 
1293 5445701 
1294 5445701 
1295 5445701 
1296 5445701 
1297 5445701 
1298 5445701 
1299 5445701 
1300 5445701 
1301 5445701 
1302 5445701 
1303 5445701 
1304 5445701 
1305 5445701 
1306 5445701 
1307 5445701 
1308 5445701 
1309 5445701 
1310 5445701 
1311 5445701 
1312 5445701 
1313 5445701 
1314 5445701 
1315 5445701 
1316 5445701 
1317 5445701 
1318 5445701 
1319 5445701 
1320 5445701 
1321 5445701 
1322 5445701 
1323 5445701 
1324 5445701 
1325 5445701 
1326 5445701 
1327 5445701 
1328 5445701 
1329 5445701 
1330 5445701 
1331 5445701 
1332 5445701 
1333 5445701 
1334 5445701 
1335 5445701 
1336 5445701 
1337 5445701 
1338 5445701 
1339 5445701 
1340 5445701 
1341 5445701 
1342 5445701 
1343 5445701 
1344 5445701 
1345 5445701 
1346 5445701 
1347 5445701 
1348 5445701 
1349 5445701 
1350 5445701 
1351 5445701 
1352 5445701 
1353 5445701 
1354 5445701 
1355 5445701 
1356 5445701 
1357 5445701 
1358 5445701 
1359 5445701 
1360 5445701 
1361 5445701 
1362 5445701 
1363 5445701 
1364 5445701 
1365 5445701 
1366 5445701 
1367 5445701 
1368 5445701 
1369 5445701 
1370 5445701 
1371 5445701 
1372 5445701 
1373 5445701 
1374 5445701 
1375 5445701 
1376 5445701 
1377 5445701 
1378 5445701 
1379 5445701 
1380 5445701 
1381 5445701 
1382 5445701 
1383 5445701 
1384 5445701 
1385 5445701 
1386 5445701 
1387 5445701 
1388 5445701 
1389 5445701 
1390 5445701 
1391 5445701 
1392 5445701 
1393 5445701 
1394 5445701 
1395 5445701 
1396 5445701 
1397 5445701 
1398 5445701 
1399 5445701 
1400 5445701 
1401 5445701 
1402 5445701 
1403 5445701 
1404 5445701 
1405 5445701 
1406 5445701 
1407 5445701 
1408 5445701 
1409 5445701 
1410 5445701 
1411 5445701 
1412 5445701 
1413 5445701 
1414 5445701 
1415 5445701 
1416 5445701 
1417 5445701 
1418 5445701 
1419 5445701 
1420 5445701 
1421 5445701 
1422 5445701 
1423 5445701 
1424 5445701 
1425 5445701 
1426 5445701 
1427 5445701 
1428 5445701 
1429 5445701 
1430 5445701 
1431 5445701 
1432 5445701 
1433 5445701 
1434 5445701 
1435 5445701 
1436 5445701 
1437 5445701 
1438 5445701 
1439 5445701 
1440 5445701 
1441 5445701 
1442 5445701 
1443 5445701 
1444 5445701 
1445 5445701 
1446 5445701 
1447 5445701 
1448 5445701 
1449 5445701 
1450 5445701 
1451 5445701 
1452 5445701 
1453 5445701 
1454 5445701 
1455 5445701 
1456 5445701 
1457 5445701 
1458 5445701 
1459 5445701 
1460 5445701 
1461 5445701 
1462 5445701 
1463 5445701 
1464 5445701 
1465 5445701 
1466 5445701 
1467 5445701 
1468 5445701 
1469 5445701 
1470 5445701 
1471 5445701 
1472 5445701 
1473 5445701 
1474 5445701 
1475 5445701 
1476 5445701 
1477 5445701 
1478 5445701 
1479 5445701 
1480 5445701 
1481 5445701 
1482 5445701 
1483 5445701 
1484 5445701 
1485 5445701 
1486 5445701 
1487 5445701 
1488 5445701 
1489 5445701 
1490 5445701 
1491 5445701 
1492 5445701 
1493 5445701 
1494 5445701 
1495 5445701 
1496 5445701 
1497 5445701 
1498 5445701 
1499 5445701 
1500 5445701 
1501 5445701 
1502 5445701 
1503 5445701 
1504 5445701 
1505 5445701 
1506 5445701 
1507 5445701 
1508 5445701 
1509 5445701 
1510 5445701 
1511 5445701 
1512 5445701 
1513 5445701 
1514 5445701 
1515 5445701 
1516 5445701 
1517 5445701 
1518 5445701 
1519 5445701 
1520 5445701 
1521 5445701 
1522 5445701 
1523 5445701 
1524 5445701 
1525 5445701 
1526 5445701 
1527 5445701 
1528 5445701 
1529 5445701 
1530 5445701 
1531 5445701 
1532 5445701 
1533 5445701 
1534 5445701 
1535 5445701 
1536 5445701 
1537 5445701 
1538 5445701 
1539 5445701 
1540 5445701 
1541 5445701 
1542 5445701 
1543 5445701 
1544 5445701 
1545 5445701 
1546 5445701 
1547 5445701 
1548 5445701 
1549 5445701 
1550 5445701 
1551 5445701 
1552 5445701 
1553 5445701 
1554 5445701 
1555 5445701 
1556 5445701 
1557 5445701 
1558 5445701 
1559 5445701 
1560 5445701 
1561 5445701 
1562 5445701 
1563 5445701 
1564 5445701 
1565 5445701 
1566 5445701 
1567 5445701 
1568 5445701 
1569 5445701 
1570 5445701 
1571 5445701 
1572 5445701 
1573 5445701 
1574 5445701 
1575 5445701 
1576 5445701 
1577 5445701 
1578 5445701 
1579 5445701 
1580 5445701 
1581 5445701 
1582 5445701 
1583 5445701 
1584 5445701 
1585 5445701 
1586 5445701 
1587 5445701 
1588 5445701 
1589 5445701 
1590 5445701 
1591 5445701 
1592 5445701 
1593 5445701 
1594 5445701 
1595 5445701 
1596 5445701 
1597 5445701 
1598 5445701 
1599 5445701 
1600 5445701 
1601 5445701 
1602 5445701 
1603 5445701 
1604 5445701 
1605 5445701 
1606 5445701 
1607 5445701 
1608 5445701 
1609 5445701 
1610 5445701 
1611 5445701 
1612 5445701 
1613 5445701 
1614 5445701 
1615 5445701 
1616 5445701 
1617 5445701 
1618 5445701 
1619 5445701 
1620 5445701 
1621 5445701 
1622 5445701 
1623 5445701 
1624 5445701 
1625 5445701 
1626 5445701 
1627 5445701 
1628 5445701 
1629 5445701 
1630 5445701 
1631 5445701 
1632 5445701 
1633 5445701 
1634 5445701 
1635 5445701 
1636 5445701 
1637 5445701 
1638 5445701 
1639 5445701 
1640 5445701 
1641 5445701 
1642 5445701 
1643 5445701 
1644 5445701 
1645 5445701 
1646 5445701 
1647 5445701 
1648 5445701 
1649 5445701 
1650 5445701 
1651 5445701 
1652 5445701 
1653 5445701 
1654 5445701 
1655 5445701 
1656 5445701 
1657 5445701 
1658 5445701 
1659 5445701 
1660 5445701 
1661 5445701 
1662 5445701 
1663 5445701 
1664 5445701 
1665 5445701 
1666 5445701 
1667 5445701 
1668 5445701 
1669 5445701 
1670 5445701 
1671 5445701 
1672 5445701 
1673 5445701 
1674 5445701 
1675 5445701 
1676 5445701 
1677 5445701 
1678 5445701 
1679 5445701 
1680 5445701 
1681 5445701 
1682 5445701 
1683 5445701 
1684 5445701 
1685 5445701 
1686 5445701 
1687 5445701 
1688 5445701 
1689 5445701 
1690 5445701 
1691 5445701 
1692 5445701 
1693 5445701 
1694 5445701 
1695 5445701 
1696 5445701 
1697 5445701 
1698 5445701 
1699 5445701 
1700 5445701 
1701 5445701 
1702 5445701 
1703 5445701 
1704 5445701 
1705 5445701 
1706 5445701 
1707 5445701 
1708 5445701 
1709 5445701 
1710 5445701 
1711 5445701 
1712 5445701 
1713 5445701 
1714 5445701 
1715 5445701 
1716 5445701 
1717 5445701 
1718 5445701 
1719 5445701 
1720 5445701 
1721 5445701 
1722 5445701 
1723 5445701 
1724 5445701 
1725 5445701 
1726 5445701 
1727 5445701 
1728 5445701 
1729 5445701 
1730 5445701 
1731 5445701 
1732 5445701 
1733 5445701 
1734 5445701 
1735 5445701 
1736 5445701 
1737 5445701 
1738 5445701 
1739 5445701 
1740 5445701 
1741 5445701 
1742 5445701 
1743 5445701 
1744 5445701 
1745 5445701 
1746 5445701 
1747 5445701 
1748 5445701 
1749 5445701 
1750 5445701 
1751 5445701 
1752 5445701 
1753 5445701 
1754 5445701 
1755 5445701 
1756 5445701 
1757 5445701 
1758 5445701 
1759 5445701 
1760 5445701 
1761 5445701 
1762 5445701 
1763 5445701 
1764 5445701 
1765 5445701 
1766 5445701 
1767 5445701 
1768 5445701 
1769 5445701 
1770 5445701 
1771 5445701 
1772 5445701 
1773 5445701 
1774 5445701 
1775 5445701 
1776 5445701 
1777 5445701 
1778 5445701 
1779 5445701 
1780 5445701 
1781 5445701 
1782 5445701 
1783 5445701 
1784 5445701 
1785 5445701 
1786 5445701 
1787 5445701 
1788 5445701 
1789 5445701 
1790 5445701 
1791 5445701 
1792 5445701 
1793 5445701 
1794 5445701 
1795 5445701 
1796 5445701 
1797 5445701 
1798 5445701 
1799 5445701 
1800 5445701 
1801 5445701 
1802 5445701 
1803 5445701 
1804 5445701 
1805 5445701 
1806 5445701 
1807 5445701 
1808 5445701 
1809 5445701 
1810 5445701 
1811 5445701 
1812 5445701 
1813 5445701 
1814 5445701 
1815 5445701 
1816 5445701 
1817 5445701 
1818 5445701 
1819 5445701 
1820 5445701 
1821 5445701 
1822 5445701 
1823 5445701 
1824 5445701 
1825 5445701 
1826 5445701 
1827 5445701 
1828 5445701 
1829 5445701 
1830 5445701 
1831 5445701 
1832 5445701 
1833 5445701 
1834 5445701 
1835 5445701 
1836 5445701 
1837 5445701 
1838 5445701 
1839 5445701 
1840 5445701 
1841 5445701 
1842 5445701 
1843 5445701 
1844 5445701 
1845 5445701 
1846 5445701 
1847 5445701 
1848 5445701 
1849 5445701 
1850 5445701 
1851 5445701 
1852 5445701 
1853 5445701 
1854 5445701 
1855 5445701 
1856 5445701 
1857 5445701 
1858 5445701 
1859 5445701 
1860 5445701 
1861 5445701 
1862 5445701 
1863 5445701 
1864 5445701 
1865 5445701 
1866 5445701 
1867 5445701 
1868 5445701 
1869 5445701 
1870 5445701 
1871 5445701 
1872 5445701 
1873 5445701 
1874 5445701 
1875 5445701 
1876 5445701 
1877 5445701 
1878 5445701 
1879 5445701 
1880 5445701 
1881 5445701 
1882 5445701 
1883 5445701 
1884 5445701 
1885 5445701 
1886 5445701 
1887 5445701 
1888 5445701 
1889 5445701 
1890 5445701 
1891 5445701 
1892 5445701 
1893 5445701 
1894 5445701 
1895 5445701 
1896 5445701 
1897 5445701 
1898 5445701 
1899 5445701 
1900 5445701 
1901 5445701 
1902 5445701 
1903 5445701 
1904 5445701 
1905 5445701 
1906 5445701 
1907 5445701 
1908 5445701 
1909 5445701 
1910 5445701 
1911 5445701 
1912 5445701 
1913 5445701 
1914 5445701 
1915 5445701 
1916 5445701 
1917 5445701 
1918 5445701 
1919 5445701 
1920 5445701 
1921 5445701 
1922 5445701 
1923 5445701 
1924 5445701 
1925 5445701 
1926 5445701 
1927 5445701 
1928 5445701 
1929 5445701 
1930 5445701 
1931 5445701 
1932 5445701 
1933 5445701 
1934 5445701 
1935 5445701 
1936 5445701 
1937 5445701 
1938 5445701 
1939 5445701 
1940 5445701 
1941 5445701 
1942 5445701 
1943 5445701 
1944 5445701 
1945 5445701 
1946 5445701 
1947 5445701 
1948 5445701 
1949 5445701 
1950 5445701 
1951 5445701 
1952 5445701 
1953 5445701 
1954 5445701 
1955 5445701 
1956 5445701 
1957 5445701 
1958 5445701 
1959 5445701 
1960 5445701 
1961 5445701 
1962 5445701 
1963 5445701 
1964 5445701 
1965 5445701 
1966 5445701 
1967 5445701 
1968 5445701 
1969 5445701 
1970 5445701 
1971 5445701 
1972 5445701 
1973 5445701 
1974 5445701 
1975 5445701 
1976 5445701 
1977 5445701 
1978 5445701 
1979 5445701 
1980 5445701 
1981 5445701 
1982 5445701 
1983 5445701 
1984 5445701 
1985 5445701 
1986 5445701 
1987 5445701 
1988 5445701 
1989 5445701 
1990 5445701 
1991 5445701 
1992 5445701 
1993 5445701 
1994 5445701 
1995 5445701 
1996 5445701 
1997 5445701 
1998 5445701 
1999 5445701 
2000 5445701 
2001 5445701 
2002 5445701 
2003 5445701 
2004 5445701 
2005 5445701 
2006 5445701 
2007 5445701 
2008 5445701 
2009 5445701 
2010 5445701 
2011 5445701 
2012 5445701 
2013 5445701 
2014 5445701 
2015 5445701 
2016 5445701 
2017 5445701 
2018 5445701 
2019 5445701 
2020 5445701 
2021 5445701 
2022 5445701 
2023 5445701 
2024 5445701 
2025 5445701 
2026 5445701 
2027 5445701 
2028 5445701 
2029 5445701 
2030 5445701 
2031 5445701 
2032 5445701 
2033 5445701 
2034 5445701 
2035 5445701 
2036 5445701 
2037 5445701 
2038 5445701 
2039 5445701 
2040 5445701 
2041 5445701 
2042 5445701 
2043 5445701 
2044 5445701 
2045 5445701 
2046 5445701 
2047 5445701 
2048 5445701 
2049 5445701 
2050 5445701 
2051 5445701 
2052 5445701 
2053 5445701 
2054 5445701 
2055 5445701 
2056 5445701 
2057 5445701 
2058 5445701 
2059 5445701 
2060 5445701 
2061 5445701 
2062 5445701 
2063 5445701 
2064 5445701 
2065 5445701 
2066 5445701 
2067 5445701 
2068 5445701 
2069 5445701 
2070 5445701 
2071 5445701 
2072 5445701 
2073 5445701 
2074 5445701 
2075 5445701 
2076 5445701 
2077 5445701 
2078 5445701 
2079 5445701 
2080 5445701 
2081 5445701 
2082 5445701 
2083 5445701 
2084 5445701 
2085 5445701 
2086 5445701 
2087 5445701 
2088 5445701 
2089 5445701 
2090 5445701 
2091 5445701 
2092 5445701 
2093 5445701 
2094 5445701 
2095 5445701 
2096 5445701 
2097 5445701 
2098 5445701 
2099 5445701 
2100 5445701 
2101 5445701 
2102 5445701 
2103 5445701 
2104 5445701 
2105 5445701 
2106 5445701 
2107 5445701 
2108 5445701 
2109 5445701 
2110 5445701 
2111 5445701 
2112 5445701 
2113 5445701 
2114 5445701 
2115 5445701 
2116 5445701 
2117 5445701 
2118 5445701 
2119 5445701 
2120 5445701 
2121 5445701 
2122 5445701 
2123 5445701 
2124 5445701 
2125 5445701 
2126 5445701 
2127 5445701 
2128 5445701 
2129 5445701 
2130 5445701 
2131 5445701 
2132 5445701 
2133 5445701 
2134 5445701 
2135 5445701 
2136 5445701 
2137 5445701 
2138 5445701 
2139 5445701 
2140 5445701 
2141 5445701 
2142 5445701 
2143 5445701 
2144 5445701 
2145 5445701 
2146 5445701 
2147 5445701 
2148 5445701 
2149 5445701 
2150 5445701 
2151 5445701 
2152 5445701 
2153 5445701 
2154 5445701 
2155 5445701 
2156 5445701 
2157 5445701 
2158 5445701 
2159 5445701 
2160 5445701 
2161 5445701 
2162 5445701 
2163 5445701 
2164 5445701 
2165 5445701 
2166 5445701 
2167 5445701 
2168 5445701 
2169 5445701 
2170 5445701 
2171 5445701 
2172 5445701 
2173 5445701 
2174 5445701 
2175 5445701 
2176 5445701 
2177 5445701 
2178 5445701 
2179 5445701 
2180 5445701 
2181 5445701 
2182 5445701 
2183 5445701 
2184 5445701 
2185 5445701 
2186 5445701 
2187 5445701 
2188 5445701 
2189 5445701 
2190 5445701 
2191 5445701 
2192 5445701 
2193 5445701 
2194 5445701 
2195 5445701 
2196 5445701 
2197 5445701 
2198 5445701 
2199 5445701 
2200 5445701 
2201 5445701 
2202 5445701 
2203 5445701 
2204 5445701 
2205 5445701 
2206 5445701 
2207 5445701 
2208 5445701 
2209 5445701 
2210 5445701 
2211 5445701 
2212 5445701 
2213 5445701 
2214 5445701 
2215 5445701 
2216 5445701 
2217 5445701 
2218 5445701 
2219 5445701 
2220 5445701 
2221 5445701 
2222 5445701 
2223 5445701 
2224 5445701 
2225 5445701 
2226 5445701 
2227 5445701 
2228 5445701 
2229 5445701 
2230 5445701 
2231 5445701 
2232 5445701 
2233 5445701 
2234 5445701 
2235 5445701 
2236 5445701 
2237 5445701 
2238 5445701 
2239 5445701 
2240 5445701 
2241 5445701 
2242 5445701 
2243 5445701 
2244 5445701 
2245 5445701 
2246 5445701 
2247 5445701 
2248 5445701 
2249 5445701 
2250 5445701 
2251 5445701 
2252 5445701 
2253 5445701 
2254 5445701 
2255 5445701 
2256 5445701 
2257 5445701 
2258 5445701 
2259 5445701 
2260 5445701 
2261 5445701 
2262 5445701 
2263 5445701 
2264 5445701 
2265 5445701 
2266 5445701 
2267 5445701 
2268 5445701 
2269 5445701 
2270 5445701 
2271 5445701 
2272 5445701 
2273 5445701 
2274 5445701 
2275 5445701 
2276 5445701 
2277 5445701 
2278 5445701 
2279 5445701 
2280 5445701 
2281 5445701 
2282 5445701 
2283 5445701 
2284 5445701 
2285 5445701 
2286 5445701 
2287 5445701 
2288 5445701 
2289 5445701 
2290 5445701 
2291 5445701 
2292 5445701 
2293 5445701 
2294 5445701 
2295 5445701 
2296 5445701 
2297 5445701 
2298 5445701 
2299 5445701 
2300 5445701 
2301 5445701 
2302 5445701 
2303 5445701 
2304 5445701 
2305 5445701 
2306 5445701 
2307 5445701 
2308 5445701 
2309 5445701 
2310 5445701 
2311 5445701 
2312 5445701 
2313 5445701 
2314 5445701 
2315 5445701 
2316 5445701 
2317 5445701 
2318 5445701 
2319 5445701 
2320 5445701 
2321 5445701 
2322 5445701 
2323 5445701 
2324 5445701 
2325 5445701 
2326 5445701 
2327 5445701 
2328 5445701 
2329 5445701 
2330 5445701 
2331 5445701 
2332 5445701 
2333 5445701 
2334 5445701 
2335 5445701 
2336 5445701 
2337 5445701 
2338 5445701 
2339 5445701 
2340 5445701 
2341 5445701 
2342 5445701 
2343 5445701 
2344 5445701 
2345 5445701 
2346 5445701 
2347 5445701 
2348 5445701 
2349 5445701 
2350 5445701 
2351 5445701 
2352 5445701 
2353 5445701 
2354 5445701 
2355 5445701 
2356 5445701 
2357 5445701 
2358 5445701 
2359 5445701 
2360 5445701 
2361 5445701 
2362 5445701 
2363 5445701 
2364 5445701 
2365 5445701 
2366 5445701 
2367 5445701 
2368 5445701 
2369 5445701 
2370 5445701 
2371 5445701 
2372 5445701 
2373 5445701 
2374 5445701 
2375 5445701 
2376 5445701 
2377 5445701 
2378 5445701 
2379 5445701 
2380 5445701 
2381 5445701 
2382 5445701 
2383 5445701 
2384 5445701 
2385 5445701 
2386 5445701 
2387 5445701 
2388 5445701 
2389 5445701 
2390 5445701 
2391 5445701 
2392 5445701 
2393 5445701 
2394 5445701 
2395 5445701 
2396 5445701 
2397 5445701 
2398 5445701 
2399 5445701 
2400 5445701 
2401 5445701 
2402 5445701 
2403 5445701 
2404 5445701 
2405 5445701 
2406 5445701 
2407 5445701 
2408 5445701 
2409 5445701 
2410 5445701 
2411 5445701 
2412 5445701 
2413 5445701 
2414 5445701 
2415 5445701 
2416 5445701 
2417 5445701 
2418 5445701 
2419 5445701 
2420 5445701 
2421 5445701 
2422 5445701 
2423 5445701 
2424 5445701 
2425 5445701 
2426 5445701 
2427 5445701 
2428 5445701 
2429 5445701 
2430 5445701 
2431 5445701 
2432 5445701 
2433 5445701 
2434 5445701 
2435 5445701 
2436 5445701 
2437 5445701 
2438 5445701 
2439 5445701 
2440 5445701 
2441 5445701 
2442 5445701 
2443 5445701 
2444 5445701 
2445 5445701 
2446 5445701 
2447 5445701 
2448 5445701 
2449 5445701 
2450 5445701 
2451 5445701 
2452 5445701 
2453 5445701 
2454 5445701 
2455 5445701 
2456 5445701 
2457 5445701 
2458 5445701 
2459 5445701 
2460 5445701 
2461 5445701 
2462 5445701 
2463 5445701 
2464 5445701 
2465 5445701 
2466 5445701 
2467 5445701 
2468 5445701 
2469 5445701 
2470 5445701 
2471 5445701 
2472 5445701 
2473 5445701 
2474 5445701 
2475 5445701 
2476 5445701 
2477 5445701 
2478 5445701 
2479 5445701 
2480 5445701 
2481 5445701 
2482 5445701 
2483 5445701 
2484 5445701 
2485 5445701 
2486 5445701 
2487 5445701 
2488 5445701 
2489 5445701 
2490 5445701 
2491 5445701 
2492 5445701 
2493 5445701 
2494 5445701 
2495 5445701 
2496 5445701 
2497 5445701 
2498 5445701 
2499 5445701 
2500 5445701 
2501 5445701 
2502 5445701 
2503 5445701 
2504 5445701 
2505 5445701 
2506 5445701 
2507 5445701 
2508 5445701 
2509 5445701 
2510 5445701 
2511 5445701 
2512 5445701 
2513 5445701 
2514 5445701 
2515 5445701 
2516 5445701 
2517 5445701 
2518 5445701 
2519 5445701 
2520 5445701 
2521 5445701 
2522 5445701 
2523 5445701 
2524 5445701 
2525 5445701 
2526 5445701 
2527 5445701 
2528 5445701 
2529 5445701 
2530 5445701 
2531 5445701 
2532 5445701 
2533 5445701 
2534 5445701 
2535 5445701 
2536 5445701 
2537 5445701 
2538 5445701 
2539 5445701 
2540 5445701 
2541 5445701 
2542 5445701 
2543 5445701 
2544 5445701 
2545 5445701 
2546 5445701 
2547 5445701 
2548 5445701 
2549 5445701 
2550 5445701 
2551 5445701 
2552 5445701 
2553 5445701 
2554 5445701 
2555 5445701 
2556 5445701 
2557 5445701 
2558 5445701 
2559 5445701 
2560 5445701 
2561 5445701 
2562 5445701 
2563 5445701 
2564 5445701 
2565 5445701 
2566 5445701 
2567 5445701 
2568 5445701 
2569 5445701 
2570 5445701 
2571 5445701 
2572 5445701 
2573 5445701 
2574 5445701 
2575 5445701 
2576 5445701 
2577 5445701 
2578 5445701 
2579 5445701 
2580 5445701 
2581 5445701 
2582 5445701 
2583 5445701 
2584 5445701 
2585 5445701 
2586 5445701 
2587 5445701 
2588 5445701 
2589 5445701 
2590 5445701 
2591 5445701 
2592 5445701 
2593 5445701 
2594 5445701 
2595 5445701 
2596 5445701 
2597 5445701 
2598 5445701 
2599 5445701 
2600 5445701 
2601 5445701 
2602 5445701 
2603 5445701 
2604 5445701 
2605 5445701 
2606 5445701 
2607 5445701 
2608 5445701 
2609 5445701 
2610 5445701 
2611 5445701 
2612 5445701 
2613 5445701 
2614 5445701 
2615 5445701 
2616 5445701 
2617 5445701 
2618 5445701 
2619 5445701 
2620 5445701 
2621 5445701 
2622 5445701 
2623 5445701 
2624 5445701 
2625 5445701 
2626 5445701 
2627 5445701 
2628 5445701 
2629 5445701 
2630 5445701 
2631 5445701 
2632 5445701 
2633 5445701 
2634 5445701 
2635 5445701 
2636 5445701 
2637 5445701 
2638 5445701 
2639 5445701 
2640 5445701 
2641 5445701 
2642 5445701 
2643 5445701 
2644 5445701 
2645 5445701 
2646 5445701 
2647 5445701 
2648 5445701 
2649 5445701 
2650 5445701 
2651 5445701 
2652 5445701 
2653 5445701 
2654 5445701 
2655 5445701 
2656 5445701 
2657 5445701 
2658 5445701 
2659 5445701 
2660 5445701 
2661 5445701 
2662 5445701 
2663 5445701 
2664 5445701 
2665 5445701 
2666 5445701 
2667 5445701 
2668 5445701 
2669 5445701 
2670 5445701 
2671 5445701 
2672 5445701 
2673 5445701 
2674 5445701 
2675 5445701 
2676 5445701 
2677 5445701 
2678 5445701 
2679 5445701 
2680 5445701 
2681 5445701 
2682 5445701 
2683 5445701 
2684 5445701 
2685 5445701 
2686 5445701 
2687 5445701 
2688 5445701 
2689 5445701 
2690 5445701 
2691 5445701 
2692 5445701 
2693 5445701 
2694 5445701 
2695 5445701 
2696 5445701 
2697 5445701 
2698 5445701 
2699 5445701 
2700 5445701 
2701 5445701 
2702 5445701 
2703 5445701 
2704 5445701 
2705 5445701 
2706 5445701 
2707 5445701 
2708 5445701 
2709 5445701 
2710 5445701 
2711 5445701 
2712 5445701 
2713 5445701 
2714 5445701 
2715 5445701 
2716 5445701 
2717 5445701 
2718 5445701 
2719 5445701 
2720 5445701 
2721 5445701 
2722 5445701 
2723 5445701 
2724 5445701 
2725 5445701 
2726 5445701 
2727 5445701 
2728 5445701 
2729 5445701 
2730 5445701 
2731 5445701 
2732 5445701 
2733 5445701 
2734 5445701 
2735 5445701 
2736 5445701 
2737 5445701 
2738 5445701 
2739 5445701 
2740 5445701 
2741 5445701 
2742 5445701 
2743 5445701 
2744 5445701 
2745 5445701 
2746 5445701 
2747 5445701 
2748 5445701 
2749 5445701 
2750 5445701 
2751 5445701 
2752 5445701 
2753 5445701 
2754 5445701 
2755 5445701 
2756 5445701 
2757 5445701 
2758 5445701 
2759 5445701 
2760 5445701 
2761 5445701 
2762 5445701 
2763 5445701 
2764 5445701 
2765 5445701 
2766 5445701 
2767 5445701 
2768 5445701 
2769 5445701 
2770 5445701 
2771 5445701 
2772 5445701 
2773 5445701 
2774 5445701 
2775 5445701 
2776 5445701 
2777 5445701 
2778 5445701 
2779 5445701 
2780 5445701 
2781 5445701 
2782 5445701 
2783 5445701 
2784 5445701 
2785 5445701 
2786 5445701 
2787 5445701 
2788 5445701 
2789 5445701 
2790 5445701 
2791 5445701 
2792 5445701 
2793 5445701 
2794 5445701 
2795 5445701 
2796 5445701 
2797 5445701 
2798 5445701 
2799 5445701 
2800 5445701 
2801 5445701 
2802 5445701 
2803 5445701 
2804 5445701 
2805 5445701 
2806 5445701 
2807 5445701 
2808 5445701 
2809 5445701 
2810 5445701 
2811 5445701 
2812 5445701 
2813 5445701 
2814 5445701 
2815 5445701 
2816 5445701 
2817 5445701 
2818 5445701 
2819 5445701 
2820 5445701 
2821 5445701 
2822 5445701 
2823 5445701 
2824 5445701 
2825 5445701 
2826 5445701 
2827 5445701 
2828 5445701 
2829 5445701 
2830 5445701 
2831 5445701 
2832 5445701 
2833 5445701 
2834 5445701 
2835 5445701 
2836 5445701 
2837 5445701 
2838 5445701 
2839 5445701 
2840 5445701 
2841 5445701 
2842 5445701 
2843 5445701 
2844 5445701 
2845 5445701 
2846 5445701 
2847 5445701 
2848 5445701 
2849 5445701 
2850 5445701 
2851 5445701 
2852 5445701 
2853 5445701 
2854 5445701 
2855 5445701 
2856 5445701 
2857 5445701 
2858 5445701 
2859 5445701 
2860 5445701 
2861 5445701 
2862 5445701 
2863 5445701 
2864 5445701 
2865 5445701 
2866 5445701 
2867 5445701 
2868 5445701 
2869 5445701 
2870 5445701 
2871 5445701 
2872 5445701 
2873 5445701 
2874 5445701 
2875 5445701 
2876 5445701 
2877 5445701 
2878 5445701 
2879 5445701 
2880 5445701 
2881 5445701 
2882 5445701 
2883 5445701 
2884 5445701 
2885 5445701 
2886 5445701 
2887 5445701 
2888 5445701 
2889 5445701 
2890 5445701 
2891 5445701 
2892 5445701 
2893 5445701 
2894 5445701 
2895 5445701 
2896 5445701 
2897 5445701 
2898 5445701 
2899 5445701 
2900 5445701 
2901 5445701 
2902 5445701 
2903 5445701 
2904 5445701 
2905 5445701 
2906 5445701 
2907 5445701 
2908 5445701 
2909 5445701 
2910 5445701 
2911 5445701 
2912 5445701 
2913 5445701 
2914 5445701 
2915 5445701 
2916 5445701 
2917 5445701 
2918 5445701 
2919 5445701 
2920 5445701 
2921 5445701 
2922 5445701 
2923 5445701 
2924 5445701 
2925 5445701 
2926 5445701 
2927 5445701 
2928 5445701 
2929 5445701 
2930 5445701 
2931 5445701 
2932 5445701 
2933 5445701 
2934 5445701 
2935 5445701 
2936 5445701 
2937 5445701 
2938 5445701 
2939 5445701 
2940 5445701 
2941 5445701 
2942 5445701 
2943 5445701 
2944 5445701 
2945 5445701 
2946 5445701 
2947 5445701 
2948 5445701 
2949 5445701 
2950 5445701 
2951 5445701 
2952 5445701 
2953 5445701 
2954 5445701 
2955 5445701 
2956 5445701 
2957 5445701 
2958 5445701 
2959 5445701 
2960 5445701 
2961 5445701 
2962 5445701 
2963 5445701 
2964 5445701 
2965 5445701 
2966 5445701 
2967 5445701 
2968 5445701 
2969 5445701 
2970 5445701 

