0 4052828 
1 4041947 
2 4039100 
3 4037787 
4 4037774 
5 4037739 
6 4037480 
7 4037438 
8 4037403 
9 4036913 
10 4034942 
11 4034711 
12 4034438 
13 4034179 
14 4027211 
15 4025395 
16 4023848 
17 4022561 
18 4021642 
19 4021304 
20 4021129 
21 4021122 
22 4020667 
23 4020191 
24 4019528 
25 4019297 
26 4019063 
27 4019042 
28 4017254 
29 4017232 
30 4017149 
31 4015489 
32 4015182 
33 4015126 
34 4015126 
35 4015032 
36 4015025 
37 4014561 
38 4014456 
39 4014201 
40 4014194 
41 4013440 
42 4013132 
43 4012869 
44 4012862 
45 4011272 
46 4010894 
47 4010586 
48 4010551 
49 4010383 
50 4009880 
51 4009873 
52 4009467 
53 4009394 
54 4003531 
55 3999841 
56 3998526 
57 3998500 
58 3998006 
59 3997585 
60 3997543 
61 3997322 
62 3997231 
63 3997134 
64 3992376 
65 3979241 
66 3977862 
67 3977723 
68 3973953 
69 3973946 
70 3972887 
71 3972740 
72 3972476 
73 3966455 
74 3966364 
75 3966287 
76 3963181 
77 3963168 
78 3963154 
79 3962291 
80 3961598 
81 3961593 
82 3961541 
83 3961527 
84 3961489 
85 3961475 
86 3961435 
87 3959335 
88 3959180 
89 3959069 
90 3958978 
91 3958965 
92 3958550 
93 3954908 
94 3954226 
95 3954156 
96 3951951 
97 3951833 
98 3951791 
99 3951700 
100 3951595 
101 3951504 
102 3951238 
103 3951225 
104 3951182 
105 3951174 
106 3951140 
107 3951134 
108 3951064 
109 3951030 
110 3943046 
111 3943032 
112 3942544 
113 3942336 
114 3942323 
115 3942245 
116 3942238 
117 3942238 
118 3940002 
119 3939963 
120 3939697 
121 3939180 
122 3939005 
123 3938799 
124 3938747 
125 3938726 
126 3938726 
127 3936825 
128 3936812 
129 3936544 
130 3936544 
131 3936193 
132 3936193 
133 3933606 
134 3930928 
135 3929453 
136 3929327 
137 3929075 
138 3929047 
139 3926731 
140 3926718 
141 3926193 
142 3926129 
143 3925855 
144 3925783 
145 3925622 
146 3924483 
147 3924299 
148 3924265 
149 3924238 
150 3924152 
151 3924022 
152 3923707 
153 3921894 
154 3921656 
155 3920302 
156 3919730 
157 3914985 
158 3914932 
159 3914486 
160 3914467 
161 3914410 
162 3913526 
163 3913253 
164 3913168 
165 3907669 
166 3907669 
167 3907636 
168 3907515 
169 3907484 
170 3907435 
171 3906743 
172 3906210 
173 3906160 
174 3906154 
175 3904360 
176 3904035 
177 3904022 
178 3904001 
179 3903879 
180 3903858 
181 3903725 
182 3903719 
183 3903054 
184 3891653 
185 3891529 
186 3891262 
187 3891262 
188 3890638 
189 3890240 
190 3886600 
191 3880880 
192 3880474 
193 3880390 
194 3879083 
195 3878914 
196 3878886 
197 3878640 
198 3878617 
199 3878617 
200 3878578 
201 3878551 
202 3878537 
203 3878118 
204 3877167 
205 3877123 
206 3877123 
207 3875050 
208 3874685 
209 3874655 
210 3874501 
211 3874410 
212 3874396 
213 3874390 
214 3874363 
215 3874356 
216 3873876 
217 3871606 
218 3871592 
219 3870404 
220 3870404 
221 3870383 
222 3870202 
223 3870139 
224 3870083 
225 3868118 
226 3867789 
227 3866599 
228 3866585 
229 3866543 
230 3866481 
231 3866362 
232 3866362 
233 3866355 
234 3866355 
235 3866180 
236 3866159 
237 3865630 
238 3865581 
239 3865574 
240 3865446 
241 3865446 
242 3865425 
243 3865391 
244 3865219 
245 3863877 
246 3861744 
247 3860094 
248 3860073 
249 3860073 
250 3858643 
251 3857999 
252 3857978 
253 3856488 
254 3856442 
255 3855980 
256 3855898 
257 3855779 
258 3855513 
259 3855503 
260 3855223 
261 3854560 
262 3854525 
263 3854473 
264 3854445 
265 3854395 
266 3854338 
267 3854263 
268 3853366 
269 3853359 
270 3853337 
271 3853155 
272 3853015 
273 3852937 
274 3852909 
275 3852794 
276 3852507 
277 3852296 
278 3852268 
279 3852128 
280 3852128 
281 3847839 
282 3847839 
283 3847839 
284 3847839 
285 3847811 
286 3847787 
287 3847759 
288 3847746 
289 3847735 
290 3847448 
291 3847328 
292 3836421 
293 3835913 
294 3835913 
295 3835913 
296 3835352 
297 3835345 
298 3835345 
299 3835191 
300 3834792 
301 3834753 
302 3834558 
303 3834358 
304 3834339 
305 3834339 
306 3834095 
307 3834081 
308 3834081 
309 3834081 
310 3834049 
311 3833328 
312 3833328 
313 3832331 
314 3832239 
315 3832211 
316 3832204 
317 3832148 
318 3832044 
319 3831897 
320 3831743 
321 3831708 
322 3831669 
323 3831483 
324 3831483 
325 3830790 
326 3830707 
327 3830350 
328 3830350 
329 3830037 
330 3829751 
331 3829751 
332 3829702 
333 3829610 
334 3829554 
335 3829554 
336 3829554 
337 3829554 
338 3829554 
339 3829554 
340 3829554 
341 3829372 
342 3829372 
343 3829372 
344 3829190 
345 3829183 
346 3829183 
347 3829120 
348 3829120 
349 3829120 
350 3829120 
351 3829120 
352 3829120 
353 3829100 
354 3829100 
355 3828988 
356 3828932 
357 3828932 
358 3828718 
359 3828718 
360 3828670 
361 3828670 
362 3828670 
363 3828670 
364 3828670 
365 3828670 
366 3828670 
367 3828670 
368 3828670 
369 3828670 
370 3828670 
371 3828670 
372 3828670 
373 3828670 
374 3828670 
375 3828670 
376 3828670 
377 3828670 
378 3828605 
379 3828605 
380 3828605 
381 3828605 
382 3828605 
383 3828590 
384 3828590 
385 3828590 
386 3828590 
387 3828590 
388 3828465 
389 3828465 
390 3828465 
391 3828465 
392 3828465 
393 3828465 
394 3828465 
395 3828465 
396 3828465 
397 3828465 
398 3828465 
399 3828465 
400 3828465 
401 3828465 
402 3828465 
403 3828465 
404 3828465 
405 3828465 
406 3828465 
407 3828465 
408 3828465 
409 3828465 
410 3828465 
411 3828465 
412 3828465 
413 3828465 
414 3828465 
415 3828465 
416 3828465 
417 3828465 
418 3828465 
419 3828465 
420 3828465 
421 3828465 
422 3828465 
423 3828465 
424 3828465 
425 3828465 
426 3828465 
427 3828465 
428 3828465 
429 3828465 
430 3828465 
431 3828465 
432 3828465 
433 3828465 
434 3828465 
435 3828465 
436 3828465 
437 3828465 
438 3828465 
439 3828465 
440 3828465 
441 3828465 
442 3828465 
443 3828465 
444 3828465 
445 3828465 
446 3828465 
447 3828465 
448 3828465 
449 3828465 
450 3828465 
451 3828465 
452 3828465 
453 3828465 
454 3828465 
455 3828465 
456 3828465 
457 3828465 
458 3828465 
459 3828465 
460 3828465 
461 3828465 
462 3828465 
463 3828465 
464 3828465 
465 3828465 
466 3828465 
467 3828465 
468 3828465 
469 3828465 
470 3828465 
471 3828465 
472 3828465 
473 3828465 
474 3828465 
475 3828465 
476 3828465 
477 3828465 
478 3828465 
479 3828465 
480 3828465 
481 3828465 
482 3828465 
483 3828465 
484 3828465 
485 3828465 
486 3828465 
487 3828465 
488 3828465 
489 3828465 
490 3828465 
491 3828465 
492 3828465 
493 3828465 
494 3828465 
495 3828465 
496 3828465 
497 3828465 
498 3828465 
499 3828465 
500 3828465 
501 3828465 
502 3828465 
503 3828465 
504 3828465 
505 3828465 
506 3828465 
507 3828465 
508 3828465 
509 3828465 
510 3828465 
511 3828465 
512 3828465 
513 3828465 
514 3828465 
515 3828465 
516 3828465 
517 3828465 
518 3828465 
519 3828465 
520 3828465 
521 3828465 
522 3828465 
523 3828465 
524 3828465 
525 3828465 
526 3828465 
527 3828465 
528 3828465 
529 3828465 
530 3828465 
531 3828465 
532 3828465 
533 3828465 
534 3828465 
535 3828465 
536 3828465 
537 3828465 
538 3828465 
539 3828465 
540 3828465 
541 3828465 
542 3828465 
543 3828465 
544 3828465 
545 3828465 
546 3828465 
547 3828465 
548 3828465 
549 3828465 
550 3828465 
551 3828465 
552 3828465 
553 3828465 
554 3828465 
555 3828465 
556 3828465 
557 3828465 
558 3828465 
559 3828465 
560 3828465 
561 3828465 
562 3828465 
563 3828465 
564 3828465 
565 3828465 
566 3828465 
567 3828465 
568 3828465 
569 3828465 
570 3828465 
571 3828465 
572 3828465 
573 3828465 
574 3828465 
575 3828465 
576 3828465 
577 3828465 
578 3828465 
579 3828465 
580 3828465 
581 3828465 
582 3828465 
583 3828465 
584 3828465 
585 3828465 
586 3828465 
587 3828465 
588 3828465 
589 3828465 
590 3828465 
591 3828465 
592 3828465 
593 3828465 
594 3828465 
595 3828465 
596 3828465 
597 3828465 
598 3828465 
599 3828465 
600 3828465 
601 3828465 
602 3828465 
603 3828465 
604 3828465 
605 3828465 
606 3828465 
607 3828465 
608 3828465 
609 3828465 
610 3828465 
611 3828465 
612 3828465 
613 3828465 
614 3828465 
615 3828465 
616 3828465 
617 3828465 
618 3828465 
619 3828465 
620 3828465 
621 3828465 
622 3828465 
623 3828465 
624 3828465 
625 3828465 
626 3828465 
627 3828465 
628 3828465 
629 3828465 
630 3828465 
631 3828465 
632 3828465 
633 3828465 
634 3828465 
635 3828465 
636 3828465 
637 3828465 
638 3828465 
639 3828465 
640 3828465 
641 3828465 
642 3828465 
643 3828465 
644 3828465 
645 3828465 
646 3828465 
647 3828465 
648 3828465 
649 3828465 
650 3828465 
651 3828465 
652 3828465 
653 3828465 
654 3828465 
655 3828465 
656 3828465 
657 3828465 
658 3828465 
659 3828465 
660 3828465 
661 3828465 
662 3828465 
663 3828465 
664 3828465 
665 3828465 
666 3828465 
667 3828465 
668 3828465 
669 3828465 
670 3828465 
671 3828465 
672 3828465 
673 3828465 
674 3828465 
675 3828465 
676 3828465 
677 3828465 
678 3828465 
679 3828465 
680 3828465 
681 3828465 
682 3828465 
683 3828465 
684 3828465 
685 3828465 
686 3828465 
687 3828465 
688 3828465 
689 3828465 
690 3828465 
691 3828465 
692 3828465 
693 3828465 
694 3828465 
695 3828465 
696 3828465 
697 3828465 
698 3828465 
699 3828465 
700 3828465 
701 3828465 
702 3828465 
703 3828465 
704 3828465 
705 3828465 
706 3828465 
707 3828465 
708 3828465 
709 3828465 
710 3828465 
711 3828465 
712 3828465 
713 3828465 
714 3828465 
715 3828465 
716 3828465 
717 3828465 
718 3828465 
719 3828465 
720 3828465 
721 3828465 
722 3828465 
723 3828465 
724 3828465 
725 3828465 
726 3828465 
727 3828465 
728 3828465 
729 3828465 
730 3828465 
731 3828465 
732 3828465 
733 3828465 
734 3828465 
735 3828465 
736 3828465 
737 3828465 
738 3828465 
739 3828465 
740 3828465 
741 3828465 
742 3828465 
743 3828465 
744 3828465 
745 3828465 
746 3828465 
747 3828465 
748 3828465 
749 3828465 
750 3828465 
751 3828465 
752 3828465 
753 3828465 
754 3828465 
755 3828465 
756 3828465 
757 3828465 
758 3828465 
759 3828465 
760 3828465 
761 3828465 
762 3828465 
763 3828465 
764 3828465 
765 3828465 
766 3828465 
767 3828465 
768 3828465 
769 3828465 
770 3828465 
771 3828465 
772 3828465 
773 3828465 
774 3828465 
775 3828465 
776 3828465 
777 3828465 
778 3828465 
779 3828465 
780 3828465 
781 3828465 
782 3828465 
783 3828465 
784 3828465 
785 3828465 
786 3828465 
787 3828465 
788 3828465 
789 3828465 
790 3828465 
791 3828465 
792 3828465 
793 3828465 
794 3828465 
795 3828465 
796 3828465 
797 3828465 
798 3828465 
799 3828465 
800 3828465 
801 3828465 
802 3828465 
803 3828465 
804 3828465 
805 3828465 
806 3828465 
807 3828465 
808 3828465 
809 3828465 
810 3828465 
811 3828465 
812 3828465 
813 3828465 
814 3828465 
815 3828465 
816 3828465 
817 3828465 
818 3828465 
819 3828465 
820 3828465 
821 3828465 
822 3828465 
823 3828465 
824 3828465 
825 3828465 
826 3828465 
827 3828465 
828 3828465 
829 3828465 
830 3828465 
831 3828465 
832 3828465 
833 3828465 
834 3828465 
835 3828465 
836 3828465 
837 3828465 
838 3828465 
839 3828465 
840 3828465 
841 3828465 
842 3828465 
843 3828465 
844 3828465 
845 3828465 
846 3828465 
847 3828465 
848 3828465 
849 3828465 
850 3828465 
851 3828465 
852 3828465 
853 3828465 
854 3828465 
855 3828465 
856 3828465 
857 3828465 
858 3828465 
859 3828465 
860 3828465 
861 3828465 
862 3828465 
863 3828465 
864 3828465 
865 3828465 
866 3828465 
867 3828465 
868 3828465 
869 3828465 
870 3828465 
871 3828465 
872 3828465 
873 3828465 
874 3828465 
875 3828465 
876 3828465 
877 3828465 
878 3828465 
879 3828465 
880 3828465 
881 3828465 
882 3828465 
883 3828465 
884 3828465 
885 3828465 
886 3828465 
887 3828465 
888 3828465 
889 3828465 
890 3828465 
891 3828465 
892 3828465 
893 3828465 
894 3828465 
895 3828465 
896 3828465 
897 3828465 
898 3828465 
899 3828465 
900 3828465 
901 3828465 
902 3828465 
903 3828465 
904 3828465 
905 3828465 
906 3828465 
907 3828465 
908 3828465 
909 3828465 
910 3828465 
911 3828465 
912 3828465 
913 3828465 
914 3828465 
915 3828465 
916 3828465 
917 3828465 
918 3828465 
919 3828465 
920 3828465 
921 3828465 
922 3828465 
923 3828465 
924 3828465 
925 3828465 
926 3828465 
927 3828465 
928 3828465 
929 3828465 
930 3828465 
931 3828465 
932 3828465 
933 3828465 
934 3828465 
935 3828465 
936 3828465 
937 3828465 
938 3828465 
939 3828465 
940 3828465 
941 3828465 
942 3828465 
943 3828465 
944 3828465 
945 3828465 
946 3828465 
947 3828465 
948 3828465 
949 3828465 
950 3828465 
951 3828465 
952 3828465 
953 3828465 
954 3828465 
955 3828465 
956 3828465 
957 3828465 
958 3828465 
959 3828465 
960 3828465 
961 3828465 
962 3828465 
963 3828465 
964 3828465 
965 3828465 
966 3828465 
967 3828465 
968 3828465 
969 3828465 
970 3828465 
971 3828465 
972 3828465 
973 3828465 
974 3828465 
975 3828465 
976 3828465 
977 3828465 
978 3828465 
979 3828465 
980 3828465 
981 3828465 
982 3828465 
983 3828465 
984 3828465 
985 3828465 
986 3828465 
987 3828465 
988 3828465 
989 3828465 
990 3828465 
991 3828465 
992 3828465 
993 3828465 
994 3828465 
995 3828465 
996 3828465 
997 3828465 
998 3828465 
999 3828465 
1000 3828465 
1001 3828465 
1002 3828465 
1003 3828465 
1004 3828465 
1005 3828465 
1006 3828465 
1007 3828465 
1008 3828465 
1009 3828465 
1010 3828465 
1011 3828465 
1012 3828465 
1013 3828465 
1014 3828465 
1015 3828465 
1016 3828465 
1017 3828465 
1018 3828465 
1019 3828465 
1020 3828465 
1021 3828465 
1022 3828465 
1023 3828465 
1024 3828465 
1025 3828465 
1026 3828465 
1027 3828465 
1028 3828465 
1029 3828465 
1030 3828465 
1031 3828465 
1032 3828465 
1033 3828465 
1034 3828465 
1035 3828465 
1036 3828465 
1037 3828465 
1038 3828465 
1039 3828465 
1040 3828465 
1041 3828465 
1042 3828465 
1043 3828465 
1044 3828465 
1045 3828465 
1046 3828465 
1047 3828465 
1048 3828465 
1049 3828465 
1050 3828465 
1051 3828465 
1052 3828465 
1053 3828465 
1054 3828465 
1055 3828465 
1056 3828465 
1057 3828465 
1058 3828465 
1059 3828465 
1060 3828465 
1061 3828465 
1062 3828465 
1063 3828465 
1064 3828465 
1065 3828465 
1066 3828465 
1067 3828465 
1068 3828465 
1069 3828465 
1070 3828465 
1071 3828465 
1072 3828465 
1073 3828465 
1074 3828465 
1075 3828465 
1076 3828465 
1077 3828465 
1078 3828465 
1079 3828465 
1080 3828465 
1081 3828465 
1082 3828465 
1083 3828465 
1084 3828465 
1085 3828465 
1086 3828465 
1087 3828465 
1088 3828465 
1089 3828465 
1090 3828465 
1091 3828465 
1092 3828465 
1093 3828465 
1094 3828465 
1095 3828465 
1096 3828465 
1097 3828465 
1098 3828465 
1099 3828465 
1100 3828465 
1101 3828465 
1102 3828465 
1103 3828465 
1104 3828465 
1105 3828465 
1106 3828465 
1107 3828465 
1108 3828465 
1109 3828465 
1110 3828465 
1111 3828465 
1112 3828465 
1113 3828465 
1114 3828465 
1115 3828465 
1116 3828465 
1117 3828465 
1118 3828465 
1119 3828465 
1120 3828465 
1121 3828465 
1122 3828465 
1123 3828465 
1124 3828465 
1125 3828465 
1126 3828465 
1127 3828465 
1128 3828465 
1129 3828465 
1130 3828465 
1131 3828465 
1132 3828465 
1133 3828465 
1134 3828465 
1135 3828465 
1136 3828465 
1137 3828465 
1138 3828465 
1139 3828465 
1140 3828465 
1141 3828465 
1142 3828465 
1143 3828465 
1144 3828465 
1145 3828465 
1146 3828465 
1147 3828465 
1148 3828465 
1149 3828465 
1150 3828465 
1151 3828465 
1152 3828465 
1153 3828465 
1154 3828465 
1155 3828465 
1156 3828465 
1157 3828465 
1158 3828465 
1159 3828465 
1160 3828465 
1161 3828465 
1162 3828465 
1163 3828465 
1164 3828465 
1165 3828465 
1166 3828465 
1167 3828465 
1168 3828465 
1169 3828465 
1170 3828465 
1171 3828465 
1172 3828465 
1173 3828465 
1174 3828465 
1175 3828465 
1176 3828465 
1177 3828465 
1178 3828465 
1179 3828465 
1180 3828465 
1181 3828465 
1182 3828465 
1183 3828465 
1184 3828465 
1185 3828465 
1186 3828465 
1187 3828465 
1188 3828465 
1189 3828465 
1190 3828465 
1191 3828465 
1192 3828465 
1193 3828465 
1194 3828465 
1195 3828465 
1196 3828465 
1197 3828465 
1198 3828465 
1199 3828465 
1200 3828465 
1201 3828465 
1202 3828465 
1203 3828465 
1204 3828465 
1205 3828465 
1206 3828465 
1207 3828465 
1208 3828465 
1209 3828465 
1210 3828465 
1211 3828465 
1212 3828465 
1213 3828465 
1214 3828465 
1215 3828465 
1216 3828465 
1217 3828465 
1218 3828465 
1219 3828465 
1220 3828465 
1221 3828465 
1222 3828465 
1223 3828465 
1224 3828465 
1225 3828465 
1226 3828465 
1227 3828465 
1228 3828465 
1229 3828465 
1230 3828465 
1231 3828465 
1232 3828465 
1233 3828465 
1234 3828465 
1235 3828465 
1236 3828465 
1237 3828465 
1238 3828465 
1239 3828465 
1240 3828465 
1241 3828465 
1242 3828465 
1243 3828465 
1244 3828465 
1245 3828465 
1246 3828465 
1247 3828465 
1248 3828465 
1249 3828465 
1250 3828465 
1251 3828465 
1252 3828465 
1253 3828465 
1254 3828465 
1255 3828465 
1256 3828465 
1257 3828465 
1258 3828465 
1259 3828465 
1260 3828465 
1261 3828465 
1262 3828465 
1263 3828465 
1264 3828465 
1265 3828465 
1266 3828465 
1267 3828465 
1268 3828465 
1269 3828465 
1270 3828465 
1271 3828465 
1272 3828465 
1273 3828465 
1274 3828465 
1275 3828465 
1276 3828465 
1277 3828465 
1278 3828465 
1279 3828465 
1280 3828465 
1281 3828465 
1282 3828465 
1283 3828465 
1284 3828465 
1285 3828465 
1286 3828465 
1287 3828465 
1288 3828465 
1289 3828465 
1290 3828465 
1291 3828465 
1292 3828465 
1293 3828465 
1294 3828465 
1295 3828465 
1296 3828465 
1297 3828465 
1298 3828465 
1299 3828465 
1300 3828465 
1301 3828465 
1302 3828465 
1303 3828465 
1304 3828465 
1305 3828465 
1306 3828465 
1307 3828465 
1308 3828465 
1309 3828465 
1310 3828465 
1311 3828465 
1312 3828465 
1313 3828465 
1314 3828465 
1315 3828465 
1316 3828465 
1317 3828465 
1318 3828465 
1319 3828465 
1320 3828465 
1321 3828465 
1322 3828465 
1323 3828465 
1324 3828465 
1325 3828465 
1326 3828465 
1327 3828465 
1328 3828465 
1329 3828465 
1330 3828465 
1331 3828465 
1332 3828465 
1333 3828465 
1334 3828465 
1335 3828465 
1336 3828465 
1337 3828465 
1338 3828465 
1339 3828465 
1340 3828465 
1341 3828465 
1342 3828465 
1343 3828465 
1344 3828465 
1345 3828465 
1346 3828465 
1347 3828465 
1348 3828465 
1349 3828465 
1350 3828465 
1351 3828465 
1352 3828465 
1353 3828465 
1354 3828465 
1355 3828465 
1356 3828465 
1357 3828465 
1358 3828465 
1359 3828465 
1360 3828465 
1361 3828465 
1362 3828465 
1363 3828465 
1364 3828465 
1365 3828465 
1366 3828465 
1367 3828465 
1368 3828465 
1369 3828465 
1370 3828465 
1371 3828465 
1372 3828465 
1373 3828465 
1374 3828465 
1375 3828465 
1376 3828465 
1377 3828465 
1378 3828465 
1379 3828465 
1380 3828465 
1381 3828465 
1382 3828465 
1383 3828465 
1384 3828465 
1385 3828465 
1386 3828465 
1387 3828465 
1388 3828465 
1389 3828465 
1390 3828465 
1391 3828465 
1392 3828465 
1393 3828465 
1394 3828465 
1395 3828465 
1396 3828465 
1397 3828465 
1398 3828465 
1399 3828465 
1400 3828465 
1401 3828465 
1402 3828465 
1403 3828465 
1404 3828465 
1405 3828465 
1406 3828465 
1407 3828465 
1408 3828465 
1409 3828465 
1410 3828465 
1411 3828465 
1412 3828465 
1413 3828465 
1414 3828465 
1415 3828465 
1416 3828465 
1417 3828465 
1418 3828465 
1419 3828465 
1420 3828465 
1421 3828465 
1422 3828465 
1423 3828465 
1424 3828465 
1425 3828465 
1426 3828465 
1427 3828465 
1428 3828465 
1429 3828465 
1430 3828465 
1431 3828465 
1432 3828465 
1433 3828465 
1434 3828465 
1435 3828465 
1436 3828465 
1437 3828465 
1438 3828465 
1439 3828465 
1440 3828465 
1441 3828465 
1442 3828465 
1443 3828465 
1444 3828465 
1445 3828465 
1446 3828465 
1447 3828465 
1448 3828465 
1449 3828465 
1450 3828465 
1451 3828465 
1452 3828465 
1453 3828465 
1454 3828465 
1455 3828465 
1456 3828465 
1457 3828465 
1458 3828465 
1459 3828465 
1460 3828465 
1461 3828465 
1462 3828465 
1463 3828465 
1464 3828465 
1465 3828465 
1466 3828465 
1467 3828465 
1468 3828465 
1469 3828465 
1470 3828465 
1471 3828465 
1472 3828465 
1473 3828465 
1474 3828465 
1475 3828465 
1476 3828465 
1477 3828465 
1478 3828465 
1479 3828465 
1480 3828465 
1481 3828465 
1482 3828465 
1483 3828465 
1484 3828465 
1485 3828465 
1486 3828465 
1487 3828465 
1488 3828465 
1489 3828465 
1490 3828465 
1491 3828465 
1492 3828465 
1493 3828465 
1494 3828465 
1495 3828465 
1496 3828465 
1497 3828465 
1498 3828465 
1499 3828465 
1500 3828465 
1501 3828465 
1502 3828465 
1503 3828465 
1504 3828465 
1505 3828465 
1506 3828465 
1507 3828465 
1508 3828465 
1509 3828465 
1510 3828465 
1511 3828465 
1512 3828465 
1513 3828465 
1514 3828465 
1515 3828465 
1516 3828465 
1517 3828465 
1518 3828465 
1519 3828465 
1520 3828465 
1521 3828465 
1522 3828465 
1523 3828465 
1524 3828465 
1525 3828465 
1526 3828465 
1527 3828465 
1528 3828465 
1529 3828465 
1530 3828465 
1531 3828465 
1532 3828465 
1533 3828465 
1534 3828465 
1535 3828465 
1536 3828465 
1537 3828465 
1538 3828465 
1539 3828465 
1540 3828465 
1541 3828465 
1542 3828465 
1543 3828465 
1544 3828465 
1545 3828465 
1546 3828465 
1547 3828465 
1548 3828465 
1549 3828465 
1550 3828465 
1551 3828465 
1552 3828465 
1553 3828465 
1554 3828465 
1555 3828465 
1556 3828465 
1557 3828465 
1558 3828465 
1559 3828465 
1560 3828465 
1561 3828465 
1562 3828465 
1563 3828465 
1564 3828465 
1565 3828465 
1566 3828465 
1567 3828465 
1568 3828465 
1569 3828465 
1570 3828465 
1571 3828465 
1572 3828465 
1573 3828465 
1574 3828465 
1575 3828465 
1576 3828465 
1577 3828465 
1578 3828465 
1579 3828465 
1580 3828465 
1581 3828465 
1582 3828465 
1583 3828465 
1584 3828465 
1585 3828465 
1586 3828465 
1587 3828465 
1588 3828465 
1589 3828465 
1590 3828465 
1591 3828465 
1592 3828465 
1593 3828465 
1594 3828465 
1595 3828465 
1596 3828465 
1597 3828465 
1598 3828465 
1599 3828465 
1600 3828465 
1601 3828465 
1602 3828465 
1603 3828465 
1604 3828465 
1605 3828465 
1606 3828465 
1607 3828465 
1608 3828465 
1609 3828465 
1610 3828465 
1611 3828465 
1612 3828465 
1613 3828465 
1614 3828465 
1615 3828465 
1616 3828465 
1617 3828465 
1618 3828465 
1619 3828465 
1620 3828465 
1621 3828465 
1622 3828465 
1623 3828465 
1624 3828465 
1625 3828465 
1626 3828465 
1627 3828465 
1628 3828465 
1629 3828465 
1630 3828465 
1631 3828465 
1632 3828465 
1633 3828465 
1634 3828465 
1635 3828465 
1636 3828465 
1637 3828465 
1638 3828465 
1639 3828465 
1640 3828465 
1641 3828465 
1642 3828465 
1643 3828465 
1644 3828465 
1645 3828465 
1646 3828465 
1647 3828465 
1648 3828465 
1649 3828465 
1650 3828465 
1651 3828465 
1652 3828465 
1653 3828465 
1654 3828465 
1655 3828465 
1656 3828465 
1657 3828465 
1658 3828465 
1659 3828465 
1660 3828465 
1661 3828465 
1662 3828465 
1663 3828465 
1664 3828465 
1665 3828465 
1666 3828465 
1667 3828465 
1668 3828465 
1669 3828465 
1670 3828465 
1671 3828465 
1672 3828465 
1673 3828465 
1674 3828465 
1675 3828465 
1676 3828465 
1677 3828465 
1678 3828465 
1679 3828465 
1680 3828465 
1681 3828465 
1682 3828465 
1683 3828465 
1684 3828465 
1685 3828465 
1686 3828465 
1687 3828465 
1688 3828465 
1689 3828465 
1690 3828465 
1691 3828465 
1692 3828465 
1693 3828465 
1694 3828465 
1695 3828465 
1696 3828465 
1697 3828465 
1698 3828465 
1699 3828465 
1700 3828465 
1701 3828465 
1702 3828465 
1703 3828465 
1704 3828465 
1705 3828465 
1706 3828465 
1707 3828465 
1708 3828465 
1709 3828465 
1710 3828465 
1711 3828465 
1712 3828465 
1713 3828465 
1714 3828465 
1715 3828465 
1716 3828465 
1717 3828465 
1718 3828465 
1719 3828465 
1720 3828465 
1721 3828465 
1722 3828465 
1723 3828465 
1724 3828465 
1725 3828465 
1726 3828465 
1727 3828465 
1728 3828465 
1729 3828465 
1730 3828465 
1731 3828465 
1732 3828465 
1733 3828465 
1734 3828465 
1735 3828465 
1736 3828465 
1737 3828465 
1738 3828465 
1739 3828465 
1740 3828465 
1741 3828465 
1742 3828465 
1743 3828465 
1744 3828465 
1745 3828465 
1746 3828465 
1747 3828465 
1748 3828465 
1749 3828465 
1750 3828465 
1751 3828465 
1752 3828465 
1753 3828465 
1754 3828465 
1755 3828465 
1756 3828465 
1757 3828465 
1758 3828465 
1759 3828465 
1760 3828465 
1761 3828465 
1762 3828465 
1763 3828465 
1764 3828465 
1765 3828465 
1766 3828465 
1767 3828465 
1768 3828465 
1769 3828465 
1770 3828465 
1771 3828465 
1772 3828465 
1773 3828465 
1774 3828465 
1775 3828465 
1776 3828465 
1777 3828465 
1778 3828465 
1779 3828465 
1780 3828465 
1781 3828465 
1782 3828465 
1783 3828465 
1784 3828465 
1785 3828465 
1786 3828465 
1787 3828465 
1788 3828465 
1789 3828465 
1790 3828465 
1791 3828465 
1792 3828465 
1793 3828465 
1794 3828465 
1795 3828465 
1796 3828465 
1797 3828465 
1798 3828465 
1799 3828465 
1800 3828465 
1801 3828465 
1802 3828465 
1803 3828465 
1804 3828465 
1805 3828465 
1806 3828465 
1807 3828465 
1808 3828465 
1809 3828465 
1810 3828465 
1811 3828465 
1812 3828465 
1813 3828465 
1814 3828465 
1815 3828465 
1816 3828465 
1817 3828465 
1818 3828465 
1819 3828465 
1820 3828465 
1821 3828465 
1822 3828465 
1823 3828465 
1824 3828465 
1825 3828465 
1826 3828465 
1827 3828465 
1828 3828465 
1829 3828465 
1830 3828465 
1831 3828465 
1832 3828465 
1833 3828465 
1834 3828465 
1835 3828465 
1836 3828465 
1837 3828465 
1838 3828465 
1839 3828465 
1840 3828465 
1841 3828465 
1842 3828465 
1843 3828465 
1844 3828465 
1845 3828465 
1846 3828465 
1847 3828465 
1848 3828465 
1849 3828465 
1850 3828465 
1851 3828465 
1852 3828465 
1853 3828465 
1854 3828465 
1855 3828465 
1856 3828465 
1857 3828465 
1858 3828465 
1859 3828465 
1860 3828465 
1861 3828465 
1862 3828465 
1863 3828465 
1864 3828465 
1865 3828465 
1866 3828465 
1867 3828465 
1868 3828465 
1869 3828465 
1870 3828465 
1871 3828465 
1872 3828465 
1873 3828465 
1874 3828465 
1875 3828465 
1876 3828465 
1877 3828465 
1878 3828465 
1879 3828465 
1880 3828465 
1881 3828465 
1882 3828465 
1883 3828465 
1884 3828465 
1885 3828465 
1886 3828465 
1887 3828465 
1888 3828465 
1889 3828465 
1890 3828465 
1891 3828465 
1892 3828465 
1893 3828465 
1894 3828465 
1895 3828465 
1896 3828465 
1897 3828465 
1898 3828465 
1899 3828465 
1900 3828465 
1901 3828465 
1902 3828465 
1903 3828465 
1904 3828465 
1905 3828465 
1906 3828465 
1907 3828465 
1908 3828465 
1909 3828465 
1910 3828465 
1911 3828465 
1912 3828465 
1913 3828465 
1914 3828465 
1915 3828465 
1916 3828465 
1917 3828465 
1918 3828465 
1919 3828465 
1920 3828465 
1921 3828465 
1922 3828465 
1923 3828465 
1924 3828465 
1925 3828465 
1926 3828465 
1927 3828465 
1928 3828465 
1929 3828465 
1930 3828465 
1931 3828465 
1932 3828465 
1933 3828465 
1934 3828465 
1935 3828465 
1936 3828465 
1937 3828465 
1938 3828465 
1939 3828465 
1940 3828465 
1941 3828465 
1942 3828465 
1943 3828465 
1944 3828465 
1945 3828465 
1946 3828465 
1947 3828465 
1948 3828465 
1949 3828465 
1950 3828465 
1951 3828465 
1952 3828465 
1953 3828465 
1954 3828465 
1955 3828465 
1956 3828465 
1957 3828465 
1958 3828465 
1959 3828465 
1960 3828465 
1961 3828465 
1962 3828465 
1963 3828465 
1964 3828465 
1965 3828465 
1966 3828465 
1967 3828465 
1968 3828465 
1969 3828465 
1970 3828465 
1971 3828465 
1972 3828465 
1973 3828465 
1974 3828465 
1975 3828465 
1976 3828465 
1977 3828465 
1978 3828465 
1979 3828465 
1980 3828465 
1981 3828465 
1982 3828465 
1983 3828465 
1984 3828465 
1985 3828465 
1986 3828465 
1987 3828465 
1988 3828465 
1989 3828465 
1990 3828465 
1991 3828465 
1992 3828465 
1993 3828465 
1994 3828465 
1995 3828465 
1996 3828465 
1997 3828465 
1998 3828465 
1999 3828465 
2000 3828465 
2001 3828465 
2002 3828465 
2003 3828465 
2004 3828465 
2005 3828465 
2006 3828465 
2007 3828465 
2008 3828465 
2009 3828465 
2010 3828465 
2011 3828465 
2012 3828465 
2013 3828465 
2014 3828465 
2015 3828465 
2016 3828465 
2017 3828465 
2018 3828465 
2019 3828465 
2020 3828465 
2021 3828465 
2022 3828465 
2023 3828465 
2024 3828465 
2025 3828465 
2026 3828465 
2027 3828465 
2028 3828465 
2029 3828465 
2030 3828465 
2031 3828465 
2032 3828465 
2033 3828465 
2034 3828465 
2035 3828465 
2036 3828465 
2037 3828465 
2038 3828465 
2039 3828465 
2040 3828465 
2041 3828465 
2042 3828465 
2043 3828465 
2044 3828465 
2045 3828465 
2046 3828465 
2047 3828465 
2048 3828465 
2049 3828465 
2050 3828465 
2051 3828465 
2052 3828465 
2053 3828465 
2054 3828465 
2055 3828465 
2056 3828465 
2057 3828465 
2058 3828465 
2059 3828465 
2060 3828465 
2061 3828465 
2062 3828465 
2063 3828465 
2064 3828465 
2065 3828465 
2066 3828465 
2067 3828465 
2068 3828465 
2069 3828465 
2070 3828465 
2071 3828465 
2072 3828465 
2073 3828465 
2074 3828465 
2075 3828465 
2076 3828465 
2077 3828465 
2078 3828465 
2079 3828465 
2080 3828465 
2081 3828465 
2082 3828465 
2083 3828465 
2084 3828465 
2085 3828465 
2086 3828465 
2087 3828465 
2088 3828465 
2089 3828465 
2090 3828465 
2091 3828465 
2092 3828465 
2093 3828465 
2094 3828465 
2095 3828465 
2096 3828465 
2097 3828465 
2098 3828465 
2099 3828465 
2100 3828465 
2101 3828465 
2102 3828465 
2103 3828465 
2104 3828465 
2105 3828465 
2106 3828465 
2107 3828465 
2108 3828465 
2109 3828465 
2110 3828465 
2111 3828465 
2112 3828465 
2113 3828465 
2114 3828465 
2115 3828465 
2116 3828465 
2117 3828465 
2118 3828465 
2119 3828465 
2120 3828465 
2121 3828465 
2122 3828465 
2123 3828465 
2124 3828465 
2125 3828465 
2126 3828465 
2127 3828465 
2128 3828465 
2129 3828465 
2130 3828465 
2131 3828465 
2132 3828465 
2133 3828465 
2134 3828465 
2135 3828465 
2136 3828465 
2137 3828465 
2138 3828465 
2139 3828465 
2140 3828465 
2141 3828465 
2142 3828465 
2143 3828465 
2144 3828465 
2145 3828465 
2146 3828465 
2147 3828465 
2148 3828465 
2149 3828465 
2150 3828465 
2151 3828465 
2152 3828465 
2153 3828465 
2154 3828465 
2155 3828465 
2156 3828465 
2157 3828465 
2158 3828465 
2159 3828465 
2160 3828465 
2161 3828465 
2162 3828465 
2163 3828465 
2164 3828465 
2165 3828465 
2166 3828465 
2167 3828465 
2168 3828465 
2169 3828465 
2170 3828465 
2171 3828465 
2172 3828465 
2173 3828465 
2174 3828465 
2175 3828465 
2176 3828465 
2177 3828465 
2178 3828465 
2179 3828465 
2180 3828465 
2181 3828465 
2182 3828465 
2183 3828465 
2184 3828465 
2185 3828465 
2186 3828465 
2187 3828465 
2188 3828465 
2189 3828465 
2190 3828465 
2191 3828465 
2192 3828465 
2193 3828465 
2194 3828465 
2195 3828465 
2196 3828465 
2197 3828465 
2198 3828465 
2199 3828465 
2200 3828465 
2201 3828465 
2202 3828465 
2203 3828465 
2204 3828465 
2205 3828465 
2206 3828465 
2207 3828465 
2208 3828465 
2209 3828465 
2210 3828465 
2211 3828465 
2212 3828465 
2213 3828465 
2214 3828465 
2215 3828465 
2216 3828465 
2217 3828465 
2218 3828465 
2219 3828465 
2220 3828465 
2221 3828465 
2222 3828465 
2223 3828465 
2224 3828465 
2225 3828465 
2226 3828465 
2227 3828465 
2228 3828465 
2229 3828465 
2230 3828465 
2231 3828465 
2232 3828465 
2233 3828465 
2234 3828465 
2235 3828465 
2236 3828465 
2237 3828465 
2238 3828465 
2239 3828465 
2240 3828465 
2241 3828465 
2242 3828465 
2243 3828465 
2244 3828465 
2245 3828465 
2246 3828465 
2247 3828465 
2248 3828465 
2249 3828465 
2250 3828465 
2251 3828465 
2252 3828465 
2253 3828465 
2254 3828465 
2255 3828465 
2256 3828465 
2257 3828465 
2258 3828465 
2259 3828465 
2260 3828465 
2261 3828465 
2262 3828465 
2263 3828465 
2264 3828465 
2265 3828465 
2266 3828465 
2267 3828465 
2268 3828465 
2269 3828465 
2270 3828465 
2271 3828465 
2272 3828465 
2273 3828465 
2274 3828465 
2275 3828465 
2276 3828465 
2277 3828465 
2278 3828465 
2279 3828465 
2280 3828465 
2281 3828465 
2282 3828465 
2283 3828465 
2284 3828465 
2285 3828465 
2286 3828465 
2287 3828465 
2288 3828465 
2289 3828465 
2290 3828465 
2291 3828465 
2292 3828465 
2293 3828465 
2294 3828465 
2295 3828465 
2296 3828465 
2297 3828465 
2298 3828465 
2299 3828465 
2300 3828465 
2301 3828465 
2302 3828465 
2303 3828465 
2304 3828465 
2305 3828465 
2306 3828465 
2307 3828465 
2308 3828465 
2309 3828465 
2310 3828465 
2311 3828465 
2312 3828465 
2313 3828465 
2314 3828465 
2315 3828465 
2316 3828465 
2317 3828465 
2318 3828465 
2319 3828465 
2320 3828465 
2321 3828465 
2322 3828465 
2323 3828465 
2324 3828465 
2325 3828465 
2326 3828465 
2327 3828465 
2328 3828465 
2329 3828465 
2330 3828465 
2331 3828465 
2332 3828465 
2333 3828465 
2334 3828465 
2335 3828465 
2336 3828465 
2337 3828465 
2338 3828465 
2339 3828465 
2340 3828465 
2341 3828465 
2342 3828465 
2343 3828465 
2344 3828465 
2345 3828465 
2346 3828465 
2347 3828465 
2348 3828465 
2349 3828465 
2350 3828465 
2351 3828465 
2352 3828465 
2353 3828465 
2354 3828465 
2355 3828465 
2356 3828465 
2357 3828465 
2358 3828465 
2359 3828465 
2360 3828465 
2361 3828465 
2362 3828465 
2363 3828465 
2364 3828465 
2365 3828465 
2366 3828465 
2367 3828465 
2368 3828465 
2369 3828465 
2370 3828465 
2371 3828465 
2372 3828465 
2373 3828465 
2374 3828465 
2375 3828465 
2376 3828465 
2377 3828465 
2378 3828465 
2379 3828465 
2380 3828465 
2381 3828465 
2382 3828465 
2383 3828465 
2384 3828465 
2385 3828465 
2386 3828465 
2387 3828465 
2388 3828465 
2389 3828465 
2390 3828465 
2391 3828465 
2392 3828465 
2393 3828465 
2394 3828465 
2395 3828465 
2396 3828465 
2397 3828465 
2398 3828465 
2399 3828465 
2400 3828465 
2401 3828465 
2402 3828465 
2403 3828465 
2404 3828465 
2405 3828465 
2406 3828465 
2407 3828465 
2408 3828465 
2409 3828465 
2410 3828465 
2411 3828465 
2412 3828465 
2413 3828465 
2414 3828465 
2415 3828465 
2416 3828465 
2417 3828465 
2418 3828465 
2419 3828465 
2420 3828465 
2421 3828465 
2422 3828465 
2423 3828465 
2424 3828465 
2425 3828465 
2426 3828465 
2427 3828465 
2428 3828465 
2429 3828465 
2430 3828465 
2431 3828465 
2432 3828465 
2433 3828465 
2434 3828465 
2435 3828465 
2436 3828465 
2437 3828465 
2438 3828465 
2439 3828465 
2440 3828465 
2441 3828465 
2442 3828465 
2443 3828465 
2444 3828465 
2445 3828465 
2446 3828465 
2447 3828465 
2448 3828465 
2449 3828465 
2450 3828465 
2451 3828465 
2452 3828465 
2453 3828465 
2454 3828465 
2455 3828465 
2456 3828465 
2457 3828465 
2458 3828465 
2459 3828465 
2460 3828465 
2461 3828465 
2462 3828465 
2463 3828465 
2464 3828465 
2465 3828465 
2466 3828465 
2467 3828465 
2468 3828465 
2469 3828465 
2470 3828465 
2471 3828465 
2472 3828465 
2473 3828465 
2474 3828465 
2475 3828465 
2476 3828465 
2477 3828465 
2478 3828465 
2479 3828465 
2480 3828465 
2481 3828465 
2482 3828465 
2483 3828465 
2484 3828465 
2485 3828465 
2486 3828465 
2487 3828465 
2488 3828465 
2489 3828465 
2490 3828465 
2491 3828465 
2492 3828465 
2493 3828465 
2494 3828465 
2495 3828465 
2496 3828465 
2497 3828465 
2498 3828465 
2499 3828465 
2500 3828465 
2501 3828465 
2502 3828465 
2503 3828465 
2504 3828465 
2505 3828465 
2506 3828465 
2507 3828465 
2508 3828465 
2509 3828465 
2510 3828465 
2511 3828465 
2512 3828465 
2513 3828465 
2514 3828465 
2515 3828465 
2516 3828465 
2517 3828465 
2518 3828465 
2519 3828465 
2520 3828465 
2521 3828465 
2522 3828465 
2523 3828465 
2524 3828465 
2525 3828465 
2526 3828465 
2527 3828465 
2528 3828465 
2529 3828465 
2530 3828465 
2531 3828465 
2532 3828465 
2533 3828465 
2534 3828465 
2535 3828465 
2536 3828465 
2537 3828465 
2538 3828465 
2539 3828465 
2540 3828465 
2541 3828465 
2542 3828465 
2543 3828465 
2544 3828465 
2545 3828465 
2546 3828465 
2547 3828465 
2548 3828465 
2549 3828465 
2550 3828465 
2551 3828465 
2552 3828465 
2553 3828465 
2554 3828465 
2555 3828465 
2556 3828465 
2557 3828465 
2558 3828465 
2559 3828465 
2560 3828465 
2561 3828465 
2562 3828465 
2563 3828465 
2564 3828465 
2565 3828465 
2566 3828465 
2567 3828465 
2568 3828465 
2569 3828465 
2570 3828465 
2571 3828465 
2572 3828465 
2573 3828465 
2574 3828465 
2575 3828465 
2576 3828465 
2577 3828465 
2578 3828465 
2579 3828465 
2580 3828465 
2581 3828465 
2582 3828465 
2583 3828465 
2584 3828465 
2585 3828465 
2586 3828465 
2587 3828465 
2588 3828465 
2589 3828465 
2590 3828465 
2591 3828465 
2592 3828465 
2593 3828465 
2594 3828465 
2595 3828465 
2596 3828465 
2597 3828465 
2598 3828465 
2599 3828465 
2600 3828465 
2601 3828465 
2602 3828465 
2603 3828465 
2604 3828465 
2605 3828465 
2606 3828465 
2607 3828465 
2608 3828465 
2609 3828465 
2610 3828465 
2611 3828465 
2612 3828465 
2613 3828465 
2614 3828465 
2615 3828465 
2616 3828465 
2617 3828465 
2618 3828465 
2619 3828465 
2620 3828465 
2621 3828465 
2622 3828465 
2623 3828465 
2624 3828465 
2625 3828465 
2626 3828465 
2627 3828465 
2628 3828465 
2629 3828465 
2630 3828465 
2631 3828465 
2632 3828465 
2633 3828465 
2634 3828465 
2635 3828465 
2636 3828465 
2637 3828465 
2638 3828465 
2639 3828465 
2640 3828465 
2641 3828465 
2642 3828465 
2643 3828465 
2644 3828465 
2645 3828465 
2646 3828465 
2647 3828465 
2648 3828465 
2649 3828465 
2650 3828465 
2651 3828465 
2652 3828465 
2653 3828465 
2654 3828465 
2655 3828465 
2656 3828465 
2657 3828465 
2658 3828465 
2659 3828465 
2660 3828465 
2661 3828465 
2662 3828465 
2663 3828465 
2664 3828465 
2665 3828465 
2666 3828465 
2667 3828465 
2668 3828465 
2669 3828465 
2670 3828465 
2671 3828465 
2672 3828465 
2673 3828465 
2674 3828465 
2675 3828465 
2676 3828465 
2677 3828465 
2678 3828465 
2679 3828465 
2680 3828465 
2681 3828465 
2682 3828465 
2683 3828465 
2684 3828465 
2685 3828465 
2686 3828465 
2687 3828465 
2688 3828465 
2689 3828465 
2690 3828465 
2691 3828465 
2692 3828465 
2693 3828465 
2694 3828465 
2695 3828465 
2696 3828465 
2697 3828465 
2698 3828465 
2699 3828465 
2700 3828465 
2701 3828465 
2702 3828465 
2703 3828465 
2704 3828465 
2705 3828465 
2706 3828465 
2707 3828465 
2708 3828465 
2709 3828465 
2710 3828465 
2711 3828465 
2712 3828465 
2713 3828465 
2714 3828465 
2715 3828465 
2716 3828465 
2717 3828465 
2718 3828465 
2719 3828465 
2720 3828465 
2721 3828465 
2722 3828465 
2723 3828465 
2724 3828465 
2725 3828465 
2726 3828465 
2727 3828465 
2728 3828465 
2729 3828465 
2730 3828465 
2731 3828465 
2732 3828465 
2733 3828465 
2734 3828465 
2735 3828465 
2736 3828465 
2737 3828465 
2738 3828465 
2739 3828465 
2740 3828465 
2741 3828465 
2742 3828465 
2743 3828465 
2744 3828465 
2745 3828465 
2746 3828465 
2747 3828465 
2748 3828465 
2749 3828465 
2750 3828465 
2751 3828465 
2752 3828465 
2753 3828465 
2754 3828465 
2755 3828465 
2756 3828465 
2757 3828465 
2758 3828465 
2759 3828465 
2760 3828465 
2761 3828465 
2762 3828465 
2763 3828465 
2764 3828465 
2765 3828465 
2766 3828465 
2767 3828465 
2768 3828465 
2769 3828465 
2770 3828465 
2771 3828465 
2772 3828465 
2773 3828465 
2774 3828465 
2775 3828465 
2776 3828465 
2777 3828465 
2778 3828465 
2779 3828465 
2780 3828465 
2781 3828465 
2782 3828465 
2783 3828465 
2784 3828465 
2785 3828465 
2786 3828465 
2787 3828465 
2788 3828465 
2789 3828465 
2790 3828465 
2791 3828465 
2792 3828465 
2793 3828465 
2794 3828465 
2795 3828465 
2796 3828465 
2797 3828465 
2798 3828465 
2799 3828465 
2800 3828465 
2801 3828465 
2802 3828465 
2803 3828465 
2804 3828465 
2805 3828465 
2806 3828465 
2807 3828465 
2808 3828465 
2809 3828465 
2810 3828465 
2811 3828465 
2812 3828465 
2813 3828465 
2814 3828465 
2815 3828465 
2816 3828465 
2817 3828465 
2818 3828465 
2819 3828465 
2820 3828465 
2821 3828465 
2822 3828465 
2823 3828465 
2824 3828465 
2825 3828465 
2826 3828465 
2827 3828465 
2828 3828465 
2829 3828465 
2830 3828465 
2831 3828465 
2832 3828465 
2833 3828465 
2834 3828465 
2835 3828465 
2836 3828465 
2837 3828465 
2838 3828465 
2839 3828465 
2840 3828465 
2841 3828465 
2842 3828465 
2843 3828465 
2844 3828465 
2845 3828465 
2846 3828465 
2847 3828465 
2848 3828465 
2849 3828465 
2850 3828465 
2851 3828465 
2852 3828465 
2853 3828465 
2854 3828465 
2855 3828465 
2856 3828465 
2857 3828465 
2858 3828465 
2859 3828465 
2860 3828465 
2861 3828465 
2862 3828465 
2863 3828465 
2864 3828465 
2865 3828465 
2866 3828465 
2867 3828465 
2868 3828465 
2869 3828465 
2870 3828465 
2871 3828465 
2872 3828465 
2873 3828465 
2874 3828465 
2875 3828465 
2876 3828465 
2877 3828465 
2878 3828465 
2879 3828465 
2880 3828465 
2881 3828465 
2882 3828465 
2883 3828465 
2884 3828465 
2885 3828465 
2886 3828465 
2887 3828465 
2888 3828465 
2889 3828465 
2890 3828465 
2891 3828465 
2892 3828465 
2893 3828465 
2894 3828465 
2895 3828465 
2896 3828465 
2897 3828465 
2898 3828465 
2899 3828465 
2900 3828465 
2901 3828465 
2902 3828465 
2903 3828465 
2904 3828465 
2905 3828465 
2906 3828465 
2907 3828465 
2908 3828465 
2909 3828465 
2910 3828465 
2911 3828465 
2912 3828465 
2913 3828465 
2914 3828465 
2915 3828465 
2916 3828465 
2917 3828465 
2918 3828465 
2919 3828465 
2920 3828465 
2921 3828465 
2922 3828465 
2923 3828465 
2924 3828465 
2925 3828465 
2926 3828465 
2927 3828465 
2928 3828465 
2929 3828465 
2930 3828465 
2931 3828465 
2932 3828465 
2933 3828465 
2934 3828465 
2935 3828465 
2936 3828465 
2937 3828465 
2938 3828465 
2939 3828465 
2940 3828465 
2941 3828465 
2942 3828465 
2943 3828465 
2944 3828465 
2945 3828465 
2946 3828465 
2947 3828465 
2948 3828465 
2949 3828465 
2950 3828465 
2951 3828465 
2952 3828465 
2953 3828465 
2954 3828465 
2955 3828465 
2956 3828465 
2957 3828465 
2958 3828465 
2959 3828465 
2960 3828465 
2961 3828465 
2962 3828465 
2963 3828465 
2964 3828465 
2965 3828465 
2966 3828465 
2967 3828465 
2968 3828465 
2969 3828465 
2970 3828465 
2971 3828465 
2972 3828465 
2973 3828465 
2974 3828465 
2975 3828465 
2976 3828465 
2977 3828465 
2978 3828465 
2979 3828465 
2980 3828465 
2981 3828465 
2982 3828465 
2983 3828465 
2984 3828465 
2985 3828465 
2986 3828465 
2987 3828465 
2988 3828465 

