0 11074157 
1 11031385 
2 11023862 
3 11022586 
4 11018632 
5 10998503 
6 10994931 
7 10981645 
8 10979973 
9 10975034 
10 10962586 
11 10961553 
12 10961504 
13 10960349 
14 10952622 
15 10951754 
16 10905430 
17 10905325 
18 10905138 
19 10904215 
20 10902535 
21 10901415 
22 10899555 
23 10899535 
24 10888075 
25 10887649 
26 10871300 
27 10870334 
28 10851238 
29 10851088 
30 10850087 
31 10849825 
32 10849264 
33 10849141 
34 10848339 
35 10848339 
36 10848136 
37 10847769 
38 10846312 
39 10845737 
40 10845597 
41 10845252 
42 10843142 
43 10818581 
44 10794836 
45 10786244 
46 10786071 
47 10749611 
48 10738180 
49 10700311 
50 10700239 
51 10700190 
52 10700032 
53 10689332 
54 10685466 
55 10683573 
56 10683339 
57 10682889 
58 10677031 
59 10676881 
60 10674354 
61 10673745 
62 10673499 
63 10671491 
64 10663453 
65 10662787 
66 10661462 
67 10660706 
68 10660395 
69 10660256 
70 10659049 
71 10653845 
72 10648807 
73 10648224 
74 10645813 
75 10634853 
76 10634787 
77 10634570 
78 10634459 
79 10634386 
80 10629012 
81 10628319 
82 10628039 
83 10627055 
84 10627048 
85 10626689 
86 10626539 
87 10626530 
88 10626510 
89 10626445 
90 10626374 
91 10623731 
92 10622285 
93 10622085 
94 10618360 
95 10616208 
96 10613078 
97 10613078 
98 10612585 
99 10612508 
100 10612508 
101 10609837 
102 10609826 
103 10609546 
104 10605659 
105 10605196 
106 10604867 
107 10604562 
108 10604497 
109 10603416 
110 10603360 
111 10602751 
112 10602352 
113 10601404 
114 10601279 
115 10598049 
116 10597469 
117 10594046 
118 10594028 
119 10594008 
120 10592345 
121 10590427 
122 10578178 
123 10578049 
124 10578022 
125 10577735 
126 10575310 
127 10568682 
128 10568036 
129 10566898 
130 10566583 
131 10566105 
132 10556422 
133 10555516 
134 10555367 
135 10546825 
136 10544824 
137 10541463 
138 10538893 
139 10530200 
140 10516775 
141 10516206 
142 10516006 
143 10515993 
144 10515511 
145 10512643 
146 10512141 
147 10512064 
148 10511888 
149 10511443 
150 10505662 
151 10503849 
152 10502634 
153 10502592 
154 10500045 
155 10498751 
156 10496223 
157 10496087 
158 10494876 
159 10493241 
160 10493106 
161 10492386 
162 10490177 
163 10489991 
164 10489920 
165 10488150 
166 10487901 
167 10487878 
168 10487660 
169 10487243 
170 10487189 
171 10487056 
172 10487016 
173 10486920 
174 10484167 
175 10480087 
176 10469539 
177 10464550 
178 10464446 
179 10454145 
180 10451959 
181 10451899 
182 10449834 
183 10446275 
184 10446229 
185 10446047 
186 10445801 
187 10445676 
188 10443737 
189 10443139 
190 10443137 
191 10442821 
192 10440623 
193 10440520 
194 10440133 
195 10436674 
196 10435361 
197 10435323 
198 10435258 
199 10435072 
200 10435072 
201 10422923 
202 10421468 
203 10418548 
204 10418223 
205 10418190 
206 10417854 
207 10416686 
208 10416028 
209 10415870 
210 10414070 
211 10413108 
212 10412881 
213 10412746 
214 10412722 
215 10404208 
216 10403420 
217 10402874 
218 10402491 
219 10402234 
220 10397568 
221 10394067 
222 10393499 
223 10392361 
224 10391657 
225 10391580 
226 10391580 
227 10389955 
228 10389272 
229 10388668 
230 10388613 
231 10388611 
232 10388524 
233 10388109 
234 10386890 
235 10386864 
236 10385291 
237 10382786 
238 10381432 
239 10381369 
240 10381243 
241 10380790 
242 10378693 
243 10378512 
244 10378440 
245 10377580 
246 10376579 
247 10375002 
248 10373168 
249 10372864 
250 10350290 
251 10350290 
252 10349876 
253 10349876 
254 10349854 
255 10349824 
256 10349781 
257 10348562 
258 10347323 
259 10347246 
260 10347241 
261 10345819 
262 10345290 
263 10344955 
264 10344955 
265 10344034 
266 10344034 
267 10343842 
268 10342603 
269 10341715 
270 10340959 
271 10339405 
272 10338759 
273 10338588 
274 10338520 
275 10337970 
276 10337491 
277 10337438 
278 10337311 
279 10335132 
280 10335064 
281 10332791 
282 10332194 
283 10331974 
284 10331876 
285 10330696 
286 10330696 
287 10329837 
288 10328855 
289 10325445 
290 10323280 
291 10323246 
292 10322532 
293 10322467 
294 10322056 
295 10320404 
296 10320180 
297 10320023 
298 10319567 
299 10318592 
300 10318469 
301 10317931 
302 10317248 
303 10315614 
304 10311967 
305 10311874 
306 10311839 
307 10306128 
308 10304625 
309 10302762 
310 10301065 
311 10300542 
312 10299739 
313 10297576 
314 10297027 
315 10296132 
316 10294766 
317 10293426 
318 10293426 
319 10293405 
320 10293060 
321 10288605 
322 10288427 
323 10285062 
324 10282468 
325 10281572 
326 10279849 
327 10279623 
328 10279623 
329 10279612 
330 10278806 
331 10270061 
332 10262127 
333 10260154 
334 10260087 
335 10259953 
336 10259935 
337 10259268 
338 10258560 
339 10258361 
340 10258330 
341 10254872 
342 10253399 
343 10251813 
344 10250590 
345 10250007 
346 10249835 
347 10249135 
348 10244944 
349 10244572 
350 10244572 
351 10242618 
352 10242001 
353 10241999 
354 10239303 
355 10238506 
356 10238295 
357 10238295 
358 10237487 
359 10234089 
360 10234052 
361 10231621 
362 10229980 
363 10229304 
364 10222119 
365 10211654 
366 10208289 
367 10208289 
368 10207025 
369 10206445 
370 10205706 
371 10179278 
372 10178818 
373 10178232 
374 10177354 
375 10177354 
376 10174450 
377 10174348 
378 10172620 
379 10172620 
380 10171472 
381 10171398 
382 10171258 
383 10171132 
384 10170758 
385 10169396 
386 10169396 
387 10168240 
388 10164515 
389 10162256 
390 10162256 
391 10162242 
392 10162242 
393 10162242 
394 10162162 
395 10162162 
396 10162162 
397 10162162 
398 10162162 
399 10162162 
400 10160562 
401 10160562 
402 10160562 
403 10160562 
404 10160562 
405 10160562 
406 10160562 
407 10160562 
408 10160562 
409 10160562 
410 10160562 
411 10160562 
412 10160562 
413 10160562 
414 10160562 
415 10160562 
416 10160562 
417 10160562 
418 10160562 
419 10160562 
420 10160562 
421 10160562 
422 10160562 
423 10160562 
424 10160562 
425 10160562 
426 10160562 
427 10160562 
428 10160562 
429 10160562 
430 10160562 
431 10160562 
432 10160562 
433 10160562 
434 10160562 
435 10160562 
436 10160562 
437 10160562 
438 10160562 
439 10160562 
440 10160562 
441 10160562 
442 10160562 
443 10160562 
444 10160562 
445 10160562 
446 10160562 
447 10160562 
448 10160562 
449 10160562 
450 10160562 
451 10160562 
452 10160562 
453 10160562 
454 10160562 
455 10160562 
456 10160562 
457 10160562 
458 10160562 
459 10160562 
460 10160562 
461 10160562 
462 10160562 
463 10160562 
464 10160562 
465 10160562 
466 10160562 
467 10160562 
468 10160562 
469 10160562 
470 10160562 
471 10160562 
472 10160562 
473 10160562 
474 10160562 
475 10160562 
476 10160562 
477 10160562 
478 10160562 
479 10160562 
480 10160562 
481 10160562 
482 10160562 
483 10160562 
484 10160562 
485 10160562 
486 10160562 
487 10160562 
488 10160562 
489 10160562 
490 10160562 
491 10160562 
492 10160562 
493 10160562 
494 10160562 
495 10160562 
496 10160562 
497 10160562 
498 10160562 
499 10160562 
500 10160562 
501 10160562 
502 10160562 
503 10160562 
504 10160562 
505 10160562 
506 10160562 
507 10160562 
508 10160562 
509 10160562 
510 10160562 
511 10160562 
512 10160562 
513 10160562 
514 10160562 
515 10160562 
516 10160562 
517 10160562 
518 10160562 
519 10160562 
520 10160562 
521 10160562 
522 10160562 
523 10160562 
524 10160562 
525 10160562 
526 10160562 
527 10160562 
528 10160562 
529 10160562 
530 10160562 
531 10160562 
532 10160562 
533 10160562 
534 10160562 
535 10160562 
536 10160562 
537 10160562 
538 10160562 
539 10160562 
540 10160562 
541 10160562 
542 10160562 
543 10160562 
544 10160562 
545 10160562 
546 10160562 
547 10160562 
548 10160562 
549 10160562 
550 10160562 
551 10160562 
552 10160562 
553 10160562 
554 10160562 
555 10160562 
556 10160562 
557 10160562 
558 10160562 
559 10160562 
560 10160562 
561 10160562 
562 10160562 
563 10160562 
564 10160562 
565 10160562 
566 10160562 
567 10160562 
568 10160562 
569 10160562 
570 10160562 
571 10160562 
572 10160562 
573 10160562 
574 10160562 
575 10160562 
576 10160562 
577 10160562 
578 10160562 
579 10160562 
580 10160562 
581 10160562 
582 10160562 
583 10160562 
584 10160562 
585 10160562 
586 10160562 
587 10160562 
588 10160562 
589 10160562 
590 10160562 
591 10160562 
592 10160562 
593 10160562 
594 10160562 
595 10160562 
596 10160562 
597 10160562 
598 10160562 
599 10160562 
600 10160562 
601 10160562 
602 10160562 
603 10160562 
604 10160562 
605 10160562 
606 10160562 
607 10160562 
608 10160562 
609 10160562 
610 10160562 
611 10160562 
612 10160562 
613 10160562 
614 10160562 
615 10160562 
616 10160562 
617 10160562 
618 10160562 
619 10160562 
620 10160562 
621 10160562 
622 10160562 
623 10160562 
624 10160562 
625 10160562 
626 10160562 
627 10160562 
628 10160562 
629 10160562 
630 10160562 
631 10160562 
632 10160562 
633 10160562 
634 10160562 
635 10160562 
636 10160562 
637 10160562 
638 10160562 
639 10160562 
640 10160562 
641 10160562 
642 10160562 
643 10160562 
644 10160562 
645 10160562 
646 10160562 
647 10160562 
648 10160562 
649 10160562 
650 10160562 
651 10160562 
652 10160562 
653 10160562 
654 10160562 
655 10160562 
656 10160562 
657 10160562 
658 10160562 
659 10160562 
660 10160562 
661 10160562 
662 10160562 
663 10160562 
664 10160562 
665 10160562 
666 10160562 
667 10160562 
668 10160562 
669 10160562 
670 10160562 
671 10160562 
672 10160562 
673 10160562 
674 10160562 
675 10160562 
676 10160562 
677 10160562 
678 10160562 
679 10160562 
680 10160562 
681 10160562 
682 10160562 
683 10160562 
684 10160562 
685 10160562 
686 10160562 
687 10160562 
688 10160562 
689 10160562 
690 10160562 
691 10160562 
692 10160562 
693 10160562 
694 10160562 
695 10160562 
696 10160562 
697 10160562 
698 10160562 
699 10160562 
700 10160562 
701 10160562 
702 10160562 
703 10160562 
704 10160562 
705 10160562 
706 10160562 
707 10160562 
708 10160562 
709 10160562 
710 10160562 
711 10160562 
712 10160562 
713 10160562 
714 10160562 
715 10160562 
716 10160562 
717 10160562 
718 10160562 
719 10160562 
720 10160562 
721 10160562 
722 10160562 
723 10160562 
724 10160562 
725 10160562 
726 10160562 
727 10160562 
728 10160562 
729 10160562 
730 10160562 
731 10160562 
732 10160562 
733 10160562 
734 10160562 
735 10160562 
736 10160562 
737 10160562 
738 10160562 
739 10160562 
740 10160562 
741 10160562 
742 10160562 
743 10160562 
744 10160562 
745 10160562 
746 10160562 
747 10160562 
748 10160562 
749 10160562 
750 10160562 
751 10160562 
752 10160562 
753 10160562 
754 10160562 
755 10160562 
756 10160562 
757 10160562 
758 10160562 
759 10160562 
760 10160562 
761 10160562 
762 10160562 
763 10160562 
764 10160562 
765 10160562 
766 10160562 
767 10160562 
768 10160562 
769 10160562 
770 10160562 
771 10160562 
772 10160562 
773 10160562 
774 10160562 
775 10160562 
776 10160562 
777 10160562 
778 10160562 
779 10160562 
780 10160562 
781 10160562 
782 10160562 
783 10160562 
784 10160562 
785 10160562 
786 10160562 
787 10160562 
788 10160562 
789 10160562 
790 10160562 
791 10160562 
792 10160562 
793 10160562 
794 10160562 
795 10160562 
796 10160562 
797 10160562 
798 10160562 
799 10160562 
800 10160562 
801 10160562 
802 10160562 
803 10160562 
804 10160562 
805 10160562 
806 10160562 
807 10160562 
808 10160562 
809 10160562 
810 10160562 
811 10160562 
812 10160562 
813 10160562 
814 10160562 
815 10160562 
816 10160562 
817 10160562 
818 10160562 
819 10160562 
820 10160562 
821 10160562 
822 10160562 
823 10160562 
824 10160562 
825 10160562 
826 10160562 
827 10160562 
828 10160562 
829 10160562 
830 10160562 
831 10160562 
832 10160562 
833 10160562 
834 10160562 
835 10160562 
836 10160562 
837 10160562 
838 10160562 
839 10160562 
840 10160562 
841 10160562 
842 10160562 
843 10160562 
844 10160562 
845 10160562 
846 10160562 
847 10160562 
848 10160562 
849 10160562 
850 10160562 
851 10160562 
852 10160562 
853 10160562 
854 10160562 
855 10160562 
856 10160562 
857 10160562 
858 10160562 
859 10160562 
860 10160562 
861 10160562 
862 10160562 
863 10160562 
864 10160562 
865 10160562 
866 10160562 
867 10160562 
868 10160562 
869 10160562 
870 10160562 
871 10160562 
872 10160562 
873 10160562 
874 10160562 
875 10160562 
876 10160562 
877 10160562 
878 10160562 
879 10160562 
880 10160562 
881 10160562 
882 10160562 
883 10160562 
884 10160562 
885 10160562 
886 10160562 
887 10160562 
888 10160562 
889 10160562 
890 10160562 
891 10160562 
892 10160562 
893 10160562 
894 10160562 
895 10160562 
896 10160562 
897 10160562 
898 10160562 
899 10160562 
900 10160562 
901 10160562 
902 10160562 
903 10160562 
904 10160562 
905 10160562 
906 10160562 
907 10160562 
908 10160562 
909 10160562 
910 10160562 
911 10160562 
912 10160562 
913 10160562 
914 10160562 
915 10160562 
916 10160562 
917 10160562 
918 10160562 
919 10160562 
920 10160562 
921 10160562 
922 10160562 
923 10160562 
924 10160562 
925 10160562 
926 10160562 
927 10160562 
928 10160562 
929 10160562 
930 10160562 
931 10160562 
932 10160562 
933 10160562 
934 10160562 
935 10160562 
936 10160562 
937 10160562 
938 10160562 
939 10160562 
940 10160562 
941 10160562 
942 10160562 
943 10160562 
944 10160562 
945 10160562 
946 10160562 
947 10160562 
948 10160562 
949 10160562 
950 10160562 
951 10160562 
952 10160562 
953 10160562 
954 10160562 
955 10160562 
956 10160562 
957 10160562 
958 10160562 
959 10160562 
960 10160562 
961 10160562 
962 10160562 
963 10160562 
964 10160562 
965 10160562 
966 10160562 
967 10160562 
968 10160562 
969 10160562 
970 10160562 
971 10160562 
972 10160562 
973 10160562 
974 10160562 
975 10160562 
976 10160562 
977 10160562 
978 10160562 
979 10160562 
980 10160562 
981 10160562 
982 10160562 
983 10160562 
984 10160562 
985 10160562 
986 10160562 
987 10160562 
988 10160562 
989 10160562 
990 10160562 
991 10160562 
992 10160562 
993 10160562 
994 10160562 
995 10160562 
996 10160562 
997 10160562 
998 10160562 
999 10160562 
1000 10160562 
1001 10160562 
1002 10160562 
1003 10160562 
1004 10160562 
1005 10160562 
1006 10160562 
1007 10160562 
1008 10160562 
1009 10160562 
1010 10160562 
1011 10160562 
1012 10160562 
1013 10160562 
1014 10160562 
1015 10160562 
1016 10160562 
1017 10160562 
1018 10160562 
1019 10160562 
1020 10160562 
1021 10160562 
1022 10160562 
1023 10160562 
1024 10160562 
1025 10160562 
1026 10160562 
1027 10160562 
1028 10160562 
1029 10160562 
1030 10160562 
1031 10160562 
1032 10160562 
1033 10160562 
1034 10160562 
1035 10160562 
1036 10160562 
1037 10160562 
1038 10160562 
1039 10160562 
1040 10160562 
1041 10160562 
1042 10160562 
1043 10160562 
1044 10160562 
1045 10160562 
1046 10160562 
1047 10160562 
1048 10160562 
1049 10160562 
1050 10160562 
1051 10160562 
1052 10160562 
1053 10160562 
1054 10160562 
1055 10160562 
1056 10160562 
1057 10160562 
1058 10160562 
1059 10160562 
1060 10160562 
1061 10160562 
1062 10160562 
1063 10160562 
1064 10160562 
1065 10160562 
1066 10160562 
1067 10160562 
1068 10160562 
1069 10160562 
1070 10160562 
1071 10160562 
1072 10160562 
1073 10160562 
1074 10160562 
1075 10160562 
1076 10160562 
1077 10160562 
1078 10160562 
1079 10160562 
1080 10160562 
1081 10160562 
1082 10160562 
1083 10160562 
1084 10160562 
1085 10160562 
1086 10160562 
1087 10160562 
1088 10160562 
1089 10160562 
1090 10160562 
1091 10160562 
1092 10160562 
1093 10160562 
1094 10160562 
1095 10160562 
1096 10160562 
1097 10160562 
1098 10160562 
1099 10160562 
1100 10160562 
1101 10160562 
1102 10160562 
1103 10160562 
1104 10160562 
1105 10160562 
1106 10160562 
1107 10160562 
1108 10160562 
1109 10160562 
1110 10160562 
1111 10160562 
1112 10160562 
1113 10160562 
1114 10160562 
1115 10160562 
1116 10160562 
1117 10160562 
1118 10160562 
1119 10160562 
1120 10160562 
1121 10160562 
1122 10160562 
1123 10160562 
1124 10160562 
1125 10160562 
1126 10160562 
1127 10160562 
1128 10160562 
1129 10160562 
1130 10160562 
1131 10160562 
1132 10160562 
1133 10160562 
1134 10160562 
1135 10160562 
1136 10160562 
1137 10160562 
1138 10160562 
1139 10160562 
1140 10160562 
1141 10160562 
1142 10160562 
1143 10160562 
1144 10160562 
1145 10160562 
1146 10160562 
1147 10160562 
1148 10160562 
1149 10160562 
1150 10160562 
1151 10160562 
1152 10160562 
1153 10160562 
1154 10160562 
1155 10160562 
1156 10160562 
1157 10160562 
1158 10160562 
1159 10160562 
1160 10160562 
1161 10160562 
1162 10160562 
1163 10160562 
1164 10160562 
1165 10160562 
1166 10160562 
1167 10160562 
1168 10160562 
1169 10160562 
1170 10160562 
1171 10160562 
1172 10160562 
1173 10160562 
1174 10160562 
1175 10160562 
1176 10160562 
1177 10160562 
1178 10160562 
1179 10160562 
1180 10160562 
1181 10160562 
1182 10160562 
1183 10160562 
1184 10160562 
1185 10160562 
1186 10160562 
1187 10160562 
1188 10160562 
1189 10160562 
1190 10160562 
1191 10160562 
1192 10160562 
1193 10160562 
1194 10160562 
1195 10160562 
1196 10160562 
1197 10160562 
1198 10160562 
1199 10160562 
1200 10160562 
1201 10160562 
1202 10160562 
1203 10160562 
1204 10160562 
1205 10160562 
1206 10160562 
1207 10160562 
1208 10160562 
1209 10160562 
1210 10160562 
1211 10160562 
1212 10160562 
1213 10160562 
1214 10160562 
1215 10160562 
1216 10160562 
1217 10160562 
1218 10160562 
1219 10160562 
1220 10160562 
1221 10160562 
1222 10160562 
1223 10160562 
1224 10160562 
1225 10160562 
1226 10160562 
1227 10160562 
1228 10160562 
1229 10160562 
1230 10160562 
1231 10160562 
1232 10160562 
1233 10160562 
1234 10160562 
1235 10160562 
1236 10160562 
1237 10160562 
1238 10160562 
1239 10160562 
1240 10160562 
1241 10160562 
1242 10160562 
1243 10160562 
1244 10160562 
1245 10160562 
1246 10160562 
1247 10160562 
1248 10160562 
1249 10160562 
1250 10160562 
1251 10160562 
1252 10160562 
1253 10160562 
1254 10160562 
1255 10160562 
1256 10160562 
1257 10160562 
1258 10160562 
1259 10160562 
1260 10160562 
1261 10160562 
1262 10160562 
1263 10160562 
1264 10160562 
1265 10160562 
1266 10160562 
1267 10160562 
1268 10160562 
1269 10160562 
1270 10160562 
1271 10160562 
1272 10160562 
1273 10160562 
1274 10160562 
1275 10160562 
1276 10160562 
1277 10160562 
1278 10160562 
1279 10160562 
1280 10160562 
1281 10160562 
1282 10160562 
1283 10160562 
1284 10160562 
1285 10160562 
1286 10160562 
1287 10160562 
1288 10160562 
1289 10160562 
1290 10160562 
1291 10160562 
1292 10160562 
1293 10160562 
1294 10160562 
1295 10160562 
1296 10160562 
1297 10160562 
1298 10160562 
1299 10160562 
1300 10160562 
1301 10160562 
1302 10160562 
1303 10160562 
1304 10160562 
1305 10160562 
1306 10160562 
1307 10160562 
1308 10160562 
1309 10160562 
1310 10160562 
1311 10160562 
1312 10160562 
1313 10160562 
1314 10160562 
1315 10160562 
1316 10160562 
1317 10160562 
1318 10160562 
1319 10160562 
1320 10160562 
1321 10160562 
1322 10160562 
1323 10160562 
1324 10160562 
1325 10160562 
1326 10160562 
1327 10160562 
1328 10160562 
1329 10160562 
1330 10160562 
1331 10160562 
1332 10160562 
1333 10160562 
1334 10160562 
1335 10160562 
1336 10160562 
1337 10160562 
1338 10160562 
1339 10160562 
1340 10160562 
1341 10160562 
1342 10160562 
1343 10160562 
1344 10160562 
1345 10160562 
1346 10160562 
1347 10160562 
1348 10160562 
1349 10160562 
1350 10160562 
1351 10160562 
1352 10160562 
1353 10160562 
1354 10160562 
1355 10160562 
1356 10160562 
1357 10160562 
1358 10160562 
1359 10160562 
1360 10160562 
1361 10160562 
1362 10160562 
1363 10160562 
1364 10160562 
1365 10160562 
1366 10160562 
1367 10160562 
1368 10160562 
1369 10160562 
1370 10160562 
1371 10160562 
1372 10160562 
1373 10160562 
1374 10160562 
1375 10160562 
1376 10160562 
1377 10160562 
1378 10160562 
1379 10160562 
1380 10160562 
1381 10160562 
1382 10160562 
1383 10160562 
1384 10160562 
1385 10160562 
1386 10160562 
1387 10160562 
1388 10160562 
1389 10160562 
1390 10160562 
1391 10160562 
1392 10160562 
1393 10160562 
1394 10160562 
1395 10160562 
1396 10160562 
1397 10160562 
1398 10160562 
1399 10160562 
1400 10160562 
1401 10160562 
1402 10160562 
1403 10160562 
1404 10160562 
1405 10160562 
1406 10160562 
1407 10160562 
1408 10160562 
1409 10160562 
1410 10160562 
1411 10160562 
1412 10160562 
1413 10160562 
1414 10160562 
1415 10160562 
1416 10160562 
1417 10160562 
1418 10160562 
1419 10160562 
1420 10160562 
1421 10160562 
1422 10160562 
1423 10160562 
1424 10160562 
1425 10160562 
1426 10160562 
1427 10160562 
1428 10160562 
1429 10160562 
1430 10160562 
1431 10160562 
1432 10160562 
1433 10160562 
1434 10160562 
1435 10160562 
1436 10160562 
1437 10160562 
1438 10160562 
1439 10160562 
1440 10160562 
1441 10160562 
1442 10160562 
1443 10160562 
1444 10160562 
1445 10160562 
1446 10160562 
1447 10160562 
1448 10160562 
1449 10160562 
1450 10160562 
1451 10160562 
1452 10160562 
1453 10160562 
1454 10160562 
1455 10160562 
1456 10160562 
1457 10160562 
1458 10160562 
1459 10160562 
1460 10160562 
1461 10160562 
1462 10160562 
1463 10160562 
1464 10160562 
1465 10160562 
1466 10160562 
1467 10160562 
1468 10160562 
1469 10160562 
1470 10160562 
1471 10160562 
1472 10160562 
1473 10160562 
1474 10160562 
1475 10160562 
1476 10160562 
1477 10160562 
1478 10160562 
1479 10160562 
1480 10160562 
1481 10160562 
1482 10160562 
1483 10160562 
1484 10160562 
1485 10160562 
1486 10160562 
1487 10160562 
1488 10160562 
1489 10160562 
1490 10160562 
1491 10160562 
1492 10160562 
1493 10160562 
1494 10160562 
1495 10160562 
1496 10160562 
1497 10160562 
1498 10160562 
1499 10160562 
1500 10160562 
1501 10160562 
1502 10160562 
1503 10160562 
1504 10160562 
1505 10160562 
1506 10160562 
1507 10160562 
1508 10160562 
1509 10160562 
1510 10160562 
1511 10160562 
1512 10160562 
1513 10160562 
1514 10160562 
1515 10160562 
1516 10160562 
1517 10160562 
1518 10160562 
1519 10160562 
1520 10160562 
1521 10160562 
1522 10160562 
1523 10160562 
1524 10160562 
1525 10160562 
1526 10160562 
1527 10160562 
1528 10160562 
1529 10160562 
1530 10160562 
1531 10160562 
1532 10160562 
1533 10160562 
1534 10160562 
1535 10160562 
1536 10160562 
1537 10160562 
1538 10160562 
1539 10160562 
1540 10160562 
1541 10160562 
1542 10160562 
1543 10160562 
1544 10160562 
1545 10160562 
1546 10160562 
1547 10160562 
1548 10160562 
1549 10160562 
1550 10160562 
1551 10160562 
1552 10160562 
1553 10160562 
1554 10160562 
1555 10160562 
1556 10160562 
1557 10160562 
1558 10160562 
1559 10160562 
1560 10160562 
1561 10160562 
1562 10160562 
1563 10160562 
1564 10160562 
1565 10160562 
1566 10160562 
1567 10160562 
1568 10160562 
1569 10160562 
1570 10160562 
1571 10160562 
1572 10160562 
1573 10160562 
1574 10160562 
1575 10160562 
1576 10160562 
1577 10160562 
1578 10160562 
1579 10160562 
1580 10160562 
1581 10160562 
1582 10160562 
1583 10160562 
1584 10160562 
1585 10160562 
1586 10160562 
1587 10160562 
1588 10160562 
1589 10160562 
1590 10160562 
1591 10160562 
1592 10160562 
1593 10160562 
1594 10160562 
1595 10160562 
1596 10160562 
1597 10160562 
1598 10160562 
1599 10160562 
1600 10160562 
1601 10160562 
1602 10160562 
1603 10160562 
1604 10160562 
1605 10160562 
1606 10160562 
1607 10160562 
1608 10160562 
1609 10160562 
1610 10160562 
1611 10160562 
1612 10160562 
1613 10160562 
1614 10160562 
1615 10160562 
1616 10160562 
1617 10160562 
1618 10160562 
1619 10160562 
1620 10160562 
1621 10160562 
1622 10160562 
1623 10160562 
1624 10160562 
1625 10160562 
1626 10160562 
1627 10160562 
1628 10160562 
1629 10160562 
1630 10160562 
1631 10160562 
1632 10160562 
1633 10160562 
1634 10160562 
1635 10160562 
1636 10160562 
1637 10160562 
1638 10160562 
1639 10160562 
1640 10160562 
1641 10160562 
1642 10160562 
1643 10160562 
1644 10160562 
1645 10160562 
1646 10160562 
1647 10160562 
1648 10160562 
1649 10160562 
1650 10160562 
1651 10160562 
1652 10160562 
1653 10160562 
1654 10160562 
1655 10160562 
1656 10160562 
1657 10160562 
1658 10160562 
1659 10160562 
1660 10160562 
1661 10160562 
1662 10160562 
1663 10160562 
1664 10160562 
1665 10160562 
1666 10160562 
1667 10160562 
1668 10160562 
1669 10160562 
1670 10160562 
1671 10160562 
1672 10160562 
1673 10160562 
1674 10160562 
1675 10160562 
1676 10160562 
1677 10160562 
1678 10160562 
1679 10160562 
1680 10160562 
1681 10160562 
1682 10160562 
1683 10160562 
1684 10160562 
1685 10160562 
1686 10160562 
1687 10160562 
1688 10160562 
1689 10160562 
1690 10160562 
1691 10160562 
1692 10160562 
1693 10160562 
1694 10160562 
1695 10160562 
1696 10160562 
1697 10160562 
1698 10160562 
1699 10160562 
1700 10160562 
1701 10160562 
1702 10160562 
1703 10160562 
1704 10160562 
1705 10160562 
1706 10160562 
1707 10160562 
1708 10160562 
1709 10160562 
1710 10160562 
1711 10160562 
1712 10160562 
1713 10160562 
1714 10160562 
1715 10160562 
1716 10160562 
1717 10160562 
1718 10160562 
1719 10160562 
1720 10160562 
1721 10160562 
1722 10160562 
1723 10160562 
1724 10160562 
1725 10160562 
1726 10160562 
1727 10160562 
1728 10160562 
1729 10160562 
1730 10160562 
1731 10160562 
1732 10160562 
1733 10160562 
1734 10160562 
1735 10160562 
1736 10160562 
1737 10160562 
1738 10160562 
1739 10160562 
1740 10160562 
1741 10160562 
1742 10160562 
1743 10160562 
1744 10160562 
1745 10160562 
1746 10160562 
1747 10160562 
1748 10160562 
1749 10160562 
1750 10160562 
1751 10160562 
1752 10160562 
1753 10160562 
1754 10160562 
1755 10160562 
1756 10160562 
1757 10160562 
1758 10160562 
1759 10160562 
1760 10160562 
1761 10160562 
1762 10160562 
1763 10160562 
1764 10160562 
1765 10160562 
1766 10160562 
1767 10160562 
1768 10160562 
1769 10160562 
1770 10160562 
1771 10160562 
1772 10160562 
1773 10160562 
1774 10160562 
1775 10160562 
1776 10160562 
1777 10160562 
1778 10160562 
1779 10160562 
1780 10160562 
1781 10160562 
1782 10160562 
1783 10160562 
1784 10160562 
1785 10160562 
1786 10160562 
1787 10160562 
1788 10160562 
1789 10160562 
1790 10160562 
1791 10160562 
1792 10160562 
1793 10160562 
1794 10160562 
1795 10160562 
1796 10160562 
1797 10160562 
1798 10160562 
1799 10160562 
1800 10160562 
1801 10160562 
1802 10160562 
1803 10160562 
1804 10160562 
1805 10160562 
1806 10160562 
1807 10160562 
1808 10160562 
1809 10160562 
1810 10160562 
1811 10160562 
1812 10160562 
1813 10160562 
1814 10160562 
1815 10160562 
1816 10160562 
1817 10160562 
1818 10160562 
1819 10160562 
1820 10160562 
1821 10160562 
1822 10160562 
1823 10160562 
1824 10160562 
1825 10160562 
1826 10160562 
1827 10160562 
1828 10160562 
1829 10160562 
1830 10160562 
1831 10160562 
1832 10160562 
1833 10160562 
1834 10160562 
1835 10160562 
1836 10160562 
1837 10160562 
1838 10160562 
1839 10160562 
1840 10160562 
1841 10160562 
1842 10160562 
1843 10160562 
1844 10160562 
1845 10160562 
1846 10160562 
1847 10160562 
1848 10160562 
1849 10160562 
1850 10160562 
1851 10160562 
1852 10160562 
1853 10160562 
1854 10160562 
1855 10160562 
1856 10160562 
1857 10160562 
1858 10160562 
1859 10160562 
1860 10160562 
1861 10160562 
1862 10160562 
1863 10160562 
1864 10160562 
1865 10160562 
1866 10160562 
1867 10160562 
1868 10160562 
1869 10160562 
1870 10160562 
1871 10160562 
1872 10160562 
1873 10160562 
1874 10160562 
1875 10160562 
1876 10160562 
1877 10160562 
1878 10160562 
1879 10160562 
1880 10160562 
1881 10160562 
1882 10160562 
1883 10160562 
1884 10160562 
1885 10160562 
1886 10160562 
1887 10160562 
1888 10160562 
1889 10160562 
1890 10160562 
1891 10160562 
1892 10160562 
1893 10160562 
1894 10160562 
1895 10160562 
1896 10160562 
1897 10160562 
1898 10160562 
1899 10160562 
1900 10160562 
1901 10160562 
1902 10160562 
1903 10160562 
1904 10160562 
1905 10160562 
1906 10160562 
1907 10160562 
1908 10160562 
1909 10160562 
1910 10160562 
1911 10160562 
1912 10160562 
1913 10160562 
1914 10160562 
1915 10160562 
1916 10160562 
1917 10160562 
1918 10160562 
1919 10160562 
1920 10160562 
1921 10160562 
1922 10160562 
1923 10160562 
1924 10160562 
1925 10160562 
1926 10160562 
1927 10160562 
1928 10160562 
1929 10160562 
1930 10160562 
1931 10160562 
1932 10160562 
1933 10160562 
1934 10160562 
1935 10160562 
1936 10160562 
1937 10160562 
1938 10160562 
1939 10160562 
1940 10160562 
1941 10160562 
1942 10160562 
1943 10160562 
1944 10160562 
1945 10160562 
1946 10160562 
1947 10160562 
1948 10160562 
1949 10160562 
1950 10160562 
1951 10160562 
1952 10160562 
1953 10160562 
1954 10160562 
1955 10160562 
1956 10160562 
1957 10160562 
1958 10160562 
1959 10160562 
1960 10160562 
1961 10160562 
1962 10160562 
1963 10160562 
1964 10160562 
1965 10160562 
1966 10160562 
1967 10160562 
1968 10160562 
1969 10160562 
1970 10160562 
1971 10160562 
1972 10160562 
1973 10160562 
1974 10160562 
1975 10160562 
1976 10160562 
1977 10160562 
1978 10160562 
1979 10160562 
1980 10160562 
1981 10160562 
1982 10160562 
1983 10160562 
1984 10160562 
1985 10160562 
1986 10160562 
1987 10160562 
1988 10160562 
1989 10160562 
1990 10160562 
1991 10160562 
1992 10160562 
1993 10160562 
1994 10160562 
1995 10160562 
1996 10160562 
1997 10160562 
1998 10160562 
1999 10160562 
2000 10160562 
2001 10160562 
2002 10160562 
2003 10160562 
2004 10160562 
2005 10160562 
2006 10160562 
2007 10160562 
2008 10160562 
2009 10160562 
2010 10160562 
2011 10160562 
2012 10160562 
2013 10160562 
2014 10160562 
2015 10160562 
2016 10160562 
2017 10160562 
2018 10160562 
2019 10160562 
2020 10160562 
2021 10160562 
2022 10160562 
2023 10160562 
2024 10160562 
2025 10160562 
2026 10160562 
2027 10160562 
2028 10160562 
2029 10160562 
2030 10160562 
2031 10160562 
2032 10160562 
2033 10160562 
2034 10160562 
2035 10160562 
2036 10160562 
2037 10160562 
2038 10160562 
2039 10160562 
2040 10160562 
2041 10160562 
2042 10160562 
2043 10160562 
2044 10160562 
2045 10160562 
2046 10160562 
2047 10160562 
2048 10160562 
2049 10160562 
2050 10160562 
2051 10160562 
2052 10160562 
2053 10160562 
2054 10160562 
2055 10160562 
2056 10160562 
2057 10160562 
2058 10160562 
2059 10160562 
2060 10160562 
2061 10160562 
2062 10160562 
2063 10160562 
2064 10160562 
2065 10160562 
2066 10160562 
2067 10160562 
2068 10160562 
2069 10160562 
2070 10160562 
2071 10160562 
2072 10160562 
2073 10160562 
2074 10160562 
2075 10160562 
2076 10160562 
2077 10160562 
2078 10160562 
2079 10160562 
2080 10160562 
2081 10160562 
2082 10160562 
2083 10160562 
2084 10160562 
2085 10160562 
2086 10160562 
2087 10160562 
2088 10160562 
2089 10160562 
2090 10160562 
2091 10160562 
2092 10160562 
2093 10160562 
2094 10160562 
2095 10160562 
2096 10160562 
2097 10160562 
2098 10160562 
2099 10160562 
2100 10160562 
2101 10160562 
2102 10160562 
2103 10160562 
2104 10160562 
2105 10160562 
2106 10160562 
2107 10160562 
2108 10160562 
2109 10160562 
2110 10160562 
2111 10160562 
2112 10160562 
2113 10160562 
2114 10160562 
2115 10160562 
2116 10160562 
2117 10160562 
2118 10160562 
2119 10160562 
2120 10160562 
2121 10160562 
2122 10160562 
2123 10160562 
2124 10160562 
2125 10160562 
2126 10160562 
2127 10160562 
2128 10160562 
2129 10160562 
2130 10160562 
2131 10160562 
2132 10160562 
2133 10160562 
2134 10160562 
2135 10160562 
2136 10160562 
2137 10160562 
2138 10160562 
2139 10160562 
2140 10160562 
2141 10160562 
2142 10160562 
2143 10160562 
2144 10160562 
2145 10160562 
2146 10160562 
2147 10160562 
2148 10160562 
2149 10160562 
2150 10160562 
2151 10160562 
2152 10160562 
2153 10160562 
2154 10160562 
2155 10160562 
2156 10160562 
2157 10160562 
2158 10160562 
2159 10160562 
2160 10160562 
2161 10160562 
2162 10160562 
2163 10160562 
2164 10160562 
2165 10160562 
2166 10160562 
2167 10160562 
2168 10160562 
2169 10160562 
2170 10160562 
2171 10160562 
2172 10160562 
2173 10160562 
2174 10160562 
2175 10160562 
2176 10160562 
2177 10160562 
2178 10160562 
2179 10160562 
2180 10160562 
2181 10160562 
2182 10160562 
2183 10160562 
2184 10160562 
2185 10160562 
2186 10160562 
2187 10160562 
2188 10160562 
2189 10160562 
2190 10160562 
2191 10160562 
2192 10160562 
2193 10160562 
2194 10160562 
2195 10160562 
2196 10160562 
2197 10160562 
2198 10160562 
2199 10160562 
2200 10160562 
2201 10160562 
2202 10160562 
2203 10160562 
2204 10160562 
2205 10160562 
2206 10160562 
2207 10160562 
2208 10160562 
2209 10160562 
2210 10160562 
2211 10160562 
2212 10160562 
2213 10160562 
2214 10160562 
2215 10160562 
2216 10160562 
2217 10160562 
2218 10160562 
2219 10160562 
2220 10160562 
2221 10160562 
2222 10160562 
2223 10160562 
2224 10160562 
2225 10160562 
2226 10160562 
2227 10160562 
2228 10160562 
2229 10160562 
2230 10160562 
2231 10160562 
2232 10160562 
2233 10160562 
2234 10160562 
2235 10160562 
2236 10160562 
2237 10160562 
2238 10160562 
2239 10160562 
2240 10160562 
2241 10160562 
2242 10160562 
2243 10160562 
2244 10160562 
2245 10160562 
2246 10160562 
2247 10160562 
2248 10160562 
2249 10160562 
2250 10160562 
2251 10160562 
2252 10160562 
2253 10160562 
2254 10160562 
2255 10160562 
2256 10160562 
2257 10160562 
2258 10160562 
2259 10160562 
2260 10160562 
2261 10160562 
2262 10160562 
2263 10160562 
2264 10160562 
2265 10160562 
2266 10160562 
2267 10160562 
2268 10160562 
2269 10160562 
2270 10160562 
2271 10160562 
2272 10160562 
2273 10160562 
2274 10160562 
2275 10160562 
2276 10160562 
2277 10160562 
2278 10160562 
2279 10160562 
2280 10160562 
2281 10160562 
2282 10160562 
2283 10160562 
2284 10160562 
2285 10160562 
2286 10160562 
2287 10160562 
2288 10160562 
2289 10160562 
2290 10160562 
2291 10160562 
2292 10160562 
2293 10160562 
2294 10160562 
2295 10160562 
2296 10160562 
2297 10160562 
2298 10160562 
2299 10160562 
2300 10160562 
2301 10160562 
2302 10160562 
2303 10160562 
2304 10160562 
2305 10160562 
2306 10160562 
2307 10160562 
2308 10160562 
2309 10160562 
2310 10160562 
2311 10160562 
2312 10160562 
2313 10160562 
2314 10160562 
2315 10160562 
2316 10160562 
2317 10160562 
2318 10160562 
2319 10160562 
2320 10160562 
2321 10160562 
2322 10160562 
2323 10160562 
2324 10160562 
2325 10160562 
2326 10160562 
2327 10160562 
2328 10160562 
2329 10160562 
2330 10160562 
2331 10160562 
2332 10160562 
2333 10160562 
2334 10160562 
2335 10160562 
2336 10160562 
2337 10160562 
2338 10160562 
2339 10160562 
2340 10160562 
2341 10160562 
2342 10160562 
2343 10160562 
2344 10160562 
2345 10160562 
2346 10160562 
2347 10160562 
2348 10160562 
2349 10160562 
2350 10160562 
2351 10160562 
2352 10160562 
2353 10160562 
2354 10160562 
2355 10160562 
2356 10160562 
2357 10160562 
2358 10160562 
2359 10160562 
2360 10160562 
2361 10160562 
2362 10160562 
2363 10160562 
2364 10160562 
2365 10160562 
2366 10160562 
2367 10160562 
2368 10160562 
2369 10160562 
2370 10160562 
2371 10160562 
2372 10160562 
2373 10160562 
2374 10160562 
2375 10160562 
2376 10160562 
2377 10160562 
2378 10160562 
2379 10160562 
2380 10160562 
2381 10160562 
2382 10160562 
2383 10160562 
2384 10160562 
2385 10160562 
2386 10160562 
2387 10160562 
2388 10160562 
2389 10160562 
2390 10160562 
2391 10160562 
2392 10160562 
2393 10160562 
2394 10160562 
2395 10160562 
2396 10160562 
2397 10160562 
2398 10160562 
2399 10160562 
2400 10160562 
2401 10160562 
2402 10160562 
2403 10160562 
2404 10160562 
2405 10160562 
2406 10160562 
2407 10160562 
2408 10160562 
2409 10160562 
2410 10160562 
2411 10160562 
2412 10160562 
2413 10160562 
2414 10160562 
2415 10160562 
2416 10160562 
2417 10160562 
2418 10160562 
2419 10160562 
2420 10160562 
2421 10160562 
2422 10160562 
2423 10160562 
2424 10160562 
2425 10160562 
2426 10160562 
2427 10160562 
2428 10160562 
2429 10160562 
2430 10160562 
2431 10160562 
2432 10160562 
2433 10160562 
2434 10160562 
2435 10160562 
2436 10160562 
2437 10160562 
2438 10160562 
2439 10160562 
2440 10160562 
2441 10160562 
2442 10160562 
2443 10160562 
2444 10160562 
2445 10160562 
2446 10160562 
2447 10160562 
2448 10160562 
2449 10160562 
2450 10160562 
2451 10160562 
2452 10160562 
2453 10160562 
2454 10160562 
2455 10160562 
2456 10160562 
2457 10160562 
2458 10160562 
2459 10160562 
2460 10160562 
2461 10160562 
2462 10160562 
2463 10160562 
2464 10160562 
2465 10160562 
2466 10160562 
2467 10160562 
2468 10160562 
2469 10160562 
2470 10160562 
2471 10160562 
2472 10160562 
2473 10160562 
2474 10160562 
2475 10160562 
2476 10160562 
2477 10160562 
2478 10160562 
2479 10160562 
2480 10160562 
2481 10160562 
2482 10160562 
2483 10160562 
2484 10160562 
2485 10160562 
2486 10160562 
2487 10160562 
2488 10160562 
2489 10160562 
2490 10160562 
2491 10160562 
2492 10160562 
2493 10160562 
2494 10160562 
2495 10160562 
2496 10160562 
2497 10160562 
2498 10160562 
2499 10160562 
2500 10160562 
2501 10160562 
2502 10160562 
2503 10160562 
2504 10160562 
2505 10160562 
2506 10160562 
2507 10160562 
2508 10160562 
2509 10160562 
2510 10160562 
2511 10160562 
2512 10160562 
2513 10160562 
2514 10160562 
2515 10160562 
2516 10160562 
2517 10160562 
2518 10160562 
2519 10160562 
2520 10160562 
2521 10160562 
2522 10160562 
2523 10160562 
2524 10160562 
2525 10160562 
2526 10160562 
2527 10160562 
2528 10160562 
2529 10160562 
2530 10160562 
2531 10160562 
2532 10160562 
2533 10160562 
2534 10160562 
2535 10160562 
2536 10160562 
2537 10160562 
2538 10160562 
2539 10160562 
2540 10160562 
2541 10160562 
2542 10160562 
2543 10160562 
2544 10160562 
2545 10160562 
2546 10160562 
2547 10160562 
2548 10160562 
2549 10160562 
2550 10160562 
2551 10160562 
2552 10160562 
2553 10160562 
2554 10160562 
2555 10160562 
2556 10160562 
2557 10160562 
2558 10160562 
2559 10160562 
2560 10160562 
2561 10160562 
2562 10160562 
2563 10160562 
2564 10160562 
2565 10160562 
2566 10160562 
2567 10160562 
2568 10160562 
2569 10160562 
2570 10160562 
2571 10160562 
2572 10160562 
2573 10160562 
2574 10160562 
2575 10160562 
2576 10160562 
2577 10160562 
2578 10160562 
2579 10160562 
2580 10160562 
2581 10160562 
2582 10160562 
2583 10160562 
2584 10160562 
2585 10160562 
2586 10160562 
2587 10160562 
2588 10160562 
2589 10160562 
2590 10160562 
2591 10160562 
2592 10160562 
2593 10160562 
2594 10160562 
2595 10160562 
2596 10160562 
2597 10160562 
2598 10160562 
2599 10160562 
2600 10160562 
2601 10160562 
2602 10160562 
2603 10160562 
2604 10160562 
2605 10160562 
2606 10160562 
2607 10160562 
2608 10160562 
2609 10160562 
2610 10160562 
2611 10160562 
2612 10160562 
2613 10160562 
2614 10160562 
2615 10160562 
2616 10160562 
2617 10160562 
2618 10160562 
2619 10160562 
2620 10160562 
2621 10160562 
2622 10160562 
2623 10160562 
2624 10160562 
2625 10160562 
2626 10160562 
2627 10160562 
2628 10160562 
2629 10160562 
2630 10160562 
2631 10160562 
2632 10160562 
2633 10160562 
2634 10160562 
2635 10160562 
2636 10160562 
2637 10160562 
2638 10160562 
2639 10160562 
2640 10160562 
2641 10160562 
2642 10160562 
2643 10160562 
2644 10160562 
2645 10160562 
2646 10160562 
2647 10160562 
2648 10160562 
2649 10160562 
2650 10160562 
2651 10160562 
2652 10160562 
2653 10160562 
2654 10160562 
2655 10160562 
2656 10160562 
2657 10160562 
2658 10160562 
2659 10160562 
2660 10160562 
2661 10160562 
2662 10160562 
2663 10160562 
2664 10160562 
2665 10160562 
2666 10160562 
2667 10160562 
2668 10160562 
2669 10160562 
2670 10160562 
2671 10160562 
2672 10160562 
2673 10160562 
2674 10160562 
2675 10160562 
2676 10160562 
2677 10160562 
2678 10160562 
2679 10160562 
2680 10160562 
2681 10160562 
2682 10160562 
2683 10160562 
2684 10160562 
2685 10160562 
2686 10160562 
2687 10160562 
2688 10160562 
2689 10160562 
2690 10160562 
2691 10160562 
2692 10160562 
2693 10160562 
2694 10160562 
2695 10160562 
2696 10160562 
2697 10160562 
2698 10160562 
2699 10160562 
2700 10160562 
2701 10160562 
2702 10160562 
2703 10160562 
2704 10160562 
2705 10160562 
2706 10160562 
2707 10160562 
2708 10160562 
2709 10160562 
2710 10160562 
2711 10160562 
2712 10160562 
2713 10160562 
2714 10160562 
2715 10160562 
2716 10160562 
2717 10160562 
2718 10160562 
2719 10160562 
2720 10160562 
2721 10160562 
2722 10160562 
2723 10160562 
2724 10160562 
2725 10160562 
2726 10160562 
2727 10160562 
2728 10160562 
2729 10160562 
2730 10160562 
2731 10160562 
2732 10160562 
2733 10160562 
2734 10160562 
2735 10160562 
2736 10160562 
2737 10160562 
2738 10160562 
2739 10160562 
2740 10160562 
2741 10160562 
2742 10160562 
2743 10160562 
2744 10160562 
2745 10160562 
2746 10160562 
2747 10160562 
2748 10160562 
2749 10160562 
2750 10160562 
2751 10160562 
2752 10160562 
2753 10160562 
2754 10160562 
2755 10160562 
2756 10160562 
2757 10160562 
2758 10160562 
2759 10160562 
2760 10160562 
2761 10160562 
2762 10160562 
2763 10160562 
2764 10160562 
2765 10160562 
2766 10160562 
2767 10160562 
2768 10160562 
2769 10160562 
2770 10160562 
2771 10160562 
2772 10160562 
2773 10160562 
2774 10160562 
2775 10160562 
2776 10160562 
2777 10160562 
2778 10160562 
2779 10160562 
2780 10160562 
2781 10160562 
2782 10160562 
2783 10160562 
2784 10160562 
2785 10160562 
2786 10160562 
2787 10160562 
2788 10160562 
2789 10160562 
2790 10160562 
2791 10160562 
2792 10160562 
2793 10160562 
2794 10160562 
2795 10160562 
2796 10160562 
2797 10160562 
2798 10160562 
2799 10160562 
2800 10160562 
2801 10160562 
2802 10160562 
2803 10160562 
2804 10160562 
2805 10160562 
2806 10160562 
2807 10160562 
2808 10160562 
2809 10160562 
2810 10160562 
2811 10160562 
2812 10160562 
2813 10160562 
2814 10160562 
2815 10160562 
2816 10160562 
2817 10160562 
2818 10160562 
2819 10160562 
2820 10160562 
2821 10160562 
2822 10160562 
2823 10160562 
2824 10160562 
2825 10160562 
2826 10160562 
2827 10160562 
2828 10160562 
2829 10160562 
2830 10160562 
2831 10160562 
2832 10160562 
2833 10160562 
2834 10160562 
2835 10160562 
2836 10160562 
2837 10160562 
2838 10160562 
2839 10160562 
2840 10160562 
2841 10160562 
2842 10160562 
2843 10160562 
2844 10160562 
2845 10160562 
2846 10160562 
2847 10160562 
2848 10160562 
2849 10160562 
2850 10160562 
2851 10160562 
2852 10160562 
2853 10160562 
2854 10160562 
2855 10160562 
2856 10160562 
2857 10160562 
2858 10160562 
2859 10160562 
2860 10160562 
2861 10160562 
2862 10160562 
2863 10160562 
2864 10160562 
2865 10160562 
2866 10160562 
2867 10160562 
2868 10160562 
2869 10160562 
2870 10160562 
2871 10160562 
2872 10160562 
2873 10160562 
2874 10160562 
2875 10160562 
2876 10160562 
2877 10160562 
2878 10160562 
2879 10160562 
2880 10160562 
2881 10160562 
2882 10160562 
2883 10160562 
2884 10160562 
2885 10160562 
2886 10160562 
2887 10160562 
2888 10160562 
2889 10160562 
2890 10160562 
2891 10160562 
2892 10160562 
2893 10160562 
2894 10160562 
2895 10160562 
2896 10160562 
2897 10160562 
2898 10160562 
2899 10160562 
2900 10160562 
2901 10160562 
2902 10160562 
2903 10160562 
2904 10160562 
2905 10160562 
2906 10160562 
2907 10160562 
2908 10160562 
2909 10160562 
2910 10160562 
2911 10160562 
2912 10160562 
2913 10160562 
2914 10160562 
2915 10160562 
2916 10160562 
2917 10160562 
2918 10160562 
2919 10160562 
2920 10160562 
2921 10160562 
2922 10160562 
2923 10160562 
2924 10160562 
2925 10160562 
2926 10160562 
2927 10160562 
2928 10160562 
2929 10160562 
2930 10160562 
2931 10160562 
2932 10160562 
2933 10160562 
2934 10160562 
2935 10160562 
2936 10160562 
2937 10160562 
2938 10160562 
2939 10160562 
2940 10160562 
2941 10160562 
2942 10160562 
2943 10160562 
2944 10160562 
2945 10160562 
2946 10160562 
2947 10160562 
2948 10160562 
2949 10160562 
2950 10160562 
2951 10160562 
2952 10160562 
2953 10160562 
2954 10160562 
2955 10160562 
2956 10160562 
2957 10160562 
2958 10160562 
2959 10160562 
2960 10160562 
2961 10160562 
2962 10160562 
2963 10160562 
2964 10160562 
2965 10160562 
2966 10160562 
2967 10160562 
2968 10160562 
2969 10160562 
2970 10160562 
2971 10160562 
2972 10160562 
2973 10160562 
2974 10160562 
2975 10160562 
2976 10160562 
2977 10160562 
2978 10160562 
2979 10160562 
2980 10160562 
2981 10160562 
2982 10160562 
2983 10160562 
2984 10160562 
2985 10160562 
2986 10160562 
2987 10160562 
2988 10160562 
2989 10160562 
2990 10160562 
2991 10160562 
2992 10160562 
2993 10160562 
2994 10160562 
2995 10160562 
2996 10160562 
2997 10160562 
2998 10160562 
2999 10160562 
3000 10160562 

