0 4259775 
1 4246541 
2 4246382 
3 4233344 
4 4226127 
5 4221310 
6 4215689 
7 4215624 
8 4215559 
9 4209434 
10 4209329 
11 4209212 
12 4206629 
13 4206568 
14 4201998 
15 4201984 
16 4201739 
17 4201739 
18 4197344 
19 4191650 
20 4191592 
21 4191096 
22 4191019 
23 4189947 
24 4189758 
25 4189648 
26 4188985 
27 4188567 
28 4188527 
29 4186990 
30 4186353 
31 4185962 
32 4185941 
33 4180467 
34 4162349 
35 4153025 
36 4152149 
37 4151039 
38 4150984 
39 4149622 
40 4149265 
41 4142442 
42 4142110 
43 4142099 
44 4141672 
45 4141424 
46 4141382 
47 4138223 
48 4137384 
49 4136676 
50 4136554 
51 4134908 
52 4132427 
53 4132350 
54 4132339 
55 4132297 
56 4132284 
57 4132277 
58 4129755 
59 4121050 
60 4120939 
61 4106990 
62 4106983 
63 4106922 
64 4106887 
65 4106855 
66 4106854 
67 4103542 
68 4103536 
69 4103270 
70 4102933 
71 4102923 
72 4102878 
73 4102794 
74 4102760 
75 4102508 
76 4102500 
77 4102499 
78 4101879 
79 4100916 
80 4100909 
81 4100300 
82 4097667 
83 4096341 
84 4096335 
85 4096308 
86 4096295 
87 4096289 
88 4096256 
89 4095376 
90 4095244 
91 4095190 
92 4095071 
93 4095025 
94 4094237 
95 4094227 
96 4094168 
97 4094046 
98 4093994 
99 4079175 
100 4079159 
101 4078911 
102 4078460 
103 4078321 
104 4078119 
105 4078106 
106 4077942 
107 4076919 
108 4076729 
109 4076723 
110 4076701 
111 4076686 
112 4075188 
113 4074960 
114 4074928 
115 4074163 
116 4073773 
117 4073672 
118 4073633 
119 4071326 
120 4071261 
121 4031442 
122 4027612 
123 4027605 
124 4027514 
125 4027436 
126 4027385 
127 4027365 
128 4027352 
129 4026949 
130 4026917 
131 4026904 
132 4024531 
133 4017385 
134 4017372 
135 4017345 
136 4017189 
137 4016859 
138 4004730 
139 4004723 
140 4003241 
141 3999679 
142 3999679 
143 3999644 
144 3998160 
145 3995318 
146 3994928 
147 3992575 
148 3991875 
149 3991557 
150 3991270 
151 3991111 
152 3990641 
153 3990424 
154 3986263 
155 3986250 
156 3984142 
157 3983973 
158 3983967 
159 3983935 
160 3983928 
161 3983901 
162 3979462 
163 3979436 
164 3979117 
165 3978532 
166 3978354 
167 3978335 
168 3978153 
169 3978127 
170 3977996 
171 3977275 
172 3977167 
173 3976300 
174 3974280 
175 3971896 
176 3969756 
177 3968635 
178 3968595 
179 3968580 
180 3968551 
181 3968480 
182 3968220 
183 3968118 
184 3966571 
185 3965765 
186 3965190 
187 3957637 
188 3957146 
189 3956522 
190 3952132 
191 3948271 
192 3948135 
193 3947309 
194 3946060 
195 3946000 
196 3945384 
197 3945286 
198 3945073 
199 3944870 
200 3944863 
201 3944863 
202 3944786 
203 3944732 
204 3944725 
205 3944711 
206 3944693 
207 3941728 
208 3941728 
209 3940947 
210 3940921 
211 3938967 
212 3938944 
213 3938932 
214 3938632 
215 3938587 
216 3937716 
217 3937696 
218 3937690 
219 3937683 
220 3937358 
221 3936497 
222 3936494 
223 3936473 
224 3936331 
225 3936320 
226 3936294 
227 3935403 
228 3932243 
229 3932075 
230 3932062 
231 3931920 
232 3931673 
233 3931117 
234 3931117 
235 3929921 
236 3929234 
237 3929051 
238 3928593 
239 3928565 
240 3926353 
241 3924204 
242 3924197 
243 3924190 
244 3924011 
245 3921698 
246 3921649 
247 3920342 
248 3920335 
249 3920335 
250 3920328 
251 3920288 
252 3920275 
253 3919334 
254 3918647 
255 3916387 
256 3915952 
257 3914535 
258 3914356 
259 3914356 
260 3914356 
261 3912472 
262 3911618 
263 3911595 
264 3911260 
265 3908213 
266 3907186 
267 3907173 
268 3906107 
269 3905886 
270 3905732 
271 3905732 
272 3905726 
273 3905635 
274 3905607 
275 3902643 
276 3902223 
277 3902141 
278 3901604 
279 3901045 
280 3901031 
281 3901018 
282 3901011 
283 3898093 
284 3898087 
285 3898081 
286 3897910 
287 3897892 
288 3897363 
289 3897363 
290 3897298 
291 3897298 
292 3897011 
293 3896998 
294 3896985 
295 3896634 
296 3895891 
297 3895884 
298 3895837 
299 3895720 
300 3895707 
301 3895700 
302 3894237 
303 3894107 
304 3893841 
305 3891002 
306 3890970 
307 3890963 
308 3890921 
309 3890910 
310 3890432 
311 3890432 
312 3890407 
313 3890402 
314 3890363 
315 3890108 
316 3890065 
317 3889673 
318 3889624 
319 3889618 
320 3889527 
321 3886049 
322 3885737 
323 3885165 
324 3885153 
325 3885140 
326 3885101 
327 3885031 
328 3884927 
329 3884927 
330 3884926 
331 3884926 
332 3884900 
333 3884880 
334 3884824 
335 3884823 
336 3884803 
337 3884784 
338 3884726 
339 3884481 
340 3884475 
341 3884376 
342 3884362 
343 3884096 
344 3883732 
345 3883648 
346 3881224 
347 3880093 
348 3876008 
349 3875644 
350 3875390 
351 3874571 
352 3872972 
353 3872400 
354 3868344 
355 3868253 
356 3868220 
357 3867662 
358 3867597 
359 3867445 
360 3866834 
361 3866820 
362 3866605 
363 3866479 
364 3864539 
365 3861152 
366 3857499 
367 3857417 
368 3850605 
369 3848434 
370 3848044 
371 3847887 
372 3847873 
373 3847784 
374 3847407 
375 3847400 
376 3847393 
377 3846287 
378 3846268 
379 3844931 
380 3844018 
381 3843970 
382 3843963 
383 3842392 
384 3842288 
385 3839425 
386 3839418 
387 3839255 
388 3839136 
389 3839136 
390 3839136 
391 3838261 
392 3838254 
393 3838221 
394 3836899 
395 3836856 
396 3836531 
397 3836362 
398 3835575 
399 3835575 
400 3835561 
401 3835512 
402 3835441 
403 3834636 
404 3834565 
405 3834095 
406 3832126 
407 3831424 
408 3827144 
409 3821645 
410 3821645 
411 3819365 
412 3819365 
413 3818962 
414 3818949 
415 3818949 
416 3818935 
417 3818865 
418 3818300 
419 3818290 
420 3818283 
421 3818269 
422 3818262 
423 3816917 
424 3816623 
425 3816616 
426 3816603 
427 3812236 
428 3811901 
429 3811887 
430 3811880 
431 3810787 
432 3810766 
433 3810717 
434 3810676 
435 3810635 
436 3810620 
437 3810606 
438 3810418 
439 3810418 
440 3809421 
441 3809118 
442 3808992 
443 3808977 
444 3808641 
445 3808075 
446 3807998 
447 3807998 
448 3807978 
449 3807978 
450 3805030 
451 3804491 
452 3804365 
453 3804363 
454 3804230 
455 3802700 
456 3796944 
457 3795594 
458 3794389 
459 3793332 
460 3793325 
461 3793293 
462 3793001 
463 3791532 
464 3791155 
465 3790995 
466 3790855 
467 3790834 
468 3790813 
469 3790093 
470 3789960 
471 3789771 
472 3788963 
473 3788854 
474 3788847 
475 3788840 
476 3787386 
477 3786258 
478 3786258 
479 3785908 
480 3785908 
481 3785054 
482 3784747 
483 3784740 
484 3784740 
485 3783790 
486 3783727 
487 3783720 
488 3783706 
489 3783706 
490 3783699 
491 3783660 
492 3783646 
493 3783554 
494 3783529 
495 3783523 
496 3783454 
497 3783447 
498 3783329 
499 3783134 
500 3782907 
501 3782893 
502 3782893 
503 3782886 
504 3782886 
505 3782879 
506 3782879 
507 3782809 
508 3782809 
509 3782808 
510 3782795 
511 3782788 
512 3782788 
513 3782788 
514 3782781 
515 3782775 
516 3782775 
517 3782775 
518 3782775 
519 3782769 
520 3782711 
521 3782711 
522 3782711 
523 3782697 
524 3782697 
525 3782690 
526 3782690 
527 3782690 
528 3782690 
529 3782690 
530 3782690 
531 3782690 
532 3782690 
533 3782690 
534 3782690 
535 3782690 
536 3782690 
537 3782690 
538 3782690 
539 3782690 
540 3782690 
541 3782690 
542 3782690 
543 3782690 
544 3782690 
545 3782690 
546 3782690 
547 3782690 
548 3782690 
549 3782690 
550 3782690 
551 3782690 
552 3782690 
553 3782690 
554 3782690 
555 3782690 
556 3782690 
557 3782690 
558 3782690 
559 3782690 
560 3782690 
561 3782690 
562 3782690 
563 3782690 
564 3782690 
565 3782690 
566 3782690 
567 3782690 
568 3782690 
569 3782690 
570 3782690 
571 3782690 
572 3782690 
573 3782690 
574 3782690 
575 3782690 
576 3782690 
577 3782690 
578 3782690 
579 3782690 
580 3782690 
581 3782690 
582 3782690 
583 3782690 
584 3782690 
585 3782690 
586 3782690 
587 3782690 
588 3782690 
589 3782690 
590 3782690 
591 3782690 
592 3782690 
593 3782690 
594 3782690 
595 3782690 
596 3782690 
597 3782690 
598 3782690 
599 3782690 
600 3782690 
601 3782690 
602 3782690 
603 3782690 
604 3782690 
605 3782690 
606 3782690 
607 3782690 
608 3782690 
609 3782690 
610 3782690 
611 3782690 
612 3782690 
613 3782690 
614 3782690 
615 3782690 
616 3782690 
617 3782690 
618 3782690 
619 3782690 
620 3782690 
621 3782690 
622 3782690 
623 3782690 
624 3782690 
625 3782690 
626 3782690 
627 3782690 
628 3782690 
629 3782690 
630 3782690 
631 3782690 
632 3782690 
633 3782690 
634 3782690 
635 3782690 
636 3782690 
637 3782690 
638 3782690 
639 3782690 
640 3782690 
641 3782690 
642 3782690 
643 3782690 
644 3782690 
645 3782690 
646 3782690 
647 3782690 
648 3782690 
649 3782690 
650 3782690 
651 3782690 
652 3782690 
653 3782690 
654 3782690 
655 3782690 
656 3782690 
657 3782690 
658 3782690 
659 3782690 
660 3782690 
661 3782690 
662 3782690 
663 3782690 
664 3782690 
665 3782690 
666 3782690 
667 3782690 
668 3782690 
669 3782690 
670 3782690 
671 3782690 
672 3782690 
673 3782690 
674 3782690 
675 3782690 
676 3782690 
677 3782690 
678 3782690 
679 3782690 
680 3782690 
681 3782690 
682 3782690 
683 3782690 
684 3782690 
685 3782690 
686 3782690 
687 3782690 
688 3782690 
689 3782690 
690 3782690 
691 3782690 
692 3782690 
693 3782690 
694 3782690 
695 3782690 
696 3782690 
697 3782690 
698 3782690 
699 3782690 
700 3782690 
701 3782690 
702 3782690 
703 3782690 
704 3782690 
705 3782690 
706 3782690 
707 3782690 
708 3782690 
709 3782690 
710 3782690 
711 3782690 
712 3782690 
713 3782690 
714 3782690 
715 3782690 
716 3782690 
717 3782690 
718 3782690 
719 3782690 
720 3782690 
721 3782690 
722 3782690 
723 3782690 
724 3782690 
725 3782690 
726 3782690 
727 3782690 
728 3782690 
729 3782690 
730 3782690 
731 3782690 
732 3782690 
733 3782690 
734 3782690 
735 3782690 
736 3782690 
737 3782690 
738 3782690 
739 3782690 
740 3782690 
741 3782690 
742 3782690 
743 3782690 
744 3782690 
745 3782690 
746 3782690 
747 3782690 
748 3782690 
749 3782690 
750 3782690 
751 3782690 
752 3782690 
753 3782690 
754 3782690 
755 3782690 
756 3782690 
757 3782690 
758 3782690 
759 3782690 
760 3782690 
761 3782690 
762 3782690 
763 3782690 
764 3782690 
765 3782690 
766 3782690 
767 3782690 
768 3782690 
769 3782690 
770 3782690 
771 3782690 
772 3782690 
773 3782690 
774 3782690 
775 3782690 
776 3782690 
777 3782690 
778 3782690 
779 3782690 
780 3782690 
781 3782690 
782 3782690 
783 3782690 
784 3782690 
785 3782690 
786 3782690 
787 3782690 
788 3782690 
789 3782690 
790 3782690 
791 3782690 
792 3782690 
793 3782690 
794 3782690 
795 3782690 
796 3782690 
797 3782690 
798 3782690 
799 3782690 
800 3782690 
801 3782690 
802 3782690 
803 3782690 
804 3782690 
805 3782690 
806 3782690 
807 3782690 
808 3782690 
809 3782690 
810 3782690 
811 3782690 
812 3782690 
813 3782690 
814 3782690 
815 3782690 
816 3782690 
817 3782690 
818 3782690 
819 3782690 
820 3782690 
821 3782690 
822 3782690 
823 3782690 
824 3782690 
825 3782690 
826 3782690 
827 3782690 
828 3782690 
829 3782690 
830 3782690 
831 3782690 
832 3782690 
833 3782690 
834 3782690 
835 3782690 
836 3782690 
837 3782690 
838 3782690 
839 3782690 
840 3782690 
841 3782690 
842 3782690 
843 3782690 
844 3782690 
845 3782690 
846 3782690 
847 3782690 
848 3782690 
849 3782690 
850 3782690 
851 3782690 
852 3782690 
853 3782690 
854 3782690 
855 3782690 
856 3782690 
857 3782690 
858 3782690 
859 3782690 
860 3782690 
861 3782690 
862 3782690 
863 3782690 
864 3782690 
865 3782690 
866 3782690 
867 3782690 
868 3782690 
869 3782690 
870 3782690 
871 3782690 
872 3782690 
873 3782690 
874 3782690 
875 3782690 
876 3782690 
877 3782690 
878 3782690 
879 3782690 
880 3782690 
881 3782690 
882 3782690 
883 3782690 
884 3782690 
885 3782690 
886 3782690 
887 3782690 
888 3782690 
889 3782690 
890 3782690 
891 3782690 
892 3782690 
893 3782690 
894 3782690 
895 3782690 
896 3782690 
897 3782690 
898 3782690 
899 3782690 
900 3782690 
901 3782690 
902 3782690 
903 3782690 
904 3782690 
905 3782690 
906 3782690 
907 3782690 
908 3782690 
909 3782690 
910 3782690 
911 3782690 
912 3782690 
913 3782690 
914 3782690 
915 3782690 
916 3782690 
917 3782690 
918 3782690 
919 3782690 
920 3782690 
921 3782690 
922 3782690 
923 3782690 
924 3782690 
925 3782690 
926 3782690 
927 3782690 
928 3782690 
929 3782690 
930 3782690 
931 3782690 
932 3782690 
933 3782690 
934 3782690 
935 3782690 
936 3782690 
937 3782690 
938 3782690 
939 3782690 
940 3782690 
941 3782690 
942 3782690 
943 3782690 
944 3782690 
945 3782690 
946 3782690 
947 3782690 
948 3782690 
949 3782690 
950 3782690 
951 3782690 
952 3782690 
953 3782690 
954 3782690 
955 3782690 
956 3782690 
957 3782690 
958 3782690 
959 3782690 
960 3782690 
961 3782690 
962 3782690 
963 3782690 
964 3782690 
965 3782690 
966 3782690 
967 3782690 
968 3782690 
969 3782690 
970 3782690 
971 3782690 
972 3782690 
973 3782690 
974 3782690 
975 3782690 
976 3782690 
977 3782690 
978 3782690 
979 3782690 
980 3782690 
981 3782690 
982 3782690 
983 3782690 
984 3782690 
985 3782690 
986 3782690 
987 3782690 
988 3782690 
989 3782690 
990 3782690 
991 3782690 
992 3782690 
993 3782690 
994 3782690 
995 3782690 
996 3782690 
997 3782690 
998 3782690 
999 3782690 
1000 3782690 
1001 3782690 
1002 3782690 
1003 3782690 
1004 3782690 
1005 3782690 
1006 3782690 
1007 3782690 
1008 3782690 
1009 3782690 
1010 3782690 
1011 3782690 
1012 3782690 
1013 3782690 
1014 3782690 
1015 3782690 
1016 3782690 
1017 3782690 
1018 3782690 
1019 3782690 
1020 3782690 
1021 3782690 
1022 3782690 
1023 3782690 
1024 3782690 
1025 3782690 
1026 3782690 
1027 3782690 
1028 3782690 
1029 3782690 
1030 3782690 
1031 3782690 
1032 3782690 
1033 3782690 
1034 3782690 
1035 3782690 
1036 3782690 
1037 3782690 
1038 3782690 
1039 3782690 
1040 3782690 
1041 3782690 
1042 3782690 
1043 3782690 
1044 3782690 
1045 3782690 
1046 3782690 
1047 3782690 
1048 3782690 
1049 3782690 
1050 3782690 
1051 3782690 
1052 3782690 
1053 3782690 
1054 3782690 
1055 3782690 
1056 3782690 
1057 3782690 
1058 3782690 
1059 3782690 
1060 3782690 
1061 3782690 
1062 3782690 
1063 3782690 
1064 3782690 
1065 3782690 
1066 3782690 
1067 3782690 
1068 3782690 
1069 3782690 
1070 3782690 
1071 3782690 
1072 3782690 
1073 3782690 
1074 3782690 
1075 3782690 
1076 3782690 
1077 3782690 
1078 3782690 
1079 3782690 
1080 3782690 
1081 3782690 
1082 3782690 
1083 3782690 
1084 3782690 
1085 3782690 
1086 3782690 
1087 3782690 
1088 3782690 
1089 3782690 
1090 3782690 
1091 3782690 
1092 3782690 
1093 3782690 
1094 3782690 
1095 3782690 
1096 3782690 
1097 3782690 
1098 3782690 
1099 3782690 
1100 3782690 
1101 3782690 
1102 3782690 
1103 3782690 
1104 3782690 
1105 3782690 
1106 3782690 
1107 3782690 
1108 3782690 
1109 3782690 
1110 3782690 
1111 3782690 
1112 3782690 
1113 3782690 
1114 3782690 
1115 3782690 
1116 3782690 
1117 3782690 
1118 3782690 
1119 3782690 
1120 3782690 
1121 3782690 
1122 3782690 
1123 3782690 
1124 3782690 
1125 3782690 
1126 3782690 
1127 3782690 
1128 3782690 
1129 3782690 
1130 3782690 
1131 3782690 
1132 3782690 
1133 3782690 
1134 3782690 
1135 3782690 
1136 3782690 
1137 3782690 
1138 3782690 
1139 3782690 
1140 3782690 
1141 3782690 
1142 3782690 
1143 3782690 
1144 3782690 
1145 3782690 
1146 3782690 
1147 3782690 
1148 3782690 
1149 3782690 
1150 3782690 
1151 3782690 
1152 3782690 
1153 3782690 
1154 3782690 
1155 3782690 
1156 3782690 
1157 3782690 
1158 3782690 
1159 3782690 
1160 3782690 
1161 3782690 
1162 3782690 
1163 3782690 
1164 3782690 
1165 3782690 
1166 3782690 
1167 3782690 
1168 3782690 
1169 3782690 
1170 3782690 
1171 3782690 
1172 3782690 
1173 3782690 
1174 3782690 
1175 3782690 
1176 3782690 
1177 3782690 
1178 3782690 
1179 3782690 
1180 3782690 
1181 3782690 
1182 3782690 
1183 3782690 
1184 3782690 
1185 3782690 
1186 3782690 
1187 3782690 
1188 3782690 
1189 3782690 
1190 3782690 
1191 3782690 
1192 3782690 
1193 3782690 
1194 3782690 
1195 3782690 
1196 3782690 
1197 3782690 
1198 3782690 
1199 3782690 
1200 3782690 
1201 3782690 
1202 3782690 
1203 3782690 
1204 3782690 
1205 3782690 
1206 3782690 
1207 3782690 
1208 3782690 
1209 3782690 
1210 3782690 
1211 3782690 
1212 3782690 
1213 3782690 
1214 3782690 
1215 3782690 
1216 3782690 
1217 3782690 
1218 3782690 
1219 3782690 
1220 3782690 
1221 3782690 
1222 3782690 
1223 3782690 
1224 3782690 
1225 3782690 
1226 3782690 
1227 3782690 
1228 3782690 
1229 3782690 
1230 3782690 
1231 3782690 
1232 3782690 
1233 3782690 
1234 3782690 
1235 3782690 
1236 3782690 
1237 3782690 
1238 3782690 
1239 3782690 
1240 3782690 
1241 3782690 
1242 3782690 
1243 3782690 
1244 3782690 
1245 3782690 
1246 3782690 
1247 3782690 
1248 3782690 
1249 3782690 
1250 3782690 
1251 3782690 
1252 3782690 
1253 3782690 
1254 3782690 
1255 3782690 
1256 3782690 
1257 3782690 
1258 3782690 
1259 3782690 
1260 3782690 
1261 3782690 
1262 3782690 
1263 3782690 
1264 3782690 
1265 3782690 
1266 3782690 
1267 3782690 
1268 3782690 
1269 3782690 
1270 3782690 
1271 3782690 
1272 3782690 
1273 3782690 
1274 3782690 
1275 3782690 
1276 3782690 
1277 3782690 
1278 3782690 
1279 3782690 
1280 3782690 
1281 3782690 
1282 3782690 
1283 3782690 
1284 3782690 
1285 3782690 
1286 3782690 
1287 3782690 
1288 3782690 
1289 3782690 
1290 3782690 
1291 3782690 
1292 3782690 
1293 3782690 
1294 3782690 
1295 3782690 
1296 3782690 
1297 3782690 
1298 3782690 
1299 3782690 
1300 3782690 
1301 3782690 
1302 3782690 
1303 3782690 
1304 3782690 
1305 3782690 
1306 3782690 
1307 3782690 
1308 3782690 
1309 3782690 
1310 3782690 
1311 3782690 
1312 3782690 
1313 3782690 
1314 3782690 
1315 3782690 
1316 3782690 
1317 3782690 
1318 3782690 
1319 3782690 
1320 3782690 
1321 3782690 
1322 3782690 
1323 3782690 
1324 3782690 
1325 3782690 
1326 3782690 
1327 3782690 
1328 3782690 
1329 3782690 
1330 3782690 
1331 3782690 
1332 3782690 
1333 3782690 
1334 3782690 
1335 3782690 
1336 3782690 
1337 3782690 
1338 3782690 
1339 3782690 
1340 3782690 
1341 3782690 
1342 3782690 
1343 3782690 
1344 3782690 
1345 3782690 
1346 3782690 
1347 3782690 
1348 3782690 
1349 3782690 
1350 3782690 
1351 3782690 
1352 3782690 
1353 3782690 
1354 3782690 
1355 3782690 
1356 3782690 
1357 3782690 
1358 3782690 
1359 3782690 
1360 3782690 
1361 3782690 
1362 3782690 
1363 3782690 
1364 3782690 
1365 3782690 
1366 3782690 
1367 3782690 
1368 3782690 
1369 3782690 
1370 3782690 
1371 3782690 
1372 3782690 
1373 3782690 
1374 3782690 
1375 3782690 
1376 3782690 
1377 3782690 
1378 3782690 
1379 3782690 
1380 3782690 
1381 3782690 
1382 3782690 
1383 3782690 
1384 3782690 
1385 3782690 
1386 3782690 
1387 3782690 
1388 3782690 
1389 3782690 
1390 3782690 
1391 3782690 
1392 3782690 
1393 3782690 
1394 3782690 
1395 3782690 
1396 3782690 
1397 3782690 
1398 3782690 
1399 3782690 
1400 3782690 
1401 3782690 
1402 3782690 
1403 3782690 
1404 3782690 
1405 3782690 
1406 3782690 
1407 3782690 
1408 3782690 
1409 3782690 
1410 3782690 
1411 3782690 
1412 3782690 
1413 3782690 
1414 3782690 
1415 3782690 
1416 3782690 
1417 3782690 
1418 3782690 
1419 3782690 
1420 3782690 
1421 3782690 
1422 3782690 
1423 3782690 
1424 3782690 
1425 3782690 
1426 3782690 
1427 3782690 
1428 3782690 
1429 3782690 
1430 3782690 
1431 3782690 
1432 3782690 
1433 3782690 
1434 3782690 
1435 3782690 
1436 3782690 
1437 3782690 
1438 3782690 
1439 3782690 
1440 3782690 
1441 3782690 
1442 3782690 
1443 3782690 
1444 3782690 
1445 3782690 
1446 3782690 
1447 3782690 
1448 3782690 
1449 3782690 
1450 3782690 
1451 3782690 
1452 3782690 
1453 3782690 
1454 3782690 
1455 3782690 
1456 3782690 
1457 3782690 
1458 3782690 
1459 3782690 
1460 3782690 
1461 3782690 
1462 3782690 
1463 3782690 
1464 3782690 
1465 3782690 
1466 3782690 
1467 3782690 
1468 3782690 
1469 3782690 
1470 3782690 
1471 3782690 
1472 3782690 
1473 3782690 
1474 3782690 
1475 3782690 
1476 3782690 
1477 3782690 
1478 3782690 
1479 3782690 
1480 3782690 
1481 3782690 
1482 3782690 
1483 3782690 
1484 3782690 
1485 3782690 
1486 3782690 
1487 3782690 
1488 3782690 
1489 3782690 
1490 3782690 
1491 3782690 
1492 3782690 
1493 3782690 
1494 3782690 
1495 3782690 
1496 3782690 
1497 3782690 
1498 3782690 
1499 3782690 
1500 3782690 
1501 3782690 
1502 3782690 
1503 3782690 
1504 3782690 
1505 3782690 
1506 3782690 
1507 3782690 
1508 3782690 
1509 3782690 
1510 3782690 
1511 3782690 
1512 3782690 
1513 3782690 
1514 3782690 
1515 3782690 
1516 3782690 
1517 3782690 
1518 3782690 
1519 3782690 
1520 3782690 
1521 3782690 
1522 3782690 
1523 3782690 
1524 3782690 
1525 3782690 
1526 3782690 
1527 3782690 
1528 3782690 
1529 3782690 
1530 3782690 
1531 3782690 
1532 3782690 
1533 3782690 
1534 3782690 
1535 3782690 
1536 3782690 
1537 3782690 
1538 3782690 
1539 3782690 
1540 3782690 
1541 3782690 
1542 3782690 
1543 3782690 
1544 3782690 
1545 3782690 
1546 3782690 
1547 3782690 
1548 3782690 
1549 3782690 
1550 3782690 
1551 3782690 
1552 3782690 
1553 3782690 
1554 3782690 
1555 3782690 
1556 3782690 
1557 3782690 
1558 3782690 
1559 3782690 
1560 3782690 
1561 3782690 
1562 3782690 
1563 3782690 
1564 3782690 
1565 3782690 
1566 3782690 
1567 3782690 
1568 3782690 
1569 3782690 
1570 3782690 
1571 3782690 
1572 3782690 
1573 3782690 
1574 3782690 
1575 3782690 
1576 3782690 
1577 3782690 
1578 3782690 
1579 3782690 
1580 3782690 
1581 3782690 
1582 3782690 
1583 3782690 
1584 3782690 
1585 3782690 
1586 3782690 
1587 3782690 
1588 3782690 
1589 3782690 
1590 3782690 
1591 3782690 
1592 3782690 
1593 3782690 
1594 3782690 
1595 3782690 
1596 3782690 
1597 3782690 
1598 3782690 
1599 3782690 
1600 3782690 
1601 3782690 
1602 3782690 
1603 3782690 
1604 3782690 
1605 3782690 
1606 3782690 
1607 3782690 
1608 3782690 
1609 3782690 
1610 3782690 
1611 3782690 
1612 3782690 
1613 3782690 
1614 3782690 
1615 3782690 
1616 3782690 
1617 3782690 
1618 3782690 
1619 3782690 
1620 3782690 
1621 3782690 
1622 3782690 
1623 3782690 
1624 3782690 
1625 3782690 
1626 3782690 
1627 3782690 
1628 3782690 
1629 3782690 
1630 3782690 
1631 3782690 
1632 3782690 
1633 3782690 
1634 3782690 
1635 3782690 
1636 3782690 
1637 3782690 
1638 3782690 
1639 3782690 
1640 3782690 
1641 3782690 
1642 3782690 
1643 3782690 
1644 3782690 
1645 3782690 
1646 3782690 
1647 3782690 
1648 3782690 
1649 3782690 
1650 3782690 
1651 3782690 
1652 3782690 
1653 3782690 
1654 3782690 
1655 3782690 
1656 3782690 
1657 3782690 
1658 3782690 
1659 3782690 
1660 3782690 
1661 3782690 
1662 3782690 
1663 3782690 
1664 3782690 
1665 3782690 
1666 3782690 
1667 3782690 
1668 3782690 
1669 3782690 
1670 3782690 
1671 3782690 
1672 3782690 
1673 3782690 
1674 3782690 
1675 3782690 
1676 3782690 
1677 3782690 
1678 3782690 
1679 3782690 
1680 3782690 
1681 3782690 
1682 3782690 
1683 3782690 
1684 3782690 
1685 3782690 
1686 3782690 
1687 3782690 
1688 3782690 
1689 3782690 
1690 3782690 
1691 3782690 
1692 3782690 
1693 3782690 
1694 3782690 
1695 3782690 
1696 3782690 
1697 3782690 
1698 3782690 
1699 3782690 
1700 3782690 
1701 3782690 
1702 3782690 
1703 3782690 
1704 3782690 
1705 3782690 
1706 3782690 
1707 3782690 
1708 3782690 
1709 3782690 
1710 3782690 
1711 3782690 
1712 3782690 
1713 3782690 
1714 3782690 
1715 3782690 
1716 3782690 
1717 3782690 
1718 3782690 
1719 3782690 
1720 3782690 
1721 3782690 
1722 3782690 
1723 3782690 
1724 3782690 
1725 3782690 
1726 3782690 
1727 3782690 
1728 3782690 
1729 3782690 
1730 3782690 
1731 3782690 
1732 3782690 
1733 3782690 
1734 3782690 
1735 3782690 
1736 3782690 
1737 3782690 
1738 3782690 
1739 3782690 
1740 3782690 
1741 3782690 
1742 3782690 
1743 3782690 
1744 3782690 
1745 3782690 
1746 3782690 
1747 3782690 
1748 3782690 
1749 3782690 
1750 3782690 
1751 3782690 
1752 3782690 
1753 3782690 
1754 3782690 
1755 3782690 
1756 3782690 
1757 3782690 
1758 3782690 
1759 3782690 
1760 3782690 
1761 3782690 
1762 3782690 
1763 3782690 
1764 3782690 
1765 3782690 
1766 3782690 
1767 3782690 
1768 3782690 
1769 3782690 
1770 3782690 
1771 3782690 
1772 3782690 
1773 3782690 
1774 3782690 
1775 3782690 
1776 3782690 
1777 3782690 
1778 3782690 
1779 3782690 
1780 3782690 
1781 3782690 
1782 3782690 
1783 3782690 
1784 3782690 
1785 3782690 
1786 3782690 
1787 3782690 
1788 3782690 
1789 3782690 
1790 3782690 
1791 3782690 
1792 3782690 
1793 3782690 
1794 3782690 
1795 3782690 
1796 3782690 
1797 3782690 
1798 3782690 
1799 3782690 
1800 3782690 
1801 3782690 
1802 3782690 
1803 3782690 
1804 3782690 
1805 3782690 
1806 3782690 
1807 3782690 
1808 3782690 
1809 3782690 
1810 3782690 
1811 3782690 
1812 3782690 
1813 3782690 
1814 3782690 
1815 3782690 
1816 3782690 
1817 3782690 
1818 3782690 
1819 3782690 
1820 3782690 
1821 3782690 
1822 3782690 
1823 3782690 
1824 3782690 
1825 3782690 
1826 3782690 
1827 3782690 
1828 3782690 
1829 3782690 
1830 3782690 
1831 3782690 
1832 3782690 
1833 3782690 
1834 3782690 
1835 3782690 
1836 3782690 
1837 3782690 
1838 3782690 
1839 3782690 
1840 3782690 
1841 3782690 
1842 3782690 
1843 3782690 
1844 3782690 
1845 3782690 
1846 3782690 
1847 3782690 
1848 3782690 
1849 3782690 
1850 3782690 
1851 3782690 
1852 3782690 
1853 3782690 
1854 3782690 
1855 3782690 
1856 3782690 
1857 3782690 
1858 3782690 
1859 3782690 
1860 3782690 
1861 3782690 
1862 3782690 
1863 3782690 
1864 3782690 
1865 3782690 
1866 3782690 
1867 3782690 
1868 3782690 
1869 3782690 
1870 3782690 
1871 3782690 
1872 3782690 
1873 3782690 
1874 3782690 
1875 3782690 
1876 3782690 
1877 3782690 
1878 3782690 
1879 3782690 
1880 3782690 
1881 3782690 
1882 3782690 
1883 3782690 
1884 3782690 
1885 3782690 
1886 3782690 
1887 3782690 
1888 3782690 
1889 3782690 
1890 3782690 
1891 3782690 
1892 3782690 
1893 3782690 
1894 3782690 
1895 3782690 
1896 3782690 
1897 3782690 
1898 3782690 
1899 3782690 
1900 3782690 
1901 3782690 
1902 3782690 
1903 3782690 
1904 3782690 
1905 3782690 
1906 3782690 
1907 3782690 
1908 3782690 
1909 3782690 
1910 3782690 
1911 3782690 
1912 3782690 
1913 3782690 
1914 3782690 
1915 3782690 
1916 3782690 
1917 3782690 
1918 3782690 
1919 3782690 
1920 3782690 
1921 3782690 
1922 3782690 
1923 3782690 
1924 3782690 
1925 3782690 
1926 3782690 
1927 3782690 
1928 3782690 
1929 3782690 
1930 3782690 
1931 3782690 
1932 3782690 
1933 3782690 
1934 3782690 
1935 3782690 
1936 3782690 
1937 3782690 
1938 3782690 
1939 3782690 
1940 3782690 
1941 3782690 
1942 3782690 
1943 3782690 
1944 3782690 
1945 3782690 
1946 3782690 
1947 3782690 
1948 3782690 
1949 3782690 
1950 3782690 
1951 3782690 
1952 3782690 
1953 3782690 
1954 3782690 
1955 3782690 
1956 3782690 
1957 3782690 
1958 3782690 
1959 3782690 
1960 3782690 
1961 3782690 
1962 3782690 
1963 3782690 
1964 3782690 
1965 3782690 
1966 3782690 
1967 3782690 
1968 3782690 
1969 3782690 
1970 3782690 
1971 3782690 
1972 3782690 
1973 3782690 
1974 3782690 
1975 3782690 
1976 3782690 
1977 3782690 
1978 3782690 
1979 3782690 
1980 3782690 
1981 3782690 
1982 3782690 
1983 3782690 
1984 3782690 
1985 3782690 
1986 3782690 
1987 3782690 
1988 3782690 
1989 3782690 
1990 3782690 
1991 3782690 
1992 3782690 
1993 3782690 
1994 3782690 
1995 3782690 
1996 3782690 
1997 3782690 
1998 3782690 
1999 3782690 
2000 3782690 
2001 3782690 
2002 3782690 
2003 3782690 
2004 3782690 
2005 3782690 
2006 3782690 
2007 3782690 
2008 3782690 
2009 3782690 
2010 3782690 
2011 3782690 
2012 3782690 
2013 3782690 
2014 3782690 
2015 3782690 
2016 3782690 
2017 3782690 
2018 3782690 
2019 3782690 
2020 3782690 
2021 3782690 
2022 3782690 
2023 3782690 
2024 3782690 
2025 3782690 
2026 3782690 
2027 3782690 
2028 3782690 
2029 3782690 
2030 3782690 
2031 3782690 
2032 3782690 
2033 3782690 
2034 3782690 
2035 3782690 
2036 3782690 
2037 3782690 
2038 3782690 
2039 3782690 
2040 3782690 
2041 3782690 
2042 3782690 
2043 3782690 
2044 3782690 
2045 3782690 
2046 3782690 
2047 3782690 
2048 3782690 
2049 3782690 
2050 3782690 
2051 3782690 
2052 3782690 
2053 3782690 
2054 3782690 
2055 3782690 
2056 3782690 
2057 3782690 
2058 3782690 
2059 3782690 
2060 3782690 
2061 3782690 
2062 3782690 
2063 3782690 
2064 3782690 
2065 3782690 
2066 3782690 
2067 3782690 
2068 3782690 
2069 3782690 
2070 3782690 
2071 3782690 
2072 3782690 
2073 3782690 
2074 3782690 
2075 3782690 
2076 3782690 
2077 3782690 
2078 3782690 
2079 3782690 
2080 3782690 
2081 3782690 
2082 3782690 
2083 3782690 
2084 3782690 
2085 3782690 
2086 3782690 
2087 3782690 
2088 3782690 
2089 3782690 
2090 3782690 
2091 3782690 
2092 3782690 
2093 3782690 
2094 3782690 
2095 3782690 
2096 3782690 
2097 3782690 
2098 3782690 
2099 3782690 
2100 3782690 
2101 3782690 
2102 3782690 
2103 3782690 
2104 3782690 
2105 3782690 
2106 3782690 
2107 3782690 
2108 3782690 
2109 3782690 
2110 3782690 
2111 3782690 
2112 3782690 
2113 3782690 
2114 3782690 
2115 3782690 
2116 3782690 
2117 3782690 
2118 3782690 
2119 3782690 
2120 3782690 
2121 3782690 
2122 3782690 
2123 3782690 
2124 3782690 
2125 3782690 
2126 3782690 
2127 3782690 
2128 3782690 
2129 3782690 
2130 3782690 
2131 3782690 
2132 3782690 
2133 3782690 
2134 3782690 
2135 3782690 
2136 3782690 
2137 3782690 
2138 3782690 
2139 3782690 
2140 3782690 
2141 3782690 
2142 3782690 
2143 3782690 
2144 3782690 
2145 3782690 
2146 3782690 
2147 3782690 
2148 3782690 
2149 3782690 
2150 3782690 
2151 3782690 
2152 3782690 
2153 3782690 
2154 3782690 
2155 3782690 
2156 3782690 
2157 3782690 
2158 3782690 
2159 3782690 
2160 3782690 
2161 3782690 
2162 3782690 
2163 3782690 
2164 3782690 
2165 3782690 
2166 3782690 
2167 3782690 
2168 3782690 
2169 3782690 
2170 3782690 
2171 3782690 
2172 3782690 
2173 3782690 
2174 3782690 
2175 3782690 
2176 3782690 
2177 3782690 
2178 3782690 
2179 3782690 
2180 3782690 
2181 3782690 
2182 3782690 
2183 3782690 
2184 3782690 
2185 3782690 
2186 3782690 
2187 3782690 
2188 3782690 
2189 3782690 
2190 3782690 
2191 3782690 
2192 3782690 
2193 3782690 
2194 3782690 
2195 3782690 
2196 3782690 
2197 3782690 
2198 3782690 
2199 3782690 
2200 3782690 
2201 3782690 
2202 3782690 
2203 3782690 
2204 3782690 
2205 3782690 
2206 3782690 
2207 3782690 
2208 3782690 
2209 3782690 
2210 3782690 
2211 3782690 
2212 3782690 
2213 3782690 
2214 3782690 
2215 3782690 
2216 3782690 
2217 3782690 
2218 3782690 
2219 3782690 
2220 3782690 
2221 3782690 
2222 3782690 
2223 3782690 
2224 3782690 
2225 3782690 
2226 3782690 
2227 3782690 
2228 3782690 
2229 3782690 
2230 3782690 
2231 3782690 
2232 3782690 
2233 3782690 
2234 3782690 
2235 3782690 
2236 3782690 
2237 3782690 
2238 3782690 
2239 3782690 
2240 3782690 
2241 3782690 
2242 3782690 
2243 3782690 
2244 3782690 
2245 3782690 
2246 3782690 
2247 3782690 
2248 3782690 
2249 3782690 
2250 3782690 
2251 3782690 
2252 3782690 
2253 3782690 
2254 3782690 
2255 3782690 
2256 3782690 
2257 3782690 
2258 3782690 
2259 3782690 
2260 3782690 
2261 3782690 
2262 3782690 
2263 3782690 
2264 3782690 
2265 3782690 
2266 3782690 
2267 3782690 
2268 3782690 
2269 3782690 
2270 3782690 
2271 3782690 
2272 3782690 
2273 3782690 
2274 3782690 
2275 3782690 
2276 3782690 
2277 3782690 
2278 3782690 
2279 3782690 
2280 3782690 
2281 3782690 
2282 3782690 
2283 3782690 
2284 3782690 
2285 3782690 
2286 3782690 
2287 3782690 
2288 3782690 
2289 3782690 
2290 3782690 
2291 3782690 
2292 3782690 
2293 3782690 
2294 3782690 
2295 3782690 
2296 3782690 
2297 3782690 
2298 3782690 
2299 3782690 
2300 3782690 
2301 3782690 
2302 3782690 
2303 3782690 
2304 3782690 
2305 3782690 
2306 3782690 
2307 3782690 
2308 3782690 
2309 3782690 
2310 3782690 
2311 3782690 
2312 3782690 
2313 3782690 
2314 3782690 
2315 3782690 
2316 3782690 
2317 3782690 
2318 3782690 
2319 3782690 
2320 3782690 
2321 3782690 
2322 3782690 
2323 3782690 
2324 3782690 
2325 3782690 
2326 3782690 
2327 3782690 
2328 3782690 
2329 3782690 
2330 3782690 
2331 3782690 
2332 3782690 
2333 3782690 
2334 3782690 
2335 3782690 
2336 3782690 
2337 3782690 
2338 3782690 
2339 3782690 
2340 3782690 
2341 3782690 
2342 3782690 
2343 3782690 
2344 3782690 
2345 3782690 
2346 3782690 
2347 3782690 
2348 3782690 
2349 3782690 
2350 3782690 
2351 3782690 
2352 3782690 
2353 3782690 
2354 3782690 
2355 3782690 
2356 3782690 
2357 3782690 
2358 3782690 
2359 3782690 
2360 3782690 
2361 3782690 
2362 3782690 
2363 3782690 
2364 3782690 
2365 3782690 
2366 3782690 
2367 3782690 
2368 3782690 
2369 3782690 
2370 3782690 
2371 3782690 
2372 3782690 
2373 3782690 
2374 3782690 
2375 3782690 
2376 3782690 
2377 3782690 
2378 3782690 
2379 3782690 
2380 3782690 
2381 3782690 
2382 3782690 
2383 3782690 
2384 3782690 
2385 3782690 
2386 3782690 
2387 3782690 
2388 3782690 
2389 3782690 
2390 3782690 
2391 3782690 
2392 3782690 
2393 3782690 
2394 3782690 
2395 3782690 
2396 3782690 
2397 3782690 
2398 3782690 
2399 3782690 
2400 3782690 
2401 3782690 
2402 3782690 
2403 3782690 
2404 3782690 
2405 3782690 
2406 3782690 
2407 3782690 
2408 3782690 
2409 3782690 
2410 3782690 
2411 3782690 
2412 3782690 
2413 3782690 
2414 3782690 
2415 3782690 
2416 3782690 
2417 3782690 
2418 3782690 
2419 3782690 
2420 3782690 
2421 3782690 
2422 3782690 
2423 3782690 
2424 3782690 
2425 3782690 
2426 3782690 
2427 3782690 
2428 3782690 
2429 3782690 
2430 3782690 
2431 3782690 
2432 3782690 
2433 3782690 
2434 3782690 
2435 3782690 
2436 3782690 
2437 3782690 
2438 3782690 
2439 3782690 
2440 3782690 
2441 3782690 
2442 3782690 
2443 3782690 
2444 3782690 
2445 3782690 
2446 3782690 
2447 3782690 
2448 3782690 
2449 3782690 
2450 3782690 
2451 3782690 
2452 3782690 
2453 3782690 
2454 3782690 
2455 3782690 
2456 3782690 
2457 3782690 
2458 3782690 
2459 3782690 
2460 3782690 
2461 3782690 
2462 3782690 
2463 3782690 
2464 3782690 
2465 3782690 
2466 3782690 
2467 3782690 
2468 3782690 
2469 3782690 
2470 3782690 
2471 3782690 
2472 3782690 
2473 3782690 
2474 3782690 
2475 3782690 
2476 3782690 
2477 3782690 
2478 3782690 
2479 3782690 
2480 3782690 
2481 3782690 
2482 3782690 
2483 3782690 
2484 3782690 
2485 3782690 
2486 3782690 
2487 3782690 
2488 3782690 
2489 3782690 
2490 3782690 
2491 3782690 
2492 3782690 
2493 3782690 
2494 3782690 
2495 3782690 
2496 3782690 
2497 3782690 
2498 3782690 
2499 3782690 
2500 3782690 
2501 3782690 
2502 3782690 
2503 3782690 
2504 3782690 
2505 3782690 
2506 3782690 
2507 3782690 
2508 3782690 
2509 3782690 
2510 3782690 
2511 3782690 
2512 3782690 
2513 3782690 
2514 3782690 
2515 3782690 
2516 3782690 
2517 3782690 
2518 3782690 
2519 3782690 
2520 3782690 
2521 3782690 
2522 3782690 
2523 3782690 
2524 3782690 
2525 3782690 
2526 3782690 
2527 3782690 
2528 3782690 
2529 3782690 
2530 3782690 
2531 3782690 
2532 3782690 
2533 3782690 
2534 3782690 
2535 3782690 
2536 3782690 
2537 3782690 
2538 3782690 
2539 3782690 
2540 3782690 
2541 3782690 
2542 3782690 
2543 3782690 
2544 3782690 
2545 3782690 
2546 3782690 
2547 3782690 
2548 3782690 
2549 3782690 
2550 3782690 
2551 3782690 
2552 3782690 
2553 3782690 
2554 3782690 
2555 3782690 
2556 3782690 
2557 3782690 
2558 3782690 
2559 3782690 
2560 3782690 
2561 3782690 
2562 3782690 
2563 3782690 
2564 3782690 
2565 3782690 
2566 3782690 
2567 3782690 
2568 3782690 
2569 3782690 
2570 3782690 
2571 3782690 
2572 3782690 
2573 3782690 
2574 3782690 
2575 3782690 
2576 3782690 
2577 3782690 
2578 3782690 
2579 3782690 
2580 3782690 
2581 3782690 
2582 3782690 
2583 3782690 
2584 3782690 
2585 3782690 
2586 3782690 
2587 3782690 
2588 3782690 
2589 3782690 
2590 3782690 
2591 3782690 
2592 3782690 
2593 3782690 
2594 3782690 
2595 3782690 
2596 3782690 
2597 3782690 
2598 3782690 
2599 3782690 
2600 3782690 
2601 3782690 
2602 3782690 
2603 3782690 
2604 3782690 
2605 3782690 
2606 3782690 
2607 3782690 
2608 3782690 
2609 3782690 
2610 3782690 
2611 3782690 
2612 3782690 
2613 3782690 
2614 3782690 
2615 3782690 
2616 3782690 
2617 3782690 
2618 3782690 
2619 3782690 
2620 3782690 
2621 3782690 
2622 3782690 
2623 3782690 
2624 3782690 
2625 3782690 
2626 3782690 
2627 3782690 
2628 3782690 
2629 3782690 
2630 3782690 
2631 3782690 
2632 3782690 
2633 3782690 
2634 3782690 
2635 3782690 
2636 3782690 
2637 3782690 
2638 3782690 
2639 3782690 
2640 3782690 
2641 3782690 
2642 3782690 
2643 3782690 
2644 3782690 
2645 3782690 
2646 3782690 
2647 3782690 
2648 3782690 
2649 3782690 
2650 3782690 
2651 3782690 
2652 3782690 
2653 3782690 
2654 3782690 
2655 3782690 
2656 3782690 
2657 3782690 
2658 3782690 
2659 3782690 
2660 3782690 
2661 3782690 
2662 3782690 
2663 3782690 
2664 3782690 
2665 3782690 
2666 3782690 
2667 3782690 
2668 3782690 
2669 3782690 
2670 3782690 
2671 3782690 
2672 3782690 
2673 3782690 
2674 3782690 
2675 3782690 
2676 3782690 
2677 3782690 
2678 3782690 
2679 3782690 
2680 3782690 
2681 3782690 
2682 3782690 
2683 3782690 
2684 3782690 
2685 3782690 
2686 3782690 
2687 3782690 
2688 3782690 
2689 3782690 
2690 3782690 
2691 3782690 
2692 3782690 
2693 3782690 
2694 3782690 
2695 3782690 
2696 3782690 
2697 3782690 
2698 3782690 
2699 3782690 
2700 3782690 
2701 3782690 
2702 3782690 
2703 3782690 
2704 3782690 
2705 3782690 
2706 3782690 
2707 3782690 
2708 3782690 
2709 3782690 
2710 3782690 
2711 3782690 
2712 3782690 
2713 3782690 
2714 3782690 
2715 3782690 
2716 3782690 
2717 3782690 
2718 3782690 
2719 3782690 
2720 3782690 
2721 3782690 
2722 3782690 
2723 3782690 
2724 3782690 
2725 3782690 
2726 3782690 
2727 3782690 
2728 3782690 
2729 3782690 
2730 3782690 
2731 3782690 
2732 3782690 
2733 3782690 
2734 3782690 
2735 3782690 
2736 3782690 
2737 3782690 
2738 3782690 
2739 3782690 
2740 3782690 
2741 3782690 
2742 3782690 
2743 3782690 
2744 3782690 
2745 3782690 
2746 3782690 
2747 3782690 
2748 3782690 
2749 3782690 
2750 3782690 
2751 3782690 
2752 3782690 
2753 3782690 
2754 3782690 
2755 3782690 
2756 3782690 
2757 3782690 
2758 3782690 
2759 3782690 
2760 3782690 
2761 3782690 
2762 3782690 
2763 3782690 
2764 3782690 
2765 3782690 
2766 3782690 
2767 3782690 
2768 3782690 
2769 3782690 
2770 3782690 
2771 3782690 
2772 3782690 
2773 3782690 
2774 3782690 
2775 3782690 
2776 3782690 
2777 3782690 
2778 3782690 
2779 3782690 
2780 3782690 
2781 3782690 
2782 3782690 
2783 3782690 
2784 3782690 
2785 3782690 
2786 3782690 
2787 3782690 
2788 3782690 
2789 3782690 
2790 3782690 
2791 3782690 
2792 3782690 
2793 3782690 
2794 3782690 
2795 3782690 
2796 3782690 
2797 3782690 
2798 3782690 
2799 3782690 
2800 3782690 
2801 3782690 
2802 3782690 
2803 3782690 
2804 3782690 
2805 3782690 
2806 3782690 
2807 3782690 
2808 3782690 
2809 3782690 
2810 3782690 
2811 3782690 
2812 3782690 
2813 3782690 
2814 3782690 
2815 3782690 
2816 3782690 
2817 3782690 
2818 3782690 
2819 3782690 
2820 3782690 
2821 3782690 
2822 3782690 
2823 3782690 
2824 3782690 
2825 3782690 
2826 3782690 
2827 3782690 
2828 3782690 
2829 3782690 
2830 3782690 
2831 3782690 
2832 3782690 
2833 3782690 
2834 3782690 
2835 3782690 
2836 3782690 
2837 3782690 
2838 3782690 
2839 3782690 
2840 3782690 
2841 3782690 
2842 3782690 
2843 3782690 
2844 3782690 
2845 3782690 
2846 3782690 
2847 3782690 
2848 3782690 
2849 3782690 
2850 3782690 
2851 3782690 
2852 3782690 
2853 3782690 
2854 3782690 
2855 3782690 
2856 3782690 
2857 3782690 
2858 3782690 
2859 3782690 
2860 3782690 
2861 3782690 
2862 3782690 
2863 3782690 
2864 3782690 
2865 3782690 
2866 3782690 
2867 3782690 
2868 3782690 
2869 3782690 
2870 3782690 
2871 3782690 
2872 3782690 
2873 3782690 
2874 3782690 
2875 3782690 
2876 3782690 
2877 3782690 
2878 3782690 
2879 3782690 
2880 3782690 
2881 3782690 
2882 3782690 
2883 3782690 
2884 3782690 
2885 3782690 
2886 3782690 
2887 3782690 
2888 3782690 
2889 3782690 
2890 3782690 
2891 3782690 
2892 3782690 
2893 3782690 
2894 3782690 
2895 3782690 
2896 3782690 
2897 3782690 
2898 3782690 
2899 3782690 
2900 3782690 
2901 3782690 
2902 3782690 
2903 3782690 
2904 3782690 
2905 3782690 
2906 3782690 
2907 3782690 
2908 3782690 
2909 3782690 
2910 3782690 
2911 3782690 
2912 3782690 
2913 3782690 
2914 3782690 
2915 3782690 
2916 3782690 
2917 3782690 
2918 3782690 
2919 3782690 
2920 3782690 
2921 3782690 
2922 3782690 
2923 3782690 
2924 3782690 
2925 3782690 
2926 3782690 
2927 3782690 
2928 3782690 
2929 3782690 
2930 3782690 
2931 3782690 
2932 3782690 
2933 3782690 
2934 3782690 
2935 3782690 
2936 3782690 
2937 3782690 
2938 3782690 
2939 3782690 
2940 3782690 
2941 3782690 
2942 3782690 
2943 3782690 
2944 3782690 
2945 3782690 
2946 3782690 
2947 3782690 
2948 3782690 
2949 3782690 
2950 3782690 
2951 3782690 
2952 3782690 
2953 3782690 
2954 3782690 
2955 3782690 
2956 3782690 
2957 3782690 
2958 3782690 
2959 3782690 
2960 3782690 
2961 3782690 
2962 3782690 
2963 3782690 
2964 3782690 
2965 3782690 
2966 3782690 
2967 3782690 
2968 3782690 
2969 3782690 
2970 3782690 
2971 3782690 
2972 3782690 
2973 3782690 
2974 3782690 
2975 3782690 
2976 3782690 
2977 3782690 
2978 3782690 
2979 3782690 
2980 3782690 
2981 3782690 
2982 3782690 
2983 3782690 
2984 3782690 
2985 3782690 
2986 3782690 
2987 3782690 
2988 3782690 
2989 3782690 
2990 3782690 
2991 3782690 
2992 3782690 
2993 3782690 
2994 3782690 
2995 3782690 
2996 3782690 
2997 3782690 
2998 3782690 
2999 3782690 
3000 3782690 
3001 3782690 
3002 3782690 
3003 3782690 
3004 3782690 
3005 3782690 
3006 3782690 
3007 3782690 
3008 3782690 
3009 3782690 
3010 3782690 
3011 3782690 
3012 3782690 
3013 3782690 
3014 3782690 
3015 3782690 
3016 3782690 
3017 3782690 
3018 3782690 
3019 3782690 
3020 3782690 
3021 3782690 
3022 3782690 
3023 3782690 
3024 3782690 
3025 3782690 
3026 3782690 
3027 3782690 
3028 3782690 
3029 3782690 
3030 3782690 
3031 3782690 
3032 3782690 
3033 3782690 
3034 3782690 
3035 3782690 
3036 3782690 
3037 3782690 
3038 3782690 
3039 3782690 
3040 3782690 
3041 3782690 
3042 3782690 
3043 3782690 
3044 3782690 
3045 3782690 
3046 3782690 
3047 3782690 
3048 3782690 
3049 3782690 
3050 3782690 
3051 3782690 
3052 3782690 
3053 3782690 
3054 3782690 
3055 3782690 
3056 3782690 
3057 3782690 
3058 3782690 
3059 3782690 
3060 3782690 
3061 3782690 
3062 3782690 
3063 3782690 
3064 3782690 
3065 3782690 
3066 3782690 
3067 3782690 
3068 3782690 
3069 3782690 
3070 3782690 
3071 3782690 
3072 3782690 
3073 3782690 
3074 3782690 
3075 3782690 
3076 3782690 
3077 3782690 
3078 3782690 
3079 3782690 
3080 3782690 
3081 3782690 
3082 3782690 
3083 3782690 
3084 3782690 
3085 3782690 
3086 3782690 
3087 3782690 
3088 3782690 
3089 3782690 
3090 3782690 
3091 3782690 
3092 3782690 
3093 3782690 
3094 3782690 
3095 3782690 
3096 3782690 
3097 3782690 
3098 3782690 
3099 3782690 
3100 3782690 
3101 3782690 
3102 3782690 
3103 3782690 
3104 3782690 
3105 3782690 
3106 3782690 
3107 3782690 
3108 3782690 
3109 3782690 
3110 3782690 
3111 3782690 
3112 3782690 
3113 3782690 
3114 3782690 
3115 3782690 
3116 3782690 
3117 3782690 
3118 3782690 
3119 3782690 
3120 3782690 
3121 3782690 
3122 3782690 
3123 3782690 
3124 3782690 
3125 3782690 

