0 11063501 
1 10998621 
2 10977237 
3 10969504 
4 10964716 
5 10964563 
6 10947955 
7 10944713 
8 10942740 
9 10941511 
10 10941404 
11 10919859 
12 10919768 
13 10919408 
14 10918518 
15 10908215 
16 10905693 
17 10892554 
18 10886794 
19 10886387 
20 10885667 
21 10879950 
22 10874898 
23 10874672 
24 10873418 
25 10868958 
26 10867864 
27 10867471 
28 10863778 
29 10854826 
30 10854626 
31 10852782 
32 10850321 
33 10845689 
34 10836389 
35 10836369 
36 10836362 
37 10836334 
38 10833865 
39 10829724 
40 10825298 
41 10822899 
42 10822318 
43 10821017 
44 10820030 
45 10820002 
46 10819800 
47 10819728 
48 10819606 
49 10794302 
50 10793656 
51 10790450 
52 10784619 
53 10780486 
54 10780482 
55 10778629 
56 10778468 
57 10778318 
58 10777890 
59 10777741 
60 10777080 
61 10776606 
62 10776152 
63 10776151 
64 10772399 
65 10771503 
66 10769219 
67 10767872 
68 10765611 
69 10761364 
70 10757977 
71 10757713 
72 10756594 
73 10755723 
74 10747253 
75 10735873 
76 10734996 
77 10732242 
78 10717777 
79 10705877 
80 10704926 
81 10704861 
82 10700881 
83 10683378 
84 10682051 
85 10680873 
86 10678674 
87 10670299 
88 10666362 
89 10659413 
90 10657926 
91 10655073 
92 10653338 
93 10650643 
94 10649242 
95 10648855 
96 10631533 
97 10619706 
98 10616866 
99 10599389 
100 10596244 
101 10591033 
102 10590563 
103 10585050 
104 10569954 
105 10564874 
106 10561988 
107 10560601 
108 10560255 
109 10557015 
110 10553916 
111 10553778 
112 10547398 
113 10546011 
114 10545829 
115 10545615 
116 10545275 
117 10544141 
118 10542776 
119 10542176 
120 10536800 
121 10535804 
122 10535537 
123 10534690 
124 10534159 
125 10532448 
126 10532327 
127 10530600 
128 10530012 
129 10529887 
130 10529551 
131 10529529 
132 10528946 
133 10525882 
134 10520984 
135 10504301 
136 10504106 
137 10503789 
138 10495830 
139 10489590 
140 10489531 
141 10488578 
142 10481163 
143 10481083 
144 10480943 
145 10479339 
146 10479073 
147 10478947 
148 10478225 
149 10472656 
150 10471887 
151 10466288 
152 10452432 
153 10446867 
154 10445620 
155 10444340 
156 10443660 
157 10434680 
158 10426055 
159 10426055 
160 10425740 
161 10425540 
162 10424416 
163 10418490 
164 10417610 
165 10417545 
166 10417268 
167 10412827 
168 10412764 
169 10411609 
170 10410801 
171 10410781 
172 10410593 
173 10410439 
174 10400869 
175 10400811 
176 10400678 
177 10400649 
178 10399540 
179 10398527 
180 10398155 
181 10397861 
182 10393594 
183 10390955 
184 10379725 
185 10379260 
186 10379260 
187 10379183 
188 10378996 
189 10376222 
190 10376145 
191 10373721 
192 10373521 
193 10368287 
194 10367890 
195 10360560 
196 10360536 
197 10360393 
198 10357375 
199 10357312 
200 10356944 
201 10356858 
202 10354977 
203 10353568 
204 10350652 
205 10349893 
206 10349851 
207 10341764 
208 10340628 
209 10340466 
210 10339241 
211 10335919 
212 10335468 
213 10334279 
214 10333891 
215 10333706 
216 10333449 
217 10333262 
218 10331475 
219 10331430 
220 10315342 
221 10313822 
222 10313699 
223 10313594 
224 10313335 
225 10313056 
226 10312891 
227 10312341 
228 10300356 
229 10299480 
230 10299003 
231 10298063 
232 10297282 
233 10297181 
234 10297057 
235 10296594 
236 10295716 
237 10294980 
238 10294279 
239 10293760 
240 10291770 
241 10291487 
242 10290146 
243 10289932 
244 10289685 
245 10289472 
246 10280987 
247 10280335 
248 10273497 
249 10272211 
250 10272141 
251 10271546 
252 10271460 
253 10268972 
254 10268867 
255 10268665 
256 10268013 
257 10267958 
258 10267958 
259 10266118 
260 10263106 
261 10263094 
262 10259113 
263 10256855 
264 10255369 
265 10252989 
266 10252700 
267 10251439 
268 10250559 
269 10238948 
270 10237906 
271 10236751 
272 10235917 
273 10234029 
274 10233899 
275 10231610 
276 10231610 
277 10231610 
278 10231231 
279 10229976 
280 10229896 
281 10229861 
282 10229616 
283 10228366 
284 10228116 
285 10206298 
286 10206018 
287 10206006 
288 10205516 
289 10204891 
290 10204780 
291 10204231 
292 10203596 
293 10202287 
294 10202228 
295 10202175 
296 10201387 
297 10201186 
298 10201151 
299 10200138 
300 10199634 
301 10198631 
302 10197567 
303 10196118 
304 10195547 
305 10191773 
306 10191548 
307 10191094 
308 10190942 
309 10188742 
310 10187750 
311 10187559 
312 10187363 
313 10187179 
314 10186206 
315 10185571 
316 10185520 
317 10184076 
318 10183941 
319 10183739 
320 10167469 
321 10167469 
322 10166174 
323 10165875 
324 10164125 
325 10163009 
326 10161805 
327 10161421 
328 10161401 
329 10158221 
330 10155848 
331 10155836 
332 10155824 
333 10155806 
334 10155785 
335 10155589 
336 10154573 
337 10154493 
338 10154493 
339 10154119 
340 10153879 
341 10153879 
342 10153369 
343 10152293 
344 10152293 
345 10151504 
346 10151014 
347 10150583 
348 10150513 
349 10150260 
350 10150240 
351 10150231 
352 10150190 
353 10150174 
354 10150104 
355 10149621 
356 10149621 
357 10123140 
358 10123108 
359 10122842 
360 10122804 
361 10122360 
362 10122360 
363 10122356 
364 10122278 
365 10122274 
366 10121600 
367 10121469 
368 10121152 
369 10120354 
370 10120269 
371 10120269 
372 10119819 
373 10119819 
374 10119819 
375 10119819 
376 10119819 
377 10119819 
378 10119546 
379 10119395 
380 10119395 
381 10119344 
382 10119327 
383 10119327 
384 10119327 
385 10119327 
386 10119327 
387 10119327 
388 10118893 
389 10118893 
390 10118879 
391 10118879 
392 10118879 
393 10118879 
394 10118879 
395 10118879 
396 10118879 
397 10118879 
398 10118879 
399 10118879 
400 10118879 
401 10118879 
402 10118879 
403 10118879 
404 10118879 
405 10118879 
406 10118879 
407 10118879 
408 10118879 
409 10118879 
410 10118879 
411 10118879 
412 10118879 
413 10118879 
414 10118879 
415 10118879 
416 10118879 
417 10118879 
418 10118879 
419 10118879 
420 10118879 
421 10118879 
422 10118879 
423 10118879 
424 10118879 
425 10118879 
426 10118879 
427 10118879 
428 10118879 
429 10118879 
430 10118879 
431 10118879 
432 10118879 
433 10118879 
434 10118879 
435 10118879 
436 10118879 
437 10118879 
438 10118879 
439 10118879 
440 10118879 
441 10118879 
442 10118879 
443 10118879 
444 10118879 
445 10118879 
446 10118879 
447 10118879 
448 10118879 
449 10118879 
450 10118879 
451 10118879 
452 10118879 
453 10118879 
454 10118879 
455 10118879 
456 10118879 
457 10118879 
458 10118879 
459 10118879 
460 10118879 
461 10118879 
462 10118879 
463 10118879 
464 10118879 
465 10118879 
466 10118879 
467 10118879 
468 10118879 
469 10118879 
470 10118879 
471 10118879 
472 10118879 
473 10118879 
474 10118879 
475 10118879 
476 10118879 
477 10118879 
478 10118879 
479 10118879 
480 10118879 
481 10118879 
482 10118879 
483 10118879 
484 10118879 
485 10118879 
486 10118879 
487 10118879 
488 10118879 
489 10118879 
490 10118879 
491 10118879 
492 10118879 
493 10118879 
494 10118879 
495 10118879 
496 10118879 
497 10118879 
498 10118879 
499 10118879 
500 10118879 
501 10118879 
502 10118879 
503 10118879 
504 10118879 
505 10118879 
506 10118879 
507 10118879 
508 10118879 
509 10118879 
510 10118879 
511 10118879 
512 10118879 
513 10118879 
514 10118879 
515 10118879 
516 10118879 
517 10118879 
518 10118879 
519 10118879 
520 10118879 
521 10118879 
522 10118879 
523 10118879 
524 10118879 
525 10118879 
526 10118879 
527 10118879 
528 10118879 
529 10118879 
530 10118879 
531 10118879 
532 10118879 
533 10118879 
534 10118879 
535 10118879 
536 10118879 
537 10118879 
538 10118879 
539 10118879 
540 10118879 
541 10118879 
542 10118879 
543 10118879 
544 10118879 
545 10118879 
546 10118879 
547 10118879 
548 10118879 
549 10118879 
550 10118879 
551 10118879 
552 10118879 
553 10118879 
554 10118879 
555 10118879 
556 10118879 
557 10118879 
558 10118879 
559 10118879 
560 10118879 
561 10118879 
562 10118879 
563 10118879 
564 10118879 
565 10118879 
566 10118879 
567 10118879 
568 10118879 
569 10118879 
570 10118879 
571 10118879 
572 10118879 
573 10118879 
574 10118879 
575 10118879 
576 10118879 
577 10118879 
578 10118879 
579 10118879 
580 10118879 
581 10118879 
582 10118879 
583 10118879 
584 10118879 
585 10118879 
586 10118879 
587 10118879 
588 10118879 
589 10118879 
590 10118879 
591 10118879 
592 10118879 
593 10118879 
594 10118879 
595 10118879 
596 10118879 
597 10118879 
598 10118879 
599 10118879 
600 10118879 
601 10118879 
602 10118879 
603 10118879 
604 10118879 
605 10118879 
606 10118879 
607 10118879 
608 10118879 
609 10118879 
610 10118879 
611 10118879 
612 10118879 
613 10118879 
614 10118879 
615 10118879 
616 10118879 
617 10118879 
618 10118879 
619 10118879 
620 10118879 
621 10118879 
622 10118879 
623 10118879 
624 10118879 
625 10118879 
626 10118879 
627 10118879 
628 10118879 
629 10118879 
630 10118879 
631 10118879 
632 10118879 
633 10118879 
634 10118879 
635 10118879 
636 10118879 
637 10118879 
638 10118879 
639 10118879 
640 10118879 
641 10118879 
642 10118879 
643 10118879 
644 10118879 
645 10118879 
646 10118879 
647 10118879 
648 10118879 
649 10118879 
650 10118879 
651 10118879 
652 10118879 
653 10118879 
654 10118879 
655 10118879 
656 10118879 
657 10118879 
658 10118879 
659 10118879 
660 10118879 
661 10118879 
662 10118879 
663 10118879 
664 10118879 
665 10118879 
666 10118879 
667 10118879 
668 10118879 
669 10118879 
670 10118879 
671 10118879 
672 10118879 
673 10118879 
674 10118879 
675 10118879 
676 10118879 
677 10118879 
678 10118879 
679 10118879 
680 10118879 
681 10118879 
682 10118879 
683 10118879 
684 10118879 
685 10118879 
686 10118879 
687 10118879 
688 10118879 
689 10118879 
690 10118879 
691 10118879 
692 10118879 
693 10118879 
694 10118879 
695 10118879 
696 10118879 
697 10118879 
698 10118879 
699 10118879 
700 10118879 
701 10118879 
702 10118879 
703 10118879 
704 10118879 
705 10118879 
706 10118879 
707 10118879 
708 10118879 
709 10118879 
710 10118879 
711 10118879 
712 10118879 
713 10118879 
714 10118879 
715 10118879 
716 10118879 
717 10118879 
718 10118879 
719 10118879 
720 10118879 
721 10118879 
722 10118879 
723 10118879 
724 10118879 
725 10118879 
726 10118879 
727 10118879 
728 10118879 
729 10118879 
730 10118879 
731 10118879 
732 10118879 
733 10118879 
734 10118879 
735 10118879 
736 10118879 
737 10118879 
738 10118879 
739 10118879 
740 10118879 
741 10118879 
742 10118879 
743 10118879 
744 10118879 
745 10118879 
746 10118879 
747 10118879 
748 10118879 
749 10118879 
750 10118879 
751 10118879 
752 10118879 
753 10118879 
754 10118879 
755 10118879 
756 10118879 
757 10118879 
758 10118879 
759 10118879 
760 10118879 
761 10118879 
762 10118879 
763 10118879 
764 10118879 
765 10118879 
766 10118879 
767 10118879 
768 10118879 
769 10118879 
770 10118879 
771 10118879 
772 10118879 
773 10118879 
774 10118879 
775 10118879 
776 10118879 
777 10118879 
778 10118879 
779 10118879 
780 10118879 
781 10118879 
782 10118879 
783 10118879 
784 10118879 
785 10118879 
786 10118879 
787 10118879 
788 10118879 
789 10118879 
790 10118879 
791 10118879 
792 10118879 
793 10118879 
794 10118879 
795 10118879 
796 10118879 
797 10118879 
798 10118879 
799 10118879 
800 10118879 
801 10118879 
802 10118879 
803 10118879 
804 10118879 
805 10118879 
806 10118879 
807 10118879 
808 10118879 
809 10118879 
810 10118879 
811 10118879 
812 10118879 
813 10118879 
814 10118879 
815 10118879 
816 10118879 
817 10118879 
818 10118879 
819 10118879 
820 10118879 
821 10118879 
822 10118879 
823 10118879 
824 10118879 
825 10118879 
826 10118879 
827 10118879 
828 10118879 
829 10118879 
830 10118879 
831 10118879 
832 10118879 
833 10118879 
834 10118879 
835 10118879 
836 10118879 
837 10118879 
838 10118879 
839 10118879 
840 10118879 
841 10118879 
842 10118879 
843 10118879 
844 10118879 
845 10118879 
846 10118879 
847 10118879 
848 10118879 
849 10118879 
850 10118879 
851 10118879 
852 10118879 
853 10118879 
854 10118879 
855 10118879 
856 10118879 
857 10118879 
858 10118879 
859 10118879 
860 10118879 
861 10118879 
862 10118879 
863 10118879 
864 10118879 
865 10118879 
866 10118879 
867 10118879 
868 10118879 
869 10118879 
870 10118879 
871 10118879 
872 10118879 
873 10118879 
874 10118879 
875 10118879 
876 10118879 
877 10118879 
878 10118879 
879 10118879 
880 10118879 
881 10118879 
882 10118879 
883 10118879 
884 10118879 
885 10118879 
886 10118879 
887 10118879 
888 10118879 
889 10118879 
890 10118879 
891 10118879 
892 10118879 
893 10118879 
894 10118879 
895 10118879 
896 10118879 
897 10118879 
898 10118879 
899 10118879 
900 10118879 
901 10118879 
902 10118879 
903 10118879 
904 10118879 
905 10118879 
906 10118879 
907 10118879 
908 10118879 
909 10118879 
910 10118879 
911 10118879 
912 10118879 
913 10118879 
914 10118879 
915 10118879 
916 10118879 
917 10118879 
918 10118879 
919 10118879 
920 10118879 
921 10118879 
922 10118879 
923 10118879 
924 10118879 
925 10118879 
926 10118879 
927 10118879 
928 10118879 
929 10118879 
930 10118879 
931 10118879 
932 10118879 
933 10118879 
934 10118879 
935 10118879 
936 10118879 
937 10118879 
938 10118879 
939 10118879 
940 10118879 
941 10118879 
942 10118879 
943 10118879 
944 10118879 
945 10118879 
946 10118879 
947 10118879 
948 10118879 
949 10118879 
950 10118879 
951 10118879 
952 10118879 
953 10118879 
954 10118879 
955 10118879 
956 10118879 
957 10118879 
958 10118879 
959 10118879 
960 10118879 
961 10118879 
962 10118879 
963 10118879 
964 10118879 
965 10118879 
966 10118879 
967 10118879 
968 10118879 
969 10118879 
970 10118879 
971 10118879 
972 10118879 
973 10118879 
974 10118879 
975 10118879 
976 10118879 
977 10118879 
978 10118879 
979 10118879 
980 10118879 
981 10118879 
982 10118879 
983 10118879 
984 10118879 
985 10118879 
986 10118879 
987 10118879 
988 10118879 
989 10118879 
990 10118879 
991 10118879 
992 10118879 
993 10118879 
994 10118879 
995 10118879 
996 10118879 
997 10118879 
998 10118879 
999 10118879 
1000 10118879 
1001 10118879 
1002 10118879 
1003 10118879 
1004 10118879 
1005 10118879 
1006 10118879 
1007 10118879 
1008 10118879 
1009 10118879 
1010 10118879 
1011 10118879 
1012 10118879 
1013 10118879 
1014 10118879 
1015 10118879 
1016 10118879 
1017 10118879 
1018 10118879 
1019 10118879 
1020 10118879 
1021 10118879 
1022 10118879 
1023 10118879 
1024 10118879 
1025 10118879 
1026 10118879 
1027 10118879 
1028 10118879 
1029 10118879 
1030 10118879 
1031 10118879 
1032 10118879 
1033 10118879 
1034 10118879 
1035 10118879 
1036 10118879 
1037 10118879 
1038 10118879 
1039 10118879 
1040 10118879 
1041 10118879 
1042 10118879 
1043 10118879 
1044 10118879 
1045 10118879 
1046 10118879 
1047 10118879 
1048 10118879 
1049 10118879 
1050 10118879 
1051 10118879 
1052 10118879 
1053 10118879 
1054 10118879 
1055 10118879 
1056 10118879 
1057 10118879 
1058 10118879 
1059 10118879 
1060 10118879 
1061 10118879 
1062 10118879 
1063 10118879 
1064 10118879 
1065 10118879 
1066 10118879 
1067 10118879 
1068 10118879 
1069 10118879 
1070 10118879 
1071 10118879 
1072 10118879 
1073 10118879 
1074 10118879 
1075 10118879 
1076 10118879 
1077 10118879 
1078 10118879 
1079 10118879 
1080 10118879 
1081 10118879 
1082 10118879 
1083 10118879 
1084 10118879 
1085 10118879 
1086 10118879 
1087 10118879 
1088 10118879 
1089 10118879 
1090 10118879 
1091 10118879 
1092 10118879 
1093 10118879 
1094 10118879 
1095 10118879 
1096 10118879 
1097 10118879 
1098 10118879 
1099 10118879 
1100 10118879 
1101 10118879 
1102 10118879 
1103 10118879 
1104 10118879 
1105 10118879 
1106 10118879 
1107 10118879 
1108 10118879 
1109 10118879 
1110 10118879 
1111 10118879 
1112 10118879 
1113 10118879 
1114 10118879 
1115 10118879 
1116 10118879 
1117 10118879 
1118 10118879 
1119 10118879 
1120 10118879 
1121 10118879 
1122 10118879 
1123 10118879 
1124 10118879 
1125 10118879 
1126 10118879 
1127 10118879 
1128 10118879 
1129 10118879 
1130 10118879 
1131 10118879 
1132 10118879 
1133 10118879 
1134 10118879 
1135 10118879 
1136 10118879 
1137 10118879 
1138 10118879 
1139 10118879 
1140 10118879 
1141 10118879 
1142 10118879 
1143 10118879 
1144 10118879 
1145 10118879 
1146 10118879 
1147 10118879 
1148 10118879 
1149 10118879 
1150 10118879 
1151 10118879 
1152 10118879 
1153 10118879 
1154 10118879 
1155 10118879 
1156 10118879 
1157 10118879 
1158 10118879 
1159 10118879 
1160 10118879 
1161 10118879 
1162 10118879 
1163 10118879 
1164 10118879 
1165 10118879 
1166 10118879 
1167 10118879 
1168 10118879 
1169 10118879 
1170 10118879 
1171 10118879 
1172 10118879 
1173 10118879 
1174 10118879 
1175 10118879 
1176 10118879 
1177 10118879 
1178 10118879 
1179 10118879 
1180 10118879 
1181 10118879 
1182 10118879 
1183 10118879 
1184 10118879 
1185 10118879 
1186 10118879 
1187 10118879 
1188 10118879 
1189 10118879 
1190 10118879 
1191 10118879 
1192 10118879 
1193 10118879 
1194 10118879 
1195 10118879 
1196 10118879 
1197 10118879 
1198 10118879 
1199 10118879 
1200 10118879 
1201 10118879 
1202 10118879 
1203 10118879 
1204 10118879 
1205 10118879 
1206 10118879 
1207 10118879 
1208 10118879 
1209 10118879 
1210 10118879 
1211 10118879 
1212 10118879 
1213 10118879 
1214 10118879 
1215 10118879 
1216 10118879 
1217 10118879 
1218 10118879 
1219 10118879 
1220 10118879 
1221 10118879 
1222 10118879 
1223 10118879 
1224 10118879 
1225 10118879 
1226 10118879 
1227 10118879 
1228 10118879 
1229 10118879 
1230 10118879 
1231 10118879 
1232 10118879 
1233 10118879 
1234 10118879 
1235 10118879 
1236 10118879 
1237 10118879 
1238 10118879 
1239 10118879 
1240 10118879 
1241 10118879 
1242 10118879 
1243 10118879 
1244 10118879 
1245 10118879 
1246 10118879 
1247 10118879 
1248 10118879 
1249 10118879 
1250 10118879 
1251 10118879 
1252 10118879 
1253 10118879 
1254 10118879 
1255 10118879 
1256 10118879 
1257 10118879 
1258 10118879 
1259 10118879 
1260 10118879 
1261 10118879 
1262 10118879 
1263 10118879 
1264 10118879 
1265 10118879 
1266 10118879 
1267 10118879 
1268 10118879 
1269 10118879 
1270 10118879 
1271 10118879 
1272 10118879 
1273 10118879 
1274 10118879 
1275 10118879 
1276 10118879 
1277 10118879 
1278 10118879 
1279 10118879 
1280 10118879 
1281 10118879 
1282 10118879 
1283 10118879 
1284 10118879 
1285 10118879 
1286 10118879 
1287 10118879 
1288 10118879 
1289 10118879 
1290 10118879 
1291 10118879 
1292 10118879 
1293 10118879 
1294 10118879 
1295 10118879 
1296 10118879 
1297 10118879 
1298 10118879 
1299 10118879 
1300 10118879 
1301 10118879 
1302 10118879 
1303 10118879 
1304 10118879 
1305 10118879 
1306 10118879 
1307 10118879 
1308 10118879 
1309 10118879 
1310 10118879 
1311 10118879 
1312 10118879 
1313 10118879 
1314 10118879 
1315 10118879 
1316 10118879 
1317 10118879 
1318 10118879 
1319 10118879 
1320 10118879 
1321 10118879 
1322 10118879 
1323 10118879 
1324 10118879 
1325 10118879 
1326 10118879 
1327 10118879 
1328 10118879 
1329 10118879 
1330 10118879 
1331 10118879 
1332 10118879 
1333 10118879 
1334 10118879 
1335 10118879 
1336 10118879 
1337 10118879 
1338 10118879 
1339 10118879 
1340 10118879 
1341 10118879 
1342 10118879 
1343 10118879 
1344 10118879 
1345 10118879 
1346 10118879 
1347 10118879 
1348 10118879 
1349 10118879 
1350 10118879 
1351 10118879 
1352 10118879 
1353 10118879 
1354 10118879 
1355 10118879 
1356 10118879 
1357 10118879 
1358 10118879 
1359 10118879 
1360 10118879 
1361 10118879 
1362 10118879 
1363 10118879 
1364 10118879 
1365 10118879 
1366 10118879 
1367 10118879 
1368 10118879 
1369 10118879 
1370 10118879 
1371 10118879 
1372 10118879 
1373 10118879 
1374 10118879 
1375 10118879 
1376 10118879 
1377 10118879 
1378 10118879 
1379 10118879 
1380 10118879 
1381 10118879 
1382 10118879 
1383 10118879 
1384 10118879 
1385 10118879 
1386 10118879 
1387 10118879 
1388 10118879 
1389 10118879 
1390 10118879 
1391 10118879 
1392 10118879 
1393 10118879 
1394 10118879 
1395 10118879 
1396 10118879 
1397 10118879 
1398 10118879 
1399 10118879 
1400 10118879 
1401 10118879 
1402 10118879 
1403 10118879 
1404 10118879 
1405 10118879 
1406 10118879 
1407 10118879 
1408 10118879 
1409 10118879 
1410 10118879 
1411 10118879 
1412 10118879 
1413 10118879 
1414 10118879 
1415 10118879 
1416 10118879 
1417 10118879 
1418 10118879 
1419 10118879 
1420 10118879 
1421 10118879 
1422 10118879 
1423 10118879 
1424 10118879 
1425 10118879 
1426 10118879 
1427 10118879 
1428 10118879 
1429 10118879 
1430 10118879 
1431 10118879 
1432 10118879 
1433 10118879 
1434 10118879 
1435 10118879 
1436 10118879 
1437 10118879 
1438 10118879 
1439 10118879 
1440 10118879 
1441 10118879 
1442 10118879 
1443 10118879 
1444 10118879 
1445 10118879 
1446 10118879 
1447 10118879 
1448 10118879 
1449 10118879 
1450 10118879 
1451 10118879 
1452 10118879 
1453 10118879 
1454 10118879 
1455 10118879 
1456 10118879 
1457 10118879 
1458 10118879 
1459 10118879 
1460 10118879 
1461 10118879 
1462 10118879 
1463 10118879 
1464 10118879 
1465 10118879 
1466 10118879 
1467 10118879 
1468 10118879 
1469 10118879 
1470 10118879 
1471 10118879 
1472 10118879 
1473 10118879 
1474 10118879 
1475 10118879 
1476 10118879 
1477 10118879 
1478 10118879 
1479 10118879 
1480 10118879 
1481 10118879 
1482 10118879 
1483 10118879 
1484 10118879 
1485 10118879 
1486 10118879 
1487 10118879 
1488 10118879 
1489 10118879 
1490 10118879 
1491 10118879 
1492 10118879 
1493 10118879 
1494 10118879 
1495 10118879 
1496 10118879 
1497 10118879 
1498 10118879 
1499 10118879 
1500 10118879 
1501 10118879 
1502 10118879 
1503 10118879 
1504 10118879 
1505 10118879 
1506 10118879 
1507 10118879 
1508 10118879 
1509 10118879 
1510 10118879 
1511 10118879 
1512 10118879 
1513 10118879 
1514 10118879 
1515 10118879 
1516 10118879 
1517 10118879 
1518 10118879 
1519 10118879 
1520 10118879 
1521 10118879 
1522 10118879 
1523 10118879 
1524 10118879 
1525 10118879 
1526 10118879 
1527 10118879 
1528 10118879 
1529 10118879 
1530 10118879 
1531 10118879 
1532 10118879 
1533 10118879 
1534 10118879 
1535 10118879 
1536 10118879 
1537 10118879 
1538 10118879 
1539 10118879 
1540 10118879 
1541 10118879 
1542 10118879 
1543 10118879 
1544 10118879 
1545 10118879 
1546 10118879 
1547 10118879 
1548 10118879 
1549 10118879 
1550 10118879 
1551 10118879 
1552 10118879 
1553 10118879 
1554 10118879 
1555 10118879 
1556 10118879 
1557 10118879 
1558 10118879 
1559 10118879 
1560 10118879 
1561 10118879 
1562 10118879 
1563 10118879 
1564 10118879 
1565 10118879 
1566 10118879 
1567 10118879 
1568 10118879 
1569 10118879 
1570 10118879 
1571 10118879 
1572 10118879 
1573 10118879 
1574 10118879 
1575 10118879 
1576 10118879 
1577 10118879 
1578 10118879 
1579 10118879 
1580 10118879 
1581 10118879 
1582 10118879 
1583 10118879 
1584 10118879 
1585 10118879 
1586 10118879 
1587 10118879 
1588 10118879 
1589 10118879 
1590 10118879 
1591 10118879 
1592 10118879 
1593 10118879 
1594 10118879 
1595 10118879 
1596 10118879 
1597 10118879 
1598 10118879 
1599 10118879 
1600 10118879 
1601 10118879 
1602 10118879 
1603 10118879 
1604 10118879 
1605 10118879 
1606 10118879 
1607 10118879 
1608 10118879 
1609 10118879 
1610 10118879 
1611 10118879 
1612 10118879 
1613 10118879 
1614 10118879 
1615 10118879 
1616 10118879 
1617 10118879 
1618 10118879 
1619 10118879 
1620 10118879 
1621 10118879 
1622 10118879 
1623 10118879 
1624 10118879 
1625 10118879 
1626 10118879 
1627 10118879 
1628 10118879 
1629 10118879 
1630 10118879 
1631 10118879 
1632 10118879 
1633 10118879 
1634 10118879 
1635 10118879 
1636 10118879 
1637 10118879 
1638 10118879 
1639 10118879 
1640 10118879 
1641 10118879 
1642 10118879 
1643 10118879 
1644 10118879 
1645 10118879 
1646 10118879 
1647 10118879 
1648 10118879 
1649 10118879 
1650 10118879 
1651 10118879 
1652 10118879 
1653 10118879 
1654 10118879 
1655 10118879 
1656 10118879 
1657 10118879 
1658 10118879 
1659 10118879 
1660 10118879 
1661 10118879 
1662 10118879 
1663 10118879 
1664 10118879 
1665 10118879 
1666 10118879 
1667 10118879 
1668 10118879 
1669 10118879 
1670 10118879 
1671 10118879 
1672 10118879 
1673 10118879 
1674 10118879 
1675 10118879 
1676 10118879 
1677 10118879 
1678 10118879 
1679 10118879 
1680 10118879 
1681 10118879 
1682 10118879 
1683 10118879 
1684 10118879 
1685 10118879 
1686 10118879 
1687 10118879 
1688 10118879 
1689 10118879 
1690 10118879 
1691 10118879 
1692 10118879 
1693 10118879 
1694 10118879 
1695 10118879 
1696 10118879 
1697 10118879 
1698 10118879 
1699 10118879 
1700 10118879 
1701 10118879 
1702 10118879 
1703 10118879 
1704 10118879 
1705 10118879 
1706 10118879 
1707 10118879 
1708 10118879 
1709 10118879 
1710 10118879 
1711 10118879 
1712 10118879 
1713 10118879 
1714 10118879 
1715 10118879 
1716 10118879 
1717 10118879 
1718 10118879 
1719 10118879 
1720 10118879 
1721 10118879 
1722 10118879 
1723 10118879 
1724 10118879 
1725 10118879 
1726 10118879 
1727 10118879 
1728 10118879 
1729 10118879 
1730 10118879 
1731 10118879 
1732 10118879 
1733 10118879 
1734 10118879 
1735 10118879 
1736 10118879 
1737 10118879 
1738 10118879 
1739 10118879 
1740 10118879 
1741 10118879 
1742 10118879 
1743 10118879 
1744 10118879 
1745 10118879 
1746 10118879 
1747 10118879 
1748 10118879 
1749 10118879 
1750 10118879 
1751 10118879 
1752 10118879 
1753 10118879 
1754 10118879 
1755 10118879 
1756 10118879 
1757 10118879 
1758 10118879 
1759 10118879 
1760 10118879 
1761 10118879 
1762 10118879 
1763 10118879 
1764 10118879 
1765 10118879 
1766 10118879 
1767 10118879 
1768 10118879 
1769 10118879 
1770 10118879 
1771 10118879 
1772 10118879 
1773 10118879 
1774 10118879 
1775 10118879 
1776 10118879 
1777 10118879 
1778 10118879 
1779 10118879 
1780 10118879 
1781 10118879 
1782 10118879 
1783 10118879 
1784 10118879 
1785 10118879 
1786 10118879 
1787 10118879 
1788 10118879 
1789 10118879 
1790 10118879 
1791 10118879 
1792 10118879 
1793 10118879 
1794 10118879 
1795 10118879 
1796 10118879 
1797 10118879 
1798 10118879 
1799 10118879 
1800 10118879 
1801 10118879 
1802 10118879 
1803 10118879 
1804 10118879 
1805 10118879 
1806 10118879 
1807 10118879 
1808 10118879 
1809 10118879 
1810 10118879 
1811 10118879 
1812 10118879 
1813 10118879 
1814 10118879 
1815 10118879 
1816 10118879 
1817 10118879 
1818 10118879 
1819 10118879 
1820 10118879 
1821 10118879 
1822 10118879 
1823 10118879 
1824 10118879 
1825 10118879 
1826 10118879 
1827 10118879 
1828 10118879 
1829 10118879 
1830 10118879 
1831 10118879 
1832 10118879 
1833 10118879 
1834 10118879 
1835 10118879 
1836 10118879 
1837 10118879 
1838 10118879 
1839 10118879 
1840 10118879 
1841 10118879 
1842 10118879 
1843 10118879 
1844 10118879 
1845 10118879 
1846 10118879 
1847 10118879 
1848 10118879 
1849 10118879 
1850 10118879 
1851 10118879 
1852 10118879 
1853 10118879 
1854 10118879 
1855 10118879 
1856 10118879 
1857 10118879 
1858 10118879 
1859 10118879 
1860 10118879 
1861 10118879 
1862 10118879 
1863 10118879 
1864 10118879 
1865 10118879 
1866 10118879 
1867 10118879 
1868 10118879 
1869 10118879 
1870 10118879 
1871 10118879 
1872 10118879 
1873 10118879 
1874 10118879 
1875 10118879 
1876 10118879 
1877 10118879 
1878 10118879 
1879 10118879 
1880 10118879 
1881 10118879 
1882 10118879 
1883 10118879 
1884 10118879 
1885 10118879 
1886 10118879 
1887 10118879 
1888 10118879 
1889 10118879 
1890 10118879 
1891 10118879 
1892 10118879 
1893 10118879 
1894 10118879 
1895 10118879 
1896 10118879 
1897 10118879 
1898 10118879 
1899 10118879 
1900 10118879 
1901 10118879 
1902 10118879 
1903 10118879 
1904 10118879 
1905 10118879 
1906 10118879 
1907 10118879 
1908 10118879 
1909 10118879 
1910 10118879 
1911 10118879 
1912 10118879 
1913 10118879 
1914 10118879 
1915 10118879 
1916 10118879 
1917 10118879 
1918 10118879 
1919 10118879 
1920 10118879 
1921 10118879 
1922 10118879 
1923 10118879 
1924 10118879 
1925 10118879 
1926 10118879 
1927 10118879 
1928 10118879 
1929 10118879 
1930 10118879 
1931 10118879 
1932 10118879 
1933 10118879 
1934 10118879 
1935 10118879 
1936 10118879 
1937 10118879 
1938 10118879 
1939 10118879 
1940 10118879 
1941 10118879 
1942 10118879 
1943 10118879 
1944 10118879 
1945 10118879 
1946 10118879 
1947 10118879 
1948 10118879 
1949 10118879 
1950 10118879 
1951 10118879 
1952 10118879 
1953 10118879 
1954 10118879 
1955 10118879 
1956 10118879 
1957 10118879 
1958 10118879 
1959 10118879 
1960 10118879 
1961 10118879 
1962 10118879 
1963 10118879 
1964 10118879 
1965 10118879 
1966 10118879 
1967 10118879 
1968 10118879 
1969 10118879 
1970 10118879 
1971 10118879 
1972 10118879 
1973 10118879 
1974 10118879 
1975 10118879 
1976 10118879 
1977 10118879 
1978 10118879 
1979 10118879 
1980 10118879 
1981 10118879 
1982 10118879 
1983 10118879 
1984 10118879 
1985 10118879 
1986 10118879 
1987 10118879 
1988 10118879 
1989 10118879 
1990 10118879 
1991 10118879 
1992 10118879 
1993 10118879 
1994 10118879 
1995 10118879 
1996 10118879 
1997 10118879 
1998 10118879 
1999 10118879 
2000 10118879 
2001 10118879 
2002 10118879 
2003 10118879 
2004 10118879 
2005 10118879 
2006 10118879 
2007 10118879 
2008 10118879 
2009 10118879 
2010 10118879 
2011 10118879 
2012 10118879 
2013 10118879 
2014 10118879 
2015 10118879 
2016 10118879 
2017 10118879 
2018 10118879 
2019 10118879 
2020 10118879 
2021 10118879 
2022 10118879 
2023 10118879 
2024 10118879 
2025 10118879 
2026 10118879 
2027 10118879 
2028 10118879 
2029 10118879 
2030 10118879 
2031 10118879 
2032 10118879 
2033 10118879 
2034 10118879 
2035 10118879 
2036 10118879 
2037 10118879 
2038 10118879 
2039 10118879 
2040 10118879 
2041 10118879 
2042 10118879 
2043 10118879 
2044 10118879 
2045 10118879 
2046 10118879 
2047 10118879 
2048 10118879 
2049 10118879 
2050 10118879 
2051 10118879 
2052 10118879 
2053 10118879 
2054 10118879 
2055 10118879 
2056 10118879 
2057 10118879 
2058 10118879 
2059 10118879 
2060 10118879 
2061 10118879 
2062 10118879 
2063 10118879 
2064 10118879 
2065 10118879 
2066 10118879 
2067 10118879 
2068 10118879 
2069 10118879 
2070 10118879 
2071 10118879 
2072 10118879 
2073 10118879 
2074 10118879 
2075 10118879 
2076 10118879 
2077 10118879 
2078 10118879 
2079 10118879 
2080 10118879 
2081 10118879 
2082 10118879 
2083 10118879 
2084 10118879 
2085 10118879 
2086 10118879 
2087 10118879 
2088 10118879 
2089 10118879 
2090 10118879 
2091 10118879 
2092 10118879 
2093 10118879 
2094 10118879 
2095 10118879 
2096 10118879 
2097 10118879 
2098 10118879 
2099 10118879 
2100 10118879 
2101 10118879 
2102 10118879 
2103 10118879 
2104 10118879 
2105 10118879 
2106 10118879 
2107 10118879 
2108 10118879 
2109 10118879 
2110 10118879 
2111 10118879 
2112 10118879 
2113 10118879 
2114 10118879 
2115 10118879 
2116 10118879 
2117 10118879 
2118 10118879 
2119 10118879 
2120 10118879 
2121 10118879 
2122 10118879 
2123 10118879 
2124 10118879 
2125 10118879 
2126 10118879 
2127 10118879 
2128 10118879 
2129 10118879 
2130 10118879 
2131 10118879 
2132 10118879 
2133 10118879 
2134 10118879 
2135 10118879 
2136 10118879 
2137 10118879 
2138 10118879 
2139 10118879 
2140 10118879 
2141 10118879 
2142 10118879 
2143 10118879 
2144 10118879 
2145 10118879 
2146 10118879 
2147 10118879 
2148 10118879 
2149 10118879 
2150 10118879 
2151 10118879 
2152 10118879 
2153 10118879 
2154 10118879 
2155 10118879 
2156 10118879 
2157 10118879 
2158 10118879 
2159 10118879 
2160 10118879 
2161 10118879 
2162 10118879 
2163 10118879 
2164 10118879 
2165 10118879 
2166 10118879 
2167 10118879 
2168 10118879 
2169 10118879 
2170 10118879 
2171 10118879 
2172 10118879 
2173 10118879 
2174 10118879 
2175 10118879 
2176 10118879 
2177 10118879 
2178 10118879 
2179 10118879 
2180 10118879 
2181 10118879 
2182 10118879 
2183 10118879 
2184 10118879 
2185 10118879 
2186 10118879 
2187 10118879 
2188 10118879 
2189 10118879 
2190 10118879 
2191 10118879 
2192 10118879 
2193 10118879 
2194 10118879 
2195 10118879 
2196 10118879 
2197 10118879 
2198 10118879 
2199 10118879 
2200 10118879 
2201 10118879 
2202 10118879 
2203 10118879 
2204 10118879 
2205 10118879 
2206 10118879 
2207 10118879 
2208 10118879 
2209 10118879 
2210 10118879 
2211 10118879 
2212 10118879 
2213 10118879 
2214 10118879 
2215 10118879 
2216 10118879 
2217 10118879 
2218 10118879 
2219 10118879 
2220 10118879 
2221 10118879 
2222 10118879 
2223 10118879 
2224 10118879 
2225 10118879 
2226 10118879 
2227 10118879 
2228 10118879 
2229 10118879 
2230 10118879 
2231 10118879 
2232 10118879 
2233 10118879 
2234 10118879 
2235 10118879 
2236 10118879 
2237 10118879 
2238 10118879 
2239 10118879 
2240 10118879 
2241 10118879 
2242 10118879 
2243 10118879 
2244 10118879 
2245 10118879 
2246 10118879 
2247 10118879 
2248 10118879 
2249 10118879 
2250 10118879 
2251 10118879 
2252 10118879 
2253 10118879 
2254 10118879 
2255 10118879 
2256 10118879 
2257 10118879 
2258 10118879 
2259 10118879 
2260 10118879 
2261 10118879 
2262 10118879 
2263 10118879 
2264 10118879 
2265 10118879 
2266 10118879 
2267 10118879 
2268 10118879 
2269 10118879 
2270 10118879 
2271 10118879 
2272 10118879 
2273 10118879 
2274 10118879 
2275 10118879 
2276 10118879 
2277 10118879 
2278 10118879 
2279 10118879 
2280 10118879 
2281 10118879 
2282 10118879 
2283 10118879 
2284 10118879 
2285 10118879 
2286 10118879 
2287 10118879 
2288 10118879 
2289 10118879 
2290 10118879 
2291 10118879 
2292 10118879 
2293 10118879 
2294 10118879 
2295 10118879 
2296 10118879 
2297 10118879 
2298 10118879 
2299 10118879 
2300 10118879 
2301 10118879 
2302 10118879 
2303 10118879 
2304 10118879 
2305 10118879 
2306 10118879 
2307 10118879 
2308 10118879 
2309 10118879 
2310 10118879 
2311 10118879 
2312 10118879 
2313 10118879 
2314 10118879 
2315 10118879 
2316 10118879 
2317 10118879 
2318 10118879 
2319 10118879 
2320 10118879 
2321 10118879 
2322 10118879 
2323 10118879 
2324 10118879 
2325 10118879 
2326 10118879 
2327 10118879 
2328 10118879 
2329 10118879 
2330 10118879 
2331 10118879 
2332 10118879 
2333 10118879 
2334 10118879 
2335 10118879 
2336 10118879 
2337 10118879 
2338 10118879 
2339 10118879 
2340 10118879 
2341 10118879 
2342 10118879 
2343 10118879 
2344 10118879 
2345 10118879 
2346 10118879 
2347 10118879 
2348 10118879 
2349 10118879 
2350 10118879 
2351 10118879 
2352 10118879 
2353 10118879 
2354 10118879 
2355 10118879 
2356 10118879 
2357 10118879 
2358 10118879 
2359 10118879 
2360 10118879 
2361 10118879 
2362 10118879 
2363 10118879 
2364 10118879 
2365 10118879 
2366 10118879 
2367 10118879 
2368 10118879 
2369 10118879 
2370 10118879 
2371 10118879 
2372 10118879 
2373 10118879 
2374 10118879 
2375 10118879 
2376 10118879 
2377 10118879 
2378 10118879 
2379 10118879 
2380 10118879 
2381 10118879 
2382 10118879 
2383 10118879 
2384 10118879 
2385 10118879 
2386 10118879 
2387 10118879 
2388 10118879 
2389 10118879 
2390 10118879 
2391 10118879 
2392 10118879 
2393 10118879 
2394 10118879 
2395 10118879 
2396 10118879 
2397 10118879 
2398 10118879 
2399 10118879 
2400 10118879 
2401 10118879 
2402 10118879 
2403 10118879 
2404 10118879 
2405 10118879 
2406 10118879 
2407 10118879 
2408 10118879 
2409 10118879 
2410 10118879 
2411 10118879 
2412 10118879 
2413 10118879 
2414 10118879 
2415 10118879 
2416 10118879 
2417 10118879 
2418 10118879 
2419 10118879 
2420 10118879 
2421 10118879 
2422 10118879 
2423 10118879 
2424 10118879 
2425 10118879 
2426 10118879 
2427 10118879 
2428 10118879 
2429 10118879 
2430 10118879 
2431 10118879 
2432 10118879 
2433 10118879 
2434 10118879 
2435 10118879 
2436 10118879 
2437 10118879 
2438 10118879 
2439 10118879 
2440 10118879 
2441 10118879 
2442 10118879 
2443 10118879 
2444 10118879 
2445 10118879 
2446 10118879 
2447 10118879 
2448 10118879 
2449 10118879 
2450 10118879 
2451 10118879 
2452 10118879 
2453 10118879 
2454 10118879 
2455 10118879 
2456 10118879 
2457 10118879 
2458 10118879 
2459 10118879 
2460 10118879 
2461 10118879 
2462 10118879 
2463 10118879 
2464 10118879 
2465 10118879 
2466 10118879 
2467 10118879 
2468 10118879 
2469 10118879 
2470 10118879 
2471 10118879 
2472 10118879 
2473 10118879 
2474 10118879 
2475 10118879 
2476 10118879 
2477 10118879 
2478 10118879 
2479 10118879 
2480 10118879 
2481 10118879 
2482 10118879 
2483 10118879 
2484 10118879 
2485 10118879 
2486 10118879 
2487 10118879 
2488 10118879 
2489 10118879 
2490 10118879 
2491 10118879 
2492 10118879 
2493 10118879 
2494 10118879 
2495 10118879 
2496 10118879 
2497 10118879 
2498 10118879 
2499 10118879 
2500 10118879 
2501 10118879 
2502 10118879 
2503 10118879 
2504 10118879 
2505 10118879 
2506 10118879 
2507 10118879 
2508 10118879 
2509 10118879 
2510 10118879 
2511 10118879 
2512 10118879 
2513 10118879 
2514 10118879 
2515 10118879 
2516 10118879 
2517 10118879 
2518 10118879 
2519 10118879 
2520 10118879 
2521 10118879 
2522 10118879 
2523 10118879 
2524 10118879 
2525 10118879 
2526 10118879 
2527 10118879 
2528 10118879 
2529 10118879 
2530 10118879 
2531 10118879 
2532 10118879 
2533 10118879 
2534 10118879 
2535 10118879 
2536 10118879 
2537 10118879 
2538 10118879 
2539 10118879 
2540 10118879 
2541 10118879 
2542 10118879 
2543 10118879 
2544 10118879 
2545 10118879 
2546 10118879 
2547 10118879 
2548 10118879 
2549 10118879 
2550 10118879 
2551 10118879 
2552 10118879 
2553 10118879 
2554 10118879 
2555 10118879 
2556 10118879 
2557 10118879 
2558 10118879 
2559 10118879 
2560 10118879 
2561 10118879 
2562 10118879 
2563 10118879 
2564 10118879 
2565 10118879 
2566 10118879 
2567 10118879 
2568 10118879 
2569 10118879 
2570 10118879 
2571 10118879 
2572 10118879 
2573 10118879 
2574 10118879 
2575 10118879 
2576 10118879 
2577 10118879 
2578 10118879 
2579 10118879 
2580 10118879 
2581 10118879 
2582 10118879 
2583 10118879 
2584 10118879 
2585 10118879 
2586 10118879 
2587 10118879 
2588 10118879 
2589 10118879 
2590 10118879 
2591 10118879 
2592 10118879 
2593 10118879 
2594 10118879 
2595 10118879 
2596 10118879 
2597 10118879 
2598 10118879 
2599 10118879 
2600 10118879 
2601 10118879 
2602 10118879 
2603 10118879 
2604 10118879 
2605 10118879 
2606 10118879 
2607 10118879 
2608 10118879 
2609 10118879 
2610 10118879 
2611 10118879 
2612 10118879 
2613 10118879 
2614 10118879 
2615 10118879 
2616 10118879 
2617 10118879 
2618 10118879 
2619 10118879 
2620 10118879 
2621 10118879 
2622 10118879 
2623 10118879 
2624 10118879 
2625 10118879 
2626 10118879 
2627 10118879 
2628 10118879 
2629 10118879 
2630 10118879 
2631 10118879 
2632 10118879 
2633 10118879 
2634 10118879 
2635 10118879 
2636 10118879 
2637 10118879 
2638 10118879 
2639 10118879 
2640 10118879 
2641 10118879 
2642 10118879 
2643 10118879 
2644 10118879 
2645 10118879 
2646 10118879 
2647 10118879 
2648 10118879 
2649 10118879 
2650 10118879 
2651 10118879 
2652 10118879 
2653 10118879 
2654 10118879 
2655 10118879 
2656 10118879 
2657 10118879 
2658 10118879 
2659 10118879 
2660 10118879 
2661 10118879 
2662 10118879 
2663 10118879 
2664 10118879 
2665 10118879 
2666 10118879 
2667 10118879 
2668 10118879 
2669 10118879 
2670 10118879 
2671 10118879 
2672 10118879 
2673 10118879 
2674 10118879 
2675 10118879 
2676 10118879 
2677 10118879 
2678 10118879 
2679 10118879 
2680 10118879 
2681 10118879 
2682 10118879 
2683 10118879 
2684 10118879 
2685 10118879 
2686 10118879 
2687 10118879 
2688 10118879 
2689 10118879 
2690 10118879 
2691 10118879 
2692 10118879 
2693 10118879 
2694 10118879 
2695 10118879 
2696 10118879 
2697 10118879 
2698 10118879 
2699 10118879 
2700 10118879 
2701 10118879 
2702 10118879 
2703 10118879 
2704 10118879 
2705 10118879 
2706 10118879 
2707 10118879 
2708 10118879 
2709 10118879 
2710 10118879 
2711 10118879 
2712 10118879 
2713 10118879 
2714 10118879 
2715 10118879 
2716 10118879 
2717 10118879 
2718 10118879 
2719 10118879 
2720 10118879 
2721 10118879 
2722 10118879 
2723 10118879 
2724 10118879 
2725 10118879 
2726 10118879 
2727 10118879 
2728 10118879 
2729 10118879 
2730 10118879 
2731 10118879 
2732 10118879 
2733 10118879 
2734 10118879 
2735 10118879 
2736 10118879 
2737 10118879 
2738 10118879 
2739 10118879 
2740 10118879 
2741 10118879 
2742 10118879 
2743 10118879 
2744 10118879 
2745 10118879 
2746 10118879 
2747 10118879 
2748 10118879 
2749 10118879 
2750 10118879 
2751 10118879 
2752 10118879 
2753 10118879 
2754 10118879 
2755 10118879 
2756 10118879 
2757 10118879 
2758 10118879 
2759 10118879 
2760 10118879 
2761 10118879 
2762 10118879 
2763 10118879 
2764 10118879 
2765 10118879 
2766 10118879 
2767 10118879 
2768 10118879 
2769 10118879 
2770 10118879 
2771 10118879 
2772 10118879 
2773 10118879 
2774 10118879 
2775 10118879 
2776 10118879 
2777 10118879 
2778 10118879 
2779 10118879 
2780 10118879 
2781 10118879 
2782 10118879 
2783 10118879 
2784 10118879 
2785 10118879 
2786 10118879 
2787 10118879 
2788 10118879 
2789 10118879 
2790 10118879 
2791 10118879 
2792 10118879 
2793 10118879 
2794 10118879 
2795 10118879 
2796 10118879 
2797 10118879 
2798 10118879 
2799 10118879 
2800 10118879 
2801 10118879 
2802 10118879 
2803 10118879 
2804 10118879 
2805 10118879 
2806 10118879 
2807 10118879 
2808 10118879 
2809 10118879 
2810 10118879 
2811 10118879 
2812 10118879 
2813 10118879 
2814 10118879 
2815 10118879 
2816 10118879 
2817 10118879 
2818 10118879 
2819 10118879 
2820 10118879 
2821 10118879 
2822 10118879 
2823 10118879 
2824 10118879 
2825 10118879 
2826 10118879 
2827 10118879 
2828 10118879 
2829 10118879 
2830 10118879 
2831 10118879 
2832 10118879 
2833 10118879 
2834 10118879 
2835 10118879 
2836 10118879 
2837 10118879 
2838 10118879 
2839 10118879 
2840 10118879 
2841 10118879 
2842 10118879 
2843 10118879 
2844 10118879 
2845 10118879 
2846 10118879 
2847 10118879 
2848 10118879 
2849 10118879 
2850 10118879 
2851 10118879 
2852 10118879 
2853 10118879 
2854 10118879 
2855 10118879 
2856 10118879 
2857 10118879 
2858 10118879 
2859 10118879 
2860 10118879 
2861 10118879 
2862 10118879 
2863 10118879 
2864 10118879 
2865 10118879 
2866 10118879 
2867 10118879 
2868 10118879 
2869 10118879 
2870 10118879 
2871 10118879 
2872 10118879 
2873 10118879 
2874 10118879 
2875 10118879 
2876 10118879 
2877 10118879 
2878 10118879 
2879 10118879 
2880 10118879 
2881 10118879 
2882 10118879 
2883 10118879 
2884 10118879 
2885 10118879 
2886 10118879 
2887 10118879 
2888 10118879 
2889 10118879 
2890 10118879 
2891 10118879 
2892 10118879 
2893 10118879 
2894 10118879 
2895 10118879 
2896 10118879 
2897 10118879 
2898 10118879 
2899 10118879 
2900 10118879 
2901 10118879 
2902 10118879 
2903 10118879 
2904 10118879 
2905 10118879 
2906 10118879 
2907 10118879 
2908 10118879 
2909 10118879 
2910 10118879 
2911 10118879 
2912 10118879 
2913 10118879 
2914 10118879 
2915 10118879 
2916 10118879 
2917 10118879 
2918 10118879 
2919 10118879 
2920 10118879 
2921 10118879 
2922 10118879 
2923 10118879 
2924 10118879 
2925 10118879 
2926 10118879 
2927 10118879 
2928 10118879 
2929 10118879 
2930 10118879 
2931 10118879 
2932 10118879 
2933 10118879 
2934 10118879 
2935 10118879 
2936 10118879 
2937 10118879 
2938 10118879 
2939 10118879 
2940 10118879 
2941 10118879 
2942 10118879 
2943 10118879 
2944 10118879 
2945 10118879 
2946 10118879 
2947 10118879 
2948 10118879 
2949 10118879 
2950 10118879 
2951 10118879 
2952 10118879 
2953 10118879 
2954 10118879 
2955 10118879 
2956 10118879 
2957 10118879 
2958 10118879 
2959 10118879 
2960 10118879 
2961 10118879 
2962 10118879 
2963 10118879 
2964 10118879 
2965 10118879 
2966 10118879 
2967 10118879 
2968 10118879 
2969 10118879 
2970 10118879 
2971 10118879 
2972 10118879 
2973 10118879 
2974 10118879 
2975 10118879 
2976 10118879 
2977 10118879 
2978 10118879 
2979 10118879 
2980 10118879 
2981 10118879 
2982 10118879 
2983 10118879 
2984 10118879 
2985 10118879 
2986 10118879 
2987 10118879 
2988 10118879 
2989 10118879 
2990 10118879 

