0 4213669 
1 4202983 
2 4197991 
3 4195961 
4 4195571 
5 4191117 
6 4185761 
7 4185408 
8 4185366 
9 4184130 
10 4183570 
11 4182901 
12 4176960 
13 4176921 
14 4176914 
15 4176686 
16 4167521 
17 4167118 
18 4167105 
19 4167028 
20 4160905 
21 4123868 
22 4116107 
23 4114379 
24 4114204 
25 4114178 
26 4113205 
27 4113127 
28 4111968 
29 4111940 
30 4110528 
31 4109890 
32 4109614 
33 4108821 
34 4101151 
35 4101144 
36 4101061 
37 4101029 
38 4100980 
39 4097536 
40 4097501 
41 4097091 
42 4097078 
43 4073319 
44 4071623 
45 4071574 
46 4071540 
47 4071533 
48 4071519 
49 4071493 
50 4071493 
51 4071281 
52 4071253 
53 4071251 
54 4071237 
55 4071096 
56 4070007 
57 4070007 
58 4069848 
59 4069818 
60 4069811 
61 4069780 
62 4069266 
63 4069197 
64 4069183 
65 4069155 
66 4069149 
67 4069025 
68 4068192 
69 4068178 
70 4068129 
71 4067867 
72 4058546 
73 4057515 
74 4057153 
75 4057084 
76 4057042 
77 4057042 
78 4056301 
79 4056294 
80 4056273 
81 4056252 
82 4056168 
83 4056084 
84 4056056 
85 4056049 
86 4055776 
87 4055347 
88 4055042 
89 4054457 
90 4054422 
91 4054125 
92 4054118 
93 4054105 
94 4053178 
95 4053172 
96 4052618 
97 4052155 
98 4052025 
99 4049754 
100 4049727 
101 4049721 
102 4049714 
103 4049346 
104 4047703 
105 4047697 
106 4047524 
107 4047475 
108 4047261 
109 4047260 
110 4047254 
111 4047090 
112 4036391 
113 4036391 
114 4034364 
115 4012126 
116 4011115 
117 4011102 
118 4010712 
119 4002907 
120 4002223 
121 4001985 
122 4001420 
123 4001325 
124 4001262 
125 4000946 
126 4000911 
127 4000172 
128 4000165 
129 3999149 
130 3996781 
131 3976244 
132 3975672 
133 3975504 
134 3975314 
135 3974936 
136 3974936 
137 3974936 
138 3974929 
139 3974593 
140 3972531 
141 3972074 
142 3971403 
143 3970395 
144 3968473 
145 3964944 
146 3964775 
147 3963462 
148 3963455 
149 3963448 
150 3963407 
151 3961747 
152 3961740 
153 3961632 
154 3959628 
155 3958311 
156 3958137 
157 3958123 
158 3958039 
159 3957669 
160 3957648 
161 3955568 
162 3954212 
163 3953245 
164 3953128 
165 3953060 
166 3953034 
167 3952897 
168 3952868 
169 3952531 
170 3951359 
171 3949973 
172 3949968 
173 3949034 
174 3947316 
175 3947277 
176 3945523 
177 3945511 
178 3944990 
179 3940897 
180 3939625 
181 3939598 
182 3939468 
183 3939461 
184 3939449 
185 3939442 
186 3939416 
187 3939389 
188 3938959 
189 3938289 
190 3938268 
191 3938268 
192 3937602 
193 3937595 
194 3935634 
195 3933428 
196 3933373 
197 3932951 
198 3932200 
199 3932200 
200 3932096 
201 3932095 
202 3931983 
203 3931983 
204 3931941 
205 3931927 
206 3931903 
207 3931903 
208 3931889 
209 3931769 
210 3931755 
211 3931671 
212 3931657 
213 3931631 
214 3931194 
215 3931099 
216 3928873 
217 3928873 
218 3927001 
219 3925025 
220 3923602 
221 3923563 
222 3923556 
223 3923556 
224 3923556 
225 3923483 
226 3923476 
227 3922771 
228 3922454 
229 3921206 
230 3919904 
231 3919572 
232 3919553 
233 3919497 
234 3916710 
235 3916682 
236 3915915 
237 3915694 
238 3915435 
239 3913433 
240 3912035 
241 3912022 
242 3911266 
243 3911259 
244 3911245 
245 3911244 
246 3910868 
247 3910821 
248 3910821 
249 3910405 
250 3910307 
251 3910203 
252 3909605 
253 3909566 
254 3909178 
255 3909121 
256 3909030 
257 3907882 
258 3907875 
259 3907339 
260 3907332 
261 3906959 
262 3905993 
263 3905985 
264 3905955 
265 3905923 
266 3905910 
267 3905785 
268 3905785 
269 3903133 
270 3884876 
271 3878805 
272 3878283 
273 3878241 
274 3878239 
275 3878239 
276 3878092 
277 3878086 
278 3878079 
279 3876130 
280 3876129 
281 3871449 
282 3871444 
283 3871411 
284 3871139 
285 3870338 
286 3870050 
287 3869960 
288 3869649 
289 3869174 
290 3868737 
291 3868723 
292 3868660 
293 3868582 
294 3868582 
295 3867541 
296 3867520 
297 3867442 
298 3867435 
299 3867410 
300 3867384 
301 3867377 
302 3867155 
303 3867141 
304 3866930 
305 3865279 
306 3865253 
307 3864796 
308 3862438 
309 3862438 
310 3861723 
311 3861606 
312 3861594 
313 3859501 
314 3858096 
315 3857869 
316 3857862 
317 3857758 
318 3857627 
319 3857172 
320 3856361 
321 3856305 
322 3851882 
323 3848541 
324 3845837 
325 3844936 
326 3843987 
327 3843981 
328 3843667 
329 3843602 
330 3843089 
331 3843082 
332 3843030 
333 3843014 
334 3842665 
335 3842665 
336 3841898 
337 3841865 
338 3840708 
339 3840708 
340 3840630 
341 3840392 
342 3840336 
343 3840336 
344 3839731 
345 3838884 
346 3838814 
347 3834209 
348 3834157 
349 3831821 
350 3830911 
351 3830406 
352 3830354 
353 3830276 
354 3828528 
355 3828528 
356 3828521 
357 3827750 
358 3827646 
359 3827628 
360 3827621 
361 3827565 
362 3827565 
363 3827527 
364 3823965 
365 3823958 
366 3823951 
367 3823718 
368 3822905 
369 3822891 
370 3822884 
371 3822884 
372 3822875 
373 3822745 
374 3822550 
375 3822268 
376 3819070 
377 3817794 
378 3817002 
379 3816888 
380 3816881 
381 3816830 
382 3816823 
383 3816816 
384 3816632 
385 3816619 
386 3816190 
387 3816183 
388 3816017 
389 3816005 
390 3815680 
391 3815680 
392 3815654 
393 3815524 
394 3815316 
395 3815283 
396 3815276 
397 3814139 
398 3813941 
399 3813825 
400 3813811 
401 3813762 
402 3812800 
403 3812800 
404 3812735 
405 3812728 
406 3812414 
407 3812414 
408 3812362 
409 3812355 
410 3811396 
411 3811389 
412 3811382 
413 3811382 
414 3811239 
415 3811051 
416 3809529 
417 3808684 
418 3808560 
419 3808358 
420 3808313 
421 3808149 
422 3806870 
423 3806261 
424 3806253 
425 3805989 
426 3805840 
427 3805593 
428 3805572 
429 3804366 
430 3804366 
431 3804366 
432 3804359 
433 3804352 
434 3804295 
435 3803943 
436 3803943 
437 3803943 
438 3803917 
439 3803878 
440 3803878 
441 3803878 
442 3803742 
443 3803742 
444 3803742 
445 3803742 
446 3803742 
447 3803742 
448 3803742 
449 3803742 
450 3803742 
451 3803742 
452 3803742 
453 3803742 
454 3803742 
455 3803721 
456 3803708 
457 3803708 
458 3803708 
459 3803708 
460 3803708 
461 3803708 
462 3803708 
463 3803708 
464 3803708 
465 3803708 
466 3803708 
467 3803708 
468 3803708 
469 3803708 
470 3803708 
471 3803621 
472 3803621 
473 3803621 
474 3803621 
475 3803621 
476 3803621 
477 3803621 
478 3803621 
479 3803621 
480 3803621 
481 3803621 
482 3803621 
483 3803621 
484 3803621 
485 3803621 
486 3803621 
487 3803621 
488 3803621 
489 3803621 
490 3803621 
491 3803621 
492 3803621 
493 3803621 
494 3803621 
495 3803621 
496 3803621 
497 3803621 
498 3803621 
499 3803621 
500 3803621 
501 3803621 
502 3803621 
503 3803621 
504 3803621 
505 3803621 
506 3803621 
507 3803621 
508 3803621 
509 3803621 
510 3803621 
511 3803621 
512 3803621 
513 3803621 
514 3803621 
515 3803621 
516 3803621 
517 3803621 
518 3803621 
519 3803621 
520 3803621 
521 3803621 
522 3803621 
523 3803621 
524 3803621 
525 3803621 
526 3803621 
527 3803621 
528 3803621 
529 3803621 
530 3803621 
531 3803621 
532 3803621 
533 3803621 
534 3803621 
535 3803621 
536 3803621 
537 3803621 
538 3803621 
539 3803621 
540 3803621 
541 3803621 
542 3803621 
543 3803621 
544 3803621 
545 3803621 
546 3803621 
547 3803621 
548 3803621 
549 3803621 
550 3803621 
551 3803621 
552 3803621 
553 3803621 
554 3803621 
555 3803621 
556 3803621 
557 3803621 
558 3803621 
559 3803621 
560 3803621 
561 3803621 
562 3803621 
563 3803621 
564 3803621 
565 3803621 
566 3803621 
567 3803621 
568 3803621 
569 3803621 
570 3803621 
571 3803621 
572 3803621 
573 3803621 
574 3803621 
575 3803621 
576 3803621 
577 3803621 
578 3803621 
579 3803621 
580 3803621 
581 3803621 
582 3803621 
583 3803621 
584 3803621 
585 3803621 
586 3803621 
587 3803621 
588 3803621 
589 3803621 
590 3803621 
591 3803621 
592 3803621 
593 3803621 
594 3803621 
595 3803621 
596 3803621 
597 3803621 
598 3803621 
599 3803621 
600 3803621 
601 3803621 
602 3803621 
603 3803621 
604 3803621 
605 3803621 
606 3803621 
607 3803621 
608 3803621 
609 3803621 
610 3803621 
611 3803621 
612 3803621 
613 3803621 
614 3803621 
615 3803621 
616 3803621 
617 3803621 
618 3803621 
619 3803621 
620 3803621 
621 3803621 
622 3803621 
623 3803621 
624 3803621 
625 3803621 
626 3803621 
627 3803621 
628 3803621 
629 3803621 
630 3803621 
631 3803621 
632 3803621 
633 3803621 
634 3803621 
635 3803621 
636 3803621 
637 3803621 
638 3803621 
639 3803621 
640 3803621 
641 3803621 
642 3803621 
643 3803621 
644 3803621 
645 3803621 
646 3803621 
647 3803621 
648 3803621 
649 3803621 
650 3803621 
651 3803621 
652 3803621 
653 3803621 
654 3803621 
655 3803621 
656 3803621 
657 3803621 
658 3803621 
659 3803621 
660 3803621 
661 3803621 
662 3803621 
663 3803621 
664 3803621 
665 3803621 
666 3803621 
667 3803621 
668 3803621 
669 3803621 
670 3803621 
671 3803621 
672 3803621 
673 3803621 
674 3803621 
675 3803621 
676 3803621 
677 3803621 
678 3803621 
679 3803621 
680 3803621 
681 3803621 
682 3803621 
683 3803621 
684 3803621 
685 3803621 
686 3803621 
687 3803621 
688 3803621 
689 3803621 
690 3803621 
691 3803621 
692 3803621 
693 3803621 
694 3803621 
695 3803621 
696 3803621 
697 3803621 
698 3803621 
699 3803621 
700 3803621 
701 3803621 
702 3803621 
703 3803621 
704 3803621 
705 3803621 
706 3803621 
707 3803621 
708 3803621 
709 3803621 
710 3803621 
711 3803621 
712 3803621 
713 3803621 
714 3803621 
715 3803621 
716 3803621 
717 3803621 
718 3803621 
719 3803621 
720 3803621 
721 3803621 
722 3803621 
723 3803621 
724 3803621 
725 3803621 
726 3803621 
727 3803621 
728 3803621 
729 3803621 
730 3803621 
731 3803621 
732 3803621 
733 3803621 
734 3803621 
735 3803621 
736 3803621 
737 3803621 
738 3803621 
739 3803621 
740 3803621 
741 3803621 
742 3803621 
743 3803621 
744 3803621 
745 3803621 
746 3803621 
747 3803621 
748 3803621 
749 3803621 
750 3803621 
751 3803621 
752 3803621 
753 3803621 
754 3803621 
755 3803621 
756 3803621 
757 3803621 
758 3803621 
759 3803621 
760 3803621 
761 3803621 
762 3803621 
763 3803621 
764 3803621 
765 3803621 
766 3803621 
767 3803621 
768 3803621 
769 3803621 
770 3803621 
771 3803621 
772 3803621 
773 3803621 
774 3803621 
775 3803621 
776 3803621 
777 3803621 
778 3803621 
779 3803621 
780 3803621 
781 3803621 
782 3803621 
783 3803621 
784 3803621 
785 3803621 
786 3803621 
787 3803621 
788 3803621 
789 3803621 
790 3803621 
791 3803621 
792 3803621 
793 3803621 
794 3803621 
795 3803621 
796 3803621 
797 3803621 
798 3803621 
799 3803621 
800 3803621 
801 3803621 
802 3803621 
803 3803621 
804 3803621 
805 3803621 
806 3803621 
807 3803621 
808 3803621 
809 3803621 
810 3803621 
811 3803621 
812 3803621 
813 3803621 
814 3803621 
815 3803621 
816 3803621 
817 3803621 
818 3803621 
819 3803621 
820 3803621 
821 3803621 
822 3803621 
823 3803621 
824 3803621 
825 3803621 
826 3803621 
827 3803621 
828 3803621 
829 3803621 
830 3803621 
831 3803621 
832 3803621 
833 3803621 
834 3803621 
835 3803621 
836 3803621 
837 3803621 
838 3803621 
839 3803621 
840 3803621 
841 3803621 
842 3803621 
843 3803621 
844 3803621 
845 3803621 
846 3803621 
847 3803621 
848 3803621 
849 3803621 
850 3803621 
851 3803621 
852 3803621 
853 3803621 
854 3803621 
855 3803621 
856 3803621 
857 3803621 
858 3803621 
859 3803621 
860 3803621 
861 3803621 
862 3803621 
863 3803621 
864 3803621 
865 3803621 
866 3803621 
867 3803621 
868 3803621 
869 3803621 
870 3803621 
871 3803621 
872 3803621 
873 3803621 
874 3803621 
875 3803621 
876 3803621 
877 3803621 
878 3803621 
879 3803621 
880 3803621 
881 3803621 
882 3803621 
883 3803621 
884 3803621 
885 3803621 
886 3803621 
887 3803621 
888 3803621 
889 3803621 
890 3803621 
891 3803621 
892 3803621 
893 3803621 
894 3803621 
895 3803621 
896 3803621 
897 3803621 
898 3803621 
899 3803621 
900 3803621 
901 3803621 
902 3803621 
903 3803621 
904 3803621 
905 3803621 
906 3803621 
907 3803621 
908 3803621 
909 3803621 
910 3803621 
911 3803621 
912 3803621 
913 3803621 
914 3803621 
915 3803621 
916 3803621 
917 3803621 
918 3803621 
919 3803621 
920 3803621 
921 3803621 
922 3803621 
923 3803621 
924 3803621 
925 3803621 
926 3803621 
927 3803621 
928 3803621 
929 3803621 
930 3803621 
931 3803621 
932 3803621 
933 3803621 
934 3803621 
935 3803621 
936 3803621 
937 3803621 
938 3803621 
939 3803621 
940 3803621 
941 3803621 
942 3803621 
943 3803621 
944 3803621 
945 3803621 
946 3803621 
947 3803621 
948 3803621 
949 3803621 
950 3803621 
951 3803621 
952 3803621 
953 3803621 
954 3803621 
955 3803621 
956 3803621 
957 3803621 
958 3803621 
959 3803621 
960 3803621 
961 3803621 
962 3803621 
963 3803621 
964 3803621 
965 3803621 
966 3803621 
967 3803621 
968 3803621 
969 3803621 
970 3803621 
971 3803621 
972 3803621 
973 3803621 
974 3803621 
975 3803621 
976 3803621 
977 3803621 
978 3803621 
979 3803621 
980 3803621 
981 3803621 
982 3803621 
983 3803621 
984 3803621 
985 3803621 
986 3803621 
987 3803621 
988 3803621 
989 3803621 
990 3803621 
991 3803621 
992 3803621 
993 3803621 
994 3803621 
995 3803621 
996 3803621 
997 3803621 
998 3803621 
999 3803621 
1000 3803621 
1001 3803621 
1002 3803621 
1003 3803621 
1004 3803621 
1005 3803621 
1006 3803621 
1007 3803621 
1008 3803621 
1009 3803621 
1010 3803621 
1011 3803621 
1012 3803621 
1013 3803621 
1014 3803621 
1015 3803621 
1016 3803621 
1017 3803621 
1018 3803621 
1019 3803621 
1020 3803621 
1021 3803621 
1022 3803621 
1023 3803621 
1024 3803621 
1025 3803621 
1026 3803621 
1027 3803621 
1028 3803621 
1029 3803621 
1030 3803621 
1031 3803621 
1032 3803621 
1033 3803621 
1034 3803621 
1035 3803621 
1036 3803621 
1037 3803621 
1038 3803621 
1039 3803621 
1040 3803621 
1041 3803621 
1042 3803621 
1043 3803621 
1044 3803621 
1045 3803621 
1046 3803621 
1047 3803621 
1048 3803621 
1049 3803621 
1050 3803621 
1051 3803621 
1052 3803621 
1053 3803621 
1054 3803621 
1055 3803621 
1056 3803621 
1057 3803621 
1058 3803621 
1059 3803621 
1060 3803621 
1061 3803621 
1062 3803621 
1063 3803621 
1064 3803621 
1065 3803621 
1066 3803621 
1067 3803621 
1068 3803621 
1069 3803621 
1070 3803621 
1071 3803621 
1072 3803621 
1073 3803621 
1074 3803621 
1075 3803621 
1076 3803621 
1077 3803621 
1078 3803621 
1079 3803621 
1080 3803621 
1081 3803621 
1082 3803621 
1083 3803621 
1084 3803621 
1085 3803621 
1086 3803621 
1087 3803621 
1088 3803621 
1089 3803621 
1090 3803621 
1091 3803621 
1092 3803621 
1093 3803621 
1094 3803621 
1095 3803621 
1096 3803621 
1097 3803621 
1098 3803621 
1099 3803621 
1100 3803621 
1101 3803621 
1102 3803621 
1103 3803621 
1104 3803621 
1105 3803621 
1106 3803621 
1107 3803621 
1108 3803621 
1109 3803621 
1110 3803621 
1111 3803621 
1112 3803621 
1113 3803621 
1114 3803621 
1115 3803621 
1116 3803621 
1117 3803621 
1118 3803621 
1119 3803621 
1120 3803621 
1121 3803621 
1122 3803621 
1123 3803621 
1124 3803621 
1125 3803621 
1126 3803621 
1127 3803621 
1128 3803621 
1129 3803621 
1130 3803621 
1131 3803621 
1132 3803621 
1133 3803621 
1134 3803621 
1135 3803621 
1136 3803621 
1137 3803621 
1138 3803621 
1139 3803621 
1140 3803621 
1141 3803621 
1142 3803621 
1143 3803621 
1144 3803621 
1145 3803621 
1146 3803621 
1147 3803621 
1148 3803621 
1149 3803621 
1150 3803621 
1151 3803621 
1152 3803621 
1153 3803621 
1154 3803621 
1155 3803621 
1156 3803621 
1157 3803621 
1158 3803621 
1159 3803621 
1160 3803621 
1161 3803621 
1162 3803621 
1163 3803621 
1164 3803621 
1165 3803621 
1166 3803621 
1167 3803621 
1168 3803621 
1169 3803621 
1170 3803621 
1171 3803621 
1172 3803621 
1173 3803621 
1174 3803621 
1175 3803621 
1176 3803621 
1177 3803621 
1178 3803621 
1179 3803621 
1180 3803621 
1181 3803621 
1182 3803621 
1183 3803621 
1184 3803621 
1185 3803621 
1186 3803621 
1187 3803621 
1188 3803621 
1189 3803621 
1190 3803621 
1191 3803621 
1192 3803621 
1193 3803621 
1194 3803621 
1195 3803621 
1196 3803621 
1197 3803621 
1198 3803621 
1199 3803621 
1200 3803621 
1201 3803621 
1202 3803621 
1203 3803621 
1204 3803621 
1205 3803621 
1206 3803621 
1207 3803621 
1208 3803621 
1209 3803621 
1210 3803621 
1211 3803621 
1212 3803621 
1213 3803621 
1214 3803621 
1215 3803621 
1216 3803621 
1217 3803621 
1218 3803621 
1219 3803621 
1220 3803621 
1221 3803621 
1222 3803621 
1223 3803621 
1224 3803621 
1225 3803621 
1226 3803621 
1227 3803621 
1228 3803621 
1229 3803621 
1230 3803621 
1231 3803621 
1232 3803621 
1233 3803621 
1234 3803621 
1235 3803621 
1236 3803621 
1237 3803621 
1238 3803621 
1239 3803621 
1240 3803621 
1241 3803621 
1242 3803621 
1243 3803621 
1244 3803621 
1245 3803621 
1246 3803621 
1247 3803621 
1248 3803621 
1249 3803621 
1250 3803621 
1251 3803621 
1252 3803621 
1253 3803621 
1254 3803621 
1255 3803621 
1256 3803621 
1257 3803621 
1258 3803621 
1259 3803621 
1260 3803621 
1261 3803621 
1262 3803621 
1263 3803621 
1264 3803621 
1265 3803621 
1266 3803621 
1267 3803621 
1268 3803621 
1269 3803621 
1270 3803621 
1271 3803621 
1272 3803621 
1273 3803621 
1274 3803621 
1275 3803621 
1276 3803621 
1277 3803621 
1278 3803621 
1279 3803621 
1280 3803621 
1281 3803621 
1282 3803621 
1283 3803621 
1284 3803621 
1285 3803621 
1286 3803621 
1287 3803621 
1288 3803621 
1289 3803621 
1290 3803621 
1291 3803621 
1292 3803621 
1293 3803621 
1294 3803621 
1295 3803621 
1296 3803621 
1297 3803621 
1298 3803621 
1299 3803621 
1300 3803621 
1301 3803621 
1302 3803621 
1303 3803621 
1304 3803621 
1305 3803621 
1306 3803621 
1307 3803621 
1308 3803621 
1309 3803621 
1310 3803621 
1311 3803621 
1312 3803621 
1313 3803621 
1314 3803621 
1315 3803621 
1316 3803621 
1317 3803621 
1318 3803621 
1319 3803621 
1320 3803621 
1321 3803621 
1322 3803621 
1323 3803621 
1324 3803621 
1325 3803621 
1326 3803621 
1327 3803621 
1328 3803621 
1329 3803621 
1330 3803621 
1331 3803621 
1332 3803621 
1333 3803621 
1334 3803621 
1335 3803621 
1336 3803621 
1337 3803621 
1338 3803621 
1339 3803621 
1340 3803621 
1341 3803621 
1342 3803621 
1343 3803621 
1344 3803621 
1345 3803621 
1346 3803621 
1347 3803621 
1348 3803621 
1349 3803621 
1350 3803621 
1351 3803621 
1352 3803621 
1353 3803621 
1354 3803621 
1355 3803621 
1356 3803621 
1357 3803621 
1358 3803621 
1359 3803621 
1360 3803621 
1361 3803621 
1362 3803621 
1363 3803621 
1364 3803621 
1365 3803621 
1366 3803621 
1367 3803621 
1368 3803621 
1369 3803621 
1370 3803621 
1371 3803621 
1372 3803621 
1373 3803621 
1374 3803621 
1375 3803621 
1376 3803621 
1377 3803621 
1378 3803621 
1379 3803621 
1380 3803621 
1381 3803621 
1382 3803621 
1383 3803621 
1384 3803621 
1385 3803621 
1386 3803621 
1387 3803621 
1388 3803621 
1389 3803621 
1390 3803621 
1391 3803621 
1392 3803621 
1393 3803621 
1394 3803621 
1395 3803621 
1396 3803621 
1397 3803621 
1398 3803621 
1399 3803621 
1400 3803621 
1401 3803621 
1402 3803621 
1403 3803621 
1404 3803621 
1405 3803621 
1406 3803621 
1407 3803621 
1408 3803621 
1409 3803621 
1410 3803621 
1411 3803621 
1412 3803621 
1413 3803621 
1414 3803621 
1415 3803621 
1416 3803621 
1417 3803621 
1418 3803621 
1419 3803621 
1420 3803621 
1421 3803621 
1422 3803621 
1423 3803621 
1424 3803621 
1425 3803621 
1426 3803621 
1427 3803621 
1428 3803621 
1429 3803621 
1430 3803621 
1431 3803621 
1432 3803621 
1433 3803621 
1434 3803621 
1435 3803621 
1436 3803621 
1437 3803621 
1438 3803621 
1439 3803621 
1440 3803621 
1441 3803621 
1442 3803621 
1443 3803621 
1444 3803621 
1445 3803621 
1446 3803621 
1447 3803621 
1448 3803621 
1449 3803621 
1450 3803621 
1451 3803621 
1452 3803621 
1453 3803621 
1454 3803621 
1455 3803621 
1456 3803621 
1457 3803621 
1458 3803621 
1459 3803621 
1460 3803621 
1461 3803621 
1462 3803621 
1463 3803621 
1464 3803621 
1465 3803621 
1466 3803621 
1467 3803621 
1468 3803621 
1469 3803621 
1470 3803621 
1471 3803621 
1472 3803621 
1473 3803621 
1474 3803621 
1475 3803621 
1476 3803621 
1477 3803621 
1478 3803621 
1479 3803621 
1480 3803621 
1481 3803621 
1482 3803621 
1483 3803621 
1484 3803621 
1485 3803621 
1486 3803621 
1487 3803621 
1488 3803621 
1489 3803621 
1490 3803621 
1491 3803621 
1492 3803621 
1493 3803621 
1494 3803621 
1495 3803621 
1496 3803621 
1497 3803621 
1498 3803621 
1499 3803621 
1500 3803621 
1501 3803621 
1502 3803621 
1503 3803621 
1504 3803621 
1505 3803621 
1506 3803621 
1507 3803621 
1508 3803621 
1509 3803621 
1510 3803621 
1511 3803621 
1512 3803621 
1513 3803621 
1514 3803621 
1515 3803621 
1516 3803621 
1517 3803621 
1518 3803621 
1519 3803621 
1520 3803621 
1521 3803621 
1522 3803621 
1523 3803621 
1524 3803621 
1525 3803621 
1526 3803621 
1527 3803621 
1528 3803621 
1529 3803621 
1530 3803621 
1531 3803621 
1532 3803621 
1533 3803621 
1534 3803621 
1535 3803621 
1536 3803621 
1537 3803621 
1538 3803621 
1539 3803621 
1540 3803621 
1541 3803621 
1542 3803621 
1543 3803621 
1544 3803621 
1545 3803621 
1546 3803621 
1547 3803621 
1548 3803621 
1549 3803621 
1550 3803621 
1551 3803621 
1552 3803621 
1553 3803621 
1554 3803621 
1555 3803621 
1556 3803621 
1557 3803621 
1558 3803621 
1559 3803621 
1560 3803621 
1561 3803621 
1562 3803621 
1563 3803621 
1564 3803621 
1565 3803621 
1566 3803621 
1567 3803621 
1568 3803621 
1569 3803621 
1570 3803621 
1571 3803621 
1572 3803621 
1573 3803621 
1574 3803621 
1575 3803621 
1576 3803621 
1577 3803621 
1578 3803621 
1579 3803621 
1580 3803621 
1581 3803621 
1582 3803621 
1583 3803621 
1584 3803621 
1585 3803621 
1586 3803621 
1587 3803621 
1588 3803621 
1589 3803621 
1590 3803621 
1591 3803621 
1592 3803621 
1593 3803621 
1594 3803621 
1595 3803621 
1596 3803621 
1597 3803621 
1598 3803621 
1599 3803621 
1600 3803621 
1601 3803621 
1602 3803621 
1603 3803621 
1604 3803621 
1605 3803621 
1606 3803621 
1607 3803621 
1608 3803621 
1609 3803621 
1610 3803621 
1611 3803621 
1612 3803621 
1613 3803621 
1614 3803621 
1615 3803621 
1616 3803621 
1617 3803621 
1618 3803621 
1619 3803621 
1620 3803621 
1621 3803621 
1622 3803621 
1623 3803621 
1624 3803621 
1625 3803621 
1626 3803621 
1627 3803621 
1628 3803621 
1629 3803621 
1630 3803621 
1631 3803621 
1632 3803621 
1633 3803621 
1634 3803621 
1635 3803621 
1636 3803621 
1637 3803621 
1638 3803621 
1639 3803621 
1640 3803621 
1641 3803621 
1642 3803621 
1643 3803621 
1644 3803621 
1645 3803621 
1646 3803621 
1647 3803621 
1648 3803621 
1649 3803621 
1650 3803621 
1651 3803621 
1652 3803621 
1653 3803621 
1654 3803621 
1655 3803621 
1656 3803621 
1657 3803621 
1658 3803621 
1659 3803621 
1660 3803621 
1661 3803621 
1662 3803621 
1663 3803621 
1664 3803621 
1665 3803621 
1666 3803621 
1667 3803621 
1668 3803621 
1669 3803621 
1670 3803621 
1671 3803621 
1672 3803621 
1673 3803621 
1674 3803621 
1675 3803621 
1676 3803621 
1677 3803621 
1678 3803621 
1679 3803621 
1680 3803621 
1681 3803621 
1682 3803621 
1683 3803621 
1684 3803621 
1685 3803621 
1686 3803621 
1687 3803621 
1688 3803621 
1689 3803621 
1690 3803621 
1691 3803621 
1692 3803621 
1693 3803621 
1694 3803621 
1695 3803621 
1696 3803621 
1697 3803621 
1698 3803621 
1699 3803621 
1700 3803621 
1701 3803621 
1702 3803621 
1703 3803621 
1704 3803621 
1705 3803621 
1706 3803621 
1707 3803621 
1708 3803621 
1709 3803621 
1710 3803621 
1711 3803621 
1712 3803621 
1713 3803621 
1714 3803621 
1715 3803621 
1716 3803621 
1717 3803621 
1718 3803621 
1719 3803621 
1720 3803621 
1721 3803621 
1722 3803621 
1723 3803621 
1724 3803621 
1725 3803621 
1726 3803621 
1727 3803621 
1728 3803621 
1729 3803621 
1730 3803621 
1731 3803621 
1732 3803621 
1733 3803621 
1734 3803621 
1735 3803621 
1736 3803621 
1737 3803621 
1738 3803621 
1739 3803621 
1740 3803621 
1741 3803621 
1742 3803621 
1743 3803621 
1744 3803621 
1745 3803621 
1746 3803621 
1747 3803621 
1748 3803621 
1749 3803621 
1750 3803621 
1751 3803621 
1752 3803621 
1753 3803621 
1754 3803621 
1755 3803621 
1756 3803621 
1757 3803621 
1758 3803621 
1759 3803621 
1760 3803621 
1761 3803621 
1762 3803621 
1763 3803621 
1764 3803621 
1765 3803621 
1766 3803621 
1767 3803621 
1768 3803621 
1769 3803621 
1770 3803621 
1771 3803621 
1772 3803621 
1773 3803621 
1774 3803621 
1775 3803621 
1776 3803621 
1777 3803621 
1778 3803621 
1779 3803621 
1780 3803621 
1781 3803621 
1782 3803621 
1783 3803621 
1784 3803621 
1785 3803621 
1786 3803621 
1787 3803621 
1788 3803621 
1789 3803621 
1790 3803621 
1791 3803621 
1792 3803621 
1793 3803621 
1794 3803621 
1795 3803621 
1796 3803621 
1797 3803621 
1798 3803621 
1799 3803621 
1800 3803621 
1801 3803621 
1802 3803621 
1803 3803621 
1804 3803621 
1805 3803621 
1806 3803621 
1807 3803621 
1808 3803621 
1809 3803621 
1810 3803621 
1811 3803621 
1812 3803621 
1813 3803621 
1814 3803621 
1815 3803621 
1816 3803621 
1817 3803621 
1818 3803621 
1819 3803621 
1820 3803621 
1821 3803621 
1822 3803621 
1823 3803621 
1824 3803621 
1825 3803621 
1826 3803621 
1827 3803621 
1828 3803621 
1829 3803621 
1830 3803621 
1831 3803621 
1832 3803621 
1833 3803621 
1834 3803621 
1835 3803621 
1836 3803621 
1837 3803621 
1838 3803621 
1839 3803621 
1840 3803621 
1841 3803621 
1842 3803621 
1843 3803621 
1844 3803621 
1845 3803621 
1846 3803621 
1847 3803621 
1848 3803621 
1849 3803621 
1850 3803621 
1851 3803621 
1852 3803621 
1853 3803621 
1854 3803621 
1855 3803621 
1856 3803621 
1857 3803621 
1858 3803621 
1859 3803621 
1860 3803621 
1861 3803621 
1862 3803621 
1863 3803621 
1864 3803621 
1865 3803621 
1866 3803621 
1867 3803621 
1868 3803621 
1869 3803621 
1870 3803621 
1871 3803621 
1872 3803621 
1873 3803621 
1874 3803621 
1875 3803621 
1876 3803621 
1877 3803621 
1878 3803621 
1879 3803621 
1880 3803621 
1881 3803621 
1882 3803621 
1883 3803621 
1884 3803621 
1885 3803621 
1886 3803621 
1887 3803621 
1888 3803621 
1889 3803621 
1890 3803621 
1891 3803621 
1892 3803621 
1893 3803621 
1894 3803621 
1895 3803621 
1896 3803621 
1897 3803621 
1898 3803621 
1899 3803621 
1900 3803621 
1901 3803621 
1902 3803621 
1903 3803621 
1904 3803621 
1905 3803621 
1906 3803621 
1907 3803621 
1908 3803621 
1909 3803621 
1910 3803621 
1911 3803621 
1912 3803621 
1913 3803621 
1914 3803621 
1915 3803621 
1916 3803621 
1917 3803621 
1918 3803621 
1919 3803621 
1920 3803621 
1921 3803621 
1922 3803621 
1923 3803621 
1924 3803621 
1925 3803621 
1926 3803621 
1927 3803621 
1928 3803621 
1929 3803621 
1930 3803621 
1931 3803621 
1932 3803621 
1933 3803621 
1934 3803621 
1935 3803621 
1936 3803621 
1937 3803621 
1938 3803621 
1939 3803621 
1940 3803621 
1941 3803621 
1942 3803621 
1943 3803621 
1944 3803621 
1945 3803621 
1946 3803621 
1947 3803621 
1948 3803621 
1949 3803621 
1950 3803621 
1951 3803621 
1952 3803621 
1953 3803621 
1954 3803621 
1955 3803621 
1956 3803621 
1957 3803621 
1958 3803621 
1959 3803621 
1960 3803621 
1961 3803621 
1962 3803621 
1963 3803621 
1964 3803621 
1965 3803621 
1966 3803621 
1967 3803621 
1968 3803621 
1969 3803621 
1970 3803621 
1971 3803621 
1972 3803621 
1973 3803621 
1974 3803621 
1975 3803621 
1976 3803621 
1977 3803621 
1978 3803621 
1979 3803621 
1980 3803621 
1981 3803621 
1982 3803621 
1983 3803621 
1984 3803621 
1985 3803621 
1986 3803621 
1987 3803621 
1988 3803621 
1989 3803621 
1990 3803621 
1991 3803621 
1992 3803621 
1993 3803621 
1994 3803621 
1995 3803621 
1996 3803621 
1997 3803621 
1998 3803621 
1999 3803621 
2000 3803621 
2001 3803621 
2002 3803621 
2003 3803621 
2004 3803621 
2005 3803621 
2006 3803621 
2007 3803621 
2008 3803621 
2009 3803621 
2010 3803621 
2011 3803621 
2012 3803621 
2013 3803621 
2014 3803621 
2015 3803621 
2016 3803621 
2017 3803621 
2018 3803621 
2019 3803621 
2020 3803621 
2021 3803621 
2022 3803621 
2023 3803621 
2024 3803621 
2025 3803621 
2026 3803621 
2027 3803621 
2028 3803621 
2029 3803621 
2030 3803621 
2031 3803621 
2032 3803621 
2033 3803621 
2034 3803621 
2035 3803621 
2036 3803621 
2037 3803621 
2038 3803621 
2039 3803621 
2040 3803621 
2041 3803621 
2042 3803621 
2043 3803621 
2044 3803621 
2045 3803621 
2046 3803621 
2047 3803621 
2048 3803621 
2049 3803621 
2050 3803621 
2051 3803621 
2052 3803621 
2053 3803621 
2054 3803621 
2055 3803621 
2056 3803621 
2057 3803621 
2058 3803621 
2059 3803621 
2060 3803621 
2061 3803621 
2062 3803621 
2063 3803621 
2064 3803621 
2065 3803621 
2066 3803621 
2067 3803621 
2068 3803621 
2069 3803621 
2070 3803621 
2071 3803621 
2072 3803621 
2073 3803621 
2074 3803621 
2075 3803621 
2076 3803621 
2077 3803621 
2078 3803621 
2079 3803621 
2080 3803621 
2081 3803621 
2082 3803621 
2083 3803621 
2084 3803621 
2085 3803621 
2086 3803621 
2087 3803621 
2088 3803621 
2089 3803621 
2090 3803621 
2091 3803621 
2092 3803621 
2093 3803621 
2094 3803621 
2095 3803621 
2096 3803621 
2097 3803621 
2098 3803621 
2099 3803621 
2100 3803621 
2101 3803621 
2102 3803621 
2103 3803621 
2104 3803621 
2105 3803621 
2106 3803621 
2107 3803621 
2108 3803621 
2109 3803621 
2110 3803621 
2111 3803621 
2112 3803621 
2113 3803621 
2114 3803621 
2115 3803621 
2116 3803621 
2117 3803621 
2118 3803621 
2119 3803621 
2120 3803621 
2121 3803621 
2122 3803621 
2123 3803621 
2124 3803621 
2125 3803621 
2126 3803621 
2127 3803621 
2128 3803621 
2129 3803621 
2130 3803621 
2131 3803621 
2132 3803621 
2133 3803621 
2134 3803621 
2135 3803621 
2136 3803621 
2137 3803621 
2138 3803621 
2139 3803621 
2140 3803621 
2141 3803621 
2142 3803621 
2143 3803621 
2144 3803621 
2145 3803621 
2146 3803621 
2147 3803621 
2148 3803621 
2149 3803621 
2150 3803621 
2151 3803621 
2152 3803621 
2153 3803621 
2154 3803621 
2155 3803621 
2156 3803621 
2157 3803621 
2158 3803621 
2159 3803621 
2160 3803621 
2161 3803621 
2162 3803621 
2163 3803621 
2164 3803621 
2165 3803621 
2166 3803621 
2167 3803621 
2168 3803621 
2169 3803621 
2170 3803621 
2171 3803621 
2172 3803621 
2173 3803621 
2174 3803621 
2175 3803621 
2176 3803621 
2177 3803621 
2178 3803621 
2179 3803621 
2180 3803621 
2181 3803621 
2182 3803621 
2183 3803621 
2184 3803621 
2185 3803621 
2186 3803621 
2187 3803621 
2188 3803621 
2189 3803621 
2190 3803621 
2191 3803621 
2192 3803621 
2193 3803621 
2194 3803621 
2195 3803621 
2196 3803621 
2197 3803621 
2198 3803621 
2199 3803621 
2200 3803621 
2201 3803621 
2202 3803621 
2203 3803621 
2204 3803621 
2205 3803621 
2206 3803621 
2207 3803621 
2208 3803621 
2209 3803621 
2210 3803621 
2211 3803621 
2212 3803621 
2213 3803621 
2214 3803621 
2215 3803621 
2216 3803621 
2217 3803621 
2218 3803621 
2219 3803621 
2220 3803621 
2221 3803621 
2222 3803621 
2223 3803621 
2224 3803621 
2225 3803621 
2226 3803621 
2227 3803621 
2228 3803621 
2229 3803621 
2230 3803621 
2231 3803621 
2232 3803621 
2233 3803621 
2234 3803621 
2235 3803621 
2236 3803621 
2237 3803621 
2238 3803621 
2239 3803621 
2240 3803621 
2241 3803621 
2242 3803621 
2243 3803621 
2244 3803621 
2245 3803621 
2246 3803621 
2247 3803621 
2248 3803621 
2249 3803621 
2250 3803621 
2251 3803621 
2252 3803621 
2253 3803621 
2254 3803621 
2255 3803621 
2256 3803621 
2257 3803621 
2258 3803621 
2259 3803621 
2260 3803621 
2261 3803621 
2262 3803621 
2263 3803621 
2264 3803621 
2265 3803621 
2266 3803621 
2267 3803621 
2268 3803621 
2269 3803621 
2270 3803621 
2271 3803621 
2272 3803621 
2273 3803621 
2274 3803621 
2275 3803621 
2276 3803621 
2277 3803621 
2278 3803621 
2279 3803621 
2280 3803621 
2281 3803621 
2282 3803621 
2283 3803621 
2284 3803621 
2285 3803621 
2286 3803621 
2287 3803621 
2288 3803621 
2289 3803621 
2290 3803621 
2291 3803621 
2292 3803621 
2293 3803621 
2294 3803621 
2295 3803621 
2296 3803621 
2297 3803621 
2298 3803621 
2299 3803621 
2300 3803621 
2301 3803621 
2302 3803621 
2303 3803621 
2304 3803621 
2305 3803621 
2306 3803621 
2307 3803621 
2308 3803621 
2309 3803621 
2310 3803621 
2311 3803621 
2312 3803621 
2313 3803621 
2314 3803621 
2315 3803621 
2316 3803621 
2317 3803621 
2318 3803621 
2319 3803621 
2320 3803621 
2321 3803621 
2322 3803621 
2323 3803621 
2324 3803621 
2325 3803621 
2326 3803621 
2327 3803621 
2328 3803621 
2329 3803621 
2330 3803621 
2331 3803621 
2332 3803621 
2333 3803621 
2334 3803621 
2335 3803621 
2336 3803621 
2337 3803621 
2338 3803621 
2339 3803621 
2340 3803621 
2341 3803621 
2342 3803621 
2343 3803621 
2344 3803621 
2345 3803621 
2346 3803621 
2347 3803621 
2348 3803621 
2349 3803621 
2350 3803621 
2351 3803621 
2352 3803621 
2353 3803621 
2354 3803621 
2355 3803621 
2356 3803621 
2357 3803621 
2358 3803621 
2359 3803621 
2360 3803621 
2361 3803621 
2362 3803621 
2363 3803621 
2364 3803621 
2365 3803621 
2366 3803621 
2367 3803621 
2368 3803621 
2369 3803621 
2370 3803621 
2371 3803621 
2372 3803621 
2373 3803621 
2374 3803621 
2375 3803621 
2376 3803621 
2377 3803621 
2378 3803621 
2379 3803621 
2380 3803621 
2381 3803621 
2382 3803621 
2383 3803621 
2384 3803621 
2385 3803621 
2386 3803621 
2387 3803621 
2388 3803621 
2389 3803621 
2390 3803621 
2391 3803621 
2392 3803621 
2393 3803621 
2394 3803621 
2395 3803621 
2396 3803621 
2397 3803621 
2398 3803621 
2399 3803621 
2400 3803621 
2401 3803621 
2402 3803621 
2403 3803621 
2404 3803621 
2405 3803621 
2406 3803621 
2407 3803621 
2408 3803621 
2409 3803621 
2410 3803621 
2411 3803621 
2412 3803621 
2413 3803621 
2414 3803621 
2415 3803621 
2416 3803621 
2417 3803621 
2418 3803621 
2419 3803621 
2420 3803621 
2421 3803621 
2422 3803621 
2423 3803621 
2424 3803621 
2425 3803621 
2426 3803621 
2427 3803621 
2428 3803621 
2429 3803621 
2430 3803621 
2431 3803621 
2432 3803621 
2433 3803621 
2434 3803621 
2435 3803621 
2436 3803621 
2437 3803621 
2438 3803621 
2439 3803621 
2440 3803621 
2441 3803621 
2442 3803621 
2443 3803621 
2444 3803621 
2445 3803621 
2446 3803621 
2447 3803621 
2448 3803621 
2449 3803621 
2450 3803621 
2451 3803621 
2452 3803621 
2453 3803621 
2454 3803621 
2455 3803621 
2456 3803621 
2457 3803621 
2458 3803621 
2459 3803621 
2460 3803621 
2461 3803621 
2462 3803621 
2463 3803621 
2464 3803621 
2465 3803621 
2466 3803621 
2467 3803621 
2468 3803621 
2469 3803621 
2470 3803621 
2471 3803621 
2472 3803621 
2473 3803621 
2474 3803621 
2475 3803621 
2476 3803621 
2477 3803621 
2478 3803621 
2479 3803621 
2480 3803621 
2481 3803621 
2482 3803621 
2483 3803621 
2484 3803621 
2485 3803621 
2486 3803621 
2487 3803621 
2488 3803621 
2489 3803621 
2490 3803621 
2491 3803621 
2492 3803621 
2493 3803621 
2494 3803621 
2495 3803621 
2496 3803621 
2497 3803621 
2498 3803621 
2499 3803621 
2500 3803621 
2501 3803621 
2502 3803621 
2503 3803621 
2504 3803621 
2505 3803621 
2506 3803621 
2507 3803621 
2508 3803621 
2509 3803621 
2510 3803621 
2511 3803621 
2512 3803621 
2513 3803621 
2514 3803621 
2515 3803621 
2516 3803621 
2517 3803621 
2518 3803621 
2519 3803621 
2520 3803621 
2521 3803621 
2522 3803621 
2523 3803621 
2524 3803621 
2525 3803621 
2526 3803621 
2527 3803621 
2528 3803621 
2529 3803621 
2530 3803621 
2531 3803621 
2532 3803621 
2533 3803621 
2534 3803621 
2535 3803621 
2536 3803621 
2537 3803621 
2538 3803621 
2539 3803621 
2540 3803621 
2541 3803621 
2542 3803621 
2543 3803621 
2544 3803621 
2545 3803621 
2546 3803621 
2547 3803621 
2548 3803621 
2549 3803621 
2550 3803621 
2551 3803621 
2552 3803621 
2553 3803621 
2554 3803621 
2555 3803621 
2556 3803621 
2557 3803621 
2558 3803621 
2559 3803621 
2560 3803621 
2561 3803621 
2562 3803621 
2563 3803621 
2564 3803621 
2565 3803621 
2566 3803621 
2567 3803621 
2568 3803621 
2569 3803621 
2570 3803621 
2571 3803621 
2572 3803621 
2573 3803621 
2574 3803621 
2575 3803621 
2576 3803621 
2577 3803621 
2578 3803621 
2579 3803621 
2580 3803621 
2581 3803621 
2582 3803621 
2583 3803621 
2584 3803621 
2585 3803621 
2586 3803621 
2587 3803621 
2588 3803621 
2589 3803621 
2590 3803621 
2591 3803621 
2592 3803621 
2593 3803621 
2594 3803621 
2595 3803621 
2596 3803621 
2597 3803621 
2598 3803621 
2599 3803621 
2600 3803621 
2601 3803621 
2602 3803621 
2603 3803621 
2604 3803621 
2605 3803621 
2606 3803621 
2607 3803621 
2608 3803621 
2609 3803621 
2610 3803621 
2611 3803621 
2612 3803621 
2613 3803621 
2614 3803621 
2615 3803621 
2616 3803621 
2617 3803621 
2618 3803621 
2619 3803621 
2620 3803621 
2621 3803621 
2622 3803621 
2623 3803621 
2624 3803621 
2625 3803621 
2626 3803621 
2627 3803621 
2628 3803621 
2629 3803621 
2630 3803621 
2631 3803621 
2632 3803621 
2633 3803621 
2634 3803621 
2635 3803621 
2636 3803621 
2637 3803621 
2638 3803621 
2639 3803621 
2640 3803621 
2641 3803621 
2642 3803621 
2643 3803621 
2644 3803621 
2645 3803621 
2646 3803621 
2647 3803621 
2648 3803621 
2649 3803621 
2650 3803621 
2651 3803621 
2652 3803621 
2653 3803621 
2654 3803621 
2655 3803621 
2656 3803621 
2657 3803621 
2658 3803621 
2659 3803621 
2660 3803621 
2661 3803621 
2662 3803621 
2663 3803621 
2664 3803621 
2665 3803621 
2666 3803621 
2667 3803621 
2668 3803621 
2669 3803621 
2670 3803621 
2671 3803621 
2672 3803621 
2673 3803621 
2674 3803621 
2675 3803621 
2676 3803621 
2677 3803621 
2678 3803621 
2679 3803621 
2680 3803621 
2681 3803621 
2682 3803621 
2683 3803621 
2684 3803621 
2685 3803621 
2686 3803621 
2687 3803621 
2688 3803621 
2689 3803621 
2690 3803621 
2691 3803621 
2692 3803621 
2693 3803621 
2694 3803621 
2695 3803621 
2696 3803621 
2697 3803621 
2698 3803621 
2699 3803621 
2700 3803621 
2701 3803621 
2702 3803621 
2703 3803621 
2704 3803621 
2705 3803621 
2706 3803621 
2707 3803621 
2708 3803621 
2709 3803621 
2710 3803621 
2711 3803621 
2712 3803621 
2713 3803621 
2714 3803621 
2715 3803621 
2716 3803621 
2717 3803621 
2718 3803621 
2719 3803621 
2720 3803621 
2721 3803621 
2722 3803621 
2723 3803621 
2724 3803621 
2725 3803621 
2726 3803621 
2727 3803621 
2728 3803621 
2729 3803621 
2730 3803621 
2731 3803621 
2732 3803621 
2733 3803621 
2734 3803621 
2735 3803621 
2736 3803621 
2737 3803621 
2738 3803621 
2739 3803621 
2740 3803621 
2741 3803621 
2742 3803621 
2743 3803621 
2744 3803621 
2745 3803621 
2746 3803621 
2747 3803621 
2748 3803621 
2749 3803621 
2750 3803621 
2751 3803621 
2752 3803621 
2753 3803621 
2754 3803621 
2755 3803621 
2756 3803621 
2757 3803621 
2758 3803621 
2759 3803621 
2760 3803621 
2761 3803621 
2762 3803621 
2763 3803621 
2764 3803621 
2765 3803621 
2766 3803621 
2767 3803621 
2768 3803621 
2769 3803621 
2770 3803621 
2771 3803621 
2772 3803621 
2773 3803621 
2774 3803621 
2775 3803621 
2776 3803621 
2777 3803621 
2778 3803621 
2779 3803621 
2780 3803621 
2781 3803621 
2782 3803621 
2783 3803621 
2784 3803621 
2785 3803621 
2786 3803621 
2787 3803621 
2788 3803621 
2789 3803621 
2790 3803621 
2791 3803621 
2792 3803621 
2793 3803621 
2794 3803621 
2795 3803621 
2796 3803621 
2797 3803621 
2798 3803621 
2799 3803621 
2800 3803621 
2801 3803621 
2802 3803621 
2803 3803621 
2804 3803621 
2805 3803621 
2806 3803621 
2807 3803621 
2808 3803621 
2809 3803621 
2810 3803621 
2811 3803621 
2812 3803621 
2813 3803621 
2814 3803621 
2815 3803621 
2816 3803621 
2817 3803621 
2818 3803621 
2819 3803621 
2820 3803621 
2821 3803621 
2822 3803621 
2823 3803621 
2824 3803621 
2825 3803621 
2826 3803621 
2827 3803621 
2828 3803621 
2829 3803621 
2830 3803621 
2831 3803621 
2832 3803621 
2833 3803621 
2834 3803621 
2835 3803621 
2836 3803621 
2837 3803621 
2838 3803621 
2839 3803621 
2840 3803621 
2841 3803621 
2842 3803621 
2843 3803621 
2844 3803621 
2845 3803621 
2846 3803621 
2847 3803621 
2848 3803621 
2849 3803621 
2850 3803621 
2851 3803621 
2852 3803621 
2853 3803621 
2854 3803621 
2855 3803621 
2856 3803621 
2857 3803621 
2858 3803621 
2859 3803621 
2860 3803621 
2861 3803621 
2862 3803621 
2863 3803621 
2864 3803621 
2865 3803621 
2866 3803621 
2867 3803621 
2868 3803621 
2869 3803621 
2870 3803621 
2871 3803621 
2872 3803621 
2873 3803621 
2874 3803621 
2875 3803621 
2876 3803621 
2877 3803621 
2878 3803621 
2879 3803621 
2880 3803621 
2881 3803621 
2882 3803621 
2883 3803621 
2884 3803621 
2885 3803621 
2886 3803621 
2887 3803621 
2888 3803621 
2889 3803621 
2890 3803621 
2891 3803621 
2892 3803621 
2893 3803621 
2894 3803621 
2895 3803621 
2896 3803621 
2897 3803621 
2898 3803621 
2899 3803621 
2900 3803621 
2901 3803621 
2902 3803621 
2903 3803621 
2904 3803621 
2905 3803621 
2906 3803621 
2907 3803621 
2908 3803621 
2909 3803621 
2910 3803621 
2911 3803621 
2912 3803621 
2913 3803621 
2914 3803621 
2915 3803621 
2916 3803621 
2917 3803621 
2918 3803621 
2919 3803621 
2920 3803621 
2921 3803621 
2922 3803621 
2923 3803621 
2924 3803621 
2925 3803621 
2926 3803621 
2927 3803621 
2928 3803621 
2929 3803621 
2930 3803621 
2931 3803621 
2932 3803621 
2933 3803621 
2934 3803621 
2935 3803621 
2936 3803621 
2937 3803621 
2938 3803621 
2939 3803621 
2940 3803621 
2941 3803621 
2942 3803621 
2943 3803621 
2944 3803621 
2945 3803621 
2946 3803621 
2947 3803621 
2948 3803621 
2949 3803621 
2950 3803621 
2951 3803621 
2952 3803621 
2953 3803621 
2954 3803621 
2955 3803621 
2956 3803621 
2957 3803621 
2958 3803621 
2959 3803621 
2960 3803621 
2961 3803621 
2962 3803621 
2963 3803621 
2964 3803621 
2965 3803621 
2966 3803621 
2967 3803621 
2968 3803621 
2969 3803621 
2970 3803621 
2971 3803621 
2972 3803621 
2973 3803621 
2974 3803621 
2975 3803621 
2976 3803621 
2977 3803621 
2978 3803621 
2979 3803621 
2980 3803621 
2981 3803621 
2982 3803621 
2983 3803621 
2984 3803621 
2985 3803621 
2986 3803621 
2987 3803621 
2988 3803621 
2989 3803621 
2990 3803621 
2991 3803621 
2992 3803621 
2993 3803621 
2994 3803621 
2995 3803621 
2996 3803621 
2997 3803621 
2998 3803621 
2999 3803621 
3000 3803621 
3001 3803621 
3002 3803621 
3003 3803621 
3004 3803621 
3005 3803621 
3006 3803621 
3007 3803621 
3008 3803621 
3009 3803621 
3010 3803621 
3011 3803621 
3012 3803621 
3013 3803621 
3014 3803621 
3015 3803621 
3016 3803621 
3017 3803621 
3018 3803621 
3019 3803621 
3020 3803621 
3021 3803621 
3022 3803621 
3023 3803621 
3024 3803621 
3025 3803621 
3026 3803621 
3027 3803621 
3028 3803621 
3029 3803621 
3030 3803621 
3031 3803621 
3032 3803621 
3033 3803621 
3034 3803621 
3035 3803621 
3036 3803621 
3037 3803621 
3038 3803621 
3039 3803621 
3040 3803621 
3041 3803621 
3042 3803621 
3043 3803621 
3044 3803621 
3045 3803621 
3046 3803621 
3047 3803621 
3048 3803621 
3049 3803621 
3050 3803621 
3051 3803621 
3052 3803621 
3053 3803621 
3054 3803621 
3055 3803621 
3056 3803621 
3057 3803621 
3058 3803621 
3059 3803621 
3060 3803621 
3061 3803621 
3062 3803621 
3063 3803621 
3064 3803621 
3065 3803621 
3066 3803621 
3067 3803621 
3068 3803621 
3069 3803621 
3070 3803621 
3071 3803621 

