0 4112486 
1 4104883 
2 4099815 
3 4098073 
4 4094373 
5 4083083 
6 4075767 
7 4063053 
8 4058485 
9 4058408 
10 4057784 
11 4057714 
12 4057389 
13 4057375 
14 4056491 
15 4047963 
16 4047837 
17 4047263 
18 4045506 
19 4044498 
20 4043113 
21 4043113 
22 4042886 
23 4041319 
24 4038236 
25 4038192 
26 4037557 
27 4037492 
28 4036088 
29 4035955 
30 4035587 
31 4034075 
32 4032710 
33 4029731 
34 4029598 
35 4028767 
36 4027898 
37 4026589 
38 4026477 
39 4026407 
40 4025536 
41 4024142 
42 4022855 
43 4022160 
44 4022114 
45 4021051 
46 4020491 
47 4019946 
48 4019837 
49 4018593 
50 4017970 
51 4017872 
52 4017846 
53 4017573 
54 4017489 
55 4017275 
56 4014766 
57 4014615 
58 4014511 
59 4013393 
60 4012756 
61 4012730 
62 4012653 
63 4012587 
64 4012197 
65 4012119 
66 4012049 
67 4011971 
68 4010866 
69 4010750 
70 4010747 
71 4010304 
72 4010240 
73 4010214 
74 4009563 
75 4008679 
76 4008665 
77 4008606 
78 4008541 
79 4008485 
80 4008367 
81 4007784 
82 4007628 
83 4007217 
84 4007210 
85 4006175 
86 4006168 
87 4006168 
88 4004326 
89 3996904 
90 3994000 
91 3993648 
92 3993603 
93 3993382 
94 3992537 
95 3992537 
96 3992420 
97 3992316 
98 3990960 
99 3990830 
100 3990778 
101 3990603 
102 3990460 
103 3990362 
104 3989716 
105 3989422 
106 3989121 
107 3987367 
108 3986828 
109 3986730 
110 3986509 
111 3986383 
112 3986383 
113 3986271 
114 3986243 
115 3986243 
116 3985829 
117 3985801 
118 3978685 
119 3977593 
120 3976275 
121 3976209 
122 3974347 
123 3971968 
124 3971954 
125 3967141 
126 3966547 
127 3966512 
128 3964664 
129 3964437 
130 3964017 
131 3963954 
132 3963611 
133 3961305 
134 3961284 
135 3961237 
136 3961006 
137 3960814 
138 3960346 
139 3960311 
140 3955610 
141 3955429 
142 3954764 
143 3952892 
144 3952864 
145 3952815 
146 3952048 
147 3951971 
148 3950084 
149 3949795 
150 3949760 
151 3948343 
152 3948175 
153 3948175 
154 3947356 
155 3947342 
156 3946782 
157 3944353 
158 3944223 
159 3944202 
160 3943705 
161 3943340 
162 3937009 
163 3936999 
164 3936250 
165 3935873 
166 3933437 
167 3932346 
168 3930815 
169 3930795 
170 3930545 
171 3930524 
172 3928490 
173 3928441 
174 3927876 
175 3927701 
176 3927688 
177 3927643 
178 3927577 
179 3927563 
180 3927179 
181 3926746 
182 3925721 
183 3925693 
184 3924926 
185 3924465 
186 3924370 
187 3924293 
188 3922445 
189 3922437 
190 3921381 
191 3921173 
192 3921173 
193 3920419 
194 3920419 
195 3919794 
196 3919675 
197 3919577 
198 3919458 
199 3918898 
200 3918314 
201 3918139 
202 3918139 
203 3918139 
204 3918118 
205 3918104 
206 3915845 
207 3914892 
208 3909043 
209 3908029 
210 3907964 
211 3904753 
212 3903499 
213 3901822 
214 3901521 
215 3901371 
216 3899052 
217 3898276 
218 3894266 
219 3892908 
220 3892447 
221 3891481 
222 3891089 
223 3890907 
224 3890618 
225 3889416 
226 3889066 
227 3883414 
228 3883386 
229 3882792 
230 3882567 
231 3882567 
232 3882567 
233 3879433 
234 3879358 
235 3879358 
236 3878383 
237 3878383 
238 3878275 
239 3878268 
240 3878268 
241 3878191 
242 3876634 
243 3876184 
244 3875099 
245 3875099 
246 3873994 
247 3873456 
248 3872483 
249 3872469 
250 3872462 
251 3872455 
252 3872312 
253 3872312 
254 3872312 
255 3872312 
256 3872298 
257 3872298 
258 3871280 
259 3871273 
260 3871273 
261 3871231 
262 3871217 
263 3871189 
264 3871189 
265 3871168 
266 3871168 
267 3869705 
268 3869628 
269 3869628 
270 3869628 
271 3869628 
272 3869628 
273 3869628 
274 3869628 
275 3869628 
276 3869628 
277 3869628 
278 3869628 
279 3869628 
280 3869628 
281 3869628 
282 3869628 
283 3869628 
284 3869628 
285 3869628 
286 3869628 
287 3869628 
288 3869628 
289 3869628 
290 3869628 
291 3869628 
292 3869628 
293 3869628 
294 3869628 
295 3869628 
296 3869628 
297 3869628 
298 3869628 
299 3869628 
300 3869628 
301 3869628 
302 3869628 
303 3869628 
304 3869628 
305 3869628 
306 3869628 
307 3869628 
308 3869628 
309 3869628 
310 3869628 
311 3869628 
312 3869628 
313 3869628 
314 3869628 
315 3869628 
316 3869628 
317 3869628 
318 3869628 
319 3869628 
320 3869628 
321 3869628 
322 3869628 
323 3869628 
324 3869628 
325 3869628 
326 3869628 
327 3869628 
328 3869628 
329 3869628 
330 3869628 
331 3869628 
332 3869628 
333 3869628 
334 3869628 
335 3869628 
336 3869628 
337 3869628 
338 3869628 
339 3869628 
340 3869628 
341 3869628 
342 3869628 
343 3869628 
344 3869628 
345 3869628 
346 3869628 
347 3869628 
348 3869628 
349 3869628 
350 3869628 
351 3869628 
352 3869628 
353 3869628 
354 3869628 
355 3869628 
356 3869628 
357 3869628 
358 3869628 
359 3869628 
360 3869628 
361 3869628 
362 3869628 
363 3869628 
364 3869628 
365 3869628 
366 3869628 
367 3869628 
368 3869628 
369 3869628 
370 3869628 
371 3869628 
372 3869628 
373 3869628 
374 3869628 
375 3869628 
376 3869628 
377 3869628 
378 3869628 
379 3869628 
380 3869628 
381 3869628 
382 3869628 
383 3869628 
384 3869628 
385 3869628 
386 3869628 
387 3869628 
388 3869628 
389 3869628 
390 3869628 
391 3869628 
392 3869628 
393 3869628 
394 3869628 
395 3869628 
396 3869628 
397 3869628 
398 3869628 
399 3869628 
400 3869628 
401 3869628 
402 3869628 
403 3869628 
404 3869628 
405 3869628 
406 3869628 
407 3869628 
408 3869628 
409 3869628 
410 3869628 
411 3869628 
412 3869628 
413 3869628 
414 3869628 
415 3869628 
416 3869628 
417 3869628 
418 3869628 
419 3869628 
420 3869628 
421 3869628 
422 3869628 
423 3869628 
424 3869628 
425 3869628 
426 3869628 
427 3869628 
428 3869628 
429 3869628 
430 3869628 
431 3869628 
432 3869628 
433 3869628 
434 3869628 
435 3869628 
436 3869628 
437 3869628 
438 3869628 
439 3869628 
440 3869628 
441 3869628 
442 3869628 
443 3869628 
444 3869628 
445 3869628 
446 3869628 
447 3869628 
448 3869628 
449 3869628 
450 3869628 
451 3869628 
452 3869628 
453 3869628 
454 3869628 
455 3869628 
456 3869628 
457 3869628 
458 3869628 
459 3869628 
460 3869628 
461 3869628 
462 3869628 
463 3869628 
464 3869628 
465 3869628 
466 3869628 
467 3869628 
468 3869628 
469 3869628 
470 3869628 
471 3869628 
472 3869628 
473 3869628 
474 3869628 
475 3869628 
476 3869628 
477 3869628 
478 3869628 
479 3869628 
480 3869628 
481 3869628 
482 3869628 
483 3869628 
484 3869628 
485 3869628 
486 3869628 
487 3869628 
488 3869628 
489 3869628 
490 3869628 
491 3869628 
492 3869628 
493 3869628 
494 3869628 
495 3869628 
496 3869628 
497 3869628 
498 3869628 
499 3869628 
500 3869628 
501 3869628 
502 3869628 
503 3869628 
504 3869628 
505 3869628 
506 3869628 
507 3869628 
508 3869628 
509 3869628 
510 3869628 
511 3869628 
512 3869628 
513 3869628 
514 3869628 
515 3869628 
516 3869628 
517 3869628 
518 3869628 
519 3869628 
520 3869628 
521 3869628 
522 3869628 
523 3869628 
524 3869628 
525 3869628 
526 3869628 
527 3869628 
528 3869628 
529 3869628 
530 3869628 
531 3869628 
532 3869628 
533 3869628 
534 3869628 
535 3869628 
536 3869628 
537 3869628 
538 3869628 
539 3869628 
540 3869628 
541 3869628 
542 3869628 
543 3869628 
544 3869628 
545 3869628 
546 3869628 
547 3869628 
548 3869628 
549 3869628 
550 3869628 
551 3869628 
552 3869628 
553 3869628 
554 3869628 
555 3869628 
556 3869628 
557 3869628 
558 3869628 
559 3869628 
560 3869628 
561 3869628 
562 3869628 
563 3869628 
564 3869628 
565 3869628 
566 3869628 
567 3869628 
568 3869628 
569 3869628 
570 3869628 
571 3869628 
572 3869628 
573 3869628 
574 3869628 
575 3869628 
576 3869628 
577 3869628 
578 3869628 
579 3869628 
580 3869628 
581 3869628 
582 3869628 
583 3869628 
584 3869628 
585 3869628 
586 3869628 
587 3869628 
588 3869628 
589 3869628 
590 3869628 
591 3869628 
592 3869628 
593 3869628 
594 3869628 
595 3869628 
596 3869628 
597 3869628 
598 3869628 
599 3869628 
600 3869628 
601 3869628 
602 3869628 
603 3869628 
604 3869628 
605 3869628 
606 3869628 
607 3869628 
608 3869628 
609 3869628 
610 3869628 
611 3869628 
612 3869628 
613 3869628 
614 3869628 
615 3869628 
616 3869628 
617 3869628 
618 3869628 
619 3869628 
620 3869628 
621 3869628 
622 3869628 
623 3869628 
624 3869628 
625 3869628 
626 3869628 
627 3869628 
628 3869628 
629 3869628 
630 3869628 
631 3869628 
632 3869628 
633 3869628 
634 3869628 
635 3869628 
636 3869628 
637 3869628 
638 3869628 
639 3869628 
640 3869628 
641 3869628 
642 3869628 
643 3869628 
644 3869628 
645 3869628 
646 3869628 
647 3869628 
648 3869628 
649 3869628 
650 3869628 
651 3869628 
652 3869628 
653 3869628 
654 3869628 
655 3869628 
656 3869628 
657 3869628 
658 3869628 
659 3869628 
660 3869628 
661 3869628 
662 3869628 
663 3869628 
664 3869628 
665 3869628 
666 3869628 
667 3869628 
668 3869628 
669 3869628 
670 3869628 
671 3869628 
672 3869628 
673 3869628 
674 3869628 
675 3869628 
676 3869628 
677 3869628 
678 3869628 
679 3869628 
680 3869628 
681 3869628 
682 3869628 
683 3869628 
684 3869628 
685 3869628 
686 3869628 
687 3869628 
688 3869628 
689 3869628 
690 3869628 
691 3869628 
692 3869628 
693 3869628 
694 3869628 
695 3869628 
696 3869628 
697 3869628 
698 3869628 
699 3869628 
700 3869628 
701 3869628 
702 3869628 
703 3869628 
704 3869628 
705 3869628 
706 3869628 
707 3869628 
708 3869628 
709 3869628 
710 3869628 
711 3869628 
712 3869628 
713 3869628 
714 3869628 
715 3869628 
716 3869628 
717 3869628 
718 3869628 
719 3869628 
720 3869628 
721 3869628 
722 3869628 
723 3869628 
724 3869628 
725 3869628 
726 3869628 
727 3869628 
728 3869628 
729 3869628 
730 3869628 
731 3869628 
732 3869628 
733 3869628 
734 3869628 
735 3869628 
736 3869628 
737 3869628 
738 3869628 
739 3869628 
740 3869628 
741 3869628 
742 3869628 
743 3869628 
744 3869628 
745 3869628 
746 3869628 
747 3869628 
748 3869628 
749 3869628 
750 3869628 
751 3869628 
752 3869628 
753 3869628 
754 3869628 
755 3869628 
756 3869628 
757 3869628 
758 3869628 
759 3869628 
760 3869628 
761 3869628 
762 3869628 
763 3869628 
764 3869628 
765 3869628 
766 3869628 
767 3869628 
768 3869628 
769 3869628 
770 3869628 
771 3869628 
772 3869628 
773 3869628 
774 3869628 
775 3869628 
776 3869628 
777 3869628 
778 3869628 
779 3869628 
780 3869628 
781 3869628 
782 3869628 
783 3869628 
784 3869628 
785 3869628 
786 3869628 
787 3869628 
788 3869628 
789 3869628 
790 3869628 
791 3869628 
792 3869628 
793 3869628 
794 3869628 
795 3869628 
796 3869628 
797 3869628 
798 3869628 
799 3869628 
800 3869628 
801 3869628 
802 3869628 
803 3869628 
804 3869628 
805 3869628 
806 3869628 
807 3869628 
808 3869628 
809 3869628 
810 3869628 
811 3869628 
812 3869628 
813 3869628 
814 3869628 
815 3869628 
816 3869628 
817 3869628 
818 3869628 
819 3869628 
820 3869628 
821 3869628 
822 3869628 
823 3869628 
824 3869628 
825 3869628 
826 3869628 
827 3869628 
828 3869628 
829 3869628 
830 3869628 
831 3869628 
832 3869628 
833 3869628 
834 3869628 
835 3869628 
836 3869628 
837 3869628 
838 3869628 
839 3869628 
840 3869628 
841 3869628 
842 3869628 
843 3869628 
844 3869628 
845 3869628 
846 3869628 
847 3869628 
848 3869628 
849 3869628 
850 3869628 
851 3869628 
852 3869628 
853 3869628 
854 3869628 
855 3869628 
856 3869628 
857 3869628 
858 3869628 
859 3869628 
860 3869628 
861 3869628 
862 3869628 
863 3869628 
864 3869628 
865 3869628 
866 3869628 
867 3869628 
868 3869628 
869 3869628 
870 3869628 
871 3869628 
872 3869628 
873 3869628 
874 3869628 
875 3869628 
876 3869628 
877 3869628 
878 3869628 
879 3869628 
880 3869628 
881 3869628 
882 3869628 
883 3869628 
884 3869628 
885 3869628 
886 3869628 
887 3869628 
888 3869628 
889 3869628 
890 3869628 
891 3869628 
892 3869628 
893 3869628 
894 3869628 
895 3869628 
896 3869628 
897 3869628 
898 3869628 
899 3869628 
900 3869628 
901 3869628 
902 3869628 
903 3869628 
904 3869628 
905 3869628 
906 3869628 
907 3869628 
908 3869628 
909 3869628 
910 3869628 
911 3869628 
912 3869628 
913 3869628 
914 3869628 
915 3869628 
916 3869628 
917 3869628 
918 3869628 
919 3869628 
920 3869628 
921 3869628 
922 3869628 
923 3869628 
924 3869628 
925 3869628 
926 3869628 
927 3869628 
928 3869628 
929 3869628 
930 3869628 
931 3869628 
932 3869628 
933 3869628 
934 3869628 
935 3869628 
936 3869628 
937 3869628 
938 3869628 
939 3869628 
940 3869628 
941 3869628 
942 3869628 
943 3869628 
944 3869628 
945 3869628 
946 3869628 
947 3869628 
948 3869628 
949 3869628 
950 3869628 
951 3869628 
952 3869628 
953 3869628 
954 3869628 
955 3869628 
956 3869628 
957 3869628 
958 3869628 
959 3869628 
960 3869628 
961 3869628 
962 3869628 
963 3869628 
964 3869628 
965 3869628 
966 3869628 
967 3869628 
968 3869628 
969 3869628 
970 3869628 
971 3869628 
972 3869628 
973 3869628 
974 3869628 
975 3869628 
976 3869628 
977 3869628 
978 3869628 
979 3869628 
980 3869628 
981 3869628 
982 3869628 
983 3869628 
984 3869628 
985 3869628 
986 3869628 
987 3869628 
988 3869628 
989 3869628 
990 3869628 
991 3869628 
992 3869628 
993 3869628 
994 3869628 
995 3869628 
996 3869628 
997 3869628 
998 3869628 
999 3869628 
1000 3869628 
1001 3869628 
1002 3869628 
1003 3869628 
1004 3869628 
1005 3869628 
1006 3869628 
1007 3869628 
1008 3869628 
1009 3869628 
1010 3869628 
1011 3869628 
1012 3869628 
1013 3869628 
1014 3869628 
1015 3869628 
1016 3869628 
1017 3869628 
1018 3869628 
1019 3869628 
1020 3869628 
1021 3869628 
1022 3869628 
1023 3869628 
1024 3869628 
1025 3869628 
1026 3869628 
1027 3869628 
1028 3869628 
1029 3869628 
1030 3869628 
1031 3869628 
1032 3869628 
1033 3869628 
1034 3869628 
1035 3869628 
1036 3869628 
1037 3869628 
1038 3869628 
1039 3869628 
1040 3869628 
1041 3869628 
1042 3869628 
1043 3869628 
1044 3869628 
1045 3869628 
1046 3869628 
1047 3869628 
1048 3869628 
1049 3869628 
1050 3869628 
1051 3869628 
1052 3869628 
1053 3869628 
1054 3869628 
1055 3869628 
1056 3869628 
1057 3869628 
1058 3869628 
1059 3869628 
1060 3869628 
1061 3869628 
1062 3869628 
1063 3869628 
1064 3869628 
1065 3869628 
1066 3869628 
1067 3869628 
1068 3869628 
1069 3869628 
1070 3869628 
1071 3869628 
1072 3869628 
1073 3869628 
1074 3869628 
1075 3869628 
1076 3869628 
1077 3869628 
1078 3869628 
1079 3869628 
1080 3869628 
1081 3869628 
1082 3869628 
1083 3869628 
1084 3869628 
1085 3869628 
1086 3869628 
1087 3869628 
1088 3869628 
1089 3869628 
1090 3869628 
1091 3869628 
1092 3869628 
1093 3869628 
1094 3869628 
1095 3869628 
1096 3869628 
1097 3869628 
1098 3869628 
1099 3869628 
1100 3869628 
1101 3869628 
1102 3869628 
1103 3869628 
1104 3869628 
1105 3869628 
1106 3869628 
1107 3869628 
1108 3869628 
1109 3869628 
1110 3869628 
1111 3869628 
1112 3869628 
1113 3869628 
1114 3869628 
1115 3869628 
1116 3869628 
1117 3869628 
1118 3869628 
1119 3869628 
1120 3869628 
1121 3869628 
1122 3869628 
1123 3869628 
1124 3869628 
1125 3869628 
1126 3869628 
1127 3869628 
1128 3869628 
1129 3869628 
1130 3869628 
1131 3869628 
1132 3869628 
1133 3869628 
1134 3869628 
1135 3869628 
1136 3869628 
1137 3869628 
1138 3869628 
1139 3869628 
1140 3869628 
1141 3869628 
1142 3869628 
1143 3869628 
1144 3869628 
1145 3869628 
1146 3869628 
1147 3869628 
1148 3869628 
1149 3869628 
1150 3869628 
1151 3869628 
1152 3869628 
1153 3869628 
1154 3869628 
1155 3869628 
1156 3869628 
1157 3869628 
1158 3869628 
1159 3869628 
1160 3869628 
1161 3869628 
1162 3869628 
1163 3869628 
1164 3869628 
1165 3869628 
1166 3869628 
1167 3869628 
1168 3869628 
1169 3869628 
1170 3869628 
1171 3869628 
1172 3869628 
1173 3869628 
1174 3869628 
1175 3869628 
1176 3869628 
1177 3869628 
1178 3869628 
1179 3869628 
1180 3869628 
1181 3869628 
1182 3869628 
1183 3869628 
1184 3869628 
1185 3869628 
1186 3869628 
1187 3869628 
1188 3869628 
1189 3869628 
1190 3869628 
1191 3869628 
1192 3869628 
1193 3869628 
1194 3869628 
1195 3869628 
1196 3869628 
1197 3869628 
1198 3869628 
1199 3869628 
1200 3869628 
1201 3869628 
1202 3869628 
1203 3869628 
1204 3869628 
1205 3869628 
1206 3869628 
1207 3869628 
1208 3869628 
1209 3869628 
1210 3869628 
1211 3869628 
1212 3869628 
1213 3869628 
1214 3869628 
1215 3869628 
1216 3869628 
1217 3869628 
1218 3869628 
1219 3869628 
1220 3869628 
1221 3869628 
1222 3869628 
1223 3869628 
1224 3869628 
1225 3869628 
1226 3869628 
1227 3869628 
1228 3869628 
1229 3869628 
1230 3869628 
1231 3869628 
1232 3869628 
1233 3869628 
1234 3869628 
1235 3869628 
1236 3869628 
1237 3869628 
1238 3869628 
1239 3869628 
1240 3869628 
1241 3869628 
1242 3869628 
1243 3869628 
1244 3869628 
1245 3869628 
1246 3869628 
1247 3869628 
1248 3869628 
1249 3869628 
1250 3869628 
1251 3869628 
1252 3869628 
1253 3869628 
1254 3869628 
1255 3869628 
1256 3869628 
1257 3869628 
1258 3869628 
1259 3869628 
1260 3869628 
1261 3869628 
1262 3869628 
1263 3869628 
1264 3869628 
1265 3869628 
1266 3869628 
1267 3869628 
1268 3869628 
1269 3869628 
1270 3869628 
1271 3869628 
1272 3869628 
1273 3869628 
1274 3869628 
1275 3869628 
1276 3869628 
1277 3869628 
1278 3869628 
1279 3869628 
1280 3869628 
1281 3869628 
1282 3869628 
1283 3869628 
1284 3869628 
1285 3869628 
1286 3869628 
1287 3869628 
1288 3869628 
1289 3869628 
1290 3869628 
1291 3869628 
1292 3869628 
1293 3869628 
1294 3869628 
1295 3869628 
1296 3869628 
1297 3869628 
1298 3869628 
1299 3869628 
1300 3869628 
1301 3869628 
1302 3869628 
1303 3869628 
1304 3869628 
1305 3869628 
1306 3869628 
1307 3869628 
1308 3869628 
1309 3869628 
1310 3869628 
1311 3869628 
1312 3869628 
1313 3869628 
1314 3869628 
1315 3869628 
1316 3869628 
1317 3869628 
1318 3869628 
1319 3869628 
1320 3869628 
1321 3869628 
1322 3869628 
1323 3869628 
1324 3869628 
1325 3869628 
1326 3869628 
1327 3869628 
1328 3869628 
1329 3869628 
1330 3869628 
1331 3869628 
1332 3869628 
1333 3869628 
1334 3869628 
1335 3869628 
1336 3869628 
1337 3869628 
1338 3869628 
1339 3869628 
1340 3869628 
1341 3869628 
1342 3869628 
1343 3869628 
1344 3869628 
1345 3869628 
1346 3869628 
1347 3869628 
1348 3869628 
1349 3869628 
1350 3869628 
1351 3869628 
1352 3869628 
1353 3869628 
1354 3869628 
1355 3869628 
1356 3869628 
1357 3869628 
1358 3869628 
1359 3869628 
1360 3869628 
1361 3869628 
1362 3869628 
1363 3869628 
1364 3869628 
1365 3869628 
1366 3869628 
1367 3869628 
1368 3869628 
1369 3869628 
1370 3869628 
1371 3869628 
1372 3869628 
1373 3869628 
1374 3869628 
1375 3869628 
1376 3869628 
1377 3869628 
1378 3869628 
1379 3869628 
1380 3869628 
1381 3869628 
1382 3869628 
1383 3869628 
1384 3869628 
1385 3869628 
1386 3869628 
1387 3869628 
1388 3869628 
1389 3869628 
1390 3869628 
1391 3869628 
1392 3869628 
1393 3869628 
1394 3869628 
1395 3869628 
1396 3869628 
1397 3869628 
1398 3869628 
1399 3869628 
1400 3869628 
1401 3869628 
1402 3869628 
1403 3869628 
1404 3869628 
1405 3869628 
1406 3869628 
1407 3869628 
1408 3869628 
1409 3869628 
1410 3869628 
1411 3869628 
1412 3869628 
1413 3869628 
1414 3869628 
1415 3869628 
1416 3869628 
1417 3869628 
1418 3869628 
1419 3869628 
1420 3869628 
1421 3869628 
1422 3869628 
1423 3869628 
1424 3869628 
1425 3869628 
1426 3869628 
1427 3869628 
1428 3869628 
1429 3869628 
1430 3869628 
1431 3869628 
1432 3869628 
1433 3869628 
1434 3869628 
1435 3869628 
1436 3869628 
1437 3869628 
1438 3869628 
1439 3869628 
1440 3869628 
1441 3869628 
1442 3869628 
1443 3869628 
1444 3869628 
1445 3869628 
1446 3869628 
1447 3869628 
1448 3869628 
1449 3869628 
1450 3869628 
1451 3869628 
1452 3869628 
1453 3869628 
1454 3869628 
1455 3869628 
1456 3869628 
1457 3869628 
1458 3869628 
1459 3869628 
1460 3869628 
1461 3869628 
1462 3869628 
1463 3869628 
1464 3869628 
1465 3869628 
1466 3869628 
1467 3869628 
1468 3869628 
1469 3869628 
1470 3869628 
1471 3869628 
1472 3869628 
1473 3869628 
1474 3869628 
1475 3869628 
1476 3869628 
1477 3869628 
1478 3869628 
1479 3869628 
1480 3869628 
1481 3869628 
1482 3869628 
1483 3869628 
1484 3869628 
1485 3869628 
1486 3869628 
1487 3869628 
1488 3869628 
1489 3869628 
1490 3869628 
1491 3869628 
1492 3869628 
1493 3869628 
1494 3869628 
1495 3869628 
1496 3869628 
1497 3869628 
1498 3869628 
1499 3869628 
1500 3869628 
1501 3869628 
1502 3869628 
1503 3869628 
1504 3869628 
1505 3869628 
1506 3869628 
1507 3869628 
1508 3869628 
1509 3869628 
1510 3869628 
1511 3869628 
1512 3869628 
1513 3869628 
1514 3869628 
1515 3869628 
1516 3869628 
1517 3869628 
1518 3869628 
1519 3869628 
1520 3869628 
1521 3869628 
1522 3869628 
1523 3869628 
1524 3869628 
1525 3869628 
1526 3869628 
1527 3869628 
1528 3869628 
1529 3869628 
1530 3869628 
1531 3869628 
1532 3869628 
1533 3869628 
1534 3869628 
1535 3869628 
1536 3869628 
1537 3869628 
1538 3869628 
1539 3869628 
1540 3869628 
1541 3869628 
1542 3869628 
1543 3869628 
1544 3869628 
1545 3869628 
1546 3869628 
1547 3869628 
1548 3869628 
1549 3869628 
1550 3869628 
1551 3869628 
1552 3869628 
1553 3869628 
1554 3869628 
1555 3869628 
1556 3869628 
1557 3869628 
1558 3869628 
1559 3869628 
1560 3869628 
1561 3869628 
1562 3869628 
1563 3869628 
1564 3869628 
1565 3869628 
1566 3869628 
1567 3869628 
1568 3869628 
1569 3869628 
1570 3869628 
1571 3869628 
1572 3869628 
1573 3869628 
1574 3869628 
1575 3869628 
1576 3869628 
1577 3869628 
1578 3869628 
1579 3869628 
1580 3869628 
1581 3869628 
1582 3869628 
1583 3869628 
1584 3869628 
1585 3869628 
1586 3869628 
1587 3869628 
1588 3869628 
1589 3869628 
1590 3869628 
1591 3869628 
1592 3869628 
1593 3869628 
1594 3869628 
1595 3869628 
1596 3869628 
1597 3869628 
1598 3869628 
1599 3869628 
1600 3869628 
1601 3869628 
1602 3869628 
1603 3869628 
1604 3869628 
1605 3869628 
1606 3869628 
1607 3869628 
1608 3869628 
1609 3869628 
1610 3869628 
1611 3869628 
1612 3869628 
1613 3869628 
1614 3869628 
1615 3869628 
1616 3869628 
1617 3869628 
1618 3869628 
1619 3869628 
1620 3869628 
1621 3869628 
1622 3869628 
1623 3869628 
1624 3869628 
1625 3869628 
1626 3869628 
1627 3869628 
1628 3869628 
1629 3869628 
1630 3869628 
1631 3869628 
1632 3869628 
1633 3869628 
1634 3869628 
1635 3869628 
1636 3869628 
1637 3869628 
1638 3869628 
1639 3869628 
1640 3869628 
1641 3869628 
1642 3869628 
1643 3869628 
1644 3869628 
1645 3869628 
1646 3869628 
1647 3869628 
1648 3869628 
1649 3869628 
1650 3869628 
1651 3869628 
1652 3869628 
1653 3869628 
1654 3869628 
1655 3869628 
1656 3869628 
1657 3869628 
1658 3869628 
1659 3869628 
1660 3869628 
1661 3869628 
1662 3869628 
1663 3869628 
1664 3869628 
1665 3869628 
1666 3869628 
1667 3869628 
1668 3869628 
1669 3869628 
1670 3869628 
1671 3869628 
1672 3869628 
1673 3869628 
1674 3869628 
1675 3869628 
1676 3869628 
1677 3869628 
1678 3869628 
1679 3869628 
1680 3869628 
1681 3869628 
1682 3869628 
1683 3869628 
1684 3869628 
1685 3869628 
1686 3869628 
1687 3869628 
1688 3869628 
1689 3869628 
1690 3869628 
1691 3869628 
1692 3869628 
1693 3869628 
1694 3869628 
1695 3869628 
1696 3869628 
1697 3869628 
1698 3869628 
1699 3869628 
1700 3869628 
1701 3869628 
1702 3869628 
1703 3869628 
1704 3869628 
1705 3869628 
1706 3869628 
1707 3869628 
1708 3869628 
1709 3869628 
1710 3869628 
1711 3869628 
1712 3869628 
1713 3869628 
1714 3869628 
1715 3869628 
1716 3869628 
1717 3869628 
1718 3869628 
1719 3869628 
1720 3869628 
1721 3869628 
1722 3869628 
1723 3869628 
1724 3869628 
1725 3869628 
1726 3869628 
1727 3869628 
1728 3869628 
1729 3869628 
1730 3869628 
1731 3869628 
1732 3869628 
1733 3869628 
1734 3869628 
1735 3869628 
1736 3869628 
1737 3869628 
1738 3869628 
1739 3869628 
1740 3869628 
1741 3869628 
1742 3869628 
1743 3869628 
1744 3869628 
1745 3869628 
1746 3869628 
1747 3869628 
1748 3869628 
1749 3869628 
1750 3869628 
1751 3869628 
1752 3869628 
1753 3869628 
1754 3869628 
1755 3869628 
1756 3869628 
1757 3869628 
1758 3869628 
1759 3869628 
1760 3869628 
1761 3869628 
1762 3869628 
1763 3869628 
1764 3869628 
1765 3869628 
1766 3869628 
1767 3869628 
1768 3869628 
1769 3869628 
1770 3869628 
1771 3869628 
1772 3869628 
1773 3869628 
1774 3869628 
1775 3869628 
1776 3869628 
1777 3869628 
1778 3869628 
1779 3869628 
1780 3869628 
1781 3869628 
1782 3869628 
1783 3869628 
1784 3869628 
1785 3869628 
1786 3869628 
1787 3869628 
1788 3869628 
1789 3869628 
1790 3869628 
1791 3869628 
1792 3869628 
1793 3869628 
1794 3869628 
1795 3869628 
1796 3869628 
1797 3869628 
1798 3869628 
1799 3869628 
1800 3869628 
1801 3869628 
1802 3869628 
1803 3869628 
1804 3869628 
1805 3869628 
1806 3869628 
1807 3869628 
1808 3869628 
1809 3869628 
1810 3869628 
1811 3869628 
1812 3869628 
1813 3869628 
1814 3869628 
1815 3869628 
1816 3869628 
1817 3869628 
1818 3869628 
1819 3869628 
1820 3869628 
1821 3869628 
1822 3869628 
1823 3869628 
1824 3869628 
1825 3869628 
1826 3869628 
1827 3869628 
1828 3869628 
1829 3869628 
1830 3869628 
1831 3869628 
1832 3869628 
1833 3869628 
1834 3869628 
1835 3869628 
1836 3869628 
1837 3869628 
1838 3869628 
1839 3869628 
1840 3869628 
1841 3869628 
1842 3869628 
1843 3869628 
1844 3869628 
1845 3869628 
1846 3869628 
1847 3869628 
1848 3869628 
1849 3869628 
1850 3869628 
1851 3869628 
1852 3869628 
1853 3869628 
1854 3869628 
1855 3869628 
1856 3869628 
1857 3869628 
1858 3869628 
1859 3869628 
1860 3869628 
1861 3869628 
1862 3869628 
1863 3869628 
1864 3869628 
1865 3869628 
1866 3869628 
1867 3869628 
1868 3869628 
1869 3869628 
1870 3869628 
1871 3869628 
1872 3869628 
1873 3869628 
1874 3869628 
1875 3869628 
1876 3869628 
1877 3869628 
1878 3869628 
1879 3869628 
1880 3869628 
1881 3869628 
1882 3869628 
1883 3869628 
1884 3869628 
1885 3869628 
1886 3869628 
1887 3869628 
1888 3869628 
1889 3869628 
1890 3869628 
1891 3869628 
1892 3869628 
1893 3869628 
1894 3869628 
1895 3869628 
1896 3869628 
1897 3869628 
1898 3869628 
1899 3869628 
1900 3869628 
1901 3869628 
1902 3869628 
1903 3869628 
1904 3869628 
1905 3869628 
1906 3869628 
1907 3869628 
1908 3869628 
1909 3869628 
1910 3869628 
1911 3869628 
1912 3869628 
1913 3869628 
1914 3869628 
1915 3869628 
1916 3869628 
1917 3869628 
1918 3869628 
1919 3869628 
1920 3869628 
1921 3869628 
1922 3869628 
1923 3869628 
1924 3869628 
1925 3869628 
1926 3869628 
1927 3869628 
1928 3869628 
1929 3869628 
1930 3869628 
1931 3869628 
1932 3869628 
1933 3869628 
1934 3869628 
1935 3869628 
1936 3869628 
1937 3869628 
1938 3869628 
1939 3869628 
1940 3869628 
1941 3869628 
1942 3869628 
1943 3869628 
1944 3869628 
1945 3869628 
1946 3869628 
1947 3869628 
1948 3869628 
1949 3869628 
1950 3869628 
1951 3869628 
1952 3869628 
1953 3869628 
1954 3869628 
1955 3869628 
1956 3869628 
1957 3869628 
1958 3869628 
1959 3869628 
1960 3869628 
1961 3869628 
1962 3869628 
1963 3869628 
1964 3869628 
1965 3869628 
1966 3869628 
1967 3869628 
1968 3869628 
1969 3869628 
1970 3869628 
1971 3869628 
1972 3869628 
1973 3869628 
1974 3869628 
1975 3869628 
1976 3869628 
1977 3869628 
1978 3869628 
1979 3869628 
1980 3869628 
1981 3869628 
1982 3869628 
1983 3869628 
1984 3869628 
1985 3869628 
1986 3869628 
1987 3869628 
1988 3869628 
1989 3869628 
1990 3869628 
1991 3869628 
1992 3869628 
1993 3869628 
1994 3869628 
1995 3869628 
1996 3869628 
1997 3869628 
1998 3869628 
1999 3869628 
2000 3869628 
2001 3869628 
2002 3869628 
2003 3869628 
2004 3869628 
2005 3869628 
2006 3869628 
2007 3869628 
2008 3869628 
2009 3869628 
2010 3869628 
2011 3869628 
2012 3869628 
2013 3869628 
2014 3869628 
2015 3869628 
2016 3869628 
2017 3869628 
2018 3869628 
2019 3869628 
2020 3869628 
2021 3869628 
2022 3869628 
2023 3869628 
2024 3869628 
2025 3869628 
2026 3869628 
2027 3869628 
2028 3869628 
2029 3869628 
2030 3869628 
2031 3869628 
2032 3869628 
2033 3869628 
2034 3869628 
2035 3869628 
2036 3869628 
2037 3869628 
2038 3869628 
2039 3869628 
2040 3869628 
2041 3869628 
2042 3869628 
2043 3869628 
2044 3869628 
2045 3869628 
2046 3869628 
2047 3869628 
2048 3869628 
2049 3869628 
2050 3869628 
2051 3869628 
2052 3869628 
2053 3869628 
2054 3869628 
2055 3869628 
2056 3869628 
2057 3869628 
2058 3869628 
2059 3869628 
2060 3869628 
2061 3869628 
2062 3869628 
2063 3869628 
2064 3869628 
2065 3869628 
2066 3869628 
2067 3869628 
2068 3869628 
2069 3869628 
2070 3869628 
2071 3869628 
2072 3869628 
2073 3869628 
2074 3869628 
2075 3869628 
2076 3869628 
2077 3869628 
2078 3869628 
2079 3869628 
2080 3869628 
2081 3869628 
2082 3869628 
2083 3869628 
2084 3869628 
2085 3869628 
2086 3869628 
2087 3869628 
2088 3869628 
2089 3869628 
2090 3869628 
2091 3869628 
2092 3869628 
2093 3869628 
2094 3869628 
2095 3869628 
2096 3869628 
2097 3869628 
2098 3869628 
2099 3869628 
2100 3869628 
2101 3869628 
2102 3869628 
2103 3869628 
2104 3869628 
2105 3869628 
2106 3869628 
2107 3869628 
2108 3869628 
2109 3869628 
2110 3869628 
2111 3869628 
2112 3869628 
2113 3869628 
2114 3869628 
2115 3869628 
2116 3869628 
2117 3869628 
2118 3869628 
2119 3869628 
2120 3869628 
2121 3869628 
2122 3869628 
2123 3869628 
2124 3869628 
2125 3869628 
2126 3869628 
2127 3869628 
2128 3869628 
2129 3869628 
2130 3869628 
2131 3869628 
2132 3869628 
2133 3869628 
2134 3869628 
2135 3869628 
2136 3869628 
2137 3869628 
2138 3869628 
2139 3869628 
2140 3869628 
2141 3869628 
2142 3869628 
2143 3869628 
2144 3869628 
2145 3869628 
2146 3869628 
2147 3869628 
2148 3869628 
2149 3869628 
2150 3869628 
2151 3869628 
2152 3869628 
2153 3869628 
2154 3869628 
2155 3869628 
2156 3869628 
2157 3869628 
2158 3869628 
2159 3869628 
2160 3869628 
2161 3869628 
2162 3869628 
2163 3869628 
2164 3869628 
2165 3869628 
2166 3869628 
2167 3869628 
2168 3869628 
2169 3869628 
2170 3869628 
2171 3869628 
2172 3869628 
2173 3869628 
2174 3869628 
2175 3869628 
2176 3869628 
2177 3869628 
2178 3869628 
2179 3869628 
2180 3869628 
2181 3869628 
2182 3869628 
2183 3869628 
2184 3869628 
2185 3869628 
2186 3869628 
2187 3869628 
2188 3869628 
2189 3869628 
2190 3869628 
2191 3869628 
2192 3869628 
2193 3869628 
2194 3869628 
2195 3869628 
2196 3869628 
2197 3869628 
2198 3869628 
2199 3869628 
2200 3869628 
2201 3869628 
2202 3869628 
2203 3869628 
2204 3869628 
2205 3869628 
2206 3869628 
2207 3869628 
2208 3869628 
2209 3869628 
2210 3869628 
2211 3869628 
2212 3869628 
2213 3869628 
2214 3869628 
2215 3869628 
2216 3869628 
2217 3869628 
2218 3869628 
2219 3869628 
2220 3869628 
2221 3869628 
2222 3869628 
2223 3869628 
2224 3869628 
2225 3869628 
2226 3869628 
2227 3869628 
2228 3869628 
2229 3869628 
2230 3869628 
2231 3869628 
2232 3869628 
2233 3869628 
2234 3869628 
2235 3869628 
2236 3869628 
2237 3869628 
2238 3869628 
2239 3869628 
2240 3869628 
2241 3869628 
2242 3869628 
2243 3869628 
2244 3869628 
2245 3869628 
2246 3869628 
2247 3869628 
2248 3869628 
2249 3869628 
2250 3869628 
2251 3869628 
2252 3869628 
2253 3869628 
2254 3869628 
2255 3869628 
2256 3869628 
2257 3869628 
2258 3869628 
2259 3869628 
2260 3869628 
2261 3869628 
2262 3869628 
2263 3869628 
2264 3869628 
2265 3869628 
2266 3869628 
2267 3869628 
2268 3869628 
2269 3869628 
2270 3869628 
2271 3869628 
2272 3869628 
2273 3869628 
2274 3869628 
2275 3869628 
2276 3869628 
2277 3869628 
2278 3869628 
2279 3869628 
2280 3869628 
2281 3869628 
2282 3869628 
2283 3869628 
2284 3869628 
2285 3869628 
2286 3869628 
2287 3869628 
2288 3869628 
2289 3869628 
2290 3869628 
2291 3869628 
2292 3869628 
2293 3869628 
2294 3869628 
2295 3869628 
2296 3869628 
2297 3869628 
2298 3869628 
2299 3869628 
2300 3869628 
2301 3869628 
2302 3869628 
2303 3869628 
2304 3869628 
2305 3869628 
2306 3869628 
2307 3869628 
2308 3869628 
2309 3869628 
2310 3869628 
2311 3869628 
2312 3869628 
2313 3869628 
2314 3869628 
2315 3869628 
2316 3869628 
2317 3869628 
2318 3869628 
2319 3869628 
2320 3869628 
2321 3869628 
2322 3869628 
2323 3869628 
2324 3869628 
2325 3869628 
2326 3869628 
2327 3869628 
2328 3869628 
2329 3869628 
2330 3869628 
2331 3869628 
2332 3869628 
2333 3869628 
2334 3869628 
2335 3869628 
2336 3869628 
2337 3869628 
2338 3869628 
2339 3869628 
2340 3869628 
2341 3869628 
2342 3869628 
2343 3869628 
2344 3869628 
2345 3869628 
2346 3869628 
2347 3869628 
2348 3869628 
2349 3869628 
2350 3869628 
2351 3869628 
2352 3869628 
2353 3869628 
2354 3869628 
2355 3869628 
2356 3869628 
2357 3869628 
2358 3869628 
2359 3869628 
2360 3869628 
2361 3869628 
2362 3869628 
2363 3869628 
2364 3869628 
2365 3869628 
2366 3869628 
2367 3869628 
2368 3869628 
2369 3869628 
2370 3869628 
2371 3869628 
2372 3869628 
2373 3869628 
2374 3869628 
2375 3869628 
2376 3869628 
2377 3869628 
2378 3869628 
2379 3869628 
2380 3869628 
2381 3869628 
2382 3869628 
2383 3869628 
2384 3869628 
2385 3869628 
2386 3869628 
2387 3869628 
2388 3869628 
2389 3869628 
2390 3869628 
2391 3869628 
2392 3869628 
2393 3869628 
2394 3869628 
2395 3869628 
2396 3869628 
2397 3869628 
2398 3869628 
2399 3869628 
2400 3869628 
2401 3869628 
2402 3869628 
2403 3869628 
2404 3869628 
2405 3869628 
2406 3869628 
2407 3869628 
2408 3869628 
2409 3869628 
2410 3869628 
2411 3869628 
2412 3869628 
2413 3869628 
2414 3869628 
2415 3869628 
2416 3869628 
2417 3869628 
2418 3869628 
2419 3869628 
2420 3869628 
2421 3869628 
2422 3869628 
2423 3869628 
2424 3869628 
2425 3869628 
2426 3869628 
2427 3869628 
2428 3869628 
2429 3869628 
2430 3869628 
2431 3869628 
2432 3869628 
2433 3869628 
2434 3869628 
2435 3869628 
2436 3869628 
2437 3869628 
2438 3869628 
2439 3869628 
2440 3869628 
2441 3869628 
2442 3869628 
2443 3869628 
2444 3869628 
2445 3869628 
2446 3869628 
2447 3869628 
2448 3869628 
2449 3869628 
2450 3869628 
2451 3869628 
2452 3869628 
2453 3869628 
2454 3869628 
2455 3869628 
2456 3869628 
2457 3869628 
2458 3869628 
2459 3869628 
2460 3869628 
2461 3869628 
2462 3869628 
2463 3869628 
2464 3869628 
2465 3869628 
2466 3869628 
2467 3869628 
2468 3869628 
2469 3869628 
2470 3869628 
2471 3869628 
2472 3869628 
2473 3869628 
2474 3869628 
2475 3869628 
2476 3869628 
2477 3869628 
2478 3869628 
2479 3869628 
2480 3869628 
2481 3869628 
2482 3869628 
2483 3869628 
2484 3869628 
2485 3869628 
2486 3869628 
2487 3869628 
2488 3869628 
2489 3869628 
2490 3869628 
2491 3869628 
2492 3869628 
2493 3869628 
2494 3869628 
2495 3869628 
2496 3869628 
2497 3869628 
2498 3869628 
2499 3869628 
2500 3869628 
2501 3869628 
2502 3869628 
2503 3869628 
2504 3869628 
2505 3869628 
2506 3869628 
2507 3869628 
2508 3869628 
2509 3869628 
2510 3869628 
2511 3869628 
2512 3869628 
2513 3869628 
2514 3869628 
2515 3869628 
2516 3869628 
2517 3869628 
2518 3869628 
2519 3869628 
2520 3869628 
2521 3869628 
2522 3869628 
2523 3869628 
2524 3869628 
2525 3869628 
2526 3869628 
2527 3869628 
2528 3869628 
2529 3869628 
2530 3869628 
2531 3869628 
2532 3869628 
2533 3869628 
2534 3869628 
2535 3869628 
2536 3869628 
2537 3869628 
2538 3869628 
2539 3869628 
2540 3869628 
2541 3869628 
2542 3869628 
2543 3869628 
2544 3869628 
2545 3869628 
2546 3869628 
2547 3869628 
2548 3869628 
2549 3869628 
2550 3869628 
2551 3869628 
2552 3869628 
2553 3869628 
2554 3869628 
2555 3869628 
2556 3869628 
2557 3869628 
2558 3869628 
2559 3869628 
2560 3869628 
2561 3869628 
2562 3869628 
2563 3869628 
2564 3869628 
2565 3869628 
2566 3869628 
2567 3869628 
2568 3869628 
2569 3869628 
2570 3869628 
2571 3869628 
2572 3869628 
2573 3869628 
2574 3869628 
2575 3869628 
2576 3869628 
2577 3869628 
2578 3869628 
2579 3869628 
2580 3869628 
2581 3869628 
2582 3869628 
2583 3869628 
2584 3869628 
2585 3869628 
2586 3869628 
2587 3869628 
2588 3869628 
2589 3869628 
2590 3869628 
2591 3869628 
2592 3869628 
2593 3869628 
2594 3869628 
2595 3869628 
2596 3869628 
2597 3869628 
2598 3869628 
2599 3869628 
2600 3869628 
2601 3869628 
2602 3869628 
2603 3869628 
2604 3869628 
2605 3869628 
2606 3869628 
2607 3869628 
2608 3869628 
2609 3869628 
2610 3869628 
2611 3869628 
2612 3869628 
2613 3869628 
2614 3869628 
2615 3869628 
2616 3869628 
2617 3869628 
2618 3869628 
2619 3869628 
2620 3869628 
2621 3869628 
2622 3869628 
2623 3869628 
2624 3869628 
2625 3869628 
2626 3869628 
2627 3869628 
2628 3869628 
2629 3869628 
2630 3869628 
2631 3869628 
2632 3869628 
2633 3869628 
2634 3869628 
2635 3869628 
2636 3869628 
2637 3869628 
2638 3869628 
2639 3869628 
2640 3869628 
2641 3869628 
2642 3869628 
2643 3869628 
2644 3869628 
2645 3869628 
2646 3869628 
2647 3869628 
2648 3869628 
2649 3869628 
2650 3869628 
2651 3869628 
2652 3869628 
2653 3869628 
2654 3869628 
2655 3869628 
2656 3869628 
2657 3869628 
2658 3869628 
2659 3869628 
2660 3869628 
2661 3869628 
2662 3869628 
2663 3869628 
2664 3869628 
2665 3869628 
2666 3869628 
2667 3869628 
2668 3869628 
2669 3869628 
2670 3869628 
2671 3869628 
2672 3869628 
2673 3869628 
2674 3869628 
2675 3869628 
2676 3869628 
2677 3869628 
2678 3869628 
2679 3869628 
2680 3869628 
2681 3869628 
2682 3869628 
2683 3869628 
2684 3869628 
2685 3869628 
2686 3869628 
2687 3869628 
2688 3869628 
2689 3869628 
2690 3869628 
2691 3869628 
2692 3869628 
2693 3869628 
2694 3869628 
2695 3869628 
2696 3869628 
2697 3869628 
2698 3869628 
2699 3869628 
2700 3869628 
2701 3869628 
2702 3869628 
2703 3869628 
2704 3869628 
2705 3869628 
2706 3869628 
2707 3869628 
2708 3869628 
2709 3869628 
2710 3869628 
2711 3869628 
2712 3869628 
2713 3869628 
2714 3869628 
2715 3869628 
2716 3869628 
2717 3869628 
2718 3869628 
2719 3869628 
2720 3869628 
2721 3869628 
2722 3869628 
2723 3869628 
2724 3869628 
2725 3869628 
2726 3869628 
2727 3869628 
2728 3869628 
2729 3869628 
2730 3869628 
2731 3869628 
2732 3869628 
2733 3869628 
2734 3869628 
2735 3869628 
2736 3869628 
2737 3869628 
2738 3869628 
2739 3869628 
2740 3869628 
2741 3869628 
2742 3869628 
2743 3869628 
2744 3869628 
2745 3869628 
2746 3869628 
2747 3869628 
2748 3869628 
2749 3869628 
2750 3869628 
2751 3869628 
2752 3869628 
2753 3869628 
2754 3869628 
2755 3869628 
2756 3869628 
2757 3869628 
2758 3869628 
2759 3869628 
2760 3869628 
2761 3869628 
2762 3869628 
2763 3869628 
2764 3869628 
2765 3869628 
2766 3869628 
2767 3869628 
2768 3869628 
2769 3869628 
2770 3869628 
2771 3869628 
2772 3869628 
2773 3869628 
2774 3869628 
2775 3869628 
2776 3869628 
2777 3869628 
2778 3869628 
2779 3869628 
2780 3869628 
2781 3869628 
2782 3869628 
2783 3869628 
2784 3869628 
2785 3869628 
2786 3869628 
2787 3869628 
2788 3869628 
2789 3869628 
2790 3869628 
2791 3869628 
2792 3869628 
2793 3869628 
2794 3869628 
2795 3869628 
2796 3869628 
2797 3869628 
2798 3869628 
2799 3869628 
2800 3869628 
2801 3869628 
2802 3869628 
2803 3869628 
2804 3869628 
2805 3869628 
2806 3869628 
2807 3869628 
2808 3869628 
2809 3869628 
2810 3869628 
2811 3869628 
2812 3869628 
2813 3869628 
2814 3869628 
2815 3869628 
2816 3869628 
2817 3869628 
2818 3869628 
2819 3869628 
2820 3869628 
2821 3869628 
2822 3869628 
2823 3869628 
2824 3869628 
2825 3869628 
2826 3869628 
2827 3869628 
2828 3869628 
2829 3869628 
2830 3869628 
2831 3869628 
2832 3869628 
2833 3869628 
2834 3869628 
2835 3869628 
2836 3869628 
2837 3869628 
2838 3869628 
2839 3869628 
2840 3869628 
2841 3869628 
2842 3869628 
2843 3869628 
2844 3869628 
2845 3869628 
2846 3869628 
2847 3869628 
2848 3869628 
2849 3869628 
2850 3869628 
2851 3869628 
2852 3869628 
2853 3869628 
2854 3869628 
2855 3869628 
2856 3869628 
2857 3869628 
2858 3869628 
2859 3869628 
2860 3869628 
2861 3869628 
2862 3869628 
2863 3869628 
2864 3869628 
2865 3869628 
2866 3869628 
2867 3869628 
2868 3869628 

