0 5894276 
1 5878085 
2 5871115 
3 5870749 
4 5870587 
5 5870480 
6 5858356 
7 5857810 
8 5855650 
9 5854914 
10 5853662 
11 5853142 
12 5853026 
13 5852814 
14 5846679 
15 5845708 
16 5845587 
17 5845559 
18 5844908 
19 5844896 
20 5844680 
21 5844109 
22 5843892 
23 5830012 
24 5825624 
25 5825345 
26 5824669 
27 5809111 
28 5807583 
29 5807055 
30 5807050 
31 5806700 
32 5805260 
33 5804227 
34 5804225 
35 5803880 
36 5801109 
37 5796204 
38 5796087 
39 5795737 
40 5795564 
41 5795228 
42 5794914 
43 5794879 
44 5794703 
45 5794331 
46 5794298 
47 5793783 
48 5788705 
49 5787485 
50 5786256 
51 5784867 
52 5784558 
53 5784249 
54 5783971 
55 5783133 
56 5782940 
57 5782344 
58 5782095 
59 5781604 
60 5781248 
61 5777730 
62 5777484 
63 5776747 
64 5775526 
65 5774098 
66 5773756 
67 5772998 
68 5772689 
69 5772288 
70 5771553 
71 5770569 
72 5770338 
73 5767298 
74 5767173 
75 5767093 
76 5766072 
77 5766046 
78 5748927 
79 5724298 
80 5724293 
81 5724046 
82 5723823 
83 5723577 
84 5722754 
85 5717558 
86 5710087 
87 5708698 
88 5708424 
89 5708381 
90 5705917 
91 5703486 
92 5703454 
93 5702005 
94 5701431 
95 5699471 
96 5696055 
97 5694914 
98 5694749 
99 5694709 
100 5681179 
101 5678923 
102 5678858 
103 5678247 
104 5678233 
105 5677319 
106 5677269 
107 5676291 
108 5675864 
109 5674118 
110 5673333 
111 5673185 
112 5672737 
113 5669556 
114 5667622 
115 5666558 
116 5665376 
117 5664945 
118 5663023 
119 5662995 
120 5661580 
121 5656520 
122 5656512 
123 5656071 
124 5652862 
125 5652116 
126 5651926 
127 5648714 
128 5648525 
129 5648323 
130 5647514 
131 5646891 
132 5646890 
133 5646634 
134 5646312 
135 5645357 
136 5645148 
137 5644980 
138 5644749 
139 5644329 
140 5643802 
141 5641863 
142 5636008 
143 5632250 
144 5631078 
145 5629483 
146 5629175 
147 5628715 
148 5612606 
149 5612194 
150 5612178 
151 5610416 
152 5599979 
153 5594956 
154 5591786 
155 5590875 
156 5589971 
157 5589628 
158 5587860 
159 5587860 
160 5587322 
161 5587080 
162 5587044 
163 5586878 
164 5583345 
165 5582655 
166 5579403 
167 5576815 
168 5576303 
169 5575028 
170 5573399 
171 5572561 
172 5572514 
173 5571162 
174 5571150 
175 5571124 
176 5570068 
177 5568757 
178 5568174 
179 5568160 
180 5559487 
181 5556165 
182 5556165 
183 5550941 
184 5550701 
185 5550510 
186 5550123 
187 5550006 
188 5549751 
189 5549700 
190 5549674 
191 5549616 
192 5546901 
193 5546491 
194 5542419 
195 5541126 
196 5538896 
197 5538837 
198 5538284 
199 5538096 
200 5537966 
201 5536902 
202 5536902 
203 5536797 
204 5535753 
205 5535313 
206 5534950 
207 5534355 
208 5533393 
209 5533101 
210 5533094 
211 5531697 
212 5531045 
213 5525833 
214 5522752 
215 5522703 
216 5522681 
217 5522439 
218 5522253 
219 5521752 
220 5521752 
221 5520844 
222 5519998 
223 5518200 
224 5518187 
225 5514137 
226 5506147 
227 5504918 
228 5502508 
229 5494721 
230 5494688 
231 5494688 
232 5494649 
233 5492696 
234 5491046 
235 5490691 
236 5488918 
237 5488891 
238 5488891 
239 5488003 
240 5487873 
241 5487873 
242 5486888 
243 5486679 
244 5485387 
245 5481907 
246 5480400 
247 5480328 
248 5480288 
249 5480269 
250 5480245 
251 5479979 
252 5479113 
253 5479113 
254 5479081 
255 5477970 
256 5477968 
257 5477901 
258 5477775 
259 5477194 
260 5477154 
261 5477135 
262 5476978 
263 5470079 
264 5469379 
265 5468613 
266 5468539 
267 5468534 
268 5468490 
269 5458605 
270 5457308 
271 5457032 
272 5456854 
273 5456338 
274 5455834 
275 5455712 
276 5453955 
277 5450852 
278 5450852 
279 5450637 
280 5450557 
281 5450536 
282 5450232 
283 5450193 
284 5449019 
285 5448929 
286 5448731 
287 5448696 
288 5445543 
289 5444823 
290 5443785 
291 5443737 
292 5443471 
293 5441837 
294 5441366 
295 5441235 
296 5441088 
297 5441080 
298 5441039 
299 5440327 
300 5440327 
301 5440313 
302 5440013 
303 5439601 
304 5438964 
305 5438899 
306 5438396 
307 5437167 
308 5437086 
309 5435388 
310 5435288 
311 5435094 
312 5434652 
313 5434000 
314 5433476 
315 5433446 
316 5433419 
317 5433374 
318 5433275 
319 5432838 
320 5432749 
321 5432298 
322 5431107 
323 5431107 
324 5431094 
325 5430920 
326 5430740 
327 5429825 
328 5429055 
329 5428851 
330 5428624 
331 5428586 
332 5428411 
333 5428378 
334 5427993 
335 5427914 
336 5427914 
337 5422220 
338 5421414 
339 5421252 
340 5420906 
341 5419948 
342 5418936 
343 5418704 
344 5418420 
345 5417566 
346 5417562 
347 5416858 
348 5416806 
349 5416551 
350 5416307 
351 5416056 
352 5415543 
353 5415205 
354 5415153 
355 5415113 
356 5415074 
357 5414626 
358 5414568 
359 5414568 
360 5413595 
361 5413595 
362 5413595 
363 5413334 
364 5413214 
365 5413200 
366 5413115 
367 5412834 
368 5412834 
369 5412834 
370 5412834 
371 5411488 
372 5411488 
373 5411427 
374 5411367 
375 5411327 
376 5410960 
377 5410837 
378 5409712 
379 5409675 
380 5409656 
381 5409651 
382 5409584 
383 5409584 
384 5409524 
385 5409337 
386 5409337 
387 5409337 
388 5409101 
389 5408559 
390 5408559 
391 5408379 
392 5408272 
393 5407576 
394 5407356 
395 5406884 
396 5406846 
397 5406573 
398 5406397 
399 5405620 
400 5405546 
401 5405546 
402 5405546 
403 5405506 
404 5405506 
405 5404905 
406 5404905 
407 5404905 
408 5404905 
409 5404207 
410 5404207 
411 5404207 
412 5404207 
413 5404003 
414 5403688 
415 5403688 
416 5403667 
417 5403495 
418 5403443 
419 5403443 
420 5403430 
421 5403430 
422 5403430 
423 5403430 
424 5403430 
425 5403262 
426 5403262 
427 5403262 
428 5403262 
429 5403262 
430 5403262 
431 5403262 
432 5403262 
433 5403262 
434 5403262 
435 5403262 
436 5403262 
437 5403262 
438 5403262 
439 5403262 
440 5403262 
441 5403262 
442 5403262 
443 5403262 
444 5403262 
445 5403262 
446 5403262 
447 5403262 
448 5403262 
449 5403262 
450 5403262 
451 5403262 
452 5403262 
453 5403262 
454 5403262 
455 5403262 
456 5403262 
457 5403262 
458 5403262 
459 5403262 
460 5403262 
461 5403262 
462 5403262 
463 5403262 
464 5403262 
465 5403262 
466 5403262 
467 5403262 
468 5403262 
469 5403262 
470 5403262 
471 5403262 
472 5403262 
473 5403262 
474 5403262 
475 5403262 
476 5403262 
477 5403262 
478 5403262 
479 5403262 
480 5403262 
481 5403262 
482 5403262 
483 5403262 
484 5403262 
485 5403262 
486 5403262 
487 5403262 
488 5403262 
489 5403262 
490 5403262 
491 5403262 
492 5403262 
493 5403262 
494 5403262 
495 5403262 
496 5403262 
497 5403262 
498 5403262 
499 5403262 
500 5403262 
501 5403262 
502 5403262 
503 5403262 
504 5403262 
505 5403262 
506 5403262 
507 5403262 
508 5403262 
509 5403262 
510 5403262 
511 5403262 
512 5403262 
513 5403262 
514 5403262 
515 5403262 
516 5403262 
517 5403262 
518 5403262 
519 5403262 
520 5403262 
521 5403262 
522 5403262 
523 5403262 
524 5403262 
525 5403262 
526 5403262 
527 5403262 
528 5403262 
529 5403262 
530 5403262 
531 5403262 
532 5403262 
533 5403262 
534 5403262 
535 5403262 
536 5403262 
537 5403262 
538 5403262 
539 5403262 
540 5403262 
541 5403262 
542 5403262 
543 5403262 
544 5403262 
545 5403262 
546 5403262 
547 5403262 
548 5403262 
549 5403262 
550 5403262 
551 5403262 
552 5403262 
553 5403262 
554 5403262 
555 5403262 
556 5403262 
557 5403262 
558 5403262 
559 5403262 
560 5403262 
561 5403262 
562 5403262 
563 5403262 
564 5403262 
565 5403262 
566 5403262 
567 5403262 
568 5403262 
569 5403262 
570 5403262 
571 5403262 
572 5403262 
573 5403262 
574 5403262 
575 5403262 
576 5403262 
577 5403262 
578 5403262 
579 5403262 
580 5403262 
581 5403262 
582 5403262 
583 5403262 
584 5403262 
585 5403262 
586 5403262 
587 5403262 
588 5403262 
589 5403262 
590 5403262 
591 5403262 
592 5403262 
593 5403262 
594 5403262 
595 5403262 
596 5403262 
597 5403262 
598 5403262 
599 5403262 
600 5403262 
601 5403262 
602 5403262 
603 5403262 
604 5403262 
605 5403262 
606 5403262 
607 5403262 
608 5403262 
609 5403262 
610 5403262 
611 5403262 
612 5403262 
613 5403262 
614 5403262 
615 5403262 
616 5403262 
617 5403262 
618 5403262 
619 5403262 
620 5403262 
621 5403262 
622 5403262 
623 5403262 
624 5403262 
625 5403262 
626 5403262 
627 5403262 
628 5403262 
629 5403262 
630 5403262 
631 5403262 
632 5403262 
633 5403262 
634 5403262 
635 5403262 
636 5403262 
637 5403262 
638 5403262 
639 5403262 
640 5403262 
641 5403262 
642 5403262 
643 5403262 
644 5403262 
645 5403262 
646 5403262 
647 5403262 
648 5403262 
649 5403262 
650 5403262 
651 5403262 
652 5403262 
653 5403262 
654 5403262 
655 5403262 
656 5403262 
657 5403262 
658 5403262 
659 5403262 
660 5403262 
661 5403262 
662 5403262 
663 5403262 
664 5403262 
665 5403262 
666 5403262 
667 5403262 
668 5403262 
669 5403262 
670 5403262 
671 5403262 
672 5403262 
673 5403262 
674 5403262 
675 5403262 
676 5403262 
677 5403262 
678 5403262 
679 5403262 
680 5403262 
681 5403262 
682 5403262 
683 5403262 
684 5403262 
685 5403262 
686 5403262 
687 5403262 
688 5403262 
689 5403262 
690 5403262 
691 5403262 
692 5403262 
693 5403262 
694 5403262 
695 5403262 
696 5403262 
697 5403262 
698 5403262 
699 5403262 
700 5403262 
701 5403262 
702 5403262 
703 5403262 
704 5403262 
705 5403262 
706 5403262 
707 5403262 
708 5403262 
709 5403262 
710 5403262 
711 5403262 
712 5403262 
713 5403262 
714 5403262 
715 5403262 
716 5403262 
717 5403262 
718 5403262 
719 5403262 
720 5403262 
721 5403262 
722 5403262 
723 5403262 
724 5403262 
725 5403262 
726 5403262 
727 5403262 
728 5403262 
729 5403262 
730 5403262 
731 5403262 
732 5403262 
733 5403262 
734 5403262 
735 5403262 
736 5403262 
737 5403262 
738 5403262 
739 5403262 
740 5403262 
741 5403262 
742 5403262 
743 5403262 
744 5403262 
745 5403262 
746 5403262 
747 5403262 
748 5403262 
749 5403262 
750 5403262 
751 5403262 
752 5403262 
753 5403262 
754 5403262 
755 5403262 
756 5403262 
757 5403262 
758 5403262 
759 5403262 
760 5403262 
761 5403262 
762 5403262 
763 5403262 
764 5403262 
765 5403262 
766 5403262 
767 5403262 
768 5403262 
769 5403262 
770 5403262 
771 5403262 
772 5403262 
773 5403262 
774 5403262 
775 5403262 
776 5403262 
777 5403262 
778 5403262 
779 5403262 
780 5403262 
781 5403262 
782 5403262 
783 5403262 
784 5403262 
785 5403262 
786 5403262 
787 5403262 
788 5403262 
789 5403262 
790 5403262 
791 5403262 
792 5403262 
793 5403262 
794 5403262 
795 5403262 
796 5403262 
797 5403262 
798 5403262 
799 5403262 
800 5403262 
801 5403262 
802 5403262 
803 5403262 
804 5403262 
805 5403262 
806 5403262 
807 5403262 
808 5403262 
809 5403262 
810 5403262 
811 5403262 
812 5403262 
813 5403262 
814 5403262 
815 5403262 
816 5403262 
817 5403262 
818 5403262 
819 5403262 
820 5403262 
821 5403262 
822 5403262 
823 5403262 
824 5403262 
825 5403262 
826 5403262 
827 5403262 
828 5403262 
829 5403262 
830 5403262 
831 5403262 
832 5403262 
833 5403262 
834 5403262 
835 5403262 
836 5403262 
837 5403262 
838 5403262 
839 5403262 
840 5403262 
841 5403262 
842 5403262 
843 5403262 
844 5403262 
845 5403262 
846 5403262 
847 5403262 
848 5403262 
849 5403262 
850 5403262 
851 5403262 
852 5403262 
853 5403262 
854 5403262 
855 5403262 
856 5403262 
857 5403262 
858 5403262 
859 5403262 
860 5403262 
861 5403262 
862 5403262 
863 5403262 
864 5403262 
865 5403262 
866 5403262 
867 5403262 
868 5403262 
869 5403262 
870 5403262 
871 5403262 
872 5403262 
873 5403262 
874 5403262 
875 5403262 
876 5403262 
877 5403262 
878 5403262 
879 5403262 
880 5403262 
881 5403262 
882 5403262 
883 5403262 
884 5403262 
885 5403262 
886 5403262 
887 5403262 
888 5403262 
889 5403262 
890 5403262 
891 5403262 
892 5403262 
893 5403262 
894 5403262 
895 5403262 
896 5403262 
897 5403262 
898 5403262 
899 5403262 
900 5403262 
901 5403262 
902 5403262 
903 5403262 
904 5403262 
905 5403262 
906 5403262 
907 5403262 
908 5403262 
909 5403262 
910 5403262 
911 5403262 
912 5403262 
913 5403262 
914 5403262 
915 5403262 
916 5403262 
917 5403262 
918 5403262 
919 5403262 
920 5403262 
921 5403262 
922 5403262 
923 5403262 
924 5403262 
925 5403262 
926 5403262 
927 5403262 
928 5403262 
929 5403262 
930 5403262 
931 5403262 
932 5403262 
933 5403262 
934 5403262 
935 5403262 
936 5403262 
937 5403262 
938 5403262 
939 5403262 
940 5403262 
941 5403262 
942 5403262 
943 5403262 
944 5403262 
945 5403262 
946 5403262 
947 5403262 
948 5403262 
949 5403262 
950 5403262 
951 5403262 
952 5403262 
953 5403262 
954 5403262 
955 5403262 
956 5403262 
957 5403262 
958 5403262 
959 5403262 
960 5403262 
961 5403262 
962 5403262 
963 5403262 
964 5403262 
965 5403262 
966 5403262 
967 5403262 
968 5403262 
969 5403262 
970 5403262 
971 5403262 
972 5403262 
973 5403262 
974 5403262 
975 5403262 
976 5403262 
977 5403262 
978 5403262 
979 5403262 
980 5403262 
981 5403262 
982 5403262 
983 5403262 
984 5403262 
985 5403262 
986 5403262 
987 5403262 
988 5403262 
989 5403262 
990 5403262 
991 5403262 
992 5403262 
993 5403262 
994 5403262 
995 5403262 
996 5403262 
997 5403262 
998 5403262 
999 5403262 
1000 5403262 
1001 5403262 
1002 5403262 
1003 5403262 
1004 5403262 
1005 5403262 
1006 5403262 
1007 5403262 
1008 5403262 
1009 5403262 
1010 5403262 
1011 5403262 
1012 5403262 
1013 5403262 
1014 5403262 
1015 5403262 
1016 5403262 
1017 5403262 
1018 5403262 
1019 5403262 
1020 5403262 
1021 5403262 
1022 5403262 
1023 5403262 
1024 5403262 
1025 5403262 
1026 5403262 
1027 5403262 
1028 5403262 
1029 5403262 
1030 5403262 
1031 5403262 
1032 5403262 
1033 5403262 
1034 5403262 
1035 5403262 
1036 5403262 
1037 5403262 
1038 5403262 
1039 5403262 
1040 5403262 
1041 5403262 
1042 5403262 
1043 5403262 
1044 5403262 
1045 5403262 
1046 5403262 
1047 5403262 
1048 5403262 
1049 5403262 
1050 5403262 
1051 5403262 
1052 5403262 
1053 5403262 
1054 5403262 
1055 5403262 
1056 5403262 
1057 5403262 
1058 5403262 
1059 5403262 
1060 5403262 
1061 5403262 
1062 5403262 
1063 5403262 
1064 5403262 
1065 5403262 
1066 5403262 
1067 5403262 
1068 5403262 
1069 5403262 
1070 5403262 
1071 5403262 
1072 5403262 
1073 5403262 
1074 5403262 
1075 5403262 
1076 5403262 
1077 5403262 
1078 5403262 
1079 5403262 
1080 5403262 
1081 5403262 
1082 5403262 
1083 5403262 
1084 5403262 
1085 5403262 
1086 5403262 
1087 5403262 
1088 5403262 
1089 5403262 
1090 5403262 
1091 5403262 
1092 5403262 
1093 5403262 
1094 5403262 
1095 5403262 
1096 5403262 
1097 5403262 
1098 5403262 
1099 5403262 
1100 5403262 
1101 5403262 
1102 5403262 
1103 5403262 
1104 5403262 
1105 5403262 
1106 5403262 
1107 5403262 
1108 5403262 
1109 5403262 
1110 5403262 
1111 5403262 
1112 5403262 
1113 5403262 
1114 5403262 
1115 5403262 
1116 5403262 
1117 5403262 
1118 5403262 
1119 5403262 
1120 5403262 
1121 5403262 
1122 5403262 
1123 5403262 
1124 5403262 
1125 5403262 
1126 5403262 
1127 5403262 
1128 5403262 
1129 5403262 
1130 5403262 
1131 5403262 
1132 5403262 
1133 5403262 
1134 5403262 
1135 5403262 
1136 5403262 
1137 5403262 
1138 5403262 
1139 5403262 
1140 5403262 
1141 5403262 
1142 5403262 
1143 5403262 
1144 5403262 
1145 5403262 
1146 5403262 
1147 5403262 
1148 5403262 
1149 5403262 
1150 5403262 
1151 5403262 
1152 5403262 
1153 5403262 
1154 5403262 
1155 5403262 
1156 5403262 
1157 5403262 
1158 5403262 
1159 5403262 
1160 5403262 
1161 5403262 
1162 5403262 
1163 5403262 
1164 5403262 
1165 5403262 
1166 5403262 
1167 5403262 
1168 5403262 
1169 5403262 
1170 5403262 
1171 5403262 
1172 5403262 
1173 5403262 
1174 5403262 
1175 5403262 
1176 5403262 
1177 5403262 
1178 5403262 
1179 5403262 
1180 5403262 
1181 5403262 
1182 5403262 
1183 5403262 
1184 5403262 
1185 5403262 
1186 5403262 
1187 5403262 
1188 5403262 
1189 5403262 
1190 5403262 
1191 5403262 
1192 5403262 
1193 5403262 
1194 5403262 
1195 5403262 
1196 5403262 
1197 5403262 
1198 5403262 
1199 5403262 
1200 5403262 
1201 5403262 
1202 5403262 
1203 5403262 
1204 5403262 
1205 5403262 
1206 5403262 
1207 5403262 
1208 5403262 
1209 5403262 
1210 5403262 
1211 5403262 
1212 5403262 
1213 5403262 
1214 5403262 
1215 5403262 
1216 5403262 
1217 5403262 
1218 5403262 
1219 5403262 
1220 5403262 
1221 5403262 
1222 5403262 
1223 5403262 
1224 5403262 
1225 5403262 
1226 5403262 
1227 5403262 
1228 5403262 
1229 5403262 
1230 5403262 
1231 5403262 
1232 5403262 
1233 5403262 
1234 5403262 
1235 5403262 
1236 5403262 
1237 5403262 
1238 5403262 
1239 5403262 
1240 5403262 
1241 5403262 
1242 5403262 
1243 5403262 
1244 5403262 
1245 5403262 
1246 5403262 
1247 5403262 
1248 5403262 
1249 5403262 
1250 5403262 
1251 5403262 
1252 5403262 
1253 5403262 
1254 5403262 
1255 5403262 
1256 5403262 
1257 5403262 
1258 5403262 
1259 5403262 
1260 5403262 
1261 5403262 
1262 5403262 
1263 5403262 
1264 5403262 
1265 5403262 
1266 5403262 
1267 5403262 
1268 5403262 
1269 5403262 
1270 5403262 
1271 5403262 
1272 5403262 
1273 5403262 
1274 5403262 
1275 5403262 
1276 5403262 
1277 5403262 
1278 5403262 
1279 5403262 
1280 5403262 
1281 5403262 
1282 5403262 
1283 5403262 
1284 5403262 
1285 5403262 
1286 5403262 
1287 5403262 
1288 5403262 
1289 5403262 
1290 5403262 
1291 5403262 
1292 5403262 
1293 5403262 
1294 5403262 
1295 5403262 
1296 5403262 
1297 5403262 
1298 5403262 
1299 5403262 
1300 5403262 
1301 5403262 
1302 5403262 
1303 5403262 
1304 5403262 
1305 5403262 
1306 5403262 
1307 5403262 
1308 5403262 
1309 5403262 
1310 5403262 
1311 5403262 
1312 5403262 
1313 5403262 
1314 5403262 
1315 5403262 
1316 5403262 
1317 5403262 
1318 5403262 
1319 5403262 
1320 5403262 
1321 5403262 
1322 5403262 
1323 5403262 
1324 5403262 
1325 5403262 
1326 5403262 
1327 5403262 
1328 5403262 
1329 5403262 
1330 5403262 
1331 5403262 
1332 5403262 
1333 5403262 
1334 5403262 
1335 5403262 
1336 5403262 
1337 5403262 
1338 5403262 
1339 5403262 
1340 5403262 
1341 5403262 
1342 5403262 
1343 5403262 
1344 5403262 
1345 5403262 
1346 5403262 
1347 5403262 
1348 5403262 
1349 5403262 
1350 5403262 
1351 5403262 
1352 5403262 
1353 5403262 
1354 5403262 
1355 5403262 
1356 5403262 
1357 5403262 
1358 5403262 
1359 5403262 
1360 5403262 
1361 5403262 
1362 5403262 
1363 5403262 
1364 5403262 
1365 5403262 
1366 5403262 
1367 5403262 
1368 5403262 
1369 5403262 
1370 5403262 
1371 5403262 
1372 5403262 
1373 5403262 
1374 5403262 
1375 5403262 
1376 5403262 
1377 5403262 
1378 5403262 
1379 5403262 
1380 5403262 
1381 5403262 
1382 5403262 
1383 5403262 
1384 5403262 
1385 5403262 
1386 5403262 
1387 5403262 
1388 5403262 
1389 5403262 
1390 5403262 
1391 5403262 
1392 5403262 
1393 5403262 
1394 5403262 
1395 5403262 
1396 5403262 
1397 5403262 
1398 5403262 
1399 5403262 
1400 5403262 
1401 5403262 
1402 5403262 
1403 5403262 
1404 5403262 
1405 5403262 
1406 5403262 
1407 5403262 
1408 5403262 
1409 5403262 
1410 5403262 
1411 5403262 
1412 5403262 
1413 5403262 
1414 5403262 
1415 5403262 
1416 5403262 
1417 5403262 
1418 5403262 
1419 5403262 
1420 5403262 
1421 5403262 
1422 5403262 
1423 5403262 
1424 5403262 
1425 5403262 
1426 5403262 
1427 5403262 
1428 5403262 
1429 5403262 
1430 5403262 
1431 5403262 
1432 5403262 
1433 5403262 
1434 5403262 
1435 5403262 
1436 5403262 
1437 5403262 
1438 5403262 
1439 5403262 
1440 5403262 
1441 5403262 
1442 5403262 
1443 5403262 
1444 5403262 
1445 5403262 
1446 5403262 
1447 5403262 
1448 5403262 
1449 5403262 
1450 5403262 
1451 5403262 
1452 5403262 
1453 5403262 
1454 5403262 
1455 5403262 
1456 5403262 
1457 5403262 
1458 5403262 
1459 5403262 
1460 5403262 
1461 5403262 
1462 5403262 
1463 5403262 
1464 5403262 
1465 5403262 
1466 5403262 
1467 5403262 
1468 5403262 
1469 5403262 
1470 5403262 
1471 5403262 
1472 5403262 
1473 5403262 
1474 5403262 
1475 5403262 
1476 5403262 
1477 5403262 
1478 5403262 
1479 5403262 
1480 5403262 
1481 5403262 
1482 5403262 
1483 5403262 
1484 5403262 
1485 5403262 
1486 5403262 
1487 5403262 
1488 5403262 
1489 5403262 
1490 5403262 
1491 5403262 
1492 5403262 
1493 5403262 
1494 5403262 
1495 5403262 
1496 5403262 
1497 5403262 
1498 5403262 
1499 5403262 
1500 5403262 
1501 5403262 
1502 5403262 
1503 5403262 
1504 5403262 
1505 5403262 
1506 5403262 
1507 5403262 
1508 5403262 
1509 5403262 
1510 5403262 
1511 5403262 
1512 5403262 
1513 5403262 
1514 5403262 
1515 5403262 
1516 5403262 
1517 5403262 
1518 5403262 
1519 5403262 
1520 5403262 
1521 5403262 
1522 5403262 
1523 5403262 
1524 5403262 
1525 5403262 
1526 5403262 
1527 5403262 
1528 5403262 
1529 5403262 
1530 5403262 
1531 5403262 
1532 5403262 
1533 5403262 
1534 5403262 
1535 5403262 
1536 5403262 
1537 5403262 
1538 5403262 
1539 5403262 
1540 5403262 
1541 5403262 
1542 5403262 
1543 5403262 
1544 5403262 
1545 5403262 
1546 5403262 
1547 5403262 
1548 5403262 
1549 5403262 
1550 5403262 
1551 5403262 
1552 5403262 
1553 5403262 
1554 5403262 
1555 5403262 
1556 5403262 
1557 5403262 
1558 5403262 
1559 5403262 
1560 5403262 
1561 5403262 
1562 5403262 
1563 5403262 
1564 5403262 
1565 5403262 
1566 5403262 
1567 5403262 
1568 5403262 
1569 5403262 
1570 5403262 
1571 5403262 
1572 5403262 
1573 5403262 
1574 5403262 
1575 5403262 
1576 5403262 
1577 5403262 
1578 5403262 
1579 5403262 
1580 5403262 
1581 5403262 
1582 5403262 
1583 5403262 
1584 5403262 
1585 5403262 
1586 5403262 
1587 5403262 
1588 5403262 
1589 5403262 
1590 5403262 
1591 5403262 
1592 5403262 
1593 5403262 
1594 5403262 
1595 5403262 
1596 5403262 
1597 5403262 
1598 5403262 
1599 5403262 
1600 5403262 
1601 5403262 
1602 5403262 
1603 5403262 
1604 5403262 
1605 5403262 
1606 5403262 
1607 5403262 
1608 5403262 
1609 5403262 
1610 5403262 
1611 5403262 
1612 5403262 
1613 5403262 
1614 5403262 
1615 5403262 
1616 5403262 
1617 5403262 
1618 5403262 
1619 5403262 
1620 5403262 
1621 5403262 
1622 5403262 
1623 5403262 
1624 5403262 
1625 5403262 
1626 5403262 
1627 5403262 
1628 5403262 
1629 5403262 
1630 5403262 
1631 5403262 
1632 5403262 
1633 5403262 
1634 5403262 
1635 5403262 
1636 5403262 
1637 5403262 
1638 5403262 
1639 5403262 
1640 5403262 
1641 5403262 
1642 5403262 
1643 5403262 
1644 5403262 
1645 5403262 
1646 5403262 
1647 5403262 
1648 5403262 
1649 5403262 
1650 5403262 
1651 5403262 
1652 5403262 
1653 5403262 
1654 5403262 
1655 5403262 
1656 5403262 
1657 5403262 
1658 5403262 
1659 5403262 
1660 5403262 
1661 5403262 
1662 5403262 
1663 5403262 
1664 5403262 
1665 5403262 
1666 5403262 
1667 5403262 
1668 5403262 
1669 5403262 
1670 5403262 
1671 5403262 
1672 5403262 
1673 5403262 
1674 5403262 
1675 5403262 
1676 5403262 
1677 5403262 
1678 5403262 
1679 5403262 
1680 5403262 
1681 5403262 
1682 5403262 
1683 5403262 
1684 5403262 
1685 5403262 
1686 5403262 
1687 5403262 
1688 5403262 
1689 5403262 
1690 5403262 
1691 5403262 
1692 5403262 
1693 5403262 
1694 5403262 
1695 5403262 
1696 5403262 
1697 5403262 
1698 5403262 
1699 5403262 
1700 5403262 
1701 5403262 
1702 5403262 
1703 5403262 
1704 5403262 
1705 5403262 
1706 5403262 
1707 5403262 
1708 5403262 
1709 5403262 
1710 5403262 
1711 5403262 
1712 5403262 
1713 5403262 
1714 5403262 
1715 5403262 
1716 5403262 
1717 5403262 
1718 5403262 
1719 5403262 
1720 5403262 
1721 5403262 
1722 5403262 
1723 5403262 
1724 5403262 
1725 5403262 
1726 5403262 
1727 5403262 
1728 5403262 
1729 5403262 
1730 5403262 
1731 5403262 
1732 5403262 
1733 5403262 
1734 5403262 
1735 5403262 
1736 5403262 
1737 5403262 
1738 5403262 
1739 5403262 
1740 5403262 
1741 5403262 
1742 5403262 
1743 5403262 
1744 5403262 
1745 5403262 
1746 5403262 
1747 5403262 
1748 5403262 
1749 5403262 
1750 5403262 
1751 5403262 
1752 5403262 
1753 5403262 
1754 5403262 
1755 5403262 
1756 5403262 
1757 5403262 
1758 5403262 
1759 5403262 
1760 5403262 
1761 5403262 
1762 5403262 
1763 5403262 
1764 5403262 
1765 5403262 
1766 5403262 
1767 5403262 
1768 5403262 
1769 5403262 
1770 5403262 
1771 5403262 
1772 5403262 
1773 5403262 
1774 5403262 
1775 5403262 
1776 5403262 
1777 5403262 
1778 5403262 
1779 5403262 
1780 5403262 
1781 5403262 
1782 5403262 
1783 5403262 
1784 5403262 
1785 5403262 
1786 5403262 
1787 5403262 
1788 5403262 
1789 5403262 
1790 5403262 
1791 5403262 
1792 5403262 
1793 5403262 
1794 5403262 
1795 5403262 
1796 5403262 
1797 5403262 
1798 5403262 
1799 5403262 
1800 5403262 
1801 5403262 
1802 5403262 
1803 5403262 
1804 5403262 
1805 5403262 
1806 5403262 
1807 5403262 
1808 5403262 
1809 5403262 
1810 5403262 
1811 5403262 
1812 5403262 
1813 5403262 
1814 5403262 
1815 5403262 
1816 5403262 
1817 5403262 
1818 5403262 
1819 5403262 
1820 5403262 
1821 5403262 
1822 5403262 
1823 5403262 
1824 5403262 
1825 5403262 
1826 5403262 
1827 5403262 
1828 5403262 
1829 5403262 
1830 5403262 
1831 5403262 
1832 5403262 
1833 5403262 
1834 5403262 
1835 5403262 
1836 5403262 
1837 5403262 
1838 5403262 
1839 5403262 
1840 5403262 
1841 5403262 
1842 5403262 
1843 5403262 
1844 5403262 
1845 5403262 
1846 5403262 
1847 5403262 
1848 5403262 
1849 5403262 
1850 5403262 
1851 5403262 
1852 5403262 
1853 5403262 
1854 5403262 
1855 5403262 
1856 5403262 
1857 5403262 
1858 5403262 
1859 5403262 
1860 5403262 
1861 5403262 
1862 5403262 
1863 5403262 
1864 5403262 
1865 5403262 
1866 5403262 
1867 5403262 
1868 5403262 
1869 5403262 
1870 5403262 
1871 5403262 
1872 5403262 
1873 5403262 
1874 5403262 
1875 5403262 
1876 5403262 
1877 5403262 
1878 5403262 
1879 5403262 
1880 5403262 
1881 5403262 
1882 5403262 
1883 5403262 
1884 5403262 
1885 5403262 
1886 5403262 
1887 5403262 
1888 5403262 
1889 5403262 
1890 5403262 
1891 5403262 
1892 5403262 
1893 5403262 
1894 5403262 
1895 5403262 
1896 5403262 
1897 5403262 
1898 5403262 
1899 5403262 
1900 5403262 
1901 5403262 
1902 5403262 
1903 5403262 
1904 5403262 
1905 5403262 
1906 5403262 
1907 5403262 
1908 5403262 
1909 5403262 
1910 5403262 
1911 5403262 
1912 5403262 
1913 5403262 
1914 5403262 
1915 5403262 
1916 5403262 
1917 5403262 
1918 5403262 
1919 5403262 
1920 5403262 
1921 5403262 
1922 5403262 
1923 5403262 
1924 5403262 
1925 5403262 
1926 5403262 
1927 5403262 
1928 5403262 
1929 5403262 
1930 5403262 
1931 5403262 
1932 5403262 
1933 5403262 
1934 5403262 
1935 5403262 
1936 5403262 
1937 5403262 
1938 5403262 
1939 5403262 
1940 5403262 
1941 5403262 
1942 5403262 
1943 5403262 
1944 5403262 
1945 5403262 
1946 5403262 
1947 5403262 
1948 5403262 
1949 5403262 
1950 5403262 
1951 5403262 
1952 5403262 
1953 5403262 
1954 5403262 
1955 5403262 
1956 5403262 
1957 5403262 
1958 5403262 
1959 5403262 
1960 5403262 
1961 5403262 
1962 5403262 
1963 5403262 
1964 5403262 
1965 5403262 
1966 5403262 
1967 5403262 
1968 5403262 
1969 5403262 
1970 5403262 
1971 5403262 
1972 5403262 
1973 5403262 
1974 5403262 
1975 5403262 
1976 5403262 
1977 5403262 
1978 5403262 
1979 5403262 
1980 5403262 
1981 5403262 
1982 5403262 
1983 5403262 
1984 5403262 
1985 5403262 
1986 5403262 
1987 5403262 
1988 5403262 
1989 5403262 
1990 5403262 
1991 5403262 
1992 5403262 
1993 5403262 
1994 5403262 
1995 5403262 
1996 5403262 
1997 5403262 
1998 5403262 
1999 5403262 
2000 5403262 
2001 5403262 
2002 5403262 
2003 5403262 
2004 5403262 
2005 5403262 
2006 5403262 
2007 5403262 
2008 5403262 
2009 5403262 
2010 5403262 
2011 5403262 
2012 5403262 
2013 5403262 
2014 5403262 
2015 5403262 
2016 5403262 
2017 5403262 
2018 5403262 
2019 5403262 
2020 5403262 
2021 5403262 
2022 5403262 
2023 5403262 
2024 5403262 
2025 5403262 
2026 5403262 
2027 5403262 
2028 5403262 
2029 5403262 
2030 5403262 
2031 5403262 
2032 5403262 
2033 5403262 
2034 5403262 
2035 5403262 
2036 5403262 
2037 5403262 
2038 5403262 
2039 5403262 
2040 5403262 
2041 5403262 
2042 5403262 
2043 5403262 
2044 5403262 
2045 5403262 
2046 5403262 
2047 5403262 
2048 5403262 
2049 5403262 
2050 5403262 
2051 5403262 
2052 5403262 
2053 5403262 
2054 5403262 
2055 5403262 
2056 5403262 
2057 5403262 
2058 5403262 
2059 5403262 
2060 5403262 
2061 5403262 
2062 5403262 
2063 5403262 
2064 5403262 
2065 5403262 
2066 5403262 
2067 5403262 
2068 5403262 
2069 5403262 
2070 5403262 
2071 5403262 
2072 5403262 
2073 5403262 
2074 5403262 
2075 5403262 
2076 5403262 
2077 5403262 
2078 5403262 
2079 5403262 
2080 5403262 
2081 5403262 
2082 5403262 
2083 5403262 
2084 5403262 
2085 5403262 
2086 5403262 
2087 5403262 
2088 5403262 
2089 5403262 
2090 5403262 
2091 5403262 
2092 5403262 
2093 5403262 
2094 5403262 
2095 5403262 
2096 5403262 
2097 5403262 
2098 5403262 
2099 5403262 
2100 5403262 
2101 5403262 
2102 5403262 
2103 5403262 
2104 5403262 
2105 5403262 
2106 5403262 
2107 5403262 
2108 5403262 
2109 5403262 
2110 5403262 
2111 5403262 
2112 5403262 
2113 5403262 
2114 5403262 
2115 5403262 
2116 5403262 
2117 5403262 
2118 5403262 
2119 5403262 
2120 5403262 
2121 5403262 
2122 5403262 
2123 5403262 
2124 5403262 
2125 5403262 
2126 5403262 
2127 5403262 
2128 5403262 
2129 5403262 
2130 5403262 
2131 5403262 
2132 5403262 
2133 5403262 
2134 5403262 
2135 5403262 
2136 5403262 
2137 5403262 
2138 5403262 
2139 5403262 
2140 5403262 
2141 5403262 
2142 5403262 
2143 5403262 
2144 5403262 
2145 5403262 
2146 5403262 
2147 5403262 
2148 5403262 
2149 5403262 
2150 5403262 
2151 5403262 
2152 5403262 
2153 5403262 
2154 5403262 
2155 5403262 
2156 5403262 
2157 5403262 
2158 5403262 
2159 5403262 
2160 5403262 
2161 5403262 
2162 5403262 
2163 5403262 
2164 5403262 
2165 5403262 
2166 5403262 
2167 5403262 
2168 5403262 
2169 5403262 
2170 5403262 
2171 5403262 
2172 5403262 
2173 5403262 
2174 5403262 
2175 5403262 
2176 5403262 
2177 5403262 
2178 5403262 
2179 5403262 
2180 5403262 
2181 5403262 
2182 5403262 
2183 5403262 
2184 5403262 
2185 5403262 
2186 5403262 
2187 5403262 
2188 5403262 
2189 5403262 
2190 5403262 
2191 5403262 
2192 5403262 
2193 5403262 
2194 5403262 
2195 5403262 
2196 5403262 
2197 5403262 
2198 5403262 
2199 5403262 
2200 5403262 
2201 5403262 
2202 5403262 
2203 5403262 
2204 5403262 
2205 5403262 
2206 5403262 
2207 5403262 
2208 5403262 
2209 5403262 
2210 5403262 
2211 5403262 
2212 5403262 
2213 5403262 
2214 5403262 
2215 5403262 
2216 5403262 
2217 5403262 
2218 5403262 
2219 5403262 
2220 5403262 
2221 5403262 
2222 5403262 
2223 5403262 
2224 5403262 
2225 5403262 
2226 5403262 
2227 5403262 
2228 5403262 
2229 5403262 
2230 5403262 
2231 5403262 
2232 5403262 
2233 5403262 
2234 5403262 
2235 5403262 
2236 5403262 
2237 5403262 
2238 5403262 
2239 5403262 
2240 5403262 
2241 5403262 
2242 5403262 
2243 5403262 
2244 5403262 
2245 5403262 
2246 5403262 
2247 5403262 
2248 5403262 
2249 5403262 
2250 5403262 
2251 5403262 
2252 5403262 
2253 5403262 
2254 5403262 
2255 5403262 
2256 5403262 
2257 5403262 
2258 5403262 
2259 5403262 
2260 5403262 
2261 5403262 
2262 5403262 
2263 5403262 
2264 5403262 
2265 5403262 
2266 5403262 
2267 5403262 
2268 5403262 
2269 5403262 
2270 5403262 
2271 5403262 
2272 5403262 
2273 5403262 
2274 5403262 
2275 5403262 
2276 5403262 
2277 5403262 
2278 5403262 
2279 5403262 
2280 5403262 
2281 5403262 
2282 5403262 
2283 5403262 
2284 5403262 
2285 5403262 
2286 5403262 
2287 5403262 
2288 5403262 
2289 5403262 
2290 5403262 
2291 5403262 
2292 5403262 
2293 5403262 
2294 5403262 
2295 5403262 
2296 5403262 
2297 5403262 
2298 5403262 
2299 5403262 
2300 5403262 
2301 5403262 
2302 5403262 
2303 5403262 
2304 5403262 
2305 5403262 
2306 5403262 
2307 5403262 
2308 5403262 
2309 5403262 
2310 5403262 
2311 5403262 
2312 5403262 
2313 5403262 
2314 5403262 
2315 5403262 
2316 5403262 
2317 5403262 
2318 5403262 
2319 5403262 
2320 5403262 
2321 5403262 
2322 5403262 
2323 5403262 
2324 5403262 
2325 5403262 
2326 5403262 
2327 5403262 
2328 5403262 
2329 5403262 
2330 5403262 
2331 5403262 
2332 5403262 
2333 5403262 
2334 5403262 
2335 5403262 
2336 5403262 
2337 5403262 
2338 5403262 
2339 5403262 
2340 5403262 
2341 5403262 
2342 5403262 
2343 5403262 
2344 5403262 
2345 5403262 
2346 5403262 
2347 5403262 
2348 5403262 
2349 5403262 
2350 5403262 
2351 5403262 
2352 5403262 
2353 5403262 
2354 5403262 
2355 5403262 
2356 5403262 
2357 5403262 
2358 5403262 
2359 5403262 
2360 5403262 
2361 5403262 
2362 5403262 
2363 5403262 
2364 5403262 
2365 5403262 
2366 5403262 
2367 5403262 
2368 5403262 
2369 5403262 
2370 5403262 
2371 5403262 
2372 5403262 
2373 5403262 
2374 5403262 
2375 5403262 
2376 5403262 
2377 5403262 
2378 5403262 
2379 5403262 
2380 5403262 
2381 5403262 
2382 5403262 
2383 5403262 
2384 5403262 
2385 5403262 
2386 5403262 
2387 5403262 
2388 5403262 
2389 5403262 
2390 5403262 
2391 5403262 
2392 5403262 
2393 5403262 
2394 5403262 
2395 5403262 
2396 5403262 
2397 5403262 
2398 5403262 
2399 5403262 
2400 5403262 
2401 5403262 
2402 5403262 
2403 5403262 
2404 5403262 
2405 5403262 
2406 5403262 
2407 5403262 
2408 5403262 
2409 5403262 
2410 5403262 
2411 5403262 
2412 5403262 
2413 5403262 
2414 5403262 
2415 5403262 
2416 5403262 
2417 5403262 
2418 5403262 
2419 5403262 
2420 5403262 
2421 5403262 
2422 5403262 
2423 5403262 
2424 5403262 
2425 5403262 
2426 5403262 
2427 5403262 
2428 5403262 
2429 5403262 
2430 5403262 
2431 5403262 
2432 5403262 
2433 5403262 
2434 5403262 
2435 5403262 
2436 5403262 
2437 5403262 
2438 5403262 
2439 5403262 
2440 5403262 
2441 5403262 
2442 5403262 
2443 5403262 
2444 5403262 
2445 5403262 
2446 5403262 
2447 5403262 
2448 5403262 
2449 5403262 
2450 5403262 
2451 5403262 
2452 5403262 
2453 5403262 
2454 5403262 
2455 5403262 
2456 5403262 
2457 5403262 
2458 5403262 
2459 5403262 
2460 5403262 
2461 5403262 
2462 5403262 
2463 5403262 
2464 5403262 
2465 5403262 
2466 5403262 
2467 5403262 
2468 5403262 
2469 5403262 
2470 5403262 
2471 5403262 
2472 5403262 
2473 5403262 
2474 5403262 
2475 5403262 
2476 5403262 
2477 5403262 
2478 5403262 
2479 5403262 
2480 5403262 
2481 5403262 
2482 5403262 
2483 5403262 
2484 5403262 
2485 5403262 
2486 5403262 
2487 5403262 
2488 5403262 
2489 5403262 
2490 5403262 
2491 5403262 
2492 5403262 
2493 5403262 
2494 5403262 
2495 5403262 
2496 5403262 
2497 5403262 
2498 5403262 
2499 5403262 
2500 5403262 
2501 5403262 
2502 5403262 
2503 5403262 
2504 5403262 
2505 5403262 
2506 5403262 
2507 5403262 
2508 5403262 
2509 5403262 
2510 5403262 
2511 5403262 
2512 5403262 
2513 5403262 
2514 5403262 
2515 5403262 
2516 5403262 
2517 5403262 
2518 5403262 
2519 5403262 
2520 5403262 
2521 5403262 
2522 5403262 
2523 5403262 
2524 5403262 
2525 5403262 
2526 5403262 
2527 5403262 
2528 5403262 
2529 5403262 
2530 5403262 
2531 5403262 
2532 5403262 
2533 5403262 
2534 5403262 
2535 5403262 
2536 5403262 
2537 5403262 
2538 5403262 
2539 5403262 
2540 5403262 
2541 5403262 
2542 5403262 
2543 5403262 
2544 5403262 
2545 5403262 
2546 5403262 
2547 5403262 
2548 5403262 
2549 5403262 
2550 5403262 
2551 5403262 
2552 5403262 
2553 5403262 
2554 5403262 
2555 5403262 
2556 5403262 
2557 5403262 
2558 5403262 
2559 5403262 
2560 5403262 
2561 5403262 
2562 5403262 
2563 5403262 
2564 5403262 
2565 5403262 
2566 5403262 
2567 5403262 
2568 5403262 
2569 5403262 
2570 5403262 
2571 5403262 
2572 5403262 
2573 5403262 
2574 5403262 
2575 5403262 
2576 5403262 
2577 5403262 
2578 5403262 
2579 5403262 
2580 5403262 
2581 5403262 
2582 5403262 
2583 5403262 
2584 5403262 
2585 5403262 
2586 5403262 
2587 5403262 
2588 5403262 
2589 5403262 
2590 5403262 
2591 5403262 
2592 5403262 
2593 5403262 
2594 5403262 
2595 5403262 
2596 5403262 
2597 5403262 
2598 5403262 
2599 5403262 
2600 5403262 
2601 5403262 
2602 5403262 
2603 5403262 
2604 5403262 
2605 5403262 
2606 5403262 
2607 5403262 
2608 5403262 
2609 5403262 
2610 5403262 
2611 5403262 
2612 5403262 
2613 5403262 
2614 5403262 
2615 5403262 
2616 5403262 
2617 5403262 
2618 5403262 
2619 5403262 
2620 5403262 
2621 5403262 
2622 5403262 
2623 5403262 
2624 5403262 
2625 5403262 
2626 5403262 
2627 5403262 
2628 5403262 
2629 5403262 
2630 5403262 
2631 5403262 
2632 5403262 
2633 5403262 
2634 5403262 
2635 5403262 
2636 5403262 
2637 5403262 
2638 5403262 
2639 5403262 
2640 5403262 
2641 5403262 
2642 5403262 
2643 5403262 
2644 5403262 
2645 5403262 
2646 5403262 
2647 5403262 
2648 5403262 
2649 5403262 
2650 5403262 
2651 5403262 
2652 5403262 
2653 5403262 
2654 5403262 
2655 5403262 
2656 5403262 
2657 5403262 
2658 5403262 
2659 5403262 
2660 5403262 
2661 5403262 
2662 5403262 
2663 5403262 
2664 5403262 
2665 5403262 
2666 5403262 
2667 5403262 
2668 5403262 
2669 5403262 
2670 5403262 
2671 5403262 
2672 5403262 
2673 5403262 
2674 5403262 
2675 5403262 
2676 5403262 
2677 5403262 
2678 5403262 
2679 5403262 
2680 5403262 
2681 5403262 
2682 5403262 
2683 5403262 
2684 5403262 
2685 5403262 
2686 5403262 
2687 5403262 
2688 5403262 
2689 5403262 
2690 5403262 
2691 5403262 
2692 5403262 
2693 5403262 
2694 5403262 
2695 5403262 
2696 5403262 
2697 5403262 
2698 5403262 
2699 5403262 
2700 5403262 
2701 5403262 
2702 5403262 
2703 5403262 
2704 5403262 
2705 5403262 
2706 5403262 
2707 5403262 
2708 5403262 
2709 5403262 
2710 5403262 
2711 5403262 
2712 5403262 
2713 5403262 
2714 5403262 
2715 5403262 
2716 5403262 
2717 5403262 
2718 5403262 
2719 5403262 
2720 5403262 
2721 5403262 
2722 5403262 
2723 5403262 
2724 5403262 
2725 5403262 
2726 5403262 
2727 5403262 
2728 5403262 
2729 5403262 
2730 5403262 
2731 5403262 
2732 5403262 
2733 5403262 
2734 5403262 
2735 5403262 
2736 5403262 
2737 5403262 
2738 5403262 
2739 5403262 
2740 5403262 
2741 5403262 
2742 5403262 
2743 5403262 
2744 5403262 
2745 5403262 
2746 5403262 
2747 5403262 
2748 5403262 
2749 5403262 
2750 5403262 
2751 5403262 
2752 5403262 
2753 5403262 
2754 5403262 
2755 5403262 
2756 5403262 
2757 5403262 
2758 5403262 
2759 5403262 
2760 5403262 
2761 5403262 
2762 5403262 
2763 5403262 
2764 5403262 
2765 5403262 
2766 5403262 
2767 5403262 
2768 5403262 
2769 5403262 
2770 5403262 
2771 5403262 
2772 5403262 
2773 5403262 
2774 5403262 
2775 5403262 
2776 5403262 
2777 5403262 
2778 5403262 
2779 5403262 
2780 5403262 
2781 5403262 
2782 5403262 
2783 5403262 
2784 5403262 
2785 5403262 
2786 5403262 
2787 5403262 
2788 5403262 
2789 5403262 
2790 5403262 
2791 5403262 
2792 5403262 
2793 5403262 
2794 5403262 
2795 5403262 
2796 5403262 
2797 5403262 
2798 5403262 
2799 5403262 
2800 5403262 
2801 5403262 
2802 5403262 
2803 5403262 
2804 5403262 
2805 5403262 
2806 5403262 
2807 5403262 
2808 5403262 
2809 5403262 
2810 5403262 
2811 5403262 
2812 5403262 
2813 5403262 
2814 5403262 
2815 5403262 
2816 5403262 
2817 5403262 
2818 5403262 
2819 5403262 
2820 5403262 
2821 5403262 
2822 5403262 
2823 5403262 
2824 5403262 
2825 5403262 
2826 5403262 
2827 5403262 
2828 5403262 
2829 5403262 
2830 5403262 
2831 5403262 
2832 5403262 
2833 5403262 
2834 5403262 
2835 5403262 
2836 5403262 
2837 5403262 
2838 5403262 
2839 5403262 
2840 5403262 
2841 5403262 
2842 5403262 
2843 5403262 
2844 5403262 
2845 5403262 
2846 5403262 
2847 5403262 
2848 5403262 
2849 5403262 
2850 5403262 
2851 5403262 
2852 5403262 
2853 5403262 
2854 5403262 
2855 5403262 
2856 5403262 
2857 5403262 
2858 5403262 
2859 5403262 
2860 5403262 
2861 5403262 
2862 5403262 
2863 5403262 
2864 5403262 
2865 5403262 
2866 5403262 
2867 5403262 
2868 5403262 
2869 5403262 
2870 5403262 
2871 5403262 
2872 5403262 
2873 5403262 
2874 5403262 
2875 5403262 
2876 5403262 
2877 5403262 
2878 5403262 
2879 5403262 
2880 5403262 
2881 5403262 
2882 5403262 
2883 5403262 
2884 5403262 
2885 5403262 
2886 5403262 
2887 5403262 
2888 5403262 
2889 5403262 
2890 5403262 
2891 5403262 
2892 5403262 
2893 5403262 
2894 5403262 
2895 5403262 
2896 5403262 
2897 5403262 
2898 5403262 
2899 5403262 
2900 5403262 
2901 5403262 
2902 5403262 
2903 5403262 
2904 5403262 
2905 5403262 
2906 5403262 
2907 5403262 
2908 5403262 
2909 5403262 
2910 5403262 
2911 5403262 
2912 5403262 
2913 5403262 
2914 5403262 
2915 5403262 
2916 5403262 
2917 5403262 
2918 5403262 
2919 5403262 
2920 5403262 
2921 5403262 
2922 5403262 
2923 5403262 
2924 5403262 
2925 5403262 
2926 5403262 
2927 5403262 
2928 5403262 
2929 5403262 
2930 5403262 
2931 5403262 
2932 5403262 
2933 5403262 
2934 5403262 
2935 5403262 
2936 5403262 
2937 5403262 
2938 5403262 
2939 5403262 
2940 5403262 
2941 5403262 
2942 5403262 
2943 5403262 
2944 5403262 
2945 5403262 
2946 5403262 
2947 5403262 
2948 5403262 
2949 5403262 
2950 5403262 
2951 5403262 
2952 5403262 
2953 5403262 
2954 5403262 
2955 5403262 
2956 5403262 
2957 5403262 
2958 5403262 
2959 5403262 
2960 5403262 
2961 5403262 
2962 5403262 
2963 5403262 
2964 5403262 
2965 5403262 
2966 5403262 
2967 5403262 
2968 5403262 
2969 5403262 
2970 5403262 
2971 5403262 
2972 5403262 
2973 5403262 
2974 5403262 
2975 5403262 
2976 5403262 
2977 5403262 
2978 5403262 
2979 5403262 
2980 5403262 
2981 5403262 
2982 5403262 
2983 5403262 
2984 5403262 
2985 5403262 
2986 5403262 
2987 5403262 
2988 5403262 
2989 5403262 
2990 5403262 
2991 5403262 
2992 5403262 
2993 5403262 
2994 5403262 
2995 5403262 
2996 5403262 
2997 5403262 
2998 5403262 
2999 5403262 
3000 5403262 
3001 5403262 
3002 5403262 
3003 5403262 
3004 5403262 
3005 5403262 
3006 5403262 
3007 5403262 
3008 5403262 
3009 5403262 
3010 5403262 
3011 5403262 
3012 5403262 
3013 5403262 
3014 5403262 
3015 5403262 
3016 5403262 
3017 5403262 
3018 5403262 
3019 5403262 
3020 5403262 
3021 5403262 
3022 5403262 
3023 5403262 
3024 5403262 
3025 5403262 

