0 11156528 
1 11152480 
2 11143084 
3 11136935 
4 11133707 
5 11131886 
6 11131870 
7 11131851 
8 11127031 
9 11126710 
10 11125054 
11 11117863 
12 11114576 
13 11114544 
14 11113506 
15 11111646 
16 11101019 
17 11100337 
18 11100253 
19 11099372 
20 11093118 
21 11090986 
22 11085855 
23 10987157 
24 10986907 
25 10982148 
26 10981750 
27 10981082 
28 10980188 
29 10974279 
30 10974234 
31 10974157 
32 10972982 
33 10972627 
34 10972366 
35 10970312 
36 10964049 
37 10962747 
38 10961822 
39 10955181 
40 10941870 
41 10933873 
42 10876569 
43 10875909 
44 10859829 
45 10852170 
46 10845870 
47 10844075 
48 10842099 
49 10822573 
50 10816956 
51 10815788 
52 10815610 
53 10815509 
54 10815468 
55 10805059 
56 10792119 
57 10791833 
58 10789882 
59 10789742 
60 10789271 
61 10789231 
62 10789196 
63 10787758 
64 10787376 
65 10787018 
66 10781319 
67 10781208 
68 10780995 
69 10780839 
70 10768294 
71 10768054 
72 10767874 
73 10767730 
74 10762208 
75 10759537 
76 10759304 
77 10757323 
78 10756223 
79 10755677 
80 10755645 
81 10755636 
82 10744086 
83 10743527 
84 10742945 
85 10741307 
86 10740922 
87 10735435 
88 10729930 
89 10729323 
90 10729252 
91 10728328 
92 10727945 
93 10727667 
94 10724733 
95 10724339 
96 10724263 
97 10722734 
98 10722670 
99 10721732 
100 10721548 
101 10721212 
102 10720965 
103 10720037 
104 10713722 
105 10711801 
106 10711767 
107 10711179 
108 10710155 
109 10710019 
110 10709690 
111 10709431 
112 10709431 
113 10708311 
114 10706818 
115 10705832 
116 10705781 
117 10704979 
118 10704516 
119 10704130 
120 10703101 
121 10701540 
122 10701477 
123 10700970 
124 10699861 
125 10699476 
126 10699080 
127 10685920 
128 10684681 
129 10683352 
130 10682874 
131 10680740 
132 10679959 
133 10669901 
134 10668952 
135 10668673 
136 10668673 
137 10660792 
138 10650866 
139 10635317 
140 10626955 
141 10626415 
142 10625323 
143 10624915 
144 10617048 
145 10612316 
146 10603337 
147 10599475 
148 10596745 
149 10596200 
150 10596200 
151 10595988 
152 10595860 
153 10595114 
154 10593140 
155 10586740 
156 10586218 
157 10583830 
158 10583740 
159 10583656 
160 10579964 
161 10579779 
162 10579010 
163 10578562 
164 10577107 
165 10576905 
166 10576740 
167 10576452 
168 10576441 
169 10575390 
170 10575041 
171 10574689 
172 10574568 
173 10574192 
174 10573663 
175 10573425 
176 10553205 
177 10552280 
178 10549369 
179 10548783 
180 10548783 
181 10548572 
182 10547204 
183 10547019 
184 10546771 
185 10546067 
186 10545464 
187 10544078 
188 10543634 
189 10541313 
190 10539448 
191 10538688 
192 10538590 
193 10538369 
194 10538251 
195 10537323 
196 10536540 
197 10536513 
198 10534083 
199 10532935 
200 10521835 
201 10521755 
202 10521657 
203 10521548 
204 10521069 
205 10520989 
206 10520940 
207 10520911 
208 10504112 
209 10479623 
210 10478555 
211 10477922 
212 10477382 
213 10475243 
214 10472962 
215 10463079 
216 10462299 
217 10461397 
218 10461040 
219 10454725 
220 10454036 
221 10442361 
222 10440900 
223 10440563 
224 10439182 
225 10438593 
226 10438527 
227 10437787 
228 10424936 
229 10424108 
230 10399493 
231 10399299 
232 10399010 
233 10388042 
234 10386946 
235 10385359 
236 10382001 
237 10381996 
238 10381893 
239 10380115 
240 10378897 
241 10377077 
242 10376535 
243 10371321 
244 10364240 
245 10364055 
246 10363316 
247 10363227 
248 10361498 
249 10361281 
250 10358795 
251 10358650 
252 10356754 
253 10356348 
254 10356014 
255 10355346 
256 10355196 
257 10353415 
258 10352716 
259 10352145 
260 10347732 
261 10346832 
262 10345933 
263 10342160 
264 10341584 
265 10340818 
266 10340599 
267 10339871 
268 10339136 
269 10339125 
270 10338758 
271 10329367 
272 10327847 
273 10304232 
274 10304168 
275 10304168 
276 10303239 
277 10300468 
278 10299367 
279 10297978 
280 10297624 
281 10297469 
282 10297237 
283 10296740 
284 10295249 
285 10293407 
286 10291891 
287 10279371 
288 10270763 
289 10270343 
290 10270156 
291 10269959 
292 10269708 
293 10268729 
294 10268378 
295 10268140 
296 10267541 
297 10267434 
298 10267434 
299 10266433 
300 10265475 
301 10265228 
302 10264422 
303 10264260 
304 10263229 
305 10263078 
306 10263006 
307 10262129 
308 10260924 
309 10259900 
310 10259590 
311 10259477 
312 10258986 
313 10250309 
314 10249677 
315 10246807 
316 10246525 
317 10246489 
318 10246170 
319 10244890 
320 10244672 
321 10244141 
322 10242666 
323 10242269 
324 10241289 
325 10241066 
326 10240853 
327 10240473 
328 10238033 
329 10237571 
330 10237164 
331 10236688 
332 10233740 
333 10227944 
334 10225893 
335 10225838 
336 10223188 
337 10222802 
338 10221300 
339 10219723 
340 10219252 
341 10218734 
342 10217706 
343 10217503 
344 10213983 
345 10213720 
346 10213658 
347 10212755 
348 10211879 
349 10211629 
350 10211493 
351 10211069 
352 10209136 
353 10208453 
354 10208401 
355 10208370 
356 10207860 
357 10207498 
358 10206357 
359 10204965 
360 10204761 
361 10204407 
362 10203763 
363 10203719 
364 10203252 
365 10203223 
366 10203100 
367 10202504 
368 10202420 
369 10202190 
370 10201763 
371 10201753 
372 10200564 
373 10200277 
374 10200156 
375 10200113 
376 10200070 
377 10198863 
378 10198471 
379 10198431 
380 10197058 
381 10190445 
382 10183425 
383 10183329 
384 10181034 
385 10180324 
386 10180159 
387 10180159 
388 10178009 
389 10177072 
390 10169026 
391 10168605 
392 10168131 
393 10167527 
394 10166355 
395 10166234 
396 10165682 
397 10165656 
398 10165171 
399 10164602 
400 10164581 
401 10164527 
402 10164441 
403 10164441 
404 10157222 
405 10157019 
406 10152733 
407 10139683 
408 10137588 
409 10136987 
410 10136777 
411 10136755 
412 10132398 
413 10131417 
414 10131101 
415 10131101 
416 10131085 
417 10130458 
418 10129807 
419 10129485 
420 10128535 
421 10128531 
422 10128478 
423 10128478 
424 10127671 
425 10127671 
426 10127550 
427 10127368 
428 10126847 
429 10125895 
430 10125482 
431 10125482 
432 10125396 
433 10123885 
434 10122908 
435 10121878 
436 10120831 
437 10120703 
438 10120683 
439 10120209 
440 10120089 
441 10120089 
442 10120077 
443 10120077 
444 10120077 
445 10120077 
446 10119859 
447 10119859 
448 10119859 
449 10119859 
450 10119859 
451 10119836 
452 10119836 
453 10119836 
454 10119836 
455 10119836 
456 10119836 
457 10119836 
458 10119836 
459 10119836 
460 10119836 
461 10119836 
462 10119836 
463 10119836 
464 10119836 
465 10119836 
466 10119836 
467 10119836 
468 10119836 
469 10119836 
470 10119836 
471 10119836 
472 10119836 
473 10119836 
474 10119836 
475 10119836 
476 10119836 
477 10119836 
478 10119836 
479 10119836 
480 10119836 
481 10119836 
482 10119836 
483 10119836 
484 10119836 
485 10119836 
486 10119836 
487 10119836 
488 10119836 
489 10119836 
490 10119836 
491 10119836 
492 10119836 
493 10119836 
494 10119836 
495 10119836 
496 10119836 
497 10119836 
498 10119836 
499 10119836 
500 10119836 
501 10119836 
502 10119836 
503 10119836 
504 10119836 
505 10119836 
506 10119836 
507 10119836 
508 10119836 
509 10119836 
510 10119836 
511 10119836 
512 10119836 
513 10119836 
514 10119836 
515 10119836 
516 10119836 
517 10119836 
518 10119836 
519 10119836 
520 10119836 
521 10119836 
522 10119836 
523 10119836 
524 10119836 
525 10119836 
526 10119836 
527 10119836 
528 10119836 
529 10119836 
530 10119836 
531 10119836 
532 10119836 
533 10119836 
534 10119836 
535 10119836 
536 10119836 
537 10119836 
538 10119836 
539 10119836 
540 10119836 
541 10119836 
542 10119836 
543 10119836 
544 10119836 
545 10119836 
546 10119836 
547 10119836 
548 10119836 
549 10119836 
550 10119836 
551 10119836 
552 10119836 
553 10119836 
554 10119836 
555 10119836 
556 10119836 
557 10119836 
558 10119836 
559 10119836 
560 10119836 
561 10119836 
562 10119836 
563 10119836 
564 10119836 
565 10119836 
566 10119836 
567 10119836 
568 10119836 
569 10119836 
570 10119836 
571 10119836 
572 10119836 
573 10119836 
574 10119836 
575 10119836 
576 10119836 
577 10119836 
578 10119836 
579 10119836 
580 10119836 
581 10119836 
582 10119836 
583 10119836 
584 10119836 
585 10119836 
586 10119836 
587 10119836 
588 10119836 
589 10119836 
590 10119836 
591 10119836 
592 10119836 
593 10119836 
594 10119836 
595 10119836 
596 10119836 
597 10119836 
598 10119836 
599 10119836 
600 10119836 
601 10119836 
602 10119836 
603 10119836 
604 10119836 
605 10119836 
606 10119836 
607 10119836 
608 10119836 
609 10119836 
610 10119836 
611 10119836 
612 10119836 
613 10119836 
614 10119836 
615 10119836 
616 10119836 
617 10119836 
618 10119836 
619 10119836 
620 10119836 
621 10119836 
622 10119836 
623 10119836 
624 10119836 
625 10119836 
626 10119836 
627 10119836 
628 10119836 
629 10119836 
630 10119836 
631 10119836 
632 10119836 
633 10119836 
634 10119836 
635 10119836 
636 10119836 
637 10119836 
638 10119836 
639 10119836 
640 10119836 
641 10119836 
642 10119836 
643 10119836 
644 10119836 
645 10119836 
646 10119836 
647 10119836 
648 10119836 
649 10119836 
650 10119836 
651 10119836 
652 10119836 
653 10119836 
654 10119836 
655 10119836 
656 10119836 
657 10119836 
658 10119836 
659 10119836 
660 10119836 
661 10119836 
662 10119836 
663 10119836 
664 10119836 
665 10119836 
666 10119836 
667 10119836 
668 10119836 
669 10119836 
670 10119836 
671 10119836 
672 10119836 
673 10119836 
674 10119836 
675 10119836 
676 10119836 
677 10119836 
678 10119836 
679 10119836 
680 10119836 
681 10119836 
682 10119836 
683 10119836 
684 10119836 
685 10119836 
686 10119836 
687 10119836 
688 10119836 
689 10119836 
690 10119836 
691 10119836 
692 10119836 
693 10119836 
694 10119836 
695 10119836 
696 10119836 
697 10119836 
698 10119836 
699 10119836 
700 10119836 
701 10119836 
702 10119836 
703 10119836 
704 10119836 
705 10119836 
706 10119836 
707 10119836 
708 10119836 
709 10119836 
710 10119836 
711 10119836 
712 10119836 
713 10119836 
714 10119836 
715 10119836 
716 10119836 
717 10119836 
718 10119836 
719 10119836 
720 10119836 
721 10119836 
722 10119836 
723 10119836 
724 10119836 
725 10119836 
726 10119836 
727 10119836 
728 10119836 
729 10119836 
730 10119836 
731 10119836 
732 10119836 
733 10119836 
734 10119836 
735 10119836 
736 10119836 
737 10119836 
738 10119836 
739 10119836 
740 10119836 
741 10119836 
742 10119836 
743 10119836 
744 10119836 
745 10119836 
746 10119836 
747 10119836 
748 10119836 
749 10119836 
750 10119836 
751 10119836 
752 10119836 
753 10119836 
754 10119836 
755 10119836 
756 10119836 
757 10119836 
758 10119836 
759 10119836 
760 10119836 
761 10119836 
762 10119836 
763 10119836 
764 10119836 
765 10119836 
766 10119836 
767 10119836 
768 10119836 
769 10119836 
770 10119836 
771 10119836 
772 10119836 
773 10119836 
774 10119836 
775 10119836 
776 10119836 
777 10119836 
778 10119836 
779 10119836 
780 10119836 
781 10119836 
782 10119836 
783 10119836 
784 10119836 
785 10119836 
786 10119836 
787 10119836 
788 10119836 
789 10119836 
790 10119836 
791 10119836 
792 10119836 
793 10119836 
794 10119836 
795 10119836 
796 10119836 
797 10119836 
798 10119836 
799 10119836 
800 10119836 
801 10119836 
802 10119836 
803 10119836 
804 10119836 
805 10119836 
806 10119836 
807 10119836 
808 10119836 
809 10119836 
810 10119836 
811 10119836 
812 10119836 
813 10119836 
814 10119836 
815 10119836 
816 10119836 
817 10119836 
818 10119836 
819 10119836 
820 10119836 
821 10119836 
822 10119836 
823 10119836 
824 10119836 
825 10119836 
826 10119836 
827 10119836 
828 10119836 
829 10119836 
830 10119836 
831 10119836 
832 10119836 
833 10119836 
834 10119836 
835 10119836 
836 10119836 
837 10119836 
838 10119836 
839 10119836 
840 10119836 
841 10119836 
842 10119836 
843 10119836 
844 10119836 
845 10119836 
846 10119836 
847 10119836 
848 10119836 
849 10119836 
850 10119836 
851 10119836 
852 10119836 
853 10119836 
854 10119836 
855 10119836 
856 10119836 
857 10119836 
858 10119836 
859 10119836 
860 10119836 
861 10119836 
862 10119836 
863 10119836 
864 10119836 
865 10119836 
866 10119836 
867 10119836 
868 10119836 
869 10119836 
870 10119836 
871 10119836 
872 10119836 
873 10119836 
874 10119836 
875 10119836 
876 10119836 
877 10119836 
878 10119836 
879 10119836 
880 10119836 
881 10119836 
882 10119836 
883 10119836 
884 10119836 
885 10119836 
886 10119836 
887 10119836 
888 10119836 
889 10119836 
890 10119836 
891 10119836 
892 10119836 
893 10119836 
894 10119836 
895 10119836 
896 10119836 
897 10119836 
898 10119836 
899 10119836 
900 10119836 
901 10119836 
902 10119836 
903 10119836 
904 10119836 
905 10119836 
906 10119836 
907 10119836 
908 10119836 
909 10119836 
910 10119836 
911 10119836 
912 10119836 
913 10119836 
914 10119836 
915 10119836 
916 10119836 
917 10119836 
918 10119836 
919 10119836 
920 10119836 
921 10119836 
922 10119836 
923 10119836 
924 10119836 
925 10119836 
926 10119836 
927 10119836 
928 10119836 
929 10119836 
930 10119836 
931 10119836 
932 10119836 
933 10119836 
934 10119836 
935 10119836 
936 10119836 
937 10119836 
938 10119836 
939 10119836 
940 10119836 
941 10119836 
942 10119836 
943 10119836 
944 10119836 
945 10119836 
946 10119836 
947 10119836 
948 10119836 
949 10119836 
950 10119836 
951 10119836 
952 10119836 
953 10119836 
954 10119836 
955 10119836 
956 10119836 
957 10119836 
958 10119836 
959 10119836 
960 10119836 
961 10119836 
962 10119836 
963 10119836 
964 10119836 
965 10119836 
966 10119836 
967 10119836 
968 10119836 
969 10119836 
970 10119836 
971 10119836 
972 10119836 
973 10119836 
974 10119836 
975 10119836 
976 10119836 
977 10119836 
978 10119836 
979 10119836 
980 10119836 
981 10119836 
982 10119836 
983 10119836 
984 10119836 
985 10119836 
986 10119836 
987 10119836 
988 10119836 
989 10119836 
990 10119836 
991 10119836 
992 10119836 
993 10119836 
994 10119836 
995 10119836 
996 10119836 
997 10119836 
998 10119836 
999 10119836 
1000 10119836 
1001 10119836 
1002 10119836 
1003 10119836 
1004 10119836 
1005 10119836 
1006 10119836 
1007 10119836 
1008 10119836 
1009 10119836 
1010 10119836 
1011 10119836 
1012 10119836 
1013 10119836 
1014 10119836 
1015 10119836 
1016 10119836 
1017 10119836 
1018 10119836 
1019 10119836 
1020 10119836 
1021 10119836 
1022 10119836 
1023 10119836 
1024 10119836 
1025 10119836 
1026 10119836 
1027 10119836 
1028 10119836 
1029 10119836 
1030 10119836 
1031 10119836 
1032 10119836 
1033 10119836 
1034 10119836 
1035 10119836 
1036 10119836 
1037 10119836 
1038 10119836 
1039 10119836 
1040 10119836 
1041 10119836 
1042 10119836 
1043 10119836 
1044 10119836 
1045 10119836 
1046 10119836 
1047 10119836 
1048 10119836 
1049 10119836 
1050 10119836 
1051 10119836 
1052 10119836 
1053 10119836 
1054 10119836 
1055 10119836 
1056 10119836 
1057 10119836 
1058 10119836 
1059 10119836 
1060 10119836 
1061 10119836 
1062 10119836 
1063 10119836 
1064 10119836 
1065 10119836 
1066 10119836 
1067 10119836 
1068 10119836 
1069 10119836 
1070 10119836 
1071 10119836 
1072 10119836 
1073 10119836 
1074 10119836 
1075 10119836 
1076 10119836 
1077 10119836 
1078 10119836 
1079 10119836 
1080 10119836 
1081 10119836 
1082 10119836 
1083 10119836 
1084 10119836 
1085 10119836 
1086 10119836 
1087 10119836 
1088 10119836 
1089 10119836 
1090 10119836 
1091 10119836 
1092 10119836 
1093 10119836 
1094 10119836 
1095 10119836 
1096 10119836 
1097 10119836 
1098 10119836 
1099 10119836 
1100 10119836 
1101 10119836 
1102 10119836 
1103 10119836 
1104 10119836 
1105 10119836 
1106 10119836 
1107 10119836 
1108 10119836 
1109 10119836 
1110 10119836 
1111 10119836 
1112 10119836 
1113 10119836 
1114 10119836 
1115 10119836 
1116 10119836 
1117 10119836 
1118 10119836 
1119 10119836 
1120 10119836 
1121 10119836 
1122 10119836 
1123 10119836 
1124 10119836 
1125 10119836 
1126 10119836 
1127 10119836 
1128 10119836 
1129 10119836 
1130 10119836 
1131 10119836 
1132 10119836 
1133 10119836 
1134 10119836 
1135 10119836 
1136 10119836 
1137 10119836 
1138 10119836 
1139 10119836 
1140 10119836 
1141 10119836 
1142 10119836 
1143 10119836 
1144 10119836 
1145 10119836 
1146 10119836 
1147 10119836 
1148 10119836 
1149 10119836 
1150 10119836 
1151 10119836 
1152 10119836 
1153 10119836 
1154 10119836 
1155 10119836 
1156 10119836 
1157 10119836 
1158 10119836 
1159 10119836 
1160 10119836 
1161 10119836 
1162 10119836 
1163 10119836 
1164 10119836 
1165 10119836 
1166 10119836 
1167 10119836 
1168 10119836 
1169 10119836 
1170 10119836 
1171 10119836 
1172 10119836 
1173 10119836 
1174 10119836 
1175 10119836 
1176 10119836 
1177 10119836 
1178 10119836 
1179 10119836 
1180 10119836 
1181 10119836 
1182 10119836 
1183 10119836 
1184 10119836 
1185 10119836 
1186 10119836 
1187 10119836 
1188 10119836 
1189 10119836 
1190 10119836 
1191 10119836 
1192 10119836 
1193 10119836 
1194 10119836 
1195 10119836 
1196 10119836 
1197 10119836 
1198 10119836 
1199 10119836 
1200 10119836 
1201 10119836 
1202 10119836 
1203 10119836 
1204 10119836 
1205 10119836 
1206 10119836 
1207 10119836 
1208 10119836 
1209 10119836 
1210 10119836 
1211 10119836 
1212 10119836 
1213 10119836 
1214 10119836 
1215 10119836 
1216 10119836 
1217 10119836 
1218 10119836 
1219 10119836 
1220 10119836 
1221 10119836 
1222 10119836 
1223 10119836 
1224 10119836 
1225 10119836 
1226 10119836 
1227 10119836 
1228 10119836 
1229 10119836 
1230 10119836 
1231 10119836 
1232 10119836 
1233 10119836 
1234 10119836 
1235 10119836 
1236 10119836 
1237 10119836 
1238 10119836 
1239 10119836 
1240 10119836 
1241 10119836 
1242 10119836 
1243 10119836 
1244 10119836 
1245 10119836 
1246 10119836 
1247 10119836 
1248 10119836 
1249 10119836 
1250 10119836 
1251 10119836 
1252 10119836 
1253 10119836 
1254 10119836 
1255 10119836 
1256 10119836 
1257 10119836 
1258 10119836 
1259 10119836 
1260 10119836 
1261 10119836 
1262 10119836 
1263 10119836 
1264 10119836 
1265 10119836 
1266 10119836 
1267 10119836 
1268 10119836 
1269 10119836 
1270 10119836 
1271 10119836 
1272 10119836 
1273 10119836 
1274 10119836 
1275 10119836 
1276 10119836 
1277 10119836 
1278 10119836 
1279 10119836 
1280 10119836 
1281 10119836 
1282 10119836 
1283 10119836 
1284 10119836 
1285 10119836 
1286 10119836 
1287 10119836 
1288 10119836 
1289 10119836 
1290 10119836 
1291 10119836 
1292 10119836 
1293 10119836 
1294 10119836 
1295 10119836 
1296 10119836 
1297 10119836 
1298 10119836 
1299 10119836 
1300 10119836 
1301 10119836 
1302 10119836 
1303 10119836 
1304 10119836 
1305 10119836 
1306 10119836 
1307 10119836 
1308 10119836 
1309 10119836 
1310 10119836 
1311 10119836 
1312 10119836 
1313 10119836 
1314 10119836 
1315 10119836 
1316 10119836 
1317 10119836 
1318 10119836 
1319 10119836 
1320 10119836 
1321 10119836 
1322 10119836 
1323 10119836 
1324 10119836 
1325 10119836 
1326 10119836 
1327 10119836 
1328 10119836 
1329 10119836 
1330 10119836 
1331 10119836 
1332 10119836 
1333 10119836 
1334 10119836 
1335 10119836 
1336 10119836 
1337 10119836 
1338 10119836 
1339 10119836 
1340 10119836 
1341 10119836 
1342 10119836 
1343 10119836 
1344 10119836 
1345 10119836 
1346 10119836 
1347 10119836 
1348 10119836 
1349 10119836 
1350 10119836 
1351 10119836 
1352 10119836 
1353 10119836 
1354 10119836 
1355 10119836 
1356 10119836 
1357 10119836 
1358 10119836 
1359 10119836 
1360 10119836 
1361 10119836 
1362 10119836 
1363 10119836 
1364 10119836 
1365 10119836 
1366 10119836 
1367 10119836 
1368 10119836 
1369 10119836 
1370 10119836 
1371 10119836 
1372 10119836 
1373 10119836 
1374 10119836 
1375 10119836 
1376 10119836 
1377 10119836 
1378 10119836 
1379 10119836 
1380 10119836 
1381 10119836 
1382 10119836 
1383 10119836 
1384 10119836 
1385 10119836 
1386 10119836 
1387 10119836 
1388 10119836 
1389 10119836 
1390 10119836 
1391 10119836 
1392 10119836 
1393 10119836 
1394 10119836 
1395 10119836 
1396 10119836 
1397 10119836 
1398 10119836 
1399 10119836 
1400 10119836 
1401 10119836 
1402 10119836 
1403 10119836 
1404 10119836 
1405 10119836 
1406 10119836 
1407 10119836 
1408 10119836 
1409 10119836 
1410 10119836 
1411 10119836 
1412 10119836 
1413 10119836 
1414 10119836 
1415 10119836 
1416 10119836 
1417 10119836 
1418 10119836 
1419 10119836 
1420 10119836 
1421 10119836 
1422 10119836 
1423 10119836 
1424 10119836 
1425 10119836 
1426 10119836 
1427 10119836 
1428 10119836 
1429 10119836 
1430 10119836 
1431 10119836 
1432 10119836 
1433 10119836 
1434 10119836 
1435 10119836 
1436 10119836 
1437 10119836 
1438 10119836 
1439 10119836 
1440 10119836 
1441 10119836 
1442 10119836 
1443 10119836 
1444 10119836 
1445 10119836 
1446 10119836 
1447 10119836 
1448 10119836 
1449 10119836 
1450 10119836 
1451 10119836 
1452 10119836 
1453 10119836 
1454 10119836 
1455 10119836 
1456 10119836 
1457 10119836 
1458 10119836 
1459 10119836 
1460 10119836 
1461 10119836 
1462 10119836 
1463 10119836 
1464 10119836 
1465 10119836 
1466 10119836 
1467 10119836 
1468 10119836 
1469 10119836 
1470 10119836 
1471 10119836 
1472 10119836 
1473 10119836 
1474 10119836 
1475 10119836 
1476 10119836 
1477 10119836 
1478 10119836 
1479 10119836 
1480 10119836 
1481 10119836 
1482 10119836 
1483 10119836 
1484 10119836 
1485 10119836 
1486 10119836 
1487 10119836 
1488 10119836 
1489 10119836 
1490 10119836 
1491 10119836 
1492 10119836 
1493 10119836 
1494 10119836 
1495 10119836 
1496 10119836 
1497 10119836 
1498 10119836 
1499 10119836 
1500 10119836 
1501 10119836 
1502 10119836 
1503 10119836 
1504 10119836 
1505 10119836 
1506 10119836 
1507 10119836 
1508 10119836 
1509 10119836 
1510 10119836 
1511 10119836 
1512 10119836 
1513 10119836 
1514 10119836 
1515 10119836 
1516 10119836 
1517 10119836 
1518 10119836 
1519 10119836 
1520 10119836 
1521 10119836 
1522 10119836 
1523 10119836 
1524 10119836 
1525 10119836 
1526 10119836 
1527 10119836 
1528 10119836 
1529 10119836 
1530 10119836 
1531 10119836 
1532 10119836 
1533 10119836 
1534 10119836 
1535 10119836 
1536 10119836 
1537 10119836 
1538 10119836 
1539 10119836 
1540 10119836 
1541 10119836 
1542 10119836 
1543 10119836 
1544 10119836 
1545 10119836 
1546 10119836 
1547 10119836 
1548 10119836 
1549 10119836 
1550 10119836 
1551 10119836 
1552 10119836 
1553 10119836 
1554 10119836 
1555 10119836 
1556 10119836 
1557 10119836 
1558 10119836 
1559 10119836 
1560 10119836 
1561 10119836 
1562 10119836 
1563 10119836 
1564 10119836 
1565 10119836 
1566 10119836 
1567 10119836 
1568 10119836 
1569 10119836 
1570 10119836 
1571 10119836 
1572 10119836 
1573 10119836 
1574 10119836 
1575 10119836 
1576 10119836 
1577 10119836 
1578 10119836 
1579 10119836 
1580 10119836 
1581 10119836 
1582 10119836 
1583 10119836 
1584 10119836 
1585 10119836 
1586 10119836 
1587 10119836 
1588 10119836 
1589 10119836 
1590 10119836 
1591 10119836 
1592 10119836 
1593 10119836 
1594 10119836 
1595 10119836 
1596 10119836 
1597 10119836 
1598 10119836 
1599 10119836 
1600 10119836 
1601 10119836 
1602 10119836 
1603 10119836 
1604 10119836 
1605 10119836 
1606 10119836 
1607 10119836 
1608 10119836 
1609 10119836 
1610 10119836 
1611 10119836 
1612 10119836 
1613 10119836 
1614 10119836 
1615 10119836 
1616 10119836 
1617 10119836 
1618 10119836 
1619 10119836 
1620 10119836 
1621 10119836 
1622 10119836 
1623 10119836 
1624 10119836 
1625 10119836 
1626 10119836 
1627 10119836 
1628 10119836 
1629 10119836 
1630 10119836 
1631 10119836 
1632 10119836 
1633 10119836 
1634 10119836 
1635 10119836 
1636 10119836 
1637 10119836 
1638 10119836 
1639 10119836 
1640 10119836 
1641 10119836 
1642 10119836 
1643 10119836 
1644 10119836 
1645 10119836 
1646 10119836 
1647 10119836 
1648 10119836 
1649 10119836 
1650 10119836 
1651 10119836 
1652 10119836 
1653 10119836 
1654 10119836 
1655 10119836 
1656 10119836 
1657 10119836 
1658 10119836 
1659 10119836 
1660 10119836 
1661 10119836 
1662 10119836 
1663 10119836 
1664 10119836 
1665 10119836 
1666 10119836 
1667 10119836 
1668 10119836 
1669 10119836 
1670 10119836 
1671 10119836 
1672 10119836 
1673 10119836 
1674 10119836 
1675 10119836 
1676 10119836 
1677 10119836 
1678 10119836 
1679 10119836 
1680 10119836 
1681 10119836 
1682 10119836 
1683 10119836 
1684 10119836 
1685 10119836 
1686 10119836 
1687 10119836 
1688 10119836 
1689 10119836 
1690 10119836 
1691 10119836 
1692 10119836 
1693 10119836 
1694 10119836 
1695 10119836 
1696 10119836 
1697 10119836 
1698 10119836 
1699 10119836 
1700 10119836 
1701 10119836 
1702 10119836 
1703 10119836 
1704 10119836 
1705 10119836 
1706 10119836 
1707 10119836 
1708 10119836 
1709 10119836 
1710 10119836 
1711 10119836 
1712 10119836 
1713 10119836 
1714 10119836 
1715 10119836 
1716 10119836 
1717 10119836 
1718 10119836 
1719 10119836 
1720 10119836 
1721 10119836 
1722 10119836 
1723 10119836 
1724 10119836 
1725 10119836 
1726 10119836 
1727 10119836 
1728 10119836 
1729 10119836 
1730 10119836 
1731 10119836 
1732 10119836 
1733 10119836 
1734 10119836 
1735 10119836 
1736 10119836 
1737 10119836 
1738 10119836 
1739 10119836 
1740 10119836 
1741 10119836 
1742 10119836 
1743 10119836 
1744 10119836 
1745 10119836 
1746 10119836 
1747 10119836 
1748 10119836 
1749 10119836 
1750 10119836 
1751 10119836 
1752 10119836 
1753 10119836 
1754 10119836 
1755 10119836 
1756 10119836 
1757 10119836 
1758 10119836 
1759 10119836 
1760 10119836 
1761 10119836 
1762 10119836 
1763 10119836 
1764 10119836 
1765 10119836 
1766 10119836 
1767 10119836 
1768 10119836 
1769 10119836 
1770 10119836 
1771 10119836 
1772 10119836 
1773 10119836 
1774 10119836 
1775 10119836 
1776 10119836 
1777 10119836 
1778 10119836 
1779 10119836 
1780 10119836 
1781 10119836 
1782 10119836 
1783 10119836 
1784 10119836 
1785 10119836 
1786 10119836 
1787 10119836 
1788 10119836 
1789 10119836 
1790 10119836 
1791 10119836 
1792 10119836 
1793 10119836 
1794 10119836 
1795 10119836 
1796 10119836 
1797 10119836 
1798 10119836 
1799 10119836 
1800 10119836 
1801 10119836 
1802 10119836 
1803 10119836 
1804 10119836 
1805 10119836 
1806 10119836 
1807 10119836 
1808 10119836 
1809 10119836 
1810 10119836 
1811 10119836 
1812 10119836 
1813 10119836 
1814 10119836 
1815 10119836 
1816 10119836 
1817 10119836 
1818 10119836 
1819 10119836 
1820 10119836 
1821 10119836 
1822 10119836 
1823 10119836 
1824 10119836 
1825 10119836 
1826 10119836 
1827 10119836 
1828 10119836 
1829 10119836 
1830 10119836 
1831 10119836 
1832 10119836 
1833 10119836 
1834 10119836 
1835 10119836 
1836 10119836 
1837 10119836 
1838 10119836 
1839 10119836 
1840 10119836 
1841 10119836 
1842 10119836 
1843 10119836 
1844 10119836 
1845 10119836 
1846 10119836 
1847 10119836 
1848 10119836 
1849 10119836 
1850 10119836 
1851 10119836 
1852 10119836 
1853 10119836 
1854 10119836 
1855 10119836 
1856 10119836 
1857 10119836 
1858 10119836 
1859 10119836 
1860 10119836 
1861 10119836 
1862 10119836 
1863 10119836 
1864 10119836 
1865 10119836 
1866 10119836 
1867 10119836 
1868 10119836 
1869 10119836 
1870 10119836 
1871 10119836 
1872 10119836 
1873 10119836 
1874 10119836 
1875 10119836 
1876 10119836 
1877 10119836 
1878 10119836 
1879 10119836 
1880 10119836 
1881 10119836 
1882 10119836 
1883 10119836 
1884 10119836 
1885 10119836 
1886 10119836 
1887 10119836 
1888 10119836 
1889 10119836 
1890 10119836 
1891 10119836 
1892 10119836 
1893 10119836 
1894 10119836 
1895 10119836 
1896 10119836 
1897 10119836 
1898 10119836 
1899 10119836 
1900 10119836 
1901 10119836 
1902 10119836 
1903 10119836 
1904 10119836 
1905 10119836 
1906 10119836 
1907 10119836 
1908 10119836 
1909 10119836 
1910 10119836 
1911 10119836 
1912 10119836 
1913 10119836 
1914 10119836 
1915 10119836 
1916 10119836 
1917 10119836 
1918 10119836 
1919 10119836 
1920 10119836 
1921 10119836 
1922 10119836 
1923 10119836 
1924 10119836 
1925 10119836 
1926 10119836 
1927 10119836 
1928 10119836 
1929 10119836 
1930 10119836 
1931 10119836 
1932 10119836 
1933 10119836 
1934 10119836 
1935 10119836 
1936 10119836 
1937 10119836 
1938 10119836 
1939 10119836 
1940 10119836 
1941 10119836 
1942 10119836 
1943 10119836 
1944 10119836 
1945 10119836 
1946 10119836 
1947 10119836 
1948 10119836 
1949 10119836 
1950 10119836 
1951 10119836 
1952 10119836 
1953 10119836 
1954 10119836 
1955 10119836 
1956 10119836 
1957 10119836 
1958 10119836 
1959 10119836 
1960 10119836 
1961 10119836 
1962 10119836 
1963 10119836 
1964 10119836 
1965 10119836 
1966 10119836 
1967 10119836 
1968 10119836 
1969 10119836 
1970 10119836 
1971 10119836 
1972 10119836 
1973 10119836 
1974 10119836 
1975 10119836 
1976 10119836 
1977 10119836 
1978 10119836 
1979 10119836 
1980 10119836 
1981 10119836 
1982 10119836 
1983 10119836 
1984 10119836 
1985 10119836 
1986 10119836 
1987 10119836 
1988 10119836 
1989 10119836 
1990 10119836 
1991 10119836 
1992 10119836 
1993 10119836 
1994 10119836 
1995 10119836 
1996 10119836 
1997 10119836 
1998 10119836 
1999 10119836 
2000 10119836 
2001 10119836 
2002 10119836 
2003 10119836 
2004 10119836 
2005 10119836 
2006 10119836 
2007 10119836 
2008 10119836 
2009 10119836 
2010 10119836 
2011 10119836 
2012 10119836 
2013 10119836 
2014 10119836 
2015 10119836 
2016 10119836 
2017 10119836 
2018 10119836 
2019 10119836 
2020 10119836 
2021 10119836 
2022 10119836 
2023 10119836 
2024 10119836 
2025 10119836 
2026 10119836 
2027 10119836 
2028 10119836 
2029 10119836 
2030 10119836 
2031 10119836 
2032 10119836 
2033 10119836 
2034 10119836 
2035 10119836 
2036 10119836 
2037 10119836 
2038 10119836 
2039 10119836 
2040 10119836 
2041 10119836 
2042 10119836 
2043 10119836 
2044 10119836 
2045 10119836 
2046 10119836 
2047 10119836 
2048 10119836 
2049 10119836 
2050 10119836 
2051 10119836 
2052 10119836 
2053 10119836 
2054 10119836 
2055 10119836 
2056 10119836 
2057 10119836 
2058 10119836 
2059 10119836 
2060 10119836 
2061 10119836 
2062 10119836 
2063 10119836 
2064 10119836 
2065 10119836 
2066 10119836 
2067 10119836 
2068 10119836 
2069 10119836 
2070 10119836 
2071 10119836 
2072 10119836 
2073 10119836 
2074 10119836 
2075 10119836 
2076 10119836 
2077 10119836 
2078 10119836 
2079 10119836 
2080 10119836 
2081 10119836 
2082 10119836 
2083 10119836 
2084 10119836 
2085 10119836 
2086 10119836 
2087 10119836 
2088 10119836 
2089 10119836 
2090 10119836 
2091 10119836 
2092 10119836 
2093 10119836 
2094 10119836 
2095 10119836 
2096 10119836 
2097 10119836 
2098 10119836 
2099 10119836 
2100 10119836 
2101 10119836 
2102 10119836 
2103 10119836 
2104 10119836 
2105 10119836 
2106 10119836 
2107 10119836 
2108 10119836 
2109 10119836 
2110 10119836 
2111 10119836 
2112 10119836 
2113 10119836 
2114 10119836 
2115 10119836 
2116 10119836 
2117 10119836 
2118 10119836 
2119 10119836 
2120 10119836 
2121 10119836 
2122 10119836 
2123 10119836 
2124 10119836 
2125 10119836 
2126 10119836 
2127 10119836 
2128 10119836 
2129 10119836 
2130 10119836 
2131 10119836 
2132 10119836 
2133 10119836 
2134 10119836 
2135 10119836 
2136 10119836 
2137 10119836 
2138 10119836 
2139 10119836 
2140 10119836 
2141 10119836 
2142 10119836 
2143 10119836 
2144 10119836 
2145 10119836 
2146 10119836 
2147 10119836 
2148 10119836 
2149 10119836 
2150 10119836 
2151 10119836 
2152 10119836 
2153 10119836 
2154 10119836 
2155 10119836 
2156 10119836 
2157 10119836 
2158 10119836 
2159 10119836 
2160 10119836 
2161 10119836 
2162 10119836 
2163 10119836 
2164 10119836 
2165 10119836 
2166 10119836 
2167 10119836 
2168 10119836 
2169 10119836 
2170 10119836 
2171 10119836 
2172 10119836 
2173 10119836 
2174 10119836 
2175 10119836 
2176 10119836 
2177 10119836 
2178 10119836 
2179 10119836 
2180 10119836 
2181 10119836 
2182 10119836 
2183 10119836 
2184 10119836 
2185 10119836 
2186 10119836 
2187 10119836 
2188 10119836 
2189 10119836 
2190 10119836 
2191 10119836 
2192 10119836 
2193 10119836 
2194 10119836 
2195 10119836 
2196 10119836 
2197 10119836 
2198 10119836 
2199 10119836 
2200 10119836 
2201 10119836 
2202 10119836 
2203 10119836 
2204 10119836 
2205 10119836 
2206 10119836 
2207 10119836 
2208 10119836 
2209 10119836 
2210 10119836 
2211 10119836 
2212 10119836 
2213 10119836 
2214 10119836 
2215 10119836 
2216 10119836 
2217 10119836 
2218 10119836 
2219 10119836 
2220 10119836 
2221 10119836 
2222 10119836 
2223 10119836 
2224 10119836 
2225 10119836 
2226 10119836 
2227 10119836 
2228 10119836 
2229 10119836 
2230 10119836 
2231 10119836 
2232 10119836 
2233 10119836 
2234 10119836 
2235 10119836 
2236 10119836 
2237 10119836 
2238 10119836 
2239 10119836 
2240 10119836 
2241 10119836 
2242 10119836 
2243 10119836 
2244 10119836 
2245 10119836 
2246 10119836 
2247 10119836 
2248 10119836 
2249 10119836 
2250 10119836 
2251 10119836 
2252 10119836 
2253 10119836 
2254 10119836 
2255 10119836 
2256 10119836 
2257 10119836 
2258 10119836 
2259 10119836 
2260 10119836 
2261 10119836 
2262 10119836 
2263 10119836 
2264 10119836 
2265 10119836 
2266 10119836 
2267 10119836 
2268 10119836 
2269 10119836 
2270 10119836 
2271 10119836 
2272 10119836 
2273 10119836 
2274 10119836 
2275 10119836 
2276 10119836 
2277 10119836 
2278 10119836 
2279 10119836 
2280 10119836 
2281 10119836 
2282 10119836 
2283 10119836 
2284 10119836 
2285 10119836 
2286 10119836 
2287 10119836 
2288 10119836 
2289 10119836 
2290 10119836 
2291 10119836 
2292 10119836 
2293 10119836 
2294 10119836 
2295 10119836 
2296 10119836 
2297 10119836 
2298 10119836 
2299 10119836 
2300 10119836 
2301 10119836 
2302 10119836 
2303 10119836 
2304 10119836 
2305 10119836 
2306 10119836 
2307 10119836 
2308 10119836 
2309 10119836 
2310 10119836 
2311 10119836 
2312 10119836 
2313 10119836 
2314 10119836 
2315 10119836 
2316 10119836 
2317 10119836 
2318 10119836 
2319 10119836 
2320 10119836 
2321 10119836 
2322 10119836 
2323 10119836 
2324 10119836 
2325 10119836 
2326 10119836 
2327 10119836 
2328 10119836 
2329 10119836 
2330 10119836 
2331 10119836 
2332 10119836 
2333 10119836 
2334 10119836 
2335 10119836 
2336 10119836 
2337 10119836 
2338 10119836 
2339 10119836 
2340 10119836 
2341 10119836 
2342 10119836 
2343 10119836 
2344 10119836 
2345 10119836 
2346 10119836 
2347 10119836 
2348 10119836 
2349 10119836 
2350 10119836 
2351 10119836 
2352 10119836 
2353 10119836 
2354 10119836 
2355 10119836 
2356 10119836 
2357 10119836 
2358 10119836 
2359 10119836 
2360 10119836 
2361 10119836 
2362 10119836 
2363 10119836 
2364 10119836 
2365 10119836 
2366 10119836 
2367 10119836 
2368 10119836 
2369 10119836 
2370 10119836 
2371 10119836 
2372 10119836 
2373 10119836 
2374 10119836 
2375 10119836 
2376 10119836 
2377 10119836 
2378 10119836 
2379 10119836 
2380 10119836 
2381 10119836 
2382 10119836 
2383 10119836 
2384 10119836 
2385 10119836 
2386 10119836 
2387 10119836 
2388 10119836 
2389 10119836 
2390 10119836 
2391 10119836 
2392 10119836 
2393 10119836 
2394 10119836 
2395 10119836 
2396 10119836 
2397 10119836 
2398 10119836 
2399 10119836 
2400 10119836 
2401 10119836 
2402 10119836 
2403 10119836 
2404 10119836 
2405 10119836 
2406 10119836 
2407 10119836 
2408 10119836 
2409 10119836 
2410 10119836 
2411 10119836 
2412 10119836 
2413 10119836 
2414 10119836 
2415 10119836 
2416 10119836 
2417 10119836 
2418 10119836 
2419 10119836 
2420 10119836 
2421 10119836 
2422 10119836 
2423 10119836 
2424 10119836 
2425 10119836 
2426 10119836 
2427 10119836 
2428 10119836 
2429 10119836 
2430 10119836 
2431 10119836 
2432 10119836 
2433 10119836 
2434 10119836 
2435 10119836 
2436 10119836 
2437 10119836 
2438 10119836 
2439 10119836 
2440 10119836 
2441 10119836 
2442 10119836 
2443 10119836 
2444 10119836 
2445 10119836 
2446 10119836 
2447 10119836 
2448 10119836 
2449 10119836 
2450 10119836 
2451 10119836 
2452 10119836 
2453 10119836 
2454 10119836 
2455 10119836 
2456 10119836 
2457 10119836 
2458 10119836 
2459 10119836 
2460 10119836 
2461 10119836 
2462 10119836 
2463 10119836 
2464 10119836 
2465 10119836 
2466 10119836 
2467 10119836 
2468 10119836 
2469 10119836 
2470 10119836 
2471 10119836 
2472 10119836 
2473 10119836 
2474 10119836 
2475 10119836 
2476 10119836 
2477 10119836 
2478 10119836 
2479 10119836 
2480 10119836 
2481 10119836 
2482 10119836 
2483 10119836 
2484 10119836 
2485 10119836 
2486 10119836 
2487 10119836 
2488 10119836 
2489 10119836 
2490 10119836 
2491 10119836 
2492 10119836 
2493 10119836 
2494 10119836 
2495 10119836 
2496 10119836 
2497 10119836 
2498 10119836 
2499 10119836 
2500 10119836 
2501 10119836 
2502 10119836 
2503 10119836 
2504 10119836 
2505 10119836 
2506 10119836 
2507 10119836 
2508 10119836 
2509 10119836 
2510 10119836 
2511 10119836 
2512 10119836 
2513 10119836 
2514 10119836 
2515 10119836 
2516 10119836 
2517 10119836 
2518 10119836 
2519 10119836 
2520 10119836 
2521 10119836 
2522 10119836 
2523 10119836 
2524 10119836 
2525 10119836 
2526 10119836 
2527 10119836 
2528 10119836 
2529 10119836 
2530 10119836 
2531 10119836 
2532 10119836 
2533 10119836 
2534 10119836 
2535 10119836 
2536 10119836 
2537 10119836 
2538 10119836 
2539 10119836 
2540 10119836 
2541 10119836 
2542 10119836 
2543 10119836 
2544 10119836 
2545 10119836 
2546 10119836 
2547 10119836 
2548 10119836 
2549 10119836 
2550 10119836 
2551 10119836 
2552 10119836 
2553 10119836 
2554 10119836 
2555 10119836 
2556 10119836 
2557 10119836 
2558 10119836 
2559 10119836 
2560 10119836 
2561 10119836 
2562 10119836 
2563 10119836 
2564 10119836 
2565 10119836 
2566 10119836 
2567 10119836 
2568 10119836 
2569 10119836 
2570 10119836 
2571 10119836 
2572 10119836 
2573 10119836 
2574 10119836 
2575 10119836 
2576 10119836 
2577 10119836 
2578 10119836 
2579 10119836 
2580 10119836 
2581 10119836 
2582 10119836 
2583 10119836 
2584 10119836 
2585 10119836 
2586 10119836 
2587 10119836 
2588 10119836 
2589 10119836 
2590 10119836 
2591 10119836 
2592 10119836 
2593 10119836 
2594 10119836 
2595 10119836 
2596 10119836 
2597 10119836 
2598 10119836 
2599 10119836 
2600 10119836 
2601 10119836 
2602 10119836 
2603 10119836 
2604 10119836 
2605 10119836 
2606 10119836 
2607 10119836 
2608 10119836 
2609 10119836 
2610 10119836 
2611 10119836 
2612 10119836 
2613 10119836 
2614 10119836 
2615 10119836 
2616 10119836 
2617 10119836 
2618 10119836 
2619 10119836 
2620 10119836 
2621 10119836 
2622 10119836 
2623 10119836 
2624 10119836 
2625 10119836 
2626 10119836 
2627 10119836 
2628 10119836 
2629 10119836 
2630 10119836 
2631 10119836 
2632 10119836 
2633 10119836 
2634 10119836 
2635 10119836 
2636 10119836 
2637 10119836 
2638 10119836 
2639 10119836 
2640 10119836 
2641 10119836 
2642 10119836 
2643 10119836 
2644 10119836 
2645 10119836 
2646 10119836 
2647 10119836 
2648 10119836 
2649 10119836 
2650 10119836 
2651 10119836 
2652 10119836 
2653 10119836 
2654 10119836 
2655 10119836 
2656 10119836 
2657 10119836 
2658 10119836 
2659 10119836 
2660 10119836 
2661 10119836 
2662 10119836 
2663 10119836 
2664 10119836 
2665 10119836 
2666 10119836 
2667 10119836 
2668 10119836 
2669 10119836 
2670 10119836 
2671 10119836 
2672 10119836 
2673 10119836 
2674 10119836 
2675 10119836 
2676 10119836 
2677 10119836 
2678 10119836 
2679 10119836 
2680 10119836 
2681 10119836 
2682 10119836 
2683 10119836 
2684 10119836 
2685 10119836 
2686 10119836 
2687 10119836 
2688 10119836 
2689 10119836 
2690 10119836 
2691 10119836 
2692 10119836 
2693 10119836 
2694 10119836 
2695 10119836 
2696 10119836 
2697 10119836 
2698 10119836 
2699 10119836 
2700 10119836 
2701 10119836 
2702 10119836 
2703 10119836 
2704 10119836 
2705 10119836 
2706 10119836 
2707 10119836 
2708 10119836 
2709 10119836 
2710 10119836 
2711 10119836 
2712 10119836 
2713 10119836 
2714 10119836 
2715 10119836 
2716 10119836 
2717 10119836 
2718 10119836 
2719 10119836 
2720 10119836 
2721 10119836 
2722 10119836 
2723 10119836 
2724 10119836 
2725 10119836 
2726 10119836 
2727 10119836 
2728 10119836 
2729 10119836 
2730 10119836 
2731 10119836 
2732 10119836 
2733 10119836 
2734 10119836 
2735 10119836 
2736 10119836 
2737 10119836 
2738 10119836 
2739 10119836 
2740 10119836 
2741 10119836 
2742 10119836 
2743 10119836 
2744 10119836 
2745 10119836 
2746 10119836 
2747 10119836 
2748 10119836 
2749 10119836 
2750 10119836 
2751 10119836 
2752 10119836 
2753 10119836 
2754 10119836 
2755 10119836 
2756 10119836 
2757 10119836 
2758 10119836 
2759 10119836 
2760 10119836 
2761 10119836 
2762 10119836 
2763 10119836 
2764 10119836 
2765 10119836 
2766 10119836 
2767 10119836 
2768 10119836 
2769 10119836 
2770 10119836 
2771 10119836 
2772 10119836 
2773 10119836 
2774 10119836 
2775 10119836 
2776 10119836 
2777 10119836 
2778 10119836 
2779 10119836 
2780 10119836 
2781 10119836 
2782 10119836 
2783 10119836 
2784 10119836 
2785 10119836 
2786 10119836 
2787 10119836 
2788 10119836 
2789 10119836 
2790 10119836 
2791 10119836 
2792 10119836 
2793 10119836 
2794 10119836 
2795 10119836 
2796 10119836 
2797 10119836 
2798 10119836 
2799 10119836 
2800 10119836 
2801 10119836 
2802 10119836 
2803 10119836 
2804 10119836 
2805 10119836 
2806 10119836 
2807 10119836 
2808 10119836 
2809 10119836 
2810 10119836 
2811 10119836 
2812 10119836 
2813 10119836 
2814 10119836 
2815 10119836 
2816 10119836 
2817 10119836 
2818 10119836 
2819 10119836 
2820 10119836 
2821 10119836 
2822 10119836 
2823 10119836 
2824 10119836 
2825 10119836 
2826 10119836 
2827 10119836 
2828 10119836 
2829 10119836 
2830 10119836 
2831 10119836 
2832 10119836 
2833 10119836 
2834 10119836 
2835 10119836 
2836 10119836 
2837 10119836 
2838 10119836 
2839 10119836 
2840 10119836 
2841 10119836 
2842 10119836 
2843 10119836 
2844 10119836 
2845 10119836 
2846 10119836 
2847 10119836 
2848 10119836 
2849 10119836 
2850 10119836 
2851 10119836 
2852 10119836 
2853 10119836 
2854 10119836 
2855 10119836 
2856 10119836 
2857 10119836 
2858 10119836 
2859 10119836 
2860 10119836 
2861 10119836 
2862 10119836 
2863 10119836 
2864 10119836 
2865 10119836 
2866 10119836 
2867 10119836 
2868 10119836 
2869 10119836 
2870 10119836 
2871 10119836 
2872 10119836 
2873 10119836 
2874 10119836 
2875 10119836 
2876 10119836 
2877 10119836 
2878 10119836 
2879 10119836 
2880 10119836 
2881 10119836 
2882 10119836 
2883 10119836 
2884 10119836 
2885 10119836 
2886 10119836 
2887 10119836 
2888 10119836 
2889 10119836 
2890 10119836 
2891 10119836 
2892 10119836 
2893 10119836 
2894 10119836 
2895 10119836 
2896 10119836 
2897 10119836 
2898 10119836 
2899 10119836 
2900 10119836 
2901 10119836 
2902 10119836 
2903 10119836 
2904 10119836 
2905 10119836 
2906 10119836 
2907 10119836 
2908 10119836 
2909 10119836 
2910 10119836 
2911 10119836 
2912 10119836 
2913 10119836 
2914 10119836 
2915 10119836 
2916 10119836 
2917 10119836 
2918 10119836 
2919 10119836 
2920 10119836 
2921 10119836 
2922 10119836 
2923 10119836 
2924 10119836 
2925 10119836 
2926 10119836 
2927 10119836 
2928 10119836 
2929 10119836 
2930 10119836 
2931 10119836 
2932 10119836 
2933 10119836 
2934 10119836 
2935 10119836 
2936 10119836 
2937 10119836 
2938 10119836 
2939 10119836 
2940 10119836 
2941 10119836 
2942 10119836 
2943 10119836 
2944 10119836 
2945 10119836 
2946 10119836 
2947 10119836 
2948 10119836 
2949 10119836 
2950 10119836 
2951 10119836 
2952 10119836 
2953 10119836 
2954 10119836 
2955 10119836 
2956 10119836 
2957 10119836 
2958 10119836 
2959 10119836 
2960 10119836 
2961 10119836 
2962 10119836 
2963 10119836 
2964 10119836 
2965 10119836 
2966 10119836 
2967 10119836 
2968 10119836 
2969 10119836 
2970 10119836 
2971 10119836 
2972 10119836 
2973 10119836 
2974 10119836 
2975 10119836 
2976 10119836 
2977 10119836 
2978 10119836 
2979 10119836 
2980 10119836 
2981 10119836 
2982 10119836 
2983 10119836 
2984 10119836 
2985 10119836 
2986 10119836 
2987 10119836 
2988 10119836 
2989 10119836 
2990 10119836 
2991 10119836 
2992 10119836 
2993 10119836 
2994 10119836 
2995 10119836 
2996 10119836 
2997 10119836 
2998 10119836 
2999 10119836 
3000 10119836 
3001 10119836 
3002 10119836 
3003 10119836 
3004 10119836 
3005 10119836 
3006 10119836 
3007 10119836 
3008 10119836 
3009 10119836 
3010 10119836 
3011 10119836 
3012 10119836 
3013 10119836 
3014 10119836 
3015 10119836 
3016 10119836 
3017 10119836 
3018 10119836 
3019 10119836 
3020 10119836 
3021 10119836 
3022 10119836 
3023 10119836 
3024 10119836 
3025 10119836 
3026 10119836 
3027 10119836 
3028 10119836 
3029 10119836 
3030 10119836 
3031 10119836 
3032 10119836 
3033 10119836 
3034 10119836 
3035 10119836 
3036 10119836 
3037 10119836 
3038 10119836 
3039 10119836 
3040 10119836 
3041 10119836 
3042 10119836 
3043 10119836 
3044 10119836 
3045 10119836 
3046 10119836 
3047 10119836 
3048 10119836 
3049 10119836 
3050 10119836 
3051 10119836 

