0 4245664 
1 4234573 
2 4226323 
3 4223489 
4 4223333 
5 4214218 
6 4210283 
7 4209632 
8 4209541 
9 4203746 
10 4201322 
11 4201296 
12 4201289 
13 4201092 
14 4201086 
15 4200033 
16 4200007 
17 4200000 
18 4199415 
19 4194823 
20 4194782 
21 4193383 
22 4193318 
23 4191540 
24 4190758 
25 4190693 
26 4187235 
27 4187003 
28 4186120 
29 4186067 
30 4184611 
31 4181681 
32 4179965 
33 4179250 
34 4179243 
35 4177638 
36 4177638 
37 4176247 
38 4173202 
39 4172733 
40 4169327 
41 4168508 
42 4168417 
43 4168417 
44 4166337 
45 4165661 
46 4164300 
47 4162064 
48 4157555 
49 4155705 
50 4155601 
51 4155014 
52 4154993 
53 4154892 
54 4154879 
55 4142451 
56 4142278 
57 4142239 
58 4142238 
59 4142186 
60 4139247 
61 4138524 
62 4138106 
63 4137716 
64 4137703 
65 4137692 
66 4137679 
67 4134910 
68 4134896 
69 4129426 
70 4129419 
71 4129341 
72 4129121 
73 4129082 
74 4129057 
75 4128998 
76 4127134 
77 4125676 
78 4124773 
79 4124396 
80 4124370 
81 4124284 
82 4124130 
83 4124116 
84 4123600 
85 4123585 
86 4123481 
87 4123235 
88 4121076 
89 4121037 
90 4120993 
91 4120992 
92 4120778 
93 4120388 
94 4120381 
95 4119255 
96 4116096 
97 4115404 
98 4115262 
99 4113126 
100 4107673 
101 4107526 
102 4104952 
103 4099752 
104 4098855 
105 4098619 
106 4098584 
107 4098359 
108 4097915 
109 4097902 
110 4097883 
111 4097870 
112 4096948 
113 4096892 
114 4094292 
115 4094006 
116 4093940 
117 4093835 
118 4093793 
119 4093605 
120 4093493 
121 4092621 
122 4092442 
123 4092240 
124 4092217 
125 4090340 
126 4089500 
127 4089498 
128 4089464 
129 4089198 
130 4089185 
131 4089170 
132 4089164 
133 4089060 
134 4089053 
135 4089052 
136 4088906 
137 4088893 
138 4088877 
139 4088864 
140 4088858 
141 4088612 
142 4088579 
143 4088539 
144 4088532 
145 4083059 
146 4076971 
147 4076110 
148 4070936 
149 4070871 
150 4070806 
151 4069209 
152 4069125 
153 4067518 
154 4066361 
155 4066218 
156 4066183 
157 4066183 
158 4065696 
159 4065605 
160 4053524 
161 4049038 
162 4044670 
163 4044656 
164 4044587 
165 4044148 
166 4043472 
167 4042842 
168 4042452 
169 4038708 
170 4038589 
171 4037639 
172 4037633 
173 4037591 
174 4036716 
175 4036709 
176 4035495 
177 4032176 
178 4032137 
179 4030417 
180 4028091 
181 4028084 
182 4027724 
183 4027546 
184 4027525 
185 4025672 
186 4025665 
187 4025600 
188 4025582 
189 4025195 
190 4024844 
191 4024755 
192 4024125 
193 4024125 
194 4023182 
195 4023077 
196 4022453 
197 4022232 
198 4015160 
199 4003382 
200 4000444 
201 4000229 
202 4000138 
203 3999932 
204 3999919 
205 3999918 
206 3999864 
207 3999844 
208 3999613 
209 3999553 
210 3999257 
211 3999012 
212 3998726 
213 3998719 
214 3998401 
215 3998401 
216 3997708 
217 3997692 
218 3997447 
219 3997426 
220 3997278 
221 3997185 
222 3995868 
223 3995733 
224 3995720 
225 3995713 
226 3995411 
227 3995391 
228 3995370 
229 3995363 
230 3995339 
231 3995330 
232 3995317 
233 3995278 
234 3995271 
235 3995257 
236 3994368 
237 3994256 
238 3994243 
239 3994167 
240 3978348 
241 3970665 
242 3970644 
243 3970208 
244 3969728 
245 3969526 
246 3969132 
247 3969084 
248 3968786 
249 3968404 
250 3968383 
251 3968149 
252 3963642 
253 3963642 
254 3963226 
255 3963212 
256 3963205 
257 3957901 
258 3957706 
259 3957628 
260 3956914 
261 3956837 
262 3953549 
263 3952321 
264 3952174 
265 3951758 
266 3951191 
267 3950351 
268 3950218 
269 3950190 
270 3949695 
271 3949688 
272 3949667 
273 3949555 
274 3949485 
275 3949423 
276 3949304 
277 3948862 
278 3947464 
279 3944384 
280 3941823 
281 3941797 
282 3941791 
283 3941570 
284 3941399 
285 3941375 
286 3941097 
287 3941004 
288 3940589 
289 3939845 
290 3925496 
291 3925132 
292 3923663 
293 3923546 
294 3918476 
295 3915789 
296 3915776 
297 3912135 
298 3912114 
299 3912070 
300 3911993 
301 3911706 
302 3911611 
303 3911072 
304 3911065 
305 3910714 
306 3910451 
307 3910416 
308 3910311 
309 3910311 
310 3909992 
311 3909726 
312 3909018 
313 3906377 
314 3906377 
315 3904312 
316 3903525 
317 3903525 
318 3903476 
319 3902888 
320 3902839 
321 3902281 
322 3902281 
323 3900942 
324 3887084 
325 3885825 
326 3885721 
327 3885707 
328 3885700 
329 3885189 
330 3883793 
331 3883779 
332 3883772 
333 3883765 
334 3882636 
335 3881662 
336 3881298 
337 3874304 
338 3873278 
339 3873161 
340 3873081 
341 3870260 
342 3870253 
343 3870246 
344 3870150 
345 3869734 
346 3869699 
347 3868750 
348 3868282 
349 3867055 
350 3867034 
351 3866105 
352 3866066 
353 3865605 
354 3865358 
355 3865344 
356 3864662 
357 3864655 
358 3864655 
359 3863698 
360 3863672 
361 3863672 
362 3862738 
363 3862726 
364 3860216 
365 3855430 
366 3855417 
367 3854879 
368 3853488 
369 3852695 
370 3852120 
371 3850712 
372 3850662 
373 3849418 
374 3849159 
375 3848376 
376 3848219 
377 3847421 
378 3847274 
379 3847148 
380 3846896 
381 3845762 
382 3845671 
383 3845303 
384 3845240 
385 3844902 
386 3844367 
387 3841504 
388 3841127 
389 3840002 
390 3839904 
391 3839904 
392 3839236 
393 3834387 
394 3834387 
395 3834233 
396 3833909 
397 3833375 
398 3833257 
399 3833075 
400 3832986 
401 3832843 
402 3830907 
403 3830559 
404 3829946 
405 3829908 
406 3815101 
407 3814859 
408 3814812 
409 3814773 
410 3813667 
411 3813589 
412 3813477 
413 3813197 
414 3813177 
415 3812865 
416 3812431 
417 3812417 
418 3812214 
419 3808774 
420 3808774 
421 3807118 
422 3806746 
423 3806739 
424 3806739 
425 3806620 
426 3806515 
427 3803993 
428 3803758 
429 3803358 
430 3803163 
431 3803163 
432 3803163 
433 3803163 
434 3802974 
435 3802896 
436 3802668 
437 3802626 
438 3802612 
439 3802591 
440 3802542 
441 3802493 
442 3802395 
443 3802332 
444 3802332 
445 3801432 
446 3800748 
447 3798519 
448 3795061 
449 3795061 
450 3794949 
451 3794023 
452 3793960 
453 3793652 
454 3793120 
455 3792905 
456 3792139 
457 3791221 
458 3791012 
459 3790753 
460 3790610 
461 3790142 
462 3789726 
463 3789089 
464 3789089 
465 3789031 
466 3788968 
467 3788968 
468 3788660 
469 3788660 
470 3788357 
471 3788147 
472 3788133 
473 3787692 
474 3787692 
475 3787692 
476 3787400 
477 3787115 
478 3786961 
479 3786961 
480 3786862 
481 3786862 
482 3786834 
483 3786834 
484 3786197 
485 3785768 
486 3785733 
487 3785559 
488 3784638 
489 3784631 
490 3784307 
491 3784293 
492 3784208 
493 3784173 
494 3784167 
495 3783894 
496 3783894 
497 3783894 
498 3783601 
499 3783601 
500 3783581 
501 3783581 
502 3783581 
503 3783581 
504 3783581 
505 3783581 
506 3783581 
507 3783581 
508 3783574 
509 3783574 
510 3783574 
511 3783574 
512 3783574 
513 3783574 
514 3783574 
515 3783574 
516 3783574 
517 3783574 
518 3783574 
519 3783574 
520 3783574 
521 3783574 
522 3783574 
523 3783574 
524 3783574 
525 3783574 
526 3783574 
527 3783574 
528 3783574 
529 3783574 
530 3783574 
531 3783574 
532 3783574 
533 3783574 
534 3783574 
535 3783574 
536 3783574 
537 3783574 
538 3783574 
539 3783574 
540 3783574 
541 3783574 
542 3783574 
543 3783574 
544 3783574 
545 3783574 
546 3783574 
547 3783574 
548 3783574 
549 3783574 
550 3783574 
551 3783574 
552 3783574 
553 3783574 
554 3783574 
555 3783574 
556 3783574 
557 3783574 
558 3783574 
559 3783574 
560 3783574 
561 3783574 
562 3783574 
563 3783574 
564 3783574 
565 3783574 
566 3783574 
567 3783574 
568 3783574 
569 3783574 
570 3783574 
571 3783574 
572 3783574 
573 3783574 
574 3783574 
575 3783574 
576 3783574 
577 3783574 
578 3783574 
579 3783574 
580 3783574 
581 3783574 
582 3783574 
583 3783574 
584 3783574 
585 3783574 
586 3783574 
587 3783574 
588 3783574 
589 3783574 
590 3783574 
591 3783574 
592 3783574 
593 3783574 
594 3783574 
595 3783574 
596 3783574 
597 3783574 
598 3783574 
599 3783574 
600 3783574 
601 3783574 
602 3783574 
603 3783574 
604 3783574 
605 3783574 
606 3783574 
607 3783574 
608 3783574 
609 3783574 
610 3783574 
611 3783574 
612 3783574 
613 3783574 
614 3783574 
615 3783574 
616 3783574 
617 3783574 
618 3783574 
619 3783574 
620 3783574 
621 3783574 
622 3783574 
623 3783574 
624 3783574 
625 3783574 
626 3783574 
627 3783574 
628 3783574 
629 3783574 
630 3783574 
631 3783574 
632 3783574 
633 3783574 
634 3783574 
635 3783574 
636 3783574 
637 3783574 
638 3783574 
639 3783574 
640 3783574 
641 3783574 
642 3783574 
643 3783574 
644 3783574 
645 3783574 
646 3783574 
647 3783574 
648 3783574 
649 3783574 
650 3783574 
651 3783574 
652 3783574 
653 3783574 
654 3783574 
655 3783574 
656 3783574 
657 3783574 
658 3783574 
659 3783574 
660 3783574 
661 3783574 
662 3783574 
663 3783574 
664 3783574 
665 3783574 
666 3783574 
667 3783574 
668 3783574 
669 3783574 
670 3783574 
671 3783574 
672 3783574 
673 3783574 
674 3783574 
675 3783574 
676 3783574 
677 3783574 
678 3783574 
679 3783574 
680 3783574 
681 3783574 
682 3783574 
683 3783574 
684 3783574 
685 3783574 
686 3783574 
687 3783574 
688 3783574 
689 3783574 
690 3783574 
691 3783574 
692 3783574 
693 3783574 
694 3783574 
695 3783574 
696 3783574 
697 3783574 
698 3783574 
699 3783574 
700 3783574 
701 3783574 
702 3783574 
703 3783574 
704 3783574 
705 3783574 
706 3783574 
707 3783574 
708 3783574 
709 3783574 
710 3783574 
711 3783574 
712 3783574 
713 3783574 
714 3783574 
715 3783574 
716 3783574 
717 3783574 
718 3783574 
719 3783574 
720 3783574 
721 3783574 
722 3783574 
723 3783574 
724 3783574 
725 3783574 
726 3783574 
727 3783574 
728 3783574 
729 3783574 
730 3783574 
731 3783574 
732 3783574 
733 3783574 
734 3783574 
735 3783574 
736 3783574 
737 3783574 
738 3783574 
739 3783574 
740 3783574 
741 3783574 
742 3783574 
743 3783574 
744 3783574 
745 3783574 
746 3783574 
747 3783574 
748 3783574 
749 3783574 
750 3783574 
751 3783574 
752 3783574 
753 3783574 
754 3783574 
755 3783574 
756 3783574 
757 3783574 
758 3783574 
759 3783574 
760 3783574 
761 3783574 
762 3783574 
763 3783574 
764 3783574 
765 3783574 
766 3783574 
767 3783574 
768 3783574 
769 3783574 
770 3783574 
771 3783574 
772 3783574 
773 3783574 
774 3783574 
775 3783574 
776 3783574 
777 3783574 
778 3783574 
779 3783574 
780 3783574 
781 3783574 
782 3783574 
783 3783574 
784 3783574 
785 3783574 
786 3783574 
787 3783574 
788 3783574 
789 3783574 
790 3783574 
791 3783574 
792 3783574 
793 3783574 
794 3783574 
795 3783574 
796 3783574 
797 3783574 
798 3783574 
799 3783574 
800 3783574 
801 3783574 
802 3783574 
803 3783574 
804 3783574 
805 3783574 
806 3783574 
807 3783574 
808 3783574 
809 3783574 
810 3783574 
811 3783574 
812 3783574 
813 3783574 
814 3783574 
815 3783574 
816 3783574 
817 3783574 
818 3783574 
819 3783574 
820 3783574 
821 3783574 
822 3783574 
823 3783574 
824 3783574 
825 3783574 
826 3783574 
827 3783574 
828 3783574 
829 3783574 
830 3783574 
831 3783574 
832 3783574 
833 3783574 
834 3783574 
835 3783574 
836 3783574 
837 3783574 
838 3783574 
839 3783574 
840 3783574 
841 3783574 
842 3783574 
843 3783574 
844 3783574 
845 3783574 
846 3783574 
847 3783574 
848 3783574 
849 3783574 
850 3783574 
851 3783574 
852 3783574 
853 3783574 
854 3783574 
855 3783574 
856 3783574 
857 3783574 
858 3783574 
859 3783574 
860 3783574 
861 3783574 
862 3783574 
863 3783574 
864 3783574 
865 3783574 
866 3783574 
867 3783574 
868 3783574 
869 3783574 
870 3783574 
871 3783574 
872 3783574 
873 3783574 
874 3783574 
875 3783574 
876 3783574 
877 3783574 
878 3783574 
879 3783574 
880 3783574 
881 3783574 
882 3783574 
883 3783574 
884 3783574 
885 3783574 
886 3783574 
887 3783574 
888 3783574 
889 3783574 
890 3783574 
891 3783574 
892 3783574 
893 3783574 
894 3783574 
895 3783574 
896 3783574 
897 3783574 
898 3783574 
899 3783574 
900 3783574 
901 3783574 
902 3783574 
903 3783574 
904 3783574 
905 3783574 
906 3783574 
907 3783574 
908 3783574 
909 3783574 
910 3783574 
911 3783574 
912 3783574 
913 3783574 
914 3783574 
915 3783574 
916 3783574 
917 3783574 
918 3783574 
919 3783574 
920 3783574 
921 3783574 
922 3783574 
923 3783574 
924 3783574 
925 3783574 
926 3783574 
927 3783574 
928 3783574 
929 3783574 
930 3783574 
931 3783574 
932 3783574 
933 3783574 
934 3783574 
935 3783574 
936 3783574 
937 3783574 
938 3783574 
939 3783574 
940 3783574 
941 3783574 
942 3783574 
943 3783574 
944 3783574 
945 3783574 
946 3783574 
947 3783574 
948 3783574 
949 3783574 
950 3783574 
951 3783574 
952 3783574 
953 3783574 
954 3783574 
955 3783574 
956 3783574 
957 3783574 
958 3783574 
959 3783574 
960 3783574 
961 3783574 
962 3783574 
963 3783574 
964 3783574 
965 3783574 
966 3783574 
967 3783574 
968 3783574 
969 3783574 
970 3783574 
971 3783574 
972 3783574 
973 3783574 
974 3783574 
975 3783574 
976 3783574 
977 3783574 
978 3783574 
979 3783574 
980 3783574 
981 3783574 
982 3783574 
983 3783574 
984 3783574 
985 3783574 
986 3783574 
987 3783574 
988 3783574 
989 3783574 
990 3783574 
991 3783574 
992 3783574 
993 3783574 
994 3783574 
995 3783574 
996 3783574 
997 3783574 
998 3783574 
999 3783574 
1000 3783574 
1001 3783574 
1002 3783574 
1003 3783574 
1004 3783574 
1005 3783574 
1006 3783574 
1007 3783574 
1008 3783574 
1009 3783574 
1010 3783574 
1011 3783574 
1012 3783574 
1013 3783574 
1014 3783574 
1015 3783574 
1016 3783574 
1017 3783574 
1018 3783574 
1019 3783574 
1020 3783574 
1021 3783574 
1022 3783574 
1023 3783574 
1024 3783574 
1025 3783574 
1026 3783574 
1027 3783574 
1028 3783574 
1029 3783574 
1030 3783574 
1031 3783574 
1032 3783574 
1033 3783574 
1034 3783574 
1035 3783574 
1036 3783574 
1037 3783574 
1038 3783574 
1039 3783574 
1040 3783574 
1041 3783574 
1042 3783574 
1043 3783574 
1044 3783574 
1045 3783574 
1046 3783574 
1047 3783574 
1048 3783574 
1049 3783574 
1050 3783574 
1051 3783574 
1052 3783574 
1053 3783574 
1054 3783574 
1055 3783574 
1056 3783574 
1057 3783574 
1058 3783574 
1059 3783574 
1060 3783574 
1061 3783574 
1062 3783574 
1063 3783574 
1064 3783574 
1065 3783574 
1066 3783574 
1067 3783574 
1068 3783574 
1069 3783574 
1070 3783574 
1071 3783574 
1072 3783574 
1073 3783574 
1074 3783574 
1075 3783574 
1076 3783574 
1077 3783574 
1078 3783574 
1079 3783574 
1080 3783574 
1081 3783574 
1082 3783574 
1083 3783574 
1084 3783574 
1085 3783574 
1086 3783574 
1087 3783574 
1088 3783574 
1089 3783574 
1090 3783574 
1091 3783574 
1092 3783574 
1093 3783574 
1094 3783574 
1095 3783574 
1096 3783574 
1097 3783574 
1098 3783574 
1099 3783574 
1100 3783574 
1101 3783574 
1102 3783574 
1103 3783574 
1104 3783574 
1105 3783574 
1106 3783574 
1107 3783574 
1108 3783574 
1109 3783574 
1110 3783574 
1111 3783574 
1112 3783574 
1113 3783574 
1114 3783574 
1115 3783574 
1116 3783574 
1117 3783574 
1118 3783574 
1119 3783574 
1120 3783574 
1121 3783574 
1122 3783574 
1123 3783574 
1124 3783574 
1125 3783574 
1126 3783574 
1127 3783574 
1128 3783574 
1129 3783574 
1130 3783574 
1131 3783574 
1132 3783574 
1133 3783574 
1134 3783574 
1135 3783574 
1136 3783574 
1137 3783574 
1138 3783574 
1139 3783574 
1140 3783574 
1141 3783574 
1142 3783574 
1143 3783574 
1144 3783574 
1145 3783574 
1146 3783574 
1147 3783574 
1148 3783574 
1149 3783574 
1150 3783574 
1151 3783574 
1152 3783574 
1153 3783574 
1154 3783574 
1155 3783574 
1156 3783574 
1157 3783574 
1158 3783574 
1159 3783574 
1160 3783574 
1161 3783574 
1162 3783574 
1163 3783574 
1164 3783574 
1165 3783574 
1166 3783574 
1167 3783574 
1168 3783574 
1169 3783574 
1170 3783574 
1171 3783574 
1172 3783574 
1173 3783574 
1174 3783574 
1175 3783574 
1176 3783574 
1177 3783574 
1178 3783574 
1179 3783574 
1180 3783574 
1181 3783574 
1182 3783574 
1183 3783574 
1184 3783574 
1185 3783574 
1186 3783574 
1187 3783574 
1188 3783574 
1189 3783574 
1190 3783574 
1191 3783574 
1192 3783574 
1193 3783574 
1194 3783574 
1195 3783574 
1196 3783574 
1197 3783574 
1198 3783574 
1199 3783574 
1200 3783574 
1201 3783574 
1202 3783574 
1203 3783574 
1204 3783574 
1205 3783574 
1206 3783574 
1207 3783574 
1208 3783574 
1209 3783574 
1210 3783574 
1211 3783574 
1212 3783574 
1213 3783574 
1214 3783574 
1215 3783574 
1216 3783574 
1217 3783574 
1218 3783574 
1219 3783574 
1220 3783574 
1221 3783574 
1222 3783574 
1223 3783574 
1224 3783574 
1225 3783574 
1226 3783574 
1227 3783574 
1228 3783574 
1229 3783574 
1230 3783574 
1231 3783574 
1232 3783574 
1233 3783574 
1234 3783574 
1235 3783574 
1236 3783574 
1237 3783574 
1238 3783574 
1239 3783574 
1240 3783574 
1241 3783574 
1242 3783574 
1243 3783574 
1244 3783574 
1245 3783574 
1246 3783574 
1247 3783574 
1248 3783574 
1249 3783574 
1250 3783574 
1251 3783574 
1252 3783574 
1253 3783574 
1254 3783574 
1255 3783574 
1256 3783574 
1257 3783574 
1258 3783574 
1259 3783574 
1260 3783574 
1261 3783574 
1262 3783574 
1263 3783574 
1264 3783574 
1265 3783574 
1266 3783574 
1267 3783574 
1268 3783574 
1269 3783574 
1270 3783574 
1271 3783574 
1272 3783574 
1273 3783574 
1274 3783574 
1275 3783574 
1276 3783574 
1277 3783574 
1278 3783574 
1279 3783574 
1280 3783574 
1281 3783574 
1282 3783574 
1283 3783574 
1284 3783574 
1285 3783574 
1286 3783574 
1287 3783574 
1288 3783574 
1289 3783574 
1290 3783574 
1291 3783574 
1292 3783574 
1293 3783574 
1294 3783574 
1295 3783574 
1296 3783574 
1297 3783574 
1298 3783574 
1299 3783574 
1300 3783574 
1301 3783574 
1302 3783574 
1303 3783574 
1304 3783574 
1305 3783574 
1306 3783574 
1307 3783574 
1308 3783574 
1309 3783574 
1310 3783574 
1311 3783574 
1312 3783574 
1313 3783574 
1314 3783574 
1315 3783574 
1316 3783574 
1317 3783574 
1318 3783574 
1319 3783574 
1320 3783574 
1321 3783574 
1322 3783574 
1323 3783574 
1324 3783574 
1325 3783574 
1326 3783574 
1327 3783574 
1328 3783574 
1329 3783574 
1330 3783574 
1331 3783574 
1332 3783574 
1333 3783574 
1334 3783574 
1335 3783574 
1336 3783574 
1337 3783574 
1338 3783574 
1339 3783574 
1340 3783574 
1341 3783574 
1342 3783574 
1343 3783574 
1344 3783574 
1345 3783574 
1346 3783574 
1347 3783574 
1348 3783574 
1349 3783574 
1350 3783574 
1351 3783574 
1352 3783574 
1353 3783574 
1354 3783574 
1355 3783574 
1356 3783574 
1357 3783574 
1358 3783574 
1359 3783574 
1360 3783574 
1361 3783574 
1362 3783574 
1363 3783574 
1364 3783574 
1365 3783574 
1366 3783574 
1367 3783574 
1368 3783574 
1369 3783574 
1370 3783574 
1371 3783574 
1372 3783574 
1373 3783574 
1374 3783574 
1375 3783574 
1376 3783574 
1377 3783574 
1378 3783574 
1379 3783574 
1380 3783574 
1381 3783574 
1382 3783574 
1383 3783574 
1384 3783574 
1385 3783574 
1386 3783574 
1387 3783574 
1388 3783574 
1389 3783574 
1390 3783574 
1391 3783574 
1392 3783574 
1393 3783574 
1394 3783574 
1395 3783574 
1396 3783574 
1397 3783574 
1398 3783574 
1399 3783574 
1400 3783574 
1401 3783574 
1402 3783574 
1403 3783574 
1404 3783574 
1405 3783574 
1406 3783574 
1407 3783574 
1408 3783574 
1409 3783574 
1410 3783574 
1411 3783574 
1412 3783574 
1413 3783574 
1414 3783574 
1415 3783574 
1416 3783574 
1417 3783574 
1418 3783574 
1419 3783574 
1420 3783574 
1421 3783574 
1422 3783574 
1423 3783574 
1424 3783574 
1425 3783574 
1426 3783574 
1427 3783574 
1428 3783574 
1429 3783574 
1430 3783574 
1431 3783574 
1432 3783574 
1433 3783574 
1434 3783574 
1435 3783574 
1436 3783574 
1437 3783574 
1438 3783574 
1439 3783574 
1440 3783574 
1441 3783574 
1442 3783574 
1443 3783574 
1444 3783574 
1445 3783574 
1446 3783574 
1447 3783574 
1448 3783574 
1449 3783574 
1450 3783574 
1451 3783574 
1452 3783574 
1453 3783574 
1454 3783574 
1455 3783574 
1456 3783574 
1457 3783574 
1458 3783574 
1459 3783574 
1460 3783574 
1461 3783574 
1462 3783574 
1463 3783574 
1464 3783574 
1465 3783574 
1466 3783574 
1467 3783574 
1468 3783574 
1469 3783574 
1470 3783574 
1471 3783574 
1472 3783574 
1473 3783574 
1474 3783574 
1475 3783574 
1476 3783574 
1477 3783574 
1478 3783574 
1479 3783574 
1480 3783574 
1481 3783574 
1482 3783574 
1483 3783574 
1484 3783574 
1485 3783574 
1486 3783574 
1487 3783574 
1488 3783574 
1489 3783574 
1490 3783574 
1491 3783574 
1492 3783574 
1493 3783574 
1494 3783574 
1495 3783574 
1496 3783574 
1497 3783574 
1498 3783574 
1499 3783574 
1500 3783574 
1501 3783574 
1502 3783574 
1503 3783574 
1504 3783574 
1505 3783574 
1506 3783574 
1507 3783574 
1508 3783574 
1509 3783574 
1510 3783574 
1511 3783574 
1512 3783574 
1513 3783574 
1514 3783574 
1515 3783574 
1516 3783574 
1517 3783574 
1518 3783574 
1519 3783574 
1520 3783574 
1521 3783574 
1522 3783574 
1523 3783574 
1524 3783574 
1525 3783574 
1526 3783574 
1527 3783574 
1528 3783574 
1529 3783574 
1530 3783574 
1531 3783574 
1532 3783574 
1533 3783574 
1534 3783574 
1535 3783574 
1536 3783574 
1537 3783574 
1538 3783574 
1539 3783574 
1540 3783574 
1541 3783574 
1542 3783574 
1543 3783574 
1544 3783574 
1545 3783574 
1546 3783574 
1547 3783574 
1548 3783574 
1549 3783574 
1550 3783574 
1551 3783574 
1552 3783574 
1553 3783574 
1554 3783574 
1555 3783574 
1556 3783574 
1557 3783574 
1558 3783574 
1559 3783574 
1560 3783574 
1561 3783574 
1562 3783574 
1563 3783574 
1564 3783574 
1565 3783574 
1566 3783574 
1567 3783574 
1568 3783574 
1569 3783574 
1570 3783574 
1571 3783574 
1572 3783574 
1573 3783574 
1574 3783574 
1575 3783574 
1576 3783574 
1577 3783574 
1578 3783574 
1579 3783574 
1580 3783574 
1581 3783574 
1582 3783574 
1583 3783574 
1584 3783574 
1585 3783574 
1586 3783574 
1587 3783574 
1588 3783574 
1589 3783574 
1590 3783574 
1591 3783574 
1592 3783574 
1593 3783574 
1594 3783574 
1595 3783574 
1596 3783574 
1597 3783574 
1598 3783574 
1599 3783574 
1600 3783574 
1601 3783574 
1602 3783574 
1603 3783574 
1604 3783574 
1605 3783574 
1606 3783574 
1607 3783574 
1608 3783574 
1609 3783574 
1610 3783574 
1611 3783574 
1612 3783574 
1613 3783574 
1614 3783574 
1615 3783574 
1616 3783574 
1617 3783574 
1618 3783574 
1619 3783574 
1620 3783574 
1621 3783574 
1622 3783574 
1623 3783574 
1624 3783574 
1625 3783574 
1626 3783574 
1627 3783574 
1628 3783574 
1629 3783574 
1630 3783574 
1631 3783574 
1632 3783574 
1633 3783574 
1634 3783574 
1635 3783574 
1636 3783574 
1637 3783574 
1638 3783574 
1639 3783574 
1640 3783574 
1641 3783574 
1642 3783574 
1643 3783574 
1644 3783574 
1645 3783574 
1646 3783574 
1647 3783574 
1648 3783574 
1649 3783574 
1650 3783574 
1651 3783574 
1652 3783574 
1653 3783574 
1654 3783574 
1655 3783574 
1656 3783574 
1657 3783574 
1658 3783574 
1659 3783574 
1660 3783574 
1661 3783574 
1662 3783574 
1663 3783574 
1664 3783574 
1665 3783574 
1666 3783574 
1667 3783574 
1668 3783574 
1669 3783574 
1670 3783574 
1671 3783574 
1672 3783574 
1673 3783574 
1674 3783574 
1675 3783574 
1676 3783574 
1677 3783574 
1678 3783574 
1679 3783574 
1680 3783574 
1681 3783574 
1682 3783574 
1683 3783574 
1684 3783574 
1685 3783574 
1686 3783574 
1687 3783574 
1688 3783574 
1689 3783574 
1690 3783574 
1691 3783574 
1692 3783574 
1693 3783574 
1694 3783574 
1695 3783574 
1696 3783574 
1697 3783574 
1698 3783574 
1699 3783574 
1700 3783574 
1701 3783574 
1702 3783574 
1703 3783574 
1704 3783574 
1705 3783574 
1706 3783574 
1707 3783574 
1708 3783574 
1709 3783574 
1710 3783574 
1711 3783574 
1712 3783574 
1713 3783574 
1714 3783574 
1715 3783574 
1716 3783574 
1717 3783574 
1718 3783574 
1719 3783574 
1720 3783574 
1721 3783574 
1722 3783574 
1723 3783574 
1724 3783574 
1725 3783574 
1726 3783574 
1727 3783574 
1728 3783574 
1729 3783574 
1730 3783574 
1731 3783574 
1732 3783574 
1733 3783574 
1734 3783574 
1735 3783574 
1736 3783574 
1737 3783574 
1738 3783574 
1739 3783574 
1740 3783574 
1741 3783574 
1742 3783574 
1743 3783574 
1744 3783574 
1745 3783574 
1746 3783574 
1747 3783574 
1748 3783574 
1749 3783574 
1750 3783574 
1751 3783574 
1752 3783574 
1753 3783574 
1754 3783574 
1755 3783574 
1756 3783574 
1757 3783574 
1758 3783574 
1759 3783574 
1760 3783574 
1761 3783574 
1762 3783574 
1763 3783574 
1764 3783574 
1765 3783574 
1766 3783574 
1767 3783574 
1768 3783574 
1769 3783574 
1770 3783574 
1771 3783574 
1772 3783574 
1773 3783574 
1774 3783574 
1775 3783574 
1776 3783574 
1777 3783574 
1778 3783574 
1779 3783574 
1780 3783574 
1781 3783574 
1782 3783574 
1783 3783574 
1784 3783574 
1785 3783574 
1786 3783574 
1787 3783574 
1788 3783574 
1789 3783574 
1790 3783574 
1791 3783574 
1792 3783574 
1793 3783574 
1794 3783574 
1795 3783574 
1796 3783574 
1797 3783574 
1798 3783574 
1799 3783574 
1800 3783574 
1801 3783574 
1802 3783574 
1803 3783574 
1804 3783574 
1805 3783574 
1806 3783574 
1807 3783574 
1808 3783574 
1809 3783574 
1810 3783574 
1811 3783574 
1812 3783574 
1813 3783574 
1814 3783574 
1815 3783574 
1816 3783574 
1817 3783574 
1818 3783574 
1819 3783574 
1820 3783574 
1821 3783574 
1822 3783574 
1823 3783574 
1824 3783574 
1825 3783574 
1826 3783574 
1827 3783574 
1828 3783574 
1829 3783574 
1830 3783574 
1831 3783574 
1832 3783574 
1833 3783574 
1834 3783574 
1835 3783574 
1836 3783574 
1837 3783574 
1838 3783574 
1839 3783574 
1840 3783574 
1841 3783574 
1842 3783574 
1843 3783574 
1844 3783574 
1845 3783574 
1846 3783574 
1847 3783574 
1848 3783574 
1849 3783574 
1850 3783574 
1851 3783574 
1852 3783574 
1853 3783574 
1854 3783574 
1855 3783574 
1856 3783574 
1857 3783574 
1858 3783574 
1859 3783574 
1860 3783574 
1861 3783574 
1862 3783574 
1863 3783574 
1864 3783574 
1865 3783574 
1866 3783574 
1867 3783574 
1868 3783574 
1869 3783574 
1870 3783574 
1871 3783574 
1872 3783574 
1873 3783574 
1874 3783574 
1875 3783574 
1876 3783574 
1877 3783574 
1878 3783574 
1879 3783574 
1880 3783574 
1881 3783574 
1882 3783574 
1883 3783574 
1884 3783574 
1885 3783574 
1886 3783574 
1887 3783574 
1888 3783574 
1889 3783574 
1890 3783574 
1891 3783574 
1892 3783574 
1893 3783574 
1894 3783574 
1895 3783574 
1896 3783574 
1897 3783574 
1898 3783574 
1899 3783574 
1900 3783574 
1901 3783574 
1902 3783574 
1903 3783574 
1904 3783574 
1905 3783574 
1906 3783574 
1907 3783574 
1908 3783574 
1909 3783574 
1910 3783574 
1911 3783574 
1912 3783574 
1913 3783574 
1914 3783574 
1915 3783574 
1916 3783574 
1917 3783574 
1918 3783574 
1919 3783574 
1920 3783574 
1921 3783574 
1922 3783574 
1923 3783574 
1924 3783574 
1925 3783574 
1926 3783574 
1927 3783574 
1928 3783574 
1929 3783574 
1930 3783574 
1931 3783574 
1932 3783574 
1933 3783574 
1934 3783574 
1935 3783574 
1936 3783574 
1937 3783574 
1938 3783574 
1939 3783574 
1940 3783574 
1941 3783574 
1942 3783574 
1943 3783574 
1944 3783574 
1945 3783574 
1946 3783574 
1947 3783574 
1948 3783574 
1949 3783574 
1950 3783574 
1951 3783574 
1952 3783574 
1953 3783574 
1954 3783574 
1955 3783574 
1956 3783574 
1957 3783574 
1958 3783574 
1959 3783574 
1960 3783574 
1961 3783574 
1962 3783574 
1963 3783574 
1964 3783574 
1965 3783574 
1966 3783574 
1967 3783574 
1968 3783574 
1969 3783574 
1970 3783574 
1971 3783574 
1972 3783574 
1973 3783574 
1974 3783574 
1975 3783574 
1976 3783574 
1977 3783574 
1978 3783574 
1979 3783574 
1980 3783574 
1981 3783574 
1982 3783574 
1983 3783574 
1984 3783574 
1985 3783574 
1986 3783574 
1987 3783574 
1988 3783574 
1989 3783574 
1990 3783574 
1991 3783574 
1992 3783574 
1993 3783574 
1994 3783574 
1995 3783574 
1996 3783574 
1997 3783574 
1998 3783574 
1999 3783574 
2000 3783574 
2001 3783574 
2002 3783574 
2003 3783574 
2004 3783574 
2005 3783574 
2006 3783574 
2007 3783574 
2008 3783574 
2009 3783574 
2010 3783574 
2011 3783574 
2012 3783574 
2013 3783574 
2014 3783574 
2015 3783574 
2016 3783574 
2017 3783574 
2018 3783574 
2019 3783574 
2020 3783574 
2021 3783574 
2022 3783574 
2023 3783574 
2024 3783574 
2025 3783574 
2026 3783574 
2027 3783574 
2028 3783574 
2029 3783574 
2030 3783574 
2031 3783574 
2032 3783574 
2033 3783574 
2034 3783574 
2035 3783574 
2036 3783574 
2037 3783574 
2038 3783574 
2039 3783574 
2040 3783574 
2041 3783574 
2042 3783574 
2043 3783574 
2044 3783574 
2045 3783574 
2046 3783574 
2047 3783574 
2048 3783574 
2049 3783574 
2050 3783574 
2051 3783574 
2052 3783574 
2053 3783574 
2054 3783574 
2055 3783574 
2056 3783574 
2057 3783574 
2058 3783574 
2059 3783574 
2060 3783574 
2061 3783574 
2062 3783574 
2063 3783574 
2064 3783574 
2065 3783574 
2066 3783574 
2067 3783574 
2068 3783574 
2069 3783574 
2070 3783574 
2071 3783574 
2072 3783574 
2073 3783574 
2074 3783574 
2075 3783574 
2076 3783574 
2077 3783574 
2078 3783574 
2079 3783574 
2080 3783574 
2081 3783574 
2082 3783574 
2083 3783574 
2084 3783574 
2085 3783574 
2086 3783574 
2087 3783574 
2088 3783574 
2089 3783574 
2090 3783574 
2091 3783574 
2092 3783574 
2093 3783574 
2094 3783574 
2095 3783574 
2096 3783574 
2097 3783574 
2098 3783574 
2099 3783574 
2100 3783574 
2101 3783574 
2102 3783574 
2103 3783574 
2104 3783574 
2105 3783574 
2106 3783574 
2107 3783574 
2108 3783574 
2109 3783574 
2110 3783574 
2111 3783574 
2112 3783574 
2113 3783574 
2114 3783574 
2115 3783574 
2116 3783574 
2117 3783574 
2118 3783574 
2119 3783574 
2120 3783574 
2121 3783574 
2122 3783574 
2123 3783574 
2124 3783574 
2125 3783574 
2126 3783574 
2127 3783574 
2128 3783574 
2129 3783574 
2130 3783574 
2131 3783574 
2132 3783574 
2133 3783574 
2134 3783574 
2135 3783574 
2136 3783574 
2137 3783574 
2138 3783574 
2139 3783574 
2140 3783574 
2141 3783574 
2142 3783574 
2143 3783574 
2144 3783574 
2145 3783574 
2146 3783574 
2147 3783574 
2148 3783574 
2149 3783574 
2150 3783574 
2151 3783574 
2152 3783574 
2153 3783574 
2154 3783574 
2155 3783574 
2156 3783574 
2157 3783574 
2158 3783574 
2159 3783574 
2160 3783574 
2161 3783574 
2162 3783574 
2163 3783574 
2164 3783574 
2165 3783574 
2166 3783574 
2167 3783574 
2168 3783574 
2169 3783574 
2170 3783574 
2171 3783574 
2172 3783574 
2173 3783574 
2174 3783574 
2175 3783574 
2176 3783574 
2177 3783574 
2178 3783574 
2179 3783574 
2180 3783574 
2181 3783574 
2182 3783574 
2183 3783574 
2184 3783574 
2185 3783574 
2186 3783574 
2187 3783574 
2188 3783574 
2189 3783574 
2190 3783574 
2191 3783574 
2192 3783574 
2193 3783574 
2194 3783574 
2195 3783574 
2196 3783574 
2197 3783574 
2198 3783574 
2199 3783574 
2200 3783574 
2201 3783574 
2202 3783574 
2203 3783574 
2204 3783574 
2205 3783574 
2206 3783574 
2207 3783574 
2208 3783574 
2209 3783574 
2210 3783574 
2211 3783574 
2212 3783574 
2213 3783574 
2214 3783574 
2215 3783574 
2216 3783574 
2217 3783574 
2218 3783574 
2219 3783574 
2220 3783574 
2221 3783574 
2222 3783574 
2223 3783574 
2224 3783574 
2225 3783574 
2226 3783574 
2227 3783574 
2228 3783574 
2229 3783574 
2230 3783574 
2231 3783574 
2232 3783574 
2233 3783574 
2234 3783574 
2235 3783574 
2236 3783574 
2237 3783574 
2238 3783574 
2239 3783574 
2240 3783574 
2241 3783574 
2242 3783574 
2243 3783574 
2244 3783574 
2245 3783574 
2246 3783574 
2247 3783574 
2248 3783574 
2249 3783574 
2250 3783574 
2251 3783574 
2252 3783574 
2253 3783574 
2254 3783574 
2255 3783574 
2256 3783574 
2257 3783574 
2258 3783574 
2259 3783574 
2260 3783574 
2261 3783574 
2262 3783574 
2263 3783574 
2264 3783574 
2265 3783574 
2266 3783574 
2267 3783574 
2268 3783574 
2269 3783574 
2270 3783574 
2271 3783574 
2272 3783574 
2273 3783574 
2274 3783574 
2275 3783574 
2276 3783574 
2277 3783574 
2278 3783574 
2279 3783574 
2280 3783574 
2281 3783574 
2282 3783574 
2283 3783574 
2284 3783574 
2285 3783574 
2286 3783574 
2287 3783574 
2288 3783574 
2289 3783574 
2290 3783574 
2291 3783574 
2292 3783574 
2293 3783574 
2294 3783574 
2295 3783574 
2296 3783574 
2297 3783574 
2298 3783574 
2299 3783574 
2300 3783574 
2301 3783574 
2302 3783574 
2303 3783574 
2304 3783574 
2305 3783574 
2306 3783574 
2307 3783574 
2308 3783574 
2309 3783574 
2310 3783574 
2311 3783574 
2312 3783574 
2313 3783574 
2314 3783574 
2315 3783574 
2316 3783574 
2317 3783574 
2318 3783574 
2319 3783574 
2320 3783574 
2321 3783574 
2322 3783574 
2323 3783574 
2324 3783574 
2325 3783574 
2326 3783574 
2327 3783574 
2328 3783574 
2329 3783574 
2330 3783574 
2331 3783574 
2332 3783574 
2333 3783574 
2334 3783574 
2335 3783574 
2336 3783574 
2337 3783574 
2338 3783574 
2339 3783574 
2340 3783574 
2341 3783574 
2342 3783574 
2343 3783574 
2344 3783574 
2345 3783574 
2346 3783574 
2347 3783574 
2348 3783574 
2349 3783574 
2350 3783574 
2351 3783574 
2352 3783574 
2353 3783574 
2354 3783574 
2355 3783574 
2356 3783574 
2357 3783574 
2358 3783574 
2359 3783574 
2360 3783574 
2361 3783574 
2362 3783574 
2363 3783574 
2364 3783574 
2365 3783574 
2366 3783574 
2367 3783574 
2368 3783574 
2369 3783574 
2370 3783574 
2371 3783574 
2372 3783574 
2373 3783574 
2374 3783574 
2375 3783574 
2376 3783574 
2377 3783574 
2378 3783574 
2379 3783574 
2380 3783574 
2381 3783574 
2382 3783574 
2383 3783574 
2384 3783574 
2385 3783574 
2386 3783574 
2387 3783574 
2388 3783574 
2389 3783574 
2390 3783574 
2391 3783574 
2392 3783574 
2393 3783574 
2394 3783574 
2395 3783574 
2396 3783574 
2397 3783574 
2398 3783574 
2399 3783574 
2400 3783574 
2401 3783574 
2402 3783574 
2403 3783574 
2404 3783574 
2405 3783574 
2406 3783574 
2407 3783574 
2408 3783574 
2409 3783574 
2410 3783574 
2411 3783574 
2412 3783574 
2413 3783574 
2414 3783574 
2415 3783574 
2416 3783574 
2417 3783574 
2418 3783574 
2419 3783574 
2420 3783574 
2421 3783574 
2422 3783574 
2423 3783574 
2424 3783574 
2425 3783574 
2426 3783574 
2427 3783574 
2428 3783574 
2429 3783574 
2430 3783574 
2431 3783574 
2432 3783574 
2433 3783574 
2434 3783574 
2435 3783574 
2436 3783574 
2437 3783574 
2438 3783574 
2439 3783574 
2440 3783574 
2441 3783574 
2442 3783574 
2443 3783574 
2444 3783574 
2445 3783574 
2446 3783574 
2447 3783574 
2448 3783574 
2449 3783574 
2450 3783574 
2451 3783574 
2452 3783574 
2453 3783574 
2454 3783574 
2455 3783574 
2456 3783574 
2457 3783574 
2458 3783574 
2459 3783574 
2460 3783574 
2461 3783574 
2462 3783574 
2463 3783574 
2464 3783574 
2465 3783574 
2466 3783574 
2467 3783574 
2468 3783574 
2469 3783574 
2470 3783574 
2471 3783574 
2472 3783574 
2473 3783574 
2474 3783574 
2475 3783574 
2476 3783574 
2477 3783574 
2478 3783574 
2479 3783574 
2480 3783574 
2481 3783574 
2482 3783574 
2483 3783574 
2484 3783574 
2485 3783574 
2486 3783574 
2487 3783574 
2488 3783574 
2489 3783574 
2490 3783574 
2491 3783574 
2492 3783574 
2493 3783574 
2494 3783574 
2495 3783574 
2496 3783574 
2497 3783574 
2498 3783574 
2499 3783574 
2500 3783574 
2501 3783574 
2502 3783574 
2503 3783574 
2504 3783574 
2505 3783574 
2506 3783574 
2507 3783574 
2508 3783574 
2509 3783574 
2510 3783574 
2511 3783574 
2512 3783574 
2513 3783574 
2514 3783574 
2515 3783574 
2516 3783574 
2517 3783574 
2518 3783574 
2519 3783574 
2520 3783574 
2521 3783574 
2522 3783574 
2523 3783574 
2524 3783574 
2525 3783574 
2526 3783574 
2527 3783574 
2528 3783574 
2529 3783574 
2530 3783574 
2531 3783574 
2532 3783574 
2533 3783574 
2534 3783574 
2535 3783574 
2536 3783574 
2537 3783574 
2538 3783574 
2539 3783574 
2540 3783574 
2541 3783574 
2542 3783574 
2543 3783574 
2544 3783574 
2545 3783574 
2546 3783574 
2547 3783574 
2548 3783574 
2549 3783574 
2550 3783574 
2551 3783574 
2552 3783574 
2553 3783574 
2554 3783574 
2555 3783574 
2556 3783574 
2557 3783574 
2558 3783574 
2559 3783574 
2560 3783574 
2561 3783574 
2562 3783574 
2563 3783574 
2564 3783574 
2565 3783574 
2566 3783574 
2567 3783574 
2568 3783574 
2569 3783574 
2570 3783574 
2571 3783574 
2572 3783574 
2573 3783574 
2574 3783574 
2575 3783574 
2576 3783574 
2577 3783574 
2578 3783574 
2579 3783574 
2580 3783574 
2581 3783574 
2582 3783574 
2583 3783574 
2584 3783574 
2585 3783574 
2586 3783574 
2587 3783574 
2588 3783574 
2589 3783574 
2590 3783574 
2591 3783574 
2592 3783574 
2593 3783574 
2594 3783574 
2595 3783574 
2596 3783574 
2597 3783574 
2598 3783574 
2599 3783574 
2600 3783574 
2601 3783574 
2602 3783574 
2603 3783574 
2604 3783574 
2605 3783574 
2606 3783574 
2607 3783574 
2608 3783574 
2609 3783574 
2610 3783574 
2611 3783574 
2612 3783574 
2613 3783574 
2614 3783574 
2615 3783574 
2616 3783574 
2617 3783574 
2618 3783574 
2619 3783574 
2620 3783574 
2621 3783574 
2622 3783574 
2623 3783574 
2624 3783574 
2625 3783574 
2626 3783574 
2627 3783574 
2628 3783574 
2629 3783574 
2630 3783574 
2631 3783574 
2632 3783574 
2633 3783574 
2634 3783574 
2635 3783574 
2636 3783574 
2637 3783574 
2638 3783574 
2639 3783574 
2640 3783574 
2641 3783574 
2642 3783574 
2643 3783574 
2644 3783574 
2645 3783574 
2646 3783574 
2647 3783574 
2648 3783574 
2649 3783574 
2650 3783574 
2651 3783574 
2652 3783574 
2653 3783574 
2654 3783574 
2655 3783574 
2656 3783574 
2657 3783574 
2658 3783574 
2659 3783574 
2660 3783574 
2661 3783574 
2662 3783574 
2663 3783574 
2664 3783574 
2665 3783574 
2666 3783574 
2667 3783574 
2668 3783574 
2669 3783574 
2670 3783574 
2671 3783574 
2672 3783574 
2673 3783574 
2674 3783574 
2675 3783574 
2676 3783574 
2677 3783574 
2678 3783574 
2679 3783574 
2680 3783574 
2681 3783574 
2682 3783574 
2683 3783574 
2684 3783574 
2685 3783574 
2686 3783574 
2687 3783574 
2688 3783574 
2689 3783574 
2690 3783574 
2691 3783574 
2692 3783574 
2693 3783574 
2694 3783574 
2695 3783574 
2696 3783574 
2697 3783574 
2698 3783574 
2699 3783574 
2700 3783574 
2701 3783574 
2702 3783574 
2703 3783574 
2704 3783574 
2705 3783574 
2706 3783574 
2707 3783574 
2708 3783574 
2709 3783574 
2710 3783574 
2711 3783574 
2712 3783574 
2713 3783574 
2714 3783574 
2715 3783574 
2716 3783574 
2717 3783574 
2718 3783574 
2719 3783574 
2720 3783574 
2721 3783574 
2722 3783574 
2723 3783574 
2724 3783574 
2725 3783574 
2726 3783574 
2727 3783574 
2728 3783574 
2729 3783574 
2730 3783574 
2731 3783574 
2732 3783574 
2733 3783574 
2734 3783574 
2735 3783574 
2736 3783574 
2737 3783574 
2738 3783574 
2739 3783574 
2740 3783574 
2741 3783574 
2742 3783574 
2743 3783574 
2744 3783574 
2745 3783574 
2746 3783574 
2747 3783574 
2748 3783574 
2749 3783574 
2750 3783574 
2751 3783574 
2752 3783574 
2753 3783574 
2754 3783574 
2755 3783574 
2756 3783574 
2757 3783574 
2758 3783574 
2759 3783574 
2760 3783574 
2761 3783574 
2762 3783574 
2763 3783574 
2764 3783574 
2765 3783574 
2766 3783574 
2767 3783574 
2768 3783574 
2769 3783574 
2770 3783574 
2771 3783574 
2772 3783574 
2773 3783574 
2774 3783574 
2775 3783574 
2776 3783574 
2777 3783574 
2778 3783574 
2779 3783574 
2780 3783574 
2781 3783574 
2782 3783574 
2783 3783574 
2784 3783574 
2785 3783574 
2786 3783574 
2787 3783574 
2788 3783574 
2789 3783574 
2790 3783574 
2791 3783574 
2792 3783574 
2793 3783574 
2794 3783574 
2795 3783574 
2796 3783574 
2797 3783574 
2798 3783574 
2799 3783574 
2800 3783574 
2801 3783574 
2802 3783574 
2803 3783574 
2804 3783574 
2805 3783574 
2806 3783574 
2807 3783574 
2808 3783574 
2809 3783574 
2810 3783574 
2811 3783574 
2812 3783574 
2813 3783574 
2814 3783574 
2815 3783574 
2816 3783574 
2817 3783574 
2818 3783574 
2819 3783574 
2820 3783574 
2821 3783574 
2822 3783574 
2823 3783574 
2824 3783574 
2825 3783574 
2826 3783574 
2827 3783574 
2828 3783574 
2829 3783574 
2830 3783574 
2831 3783574 
2832 3783574 
2833 3783574 
2834 3783574 
2835 3783574 
2836 3783574 
2837 3783574 
2838 3783574 
2839 3783574 
2840 3783574 
2841 3783574 
2842 3783574 
2843 3783574 
2844 3783574 
2845 3783574 
2846 3783574 
2847 3783574 
2848 3783574 
2849 3783574 
2850 3783574 
2851 3783574 
2852 3783574 
2853 3783574 
2854 3783574 
2855 3783574 
2856 3783574 
2857 3783574 
2858 3783574 
2859 3783574 
2860 3783574 
2861 3783574 
2862 3783574 
2863 3783574 
2864 3783574 
2865 3783574 
2866 3783574 
2867 3783574 
2868 3783574 
2869 3783574 
2870 3783574 
2871 3783574 
2872 3783574 
2873 3783574 
2874 3783574 
2875 3783574 
2876 3783574 
2877 3783574 
2878 3783574 
2879 3783574 
2880 3783574 
2881 3783574 
2882 3783574 
2883 3783574 
2884 3783574 
2885 3783574 
2886 3783574 
2887 3783574 
2888 3783574 
2889 3783574 
2890 3783574 
2891 3783574 
2892 3783574 
2893 3783574 
2894 3783574 
2895 3783574 
2896 3783574 
2897 3783574 
2898 3783574 
2899 3783574 
2900 3783574 
2901 3783574 
2902 3783574 
2903 3783574 
2904 3783574 
2905 3783574 
2906 3783574 
2907 3783574 
2908 3783574 
2909 3783574 
2910 3783574 
2911 3783574 
2912 3783574 
2913 3783574 
2914 3783574 
2915 3783574 
2916 3783574 
2917 3783574 
2918 3783574 
2919 3783574 
2920 3783574 
2921 3783574 
2922 3783574 
2923 3783574 
2924 3783574 
2925 3783574 
2926 3783574 
2927 3783574 
2928 3783574 
2929 3783574 
2930 3783574 
2931 3783574 
2932 3783574 
2933 3783574 
2934 3783574 
2935 3783574 
2936 3783574 
2937 3783574 
2938 3783574 
2939 3783574 
2940 3783574 
2941 3783574 
2942 3783574 
2943 3783574 
2944 3783574 
2945 3783574 
2946 3783574 
2947 3783574 
2948 3783574 
2949 3783574 
2950 3783574 
2951 3783574 
2952 3783574 
2953 3783574 
2954 3783574 
2955 3783574 
2956 3783574 
2957 3783574 
2958 3783574 
2959 3783574 
2960 3783574 
2961 3783574 
2962 3783574 
2963 3783574 
2964 3783574 
2965 3783574 
2966 3783574 
2967 3783574 
2968 3783574 
2969 3783574 
2970 3783574 
2971 3783574 
2972 3783574 
2973 3783574 
2974 3783574 
2975 3783574 
2976 3783574 
2977 3783574 
2978 3783574 
2979 3783574 
2980 3783574 
2981 3783574 
2982 3783574 
2983 3783574 
2984 3783574 
2985 3783574 
2986 3783574 
2987 3783574 
2988 3783574 
2989 3783574 
2990 3783574 
2991 3783574 
2992 3783574 
2993 3783574 
2994 3783574 
2995 3783574 
2996 3783574 
2997 3783574 
2998 3783574 
2999 3783574 
3000 3783574 
3001 3783574 
3002 3783574 
3003 3783574 
3004 3783574 
3005 3783574 
3006 3783574 
3007 3783574 
3008 3783574 
3009 3783574 
3010 3783574 
3011 3783574 
3012 3783574 
3013 3783574 
3014 3783574 
3015 3783574 
3016 3783574 
3017 3783574 
3018 3783574 
3019 3783574 
3020 3783574 
3021 3783574 
3022 3783574 
3023 3783574 
3024 3783574 
3025 3783574 
3026 3783574 
3027 3783574 
3028 3783574 
3029 3783574 
3030 3783574 
3031 3783574 
3032 3783574 
3033 3783574 
3034 3783574 
3035 3783574 
3036 3783574 
3037 3783574 
3038 3783574 
3039 3783574 
3040 3783574 
3041 3783574 
3042 3783574 
3043 3783574 
3044 3783574 
3045 3783574 
3046 3783574 
3047 3783574 
3048 3783574 
3049 3783574 
3050 3783574 
3051 3783574 
3052 3783574 
3053 3783574 
3054 3783574 
3055 3783574 
3056 3783574 
3057 3783574 
3058 3783574 
3059 3783574 
3060 3783574 
3061 3783574 
3062 3783574 
3063 3783574 
3064 3783574 
3065 3783574 
3066 3783574 
3067 3783574 
3068 3783574 
3069 3783574 
3070 3783574 
3071 3783574 
3072 3783574 
3073 3783574 
3074 3783574 
3075 3783574 
3076 3783574 
3077 3783574 
3078 3783574 
3079 3783574 
3080 3783574 
3081 3783574 
3082 3783574 
3083 3783574 
3084 3783574 
3085 3783574 
3086 3783574 
3087 3783574 
3088 3783574 
3089 3783574 
3090 3783574 
3091 3783574 
3092 3783574 
3093 3783574 
3094 3783574 
3095 3783574 
3096 3783574 
3097 3783574 
3098 3783574 
3099 3783574 
3100 3783574 
3101 3783574 
3102 3783574 
3103 3783574 
3104 3783574 
3105 3783574 
3106 3783574 
3107 3783574 
3108 3783574 

