0 61140 
1 59068 
2 57800 
3 57230 
4 57140 
5 56910 
6 56400 
7 56348 
8 55472 
9 55218 
10 54822 
11 54268 
12 54172 
13 54130 
14 53978 
15 53960 
16 53682 
17 52038 
18 51918 
19 48910 
20 48546 
21 48428 
22 47920 
23 46690 
24 44928 
25 44786 
26 43692 
27 43566 
28 43100 
29 42590 
30 42296 
31 42004 
32 41284 
33 41250 
34 40546 
35 38148 
36 35602 
37 35274 
38 31442 
39 31364 
40 30238 
41 29142 
42 29138 
43 28838 
44 28574 
45 28448 
46 27948 
47 27428 
48 27372 
49 27114 
50 27094 
51 27012 
52 26898 
53 26202 
54 26202 
55 23714 
56 21068 
57 20844 
58 20688 
59 20644 
60 19206 
61 18768 
62 18410 
63 18254 
64 18058 
65 16988 
66 16812 
67 16812 

