0 39618 
1 39048 
2 38318 
3 38194 
4 37320 
5 37160 
6 36296 
7 36232 
8 36206 
9 35936 
10 35914 
11 35872 
12 35546 
13 33276 
14 32646 
15 32360 
16 32168 
17 32060 
18 31312 
19 31084 
20 31062 
21 30898 
22 30840 
23 29920 
24 29596 
25 29534 
26 27946 
27 27536 
28 26794 
29 26730 
30 25348 
31 23952 
32 23848 
33 22926 
34 22760 
35 21462 
36 21356 
37 21340 
38 21048 
39 20874 
40 20532 
41 19568 
42 18912 
43 18560 
44 18536 
45 18372 
46 18184 
47 17040 
48 16896 
49 16664 
50 16614 
51 16078 
52 16020 
53 15848 
54 14608 
55 14540 
56 14202 
57 14198 
58 13682 
59 13682 

