0 55184 
1 54510 
2 53384 
3 51744 
4 50960 
5 48460 
6 47810 
7 46172 
8 45860 
9 44544 
10 43384 
11 43162 
12 41280 
13 39882 
14 39726 
15 39246 
16 38694 
17 38414 
18 37782 
19 37634 
20 37288 
21 37176 
22 35806 
23 35370 
24 35120 
25 34354 
26 33290 
27 33248 
28 32904 
29 32208 
30 32202 
31 29838 
32 29204 
33 28170 
34 27156 
35 27148 
36 26482 
37 26358 
38 24888 
39 24580 
40 24436 
41 24336 
42 23892 
43 23162 
44 22980 
45 22888 
46 21822 
47 21170 
48 21028 
49 20592 
50 19528 
51 19236 
52 19118 
53 17782 
54 17660 
55 17516 
56 17098 
57 16276 
58 15592 
59 15300 
60 14910 
61 14452 
62 14296 
63 14196 
64 13706 
65 12674 
66 12406 
67 11970 
68 10956 
69 10956 

