0 74240 
1 73964 
2 73952 
3 73832 
4 72818 
5 72742 
6 71504 
7 70952 
8 70334 
9 70098 
10 69230 
11 69222 
12 68592 
13 68412 
14 68368 
15 65466 
16 64806 
17 63874 
18 63780 
19 62228 
20 61864 
21 60918 
22 58892 
23 58162 
24 57922 
25 57288 
26 55488 
27 53928 
28 53880 
29 53586 
30 53190 
31 52700 
32 51734 
33 49290 
34 49196 
35 48652 
36 48298 
37 48130 
38 47802 
39 47230 
40 47128 
41 46800 
42 44888 
43 42920 
44 41816 
45 41708 
46 41694 
47 41116 
48 41014 
49 39388 
50 39066 
51 38604 
52 38096 
53 37850 
54 36986 
55 35744 
56 35272 
57 35230 
58 34358 
59 33242 
60 33046 
61 32270 
62 32234 
63 31774 
64 30586 
65 30560 
66 30302 
67 28988 
68 28856 
69 27800 
70 27690 
71 25822 
72 23820 
73 21570 
74 20830 
75 19190 
76 18850 
77 18764 
78 18162 
79 17006 
80 16442 
81 16352 
82 16198 
83 15672 
84 14654 
85 14154 
86 14154 

