0 48250 
1 47812 
2 46468 
3 46140 
4 45840 
5 45540 
6 42506 
7 42438 
8 41402 
9 40554 
10 40330 
11 36342 
12 36302 
13 36116 
14 35900 
15 35112 
16 34676 
17 34164 
18 33440 
19 33316 
20 32994 
21 32364 
22 31066 
23 30798 
24 30622 
25 29462 
26 27840 
27 26758 
28 26374 
29 24132 
30 23532 
31 23352 
32 21896 
33 21264 
34 20928 
35 20284 
36 20264 
37 19994 
38 19038 
39 18406 
40 18126 
41 16382 
42 15950 
43 15442 
44 15388 
45 15096 
46 11886 
47 11790 
48 11750 
49 11656 
50 11616 
51 11228 
52 11228 

