0 61252 
1 60798 
2 60246 
3 59336 
4 59192 
5 58920 
6 58680 
7 56620 
8 56412 
9 55670 
10 54806 
11 54268 
12 54264 
13 54012 
14 51784 
15 51700 
16 51668 
17 51404 
18 51332 
19 48668 
20 48596 
21 46416 
22 45286 
23 44776 
24 44644 
25 44380 
26 43170 
27 41326 
28 41284 
29 41100 
30 40762 
31 38916 
32 37490 
33 35870 
34 35698 
35 35680 
36 35316 
37 34550 
38 34458 
39 33766 
40 32512 
41 32400 
42 32396 
43 29556 
44 29288 
45 29246 
46 26760 
47 26708 
48 26674 
49 26632 
50 26404 
51 26328 
52 26294 
53 26290 
54 26200 
55 26030 
56 24620 
57 24428 
58 24316 
59 23534 
60 23332 
61 21466 
62 20252 
63 19940 
64 17812 
65 17228 
66 17198 
67 17102 
68 16702 
69 16456 
70 16454 
71 15940 
72 15810 
73 14732 
74 14386 
75 13742 
76 13318 
77 13318 

