0 95066 
1 94442 
2 93952 
3 93812 
4 93224 
5 93090 
6 92338 
7 90082 
8 89840 
9 88286 
10 88270 
11 87974 
12 87794 
13 87440 
14 86060 
15 84488 
16 83410 
17 81830 
18 81000 
19 80904 
20 79936 
21 79426 
22 78836 
23 78558 
24 78444 
25 77944 
26 77824 
27 77278 
28 76246 
29 76078 
30 74826 
31 74526 
32 72858 
33 72664 
34 72590 
35 72466 
36 71674 
37 70814 
38 70514 
39 70148 
40 69062 
41 67586 
42 67036 
43 65748 
44 63900 
45 63814 
46 63690 
47 63234 
48 61468 
49 61372 
50 60494 
51 60372 
52 59768 
53 58848 
54 58096 
55 56672 
56 55708 
57 55300 
58 54856 
59 53624 
60 52702 
61 52220 
62 51726 
63 51646 
64 51580 
65 51548 
66 49102 
67 48986 
68 48086 
69 47132 
70 45476 
71 44982 
72 44782 
73 44682 
74 42982 
75 42622 
76 41196 
77 41042 
78 40932 
79 40816 
80 39336 
81 38978 
82 38562 
83 37734 
84 36434 
85 36066 
86 36056 
87 36024 
88 35940 
89 35828 
90 34446 
91 33328 
92 32952 
93 32670 
94 32062 
95 30354 
96 29686 
97 28240 
98 27896 
99 27424 
100 27344 
101 26434 
102 26294 
103 23950 
104 22330 
105 22056 
106 21806 
107 20096 
108 19266 
109 19202 
110 16674 
111 16498 
112 16248 
113 16248 

