0 57236 
1 53248 
2 51550 
3 51090 
4 51034 
5 49902 
6 49160 
7 48680 
8 45040 
9 44896 
10 44384 
11 41628 
12 38390 
13 38036 
14 37872 
15 37372 
16 37200 
17 36780 
18 36318 
19 35930 
20 35534 
21 35182 
22 35118 
23 35102 
24 34942 
25 34926 
26 34906 
27 34816 
28 33810 
29 33676 
30 33522 
31 32618 
32 31486 
33 31218 
34 30328 
35 30304 
36 29664 
37 28770 
38 28210 
39 27422 
40 26042 
41 25978 
42 25742 
43 25550 
44 24710 
45 24516 
46 22350 
47 22036 
48 21908 
49 21844 
50 20984 
51 20302 
52 20244 
53 19284 
54 18780 
55 17226 
56 16958 
57 16846 
58 16588 
59 16458 
60 16384 
61 15692 
62 15400 
63 15352 
64 12556 
65 12258 
66 11694 
67 11358 
68 11334 
69 9990 
70 9942 
71 9742 
72 9742 

