0 73890 
1 73496 
2 73458 
3 73064 
4 70498 
5 70210 
6 70014 
7 68614 
8 68502 
9 67094 
10 66878 
11 66480 
12 64856 
13 64496 
14 64464 
15 62800 
16 62768 
17 61196 
18 60668 
19 60636 
20 60562 
21 60404 
22 60268 
23 58826 
24 58184 
25 58032 
26 57790 
27 57650 
28 57266 
29 57194 
30 56666 
31 54596 
32 53396 
33 49934 
34 49784 
35 49488 
36 48372 
37 48108 
38 47628 
39 47114 
40 46736 
41 46644 
42 46138 
43 45958 
44 45942 
45 43002 
46 42358 
47 42166 
48 41352 
49 40746 
50 40706 
51 40270 
52 40078 
53 37442 
54 36094 
55 36016 
56 35848 
57 35816 
58 35006 
59 33556 
60 32284 
61 31580 
62 31138 
63 30970 
64 30926 
65 30530 
66 29862 
67 28410 
68 27472 
69 27206 
70 25296 
71 24172 
72 23854 
73 23810 
74 22542 
75 20980 
76 20238 
77 20106 
78 19686 
79 19060 
80 18940 
81 18840 
82 17316 
83 13624 
84 13348 
85 13036 
86 13036 

