0 53446 
1 46866 
2 46710 
3 46130 
4 45886 
5 45644 
6 45416 
7 45202 
8 43760 
9 42386 
10 41942 
11 39744 
12 39504 
13 38676 
14 38522 
15 37078 
16 36984 
17 36160 
18 36152 
19 36082 
20 35842 
21 34372 
22 33072 
23 32326 
24 30262 
25 30250 
26 29210 
27 28626 
28 28550 
29 28316 
30 28238 
31 27570 
32 27174 
33 27070 
34 26822 
35 26642 
36 25906 
37 25716 
38 25136 
39 24638 
40 23342 
41 22858 
42 21012 
43 20198 
44 20198 
45 19288 
46 18598 
47 18500 
48 18056 
49 18056 
50 18044 
51 17082 
52 17082 
53 17052 
54 16936 
55 16892 
56 16892 
57 16884 
58 16872 
59 16760 
60 15206 
61 14652 
62 12952 
63 12836 
64 12676 
65 12554 
66 12534 
67 12534 

