0 65452 
1 64754 
2 62806 
3 61810 
4 61614 
5 61350 
6 60832 
7 60452 
8 59066 
9 58886 
10 56550 
11 56386 
12 56300 
13 56210 
14 54788 
15 54340 
16 54178 
17 53358 
18 51806 
19 51784 
20 51744 
21 51534 
22 51432 
23 51270 
24 50138 
25 50084 
26 48410 
27 47538 
28 45206 
29 45126 
30 44652 
31 42564 
32 42272 
33 41666 
34 41626 
35 41102 
36 40244 
37 39776 
38 39188 
39 38606 
40 37610 
41 36668 
42 36080 
43 36048 
44 36036 
45 34614 
46 34406 
47 33216 
48 32616 
49 32344 
50 31970 
51 31802 
52 31534 
53 31480 
54 31390 
55 30898 
56 30662 
57 30524 
58 28816 
59 28424 
60 27944 
61 27728 
62 27308 
63 27298 
64 26384 
65 26308 
66 25796 
67 25288 
68 24426 
69 23814 
70 22668 
71 22494 
72 22458 
73 22122 
74 21296 
75 20708 
76 20312 
77 18716 
78 18664 
79 17762 
80 14902 
81 14894 
82 14732 
83 14048 
84 13358 
85 13358 

