0 82812 
1 82412 
2 82304 
3 78500 
4 77984 
5 75600 
6 75334 
7 75190 
8 74630 
9 74212 
10 74014 
11 71778 
12 71338 
13 69688 
14 69674 
15 68472 
16 67880 
17 67862 
18 67444 
19 65274 
20 65062 
21 63440 
22 63160 
23 63042 
24 62978 
25 62492 
26 62268 
27 61208 
28 61184 
29 60644 
30 60578 
31 59990 
32 59686 
33 59374 
34 59334 
35 58366 
36 57266 
37 56402 
38 56092 
39 53654 
40 52802 
41 50506 
42 50416 
43 49718 
44 49262 
45 48438 
46 47994 
47 47276 
48 46984 
49 46236 
50 46228 
51 45820 
52 45544 
53 44948 
54 44726 
55 43474 
56 42956 
57 42792 
58 40978 
59 40778 
60 40494 
61 40248 
62 39604 
63 39154 
64 37412 
65 37060 
66 36622 
67 35216 
68 35054 
69 34616 
70 33650 
71 33068 
72 32798 
73 31706 
74 31512 
75 30792 
76 29690 
77 29300 
78 29126 
79 28924 
80 28462 
81 28310 
82 27628 
83 27208 
84 26794 
85 24968 
86 23296 
87 22750 
88 22544 
89 19980 
90 19680 
91 18348 
92 17192 
93 17100 
94 16710 
95 15798 
96 15738 
97 15648 
98 14730 
99 14646 
100 14540 
101 12794 
102 12778 
103 12670 
104 12164 
105 12120 
106 9828 
107 9754 
108 9486 
109 9486 

