0 52398 
1 49378 
2 46176 
3 45590 
4 45228 
5 44960 
6 44432 
7 44102 
8 43866 
9 43838 
10 42866 
11 41986 
12 41546 
13 40922 
14 39274 
15 38874 
16 37732 
17 37532 
18 37252 
19 36822 
20 35002 
21 33648 
22 32560 
23 32550 
24 32270 
25 32046 
26 32014 
27 31806 
28 31518 
29 31142 
30 31114 
31 30444 
32 30088 
33 29312 
34 29194 
35 28738 
36 28578 
37 27940 
38 27672 
39 25828 
40 22708 
41 22632 
42 22478 
43 21510 
44 20838 
45 20310 
46 19890 
47 19206 
48 19140 
49 18132 
50 16904 
51 16472 
52 16040 
53 15726 
54 12422 
55 12032 
56 11840 
57 11264 
58 11230 
59 11164 
60 11164 
61 11164 
62 11164 
63 11048 
64 11008 
65 10690 
66 10510 
67 10102 
68 10102 

