0 93944 
1 93780 
2 93728 
3 93720 
4 93478 
5 93314 
6 92350 
7 92016 
8 90336 
9 88970 
10 88078 
11 87976 
12 87474 
13 86904 
14 86406 
15 85986 
16 84610 
17 83130 
18 82976 
19 82686 
20 82470 
21 82386 
22 81062 
23 80416 
24 78314 
25 77696 
26 76364 
27 76242 
28 74026 
29 73684 
30 73066 
31 73000 
32 71616 
33 71316 
34 71088 
35 70724 
36 70074 
37 68780 
38 67324 
39 66732 
40 66390 
41 62770 
42 62572 
43 61766 
44 60524 
45 60234 
46 59794 
47 59596 
48 59338 
49 57380 
50 56892 
51 56858 
52 56648 
53 55900 
54 54930 
55 54634 
56 54070 
57 53020 
58 52714 
59 52582 
60 52526 
61 51382 
62 51338 
63 50434 
64 50432 
65 48942 
66 48702 
67 48336 
68 48070 
69 45692 
70 45676 
71 45388 
72 43026 
73 41706 
74 41150 
75 41088 
76 39252 
77 39076 
78 37938 
79 37806 
80 36978 
81 36866 
82 35858 
83 35704 
84 35492 
85 33912 
86 33796 
87 33334 
88 31414 
89 31094 
90 30166 
91 28004 
92 27856 
93 27162 
94 26472 
95 25746 
96 25554 
97 25338 
98 24242 
99 23654 
100 23018 
101 21526 
102 20098 
103 19218 
104 19188 
105 19042 
106 18654 
107 18288 
108 17944 
109 17548 
110 17052 
111 16944 
112 16276 
113 15616 
114 15616 

