0 40992 
1 36632 
2 36188 
3 36160 
4 36128 
5 35906 
6 34380 
7 34232 
8 33918 
9 33700 
10 33482 
11 32786 
12 32520 
13 32400 
14 30624 
15 30512 
16 29396 
17 29226 
18 28902 
19 28796 
20 27270 
21 27122 
22 27020 
23 26918 
24 26314 
25 26180 
26 24996 
27 24728 
28 24686 
29 24188 
30 24036 
31 23252 
32 22980 
33 22366 
34 21964 
35 21806 
36 21076 
37 20612 
38 20498 
39 18636 
40 17754 
41 17184 
42 17042 
43 16652 
44 16626 
45 14874 
46 14596 
47 13304 
48 12674 
49 11596 
50 11170 
51 10204 
52 10082 
53 10082 

