0 40488 
1 40442 
2 39970 
3 38872 
4 38232 
5 38134 
6 36412 
7 36382 
8 35342 
9 35284 
10 34338 
11 34246 
12 33414 
13 32760 
14 32016 
15 31392 
16 30338 
17 30328 
18 28696 
19 28152 
20 27000 
21 26990 
22 25608 
23 23900 
24 23734 
25 23606 
26 22436 
27 21936 
28 21662 
29 21542 
30 21132 
31 20786 
32 20752 
33 20742 
34 20732 
35 19400 
36 17594 
37 17474 
38 17182 
39 15966 
40 15922 
41 15900 
42 15898 
43 15358 
44 15340 
45 14976 
46 14282 
47 14002 
48 13278 
49 13268 
50 12756 
51 12410 
52 10732 
53 10688 
54 10688 

