0 59334 
1 58740 
2 58396 
3 56998 
4 55390 
5 55348 
6 53248 
7 52056 
8 51418 
9 51414 
10 49370 
11 48944 
12 46954 
13 46848 
14 45436 
15 45284 
16 45042 
17 45032 
18 43662 
19 43598 
20 40000 
21 39976 
22 38950 
23 38490 
24 37688 
25 37444 
26 37336 
27 36552 
28 36538 
29 36236 
30 36218 
31 35406 
32 34040 
33 32828 
34 32808 
35 31284 
36 31184 
37 31146 
38 28924 
39 27100 
40 27046 
41 26846 
42 26826 
43 25662 
44 23814 
45 20274 
46 19708 
47 19302 
48 18960 
49 18906 
50 18850 
51 18448 
52 17734 
53 17250 
54 16582 
55 16494 
56 13274 
57 13274 
58 11416 
59 11414 
60 11414 

