0 52024 
1 50408 
2 50394 
3 50314 
4 50200 
5 49168 
6 49120 
7 48032 
8 46160 
9 45390 
10 45322 
11 44722 
12 44130 
13 43666 
14 43396 
15 42356 
16 41830 
17 40784 
18 40600 
19 39936 
20 39668 
21 39018 
22 38704 
23 36226 
24 36016 
25 35588 
26 35248 
27 34928 
28 33746 
29 32092 
30 31762 
31 30756 
32 30240 
33 28578 
34 27546 
35 27154 
36 26434 
37 26270 
38 25238 
39 25148 
40 23874 
41 23834 
42 23570 
43 22494 
44 22452 
45 21988 
46 21276 
47 21142 
48 19266 
49 19192 
50 18966 
51 17240 
52 17072 
53 16460 
54 15628 
55 13348 
56 13124 
57 12990 
58 12684 
59 12516 
60 11846 
61 11846 

