0 68898 
1 68198 
2 67932 
3 66302 
4 66142 
5 65982 
6 65958 
7 65032 
8 63914 
9 60952 
10 60136 
11 60122 
12 58406 
13 55166 
14 54442 
15 54318 
16 54034 
17 52266 
18 50816 
19 50648 
20 50144 
21 49606 
22 48862 
23 47172 
24 46986 
25 46974 
26 44560 
27 44272 
28 43786 
29 43694 
30 43502 
31 43276 
32 40530 
33 40498 
34 40114 
35 38492 
36 38454 
37 38266 
38 33810 
39 33708 
40 32432 
41 30584 
42 30580 
43 29588 
44 29580 
45 27688 
46 27508 
47 27348 
48 27084 
49 24798 
50 24684 
51 24082 
52 23746 
53 23154 
54 23118 
55 20474 
56 20278 
57 20136 
58 18754 
59 18258 
60 18174 
61 17922 
62 16576 
63 16404 
64 15718 
65 15646 
66 15622 
67 15494 
68 15330 
69 12280 
70 12260 
71 12260 

