0 68554 
1 67574 
2 66586 
3 66166 
4 65998 
5 64418 
6 61042 
7 60754 
8 60226 
9 59992 
10 59978 
11 58936 
12 58028 
13 56136 
14 55586 
15 54642 
16 54070 
17 52450 
18 51062 
19 50798 
20 50272 
21 49974 
22 49920 
23 49116 
24 48134 
25 47110 
26 44808 
27 44784 
28 43148 
29 42660 
30 42568 
31 41580 
32 41572 
33 41476 
34 40632 
35 40540 
36 40088 
37 39420 
38 38336 
39 37732 
40 33084 
41 33028 
42 32488 
43 31532 
44 31164 
45 30894 
46 30774 
47 29820 
48 29672 
49 29522 
50 27784 
51 25278 
52 24866 
53 24094 
54 22212 
55 20818 
56 19376 
57 18638 
58 18554 
59 16794 
60 14522 
61 14522 

