0 87940 
1 87622 
2 86672 
3 81854 
4 81732 
5 81296 
6 81200 
7 80234 
8 79814 
9 79694 
10 78266 
11 78252 
12 78076 
13 75378 
14 73634 
15 73422 
16 72718 
17 71986 
18 71420 
19 71252 
20 70988 
21 70904 
22 69844 
23 69628 
24 69622 
25 69164 
26 66844 
27 66754 
28 66708 
29 63840 
30 63534 
31 63434 
32 63076 
33 63018 
34 63000 
35 62752 
36 62630 
37 61762 
38 60778 
39 59754 
40 59530 
41 59458 
42 58510 
43 58002 
44 55426 
45 55090 
46 55046 
47 54902 
48 54830 
49 54634 
50 53600 
51 51798 
52 51658 
53 51520 
54 51352 
55 51338 
56 51210 
57 51048 
58 50608 
59 50318 
60 49982 
61 49868 
62 49852 
63 49360 
64 47032 
65 46828 
66 46374 
67 46310 
68 46290 
69 46194 
70 44528 
71 44456 
72 44380 
73 43714 
74 43546 
75 42732 
76 42596 
77 42532 
78 42232 
79 41894 
80 40290 
81 40218 
82 39918 
83 39890 
84 39212 
85 38912 
86 37180 
87 36922 
88 36626 
89 35962 
90 34084 
91 33946 
92 33630 
93 33150 
94 32276 
95 31120 
96 30814 
97 27856 
98 27598 
99 26660 
100 26244 
101 26220 
102 25404 
103 24948 
104 24484 
105 24412 
106 23680 
107 23656 
108 22858 
109 22780 
110 22568 
111 22236 
112 21432 
113 20596 
114 18586 
115 15946 
116 15674 
117 15498 
118 15426 
119 15378 
120 13746 
121 13604 
122 13352 
123 13252 
124 13252 

