0 4116 
1 4084 
2 4076 
3 4072 
4 4064 
5 4052 
6 4008 
7 3952 
8 3908 
9 3882 
10 3878 
11 3776 
12 3762 
13 3758 
14 3750 
15 3602 
16 3574 
17 3560 
18 3554 
19 3514 
20 3494 
21 3454 
22 3450 
23 3402 
24 3394 
25 3306 
26 3282 
27 3280 
28 3214 
29 3210 
30 3172 
31 3132 
32 3112 
33 3008 
34 3002 
35 2986 
36 2982 
37 2978 
38 2910 
39 2906 
40 2892 
41 2890 
42 2876 
43 2876 
44 2876 
45 2852 
46 2832 
47 2796 
48 2716 
49 2676 
50 2656 
51 2654 
52 2602 
53 2598 
54 2584 
55 2564 
56 2564 
57 2540 
58 2488 
59 2448 
60 2430 
61 2376 
62 2320 
63 2198 
64 2148 
65 2148 
66 2148 
67 2108 
68 2108 
69 2062 
70 2062 
71 2062 
72 2060 
73 2060 
74 2052 
75 2012 
76 1908 
77 1892 
78 1888 
79 1888 
80 1888 
81 1888 
82 1862 
83 1840 
84 1816 
85 1736 
86 1736 
87 1662 
88 1662 
89 1662 
90 1628 
91 1628 
92 1628 
93 1628 
94 1628 
95 1628 
96 1628 
97 1628 
98 1628 
99 1628 
100 1628 
101 1628 
102 1628 
103 1628 
104 1628 
105 1628 
106 1628 
107 1628 
108 1628 
109 1628 
110 1628 
111 1628 
112 1628 
113 1628 
114 1628 
115 1628 
116 1628 
117 1628 
118 1628 
119 1628 
120 1628 
121 1628 
122 1534 
123 1534 

