0 77382 
1 76418 
2 74168 
3 73926 
4 73254 
5 72264 
6 71622 
7 71222 
8 71020 
9 69450 
10 67566 
11 67512 
12 67050 
13 66464 
14 65068 
15 64690 
16 62404 
17 61076 
18 56586 
19 53060 
20 51562 
21 50704 
22 46964 
23 46278 
24 43880 
25 43736 
26 43388 
27 43244 
28 43064 
29 42614 
30 41742 
31 41736 
32 41682 
33 41538 
34 39358 
35 38418 
36 38334 
37 37976 
38 37928 
39 37342 
40 36766 
41 36638 
42 36564 
43 36528 
44 34330 
45 31432 
46 31254 
47 31124 
48 30636 
49 30522 
50 30042 
51 28800 
52 28336 
53 27724 
54 26700 
55 26690 
56 26074 
57 24732 
58 23160 
59 22690 
60 22286 
61 21610 
62 20996 
63 20704 
64 20084 
65 19644 
66 18720 
67 18134 
68 17894 
69 15114 
70 14670 
71 14670 

