0 51050 
1 50948 
2 50500 
3 48806 
4 47924 
5 47780 
6 47660 
7 47062 
8 45744 
9 45090 
10 43804 
11 43802 
12 43772 
13 43608 
14 42594 
15 42064 
16 41380 
17 40812 
18 38540 
19 38336 
20 37806 
21 37014 
22 36828 
23 36782 
24 36552 
25 36504 
26 36436 
27 34500 
28 31364 
29 30692 
30 28356 
31 27972 
32 24922 
33 23772 
34 23604 
35 22668 
36 21662 
37 21548 
38 21166 
39 21112 
40 21034 
41 20758 
42 20356 
43 20190 
44 18928 
45 18848 
46 18826 
47 18538 
48 17394 
49 17328 
50 17062 
51 16754 
52 16050 
53 15966 
54 15770 
55 15770 

