0 60162 
1 58062 
2 57546 
3 54802 
4 54750 
5 51784 
6 51490 
7 51116 
8 50840 
9 50338 
10 49548 
11 46818 
12 46640 
13 46438 
14 44116 
15 43422 
16 43316 
17 41648 
18 41446 
19 40684 
20 40372 
21 39184 
22 39146 
23 38978 
24 38284 
25 36786 
26 36480 
27 35672 
28 35130 
29 35068 
30 34318 
31 34050 
32 33602 
33 31822 
34 31708 
35 31274 
36 29898 
37 29632 
38 29596 
39 29424 
40 29342 
41 29050 
42 27690 
43 27390 
44 27166 
45 27150 
46 27038 
47 26756 
48 23938 
49 22268 
50 22216 
51 22184 
52 21794 
53 21792 
54 21080 
55 20954 
56 20362 
57 19770 
58 19298 
59 19242 
60 18858 
61 17744 
62 17488 
63 16632 
64 16618 
65 16314 
66 15764 
67 15762 
68 15050 
69 14924 
70 14050 
71 13794 
72 12938 
73 12936 
74 12936 

