0 67788 
1 66588 
2 66388 
3 66364 
4 66302 
5 65296 
6 62080 
7 61834 
8 61764 
9 61546 
10 60996 
11 60860 
12 60608 
13 58282 
14 57802 
15 57622 
16 55620 
17 54128 
18 53888 
19 53398 
20 53254 
21 52748 
22 51264 
23 51010 
24 50758 
25 49794 
26 49298 
27 48906 
28 48318 
29 47920 
30 47914 
31 47326 
32 46838 
33 46034 
34 45566 
35 43634 
36 43306 
37 43290 
38 41306 
39 40516 
40 40274 
41 39696 
42 38604 
43 38582 
44 38438 
45 38340 
46 38232 
47 37842 
48 37414 
49 37324 
50 37220 
51 36756 
52 35918 
53 34400 
54 33888 
55 33800 
56 32954 
57 31690 
58 31040 
59 30700 
60 29800 
61 29540 
62 28822 
63 28000 
64 27008 
65 26494 
66 25176 
67 24084 
68 23778 
69 23336 
70 22802 
71 21666 
72 20758 
73 20662 
74 20188 
75 20146 
76 19686 
77 19314 
78 18378 
79 18294 
80 17592 
81 17274 
82 14396 
83 14364 
84 14042 
85 14000 
86 14000 

