0 54458 
1 53696 
2 53522 
3 53464 
4 53452 
5 52018 
6 51702 
7 51420 
8 51262 
9 50962 
10 49938 
11 49392 
12 48756 
13 48700 
14 48256 
15 48178 
16 46860 
17 46856 
18 45902 
19 44960 
20 44586 
21 44322 
22 43206 
23 41228 
24 40448 
25 39536 
26 39448 
27 37720 
28 37560 
29 37336 
30 36718 
31 36538 
32 34804 
33 34690 
34 34260 
35 32660 
36 32522 
37 31350 
38 31316 
39 31248 
40 31168 
41 30884 
42 30558 
43 29378 
44 29338 
45 29302 
46 28604 
47 26866 
48 26166 
49 26150 
50 26020 
51 24326 
52 23470 
53 23422 
54 20228 
55 20212 
56 20100 
57 20064 
58 19868 
59 19218 
60 19146 
61 18108 
62 17638 
63 17326 
64 16640 
65 16086 
66 16072 
67 15496 
68 15320 
69 15262 
70 14512 
71 14436 
72 12968 
73 12884 
74 12064 
75 12064 

