0 59614 
1 58672 
2 57836 
3 57000 
4 55318 
5 55174 
6 54994 
7 54736 
8 54680 
9 54024 
10 53880 
11 53590 
12 52854 
13 51352 
14 51116 
15 51032 
16 50992 
17 50822 
18 49466 
19 49156 
20 46890 
21 46874 
22 46634 
23 45250 
24 44200 
25 44184 
26 44152 
27 43736 
28 43724 
29 43492 
30 43140 
31 43056 
32 41392 
33 40708 
34 39948 
35 39828 
36 38870 
37 38714 
38 36566 
39 34246 
40 34128 
41 33988 
42 33968 
43 33868 
44 33276 
45 30914 
46 29154 
47 28154 
48 28074 
49 27346 
50 25554 
51 22722 
52 22698 
53 21230 
54 21210 
55 19770 
56 19338 
57 18328 
58 17616 
59 17536 
60 16718 
61 16100 
62 16080 
63 15768 
64 15548 
65 15252 
66 15028 
67 14820 
68 14170 
69 13542 
70 13542 
71 13290 
72 13290 
73 12850 
74 12850 
75 12850 
76 12850 
77 12850 
78 12850 
79 12850 
80 12850 
81 12850 
82 12850 
83 12850 
84 12850 
85 12850 
86 12850 
87 12850 
88 12850 
89 12850 
90 12850 
91 12850 
92 12850 
93 12850 
94 12850 
95 12850 
96 12850 
97 12850 
98 12850 
99 12850 
100 12850 
101 12850 
102 12850 
103 12850 
104 12850 
105 12850 
106 12850 
107 12850 
108 12850 
109 12850 
110 12850 
111 12850 
112 12850 
113 12850 
114 12850 
115 12850 
116 12850 
117 12850 
118 12850 
119 12850 
120 12850 
121 12850 
122 12850 
123 12850 
124 12850 
125 12850 
126 12850 
127 12850 
128 12850 
129 12850 
130 12850 
131 12850 
132 12850 
133 12850 
134 12850 
135 12850 
136 12850 
137 12850 
138 12850 
139 12850 
140 12850 
141 12850 
142 12850 
143 12850 
144 12850 
145 12850 
146 12850 
147 12850 
148 12850 
149 12850 
150 12850 
151 12850 
152 12850 
153 12850 
154 12850 
155 12850 
156 12850 
157 12850 
158 12850 
159 12850 
160 12850 
161 12850 
162 12850 
163 12850 
164 12850 
165 12850 
166 12850 
167 12850 
168 12850 
169 12850 
170 12850 
171 12850 
172 12850 
173 12850 
174 12850 
175 12850 
176 12850 
177 12850 
178 12850 
179 12850 
180 12850 
181 12850 
182 12850 
183 12850 
184 12850 
185 12850 
186 12850 
187 12850 
188 12850 
189 12850 
190 12850 
191 12850 
192 12850 
193 12850 
194 12850 
195 12850 
196 12850 
197 12850 
198 12850 
199 12850 
200 12850 
201 12850 
202 12850 
203 12850 
204 12850 
205 12850 
206 12850 
207 12850 
208 12850 
209 12850 
210 12850 
211 12850 
212 12850 
213 12850 
214 12850 
215 12850 
216 12850 
217 12850 
218 12850 
219 12850 
220 12850 
221 12850 
222 12850 
223 12850 
224 12850 
225 12850 
226 12850 
227 12850 
228 12850 
229 12850 
230 12850 
231 12850 
232 12850 
233 12850 
234 12850 
235 12850 
236 12850 
237 12850 
238 12850 
239 12850 
240 12850 
241 12850 
242 12850 
243 12850 
244 12850 
245 12850 
246 12850 
247 12850 
248 12850 
249 12850 
250 12850 
251 12850 
252 12850 
253 12850 
254 12850 
255 12850 
256 12850 
257 12850 
258 12850 
259 12850 
260 12850 
261 12850 
262 12850 
263 12850 
264 12850 
265 12850 
266 12850 
267 12850 
268 12850 
269 12850 
270 12850 
271 12850 
272 12850 
273 12850 
274 12850 
275 12850 
276 12850 
277 12850 
278 12850 
279 12850 
280 12850 
281 12850 
282 12850 
283 12850 
284 12850 
285 12850 
286 12850 
287 12850 
288 12850 
289 12850 
290 12850 
291 12850 
292 12850 
293 12850 
294 12850 
295 12850 
296 12850 
297 12850 
298 12850 
299 12850 
300 12850 
301 12850 
302 12850 
303 12850 
304 12850 
305 12850 
306 12850 
307 12850 
308 12850 
309 12850 
310 12850 
311 12850 
312 12850 
313 12850 
314 12850 
315 12850 
316 12850 
317 12850 
318 12850 
319 12850 
320 12850 
321 12850 
322 12850 
323 12850 
324 12850 
325 12850 
326 12850 
327 12850 
328 12850 
329 12850 
330 12850 
331 12850 
332 12850 
333 12850 
334 12850 
335 12850 
336 12850 
337 12850 
338 12850 
339 12850 
340 12850 
341 12850 
342 12850 
343 12850 
344 12850 
345 12850 
346 12850 
347 12850 
348 12850 
349 12850 
350 12850 
351 12850 
352 12850 
353 12850 
354 12850 
355 12850 
356 12850 
357 12850 
358 12850 
359 12850 
360 12850 
361 12850 
362 12850 
363 12850 
364 12850 
365 12850 
366 12850 
367 12850 
368 12850 
369 12850 
370 12850 
371 12850 
372 12850 
373 12850 
374 12850 
375 12850 
376 12850 
377 12850 
378 12850 
379 12850 
380 12850 
381 12850 
382 12850 
383 12850 
384 12850 
385 12850 
386 12850 
387 12850 
388 12850 
389 12850 
390 12850 
391 12850 
392 12850 
393 12850 
394 12850 
395 12850 
396 12850 
397 12850 
398 12850 
399 12850 
400 12850 
401 12850 
402 12850 
403 12850 
404 12850 
405 12850 
406 12850 
407 12850 
408 12850 
409 12850 
410 12850 
411 12850 
412 12850 
413 12850 
414 12850 
415 12850 
416 12850 
417 12850 
418 12850 
419 12850 
420 12850 
421 12850 
422 12850 
423 12850 
424 12850 
425 12850 
426 12850 
427 12850 
428 12850 
429 12850 
430 12850 
431 12850 
432 12850 
433 12850 
434 12850 
435 12850 
436 12850 
437 12850 
438 12850 
439 12850 
440 12850 
441 12850 
442 12850 
443 12850 
444 12850 
445 12850 
446 12850 
447 12850 
448 12850 
449 12850 
450 12850 
451 12850 
452 12850 
453 12850 
454 12850 
455 12850 
456 12850 
457 12850 
458 12850 
459 12850 
460 12850 
461 12850 
462 12850 
463 12850 
464 12850 
465 12850 
466 12850 
467 12850 
468 12850 
469 12850 
470 12850 
471 12850 
472 12850 
473 12850 
474 12850 
475 12850 
476 12850 
477 12850 
478 12850 
479 12850 
480 12850 
481 12850 
482 12850 
483 12850 
484 12850 
485 12850 
486 12850 
487 12850 
488 12850 
489 12850 
490 12850 
491 12850 
492 12850 
493 12850 
494 12850 
495 12850 
496 12850 
497 12850 
498 12850 
499 12850 
500 12850 
501 12850 
502 12850 
503 12850 
504 12850 
505 12850 
506 12850 
507 12850 
508 12850 
509 12850 
510 12850 
511 12850 
512 12850 
513 12850 
514 12850 
515 12850 
516 12850 
517 12850 
518 12850 
519 12850 
520 12850 
521 12850 
522 12850 
523 12850 
524 12850 
525 12850 
526 12850 
527 12850 
528 12850 
529 12850 
530 12850 
531 12850 
532 12850 
533 12850 
534 12850 
535 12850 
536 12850 
537 12850 
538 12850 
539 12850 
540 12850 
541 12850 
542 12850 
543 12850 
544 12850 
545 12850 
546 12850 
547 12850 
548 12850 
549 12850 
550 12850 
551 12850 
552 12850 
553 12850 
554 12850 
555 12850 
556 12850 
557 12850 
558 12850 
559 12850 
560 12850 
561 12850 
562 12850 
563 12850 
564 12850 
565 12850 
566 12850 
567 12850 
568 12850 
569 12850 
570 12850 
571 12850 
572 12850 
573 12850 
574 12850 
575 12850 
576 12850 
577 12850 
578 12850 
579 12850 
580 12850 
581 12850 
582 12850 
583 12850 
584 12850 
585 12850 
586 12850 
587 12850 
588 12850 
589 12850 
590 12850 
591 12850 
592 12850 
593 12850 
594 12850 
595 12850 
596 12850 
597 12850 
598 12850 
599 12850 
600 12850 
601 12850 
602 12850 
603 12850 
604 12850 
605 12850 
606 12850 
607 12850 
608 12850 
609 12850 
610 12850 
611 12850 
612 12850 
613 12850 
614 12850 
615 12850 
616 12850 
617 12850 
618 12850 
619 12850 
620 12850 
621 12850 
622 12850 
623 12850 
624 12850 
625 12850 
626 12850 
627 12850 
628 12850 
629 12850 
630 12850 
631 12850 
632 12850 
633 12850 
634 12850 
635 12850 
636 12850 
637 12850 
638 12850 
639 12850 
640 12850 
641 12850 
642 12850 
643 12850 
644 12850 
645 12850 
646 12850 
647 12850 
648 12850 
649 12850 
650 12850 
651 12850 
652 12850 
653 12850 
654 12850 
655 12850 
656 12850 
657 12850 
658 12850 
659 12850 
660 12850 
661 12850 
662 12850 
663 12850 
664 12850 
665 12850 
666 12850 
667 12850 
668 12850 
669 12850 
670 12850 
671 12850 
672 12850 
673 12850 
674 12850 
675 12850 
676 12850 
677 12850 
678 12850 
679 12850 
680 12850 
681 12850 
682 12850 
683 12850 
684 12850 
685 12850 
686 12850 
687 12850 
688 12850 
689 12850 
690 12850 
691 12850 
692 12850 
693 12850 
694 12850 
695 12850 
696 12850 
697 12850 
698 12850 
699 12850 
700 12850 
701 12850 
702 12850 
703 12850 
704 12850 
705 12850 
706 12850 
707 12850 
708 12850 
709 12850 
710 12850 
711 12850 
712 12850 
713 12850 
714 12850 
715 12850 
716 12850 
717 12850 
718 12850 
719 12850 
720 12850 
721 12850 
722 12850 
723 12850 
724 12850 
725 12850 
726 12850 
727 12850 
728 12850 
729 12850 
730 12850 
731 12850 
732 12850 
733 12850 
734 12850 
735 12850 
736 12850 
737 12850 
738 12850 
739 12850 
740 12850 
741 12850 
742 12850 
743 12850 
744 12850 
745 12850 
746 12850 
747 12850 
748 12850 
749 12850 
750 12850 
751 12850 
752 12850 
753 12850 
754 12850 
755 12850 
756 12850 
757 12850 
758 12850 
759 12850 
760 12850 
761 12850 
762 12850 
763 12850 
764 12850 
765 12850 
766 12850 
767 12850 
768 12850 
769 12850 
770 12850 
771 12850 
772 12850 
773 12850 
774 12850 
775 12850 
776 12850 
777 12850 
778 12850 
779 12850 
780 12850 
781 12850 
782 12850 
783 12850 
784 12850 
785 12850 
786 12850 
787 12850 
788 12850 
789 12850 
790 12850 
791 12850 
792 12850 
793 12850 
794 12850 
795 12850 
796 12850 
797 12850 
798 12850 
799 12850 
800 12850 
801 12850 
802 12850 
803 12850 
804 12850 
805 12850 
806 12850 
807 12850 
808 12850 
809 12850 
810 12850 
811 12850 
812 12850 
813 12850 
814 12850 
815 12850 
816 12850 
817 12850 
818 12850 
819 12850 
820 12850 
821 12850 
822 12850 
823 12850 
824 12850 
825 12850 
826 12850 
827 12850 
828 12850 
829 12850 
830 12850 
831 12850 
832 12850 
833 12850 
834 12850 
835 12850 
836 12850 
837 12850 
838 12850 
839 12850 
840 12850 
841 12850 
842 12850 
843 12850 
844 12850 
845 12850 
846 12850 
847 12850 
848 12850 
849 12850 
850 12850 
851 12850 
852 12850 
853 12850 
854 12850 
855 12850 
856 12850 
857 12850 
858 12850 
859 12850 
860 12850 
861 12850 
862 12850 
863 12850 
864 12850 
865 12850 
866 12850 
867 12850 
868 12850 
869 12850 
870 12850 
871 12850 
872 12850 
873 12850 
874 12850 
875 12850 
876 12850 
877 12850 
878 12850 
879 12850 
880 12850 
881 12850 
882 12850 
883 12850 
884 12850 
885 12850 
886 12850 
887 12850 
888 12850 
889 12850 
890 12850 
891 12850 
892 12850 
893 12850 
894 12850 
895 12850 
896 12850 
897 12850 
898 12850 
899 12850 
900 12850 
901 12850 
902 12850 
903 12850 
904 12850 
905 12850 
906 12850 
907 12850 
908 12850 
909 12850 
910 12850 
911 12850 
912 12850 
913 12850 
914 12850 
915 12850 
916 12850 
917 12850 
918 12850 
919 12850 
920 12850 
921 12850 
922 12850 
923 12850 
924 12850 
925 12850 
926 12850 
927 12850 
928 12850 
929 12850 
930 12850 
931 12850 
932 12850 
933 12850 
934 12850 
935 12850 
936 12850 
937 12850 
938 12850 
939 12850 
940 12850 
941 12850 
942 12850 
943 12850 
944 12850 
945 12850 
946 12850 
947 12850 
948 12850 
949 12850 
950 12850 
951 12850 
952 12850 
953 12850 
954 12850 
955 12850 
956 12850 
957 12850 
958 12850 
959 12850 
960 12850 
961 12850 
962 12850 
963 12850 
964 12850 
965 12850 
966 12850 
967 12850 
968 12850 
969 12850 
970 12850 
971 12850 
972 12850 
973 12850 
974 12850 
975 12850 
976 12850 
977 12850 
978 12850 
979 12850 
980 12850 
981 12850 
982 12850 
983 12850 
984 12850 
985 12850 
986 12850 
987 12850 
988 12850 
989 12850 
990 12850 
991 12850 
992 12850 
993 12850 
994 12850 
995 12850 
996 12850 
997 12850 
998 12850 
999 12850 
1000 12850 
1001 12850 
1002 12850 
1003 12850 
1004 12850 
1005 12850 
1006 12850 
1007 12850 
1008 12850 
1009 12850 
1010 12850 
1011 12850 
1012 12850 
1013 12850 
1014 12850 
1015 12850 
1016 12850 
1017 12850 
1018 12850 
1019 12850 
1020 12850 
1021 12850 
1022 12850 
1023 12850 
1024 12850 
1025 12850 
1026 12850 
1027 12850 
1028 12850 
1029 12850 
1030 12850 
1031 12850 
1032 12850 
1033 12850 
1034 12850 
1035 12850 
1036 12850 
1037 12850 
1038 12850 
1039 12850 
1040 12850 
1041 12850 
1042 12850 
1043 12850 
1044 12850 
1045 12850 
1046 12850 
1047 12850 
1048 12850 
1049 12850 
1050 12850 
1051 12850 
1052 12850 
1053 12850 
1054 12850 
1055 12850 
1056 12850 
1057 12850 
1058 12850 
1059 12850 
1060 12850 
1061 12850 
1062 12850 
1063 12850 
1064 12850 
1065 12850 
1066 12850 
1067 12850 
1068 12850 
1069 12850 
1070 12850 
1071 12850 
1072 12850 
1073 12850 
1074 12850 
1075 12850 
1076 12850 
1077 12850 
1078 12850 
1079 12850 
1080 12850 
1081 12850 
1082 12850 
1083 12850 
1084 12850 
1085 12850 
1086 12850 
1087 12850 
1088 12850 
1089 12850 
1090 12850 
1091 12850 
1092 12850 
1093 12850 
1094 12850 
1095 12850 
1096 12850 
1097 12850 
1098 12850 
1099 12850 
1100 12850 
1101 12850 
1102 12850 
1103 12850 
1104 12850 
1105 12850 
1106 12850 
1107 12850 
1108 12850 
1109 12850 
1110 12850 
1111 12850 
1112 12850 
1113 12850 
1114 12850 
1115 12850 
1116 12850 
1117 12850 
1118 12850 
1119 12850 
1120 12850 
1121 12850 
1122 12850 
1123 12850 
1124 12850 
1125 12850 
1126 12850 
1127 12850 
1128 12850 
1129 12850 
1130 12850 
1131 12850 
1132 12850 
1133 12850 
1134 12850 
1135 12850 
1136 12850 
1137 12850 
1138 12850 
1139 12850 
1140 12850 
1141 12850 
1142 12850 
1143 12850 
1144 12850 
1145 12850 
1146 12850 
1147 12850 
1148 12850 
1149 12850 
1150 12850 
1151 12850 
1152 12850 
1153 12850 
1154 12850 
1155 12850 
1156 12850 
1157 12850 
1158 12850 
1159 12850 
1160 12850 
1161 12850 
1162 12850 
1163 12850 
1164 12850 
1165 12850 
1166 12850 
1167 12850 
1168 12850 
1169 12850 
1170 12850 
1171 12850 
1172 12850 
1173 12850 
1174 12850 
1175 12850 
1176 12850 
1177 12850 
1178 12850 
1179 12850 
1180 12850 
1181 12850 
1182 12850 
1183 12850 
1184 12850 
1185 12850 
1186 12850 
1187 12850 
1188 12850 
1189 12850 
1190 12850 
1191 12850 
1192 12850 
1193 12850 
1194 12850 
1195 12850 
1196 12850 
1197 12850 
1198 12850 
1199 12850 
1200 12850 
1201 12850 
1202 12850 
1203 12850 
1204 12850 
1205 12850 
1206 12850 
1207 12850 
1208 12850 
1209 12850 
1210 12850 
1211 12850 
1212 12850 
1213 12850 
1214 12850 
1215 12850 
1216 12850 
1217 12850 
1218 12850 
1219 12850 
1220 12850 
1221 12850 
1222 12850 
1223 12850 
1224 12850 
1225 12850 
1226 12850 
1227 12850 
1228 12850 
1229 12850 
1230 12850 
1231 12850 
1232 12850 
1233 12850 
1234 12850 
1235 12850 
1236 12850 
1237 12850 
1238 12850 
1239 12850 
1240 12850 
1241 12850 
1242 12850 
1243 12850 
1244 12850 
1245 12850 
1246 12850 
1247 12850 
1248 12850 
1249 12850 
1250 12850 
1251 12850 
1252 12850 
1253 12850 
1254 12850 
1255 12850 
1256 12850 
1257 12850 
1258 12850 
1259 12850 
1260 12850 
1261 12850 
1262 12850 
1263 12850 
1264 12850 
1265 12850 
1266 12850 
1267 12850 
1268 12850 
1269 12850 
1270 12850 
1271 12850 
1272 12850 
1273 12850 

