0 4078 
1 3990 
2 3950 
3 3870 
4 3842 
5 3824 
6 3792 
7 3764 
8 3758 
9 3690 
10 3568 
11 3496 
12 3414 
13 3402 
14 3378 
15 3354 
16 3352 
17 3232 
18 3226 
19 3186 
20 3176 
21 3130 
22 3076 
23 3052 
24 3026 
25 3022 
26 3000 
27 2976 
28 2960 
29 2954 
30 2886 
31 2864 
32 2860 
33 2854 
34 2822 
35 2780 
36 2728 
37 2728 
38 2640 
39 2614 
40 2610 
41 2558 
42 2558 
43 2506 
44 2484 
45 2476 
46 2472 
47 2352 
48 2348 
49 2306 
50 2298 
51 2242 
52 2174 
53 2160 
54 2138 
55 2044 
56 1938 
57 1794 
58 1788 
59 1784 
60 1768 
61 1768 
62 1768 
63 1768 
64 1768 
65 1768 
66 1768 
67 1664 
68 1538 
69 1538 
70 1538 
71 1538 
72 1538 
73 1538 
74 1538 
75 1538 
76 1538 
77 1538 
78 1538 
79 1538 
80 1538 
81 1538 
82 1538 
83 1538 
84 1538 
85 1538 
86 1538 
87 1538 
88 1538 
89 1538 
90 1538 
91 1538 
92 1538 
93 1538 
94 1538 
95 1538 
96 1538 
97 1538 
98 1538 
99 1538 
100 1538 
101 1538 
102 1538 
103 1538 
104 1538 
105 1538 
106 1538 
107 1538 
108 1538 
109 1538 
110 1538 
111 1538 
112 1538 
113 1538 
114 1538 
115 1538 
116 1538 
117 1538 
118 1538 
119 1538 
120 1538 
121 1538 
122 1538 
123 1538 
124 1538 
125 1538 
126 1538 
127 1538 
128 1538 
129 1538 
130 1538 
131 1538 
132 1538 
133 1538 
134 1538 
135 1538 
136 1538 
137 1538 
138 1538 
139 1538 
140 1538 
141 1538 
142 1538 
143 1538 
144 1538 
145 1538 
146 1538 
147 1538 
148 1538 
149 1538 
150 1538 
151 1538 
152 1538 
153 1538 
154 1538 
155 1538 
156 1538 
157 1538 
158 1538 
159 1538 
160 1538 
161 1538 
162 1538 
163 1538 
164 1538 
165 1538 
166 1538 
167 1538 
168 1538 
169 1538 
170 1538 
171 1538 
172 1538 
173 1538 
174 1538 
175 1538 
176 1538 
177 1538 
178 1538 
179 1538 
180 1538 
181 1538 
182 1538 
183 1538 
184 1538 
185 1538 
186 1538 
187 1538 
188 1538 
189 1538 
190 1538 
191 1538 
192 1538 
193 1538 
194 1538 
195 1538 
196 1538 
197 1538 
198 1538 
199 1538 
200 1538 
201 1538 
202 1538 
203 1538 
204 1538 
205 1538 
206 1538 
207 1538 
208 1538 
209 1538 
210 1538 
211 1538 
212 1538 
213 1538 
214 1538 
215 1538 
216 1538 
217 1538 
218 1538 
219 1538 
220 1538 
221 1538 
222 1538 
223 1538 
224 1538 
225 1538 
226 1538 
227 1538 
228 1538 
229 1538 
230 1538 
231 1538 
232 1538 
233 1538 
234 1538 
235 1538 
236 1538 
237 1538 
238 1538 
239 1538 
240 1538 
241 1538 
242 1538 
243 1538 
244 1538 
245 1538 
246 1538 
247 1538 
248 1538 
249 1538 
250 1538 
251 1538 
252 1538 
253 1538 
254 1538 
255 1538 
256 1538 
257 1538 
258 1538 
259 1538 
260 1538 
261 1538 
262 1538 
263 1538 
264 1538 
265 1538 
266 1538 
267 1538 
268 1538 
269 1538 
270 1538 
271 1538 
272 1538 
273 1538 
274 1538 
275 1538 
276 1538 
277 1538 
278 1538 
279 1538 
280 1538 
281 1538 
282 1538 
283 1538 
284 1538 
285 1538 
286 1538 
287 1538 
288 1538 
289 1538 
290 1538 
291 1538 
292 1538 
293 1538 
294 1538 
295 1538 
296 1538 
297 1538 
298 1538 
299 1538 
300 1538 
301 1538 
302 1538 
303 1538 
304 1538 
305 1538 
306 1538 
307 1538 
308 1538 
309 1538 
310 1538 
311 1538 
312 1538 
313 1538 
314 1538 
315 1538 
316 1538 
317 1538 
318 1538 
319 1538 
320 1538 
321 1538 
322 1538 
323 1538 
324 1538 
325 1538 
326 1538 
327 1538 
328 1538 
329 1538 
330 1538 
331 1538 
332 1538 
333 1538 
334 1538 
335 1538 
336 1538 
337 1538 
338 1538 
339 1538 
340 1538 
341 1538 
342 1538 
343 1538 
344 1538 
345 1538 
346 1538 
347 1538 
348 1538 
349 1538 
350 1538 
351 1538 
352 1538 
353 1538 
354 1538 
355 1538 
356 1538 
357 1538 
358 1538 
359 1538 
360 1538 
361 1538 
362 1538 
363 1538 
364 1538 
365 1538 
366 1538 
367 1538 
368 1538 
369 1538 
370 1538 
371 1538 
372 1538 
373 1538 
374 1538 
375 1538 
376 1538 
377 1538 
378 1538 
379 1538 
380 1538 
381 1538 
382 1538 
383 1538 
384 1538 
385 1538 
386 1538 
387 1538 
388 1538 
389 1538 
390 1538 
391 1538 
392 1538 
393 1538 
394 1538 
395 1538 
396 1538 
397 1538 
398 1538 
399 1538 
400 1538 
401 1538 
402 1538 
403 1538 
404 1538 
405 1538 
406 1538 
407 1538 
408 1538 
409 1538 
410 1538 
411 1538 
412 1538 
413 1538 
414 1538 
415 1538 
416 1538 
417 1538 
418 1538 
419 1538 
420 1538 
421 1538 
422 1538 
423 1538 
424 1538 
425 1538 
426 1538 
427 1538 
428 1538 
429 1538 
430 1538 
431 1538 
432 1538 
433 1538 
434 1538 
435 1538 
436 1538 
437 1538 
438 1538 
439 1538 
440 1538 
441 1538 
442 1538 
443 1538 
444 1538 
445 1538 
446 1538 
447 1538 
448 1538 
449 1538 
450 1538 
451 1538 
452 1538 
453 1538 
454 1538 
455 1538 
456 1538 
457 1538 
458 1538 
459 1538 
460 1538 
461 1538 
462 1538 
463 1538 
464 1538 
465 1538 
466 1538 
467 1538 
468 1538 
469 1538 
470 1538 
471 1538 
472 1538 
473 1538 
474 1538 
475 1538 
476 1538 
477 1538 
478 1538 
479 1538 
480 1538 
481 1538 
482 1538 
483 1538 
484 1538 
485 1538 
486 1538 
487 1538 
488 1538 
489 1538 
490 1538 
491 1538 
492 1538 
493 1538 
494 1538 
495 1538 
496 1538 
497 1538 
498 1538 
499 1538 
500 1538 
501 1538 
502 1538 
503 1538 
504 1538 
505 1538 
506 1538 
507 1538 
508 1538 
509 1538 
510 1538 
511 1538 
512 1538 
513 1538 
514 1538 
515 1538 
516 1538 
517 1538 
518 1538 
519 1538 
520 1538 
521 1538 
522 1538 
523 1538 
524 1538 
525 1538 
526 1538 
527 1538 
528 1538 
529 1538 
530 1538 
531 1538 
532 1538 
533 1538 
534 1538 
535 1538 
536 1538 
537 1538 
538 1538 
539 1538 
540 1538 
541 1538 
542 1538 
543 1538 
544 1538 
545 1538 
546 1538 
547 1538 
548 1538 
549 1538 
550 1538 
551 1538 
552 1538 
553 1538 
554 1538 
555 1538 
556 1538 
557 1538 
558 1538 
559 1538 
560 1538 
561 1538 
562 1538 
563 1538 
564 1538 
565 1538 
566 1538 
567 1538 
568 1538 
569 1538 
570 1538 
571 1538 
572 1538 
573 1538 
574 1538 
575 1538 
576 1538 
577 1538 
578 1538 
579 1538 
580 1538 
581 1538 
582 1538 
583 1538 
584 1538 
585 1538 
586 1538 
587 1538 
588 1538 
589 1538 
590 1538 
591 1538 
592 1538 
593 1538 
594 1538 
595 1538 
596 1538 
597 1538 
598 1538 
599 1538 
600 1538 
601 1538 
602 1538 
603 1538 
604 1538 
605 1538 
606 1538 
607 1538 
608 1538 
609 1538 
610 1538 
611 1538 
612 1538 
613 1538 
614 1538 
615 1538 
616 1538 
617 1538 
618 1538 
619 1538 
620 1538 
621 1538 
622 1538 
623 1538 
624 1538 
625 1538 
626 1538 
627 1538 
628 1538 
629 1538 
630 1538 
631 1538 
632 1538 
633 1538 
634 1538 
635 1538 
636 1538 
637 1538 
638 1538 
639 1538 
640 1538 
641 1538 
642 1538 
643 1538 
644 1538 
645 1538 
646 1538 
647 1538 
648 1538 
649 1538 
650 1538 
651 1538 
652 1538 
653 1538 
654 1538 
655 1538 
656 1538 
657 1538 
658 1538 
659 1538 
660 1538 
661 1538 
662 1538 
663 1538 
664 1538 
665 1538 
666 1538 
667 1538 
668 1538 
669 1538 
670 1538 
671 1538 
672 1538 
673 1538 
674 1538 
675 1538 
676 1538 
677 1538 
678 1538 
679 1538 
680 1538 
681 1538 
682 1538 
683 1538 
684 1538 
685 1538 
686 1538 
687 1538 
688 1538 
689 1538 
690 1538 
691 1538 
692 1538 
693 1538 
694 1538 
695 1538 
696 1538 
697 1538 
698 1538 
699 1538 
700 1538 
701 1538 
702 1538 
703 1538 
704 1538 
705 1538 
706 1538 
707 1538 
708 1538 
709 1538 
710 1538 
711 1538 
712 1538 
713 1538 
714 1538 
715 1538 
716 1538 
717 1538 
718 1538 
719 1538 
720 1538 
721 1538 
722 1538 
723 1538 
724 1538 
725 1538 
726 1538 
727 1538 
728 1538 
729 1538 
730 1538 
731 1538 
732 1538 
733 1538 
734 1538 
735 1538 
736 1538 
737 1538 
738 1538 
739 1538 
740 1538 
741 1538 
742 1538 
743 1538 
744 1538 
745 1538 
746 1538 
747 1538 
748 1538 
749 1538 
750 1538 
751 1538 
752 1538 
753 1538 
754 1538 
755 1538 
756 1538 
757 1538 
758 1538 
759 1538 
760 1538 
761 1538 
762 1538 
763 1538 
764 1538 
765 1538 
766 1538 
767 1538 
768 1538 
769 1538 
770 1538 
771 1538 
772 1538 
773 1538 
774 1538 
775 1538 
776 1538 
777 1538 
778 1538 
779 1538 
780 1538 
781 1538 
782 1538 
783 1538 
784 1538 
785 1538 
786 1538 
787 1538 
788 1538 
789 1538 
790 1538 
791 1538 
792 1538 
793 1538 
794 1538 
795 1538 
796 1538 
797 1538 
798 1538 
799 1538 
800 1538 
801 1538 
802 1538 
803 1538 
804 1538 
805 1538 
806 1538 
807 1538 
808 1538 
809 1538 
810 1538 
811 1538 
812 1538 
813 1538 
814 1538 
815 1538 
816 1538 
817 1538 
818 1538 
819 1538 
820 1538 
821 1538 
822 1538 
823 1538 
824 1538 
825 1538 
826 1538 
827 1538 
828 1538 
829 1538 
830 1538 
831 1538 
832 1538 
833 1538 
834 1538 
835 1538 
836 1538 
837 1538 
838 1538 
839 1538 
840 1538 
841 1538 
842 1538 
843 1538 
844 1538 
845 1538 
846 1538 
847 1538 
848 1538 
849 1538 
850 1538 
851 1538 
852 1538 
853 1538 
854 1538 
855 1538 
856 1538 
857 1538 
858 1538 
859 1538 
860 1538 
861 1538 
862 1538 
863 1538 
864 1538 
865 1538 
866 1538 
867 1538 
868 1538 
869 1538 
870 1538 
871 1538 
872 1538 
873 1538 
874 1538 
875 1538 
876 1538 
877 1538 
878 1538 
879 1538 
880 1538 
881 1538 
882 1538 
883 1538 
884 1538 
885 1538 
886 1538 
887 1538 
888 1538 
889 1538 
890 1538 
891 1538 
892 1538 
893 1538 
894 1538 
895 1538 
896 1538 
897 1538 
898 1538 
899 1538 
900 1538 
901 1538 
902 1538 
903 1538 
904 1538 
905 1538 
906 1538 
907 1538 
908 1538 
909 1538 
910 1538 
911 1538 
912 1538 
913 1538 
914 1538 
915 1538 
916 1538 
917 1538 
918 1538 
919 1538 
920 1538 
921 1538 
922 1538 
923 1538 
924 1538 
925 1538 
926 1538 
927 1538 
928 1538 
929 1538 
930 1538 
931 1538 
932 1538 
933 1538 
934 1538 
935 1538 
936 1538 
937 1538 
938 1538 
939 1538 
940 1538 
941 1538 
942 1538 
943 1538 
944 1538 
945 1538 
946 1538 
947 1538 
948 1538 
949 1538 
950 1538 
951 1538 
952 1538 
953 1538 
954 1538 
955 1538 
956 1538 
957 1538 
958 1538 
959 1538 
960 1538 
961 1538 
962 1538 
963 1538 
964 1538 
965 1538 
966 1538 
967 1538 
968 1538 
969 1538 
970 1538 
971 1538 
972 1538 
973 1538 
974 1538 
975 1538 
976 1538 
977 1538 
978 1538 
979 1538 
980 1538 
981 1538 
982 1538 
983 1538 
984 1538 
985 1538 
986 1538 
987 1538 
988 1538 
989 1538 
990 1538 
991 1538 
992 1538 
993 1538 
994 1538 
995 1538 
996 1538 
997 1538 
998 1538 
999 1538 
1000 1538 
1001 1538 
1002 1538 
1003 1538 
1004 1538 
1005 1538 
1006 1538 
1007 1538 
1008 1538 
1009 1538 
1010 1538 
1011 1538 
1012 1538 
1013 1538 
1014 1538 
1015 1538 
1016 1538 
1017 1538 
1018 1538 
1019 1538 
1020 1538 
1021 1538 
1022 1538 
1023 1538 
1024 1538 
1025 1538 
1026 1538 
1027 1538 
1028 1538 
1029 1538 
1030 1538 
1031 1538 
1032 1538 
1033 1538 
1034 1538 
1035 1538 
1036 1538 
1037 1538 
1038 1538 
1039 1538 
1040 1538 
1041 1538 
1042 1538 
1043 1538 
1044 1538 
1045 1538 
1046 1538 
1047 1538 
1048 1538 
1049 1538 
1050 1538 
1051 1538 
1052 1538 
1053 1538 
1054 1538 
1055 1538 
1056 1538 
1057 1538 
1058 1538 
1059 1538 
1060 1538 
1061 1538 
1062 1538 
1063 1538 
1064 1538 
1065 1538 
1066 1538 
1067 1538 
1068 1538 
1069 1538 
1070 1538 
1071 1538 
1072 1538 
1073 1538 
1074 1538 
1075 1538 
1076 1538 
1077 1538 
1078 1538 
1079 1538 
1080 1538 
1081 1538 
1082 1538 
1083 1538 
1084 1538 
1085 1538 
1086 1538 
1087 1538 
1088 1538 
1089 1538 
1090 1538 
1091 1538 
1092 1538 
1093 1538 
1094 1538 
1095 1538 
1096 1538 
1097 1538 
1098 1538 
1099 1538 
1100 1538 
1101 1538 
1102 1538 
1103 1538 
1104 1538 
1105 1538 
1106 1538 
1107 1538 
1108 1538 
1109 1538 
1110 1538 
1111 1538 
1112 1538 
1113 1538 
1114 1538 
1115 1538 
1116 1538 
1117 1538 
1118 1538 
1119 1538 
1120 1538 
1121 1538 
1122 1538 
1123 1538 
1124 1538 
1125 1538 
1126 1538 
1127 1538 
1128 1538 
1129 1538 
1130 1538 
1131 1538 
1132 1538 
1133 1538 
1134 1538 
1135 1538 
1136 1538 
1137 1538 
1138 1538 
1139 1538 
1140 1538 
1141 1538 
1142 1538 
1143 1538 
1144 1538 
1145 1538 
1146 1538 
1147 1538 
1148 1538 
1149 1538 
1150 1538 
1151 1538 
1152 1538 
1153 1538 
1154 1538 
1155 1538 
1156 1538 
1157 1538 
1158 1538 
1159 1538 
1160 1538 
1161 1538 
1162 1538 
1163 1538 
1164 1538 
1165 1538 
1166 1538 
1167 1538 
1168 1538 
1169 1538 
1170 1538 
1171 1538 
1172 1538 
1173 1538 
1174 1538 
1175 1538 
1176 1538 
1177 1538 
1178 1538 
1179 1538 
1180 1538 
1181 1538 
1182 1538 
1183 1538 
1184 1538 
1185 1538 
1186 1538 
1187 1538 
1188 1538 
1189 1538 
1190 1538 
1191 1538 
1192 1538 
1193 1538 
1194 1538 
1195 1538 
1196 1538 
1197 1538 
1198 1538 
1199 1538 
1200 1538 
1201 1538 
1202 1538 
1203 1538 
1204 1538 
1205 1538 
1206 1538 
1207 1538 
1208 1538 
1209 1538 
1210 1538 
1211 1538 
1212 1538 
1213 1538 
1214 1538 
1215 1538 
1216 1538 
1217 1538 
1218 1538 
1219 1538 
1220 1538 
1221 1538 
1222 1538 
1223 1538 
1224 1538 
1225 1538 
1226 1538 
1227 1538 
1228 1538 
1229 1538 
1230 1538 
1231 1538 
1232 1538 
1233 1538 
1234 1538 
1235 1538 
1236 1538 
1237 1538 
1238 1538 
1239 1538 
1240 1538 
1241 1538 
1242 1538 
1243 1538 
1244 1538 
1245 1538 
1246 1538 
1247 1538 
1248 1538 
1249 1538 
1250 1538 
1251 1538 
1252 1538 
1253 1538 
1254 1538 
1255 1538 
1256 1538 
1257 1538 
1258 1538 
1259 1538 
1260 1538 
1261 1538 
1262 1538 
1263 1538 
1264 1538 
1265 1538 
1266 1538 
1267 1538 
1268 1538 
1269 1538 
1270 1538 
1271 1538 
1272 1538 
1273 1538 
1274 1538 
1275 1538 
1276 1538 
1277 1538 
1278 1538 
1279 1538 
1280 1538 
1281 1538 
1282 1538 
1283 1538 
1284 1538 
1285 1538 
1286 1538 
1287 1538 
1288 1538 
1289 1538 
1290 1538 
1291 1538 
1292 1538 
1293 1538 
1294 1538 
1295 1538 
1296 1538 
1297 1538 
1298 1538 
1299 1538 
1300 1538 
1301 1538 
1302 1538 
1303 1538 
1304 1538 
1305 1538 
1306 1538 
1307 1538 
1308 1538 
1309 1538 
1310 1538 
1311 1538 
1312 1538 
1313 1538 
1314 1538 
1315 1538 
1316 1538 
1317 1538 
1318 1538 
1319 1538 
1320 1538 
1321 1538 
1322 1538 
1323 1538 
1324 1538 
1325 1538 
1326 1538 
1327 1538 
1328 1538 
1329 1538 
1330 1538 
1331 1538 
1332 1538 
1333 1538 
1334 1538 
1335 1538 
1336 1538 
1337 1538 
1338 1538 
1339 1538 
1340 1538 
1341 1538 
1342 1538 
1343 1538 
1344 1538 
1345 1538 
1346 1538 
1347 1538 
1348 1538 
1349 1538 
1350 1538 
1351 1538 
1352 1538 
1353 1538 
1354 1538 
1355 1538 
1356 1538 
1357 1538 
1358 1538 
1359 1538 
1360 1538 
1361 1538 
1362 1538 
1363 1538 
1364 1538 
1365 1538 
1366 1538 
1367 1538 
1368 1538 
1369 1538 
1370 1538 
1371 1538 
1372 1538 
1373 1538 
1374 1538 
1375 1538 
1376 1538 
1377 1538 
1378 1538 
1379 1538 
1380 1538 
1381 1538 
1382 1538 
1383 1538 
1384 1538 
1385 1538 
1386 1538 
1387 1538 
1388 1538 
1389 1538 
1390 1538 
1391 1538 
1392 1538 
1393 1538 
1394 1538 
1395 1538 
1396 1538 
1397 1538 
1398 1538 
1399 1538 
1400 1538 
1401 1538 
1402 1538 
1403 1538 
1404 1538 
1405 1538 
1406 1538 
1407 1538 
1408 1538 
1409 1538 
1410 1538 
1411 1538 
1412 1538 
1413 1538 
1414 1538 
1415 1538 
1416 1538 
1417 1538 
1418 1538 
1419 1538 
1420 1538 
1421 1538 
1422 1538 
1423 1538 
1424 1538 
1425 1538 
1426 1538 
1427 1538 
1428 1538 
1429 1538 
1430 1538 
1431 1538 
1432 1538 
1433 1538 
1434 1538 
1435 1538 
1436 1538 
1437 1538 
1438 1538 
1439 1538 
1440 1538 
1441 1538 
1442 1538 
1443 1538 
1444 1538 
1445 1538 
1446 1538 
1447 1538 
1448 1538 
1449 1538 
1450 1538 
1451 1538 
1452 1538 
1453 1538 
1454 1538 
1455 1538 
1456 1538 
1457 1538 
1458 1538 
1459 1538 
1460 1538 
1461 1538 
1462 1538 
1463 1538 
1464 1538 
1465 1538 
1466 1538 
1467 1538 
1468 1538 
1469 1538 
1470 1538 
1471 1538 
1472 1538 
1473 1538 
1474 1538 
1475 1538 
1476 1538 
1477 1538 
1478 1538 
1479 1538 
1480 1538 
1481 1538 
1482 1538 
1483 1538 
1484 1538 
1485 1538 
1486 1538 
1487 1538 
1488 1538 
1489 1538 
1490 1538 
1491 1538 
1492 1538 
1493 1538 
1494 1538 
1495 1538 
1496 1538 
1497 1538 
1498 1538 
1499 1538 
1500 1538 
1501 1538 
1502 1538 
1503 1538 
1504 1538 
1505 1538 
1506 1538 
1507 1538 
1508 1538 
1509 1538 
1510 1538 
1511 1538 
1512 1538 
1513 1538 
1514 1538 
1515 1538 
1516 1538 
1517 1538 
1518 1538 
1519 1538 
1520 1538 
1521 1538 
1522 1538 
1523 1538 
1524 1538 
1525 1538 
1526 1538 
1527 1538 
1528 1538 
1529 1538 
1530 1538 
1531 1538 
1532 1538 
1533 1538 
1534 1538 
1535 1538 
1536 1538 
1537 1538 
1538 1538 
1539 1538 
1540 1538 
1541 1538 
1542 1538 
1543 1538 
1544 1538 
1545 1538 
1546 1538 
1547 1538 
1548 1538 
1549 1538 
1550 1538 
1551 1538 
1552 1538 
1553 1538 
1554 1538 
1555 1538 
1556 1538 
1557 1538 
1558 1538 
1559 1538 
1560 1538 
1561 1538 
1562 1538 
1563 1538 
1564 1538 
1565 1538 
1566 1538 
1567 1538 
1568 1538 
1569 1538 
1570 1538 
1571 1538 
1572 1538 
1573 1538 
1574 1538 
1575 1538 
1576 1538 
1577 1538 
1578 1538 
1579 1538 
1580 1538 
1581 1538 
1582 1538 
1583 1538 
1584 1538 
1585 1538 
1586 1538 
1587 1538 
1588 1538 
1589 1538 
1590 1538 
1591 1538 
1592 1538 
1593 1538 
1594 1538 
1595 1538 
1596 1538 
1597 1538 
1598 1538 
1599 1538 
1600 1538 
1601 1538 
1602 1538 
1603 1538 
1604 1538 
1605 1538 
1606 1538 
1607 1538 
1608 1538 
1609 1538 
1610 1538 
1611 1538 
1612 1538 
1613 1538 
1614 1538 
1615 1538 
1616 1538 
1617 1538 
1618 1538 
1619 1538 
1620 1538 
1621 1538 
1622 1538 
1623 1538 
1624 1538 
1625 1538 
1626 1538 
1627 1538 
1628 1538 
1629 1538 
1630 1538 
1631 1538 
1632 1538 
1633 1538 
1634 1538 
1635 1538 
1636 1538 
1637 1538 
1638 1538 
1639 1538 
1640 1538 
1641 1538 
1642 1538 
1643 1538 
1644 1538 
1645 1538 
1646 1538 
1647 1538 
1648 1538 
1649 1538 
1650 1538 
1651 1538 
1652 1538 
1653 1538 
1654 1538 
1655 1538 
1656 1538 
1657 1538 
1658 1538 
1659 1538 
1660 1538 
1661 1538 
1662 1538 
1663 1538 
1664 1538 
1665 1538 
1666 1538 
1667 1538 
1668 1538 
1669 1538 
1670 1538 
1671 1538 
1672 1538 
1673 1538 
1674 1538 
1675 1538 
1676 1538 
1677 1538 
1678 1538 
1679 1538 
1680 1538 
1681 1538 
1682 1538 
1683 1538 
1684 1538 
1685 1538 
1686 1538 
1687 1538 
1688 1538 
1689 1538 
1690 1538 
1691 1538 
1692 1538 
1693 1538 
1694 1538 
1695 1538 
1696 1538 
1697 1538 
1698 1538 
1699 1538 
1700 1538 
1701 1538 
1702 1538 
1703 1538 
1704 1538 
1705 1538 
1706 1538 
1707 1538 
1708 1538 
1709 1538 
1710 1538 
1711 1538 
1712 1538 
1713 1538 
1714 1538 
1715 1538 
1716 1538 
1717 1538 
1718 1538 
1719 1538 
1720 1538 
1721 1538 
1722 1538 
1723 1538 
1724 1538 
1725 1538 
1726 1538 
1727 1538 
1728 1538 
1729 1538 
1730 1538 
1731 1538 
1732 1538 
1733 1538 
1734 1538 
1735 1538 
1736 1538 
1737 1538 
1738 1538 
1739 1538 
1740 1538 
1741 1538 
1742 1538 
1743 1538 
1744 1538 
1745 1538 
1746 1538 
1747 1538 
1748 1538 
1749 1538 
1750 1538 
1751 1538 
1752 1538 
1753 1538 
1754 1538 
1755 1538 
1756 1538 
1757 1538 
1758 1538 
1759 1538 
1760 1538 
1761 1538 
1762 1538 
1763 1538 
1764 1538 
1765 1538 
1766 1538 
1767 1538 
1768 1538 
1769 1538 
1770 1538 
1771 1538 
1772 1538 
1773 1538 
1774 1538 
1775 1538 
1776 1538 
1777 1538 
1778 1538 
1779 1538 
1780 1538 
1781 1538 
1782 1538 
1783 1538 
1784 1538 
1785 1538 
1786 1538 
1787 1538 
1788 1538 
1789 1538 
1790 1538 
1791 1538 
1792 1538 
1793 1538 
1794 1538 
1795 1538 
1796 1538 
1797 1538 
1798 1538 
1799 1538 
1800 1538 
1801 1538 
1802 1538 
1803 1538 
1804 1538 
1805 1538 
1806 1538 
1807 1538 
1808 1538 
1809 1538 
1810 1538 
1811 1538 
1812 1538 
1813 1538 
1814 1538 
1815 1538 
1816 1538 
1817 1538 
1818 1538 
1819 1538 
1820 1538 
1821 1538 
1822 1538 
1823 1538 
1824 1538 
1825 1538 
1826 1538 
1827 1538 
1828 1538 
1829 1538 
1830 1538 
1831 1538 
1832 1538 
1833 1538 
1834 1538 
1835 1538 
1836 1538 
1837 1538 
1838 1538 
1839 1538 
1840 1538 
1841 1538 
1842 1538 
1843 1538 
1844 1538 
1845 1538 
1846 1538 
1847 1538 
1848 1538 
1849 1538 
1850 1538 
1851 1538 
1852 1538 
1853 1538 
1854 1538 
1855 1538 
1856 1538 
1857 1538 
1858 1538 
1859 1538 
1860 1538 
1861 1538 
1862 1538 
1863 1538 
1864 1538 
1865 1538 
1866 1538 
1867 1538 
1868 1538 

