0 82954 
1 82676 
2 81842 
3 81740 
4 81146 
5 80124 
6 78648 
7 78436 
8 77886 
9 77520 
10 77018 
11 73510 
12 73424 
13 73322 
14 73294 
15 73144 
16 73142 
17 73020 
18 72058 
19 69906 
20 69812 
21 68518 
22 68378 
23 68346 
24 67376 
25 67186 
26 67052 
27 65622 
28 64234 
29 63670 
30 63644 
31 62084 
32 61904 
33 61492 
34 60706 
35 59710 
36 57654 
37 56220 
38 55496 
39 55356 
40 54188 
41 53786 
42 50816 
43 50704 
44 50496 
45 50408 
46 49372 
47 49076 
48 46048 
49 45956 
50 43898 
51 42504 
52 40820 
53 40176 
54 40008 
55 39526 
56 39478 
57 38386 
58 37974 
59 37678 
60 37390 
61 36486 
62 32730 
63 31466 
64 29164 
65 28978 
66 27392 
67 26532 
68 24688 
69 23792 
70 23624 
71 20662 
72 20042 
73 18634 
74 16776 
75 16772 
76 16564 
77 16564 

