0 82276 
1 79572 
2 79026 
3 77968 
4 76880 
5 76650 
6 76582 
7 76546 
8 75166 
9 75114 
10 74034 
11 71952 
12 71778 
13 71548 
14 71284 
15 71196 
16 69444 
17 69420 
18 69384 
19 68432 
20 68242 
21 67034 
22 65790 
23 65614 
24 65354 
25 64124 
26 63720 
27 63150 
28 63036 
29 62356 
30 61690 
31 61392 
32 60714 
33 59142 
34 58448 
35 57980 
36 56576 
37 56268 
38 56112 
39 54264 
40 52810 
41 51286 
42 50878 
43 49492 
44 44152 
45 42920 
46 41946 
47 41200 
48 40786 
49 39554 
50 38916 
51 38914 
52 38842 
53 37116 
54 35460 
55 33976 
56 32278 
57 32234 
58 31714 
59 31350 
60 31128 
61 29256 
62 29106 
63 29088 
64 27562 
65 26924 
66 26798 
67 26266 
68 25818 
69 24364 
70 23056 
71 22608 
72 22224 
73 18160 
74 16312 
75 16308 
76 16070 
77 15442 
78 15432 
79 15432 

