0 66384 
1 62136 
2 60454 
3 60094 
4 59826 
5 59322 
6 58822 
7 57370 
8 57258 
9 56588 
10 55570 
11 55014 
12 54106 
13 53262 
14 51612 
15 51388 
16 48268 
17 48180 
18 46786 
19 46066 
20 45594 
21 43532 
22 42860 
23 42444 
24 41660 
25 40694 
26 38674 
27 38414 
28 38268 
29 37642 
30 37302 
31 36958 
32 36642 
33 36634 
34 36366 
35 35930 
36 35570 
37 34272 
38 33860 
39 33856 
40 33828 
41 33636 
42 33628 
43 33478 
44 32162 
45 31704 
46 30640 
47 30616 
48 29894 
49 29330 
50 29010 
51 27840 
52 27828 
53 27146 
54 27106 
55 26898 
56 21210 
57 21206 
58 20854 
59 20150 
60 19750 
61 19294 
62 19038 
63 18832 
64 18732 
65 18172 
66 18120 
67 17140 
68 17124 
69 17092 
70 15656 
71 15656 

