0 68808 
1 68650 
2 66520 
3 64688 
4 64536 
5 64236 
6 62132 
7 61432 
8 61328 
9 61110 
10 61022 
11 59976 
12 59592 
13 58006 
14 57958 
15 55392 
16 55188 
17 53276 
18 53036 
19 52662 
20 52606 
21 51496 
22 51376 
23 48154 
24 47734 
25 45112 
26 43960 
27 43788 
28 43634 
29 42322 
30 41674 
31 40734 
32 40482 
33 40252 
34 39728 
35 39650 
36 39414 
37 39378 
38 38146 
39 38002 
40 37614 
41 34504 
42 33772 
43 30482 
44 29606 
45 29486 
46 29430 
47 29322 
48 27622 
49 26026 
50 25786 
51 25114 
52 24664 
53 23440 
54 22236 
55 22004 
56 21896 
57 21854 
58 17778 
59 17774 
60 17188 
61 17020 
62 16780 
63 13964 
64 13436 
65 10960 
66 10708 
67 10708 

