0 45114 
1 44412 
2 44032 
3 43552 
4 43512 
5 41412 
6 41300 
7 41284 
8 40684 
9 40432 
10 40172 
11 38616 
12 38236 
13 37988 
14 37660 
15 37400 
16 35888 
17 35808 
18 35472 
19 34828 
20 34806 
21 34406 
22 33736 
23 33266 
24 33234 
25 33134 
26 31726 
27 31640 
28 31216 
29 30876 
30 29806 
31 24476 
32 23270 
33 21814 
34 21454 
35 21418 
36 21182 
37 20416 
38 19772 
39 19332 
40 19318 
41 18598 
42 18548 
43 17652 
44 17158 
45 16478 
46 16360 
47 16046 
48 15654 
49 15464 
50 15356 
51 14796 
52 13744 
53 13356 
54 13356 

