0 72836 
1 69088 
2 67252 
3 67124 
4 66872 
5 66326 
6 66068 
7 65562 
8 64296 
9 61688 
10 60878 
11 60802 
12 59074 
13 58854 
14 57870 
15 57544 
16 57538 
17 57460 
18 55588 
19 53984 
20 52642 
21 50232 
22 50012 
23 49976 
24 47884 
25 47030 
26 45522 
27 45492 
28 43172 
29 42920 
30 41166 
31 40410 
32 39246 
33 39058 
34 38932 
35 37748 
36 37592 
37 37372 
38 36468 
39 36038 
40 35560 
41 34768 
42 34446 
43 34082 
44 33956 
45 33816 
46 32482 
47 32330 
48 32274 
49 32128 
50 32086 
51 31848 
52 30096 
53 29970 
54 29688 
55 29416 
56 29198 
57 28624 
58 26584 
59 26500 
60 26362 
61 26350 
62 26202 
63 25660 
64 24210 
65 22810 
66 22750 
67 22462 
68 22438 
69 22010 
70 21914 
71 21076 
72 21016 
73 20558 
74 17430 
75 16750 
76 16462 
77 16438 
78 16258 
79 16102 
80 16074 
81 15718 
82 15634 
83 15304 
84 15304 

