0 80210 
1 79070 
2 78816 
3 77808 
4 77192 
5 76054 
6 75950 
7 75404 
8 75074 
9 75020 
10 74524 
11 73984 
12 73278 
13 72344 
14 71124 
15 69970 
16 69664 
17 69352 
18 67786 
19 67666 
20 67138 
21 66556 
22 65996 
23 65932 
24 65458 
25 65434 
26 65066 
27 64752 
28 63862 
29 63838 
30 63534 
31 62432 
32 62318 
33 62198 
34 62194 
35 62178 
36 61974 
37 61528 
38 61322 
39 60142 
40 59798 
41 58820 
42 57338 
43 57232 
44 55734 
45 55684 
46 53696 
47 53148 
48 50618 
49 50058 
50 48878 
51 48828 
52 48024 
53 47144 
54 46886 
55 43862 
56 43502 
57 43182 
58 42920 
59 42192 
60 41982 
61 41714 
62 40388 
63 39852 
64 39578 
65 36652 
66 36298 
67 35480 
68 34252 
69 32222 
70 31004 
71 30460 
72 30320 
73 29914 
74 28720 
75 28344 
76 27246 
77 27096 
78 26502 
79 26426 
80 26416 
81 25758 
82 25434 
83 24546 
84 23446 
85 23336 
86 22966 
87 22676 
88 21494 
89 20572 
90 19808 
91 19538 
92 18688 
93 18568 
94 17338 
95 16542 
96 16452 
97 16226 
98 13836 
99 13546 
100 13546 

