0 51860 
1 49594 
2 48378 
3 47138 
4 47038 
5 46390 
6 45450 
7 45098 
8 44692 
9 44562 
10 43846 
11 43410 
12 42372 
13 42196 
14 41194 
15 40930 
16 40628 
17 40570 
18 40060 
19 38742 
20 38692 
21 36348 
22 36166 
23 35222 
24 34846 
25 33274 
26 32160 
27 31552 
28 30792 
29 30700 
30 29322 
31 27402 
32 26828 
33 26320 
34 25212 
35 25012 
36 24908 
37 24282 
38 24090 
39 23334 
40 22528 
41 21096 
42 19940 
43 19818 
44 19716 
45 19060 
46 19030 
47 16980 
48 16236 
49 15966 
50 15834 
51 14850 
52 14800 
53 14780 
54 14100 
55 13736 
56 13206 
57 12426 
58 12164 
59 12050 
60 11448 
61 11288 
62 11202 
63 10652 
64 10624 
65 10624 

