0 10910 
1 10898 
2 10896 
3 10792 
4 10646 
5 10578 
6 10570 
7 10426 
8 10212 
9 10068 
10 9926 
11 9884 
12 9842 
13 9832 
14 9828 
15 9766 
16 9758 
17 9622 
18 9544 
19 9420 
20 9398 
21 9216 
22 9140 
23 9100 
24 9040 
25 8940 
26 8902 
27 8826 
28 8750 
29 8648 
30 8636 
31 8624 
32 8472 
33 8370 
34 8306 
35 8114 
36 8066 
37 7900 
38 7698 
39 7686 
40 7482 
41 7368 
42 7200 
43 7136 
44 7102 
45 6994 
46 6962 
47 6924 
48 6788 
49 6778 
50 6744 
51 6640 
52 6540 
53 6346 
54 6206 
55 6154 
56 6134 
57 5826 
58 5698 
59 5564 
60 5400 
61 5296 
62 5106 
63 5072 
64 5034 
65 4920 
66 4916 
67 4906 
68 4718 
69 4642 
70 4602 
71 4498 
72 4480 
73 4434 
74 4282 
75 4114 
76 4062 
77 3958 
78 3630 
79 3630 
80 3630 
81 3576 
82 3554 
83 3476 
84 3422 
85 3384 
86 3290 
87 3290 

