0 9918 
1 9862 
2 9768 
3 9588 
4 9398 
5 9302 
6 9276 
7 9212 
8 9194 
9 9050 
10 9038 
11 8990 
12 8920 
13 8906 
14 8856 
15 8848 
16 8758 
17 8688 
18 8638 
19 8580 
20 8556 
21 8488 
22 8436 
23 8402 
24 8266 
25 7994 
26 7970 
27 7958 
28 7874 
29 7826 
30 7734 
31 7660 
32 7656 
33 7608 
34 7310 
35 7304 
36 7304 
37 7168 
38 7042 
39 7002 
40 6954 
41 6942 
42 6872 
43 6800 
44 6794 
45 6536 
46 6492 
47 6408 
48 6282 
49 6226 
50 6200 
51 6140 
52 6104 
53 6068 
54 6044 
55 6028 
56 5852 
57 5698 
58 5614 
59 5514 
60 5490 
61 5464 
62 5452 
63 5410 
64 5398 
65 5104 
66 5072 
67 5072 
68 4920 
69 4908 
70 4860 
71 4736 
72 4456 
73 4250 
74 4224 
75 4192 
76 4178 
77 4114 
78 4080 
79 3830 
80 3822 
81 3786 
82 3766 
83 3740 
84 3730 
85 3614 
86 3572 
87 3446 
88 3392 
89 3388 
90 3228 
91 3010 
92 2962 
93 2962 
94 2954 
95 2954 
96 2730 
97 2722 
98 2722 
99 2722 
100 2722 
101 2722 
102 2722 
103 2722 
104 2722 
105 2722 
106 2722 
107 2722 
108 2722 
109 2722 
110 2722 
111 2722 
112 2722 
113 2722 
114 2722 
115 2722 
116 2722 
117 2722 
118 2722 
119 2722 
120 2722 
121 2722 
122 2722 
123 2722 
124 2722 
125 2722 
126 2722 
127 2722 
128 2722 
129 2722 
130 2722 
131 2722 
132 2722 
133 2722 
134 2722 
135 2722 
136 2722 
137 2722 
138 2722 
139 2722 
140 2722 
141 2722 
142 2722 
143 2722 
144 2722 
145 2722 
146 2722 
147 2722 
148 2722 
149 2722 
150 2722 
151 2722 
152 2722 
153 2722 
154 2722 
155 2722 
156 2722 
157 2722 
158 2722 
159 2722 
160 2722 
161 2722 
162 2722 
163 2722 
164 2722 
165 2722 
166 2722 
167 2722 
168 2722 
169 2722 
170 2722 
171 2722 
172 2722 
173 2722 
174 2722 
175 2722 
176 2722 
177 2722 
178 2722 
179 2722 
180 2722 
181 2722 
182 2722 
183 2722 
184 2722 
185 2722 
186 2722 
187 2722 
188 2722 
189 2722 
190 2722 
191 2722 
192 2722 
193 2722 
194 2722 
195 2722 
196 2722 
197 2722 
198 2722 
199 2722 
200 2722 
201 2722 
202 2722 
203 2722 
204 2722 
205 2722 
206 2722 
207 2722 
208 2722 
209 2722 
210 2722 
211 2722 
212 2722 
213 2722 
214 2722 
215 2722 
216 2722 
217 2722 
218 2722 
219 2722 
220 2722 
221 2722 
222 2722 
223 2722 
224 2722 
225 2722 
226 2722 
227 2722 
228 2722 
229 2722 
230 2722 
231 2722 
232 2722 
233 2722 
234 2722 
235 2722 
236 2722 
237 2722 
238 2722 
239 2722 
240 2722 
241 2722 
242 2722 
243 2722 
244 2722 
245 2722 
246 2722 
247 2722 
248 2722 
249 2722 
250 2722 
251 2722 
252 2722 
253 2722 
254 2722 
255 2722 
256 2722 
257 2722 
258 2722 
259 2722 
260 2722 
261 2722 
262 2722 
263 2722 
264 2722 
265 2722 
266 2722 
267 2722 
268 2722 
269 2722 
270 2722 
271 2722 
272 2722 
273 2722 
274 2722 
275 2722 
276 2722 
277 2722 
278 2722 
279 2722 
280 2722 
281 2722 
282 2722 
283 2722 
284 2722 
285 2722 
286 2722 
287 2722 
288 2722 
289 2722 
290 2722 
291 2722 
292 2722 
293 2722 
294 2722 
295 2722 
296 2722 
297 2722 
298 2722 
299 2722 
300 2722 
301 2722 
302 2722 
303 2722 
304 2722 
305 2722 
306 2722 
307 2722 
308 2722 
309 2722 
310 2722 
311 2722 
312 2722 
313 2722 
314 2722 
315 2722 
316 2722 
317 2722 
318 2722 
319 2722 
320 2722 
321 2722 
322 2722 
323 2722 
324 2722 
325 2722 
326 2722 
327 2722 
328 2722 
329 2722 
330 2722 
331 2722 
332 2722 
333 2722 
334 2722 
335 2722 
336 2722 
337 2722 
338 2722 
339 2722 
340 2722 
341 2722 
342 2722 
343 2722 
344 2722 
345 2722 
346 2722 
347 2722 
348 2722 
349 2722 
350 2722 
351 2722 
352 2722 
353 2722 
354 2722 
355 2722 
356 2722 
357 2722 
358 2722 
359 2722 
360 2722 
361 2722 
362 2722 
363 2722 
364 2722 
365 2722 
366 2722 
367 2722 
368 2722 
369 2722 
370 2722 
371 2722 
372 2722 
373 2722 
374 2722 
375 2722 
376 2722 
377 2722 
378 2722 
379 2722 
380 2722 
381 2722 
382 2722 
383 2722 
384 2722 
385 2722 
386 2722 
387 2722 
388 2722 
389 2722 
390 2722 
391 2722 
392 2722 
393 2722 
394 2722 
395 2722 
396 2722 
397 2722 
398 2722 
399 2722 
400 2722 
401 2722 
402 2722 
403 2722 
404 2722 
405 2722 
406 2722 
407 2722 
408 2722 
409 2722 
410 2722 
411 2722 
412 2722 
413 2722 
414 2722 
415 2722 
416 2722 
417 2722 
418 2722 
419 2722 
420 2722 
421 2722 
422 2722 
423 2722 
424 2722 
425 2722 
426 2722 
427 2722 
428 2722 
429 2722 
430 2722 
431 2722 
432 2722 
433 2722 
434 2722 
435 2722 
436 2722 
437 2722 
438 2722 
439 2722 
440 2722 
441 2722 
442 2722 
443 2722 
444 2722 
445 2722 
446 2722 
447 2722 
448 2722 
449 2722 
450 2722 
451 2722 
452 2722 
453 2722 
454 2722 
455 2722 
456 2722 
457 2722 
458 2722 
459 2722 
460 2722 
461 2722 
462 2722 
463 2722 
464 2722 
465 2722 
466 2722 
467 2722 
468 2722 
469 2722 
470 2722 
471 2722 
472 2722 
473 2722 
474 2722 
475 2722 
476 2722 
477 2722 
478 2722 
479 2722 
480 2722 
481 2722 
482 2722 
483 2722 
484 2722 
485 2722 
486 2722 
487 2722 
488 2722 
489 2722 
490 2722 
491 2722 
492 2722 
493 2722 
494 2722 
495 2722 
496 2722 
497 2722 
498 2722 
499 2722 
500 2722 
501 2722 
502 2722 
503 2722 
504 2722 
505 2722 
506 2722 
507 2722 
508 2722 
509 2722 
510 2722 
511 2722 
512 2722 
513 2722 
514 2722 
515 2722 
516 2722 
517 2722 
518 2722 
519 2722 
520 2722 
521 2722 
522 2722 
523 2722 
524 2722 
525 2722 
526 2722 
527 2722 
528 2722 
529 2722 
530 2722 
531 2722 
532 2722 
533 2722 
534 2722 
535 2722 
536 2722 
537 2722 
538 2722 
539 2722 
540 2722 
541 2722 
542 2722 
543 2722 
544 2722 
545 2722 
546 2722 
547 2722 
548 2722 
549 2722 
550 2722 
551 2722 
552 2722 
553 2722 
554 2722 
555 2722 
556 2722 
557 2722 
558 2722 
559 2722 
560 2722 
561 2722 
562 2722 
563 2722 
564 2722 
565 2722 
566 2722 
567 2722 
568 2722 
569 2722 
570 2722 
571 2722 
572 2722 
573 2722 
574 2722 
575 2722 
576 2722 
577 2722 
578 2722 
579 2722 
580 2722 
581 2722 
582 2722 
583 2722 
584 2722 
585 2722 
586 2722 
587 2722 
588 2722 
589 2722 
590 2722 
591 2722 
592 2722 
593 2722 
594 2722 
595 2722 
596 2722 
597 2722 
598 2722 
599 2722 
600 2722 
601 2722 
602 2722 
603 2722 
604 2722 
605 2722 
606 2722 
607 2722 
608 2722 
609 2722 
610 2722 
611 2722 
612 2722 
613 2722 
614 2722 
615 2722 
616 2722 
617 2722 
618 2722 
619 2722 
620 2722 
621 2722 
622 2722 
623 2722 
624 2722 
625 2722 
626 2722 
627 2722 
628 2722 
629 2722 
630 2722 
631 2722 
632 2722 
633 2722 
634 2722 
635 2722 
636 2722 
637 2722 
638 2722 
639 2722 
640 2722 
641 2722 
642 2722 
643 2722 
644 2722 
645 2722 
646 2722 
647 2722 
648 2722 
649 2722 
650 2722 
651 2722 
652 2722 
653 2722 
654 2722 
655 2722 
656 2722 
657 2722 
658 2722 
659 2722 
660 2722 
661 2722 
662 2722 
663 2722 
664 2722 
665 2722 
666 2722 
667 2722 
668 2722 
669 2722 
670 2722 
671 2722 
672 2722 
673 2722 
674 2722 
675 2722 
676 2722 
677 2722 
678 2722 
679 2722 
680 2722 
681 2722 
682 2722 
683 2722 
684 2722 
685 2722 
686 2722 
687 2722 
688 2722 
689 2722 
690 2722 
691 2722 
692 2722 
693 2722 
694 2722 
695 2722 
696 2722 
697 2722 
698 2722 
699 2722 
700 2722 
701 2722 
702 2722 
703 2722 
704 2722 
705 2722 
706 2722 
707 2722 
708 2722 
709 2722 
710 2722 
711 2722 
712 2722 
713 2722 
714 2722 
715 2722 
716 2722 
717 2722 
718 2722 
719 2722 
720 2722 
721 2722 
722 2722 
723 2722 
724 2722 
725 2722 
726 2722 
727 2722 
728 2722 
729 2722 
730 2722 
731 2722 
732 2722 
733 2722 
734 2722 
735 2722 
736 2722 
737 2722 
738 2722 
739 2722 
740 2722 
741 2722 
742 2722 
743 2722 
744 2722 
745 2722 
746 2722 
747 2722 
748 2722 
749 2722 
750 2722 
751 2722 
752 2722 
753 2722 
754 2722 
755 2722 
756 2722 
757 2722 
758 2722 
759 2722 
760 2722 
761 2722 
762 2722 
763 2722 
764 2722 
765 2722 
766 2722 
767 2722 
768 2722 
769 2722 
770 2722 
771 2722 
772 2722 
773 2722 
774 2722 
775 2722 
776 2722 
777 2722 
778 2722 
779 2722 
780 2722 
781 2722 
782 2722 
783 2722 
784 2722 
785 2722 
786 2722 
787 2722 
788 2722 
789 2722 
790 2722 
791 2722 
792 2722 
793 2722 
794 2722 
795 2722 
796 2722 
797 2722 
798 2722 
799 2722 
800 2722 
801 2722 
802 2722 
803 2722 
804 2722 
805 2722 
806 2722 
807 2722 
808 2722 
809 2722 
810 2722 
811 2722 
812 2722 
813 2722 
814 2722 
815 2722 
816 2722 
817 2722 
818 2722 
819 2722 
820 2722 
821 2722 
822 2722 
823 2722 
824 2722 
825 2722 
826 2722 
827 2722 
828 2722 
829 2722 
830 2722 
831 2722 
832 2722 
833 2722 
834 2722 
835 2722 
836 2722 
837 2722 
838 2722 
839 2722 
840 2722 
841 2722 
842 2722 
843 2722 
844 2722 
845 2722 
846 2722 
847 2722 
848 2722 
849 2722 
850 2722 
851 2722 
852 2722 
853 2722 
854 2722 
855 2722 
856 2722 
857 2722 
858 2722 
859 2722 
860 2722 
861 2722 
862 2722 
863 2722 
864 2722 
865 2722 
866 2722 
867 2722 
868 2722 
869 2722 
870 2722 
871 2722 
872 2722 
873 2722 
874 2722 
875 2722 
876 2722 
877 2722 
878 2722 
879 2722 
880 2722 
881 2722 
882 2722 
883 2722 
884 2722 
885 2722 
886 2722 
887 2722 
888 2722 
889 2722 
890 2722 
891 2722 
892 2722 
893 2722 
894 2722 
895 2722 
896 2722 
897 2722 
898 2722 
899 2722 
900 2722 
901 2722 
902 2722 
903 2722 
904 2722 
905 2722 
906 2722 
907 2722 
908 2722 
909 2722 
910 2722 
911 2722 
912 2722 
913 2722 
914 2722 
915 2722 
916 2722 
917 2722 
918 2722 
919 2722 
920 2722 
921 2722 
922 2722 
923 2722 
924 2722 
925 2722 
926 2722 
927 2722 
928 2722 
929 2722 
930 2722 
931 2722 
932 2722 
933 2722 
934 2722 
935 2722 
936 2722 
937 2722 
938 2722 
939 2722 
940 2722 
941 2722 
942 2722 
943 2722 
944 2722 
945 2722 
946 2722 
947 2722 
948 2722 
949 2722 
950 2722 
951 2722 
952 2722 
953 2722 
954 2722 
955 2722 
956 2722 
957 2722 
958 2722 
959 2722 
960 2722 
961 2722 
962 2722 
963 2722 
964 2722 
965 2722 
966 2722 
967 2722 
968 2722 
969 2722 
970 2722 
971 2722 
972 2722 
973 2722 
974 2722 
975 2722 
976 2722 
977 2722 
978 2722 
979 2722 
980 2722 
981 2722 
982 2722 
983 2722 
984 2722 
985 2722 
986 2722 
987 2722 
988 2722 
989 2722 
990 2722 
991 2722 
992 2722 
993 2722 
994 2722 
995 2722 
996 2722 
997 2722 
998 2722 
999 2722 
1000 2722 
1001 2722 
1002 2722 
1003 2722 
1004 2722 
1005 2722 
1006 2722 
1007 2722 
1008 2722 
1009 2722 
1010 2722 
1011 2722 
1012 2722 
1013 2722 
1014 2722 
1015 2722 
1016 2722 
1017 2722 
1018 2722 
1019 2722 
1020 2722 
1021 2722 
1022 2722 
1023 2722 
1024 2722 
1025 2722 
1026 2722 
1027 2722 
1028 2722 
1029 2722 
1030 2722 
1031 2722 
1032 2722 
1033 2722 
1034 2722 
1035 2722 
1036 2722 
1037 2722 
1038 2722 
1039 2722 
1040 2722 
1041 2722 
1042 2722 
1043 2722 
1044 2722 
1045 2722 
1046 2722 
1047 2722 
1048 2722 
1049 2722 
1050 2722 
1051 2722 
1052 2722 
1053 2722 
1054 2722 
1055 2722 
1056 2722 
1057 2722 
1058 2722 
1059 2722 
1060 2722 
1061 2722 
1062 2722 
1063 2722 
1064 2722 
1065 2722 
1066 2722 
1067 2722 
1068 2722 
1069 2722 
1070 2722 
1071 2722 
1072 2722 
1073 2722 
1074 2722 
1075 2722 
1076 2722 
1077 2722 
1078 2722 
1079 2722 
1080 2722 
1081 2722 
1082 2722 
1083 2722 
1084 2722 
1085 2722 
1086 2722 
1087 2722 
1088 2722 
1089 2722 
1090 2722 
1091 2722 
1092 2722 
1093 2722 
1094 2722 
1095 2722 
1096 2722 
1097 2722 
1098 2722 
1099 2722 
1100 2722 
1101 2722 
1102 2722 
1103 2722 
1104 2722 
1105 2722 
1106 2722 
1107 2722 
1108 2722 
1109 2722 
1110 2722 
1111 2722 
1112 2722 
1113 2722 
1114 2722 
1115 2722 
1116 2722 
1117 2722 
1118 2722 
1119 2722 
1120 2722 
1121 2722 
1122 2722 
1123 2722 
1124 2722 
1125 2722 
1126 2722 
1127 2722 
1128 2722 
1129 2722 
1130 2722 
1131 2722 
1132 2722 
1133 2722 
1134 2722 
1135 2722 
1136 2722 
1137 2722 
1138 2722 
1139 2722 
1140 2722 
1141 2722 
1142 2722 
1143 2722 
1144 2722 
1145 2722 
1146 2722 
1147 2722 
1148 2722 
1149 2722 
1150 2722 
1151 2722 
1152 2722 
1153 2722 
1154 2722 
1155 2722 
1156 2722 
1157 2722 
1158 2722 
1159 2722 
1160 2722 
1161 2722 
1162 2722 
1163 2722 
1164 2722 
1165 2722 
1166 2722 
1167 2722 
1168 2722 
1169 2722 
1170 2722 
1171 2722 
1172 2722 
1173 2722 
1174 2722 
1175 2722 
1176 2722 
1177 2722 
1178 2722 
1179 2722 
1180 2722 
1181 2722 
1182 2722 
1183 2722 
1184 2722 
1185 2722 
1186 2722 
1187 2722 
1188 2722 
1189 2722 
1190 2722 
1191 2722 
1192 2722 
1193 2722 
1194 2722 
1195 2722 
1196 2722 
1197 2722 
1198 2722 
1199 2722 
1200 2722 
1201 2722 
1202 2722 
1203 2722 
1204 2722 
1205 2722 
1206 2722 
1207 2722 
1208 2722 
1209 2722 
1210 2722 
1211 2722 
1212 2722 
1213 2722 
1214 2722 
1215 2722 
1216 2722 
1217 2722 
1218 2722 
1219 2722 
1220 2722 
1221 2722 
1222 2722 
1223 2722 
1224 2722 
1225 2722 
1226 2722 
1227 2722 
1228 2722 
1229 2722 
1230 2722 
1231 2722 
1232 2722 
1233 2722 
1234 2722 
1235 2722 
1236 2722 
1237 2722 
1238 2722 
1239 2722 
1240 2722 
1241 2722 
1242 2722 
1243 2722 
1244 2722 
1245 2722 
1246 2722 
1247 2722 
1248 2722 
1249 2722 
1250 2722 
1251 2722 
1252 2722 
1253 2722 
1254 2722 
1255 2722 
1256 2722 
1257 2722 
1258 2722 
1259 2722 
1260 2722 
1261 2722 
1262 2722 
1263 2722 
1264 2722 
1265 2722 
1266 2722 
1267 2722 
1268 2722 
1269 2722 
1270 2722 
1271 2722 
1272 2722 
1273 2722 
1274 2722 
1275 2722 
1276 2722 
1277 2722 
1278 2722 
1279 2722 
1280 2722 
1281 2722 
1282 2722 
1283 2722 
1284 2722 
1285 2722 
1286 2722 
1287 2722 
1288 2722 
1289 2722 
1290 2722 
1291 2722 
1292 2722 
1293 2722 
1294 2722 
1295 2722 
1296 2722 
1297 2722 
1298 2722 
1299 2722 
1300 2722 
1301 2722 
1302 2722 
1303 2722 
1304 2722 
1305 2722 
1306 2722 
1307 2722 
1308 2722 
1309 2722 
1310 2722 
1311 2722 
1312 2722 
1313 2722 
1314 2722 
1315 2722 
1316 2722 
1317 2722 
1318 2722 
1319 2722 
1320 2722 
1321 2722 
1322 2722 
1323 2722 
1324 2722 
1325 2722 
1326 2722 
1327 2722 
1328 2722 
1329 2722 
1330 2722 
1331 2722 
1332 2722 
1333 2722 
1334 2722 
1335 2722 
1336 2722 
1337 2722 
1338 2722 
1339 2722 
1340 2722 
1341 2722 
1342 2722 
1343 2722 
1344 2722 
1345 2722 
1346 2722 
1347 2722 
1348 2722 
1349 2722 
1350 2722 
1351 2722 
1352 2722 
1353 2722 
1354 2722 
1355 2722 
1356 2722 
1357 2722 
1358 2722 
1359 2722 
1360 2722 
1361 2722 
1362 2722 
1363 2722 
1364 2722 
1365 2722 
1366 2722 
1367 2722 
1368 2722 
1369 2722 
1370 2722 
1371 2722 
1372 2722 
1373 2722 
1374 2722 
1375 2722 
1376 2722 
1377 2722 
1378 2722 
1379 2722 
1380 2722 
1381 2722 
1382 2722 
1383 2722 
1384 2722 
1385 2722 
1386 2722 
1387 2722 
1388 2722 
1389 2722 
1390 2722 
1391 2722 
1392 2722 
1393 2722 
1394 2722 
1395 2722 
1396 2722 
1397 2722 
1398 2722 
1399 2722 
1400 2722 
1401 2722 
1402 2722 
1403 2722 
1404 2722 
1405 2722 
1406 2722 
1407 2722 
1408 2722 
1409 2722 
1410 2722 
1411 2722 
1412 2722 
1413 2722 
1414 2722 
1415 2722 
1416 2722 
1417 2722 
1418 2722 
1419 2722 
1420 2722 
1421 2722 
1422 2722 
1423 2722 
1424 2722 
1425 2722 
1426 2722 
1427 2722 
1428 2722 
1429 2722 
1430 2722 
1431 2722 
1432 2722 
1433 2722 
1434 2722 
1435 2722 
1436 2722 
1437 2722 
1438 2722 
1439 2722 
1440 2722 
1441 2722 
1442 2722 
1443 2722 
1444 2722 
1445 2722 
1446 2722 
1447 2722 
1448 2722 
1449 2722 
1450 2722 
1451 2722 
1452 2722 
1453 2722 
1454 2722 
1455 2722 
1456 2722 
1457 2722 
1458 2722 
1459 2722 
1460 2722 
1461 2722 
1462 2722 
1463 2722 
1464 2722 
1465 2722 
1466 2722 
1467 2722 
1468 2722 
1469 2722 
1470 2722 
1471 2722 
1472 2722 
1473 2722 
1474 2722 
1475 2722 
1476 2722 
1477 2722 
1478 2722 
1479 2722 
1480 2722 
1481 2722 
1482 2722 
1483 2722 
1484 2722 
1485 2722 
1486 2722 
1487 2722 
1488 2722 
1489 2722 
1490 2722 
1491 2722 
1492 2722 
1493 2722 
1494 2722 
1495 2722 
1496 2722 
1497 2722 
1498 2722 
1499 2722 
1500 2722 
1501 2722 
1502 2722 
1503 2722 
1504 2722 
1505 2722 
1506 2722 
1507 2722 
1508 2722 
1509 2722 
1510 2722 
1511 2722 
1512 2722 
1513 2722 
1514 2722 
1515 2722 
1516 2722 
1517 2722 
1518 2722 
1519 2722 
1520 2722 
1521 2722 
1522 2722 
1523 2722 
1524 2722 
1525 2722 
1526 2722 
1527 2722 
1528 2722 
1529 2722 
1530 2722 
1531 2722 
1532 2722 
1533 2722 
1534 2722 
1535 2722 
1536 2722 
1537 2722 
1538 2722 
1539 2722 
1540 2722 
1541 2722 
1542 2722 
1543 2722 
1544 2722 
1545 2722 
1546 2722 
1547 2722 
1548 2722 
1549 2722 
1550 2722 
1551 2722 
1552 2722 
1553 2722 
1554 2722 
1555 2722 
1556 2722 
1557 2722 
1558 2722 
1559 2722 
1560 2722 
1561 2722 
1562 2722 
1563 2722 
1564 2722 
1565 2722 
1566 2722 
1567 2722 
1568 2722 
1569 2722 
1570 2722 
1571 2722 
1572 2722 
1573 2722 
1574 2722 
1575 2722 
1576 2722 
1577 2722 
1578 2722 
1579 2722 
1580 2722 
1581 2722 
1582 2722 
1583 2722 
1584 2722 
1585 2722 
1586 2722 
1587 2722 
1588 2722 
1589 2722 
1590 2722 
1591 2722 
1592 2722 
1593 2722 
1594 2722 
1595 2722 
1596 2722 
1597 2722 
1598 2722 
1599 2722 
1600 2722 
1601 2722 
1602 2722 
1603 2722 
1604 2722 
1605 2722 
1606 2722 
1607 2722 
1608 2722 
1609 2722 
1610 2722 
1611 2722 
1612 2722 
1613 2722 
1614 2722 
1615 2722 
1616 2722 
1617 2722 
1618 2722 
1619 2722 
1620 2722 
1621 2722 
1622 2722 
1623 2722 
1624 2722 
1625 2722 
1626 2722 
1627 2722 
1628 2722 
1629 2722 
1630 2722 
1631 2722 
1632 2722 
1633 2722 
1634 2722 
1635 2722 
1636 2722 
1637 2722 
1638 2722 
1639 2722 
1640 2722 
1641 2722 
1642 2722 
1643 2722 
1644 2722 
1645 2722 
1646 2722 
1647 2722 
1648 2722 
1649 2722 
1650 2722 
1651 2722 
1652 2722 
1653 2722 
1654 2722 
1655 2722 
1656 2722 
1657 2722 
1658 2722 
1659 2722 
1660 2722 
1661 2722 
1662 2722 
1663 2722 
1664 2722 
1665 2722 
1666 2722 
1667 2722 
1668 2722 
1669 2722 
1670 2722 
1671 2722 
1672 2722 
1673 2722 
1674 2722 
1675 2722 
1676 2722 
1677 2722 
1678 2722 
1679 2722 
1680 2722 
1681 2722 
1682 2722 
1683 2722 
1684 2722 
1685 2722 
1686 2722 
1687 2722 
1688 2722 
1689 2722 
1690 2722 
1691 2722 
1692 2722 
1693 2722 
1694 2722 
1695 2722 
1696 2722 
1697 2722 
1698 2722 
1699 2722 
1700 2722 
1701 2722 
1702 2722 
1703 2722 
1704 2722 
1705 2722 
1706 2722 
1707 2722 
1708 2722 
1709 2722 
1710 2722 
1711 2722 
1712 2722 
1713 2722 
1714 2722 
1715 2722 
1716 2722 
1717 2722 
1718 2722 
1719 2722 
1720 2722 
1721 2722 
1722 2722 
1723 2722 
1724 2722 
1725 2722 
1726 2722 
1727 2722 
1728 2722 
1729 2722 
1730 2722 
1731 2722 
1732 2722 
1733 2722 
1734 2722 
1735 2722 
1736 2722 
1737 2722 
1738 2722 
1739 2722 
1740 2722 
1741 2722 
1742 2722 
1743 2722 
1744 2722 
1745 2722 
1746 2722 
1747 2722 
1748 2722 
1749 2722 
1750 2722 
1751 2722 
1752 2722 
1753 2722 
1754 2722 
1755 2722 
1756 2722 
1757 2722 
1758 2722 
1759 2722 
1760 2722 
1761 2722 
1762 2722 
1763 2722 
1764 2722 
1765 2722 
1766 2722 
1767 2722 
1768 2722 
1769 2722 
1770 2722 
1771 2722 
1772 2722 
1773 2722 
1774 2722 
1775 2722 
1776 2722 
1777 2722 
1778 2722 
1779 2722 
1780 2722 
1781 2722 
1782 2722 
1783 2722 
1784 2722 
1785 2722 
1786 2722 
1787 2722 
1788 2722 
1789 2722 
1790 2722 
1791 2722 
1792 2722 
1793 2722 
1794 2722 
1795 2722 
1796 2722 
1797 2722 
1798 2722 
1799 2722 
1800 2722 
1801 2722 
1802 2722 
1803 2722 
1804 2722 
1805 2722 
1806 2722 
1807 2722 
1808 2722 
1809 2722 
1810 2722 
1811 2722 
1812 2722 
1813 2722 
1814 2722 
1815 2722 
1816 2722 
1817 2722 
1818 2722 
1819 2722 
1820 2722 
1821 2722 
1822 2722 
1823 2722 
1824 2722 
1825 2722 
1826 2722 
1827 2722 
1828 2722 
1829 2722 
1830 2722 
1831 2722 
1832 2722 
1833 2722 
1834 2722 
1835 2722 
1836 2722 
1837 2722 
1838 2722 
1839 2722 
1840 2722 
1841 2722 
1842 2722 
1843 2722 
1844 2722 
1845 2722 
1846 2722 
1847 2722 
1848 2722 
1849 2722 
1850 2722 
1851 2722 
1852 2722 
1853 2722 
1854 2722 
1855 2722 
1856 2722 
1857 2722 
1858 2722 
1859 2722 
1860 2722 
1861 2722 
1862 2722 
1863 2722 
1864 2722 
1865 2722 
1866 2722 
1867 2722 
1868 2722 
1869 2722 
1870 2722 
1871 2722 
1872 2722 
1873 2722 
1874 2722 
1875 2722 
1876 2722 
1877 2722 
1878 2722 
1879 2722 
1880 2722 
1881 2722 
1882 2722 
1883 2722 
1884 2722 
1885 2722 
1886 2722 
1887 2722 
1888 2722 
1889 2722 
1890 2722 
1891 2722 
1892 2722 
1893 2722 
1894 2722 
1895 2722 
1896 2722 
1897 2722 
1898 2722 
1899 2722 
1900 2722 
1901 2722 
1902 2722 
1903 2722 
1904 2722 
1905 2722 
1906 2722 
1907 2722 
1908 2722 
1909 2722 
1910 2722 
1911 2722 
1912 2722 
1913 2722 
1914 2722 
1915 2722 
1916 2722 
1917 2722 
1918 2722 
1919 2722 
1920 2722 
1921 2722 
1922 2722 
1923 2722 
1924 2722 
1925 2722 
1926 2722 
1927 2722 
1928 2722 
1929 2722 
1930 2722 
1931 2722 
1932 2722 
1933 2722 
1934 2722 
1935 2722 
1936 2722 
1937 2722 
1938 2722 
1939 2722 
1940 2722 
1941 2722 
1942 2722 
1943 2722 
1944 2722 
1945 2722 
1946 2722 
1947 2722 
1948 2722 
1949 2722 
1950 2722 
1951 2722 
1952 2722 
1953 2722 
1954 2722 
1955 2722 
1956 2722 
1957 2722 
1958 2722 
1959 2722 
1960 2722 
1961 2722 
1962 2722 
1963 2722 
1964 2722 
1965 2722 
1966 2722 
1967 2722 
1968 2722 
1969 2722 
1970 2722 
1971 2722 
1972 2722 
1973 2722 
1974 2722 
1975 2722 
1976 2722 
1977 2722 
1978 2722 
1979 2722 
1980 2722 
1981 2722 
1982 2722 
1983 2722 
1984 2722 
1985 2722 
1986 2722 
1987 2722 
1988 2722 
1989 2722 
1990 2722 
1991 2722 
1992 2722 
1993 2722 
1994 2722 
1995 2722 
1996 2722 
1997 2722 
1998 2722 
1999 2722 
2000 2722 
2001 2722 
2002 2722 
2003 2722 
2004 2722 
2005 2722 
2006 2722 
2007 2722 
2008 2722 
2009 2722 
2010 2722 
2011 2722 
2012 2722 
2013 2722 
2014 2722 
2015 2722 
2016 2722 
2017 2722 
2018 2722 
2019 2722 
2020 2722 
2021 2722 
2022 2722 
2023 2722 
2024 2722 
2025 2722 
2026 2722 
2027 2722 
2028 2722 
2029 2722 
2030 2722 
2031 2722 
2032 2722 
2033 2722 
2034 2722 
2035 2722 
2036 2722 
2037 2722 
2038 2722 
2039 2722 
2040 2722 
2041 2722 
2042 2722 
2043 2722 
2044 2722 
2045 2722 
2046 2722 
2047 2722 
2048 2722 
2049 2722 
2050 2722 
2051 2722 
2052 2722 
2053 2722 
2054 2722 
2055 2722 
2056 2722 
2057 2722 
2058 2722 
2059 2722 
2060 2722 
2061 2722 
2062 2722 
2063 2722 
2064 2722 
2065 2722 
2066 2722 
2067 2722 
2068 2722 
2069 2722 
2070 2722 
2071 2722 
2072 2722 
2073 2722 
2074 2722 
2075 2722 
2076 2722 
2077 2722 
2078 2722 
2079 2722 
2080 2722 
2081 2722 
2082 2722 
2083 2722 
2084 2722 
2085 2722 
2086 2722 
2087 2722 
2088 2722 
2089 2722 
2090 2722 
2091 2722 
2092 2722 
2093 2722 
2094 2722 
2095 2722 
2096 2722 
2097 2722 

