0 14306 
1 14084 
2 14034 
3 13234 
4 13232 
5 13132 
6 12840 
7 12810 
8 12726 
9 12714 
10 12690 
11 12640 
12 12460 
13 12460 
14 12356 
15 12292 
16 12168 
17 11996 
18 11936 
19 11832 
20 11772 
21 11724 
22 11420 
23 11400 
24 11322 
25 11302 
26 11198 
27 11150 
28 11084 
29 11040 
30 10968 
31 10920 
32 10662 
33 10606 
34 10500 
35 10452 
36 10424 
37 10400 
38 10276 
39 10240 
40 10194 
41 10160 
42 10104 
43 10030 
44 9898 
45 9802 
46 9726 
47 9698 
48 9640 
49 9508 
50 9226 
51 9134 
52 9092 
53 8974 
54 8818 
55 8780 
56 8772 
57 8592 
58 8576 
59 8548 
60 8476 
61 8380 
62 8326 
63 8322 
64 8288 
65 8150 
66 8078 
67 8018 
68 7904 
69 7864 
70 7794 
71 7778 
72 7754 
73 7690 
74 7610 
75 7596 
76 7576 
77 7528 
78 7504 
79 7500 
80 7480 
81 7480 
82 7440 
83 7364 
84 7324 
85 7240 
86 7240 
87 7220 
88 7200 
89 7160 
90 7058 
91 6962 
92 6870 
93 6856 
94 6780 
95 6768 
96 6684 
97 6684 
98 6684 
99 6684 
100 6684 
101 6684 
102 6684 
103 6684 
104 6684 
105 6684 
106 6684 
107 6684 
108 6684 
109 6684 
110 6684 
111 6684 
112 6684 
113 6684 
114 6684 
115 6684 
116 6684 
117 6684 
118 6684 
119 6684 
120 6684 
121 6684 
122 6684 
123 6684 
124 6684 
125 6684 
126 6684 
127 6684 
128 6684 
129 6684 
130 6684 
131 6684 
132 6684 
133 6684 
134 6684 
135 6684 
136 6684 
137 6684 
138 6684 
139 6684 
140 6684 
141 6684 
142 6684 
143 6684 
144 6684 
145 6684 
146 6684 
147 6684 
148 6684 
149 6684 
150 6684 
151 6684 
152 6684 
153 6684 
154 6684 
155 6684 
156 6684 
157 6684 
158 6684 
159 6684 
160 6684 
161 6684 
162 6684 
163 6684 
164 6684 
165 6684 
166 6684 
167 6684 
168 6684 
169 6684 
170 6684 
171 6684 
172 6684 
173 6684 
174 6684 
175 6684 
176 6684 
177 6684 
178 6684 
179 6684 
180 6684 
181 6684 
182 6684 
183 6684 
184 6684 
185 6684 
186 6684 
187 6684 
188 6684 
189 6684 
190 6684 
191 6684 
192 6684 
193 6684 
194 6684 
195 6684 
196 6684 
197 6684 
198 6684 
199 6684 
200 6684 
201 6684 
202 6684 
203 6684 
204 6684 
205 6684 
206 6684 
207 6684 
208 6684 
209 6684 
210 6684 
211 6684 
212 6684 
213 6684 
214 6684 
215 6684 
216 6684 
217 6684 
218 6684 
219 6684 
220 6684 
221 6684 
222 6684 
223 6684 
224 6684 
225 6684 
226 6684 
227 6684 
228 6684 
229 6684 
230 6684 
231 6684 
232 6684 
233 6684 
234 6684 
235 6684 
236 6684 
237 6684 
238 6684 
239 6684 
240 6684 
241 6684 
242 6684 
243 6684 
244 6684 
245 6684 
246 6684 
247 6684 
248 6684 
249 6684 
250 6684 
251 6684 
252 6684 
253 6684 
254 6684 
255 6684 
256 6684 
257 6684 
258 6684 
259 6684 
260 6684 
261 6684 
262 6684 
263 6684 
264 6684 
265 6684 
266 6684 
267 6684 
268 6684 
269 6684 
270 6684 
271 6684 
272 6684 
273 6684 
274 6684 
275 6684 
276 6684 
277 6684 
278 6684 
279 6684 
280 6684 
281 6684 
282 6684 
283 6684 
284 6684 
285 6684 
286 6684 
287 6684 
288 6684 
289 6684 
290 6684 
291 6684 
292 6684 
293 6684 
294 6684 
295 6684 
296 6684 
297 6684 
298 6684 
299 6684 
300 6684 
301 6684 
302 6684 
303 6684 
304 6684 
305 6684 
306 6684 
307 6684 
308 6684 
309 6684 
310 6684 
311 6684 
312 6684 
313 6684 
314 6684 
315 6684 
316 6684 
317 6684 
318 6684 
319 6684 
320 6684 
321 6684 
322 6684 
323 6684 
324 6684 
325 6684 
326 6684 
327 6684 
328 6684 
329 6684 
330 6684 
331 6684 
332 6684 
333 6684 
334 6684 
335 6684 
336 6684 
337 6684 
338 6684 
339 6684 
340 6684 
341 6684 
342 6684 
343 6684 
344 6684 
345 6684 
346 6684 
347 6684 
348 6684 
349 6684 
350 6684 
351 6684 
352 6684 
353 6684 
354 6684 
355 6684 
356 6684 
357 6684 
358 6684 
359 6684 
360 6684 
361 6684 
362 6684 
363 6684 
364 6684 
365 6684 
366 6684 
367 6684 
368 6684 
369 6684 
370 6684 
371 6684 
372 6684 
373 6684 
374 6684 
375 6684 
376 6684 
377 6684 
378 6684 
379 6684 
380 6684 
381 6684 
382 6684 
383 6684 
384 6684 
385 6684 
386 6684 
387 6684 
388 6684 
389 6684 
390 6684 
391 6684 
392 6684 
393 6684 
394 6684 
395 6684 
396 6684 
397 6684 
398 6684 
399 6684 
400 6684 
401 6684 
402 6684 
403 6684 
404 6684 
405 6684 
406 6684 
407 6684 
408 6684 
409 6684 
410 6684 
411 6684 
412 6684 
413 6684 
414 6684 
415 6684 
416 6684 
417 6684 
418 6684 
419 6684 
420 6684 
421 6684 
422 6684 
423 6684 
424 6684 
425 6684 
426 6684 
427 6684 
428 6684 
429 6684 
430 6684 
431 6684 
432 6684 
433 6684 
434 6684 
435 6684 
436 6684 
437 6684 
438 6684 
439 6684 
440 6684 
441 6684 
442 6684 
443 6684 
444 6684 
445 6684 
446 6684 
447 6684 
448 6684 
449 6684 
450 6684 
451 6684 
452 6684 
453 6684 
454 6684 
455 6684 
456 6684 
457 6684 
458 6684 
459 6684 
460 6684 
461 6684 
462 6684 
463 6684 
464 6684 
465 6684 
466 6684 
467 6684 
468 6684 
469 6684 
470 6684 
471 6684 
472 6684 
473 6684 
474 6684 
475 6684 
476 6684 
477 6684 
478 6684 
479 6684 
480 6684 
481 6684 
482 6684 
483 6684 
484 6684 
485 6684 
486 6684 
487 6684 
488 6684 
489 6684 
490 6684 
491 6684 
492 6684 
493 6684 
494 6684 
495 6684 
496 6684 
497 6684 
498 6684 
499 6684 
500 6684 
501 6684 
502 6684 
503 6684 
504 6684 
505 6684 
506 6684 
507 6684 
508 6684 
509 6684 
510 6684 
511 6684 
512 6684 
513 6684 
514 6684 
515 6684 
516 6684 
517 6684 
518 6684 
519 6684 
520 6684 
521 6684 
522 6684 
523 6684 
524 6684 
525 6684 
526 6684 
527 6684 
528 6684 
529 6684 
530 6684 
531 6684 
532 6684 
533 6684 
534 6684 
535 6684 
536 6684 
537 6684 
538 6684 
539 6684 
540 6684 
541 6684 
542 6684 
543 6684 
544 6684 
545 6684 
546 6684 
547 6684 
548 6684 
549 6684 
550 6684 
551 6684 
552 6684 
553 6684 
554 6684 
555 6684 
556 6684 
557 6684 
558 6684 
559 6684 
560 6684 
561 6684 
562 6684 
563 6684 
564 6684 
565 6684 
566 6684 
567 6684 
568 6684 
569 6684 
570 6684 
571 6684 
572 6684 
573 6684 
574 6684 
575 6684 
576 6684 
577 6684 
578 6684 
579 6684 
580 6684 
581 6684 
582 6684 
583 6684 
584 6684 
585 6684 
586 6684 
587 6684 
588 6684 
589 6684 
590 6684 
591 6684 
592 6684 
593 6684 
594 6684 
595 6684 
596 6684 
597 6684 
598 6684 
599 6684 
600 6684 
601 6684 
602 6684 
603 6684 
604 6684 
605 6684 
606 6684 
607 6684 
608 6684 
609 6684 
610 6684 
611 6684 
612 6684 
613 6684 
614 6684 
615 6684 
616 6684 
617 6684 
618 6684 
619 6684 
620 6684 
621 6684 
622 6684 
623 6684 
624 6684 
625 6684 
626 6684 
627 6684 
628 6684 
629 6684 
630 6684 
631 6684 
632 6684 
633 6684 
634 6684 
635 6684 
636 6684 
637 6684 
638 6684 
639 6684 
640 6684 
641 6684 
642 6684 
643 6684 
644 6684 
645 6684 
646 6684 
647 6684 
648 6684 
649 6684 
650 6684 
651 6684 
652 6684 
653 6684 
654 6684 
655 6684 
656 6684 
657 6684 
658 6684 
659 6684 
660 6684 
661 6684 
662 6684 
663 6684 
664 6684 
665 6684 
666 6684 
667 6684 
668 6684 
669 6684 
670 6684 
671 6684 
672 6684 
673 6684 
674 6684 
675 6684 
676 6684 
677 6684 
678 6684 
679 6684 
680 6684 
681 6684 
682 6684 
683 6684 
684 6684 
685 6684 
686 6684 
687 6684 
688 6684 
689 6684 
690 6684 
691 6684 
692 6684 
693 6684 
694 6684 
695 6684 
696 6684 
697 6684 
698 6684 
699 6684 
700 6684 
701 6684 
702 6684 
703 6684 
704 6684 
705 6684 
706 6684 
707 6684 
708 6684 
709 6684 
710 6684 
711 6684 
712 6684 
713 6684 
714 6684 
715 6684 
716 6684 
717 6684 
718 6684 
719 6684 
720 6684 
721 6684 
722 6684 
723 6684 
724 6684 
725 6684 
726 6684 
727 6684 
728 6684 
729 6684 
730 6684 
731 6684 
732 6684 
733 6684 
734 6684 
735 6684 
736 6684 
737 6684 
738 6684 
739 6684 
740 6684 
741 6684 
742 6684 
743 6684 
744 6684 
745 6684 
746 6684 
747 6684 
748 6684 
749 6684 
750 6684 
751 6684 
752 6684 
753 6684 
754 6684 
755 6684 
756 6684 
757 6684 
758 6684 
759 6684 
760 6684 
761 6684 
762 6684 
763 6684 
764 6684 
765 6684 
766 6684 
767 6684 
768 6684 
769 6684 
770 6684 
771 6684 
772 6684 
773 6684 
774 6684 
775 6684 
776 6684 
777 6684 
778 6684 
779 6684 
780 6684 
781 6684 
782 6684 
783 6684 
784 6684 
785 6684 
786 6684 
787 6684 
788 6684 
789 6684 
790 6684 
791 6684 
792 6684 
793 6684 
794 6684 
795 6684 
796 6684 
797 6684 
798 6684 
799 6684 
800 6684 
801 6684 
802 6684 
803 6684 
804 6684 
805 6684 
806 6684 
807 6684 
808 6684 
809 6684 
810 6684 
811 6684 
812 6684 
813 6684 
814 6684 
815 6684 
816 6684 
817 6684 
818 6684 
819 6684 
820 6684 
821 6684 
822 6684 
823 6684 
824 6684 
825 6684 
826 6684 
827 6684 
828 6684 
829 6684 
830 6684 
831 6684 
832 6684 
833 6684 
834 6684 
835 6684 
836 6684 
837 6684 
838 6684 
839 6684 
840 6684 
841 6684 
842 6684 
843 6684 
844 6684 
845 6684 
846 6684 
847 6684 
848 6684 
849 6684 
850 6684 
851 6684 
852 6684 
853 6684 
854 6684 
855 6684 
856 6684 
857 6684 
858 6684 
859 6684 
860 6684 
861 6684 
862 6684 
863 6684 
864 6684 
865 6684 
866 6684 
867 6684 
868 6684 
869 6684 
870 6684 
871 6684 
872 6684 
873 6684 
874 6684 
875 6684 
876 6684 
877 6684 
878 6684 
879 6684 
880 6684 
881 6684 
882 6684 
883 6684 
884 6684 
885 6684 
886 6684 
887 6684 
888 6684 
889 6684 
890 6684 
891 6684 
892 6684 
893 6684 
894 6684 
895 6684 
896 6684 
897 6684 
898 6684 
899 6684 
900 6684 
901 6684 
902 6684 
903 6684 
904 6684 
905 6684 
906 6684 
907 6684 
908 6684 
909 6684 
910 6684 
911 6684 
912 6684 
913 6684 
914 6684 
915 6684 
916 6684 
917 6684 
918 6684 
919 6684 
920 6684 
921 6684 
922 6684 
923 6684 
924 6684 
925 6684 
926 6684 
927 6684 
928 6684 
929 6684 
930 6684 
931 6684 
932 6684 
933 6684 
934 6684 
935 6684 
936 6684 
937 6684 
938 6684 
939 6684 
940 6684 
941 6684 
942 6684 
943 6684 
944 6684 
945 6684 
946 6684 
947 6684 
948 6684 
949 6684 
950 6684 
951 6684 
952 6684 
953 6684 
954 6684 
955 6684 
956 6684 
957 6684 
958 6684 
959 6684 
960 6684 
961 6684 
962 6684 
963 6684 
964 6684 
965 6684 
966 6684 
967 6684 
968 6684 
969 6684 
970 6684 
971 6684 
972 6684 
973 6684 
974 6684 
975 6684 
976 6684 
977 6684 
978 6684 
979 6684 
980 6684 
981 6684 
982 6684 
983 6684 
984 6684 
985 6684 
986 6684 
987 6684 
988 6684 
989 6684 
990 6684 
991 6684 
992 6684 
993 6684 
994 6684 
995 6684 
996 6684 
997 6684 
998 6684 
999 6684 
1000 6684 
1001 6684 
1002 6684 
1003 6684 
1004 6684 
1005 6684 
1006 6684 
1007 6684 
1008 6684 
1009 6684 
1010 6684 
1011 6684 
1012 6684 
1013 6684 
1014 6684 
1015 6684 
1016 6684 
1017 6684 
1018 6684 
1019 6684 
1020 6684 
1021 6684 
1022 6684 
1023 6684 
1024 6684 
1025 6684 
1026 6684 
1027 6684 
1028 6684 
1029 6684 
1030 6684 
1031 6684 
1032 6684 
1033 6684 
1034 6684 
1035 6684 
1036 6684 
1037 6684 
1038 6684 
1039 6684 
1040 6684 
1041 6684 
1042 6684 
1043 6684 
1044 6684 
1045 6684 
1046 6684 
1047 6684 
1048 6684 
1049 6684 
1050 6684 
1051 6684 
1052 6684 
1053 6684 
1054 6684 
1055 6684 
1056 6684 
1057 6684 
1058 6684 
1059 6684 
1060 6684 
1061 6684 
1062 6684 
1063 6684 
1064 6684 
1065 6684 
1066 6684 
1067 6684 
1068 6684 
1069 6684 
1070 6684 
1071 6684 
1072 6684 
1073 6684 
1074 6684 
1075 6684 
1076 6684 
1077 6684 
1078 6684 
1079 6684 
1080 6684 
1081 6684 
1082 6684 
1083 6684 
1084 6684 
1085 6684 
1086 6684 
1087 6684 
1088 6684 
1089 6684 
1090 6684 
1091 6684 
1092 6684 
1093 6684 
1094 6684 
1095 6684 
1096 6684 
1097 6684 
1098 6684 
1099 6684 
1100 6684 
1101 6684 
1102 6684 
1103 6684 
1104 6684 
1105 6684 
1106 6684 
1107 6684 
1108 6684 
1109 6684 
1110 6684 
1111 6684 
1112 6684 
1113 6684 
1114 6684 
1115 6684 
1116 6684 
1117 6684 
1118 6684 
1119 6684 
1120 6684 
1121 6684 
1122 6684 
1123 6684 
1124 6684 
1125 6684 
1126 6684 
1127 6684 
1128 6684 
1129 6684 
1130 6684 
1131 6684 
1132 6684 
1133 6684 
1134 6684 
1135 6684 
1136 6684 
1137 6684 
1138 6684 
1139 6684 
1140 6684 
1141 6684 
1142 6684 
1143 6684 
1144 6684 
1145 6684 
1146 6684 
1147 6684 
1148 6684 
1149 6684 
1150 6684 
1151 6684 
1152 6684 
1153 6684 
1154 6684 
1155 6684 
1156 6684 
1157 6684 
1158 6684 
1159 6684 
1160 6684 
1161 6684 
1162 6684 
1163 6684 
1164 6684 
1165 6684 
1166 6684 
1167 6684 
1168 6684 
1169 6684 
1170 6684 
1171 6684 
1172 6684 
1173 6684 
1174 6684 
1175 6684 
1176 6684 
1177 6684 
1178 6684 
1179 6684 
1180 6684 
1181 6684 
1182 6684 
1183 6684 
1184 6684 
1185 6684 
1186 6684 
1187 6684 
1188 6684 
1189 6684 
1190 6684 
1191 6684 
1192 6684 
1193 6684 
1194 6684 
1195 6684 
1196 6684 
1197 6684 
1198 6684 
1199 6684 
1200 6684 
1201 6684 
1202 6684 
1203 6684 
1204 6684 
1205 6684 
1206 6684 
1207 6684 
1208 6684 
1209 6684 
1210 6684 
1211 6684 
1212 6684 
1213 6684 
1214 6684 
1215 6684 
1216 6684 
1217 6684 
1218 6684 
1219 6684 
1220 6684 
1221 6684 
1222 6684 
1223 6684 
1224 6684 
1225 6684 
1226 6684 
1227 6684 
1228 6684 
1229 6684 
1230 6684 
1231 6684 
1232 6684 
1233 6684 
1234 6684 
1235 6684 
1236 6684 
1237 6684 
1238 6684 
1239 6684 
1240 6684 
1241 6684 
1242 6684 
1243 6684 
1244 6684 
1245 6684 
1246 6684 
1247 6684 
1248 6684 
1249 6684 
1250 6684 
1251 6684 
1252 6684 
1253 6684 
1254 6684 
1255 6684 
1256 6684 
1257 6684 
1258 6684 
1259 6684 
1260 6684 
1261 6684 
1262 6684 
1263 6684 
1264 6684 
1265 6684 
1266 6684 
1267 6684 
1268 6684 
1269 6684 
1270 6684 
1271 6684 
1272 6684 
1273 6684 
1274 6684 
1275 6684 
1276 6684 
1277 6684 
1278 6684 
1279 6684 
1280 6684 
1281 6684 
1282 6684 
1283 6684 
1284 6684 
1285 6684 
1286 6684 
1287 6684 
1288 6684 
1289 6684 
1290 6684 
1291 6684 
1292 6684 
1293 6684 
1294 6684 
1295 6684 
1296 6684 
1297 6684 
1298 6684 
1299 6684 
1300 6684 
1301 6684 
1302 6684 
1303 6684 
1304 6684 
1305 6684 
1306 6684 
1307 6684 
1308 6684 
1309 6684 
1310 6684 
1311 6684 
1312 6684 
1313 6684 
1314 6684 
1315 6684 
1316 6684 
1317 6684 
1318 6684 
1319 6684 
1320 6684 
1321 6684 
1322 6684 
1323 6684 
1324 6684 
1325 6684 
1326 6684 
1327 6684 
1328 6684 
1329 6684 
1330 6684 
1331 6684 
1332 6684 
1333 6684 
1334 6684 
1335 6684 
1336 6684 
1337 6684 
1338 6684 
1339 6684 
1340 6684 
1341 6684 
1342 6684 
1343 6684 
1344 6684 
1345 6684 
1346 6684 
1347 6684 
1348 6684 
1349 6684 
1350 6684 
1351 6684 
1352 6684 
1353 6684 
1354 6684 
1355 6684 
1356 6684 
1357 6684 
1358 6684 
1359 6684 
1360 6684 
1361 6684 
1362 6684 
1363 6684 
1364 6684 
1365 6684 
1366 6684 
1367 6684 
1368 6684 
1369 6684 
1370 6684 
1371 6684 
1372 6684 
1373 6684 
1374 6684 
1375 6684 
1376 6684 
1377 6684 
1378 6684 
1379 6684 
1380 6684 
1381 6684 
1382 6684 
1383 6684 
1384 6684 
1385 6684 
1386 6684 
1387 6684 
1388 6684 
1389 6684 
1390 6684 
1391 6684 
1392 6684 
1393 6684 
1394 6684 
1395 6684 
1396 6684 
1397 6684 
1398 6684 
1399 6684 
1400 6684 
1401 6684 
1402 6684 
1403 6684 
1404 6684 
1405 6684 
1406 6684 
1407 6684 
1408 6684 
1409 6684 
1410 6684 
1411 6684 
1412 6684 
1413 6684 
1414 6684 
1415 6684 
1416 6684 
1417 6684 
1418 6684 
1419 6684 
1420 6684 
1421 6684 
1422 6684 
1423 6684 
1424 6684 
1425 6684 
1426 6684 
1427 6684 
1428 6684 
1429 6684 
1430 6684 
1431 6684 
1432 6684 
1433 6684 
1434 6684 
1435 6684 
1436 6684 
1437 6684 
1438 6684 
1439 6684 
1440 6684 
1441 6684 
1442 6684 
1443 6684 
1444 6684 
1445 6684 
1446 6684 
1447 6684 
1448 6684 
1449 6684 
1450 6684 
1451 6684 
1452 6684 
1453 6684 
1454 6684 
1455 6684 
1456 6684 
1457 6684 
1458 6684 
1459 6684 
1460 6684 
1461 6684 
1462 6684 
1463 6684 
1464 6684 
1465 6684 
1466 6684 
1467 6684 
1468 6684 
1469 6684 
1470 6684 
1471 6684 
1472 6684 
1473 6684 
1474 6684 
1475 6684 
1476 6684 
1477 6684 
1478 6684 
1479 6684 
1480 6684 
1481 6684 
1482 6684 
1483 6684 
1484 6684 
1485 6684 
1486 6684 
1487 6684 
1488 6684 
1489 6684 
1490 6684 
1491 6684 
1492 6684 
1493 6684 
1494 6684 
1495 6684 
1496 6684 
1497 6684 
1498 6684 
1499 6684 
1500 6684 
1501 6684 
1502 6684 
1503 6684 
1504 6684 
1505 6684 
1506 6684 
1507 6684 
1508 6684 
1509 6684 
1510 6684 
1511 6684 
1512 6684 
1513 6684 
1514 6684 
1515 6684 
1516 6684 
1517 6684 
1518 6684 
1519 6684 
1520 6684 
1521 6684 
1522 6684 
1523 6684 
1524 6684 
1525 6684 
1526 6684 
1527 6684 
1528 6684 
1529 6684 
1530 6684 
1531 6684 
1532 6684 
1533 6684 
1534 6684 
1535 6684 
1536 6684 
1537 6684 
1538 6684 
1539 6684 
1540 6684 
1541 6684 
1542 6684 
1543 6684 
1544 6684 
1545 6684 
1546 6684 
1547 6684 
1548 6684 
1549 6684 
1550 6684 
1551 6684 
1552 6684 
1553 6684 
1554 6684 
1555 6684 
1556 6684 
1557 6684 
1558 6684 
1559 6684 
1560 6684 
1561 6684 
1562 6684 
1563 6684 
1564 6684 
1565 6684 
1566 6684 
1567 6684 
1568 6684 
1569 6684 
1570 6684 
1571 6684 
1572 6684 
1573 6684 
1574 6684 
1575 6684 
1576 6684 
1577 6684 
1578 6684 
1579 6684 
1580 6684 
1581 6684 
1582 6684 
1583 6684 
1584 6684 
1585 6684 
1586 6684 
1587 6684 
1588 6684 
1589 6684 
1590 6684 
1591 6684 
1592 6684 
1593 6684 
1594 6684 
1595 6684 
1596 6684 
1597 6684 
1598 6684 
1599 6684 
1600 6684 
1601 6684 
1602 6684 
1603 6684 
1604 6684 
1605 6684 
1606 6684 
1607 6684 
1608 6684 
1609 6684 
1610 6684 
1611 6684 
1612 6684 
1613 6684 
1614 6684 
1615 6684 
1616 6684 
1617 6684 
1618 6684 
1619 6684 
1620 6684 
1621 6684 
1622 6684 
1623 6684 
1624 6684 
1625 6684 
1626 6684 
1627 6684 
1628 6684 
1629 6684 
1630 6684 
1631 6684 
1632 6684 
1633 6684 
1634 6684 
1635 6684 
1636 6684 
1637 6684 
1638 6684 
1639 6684 
1640 6684 
1641 6684 
1642 6684 
1643 6684 
1644 6684 
1645 6684 
1646 6684 
1647 6684 
1648 6684 
1649 6684 
1650 6684 
1651 6684 
1652 6684 
1653 6684 
1654 6684 
1655 6684 
1656 6684 
1657 6684 
1658 6684 
1659 6684 
1660 6684 
1661 6684 
1662 6684 
1663 6684 
1664 6684 
1665 6684 
1666 6684 
1667 6684 
1668 6684 
1669 6684 
1670 6684 
1671 6684 
1672 6684 
1673 6684 
1674 6684 
1675 6684 
1676 6684 
1677 6684 
1678 6684 
1679 6684 
1680 6684 
1681 6684 
1682 6684 
1683 6684 
1684 6684 
1685 6684 
1686 6684 
1687 6684 
1688 6684 
1689 6684 
1690 6684 
1691 6684 
1692 6684 
1693 6684 
1694 6684 
1695 6684 
1696 6684 
1697 6684 
1698 6684 
1699 6684 
1700 6684 
1701 6684 
1702 6684 
1703 6684 
1704 6684 
1705 6684 
1706 6684 
1707 6684 
1708 6684 
1709 6684 
1710 6684 
1711 6684 
1712 6684 
1713 6684 
1714 6684 
1715 6684 
1716 6684 
1717 6684 
1718 6684 
1719 6684 
1720 6684 
1721 6684 
1722 6684 
1723 6684 
1724 6684 
1725 6684 
1726 6684 
1727 6684 
1728 6684 
1729 6684 
1730 6684 
1731 6684 
1732 6684 
1733 6684 
1734 6684 
1735 6684 
1736 6684 
1737 6684 
1738 6684 
1739 6684 
1740 6684 
1741 6684 
1742 6684 
1743 6684 
1744 6684 
1745 6684 
1746 6684 
1747 6684 
1748 6684 
1749 6684 
1750 6684 
1751 6684 
1752 6684 
1753 6684 
1754 6684 
1755 6684 
1756 6684 
1757 6684 
1758 6684 
1759 6684 
1760 6684 
1761 6684 
1762 6684 
1763 6684 
1764 6684 
1765 6684 
1766 6684 
1767 6684 
1768 6684 
1769 6684 
1770 6684 
1771 6684 
1772 6684 
1773 6684 
1774 6684 
1775 6684 
1776 6684 
1777 6684 
1778 6684 
1779 6684 
1780 6684 
1781 6684 
1782 6684 
1783 6684 
1784 6684 
1785 6684 
1786 6684 
1787 6684 
1788 6684 
1789 6684 
1790 6684 
1791 6684 
1792 6684 
1793 6684 
1794 6684 
1795 6684 
1796 6684 
1797 6684 
1798 6684 
1799 6684 
1800 6684 
1801 6684 
1802 6684 
1803 6684 
1804 6684 
1805 6684 
1806 6684 
1807 6684 
1808 6684 
1809 6684 
1810 6684 
1811 6684 
1812 6684 
1813 6684 
1814 6684 
1815 6684 
1816 6684 
1817 6684 
1818 6684 
1819 6684 
1820 6684 
1821 6684 
1822 6684 
1823 6684 
1824 6684 
1825 6684 
1826 6684 
1827 6684 
1828 6684 
1829 6684 
1830 6684 
1831 6684 
1832 6684 
1833 6684 
1834 6684 
1835 6684 
1836 6684 
1837 6684 
1838 6684 
1839 6684 
1840 6684 
1841 6684 
1842 6684 
1843 6684 
1844 6684 
1845 6684 
1846 6684 
1847 6684 
1848 6684 
1849 6684 
1850 6684 
1851 6684 
1852 6684 
1853 6684 
1854 6684 
1855 6684 
1856 6684 
1857 6684 
1858 6684 
1859 6684 
1860 6684 
1861 6684 
1862 6684 
1863 6684 
1864 6684 
1865 6684 
1866 6684 
1867 6684 
1868 6684 
1869 6684 
1870 6684 
1871 6684 
1872 6684 
1873 6684 
1874 6684 
1875 6684 
1876 6684 
1877 6684 
1878 6684 
1879 6684 
1880 6684 
1881 6684 
1882 6684 
1883 6684 
1884 6684 
1885 6684 
1886 6684 
1887 6684 
1888 6684 
1889 6684 
1890 6684 
1891 6684 
1892 6684 
1893 6684 
1894 6684 
1895 6684 
1896 6684 
1897 6684 
1898 6684 
1899 6684 
1900 6684 
1901 6684 
1902 6684 
1903 6684 
1904 6684 
1905 6684 
1906 6684 
1907 6684 
1908 6684 
1909 6684 
1910 6684 
1911 6684 
1912 6684 
1913 6684 
1914 6684 
1915 6684 
1916 6684 
1917 6684 
1918 6684 
1919 6684 
1920 6684 
1921 6684 
1922 6684 
1923 6684 
1924 6684 
1925 6684 
1926 6684 
1927 6684 
1928 6684 
1929 6684 
1930 6684 
1931 6684 
1932 6684 
1933 6684 
1934 6684 
1935 6684 
1936 6684 
1937 6684 
1938 6684 
1939 6684 
1940 6684 
1941 6684 
1942 6684 
1943 6684 
1944 6684 
1945 6684 
1946 6684 
1947 6684 
1948 6684 
1949 6684 
1950 6684 
1951 6684 
1952 6684 
1953 6684 
1954 6684 
1955 6684 
1956 6684 
1957 6684 
1958 6684 
1959 6684 
1960 6684 
1961 6684 
1962 6684 
1963 6684 
1964 6684 
1965 6684 
1966 6684 
1967 6684 
1968 6684 
1969 6684 
1970 6684 
1971 6684 
1972 6684 
1973 6684 
1974 6684 
1975 6684 
1976 6684 
1977 6684 
1978 6684 
1979 6684 
1980 6684 
1981 6684 
1982 6684 
1983 6684 
1984 6684 
1985 6684 
1986 6684 
1987 6684 
1988 6684 
1989 6684 
1990 6684 
1991 6684 
1992 6684 
1993 6684 
1994 6684 
1995 6684 
1996 6684 
1997 6684 
1998 6684 
1999 6684 
2000 6684 
2001 6684 
2002 6684 
2003 6684 
2004 6684 
2005 6684 
2006 6684 
2007 6684 
2008 6684 
2009 6684 
2010 6684 
2011 6684 
2012 6684 
2013 6684 
2014 6684 
2015 6684 
2016 6684 
2017 6684 
2018 6684 
2019 6684 
2020 6684 
2021 6684 
2022 6684 
2023 6684 
2024 6684 
2025 6684 
2026 6684 
2027 6684 
2028 6684 
2029 6684 
2030 6684 
2031 6684 
2032 6684 
2033 6684 
2034 6684 
2035 6684 
2036 6684 
2037 6684 
2038 6684 
2039 6684 
2040 6684 
2041 6684 
2042 6684 
2043 6684 
2044 6684 
2045 6684 
2046 6684 
2047 6684 
2048 6684 
2049 6684 
2050 6684 
2051 6684 
2052 6684 
2053 6684 
2054 6684 
2055 6684 
2056 6684 
2057 6684 
2058 6684 
2059 6684 
2060 6684 
2061 6684 
2062 6684 
2063 6684 
2064 6684 
2065 6684 
2066 6684 
2067 6684 
2068 6684 
2069 6684 
2070 6684 
2071 6684 
2072 6684 
2073 6684 
2074 6684 
2075 6684 
2076 6684 
2077 6684 
2078 6684 
2079 6684 
2080 6684 
2081 6684 
2082 6684 
2083 6684 
2084 6684 
2085 6684 
2086 6684 
2087 6684 
2088 6684 
2089 6684 
2090 6684 
2091 6684 
2092 6684 
2093 6684 
2094 6684 
2095 6684 
2096 6684 
2097 6684 
2098 6684 
2099 6684 
2100 6684 
2101 6684 
2102 6684 
2103 6684 
2104 6684 
2105 6684 
2106 6684 
2107 6684 
2108 6684 
2109 6684 
2110 6684 
2111 6684 
2112 6684 
2113 6684 
2114 6684 
2115 6684 
2116 6684 
2117 6684 
2118 6684 
2119 6684 
2120 6684 
2121 6684 
2122 6684 
2123 6684 
2124 6684 
2125 6684 
2126 6684 
2127 6684 
2128 6684 
2129 6684 
2130 6684 
2131 6684 
2132 6684 
2133 6684 
2134 6684 
2135 6684 
2136 6684 
2137 6684 
2138 6684 
2139 6684 
2140 6684 
2141 6684 
2142 6684 
2143 6684 
2144 6684 
2145 6684 
2146 6684 
2147 6684 
2148 6684 
2149 6684 
2150 6684 
2151 6684 
2152 6684 
2153 6684 
2154 6684 
2155 6684 
2156 6684 
2157 6684 
2158 6684 
2159 6684 
2160 6684 
2161 6684 
2162 6684 
2163 6684 
2164 6684 
2165 6684 
2166 6684 
2167 6684 
2168 6684 
2169 6684 
2170 6684 
2171 6684 
2172 6684 
2173 6684 
2174 6684 
2175 6684 
2176 6684 
2177 6684 
2178 6684 
2179 6684 
2180 6684 
2181 6684 
2182 6684 
2183 6684 
2184 6684 
2185 6684 
2186 6684 
2187 6684 
2188 6684 
2189 6684 
2190 6684 
2191 6684 
2192 6684 
2193 6684 
2194 6684 
2195 6684 
2196 6684 
2197 6684 
2198 6684 
2199 6684 
2200 6684 
2201 6684 
2202 6684 
2203 6684 
2204 6684 
2205 6684 
2206 6684 
2207 6684 
2208 6684 
2209 6684 
2210 6684 
2211 6684 
2212 6684 
2213 6684 
2214 6684 
2215 6684 
2216 6684 
2217 6684 
2218 6684 
2219 6684 
2220 6684 
2221 6684 
2222 6684 
2223 6684 
2224 6684 
2225 6684 
2226 6684 
2227 6684 
2228 6684 
2229 6684 
2230 6684 
2231 6684 
2232 6684 
2233 6684 
2234 6684 
2235 6684 
2236 6684 
2237 6684 
2238 6684 
2239 6684 
2240 6684 
2241 6684 
2242 6684 
2243 6684 
2244 6684 
2245 6684 
2246 6684 
2247 6684 
2248 6684 
2249 6684 
2250 6684 
2251 6684 
2252 6684 
2253 6684 
2254 6684 
2255 6684 
2256 6684 
2257 6684 
2258 6684 
2259 6684 
2260 6684 
2261 6684 
2262 6684 
2263 6684 
2264 6684 
2265 6684 
2266 6684 
2267 6684 
2268 6684 
2269 6684 
2270 6684 
2271 6684 
2272 6684 
2273 6684 
2274 6684 
2275 6684 
2276 6684 
2277 6684 
2278 6684 
2279 6684 
2280 6684 
2281 6684 
2282 6684 
2283 6684 
2284 6684 
2285 6684 
2286 6684 
2287 6684 
2288 6684 
2289 6684 
2290 6684 
2291 6684 
2292 6684 
2293 6684 
2294 6684 
2295 6684 
2296 6684 

