0 12170 
1 12148 
2 12054 
3 11980 
4 11688 
5 11634 
6 11618 
7 11608 
8 11588 
9 11586 
10 11420 
11 11416 
12 11222 
13 11214 
14 11096 
15 11040 
16 11020 
17 10734 
18 10726 
19 10522 
20 10496 
21 10464 
22 10354 
23 10344 
24 10286 
25 10244 
26 10164 
27 10070 
28 10062 
29 9910 
30 9876 
31 9796 
32 9774 
33 9746 
34 9634 
35 9608 
36 9554 
37 9546 
38 9504 
39 9474 
40 9384 
41 9314 
42 9256 
43 9220 
44 9198 
45 9024 
46 8998 
47 8882 
48 8762 
49 8750 
50 8736 
51 8704 
52 8658 
53 8624 
54 8542 
55 8490 
56 8418 
57 8406 
58 8334 
59 8292 
60 8284 
61 8282 
62 8240 
63 8200 
64 8156 
65 8072 
66 7892 
67 7768 
68 7656 
69 7618 
70 7590 
71 7580 
72 7486 
73 7388 
74 7304 
75 7242 
76 7190 
77 7152 
78 7110 
79 7062 
80 7004 
81 6990 
82 6940 
83 6930 
84 6810 
85 6762 
86 6712 
87 6712 
88 6712 
89 6712 
90 6712 
91 6712 
92 6712 
93 6712 
94 6712 
95 6712 
96 6712 
97 6712 
98 6712 
99 6712 
100 6712 
101 6712 
102 6712 
103 6712 
104 6712 
105 6712 
106 6712 
107 6712 
108 6712 
109 6712 
110 6712 
111 6712 
112 6712 
113 6712 
114 6712 
115 6712 
116 6712 
117 6712 
118 6712 
119 6712 
120 6712 
121 6712 
122 6712 
123 6712 
124 6712 
125 6712 
126 6712 
127 6712 
128 6712 
129 6712 
130 6712 
131 6712 
132 6712 
133 6712 
134 6712 
135 6712 
136 6712 
137 6712 
138 6712 
139 6712 
140 6712 
141 6712 
142 6712 
143 6712 
144 6712 
145 6712 
146 6712 
147 6712 
148 6712 
149 6712 
150 6712 
151 6712 
152 6712 
153 6712 
154 6712 
155 6712 
156 6712 
157 6712 
158 6712 
159 6712 
160 6712 
161 6712 
162 6712 
163 6712 
164 6712 
165 6712 
166 6712 
167 6712 
168 6712 
169 6712 
170 6712 
171 6712 
172 6712 
173 6712 
174 6712 
175 6712 
176 6712 
177 6712 
178 6712 
179 6712 
180 6712 
181 6712 
182 6712 
183 6712 
184 6712 
185 6712 
186 6712 
187 6712 
188 6712 
189 6712 
190 6712 
191 6712 
192 6712 
193 6712 
194 6712 
195 6712 
196 6712 
197 6712 
198 6712 
199 6712 
200 6712 
201 6712 
202 6712 
203 6712 
204 6712 
205 6712 
206 6712 
207 6712 
208 6712 
209 6712 
210 6712 
211 6712 
212 6712 
213 6712 
214 6712 
215 6712 
216 6712 
217 6712 
218 6712 
219 6712 
220 6712 
221 6712 
222 6712 
223 6712 
224 6712 
225 6712 
226 6712 
227 6712 
228 6712 
229 6712 
230 6712 
231 6712 
232 6712 
233 6712 
234 6712 
235 6712 
236 6712 
237 6712 
238 6712 
239 6712 
240 6712 
241 6712 
242 6712 
243 6712 
244 6712 
245 6712 
246 6712 
247 6712 
248 6712 
249 6712 
250 6712 
251 6712 
252 6712 
253 6712 
254 6712 
255 6712 
256 6712 
257 6712 
258 6712 
259 6712 
260 6712 
261 6712 
262 6712 
263 6712 
264 6712 
265 6712 
266 6712 
267 6712 
268 6712 
269 6712 
270 6712 
271 6712 
272 6712 
273 6712 
274 6712 
275 6712 
276 6712 
277 6712 
278 6712 
279 6712 
280 6712 
281 6712 
282 6712 
283 6712 
284 6712 
285 6712 
286 6712 
287 6712 
288 6712 
289 6712 
290 6712 
291 6712 
292 6712 
293 6712 
294 6712 
295 6712 
296 6712 
297 6712 
298 6712 
299 6712 
300 6712 
301 6712 
302 6712 
303 6712 
304 6712 
305 6712 
306 6712 
307 6712 
308 6712 
309 6712 
310 6712 
311 6712 
312 6712 
313 6712 
314 6712 
315 6712 
316 6712 
317 6712 
318 6712 
319 6712 
320 6712 
321 6712 
322 6712 
323 6712 
324 6712 
325 6712 
326 6712 
327 6712 
328 6712 
329 6712 
330 6712 
331 6712 
332 6712 
333 6712 
334 6712 
335 6712 
336 6712 
337 6712 
338 6712 
339 6712 
340 6712 
341 6712 
342 6712 
343 6712 
344 6712 
345 6712 
346 6712 
347 6712 
348 6712 
349 6712 
350 6712 
351 6712 
352 6712 
353 6712 
354 6712 
355 6712 
356 6712 
357 6712 
358 6712 
359 6712 
360 6712 
361 6712 
362 6712 
363 6712 
364 6712 
365 6712 
366 6712 
367 6712 
368 6712 
369 6712 
370 6712 
371 6712 
372 6712 
373 6712 
374 6712 
375 6712 
376 6712 
377 6712 
378 6712 
379 6712 
380 6712 
381 6712 
382 6712 
383 6712 
384 6712 
385 6712 
386 6712 
387 6712 
388 6712 
389 6712 
390 6712 
391 6712 
392 6712 
393 6712 
394 6712 
395 6712 
396 6712 
397 6712 
398 6712 
399 6712 
400 6712 
401 6712 
402 6712 
403 6712 
404 6712 
405 6712 
406 6712 
407 6712 
408 6712 
409 6712 
410 6712 
411 6712 
412 6712 
413 6712 
414 6712 
415 6712 
416 6712 
417 6712 
418 6712 
419 6712 
420 6712 
421 6712 
422 6712 
423 6712 
424 6712 
425 6712 
426 6712 
427 6712 
428 6712 
429 6712 
430 6712 
431 6712 
432 6712 
433 6712 
434 6712 
435 6712 
436 6712 
437 6712 
438 6712 
439 6712 
440 6712 
441 6712 
442 6712 
443 6712 
444 6712 
445 6712 
446 6712 
447 6712 
448 6712 
449 6712 
450 6712 
451 6712 
452 6712 
453 6712 
454 6712 
455 6712 
456 6712 
457 6712 
458 6712 
459 6712 
460 6712 
461 6712 
462 6712 
463 6712 
464 6712 
465 6712 
466 6712 
467 6712 
468 6712 
469 6712 
470 6712 
471 6712 
472 6712 
473 6712 
474 6712 
475 6712 
476 6712 
477 6712 
478 6712 
479 6712 
480 6712 
481 6712 
482 6712 
483 6712 
484 6712 
485 6712 
486 6712 
487 6712 
488 6712 
489 6712 
490 6712 
491 6712 
492 6712 
493 6712 
494 6712 
495 6712 
496 6712 
497 6712 
498 6712 
499 6712 
500 6712 
501 6712 
502 6712 
503 6712 
504 6712 
505 6712 
506 6712 
507 6712 
508 6712 
509 6712 
510 6712 
511 6712 
512 6712 
513 6712 
514 6712 
515 6712 
516 6712 
517 6712 
518 6712 
519 6712 
520 6712 
521 6712 
522 6712 
523 6712 
524 6712 
525 6712 
526 6712 
527 6712 
528 6712 
529 6712 
530 6712 
531 6712 
532 6712 
533 6712 
534 6712 
535 6712 
536 6712 
537 6712 
538 6712 
539 6712 
540 6712 
541 6712 
542 6712 
543 6712 
544 6712 
545 6712 
546 6712 
547 6712 
548 6712 
549 6712 
550 6712 
551 6712 
552 6712 
553 6712 
554 6712 
555 6712 
556 6712 
557 6712 
558 6712 
559 6712 
560 6712 
561 6712 
562 6712 
563 6712 
564 6712 
565 6712 
566 6712 
567 6712 
568 6712 
569 6712 
570 6712 
571 6712 
572 6712 
573 6712 
574 6712 
575 6712 
576 6712 
577 6712 
578 6712 
579 6712 
580 6712 
581 6712 
582 6712 
583 6712 
584 6712 
585 6712 
586 6712 
587 6712 
588 6712 
589 6712 
590 6712 
591 6712 
592 6712 
593 6712 
594 6712 
595 6712 
596 6712 
597 6712 
598 6712 
599 6712 
600 6712 
601 6712 
602 6712 
603 6712 
604 6712 
605 6712 
606 6712 
607 6712 
608 6712 
609 6712 
610 6712 
611 6712 
612 6712 
613 6712 
614 6712 
615 6712 
616 6712 
617 6712 
618 6712 
619 6712 
620 6712 
621 6712 
622 6712 
623 6712 
624 6712 
625 6712 
626 6712 
627 6712 
628 6712 
629 6712 
630 6712 
631 6712 
632 6712 
633 6712 
634 6712 
635 6712 
636 6712 
637 6712 
638 6712 
639 6712 
640 6712 
641 6712 
642 6712 
643 6712 
644 6712 
645 6712 
646 6712 
647 6712 
648 6712 
649 6712 
650 6712 
651 6712 
652 6712 
653 6712 
654 6712 
655 6712 
656 6712 
657 6712 
658 6712 
659 6712 
660 6712 
661 6712 
662 6712 
663 6712 
664 6712 
665 6712 
666 6712 
667 6712 
668 6712 
669 6712 
670 6712 
671 6712 
672 6712 
673 6712 
674 6712 
675 6712 
676 6712 
677 6712 
678 6712 
679 6712 
680 6712 
681 6712 
682 6712 
683 6712 
684 6712 
685 6712 
686 6712 
687 6712 
688 6712 
689 6712 
690 6712 
691 6712 
692 6712 
693 6712 
694 6712 
695 6712 
696 6712 
697 6712 
698 6712 
699 6712 
700 6712 
701 6712 
702 6712 
703 6712 
704 6712 
705 6712 
706 6712 
707 6712 
708 6712 
709 6712 
710 6712 
711 6712 
712 6712 
713 6712 
714 6712 
715 6712 
716 6712 
717 6712 
718 6712 
719 6712 
720 6712 
721 6712 
722 6712 
723 6712 
724 6712 
725 6712 
726 6712 
727 6712 
728 6712 
729 6712 
730 6712 
731 6712 
732 6712 
733 6712 
734 6712 
735 6712 
736 6712 
737 6712 
738 6712 
739 6712 
740 6712 
741 6712 
742 6712 
743 6712 
744 6712 
745 6712 
746 6712 
747 6712 
748 6712 
749 6712 
750 6712 
751 6712 
752 6712 
753 6712 
754 6712 
755 6712 
756 6712 
757 6712 
758 6712 
759 6712 
760 6712 
761 6712 
762 6712 
763 6712 
764 6712 
765 6712 
766 6712 
767 6712 
768 6712 
769 6712 
770 6712 
771 6712 
772 6712 
773 6712 
774 6712 
775 6712 
776 6712 
777 6712 
778 6712 
779 6712 
780 6712 
781 6712 
782 6712 
783 6712 
784 6712 
785 6712 
786 6712 
787 6712 
788 6712 
789 6712 
790 6712 
791 6712 
792 6712 
793 6712 
794 6712 
795 6712 
796 6712 
797 6712 
798 6712 
799 6712 
800 6712 
801 6712 
802 6712 
803 6712 
804 6712 
805 6712 
806 6712 
807 6712 
808 6712 
809 6712 
810 6712 
811 6712 
812 6712 
813 6712 
814 6712 
815 6712 
816 6712 
817 6712 
818 6712 
819 6712 
820 6712 
821 6712 
822 6712 
823 6712 
824 6712 
825 6712 
826 6712 
827 6712 
828 6712 
829 6712 
830 6712 
831 6712 
832 6712 
833 6712 
834 6712 
835 6712 
836 6712 
837 6712 
838 6712 
839 6712 
840 6712 
841 6712 
842 6712 
843 6712 
844 6712 
845 6712 
846 6712 
847 6712 
848 6712 
849 6712 
850 6712 
851 6712 
852 6712 
853 6712 
854 6712 
855 6712 
856 6712 
857 6712 
858 6712 
859 6712 
860 6712 
861 6712 
862 6712 
863 6712 
864 6712 
865 6712 
866 6712 
867 6712 
868 6712 
869 6712 
870 6712 
871 6712 
872 6712 
873 6712 
874 6712 
875 6712 
876 6712 
877 6712 
878 6712 
879 6712 
880 6712 
881 6712 
882 6712 
883 6712 
884 6712 
885 6712 
886 6712 
887 6712 
888 6712 
889 6712 
890 6712 
891 6712 
892 6712 
893 6712 
894 6712 
895 6712 
896 6712 
897 6712 
898 6712 
899 6712 
900 6712 
901 6712 
902 6712 
903 6712 
904 6712 
905 6712 
906 6712 
907 6712 
908 6712 
909 6712 
910 6712 
911 6712 
912 6712 
913 6712 
914 6712 
915 6712 
916 6712 
917 6712 
918 6712 
919 6712 
920 6712 
921 6712 
922 6712 
923 6712 
924 6712 
925 6712 
926 6712 
927 6712 
928 6712 
929 6712 
930 6712 
931 6712 
932 6712 
933 6712 
934 6712 
935 6712 
936 6712 
937 6712 
938 6712 
939 6712 
940 6712 
941 6712 
942 6712 
943 6712 
944 6712 
945 6712 
946 6712 
947 6712 
948 6712 
949 6712 
950 6712 
951 6712 
952 6712 
953 6712 
954 6712 
955 6712 
956 6712 
957 6712 
958 6712 
959 6712 
960 6712 
961 6712 
962 6712 
963 6712 
964 6712 
965 6712 
966 6712 
967 6712 
968 6712 
969 6712 
970 6712 
971 6712 
972 6712 
973 6712 
974 6712 
975 6712 
976 6712 
977 6712 
978 6712 
979 6712 
980 6712 
981 6712 
982 6712 
983 6712 
984 6712 
985 6712 
986 6712 
987 6712 
988 6712 
989 6712 
990 6712 
991 6712 
992 6712 
993 6712 
994 6712 
995 6712 
996 6712 
997 6712 
998 6712 
999 6712 
1000 6712 
1001 6712 
1002 6712 
1003 6712 
1004 6712 
1005 6712 
1006 6712 
1007 6712 
1008 6712 
1009 6712 
1010 6712 
1011 6712 
1012 6712 
1013 6712 
1014 6712 
1015 6712 
1016 6712 
1017 6712 
1018 6712 
1019 6712 
1020 6712 
1021 6712 
1022 6712 
1023 6712 
1024 6712 
1025 6712 
1026 6712 
1027 6712 
1028 6712 
1029 6712 
1030 6712 
1031 6712 
1032 6712 
1033 6712 
1034 6712 
1035 6712 
1036 6712 
1037 6712 
1038 6712 
1039 6712 
1040 6712 
1041 6712 
1042 6712 
1043 6712 
1044 6712 
1045 6712 
1046 6712 
1047 6712 
1048 6712 
1049 6712 
1050 6712 
1051 6712 
1052 6712 
1053 6712 
1054 6712 
1055 6712 
1056 6712 
1057 6712 
1058 6712 
1059 6712 
1060 6712 
1061 6712 
1062 6712 
1063 6712 
1064 6712 
1065 6712 
1066 6712 
1067 6712 
1068 6712 
1069 6712 
1070 6712 
1071 6712 
1072 6712 
1073 6712 
1074 6712 
1075 6712 
1076 6712 
1077 6712 
1078 6712 
1079 6712 
1080 6712 
1081 6712 
1082 6712 
1083 6712 
1084 6712 
1085 6712 
1086 6712 
1087 6712 
1088 6712 
1089 6712 
1090 6712 
1091 6712 
1092 6712 
1093 6712 
1094 6712 
1095 6712 
1096 6712 
1097 6712 
1098 6712 
1099 6712 
1100 6712 
1101 6712 
1102 6712 
1103 6712 
1104 6712 
1105 6712 
1106 6712 
1107 6712 
1108 6712 
1109 6712 
1110 6712 
1111 6712 
1112 6712 
1113 6712 
1114 6712 
1115 6712 
1116 6712 
1117 6712 
1118 6712 
1119 6712 
1120 6712 
1121 6712 
1122 6712 
1123 6712 
1124 6712 
1125 6712 
1126 6712 
1127 6712 
1128 6712 
1129 6712 
1130 6712 
1131 6712 
1132 6712 
1133 6712 
1134 6712 
1135 6712 
1136 6712 
1137 6712 
1138 6712 
1139 6712 
1140 6712 
1141 6712 
1142 6712 
1143 6712 
1144 6712 
1145 6712 
1146 6712 
1147 6712 
1148 6712 
1149 6712 
1150 6712 
1151 6712 
1152 6712 
1153 6712 
1154 6712 
1155 6712 
1156 6712 
1157 6712 
1158 6712 
1159 6712 
1160 6712 
1161 6712 
1162 6712 
1163 6712 
1164 6712 
1165 6712 
1166 6712 
1167 6712 
1168 6712 
1169 6712 
1170 6712 
1171 6712 
1172 6712 
1173 6712 
1174 6712 
1175 6712 
1176 6712 
1177 6712 
1178 6712 
1179 6712 
1180 6712 
1181 6712 
1182 6712 
1183 6712 
1184 6712 
1185 6712 
1186 6712 
1187 6712 
1188 6712 
1189 6712 
1190 6712 
1191 6712 
1192 6712 
1193 6712 
1194 6712 
1195 6712 
1196 6712 
1197 6712 
1198 6712 
1199 6712 
1200 6712 
1201 6712 
1202 6712 
1203 6712 
1204 6712 
1205 6712 
1206 6712 
1207 6712 
1208 6712 
1209 6712 
1210 6712 
1211 6712 
1212 6712 
1213 6712 
1214 6712 
1215 6712 
1216 6712 
1217 6712 
1218 6712 
1219 6712 
1220 6712 
1221 6712 
1222 6712 
1223 6712 
1224 6712 
1225 6712 
1226 6712 
1227 6712 
1228 6712 
1229 6712 
1230 6712 
1231 6712 
1232 6712 
1233 6712 
1234 6712 
1235 6712 
1236 6712 
1237 6712 
1238 6712 
1239 6712 
1240 6712 
1241 6712 
1242 6712 
1243 6712 
1244 6712 
1245 6712 
1246 6712 
1247 6712 
1248 6712 
1249 6712 
1250 6712 
1251 6712 
1252 6712 
1253 6712 
1254 6712 
1255 6712 
1256 6712 
1257 6712 
1258 6712 
1259 6712 
1260 6712 
1261 6712 
1262 6712 
1263 6712 
1264 6712 
1265 6712 
1266 6712 
1267 6712 
1268 6712 
1269 6712 
1270 6712 
1271 6712 
1272 6712 
1273 6712 
1274 6712 
1275 6712 
1276 6712 
1277 6712 
1278 6712 
1279 6712 
1280 6712 
1281 6712 
1282 6712 
1283 6712 
1284 6712 
1285 6712 
1286 6712 
1287 6712 
1288 6712 
1289 6712 
1290 6712 
1291 6712 
1292 6712 
1293 6712 
1294 6712 
1295 6712 
1296 6712 
1297 6712 
1298 6712 
1299 6712 
1300 6712 
1301 6712 
1302 6712 
1303 6712 
1304 6712 
1305 6712 
1306 6712 
1307 6712 
1308 6712 
1309 6712 
1310 6712 
1311 6712 
1312 6712 
1313 6712 
1314 6712 
1315 6712 
1316 6712 
1317 6712 
1318 6712 
1319 6712 
1320 6712 
1321 6712 
1322 6712 
1323 6712 
1324 6712 
1325 6712 
1326 6712 
1327 6712 
1328 6712 
1329 6712 
1330 6712 
1331 6712 
1332 6712 
1333 6712 
1334 6712 
1335 6712 
1336 6712 
1337 6712 
1338 6712 
1339 6712 
1340 6712 
1341 6712 
1342 6712 
1343 6712 
1344 6712 
1345 6712 
1346 6712 
1347 6712 
1348 6712 
1349 6712 
1350 6712 
1351 6712 
1352 6712 
1353 6712 
1354 6712 
1355 6712 
1356 6712 
1357 6712 
1358 6712 
1359 6712 
1360 6712 
1361 6712 
1362 6712 
1363 6712 
1364 6712 
1365 6712 
1366 6712 
1367 6712 
1368 6712 
1369 6712 
1370 6712 
1371 6712 
1372 6712 
1373 6712 
1374 6712 
1375 6712 
1376 6712 
1377 6712 
1378 6712 
1379 6712 
1380 6712 
1381 6712 
1382 6712 
1383 6712 
1384 6712 
1385 6712 
1386 6712 
1387 6712 
1388 6712 
1389 6712 
1390 6712 
1391 6712 
1392 6712 
1393 6712 
1394 6712 
1395 6712 
1396 6712 
1397 6712 
1398 6712 
1399 6712 
1400 6712 
1401 6712 
1402 6712 
1403 6712 
1404 6712 
1405 6712 
1406 6712 
1407 6712 
1408 6712 
1409 6712 
1410 6712 
1411 6712 
1412 6712 
1413 6712 
1414 6712 
1415 6712 
1416 6712 
1417 6712 
1418 6712 
1419 6712 
1420 6712 
1421 6712 
1422 6712 
1423 6712 
1424 6712 
1425 6712 
1426 6712 
1427 6712 
1428 6712 
1429 6712 
1430 6712 
1431 6712 
1432 6712 
1433 6712 
1434 6712 
1435 6712 
1436 6712 
1437 6712 
1438 6712 
1439 6712 
1440 6712 
1441 6712 
1442 6712 
1443 6712 
1444 6712 
1445 6712 
1446 6712 
1447 6712 
1448 6712 
1449 6712 
1450 6712 
1451 6712 
1452 6712 
1453 6712 
1454 6712 
1455 6712 
1456 6712 
1457 6712 
1458 6712 
1459 6712 
1460 6712 
1461 6712 
1462 6712 
1463 6712 
1464 6712 
1465 6712 
1466 6712 
1467 6712 
1468 6712 
1469 6712 
1470 6712 
1471 6712 
1472 6712 
1473 6712 
1474 6712 
1475 6712 
1476 6712 
1477 6712 
1478 6712 
1479 6712 
1480 6712 
1481 6712 
1482 6712 
1483 6712 
1484 6712 
1485 6712 
1486 6712 
1487 6712 
1488 6712 
1489 6712 
1490 6712 
1491 6712 
1492 6712 
1493 6712 
1494 6712 
1495 6712 
1496 6712 
1497 6712 
1498 6712 
1499 6712 
1500 6712 
1501 6712 
1502 6712 
1503 6712 
1504 6712 
1505 6712 
1506 6712 
1507 6712 
1508 6712 
1509 6712 
1510 6712 
1511 6712 
1512 6712 
1513 6712 
1514 6712 
1515 6712 
1516 6712 
1517 6712 
1518 6712 
1519 6712 
1520 6712 
1521 6712 
1522 6712 
1523 6712 
1524 6712 
1525 6712 
1526 6712 
1527 6712 
1528 6712 
1529 6712 
1530 6712 
1531 6712 
1532 6712 
1533 6712 
1534 6712 
1535 6712 
1536 6712 
1537 6712 
1538 6712 
1539 6712 
1540 6712 
1541 6712 
1542 6712 
1543 6712 
1544 6712 
1545 6712 
1546 6712 
1547 6712 
1548 6712 
1549 6712 
1550 6712 
1551 6712 
1552 6712 
1553 6712 
1554 6712 
1555 6712 
1556 6712 
1557 6712 
1558 6712 
1559 6712 
1560 6712 
1561 6712 
1562 6712 
1563 6712 
1564 6712 
1565 6712 
1566 6712 
1567 6712 
1568 6712 
1569 6712 
1570 6712 
1571 6712 
1572 6712 
1573 6712 
1574 6712 
1575 6712 
1576 6712 
1577 6712 
1578 6712 
1579 6712 
1580 6712 
1581 6712 
1582 6712 
1583 6712 
1584 6712 
1585 6712 
1586 6712 
1587 6712 
1588 6712 
1589 6712 
1590 6712 
1591 6712 
1592 6712 
1593 6712 
1594 6712 
1595 6712 
1596 6712 
1597 6712 
1598 6712 
1599 6712 
1600 6712 
1601 6712 
1602 6712 
1603 6712 
1604 6712 
1605 6712 
1606 6712 
1607 6712 
1608 6712 
1609 6712 
1610 6712 
1611 6712 
1612 6712 
1613 6712 
1614 6712 
1615 6712 
1616 6712 
1617 6712 
1618 6712 
1619 6712 
1620 6712 
1621 6712 
1622 6712 
1623 6712 
1624 6712 
1625 6712 
1626 6712 
1627 6712 
1628 6712 
1629 6712 
1630 6712 
1631 6712 
1632 6712 
1633 6712 
1634 6712 
1635 6712 
1636 6712 
1637 6712 
1638 6712 
1639 6712 
1640 6712 
1641 6712 
1642 6712 
1643 6712 
1644 6712 
1645 6712 
1646 6712 
1647 6712 
1648 6712 
1649 6712 
1650 6712 
1651 6712 
1652 6712 
1653 6712 
1654 6712 
1655 6712 
1656 6712 
1657 6712 
1658 6712 
1659 6712 
1660 6712 
1661 6712 
1662 6712 
1663 6712 
1664 6712 
1665 6712 
1666 6712 
1667 6712 
1668 6712 
1669 6712 
1670 6712 
1671 6712 
1672 6712 
1673 6712 
1674 6712 
1675 6712 
1676 6712 
1677 6712 
1678 6712 
1679 6712 
1680 6712 
1681 6712 
1682 6712 
1683 6712 
1684 6712 
1685 6712 
1686 6712 
1687 6712 
1688 6712 
1689 6712 
1690 6712 
1691 6712 
1692 6712 
1693 6712 
1694 6712 
1695 6712 
1696 6712 
1697 6712 
1698 6712 
1699 6712 
1700 6712 
1701 6712 
1702 6712 
1703 6712 
1704 6712 
1705 6712 
1706 6712 
1707 6712 
1708 6712 
1709 6712 
1710 6712 
1711 6712 
1712 6712 
1713 6712 
1714 6712 
1715 6712 
1716 6712 
1717 6712 
1718 6712 
1719 6712 
1720 6712 
1721 6712 
1722 6712 
1723 6712 
1724 6712 
1725 6712 
1726 6712 
1727 6712 
1728 6712 
1729 6712 
1730 6712 
1731 6712 
1732 6712 
1733 6712 
1734 6712 
1735 6712 
1736 6712 
1737 6712 
1738 6712 
1739 6712 
1740 6712 
1741 6712 
1742 6712 
1743 6712 
1744 6712 
1745 6712 
1746 6712 
1747 6712 
1748 6712 
1749 6712 
1750 6712 
1751 6712 
1752 6712 
1753 6712 
1754 6712 
1755 6712 
1756 6712 
1757 6712 
1758 6712 
1759 6712 
1760 6712 
1761 6712 
1762 6712 
1763 6712 
1764 6712 
1765 6712 
1766 6712 
1767 6712 
1768 6712 
1769 6712 
1770 6712 
1771 6712 
1772 6712 
1773 6712 
1774 6712 
1775 6712 
1776 6712 
1777 6712 
1778 6712 
1779 6712 
1780 6712 
1781 6712 
1782 6712 
1783 6712 
1784 6712 
1785 6712 
1786 6712 
1787 6712 
1788 6712 
1789 6712 
1790 6712 
1791 6712 
1792 6712 
1793 6712 
1794 6712 
1795 6712 
1796 6712 
1797 6712 
1798 6712 
1799 6712 
1800 6712 
1801 6712 
1802 6712 
1803 6712 
1804 6712 
1805 6712 
1806 6712 
1807 6712 
1808 6712 
1809 6712 
1810 6712 
1811 6712 
1812 6712 
1813 6712 
1814 6712 
1815 6712 
1816 6712 
1817 6712 
1818 6712 
1819 6712 
1820 6712 
1821 6712 
1822 6712 
1823 6712 
1824 6712 
1825 6712 
1826 6712 
1827 6712 
1828 6712 
1829 6712 
1830 6712 
1831 6712 
1832 6712 
1833 6712 
1834 6712 
1835 6712 
1836 6712 
1837 6712 
1838 6712 
1839 6712 
1840 6712 
1841 6712 
1842 6712 
1843 6712 
1844 6712 
1845 6712 
1846 6712 
1847 6712 
1848 6712 
1849 6712 
1850 6712 
1851 6712 
1852 6712 
1853 6712 
1854 6712 
1855 6712 
1856 6712 
1857 6712 
1858 6712 
1859 6712 
1860 6712 
1861 6712 
1862 6712 
1863 6712 
1864 6712 
1865 6712 
1866 6712 
1867 6712 
1868 6712 
1869 6712 
1870 6712 
1871 6712 
1872 6712 
1873 6712 
1874 6712 
1875 6712 
1876 6712 
1877 6712 
1878 6712 
1879 6712 
1880 6712 
1881 6712 
1882 6712 
1883 6712 
1884 6712 
1885 6712 
1886 6712 
1887 6712 
1888 6712 
1889 6712 
1890 6712 
1891 6712 
1892 6712 
1893 6712 
1894 6712 
1895 6712 
1896 6712 
1897 6712 
1898 6712 
1899 6712 
1900 6712 
1901 6712 
1902 6712 
1903 6712 
1904 6712 
1905 6712 
1906 6712 
1907 6712 
1908 6712 
1909 6712 
1910 6712 
1911 6712 
1912 6712 
1913 6712 
1914 6712 
1915 6712 
1916 6712 
1917 6712 
1918 6712 
1919 6712 
1920 6712 
1921 6712 
1922 6712 
1923 6712 
1924 6712 
1925 6712 
1926 6712 
1927 6712 
1928 6712 
1929 6712 
1930 6712 
1931 6712 
1932 6712 
1933 6712 
1934 6712 
1935 6712 
1936 6712 
1937 6712 
1938 6712 
1939 6712 
1940 6712 
1941 6712 
1942 6712 
1943 6712 
1944 6712 
1945 6712 
1946 6712 
1947 6712 
1948 6712 
1949 6712 
1950 6712 
1951 6712 
1952 6712 
1953 6712 
1954 6712 
1955 6712 
1956 6712 
1957 6712 
1958 6712 
1959 6712 
1960 6712 
1961 6712 
1962 6712 
1963 6712 
1964 6712 
1965 6712 
1966 6712 
1967 6712 
1968 6712 
1969 6712 
1970 6712 
1971 6712 
1972 6712 
1973 6712 
1974 6712 
1975 6712 
1976 6712 
1977 6712 
1978 6712 
1979 6712 
1980 6712 
1981 6712 
1982 6712 
1983 6712 
1984 6712 
1985 6712 
1986 6712 
1987 6712 
1988 6712 
1989 6712 
1990 6712 
1991 6712 
1992 6712 
1993 6712 
1994 6712 
1995 6712 
1996 6712 
1997 6712 
1998 6712 
1999 6712 
2000 6712 
2001 6712 
2002 6712 
2003 6712 
2004 6712 
2005 6712 
2006 6712 
2007 6712 
2008 6712 
2009 6712 
2010 6712 
2011 6712 
2012 6712 
2013 6712 
2014 6712 
2015 6712 
2016 6712 
2017 6712 
2018 6712 
2019 6712 
2020 6712 
2021 6712 
2022 6712 
2023 6712 
2024 6712 
2025 6712 
2026 6712 
2027 6712 
2028 6712 
2029 6712 
2030 6712 
2031 6712 
2032 6712 
2033 6712 
2034 6712 
2035 6712 
2036 6712 
2037 6712 
2038 6712 
2039 6712 
2040 6712 
2041 6712 
2042 6712 
2043 6712 
2044 6712 
2045 6712 
2046 6712 
2047 6712 
2048 6712 
2049 6712 
2050 6712 
2051 6712 
2052 6712 
2053 6712 
2054 6712 
2055 6712 
2056 6712 
2057 6712 
2058 6712 
2059 6712 
2060 6712 
2061 6712 
2062 6712 
2063 6712 
2064 6712 
2065 6712 
2066 6712 
2067 6712 
2068 6712 
2069 6712 
2070 6712 
2071 6712 
2072 6712 
2073 6712 
2074 6712 
2075 6712 
2076 6712 
2077 6712 
2078 6712 
2079 6712 
2080 6712 
2081 6712 
2082 6712 
2083 6712 
2084 6712 
2085 6712 
2086 6712 
2087 6712 
2088 6712 
2089 6712 
2090 6712 
2091 6712 
2092 6712 
2093 6712 
2094 6712 
2095 6712 
2096 6712 
2097 6712 
2098 6712 
2099 6712 
2100 6712 
2101 6712 
2102 6712 
2103 6712 
2104 6712 
2105 6712 
2106 6712 
2107 6712 
2108 6712 
2109 6712 
2110 6712 
2111 6712 
2112 6712 
2113 6712 
2114 6712 
2115 6712 
2116 6712 
2117 6712 
2118 6712 
2119 6712 
2120 6712 
2121 6712 
2122 6712 
2123 6712 
2124 6712 
2125 6712 
2126 6712 
2127 6712 
2128 6712 
2129 6712 
2130 6712 
2131 6712 
2132 6712 
2133 6712 
2134 6712 
2135 6712 
2136 6712 
2137 6712 
2138 6712 
2139 6712 
2140 6712 
2141 6712 
2142 6712 
2143 6712 
2144 6712 
2145 6712 
2146 6712 
2147 6712 
2148 6712 
2149 6712 
2150 6712 
2151 6712 
2152 6712 
2153 6712 
2154 6712 
2155 6712 
2156 6712 
2157 6712 
2158 6712 
2159 6712 
2160 6712 
2161 6712 
2162 6712 
2163 6712 
2164 6712 
2165 6712 
2166 6712 
2167 6712 
2168 6712 
2169 6712 
2170 6712 
2171 6712 
2172 6712 
2173 6712 
2174 6712 
2175 6712 
2176 6712 
2177 6712 
2178 6712 
2179 6712 
2180 6712 
2181 6712 
2182 6712 
2183 6712 
2184 6712 
2185 6712 
2186 6712 
2187 6712 
2188 6712 
2189 6712 
2190 6712 
2191 6712 
2192 6712 
2193 6712 
2194 6712 
2195 6712 
2196 6712 
2197 6712 
2198 6712 
2199 6712 
2200 6712 
2201 6712 
2202 6712 
2203 6712 
2204 6712 
2205 6712 
2206 6712 
2207 6712 
2208 6712 
2209 6712 
2210 6712 
2211 6712 
2212 6712 
2213 6712 
2214 6712 
2215 6712 
2216 6712 
2217 6712 
2218 6712 
2219 6712 
2220 6712 
2221 6712 
2222 6712 
2223 6712 
2224 6712 
2225 6712 
2226 6712 
2227 6712 
2228 6712 
2229 6712 
2230 6712 
2231 6712 
2232 6712 
2233 6712 
2234 6712 
2235 6712 
2236 6712 
2237 6712 
2238 6712 
2239 6712 
2240 6712 
2241 6712 
2242 6712 
2243 6712 
2244 6712 
2245 6712 
2246 6712 
2247 6712 
2248 6712 
2249 6712 
2250 6712 
2251 6712 
2252 6712 
2253 6712 
2254 6712 
2255 6712 
2256 6712 
2257 6712 
2258 6712 
2259 6712 
2260 6712 
2261 6712 
2262 6712 
2263 6712 
2264 6712 
2265 6712 
2266 6712 
2267 6712 
2268 6712 
2269 6712 
2270 6712 
2271 6712 
2272 6712 
2273 6712 
2274 6712 
2275 6712 
2276 6712 
2277 6712 
2278 6712 
2279 6712 
2280 6712 
2281 6712 
2282 6712 
2283 6712 
2284 6712 
2285 6712 
2286 6712 

