0 12018 
1 11870 
2 11686 
3 11488 
4 11470 
5 11390 
6 11350 
7 11300 
8 11270 
9 11264 
10 11208 
11 11200 
12 10984 
13 10752 
14 10692 
15 10584 
16 10472 
17 10412 
18 10408 
19 10308 
20 10202 
21 10146 
22 10130 
23 10024 
24 10010 
25 9930 
26 9886 
27 9872 
28 9838 
29 9736 
30 9694 
31 9678 
32 9670 
33 9548 
34 9480 
35 9452 
36 9432 
37 9370 
38 9354 
39 9354 
40 9270 
41 9250 
42 9152 
43 9110 
44 9090 
45 9044 
46 8902 
47 8832 
48 8826 
49 8672 
50 8658 
51 8656 
52 8634 
53 8598 
54 8474 
55 8472 
56 8430 
57 8422 
58 8366 
59 8358 
60 8332 
61 8316 
62 8148 
63 8108 
64 8014 
65 8014 
66 7990 
67 7934 
68 7880 
69 7794 
70 7742 
71 7728 
72 7654 
73 7618 
74 7428 
75 7360 
76 7310 
77 7238 
78 7166 
79 7136 
80 7102 
81 7040 
82 7012 
83 6994 
84 6954 
85 6946 
86 6892 
87 6802 
88 6802 
89 6794 
90 6792 
91 6758 
92 6748 
93 6744 
94 6718 
95 6718 
96 6718 
97 6718 
98 6718 
99 6694 
100 6694 
101 6694 
102 6694 
103 6694 
104 6694 
105 6694 
106 6694 
107 6694 
108 6694 
109 6694 
110 6694 
111 6694 
112 6694 
113 6694 
114 6694 
115 6694 
116 6694 
117 6694 
118 6694 
119 6694 
120 6694 
121 6694 
122 6694 
123 6694 
124 6694 
125 6694 
126 6694 
127 6694 
128 6694 
129 6694 
130 6694 
131 6694 
132 6694 
133 6694 
134 6694 
135 6694 
136 6694 
137 6694 
138 6694 
139 6694 
140 6694 
141 6694 
142 6694 
143 6694 
144 6694 
145 6694 
146 6694 
147 6694 
148 6694 
149 6694 
150 6694 
151 6694 
152 6694 
153 6694 
154 6694 
155 6694 
156 6694 
157 6694 
158 6694 
159 6694 
160 6694 
161 6694 
162 6694 
163 6694 
164 6694 
165 6694 
166 6694 
167 6694 
168 6694 
169 6694 
170 6694 
171 6694 
172 6694 
173 6694 
174 6694 
175 6694 
176 6694 
177 6694 
178 6694 
179 6694 
180 6694 
181 6694 
182 6694 
183 6694 
184 6694 
185 6694 
186 6694 
187 6694 
188 6694 
189 6694 
190 6694 
191 6694 
192 6694 
193 6694 
194 6694 
195 6694 
196 6694 
197 6694 
198 6694 
199 6694 
200 6694 
201 6694 
202 6694 
203 6694 
204 6694 
205 6694 
206 6694 
207 6694 
208 6694 
209 6694 
210 6694 
211 6694 
212 6694 
213 6694 
214 6694 
215 6694 
216 6694 
217 6694 
218 6694 
219 6694 
220 6694 
221 6694 
222 6694 
223 6694 
224 6694 
225 6694 
226 6694 
227 6694 
228 6694 
229 6694 
230 6694 
231 6694 
232 6694 
233 6694 
234 6694 
235 6694 
236 6694 
237 6694 
238 6694 
239 6694 
240 6694 
241 6694 
242 6694 
243 6694 
244 6694 
245 6694 
246 6694 
247 6694 
248 6694 
249 6694 
250 6694 
251 6694 
252 6694 
253 6694 
254 6694 
255 6694 
256 6694 
257 6694 
258 6694 
259 6694 
260 6694 
261 6694 
262 6694 
263 6694 
264 6694 
265 6694 
266 6694 
267 6694 
268 6694 
269 6694 
270 6694 
271 6694 
272 6694 
273 6694 
274 6694 
275 6694 
276 6694 
277 6694 
278 6694 
279 6694 
280 6694 
281 6694 
282 6694 
283 6694 
284 6694 
285 6694 
286 6694 
287 6694 
288 6694 
289 6694 
290 6694 
291 6694 
292 6694 
293 6694 
294 6694 
295 6694 
296 6694 
297 6694 
298 6694 
299 6694 
300 6694 
301 6694 
302 6694 
303 6694 
304 6694 
305 6694 
306 6694 
307 6694 
308 6694 
309 6694 
310 6694 
311 6694 
312 6694 
313 6694 
314 6694 
315 6694 
316 6694 
317 6694 
318 6694 
319 6694 
320 6694 
321 6694 
322 6694 
323 6694 
324 6694 
325 6694 
326 6694 
327 6694 
328 6694 
329 6694 
330 6694 
331 6694 
332 6694 
333 6694 
334 6694 
335 6694 
336 6694 
337 6694 
338 6694 
339 6694 
340 6694 
341 6694 
342 6694 
343 6694 
344 6694 
345 6694 
346 6694 
347 6694 
348 6694 
349 6694 
350 6694 
351 6694 
352 6694 
353 6694 
354 6694 
355 6694 
356 6694 
357 6694 
358 6694 
359 6694 
360 6694 
361 6694 
362 6694 
363 6694 
364 6694 
365 6694 
366 6694 
367 6694 
368 6694 
369 6694 
370 6694 
371 6694 
372 6694 
373 6694 
374 6694 
375 6694 
376 6694 
377 6694 
378 6694 
379 6694 
380 6694 
381 6694 
382 6694 
383 6694 
384 6694 
385 6694 
386 6694 
387 6694 
388 6694 
389 6694 
390 6694 
391 6694 
392 6694 
393 6694 
394 6694 
395 6694 
396 6694 
397 6694 
398 6694 
399 6694 
400 6694 
401 6694 
402 6694 
403 6694 
404 6694 
405 6694 
406 6694 
407 6694 
408 6694 
409 6694 
410 6694 
411 6694 
412 6694 
413 6694 
414 6694 
415 6694 
416 6694 
417 6694 
418 6694 
419 6694 
420 6694 
421 6694 
422 6694 
423 6694 
424 6694 
425 6694 
426 6694 
427 6694 
428 6694 
429 6694 
430 6694 
431 6694 
432 6694 
433 6694 
434 6694 
435 6694 
436 6694 
437 6694 
438 6694 
439 6694 
440 6694 
441 6694 
442 6694 
443 6694 
444 6694 
445 6694 
446 6694 
447 6694 
448 6694 
449 6694 
450 6694 
451 6694 
452 6694 
453 6694 
454 6694 
455 6694 
456 6694 
457 6694 
458 6694 
459 6694 
460 6694 
461 6694 
462 6694 
463 6694 
464 6694 
465 6694 
466 6694 
467 6694 
468 6694 
469 6694 
470 6694 
471 6694 
472 6694 
473 6694 
474 6694 
475 6694 
476 6694 
477 6694 
478 6694 
479 6694 
480 6694 
481 6694 
482 6694 
483 6694 
484 6694 
485 6694 
486 6694 
487 6694 
488 6694 
489 6694 
490 6694 
491 6694 
492 6694 
493 6694 
494 6694 
495 6694 
496 6694 
497 6694 
498 6694 
499 6694 
500 6694 
501 6694 
502 6694 
503 6694 
504 6694 
505 6694 
506 6694 
507 6694 
508 6694 
509 6694 
510 6694 
511 6694 
512 6694 
513 6694 
514 6694 
515 6694 
516 6694 
517 6694 
518 6694 
519 6694 
520 6694 
521 6694 
522 6694 
523 6694 
524 6694 
525 6694 
526 6694 
527 6694 
528 6694 
529 6694 
530 6694 
531 6694 
532 6694 
533 6694 
534 6694 
535 6694 
536 6694 
537 6694 
538 6694 
539 6694 
540 6694 
541 6694 
542 6694 
543 6694 
544 6694 
545 6694 
546 6694 
547 6694 
548 6694 
549 6694 
550 6694 
551 6694 
552 6694 
553 6694 
554 6694 
555 6694 
556 6694 
557 6694 
558 6694 
559 6694 
560 6694 
561 6694 
562 6694 
563 6694 
564 6694 
565 6694 
566 6694 
567 6694 
568 6694 
569 6694 
570 6694 
571 6694 
572 6694 
573 6694 
574 6694 
575 6694 
576 6694 
577 6694 
578 6694 
579 6694 
580 6694 
581 6694 
582 6694 
583 6694 
584 6694 
585 6694 
586 6694 
587 6694 
588 6694 
589 6694 
590 6694 
591 6694 
592 6694 
593 6694 
594 6694 
595 6694 
596 6694 
597 6694 
598 6694 
599 6694 
600 6694 
601 6694 
602 6694 
603 6694 
604 6694 
605 6694 
606 6694 
607 6694 
608 6694 
609 6694 
610 6694 
611 6694 
612 6694 
613 6694 
614 6694 
615 6694 
616 6694 
617 6694 
618 6694 
619 6694 
620 6694 
621 6694 
622 6694 
623 6694 
624 6694 
625 6694 
626 6694 
627 6694 
628 6694 
629 6694 
630 6694 
631 6694 
632 6694 
633 6694 
634 6694 
635 6694 
636 6694 
637 6694 
638 6694 
639 6694 
640 6694 
641 6694 
642 6694 
643 6694 
644 6694 
645 6694 
646 6694 
647 6694 
648 6694 
649 6694 
650 6694 
651 6694 
652 6694 
653 6694 
654 6694 
655 6694 
656 6694 
657 6694 
658 6694 
659 6694 
660 6694 
661 6694 
662 6694 
663 6694 
664 6694 
665 6694 
666 6694 
667 6694 
668 6694 
669 6694 
670 6694 
671 6694 
672 6694 
673 6694 
674 6694 
675 6694 
676 6694 
677 6694 
678 6694 
679 6694 
680 6694 
681 6694 
682 6694 
683 6694 
684 6694 
685 6694 
686 6694 
687 6694 
688 6694 
689 6694 
690 6694 
691 6694 
692 6694 
693 6694 
694 6694 
695 6694 
696 6694 
697 6694 
698 6694 
699 6694 
700 6694 
701 6694 
702 6694 
703 6694 
704 6694 
705 6694 
706 6694 
707 6694 
708 6694 
709 6694 
710 6694 
711 6694 
712 6694 
713 6694 
714 6694 
715 6694 
716 6694 
717 6694 
718 6694 
719 6694 
720 6694 
721 6694 
722 6694 
723 6694 
724 6694 
725 6694 
726 6694 
727 6694 
728 6694 
729 6694 
730 6694 
731 6694 
732 6694 
733 6694 
734 6694 
735 6694 
736 6694 
737 6694 
738 6694 
739 6694 
740 6694 
741 6694 
742 6694 
743 6694 
744 6694 
745 6694 
746 6694 
747 6694 
748 6694 
749 6694 
750 6694 
751 6694 
752 6694 
753 6694 
754 6694 
755 6694 
756 6694 
757 6694 
758 6694 
759 6694 
760 6694 
761 6694 
762 6694 
763 6694 
764 6694 
765 6694 
766 6694 
767 6694 
768 6694 
769 6694 
770 6694 
771 6694 
772 6694 
773 6694 
774 6694 
775 6694 
776 6694 
777 6694 
778 6694 
779 6694 
780 6694 
781 6694 
782 6694 
783 6694 
784 6694 
785 6694 
786 6694 
787 6694 
788 6694 
789 6694 
790 6694 
791 6694 
792 6694 
793 6694 
794 6694 
795 6694 
796 6694 
797 6694 
798 6694 
799 6694 
800 6694 
801 6694 
802 6694 
803 6694 
804 6694 
805 6694 
806 6694 
807 6694 
808 6694 
809 6694 
810 6694 
811 6694 
812 6694 
813 6694 
814 6694 
815 6694 
816 6694 
817 6694 
818 6694 
819 6694 
820 6694 
821 6694 
822 6694 
823 6694 
824 6694 
825 6694 
826 6694 
827 6694 
828 6694 
829 6694 
830 6694 
831 6694 
832 6694 
833 6694 
834 6694 
835 6694 
836 6694 
837 6694 
838 6694 
839 6694 
840 6694 
841 6694 
842 6694 
843 6694 
844 6694 
845 6694 
846 6694 
847 6694 
848 6694 
849 6694 
850 6694 
851 6694 
852 6694 
853 6694 
854 6694 
855 6694 
856 6694 
857 6694 
858 6694 
859 6694 
860 6694 
861 6694 
862 6694 
863 6694 
864 6694 
865 6694 
866 6694 
867 6694 
868 6694 
869 6694 
870 6694 
871 6694 
872 6694 
873 6694 
874 6694 
875 6694 
876 6694 
877 6694 
878 6694 
879 6694 
880 6694 
881 6694 
882 6694 
883 6694 
884 6694 
885 6694 
886 6694 
887 6694 
888 6694 
889 6694 
890 6694 
891 6694 
892 6694 
893 6694 
894 6694 
895 6694 
896 6694 
897 6694 
898 6694 
899 6694 
900 6694 
901 6694 
902 6694 
903 6694 
904 6694 
905 6694 
906 6694 
907 6694 
908 6694 
909 6694 
910 6694 
911 6694 
912 6694 
913 6694 
914 6694 
915 6694 
916 6694 
917 6694 
918 6694 
919 6694 
920 6694 
921 6694 
922 6694 
923 6694 
924 6694 
925 6694 
926 6694 
927 6694 
928 6694 
929 6694 
930 6694 
931 6694 
932 6694 
933 6694 
934 6694 
935 6694 
936 6694 
937 6694 
938 6694 
939 6694 
940 6694 
941 6694 
942 6694 
943 6694 
944 6694 
945 6694 
946 6694 
947 6694 
948 6694 
949 6694 
950 6694 
951 6694 
952 6694 
953 6694 
954 6694 
955 6694 
956 6694 
957 6694 
958 6694 
959 6694 
960 6694 
961 6694 
962 6694 
963 6694 
964 6694 
965 6694 
966 6694 
967 6694 
968 6694 
969 6694 
970 6694 
971 6694 
972 6694 
973 6694 
974 6694 
975 6694 
976 6694 
977 6694 
978 6694 
979 6694 
980 6694 
981 6694 
982 6694 
983 6694 
984 6694 
985 6694 
986 6694 
987 6694 
988 6694 
989 6694 
990 6694 
991 6694 
992 6694 
993 6694 
994 6694 
995 6694 
996 6694 
997 6694 
998 6694 
999 6694 
1000 6694 
1001 6694 
1002 6694 
1003 6694 
1004 6694 
1005 6694 
1006 6694 
1007 6694 
1008 6694 
1009 6694 
1010 6694 
1011 6694 
1012 6694 
1013 6694 
1014 6694 
1015 6694 
1016 6694 
1017 6694 
1018 6694 
1019 6694 
1020 6694 
1021 6694 
1022 6694 
1023 6694 
1024 6694 
1025 6694 
1026 6694 
1027 6694 
1028 6694 
1029 6694 
1030 6694 
1031 6694 
1032 6694 
1033 6694 
1034 6694 
1035 6694 
1036 6694 
1037 6694 
1038 6694 
1039 6694 
1040 6694 
1041 6694 
1042 6694 
1043 6694 
1044 6694 
1045 6694 
1046 6694 
1047 6694 
1048 6694 
1049 6694 
1050 6694 
1051 6694 
1052 6694 
1053 6694 
1054 6694 
1055 6694 
1056 6694 
1057 6694 
1058 6694 
1059 6694 
1060 6694 
1061 6694 
1062 6694 
1063 6694 
1064 6694 
1065 6694 
1066 6694 
1067 6694 
1068 6694 
1069 6694 
1070 6694 
1071 6694 
1072 6694 
1073 6694 
1074 6694 
1075 6694 
1076 6694 
1077 6694 
1078 6694 
1079 6694 
1080 6694 
1081 6694 
1082 6694 
1083 6694 
1084 6694 
1085 6694 
1086 6694 
1087 6694 
1088 6694 
1089 6694 
1090 6694 
1091 6694 
1092 6694 
1093 6694 
1094 6694 
1095 6694 
1096 6694 
1097 6694 
1098 6694 
1099 6694 
1100 6694 
1101 6694 
1102 6694 
1103 6694 
1104 6694 
1105 6694 
1106 6694 
1107 6694 
1108 6694 
1109 6694 
1110 6694 
1111 6694 
1112 6694 
1113 6694 
1114 6694 
1115 6694 
1116 6694 
1117 6694 
1118 6694 
1119 6694 
1120 6694 
1121 6694 
1122 6694 
1123 6694 
1124 6694 
1125 6694 
1126 6694 
1127 6694 
1128 6694 
1129 6694 
1130 6694 
1131 6694 
1132 6694 
1133 6694 
1134 6694 
1135 6694 
1136 6694 
1137 6694 
1138 6694 
1139 6694 
1140 6694 
1141 6694 
1142 6694 
1143 6694 
1144 6694 
1145 6694 
1146 6694 
1147 6694 
1148 6694 
1149 6694 
1150 6694 
1151 6694 
1152 6694 
1153 6694 
1154 6694 
1155 6694 
1156 6694 
1157 6694 
1158 6694 
1159 6694 
1160 6694 
1161 6694 
1162 6694 
1163 6694 
1164 6694 
1165 6694 
1166 6694 
1167 6694 
1168 6694 
1169 6694 
1170 6694 
1171 6694 
1172 6694 
1173 6694 
1174 6694 
1175 6694 
1176 6694 
1177 6694 
1178 6694 
1179 6694 
1180 6694 
1181 6694 
1182 6694 
1183 6694 
1184 6694 
1185 6694 
1186 6694 
1187 6694 
1188 6694 
1189 6694 
1190 6694 
1191 6694 
1192 6694 
1193 6694 
1194 6694 
1195 6694 
1196 6694 
1197 6694 
1198 6694 
1199 6694 
1200 6694 
1201 6694 
1202 6694 
1203 6694 
1204 6694 
1205 6694 
1206 6694 
1207 6694 
1208 6694 
1209 6694 
1210 6694 
1211 6694 
1212 6694 
1213 6694 
1214 6694 
1215 6694 
1216 6694 
1217 6694 
1218 6694 
1219 6694 
1220 6694 
1221 6694 
1222 6694 
1223 6694 
1224 6694 
1225 6694 
1226 6694 
1227 6694 
1228 6694 
1229 6694 
1230 6694 
1231 6694 
1232 6694 
1233 6694 
1234 6694 
1235 6694 
1236 6694 
1237 6694 
1238 6694 
1239 6694 
1240 6694 
1241 6694 
1242 6694 
1243 6694 
1244 6694 
1245 6694 
1246 6694 
1247 6694 
1248 6694 
1249 6694 
1250 6694 
1251 6694 
1252 6694 
1253 6694 
1254 6694 
1255 6694 
1256 6694 
1257 6694 
1258 6694 
1259 6694 
1260 6694 
1261 6694 
1262 6694 
1263 6694 
1264 6694 
1265 6694 
1266 6694 
1267 6694 
1268 6694 
1269 6694 
1270 6694 
1271 6694 
1272 6694 
1273 6694 
1274 6694 
1275 6694 
1276 6694 
1277 6694 
1278 6694 
1279 6694 
1280 6694 
1281 6694 
1282 6694 
1283 6694 
1284 6694 
1285 6694 
1286 6694 
1287 6694 
1288 6694 
1289 6694 
1290 6694 
1291 6694 
1292 6694 
1293 6694 
1294 6694 
1295 6694 
1296 6694 
1297 6694 
1298 6694 
1299 6694 
1300 6694 
1301 6694 
1302 6694 
1303 6694 
1304 6694 
1305 6694 
1306 6694 
1307 6694 
1308 6694 
1309 6694 
1310 6694 
1311 6694 
1312 6694 
1313 6694 
1314 6694 
1315 6694 
1316 6694 
1317 6694 
1318 6694 
1319 6694 
1320 6694 
1321 6694 
1322 6694 
1323 6694 
1324 6694 
1325 6694 
1326 6694 
1327 6694 
1328 6694 
1329 6694 
1330 6694 
1331 6694 
1332 6694 
1333 6694 
1334 6694 
1335 6694 
1336 6694 
1337 6694 
1338 6694 
1339 6694 
1340 6694 
1341 6694 
1342 6694 
1343 6694 
1344 6694 
1345 6694 
1346 6694 
1347 6694 
1348 6694 
1349 6694 
1350 6694 
1351 6694 
1352 6694 
1353 6694 
1354 6694 
1355 6694 
1356 6694 
1357 6694 
1358 6694 
1359 6694 
1360 6694 
1361 6694 
1362 6694 
1363 6694 
1364 6694 
1365 6694 
1366 6694 
1367 6694 
1368 6694 
1369 6694 
1370 6694 
1371 6694 
1372 6694 
1373 6694 
1374 6694 
1375 6694 
1376 6694 
1377 6694 
1378 6694 
1379 6694 
1380 6694 
1381 6694 
1382 6694 
1383 6694 
1384 6694 
1385 6694 
1386 6694 
1387 6694 
1388 6694 
1389 6694 
1390 6694 
1391 6694 
1392 6694 
1393 6694 
1394 6694 
1395 6694 
1396 6694 
1397 6694 
1398 6694 
1399 6694 
1400 6694 
1401 6694 
1402 6694 
1403 6694 
1404 6694 
1405 6694 
1406 6694 
1407 6694 
1408 6694 
1409 6694 
1410 6694 
1411 6694 
1412 6694 
1413 6694 
1414 6694 
1415 6694 
1416 6694 
1417 6694 
1418 6694 
1419 6694 
1420 6694 
1421 6694 
1422 6694 
1423 6694 
1424 6694 
1425 6694 
1426 6694 
1427 6694 
1428 6694 
1429 6694 
1430 6694 
1431 6694 
1432 6694 
1433 6694 
1434 6694 
1435 6694 
1436 6694 
1437 6694 
1438 6694 
1439 6694 
1440 6694 
1441 6694 
1442 6694 
1443 6694 
1444 6694 
1445 6694 
1446 6694 
1447 6694 
1448 6694 
1449 6694 
1450 6694 
1451 6694 
1452 6694 
1453 6694 
1454 6694 
1455 6694 
1456 6694 
1457 6694 
1458 6694 
1459 6694 
1460 6694 
1461 6694 
1462 6694 
1463 6694 
1464 6694 
1465 6694 
1466 6694 
1467 6694 
1468 6694 
1469 6694 
1470 6694 
1471 6694 
1472 6694 
1473 6694 
1474 6694 
1475 6694 
1476 6694 
1477 6694 
1478 6694 
1479 6694 
1480 6694 
1481 6694 
1482 6694 
1483 6694 
1484 6694 
1485 6694 
1486 6694 
1487 6694 
1488 6694 
1489 6694 
1490 6694 
1491 6694 
1492 6694 
1493 6694 
1494 6694 
1495 6694 
1496 6694 
1497 6694 
1498 6694 
1499 6694 
1500 6694 
1501 6694 
1502 6694 
1503 6694 
1504 6694 
1505 6694 
1506 6694 
1507 6694 
1508 6694 
1509 6694 
1510 6694 
1511 6694 
1512 6694 
1513 6694 
1514 6694 
1515 6694 
1516 6694 
1517 6694 
1518 6694 
1519 6694 
1520 6694 
1521 6694 
1522 6694 
1523 6694 
1524 6694 
1525 6694 
1526 6694 
1527 6694 
1528 6694 
1529 6694 
1530 6694 
1531 6694 
1532 6694 
1533 6694 
1534 6694 
1535 6694 
1536 6694 
1537 6694 
1538 6694 
1539 6694 
1540 6694 
1541 6694 
1542 6694 
1543 6694 
1544 6694 
1545 6694 
1546 6694 
1547 6694 
1548 6694 
1549 6694 
1550 6694 
1551 6694 
1552 6694 
1553 6694 
1554 6694 
1555 6694 
1556 6694 
1557 6694 
1558 6694 
1559 6694 
1560 6694 
1561 6694 
1562 6694 
1563 6694 
1564 6694 
1565 6694 
1566 6694 
1567 6694 
1568 6694 
1569 6694 
1570 6694 
1571 6694 
1572 6694 
1573 6694 
1574 6694 
1575 6694 
1576 6694 
1577 6694 
1578 6694 
1579 6694 
1580 6694 
1581 6694 
1582 6694 
1583 6694 
1584 6694 
1585 6694 
1586 6694 
1587 6694 
1588 6694 
1589 6694 
1590 6694 
1591 6694 
1592 6694 
1593 6694 
1594 6694 
1595 6694 
1596 6694 
1597 6694 
1598 6694 
1599 6694 
1600 6694 
1601 6694 
1602 6694 
1603 6694 
1604 6694 
1605 6694 
1606 6694 
1607 6694 
1608 6694 
1609 6694 
1610 6694 
1611 6694 
1612 6694 
1613 6694 
1614 6694 
1615 6694 
1616 6694 
1617 6694 
1618 6694 
1619 6694 
1620 6694 
1621 6694 
1622 6694 
1623 6694 
1624 6694 
1625 6694 
1626 6694 
1627 6694 
1628 6694 
1629 6694 
1630 6694 
1631 6694 
1632 6694 
1633 6694 
1634 6694 
1635 6694 
1636 6694 
1637 6694 
1638 6694 
1639 6694 
1640 6694 
1641 6694 
1642 6694 
1643 6694 
1644 6694 
1645 6694 
1646 6694 
1647 6694 
1648 6694 
1649 6694 
1650 6694 
1651 6694 
1652 6694 
1653 6694 
1654 6694 
1655 6694 
1656 6694 
1657 6694 
1658 6694 
1659 6694 
1660 6694 
1661 6694 
1662 6694 
1663 6694 
1664 6694 
1665 6694 
1666 6694 
1667 6694 
1668 6694 
1669 6694 
1670 6694 
1671 6694 
1672 6694 
1673 6694 
1674 6694 
1675 6694 
1676 6694 
1677 6694 
1678 6694 
1679 6694 
1680 6694 
1681 6694 
1682 6694 
1683 6694 
1684 6694 
1685 6694 
1686 6694 
1687 6694 
1688 6694 
1689 6694 
1690 6694 
1691 6694 
1692 6694 
1693 6694 
1694 6694 
1695 6694 
1696 6694 
1697 6694 
1698 6694 
1699 6694 
1700 6694 
1701 6694 
1702 6694 
1703 6694 
1704 6694 
1705 6694 
1706 6694 
1707 6694 
1708 6694 
1709 6694 
1710 6694 
1711 6694 
1712 6694 
1713 6694 
1714 6694 
1715 6694 
1716 6694 
1717 6694 
1718 6694 
1719 6694 
1720 6694 
1721 6694 
1722 6694 
1723 6694 
1724 6694 
1725 6694 
1726 6694 
1727 6694 
1728 6694 
1729 6694 
1730 6694 
1731 6694 
1732 6694 
1733 6694 
1734 6694 
1735 6694 
1736 6694 
1737 6694 
1738 6694 
1739 6694 
1740 6694 
1741 6694 
1742 6694 
1743 6694 
1744 6694 
1745 6694 
1746 6694 
1747 6694 
1748 6694 
1749 6694 
1750 6694 
1751 6694 
1752 6694 
1753 6694 
1754 6694 
1755 6694 
1756 6694 
1757 6694 
1758 6694 
1759 6694 
1760 6694 
1761 6694 
1762 6694 
1763 6694 
1764 6694 
1765 6694 
1766 6694 
1767 6694 
1768 6694 
1769 6694 
1770 6694 
1771 6694 
1772 6694 
1773 6694 
1774 6694 
1775 6694 
1776 6694 
1777 6694 
1778 6694 
1779 6694 
1780 6694 
1781 6694 
1782 6694 
1783 6694 
1784 6694 
1785 6694 
1786 6694 
1787 6694 
1788 6694 
1789 6694 
1790 6694 
1791 6694 
1792 6694 
1793 6694 
1794 6694 
1795 6694 
1796 6694 
1797 6694 
1798 6694 
1799 6694 
1800 6694 
1801 6694 
1802 6694 
1803 6694 
1804 6694 
1805 6694 
1806 6694 
1807 6694 
1808 6694 
1809 6694 
1810 6694 
1811 6694 
1812 6694 
1813 6694 
1814 6694 
1815 6694 
1816 6694 
1817 6694 
1818 6694 
1819 6694 
1820 6694 
1821 6694 
1822 6694 
1823 6694 
1824 6694 
1825 6694 
1826 6694 
1827 6694 
1828 6694 
1829 6694 
1830 6694 
1831 6694 
1832 6694 
1833 6694 
1834 6694 
1835 6694 
1836 6694 
1837 6694 
1838 6694 
1839 6694 
1840 6694 
1841 6694 
1842 6694 
1843 6694 
1844 6694 
1845 6694 
1846 6694 
1847 6694 
1848 6694 
1849 6694 
1850 6694 
1851 6694 
1852 6694 
1853 6694 
1854 6694 
1855 6694 
1856 6694 
1857 6694 
1858 6694 
1859 6694 
1860 6694 
1861 6694 
1862 6694 
1863 6694 
1864 6694 
1865 6694 
1866 6694 
1867 6694 
1868 6694 
1869 6694 
1870 6694 
1871 6694 
1872 6694 
1873 6694 
1874 6694 
1875 6694 
1876 6694 
1877 6694 
1878 6694 
1879 6694 
1880 6694 
1881 6694 
1882 6694 
1883 6694 
1884 6694 
1885 6694 
1886 6694 
1887 6694 
1888 6694 
1889 6694 
1890 6694 
1891 6694 
1892 6694 
1893 6694 
1894 6694 
1895 6694 
1896 6694 
1897 6694 
1898 6694 
1899 6694 
1900 6694 
1901 6694 
1902 6694 
1903 6694 
1904 6694 
1905 6694 
1906 6694 
1907 6694 
1908 6694 
1909 6694 
1910 6694 
1911 6694 
1912 6694 
1913 6694 
1914 6694 
1915 6694 
1916 6694 
1917 6694 
1918 6694 
1919 6694 
1920 6694 
1921 6694 
1922 6694 
1923 6694 
1924 6694 
1925 6694 
1926 6694 
1927 6694 
1928 6694 
1929 6694 
1930 6694 
1931 6694 
1932 6694 
1933 6694 
1934 6694 
1935 6694 
1936 6694 
1937 6694 
1938 6694 
1939 6694 
1940 6694 
1941 6694 
1942 6694 
1943 6694 
1944 6694 
1945 6694 
1946 6694 
1947 6694 
1948 6694 
1949 6694 
1950 6694 
1951 6694 
1952 6694 
1953 6694 
1954 6694 
1955 6694 
1956 6694 
1957 6694 
1958 6694 
1959 6694 
1960 6694 
1961 6694 
1962 6694 
1963 6694 
1964 6694 
1965 6694 
1966 6694 
1967 6694 
1968 6694 
1969 6694 
1970 6694 
1971 6694 
1972 6694 
1973 6694 
1974 6694 
1975 6694 
1976 6694 
1977 6694 
1978 6694 
1979 6694 
1980 6694 
1981 6694 
1982 6694 
1983 6694 
1984 6694 
1985 6694 
1986 6694 
1987 6694 
1988 6694 
1989 6694 
1990 6694 
1991 6694 
1992 6694 
1993 6694 
1994 6694 
1995 6694 
1996 6694 
1997 6694 
1998 6694 
1999 6694 
2000 6694 
2001 6694 
2002 6694 
2003 6694 
2004 6694 
2005 6694 
2006 6694 
2007 6694 
2008 6694 
2009 6694 
2010 6694 
2011 6694 
2012 6694 
2013 6694 
2014 6694 
2015 6694 
2016 6694 
2017 6694 
2018 6694 
2019 6694 
2020 6694 
2021 6694 
2022 6694 
2023 6694 
2024 6694 
2025 6694 
2026 6694 
2027 6694 
2028 6694 
2029 6694 
2030 6694 
2031 6694 
2032 6694 
2033 6694 
2034 6694 
2035 6694 
2036 6694 
2037 6694 
2038 6694 
2039 6694 
2040 6694 
2041 6694 
2042 6694 
2043 6694 
2044 6694 
2045 6694 
2046 6694 
2047 6694 
2048 6694 
2049 6694 
2050 6694 
2051 6694 
2052 6694 
2053 6694 
2054 6694 
2055 6694 
2056 6694 
2057 6694 
2058 6694 
2059 6694 
2060 6694 
2061 6694 
2062 6694 
2063 6694 
2064 6694 
2065 6694 
2066 6694 
2067 6694 
2068 6694 
2069 6694 
2070 6694 
2071 6694 
2072 6694 
2073 6694 
2074 6694 
2075 6694 
2076 6694 
2077 6694 
2078 6694 
2079 6694 
2080 6694 
2081 6694 
2082 6694 
2083 6694 
2084 6694 
2085 6694 
2086 6694 
2087 6694 
2088 6694 
2089 6694 
2090 6694 
2091 6694 
2092 6694 
2093 6694 
2094 6694 
2095 6694 
2096 6694 
2097 6694 
2098 6694 
2099 6694 
2100 6694 
2101 6694 
2102 6694 
2103 6694 
2104 6694 
2105 6694 
2106 6694 
2107 6694 
2108 6694 
2109 6694 
2110 6694 
2111 6694 
2112 6694 
2113 6694 
2114 6694 
2115 6694 
2116 6694 
2117 6694 
2118 6694 
2119 6694 
2120 6694 
2121 6694 
2122 6694 
2123 6694 
2124 6694 
2125 6694 
2126 6694 
2127 6694 
2128 6694 
2129 6694 
2130 6694 
2131 6694 
2132 6694 
2133 6694 
2134 6694 
2135 6694 
2136 6694 
2137 6694 
2138 6694 
2139 6694 
2140 6694 
2141 6694 
2142 6694 
2143 6694 
2144 6694 
2145 6694 
2146 6694 
2147 6694 
2148 6694 
2149 6694 
2150 6694 
2151 6694 
2152 6694 
2153 6694 
2154 6694 
2155 6694 
2156 6694 
2157 6694 
2158 6694 
2159 6694 
2160 6694 
2161 6694 
2162 6694 
2163 6694 
2164 6694 
2165 6694 
2166 6694 
2167 6694 
2168 6694 
2169 6694 
2170 6694 
2171 6694 
2172 6694 
2173 6694 
2174 6694 
2175 6694 
2176 6694 
2177 6694 
2178 6694 
2179 6694 
2180 6694 
2181 6694 
2182 6694 
2183 6694 
2184 6694 
2185 6694 
2186 6694 
2187 6694 
2188 6694 
2189 6694 
2190 6694 
2191 6694 
2192 6694 
2193 6694 
2194 6694 
2195 6694 
2196 6694 
2197 6694 
2198 6694 
2199 6694 
2200 6694 
2201 6694 
2202 6694 
2203 6694 
2204 6694 
2205 6694 
2206 6694 
2207 6694 
2208 6694 
2209 6694 
2210 6694 
2211 6694 
2212 6694 
2213 6694 
2214 6694 
2215 6694 
2216 6694 
2217 6694 
2218 6694 
2219 6694 
2220 6694 
2221 6694 
2222 6694 
2223 6694 
2224 6694 
2225 6694 
2226 6694 
2227 6694 
2228 6694 
2229 6694 
2230 6694 
2231 6694 
2232 6694 
2233 6694 
2234 6694 
2235 6694 
2236 6694 
2237 6694 
2238 6694 
2239 6694 
2240 6694 
2241 6694 
2242 6694 
2243 6694 
2244 6694 
2245 6694 
2246 6694 
2247 6694 
2248 6694 
2249 6694 
2250 6694 
2251 6694 
2252 6694 
2253 6694 
2254 6694 
2255 6694 
2256 6694 
2257 6694 
2258 6694 
2259 6694 
2260 6694 
2261 6694 
2262 6694 
2263 6694 
2264 6694 
2265 6694 
2266 6694 
2267 6694 
2268 6694 
2269 6694 
2270 6694 
2271 6694 
2272 6694 
2273 6694 
2274 6694 
2275 6694 
2276 6694 
2277 6694 
2278 6694 
2279 6694 
2280 6694 
2281 6694 
2282 6694 
2283 6694 
2284 6694 
2285 6694 
2286 6694 
2287 6694 
2288 6694 
2289 6694 
2290 6694 
2291 6694 
2292 6694 
2293 6694 
2294 6694 
2295 6694 
2296 6694 
2297 6694 
2298 6694 
2299 6694 

