0 19150 
1 18780 
2 18730 
3 18612 
4 18600 
5 18560 
6 18554 
7 18514 
8 18298 
9 18204 
10 18156 
11 18126 
12 18006 
13 17990 
14 17940 
15 17840 
16 17716 
17 17634 
18 17530 
19 17232 
20 17052 
21 16750 
22 16584 
23 16382 
24 16356 
25 16236 
26 16216 
27 16130 
28 16006 
29 15826 
30 15640 
31 15620 
32 15564 
33 15562 
34 15428 
35 15386 
36 15062 
37 14676 
38 14626 
39 14606 
40 14602 
41 14448 
42 14442 
43 14384 
44 14342 
45 14312 
46 14304 
47 14142 
48 14126 
49 14116 
50 14060 
51 13978 
52 13846 
53 13728 
54 13704 
55 13682 
56 13486 
57 13432 
58 13320 
59 13296 
60 13174 
61 13114 
62 13058 
63 13038 
64 12618 
65 12544 
66 12274 
67 12120 
68 12000 
69 11914 
70 11764 
71 11724 
72 11656 
73 11620 
74 11560 
75 11520 
76 11440 
77 11434 
78 11428 
79 11334 
80 11242 
81 11096 
82 11090 
83 11034 
84 10626 
85 10584 
86 10540 
87 10486 
88 10190 
89 10156 
90 10092 
91 10072 
92 10002 
93 9992 
94 9964 
95 9936 
96 9896 
97 9738 
98 9714 
99 9696 
100 9636 
101 9450 
102 9340 
103 9180 
104 9100 
105 9028 
106 8570 
107 8556 
108 8530 
109 8472 
110 8416 
111 8290 
112 8240 
113 7932 
114 7902 
115 7752 
116 7548 
117 7468 
118 7418 
119 7398 
120 7366 
121 7282 
122 7258 
123 7238 
124 7148 
125 7024 
126 7012 
127 6950 
128 6870 
129 6484 
130 6430 
131 6262 
132 5814 
133 5770 
134 5502 
135 5478 
136 5466 
137 5446 
138 5396 
139 5154 
140 5104 
141 5020 
142 4896 
143 4896 
144 4896 
145 4896 
146 4896 
147 4896 
148 4896 
149 4896 
150 4896 
151 4896 
152 4896 
153 4896 
154 4896 
155 4896 
156 4896 
157 4896 
158 4896 
159 4896 
160 4896 
161 4896 
162 4896 
163 4896 
164 4896 
165 4896 
166 4896 
167 4896 
168 4896 
169 4896 
170 4896 
171 4896 
172 4896 
173 4896 
174 4896 
175 4896 
176 4896 
177 4896 
178 4896 
179 4896 
180 4896 
181 4896 
182 4896 
183 4896 
184 4896 
185 4896 
186 4896 
187 4896 
188 4896 
189 4896 
190 4896 
191 4896 
192 4896 
193 4896 
194 4896 
195 4896 
196 4896 
197 4896 
198 4896 
199 4896 
200 4896 
201 4896 
202 4896 
203 4896 
204 4896 
205 4896 
206 4896 
207 4896 
208 4896 
209 4896 
210 4896 
211 4896 
212 4896 
213 4896 
214 4896 
215 4896 
216 4896 
217 4896 
218 4896 
219 4896 
220 4896 
221 4896 
222 4896 
223 4896 
224 4896 
225 4896 
226 4896 
227 4896 
228 4896 
229 4896 
230 4896 
231 4896 
232 4896 
233 4896 
234 4896 
235 4896 
236 4896 
237 4896 
238 4896 
239 4896 
240 4896 
241 4896 
242 4896 
243 4896 
244 4896 
245 4896 
246 4896 
247 4896 
248 4896 
249 4896 
250 4896 
251 4896 
252 4896 
253 4896 
254 4896 
255 4896 
256 4896 
257 4896 
258 4896 
259 4896 
260 4896 
261 4896 
262 4896 
263 4896 
264 4896 
265 4896 
266 4896 
267 4896 
268 4896 
269 4896 
270 4896 
271 4896 
272 4896 
273 4896 
274 4896 
275 4896 
276 4896 
277 4896 
278 4896 
279 4896 
280 4896 
281 4896 
282 4896 
283 4896 
284 4896 
285 4896 
286 4896 
287 4896 
288 4896 
289 4896 
290 4896 
291 4896 
292 4896 
293 4896 
294 4896 
295 4896 
296 4896 
297 4896 
298 4896 
299 4896 
300 4896 
301 4896 
302 4896 
303 4896 
304 4896 
305 4896 
306 4896 
307 4896 
308 4896 
309 4896 
310 4896 
311 4896 
312 4896 
313 4896 
314 4896 
315 4896 
316 4896 
317 4896 
318 4896 
319 4896 
320 4896 
321 4896 
322 4896 
323 4896 
324 4896 
325 4896 
326 4896 
327 4896 
328 4896 
329 4896 
330 4896 
331 4896 
332 4896 
333 4896 
334 4896 
335 4896 
336 4896 
337 4896 
338 4896 
339 4896 
340 4896 
341 4896 
342 4896 
343 4896 
344 4896 
345 4896 
346 4896 
347 4896 
348 4896 
349 4896 
350 4896 
351 4896 
352 4896 
353 4896 
354 4896 
355 4896 
356 4896 
357 4896 
358 4896 
359 4896 
360 4896 
361 4896 
362 4896 
363 4896 
364 4896 
365 4896 
366 4896 
367 4896 
368 4896 
369 4896 
370 4896 
371 4896 
372 4896 
373 4896 
374 4896 
375 4896 
376 4896 
377 4896 
378 4896 
379 4896 
380 4896 
381 4896 
382 4896 
383 4896 
384 4896 
385 4896 
386 4896 
387 4896 
388 4896 
389 4896 
390 4896 
391 4896 
392 4896 
393 4896 
394 4896 
395 4896 
396 4896 
397 4896 
398 4896 
399 4896 
400 4896 
401 4896 
402 4896 
403 4896 
404 4896 
405 4896 
406 4896 
407 4896 
408 4896 
409 4896 
410 4896 
411 4896 
412 4896 
413 4896 
414 4896 
415 4896 
416 4896 
417 4896 
418 4896 
419 4896 
420 4896 
421 4896 
422 4896 
423 4896 
424 4896 
425 4896 
426 4896 
427 4896 
428 4896 
429 4896 
430 4896 
431 4896 
432 4896 
433 4896 
434 4896 
435 4896 
436 4896 
437 4896 
438 4896 
439 4896 
440 4896 
441 4896 
442 4896 
443 4896 
444 4896 
445 4896 
446 4896 
447 4896 
448 4896 
449 4896 
450 4896 
451 4896 
452 4896 
453 4896 
454 4896 
455 4896 
456 4896 
457 4896 
458 4896 
459 4896 
460 4896 
461 4896 
462 4896 
463 4896 
464 4896 
465 4896 
466 4896 
467 4896 
468 4896 
469 4896 
470 4896 
471 4896 
472 4896 
473 4896 
474 4896 
475 4896 
476 4896 
477 4896 
478 4896 
479 4896 
480 4896 
481 4896 
482 4896 
483 4896 
484 4896 
485 4896 
486 4896 
487 4896 
488 4896 
489 4896 
490 4896 
491 4896 
492 4896 
493 4896 
494 4896 
495 4896 
496 4896 
497 4896 
498 4896 
499 4896 
500 4896 
501 4896 
502 4896 
503 4896 
504 4896 
505 4896 
506 4896 
507 4896 
508 4896 
509 4896 
510 4896 
511 4896 
512 4896 
513 4896 
514 4896 
515 4896 
516 4896 
517 4896 
518 4896 
519 4896 
520 4896 
521 4896 
522 4896 
523 4896 
524 4896 
525 4896 
526 4896 
527 4896 
528 4896 
529 4896 
530 4896 
531 4896 
532 4896 
533 4896 
534 4896 
535 4896 
536 4896 
537 4896 
538 4896 
539 4896 
540 4896 
541 4896 
542 4896 
543 4896 
544 4896 
545 4896 
546 4896 
547 4896 
548 4896 
549 4896 
550 4896 
551 4896 
552 4896 
553 4896 
554 4896 
555 4896 
556 4896 
557 4896 
558 4896 
559 4896 
560 4896 
561 4896 
562 4896 
563 4896 
564 4896 
565 4896 
566 4896 
567 4896 
568 4896 
569 4896 
570 4896 
571 4896 
572 4896 
573 4896 
574 4896 
575 4896 
576 4896 
577 4896 
578 4896 
579 4896 
580 4896 
581 4896 
582 4896 
583 4896 
584 4896 
585 4896 
586 4896 
587 4896 
588 4896 
589 4896 
590 4896 
591 4896 
592 4896 
593 4896 
594 4896 
595 4896 
596 4896 
597 4896 
598 4896 
599 4896 
600 4896 
601 4896 
602 4896 
603 4896 
604 4896 
605 4896 
606 4896 
607 4896 
608 4896 
609 4896 
610 4896 
611 4896 
612 4896 
613 4896 
614 4896 
615 4896 
616 4896 
617 4896 
618 4896 
619 4896 
620 4896 
621 4896 
622 4896 
623 4896 
624 4896 
625 4896 
626 4896 
627 4896 
628 4896 
629 4896 
630 4896 
631 4896 
632 4896 
633 4896 
634 4896 
635 4896 
636 4896 
637 4896 
638 4896 
639 4896 
640 4896 
641 4896 
642 4896 
643 4896 
644 4896 
645 4896 
646 4896 
647 4896 
648 4896 
649 4896 
650 4896 
651 4896 
652 4896 
653 4896 
654 4896 
655 4896 
656 4896 
657 4896 
658 4896 
659 4896 
660 4896 
661 4896 
662 4896 
663 4896 
664 4896 
665 4896 
666 4896 
667 4896 
668 4896 
669 4896 
670 4896 
671 4896 
672 4896 
673 4896 
674 4896 
675 4896 
676 4896 
677 4896 
678 4896 
679 4896 
680 4896 
681 4896 
682 4896 
683 4896 
684 4896 
685 4896 
686 4896 
687 4896 
688 4896 
689 4896 
690 4896 
691 4896 
692 4896 
693 4896 
694 4896 
695 4896 
696 4896 
697 4896 
698 4896 
699 4896 
700 4896 
701 4896 
702 4896 
703 4896 
704 4896 
705 4896 
706 4896 
707 4896 
708 4896 
709 4896 
710 4896 
711 4896 
712 4896 
713 4896 
714 4896 
715 4896 
716 4896 
717 4896 
718 4896 
719 4896 
720 4896 
721 4896 
722 4896 
723 4896 
724 4896 
725 4896 
726 4896 
727 4896 
728 4896 
729 4896 
730 4896 
731 4896 
732 4896 
733 4896 
734 4896 
735 4896 
736 4896 
737 4896 
738 4896 
739 4896 
740 4896 
741 4896 
742 4896 
743 4896 
744 4896 
745 4896 
746 4896 
747 4896 
748 4896 
749 4896 
750 4896 
751 4896 
752 4896 
753 4896 
754 4896 
755 4896 
756 4896 
757 4896 
758 4896 
759 4896 
760 4896 
761 4896 
762 4896 
763 4896 
764 4896 
765 4896 
766 4896 
767 4896 
768 4896 
769 4896 
770 4896 
771 4896 
772 4896 
773 4896 
774 4896 
775 4896 
776 4896 
777 4896 
778 4896 
779 4896 
780 4896 
781 4896 
782 4896 
783 4896 
784 4896 
785 4896 
786 4896 
787 4896 
788 4896 
789 4896 
790 4896 
791 4896 
792 4896 
793 4896 
794 4896 
795 4896 
796 4896 
797 4896 
798 4896 
799 4896 
800 4896 
801 4896 
802 4896 
803 4896 
804 4896 
805 4896 
806 4896 
807 4896 
808 4896 
809 4896 
810 4896 
811 4896 
812 4896 
813 4896 
814 4896 
815 4896 
816 4896 
817 4896 
818 4896 
819 4896 
820 4896 
821 4896 
822 4896 
823 4896 
824 4896 
825 4896 
826 4896 
827 4896 
828 4896 
829 4896 
830 4896 
831 4896 
832 4896 
833 4896 
834 4896 
835 4896 
836 4896 
837 4896 
838 4896 
839 4896 
840 4896 
841 4896 
842 4896 
843 4896 
844 4896 
845 4896 
846 4896 
847 4896 
848 4896 
849 4896 
850 4896 
851 4896 
852 4896 
853 4896 
854 4896 
855 4896 
856 4896 
857 4896 
858 4896 
859 4896 
860 4896 
861 4896 
862 4896 
863 4896 
864 4896 
865 4896 
866 4896 
867 4896 
868 4896 
869 4896 
870 4896 
871 4896 
872 4896 
873 4896 
874 4896 
875 4896 
876 4896 
877 4896 
878 4896 
879 4896 
880 4896 
881 4896 
882 4896 
883 4896 
884 4896 
885 4896 
886 4896 
887 4896 
888 4896 
889 4896 
890 4896 
891 4896 
892 4896 
893 4896 
894 4896 
895 4896 
896 4896 
897 4896 
898 4896 
899 4896 
900 4896 
901 4896 
902 4896 
903 4896 
904 4896 
905 4896 
906 4896 
907 4896 
908 4896 
909 4896 
910 4896 
911 4896 
912 4896 
913 4896 
914 4896 
915 4896 
916 4896 
917 4896 
918 4896 
919 4896 
920 4896 
921 4896 
922 4896 
923 4896 
924 4896 
925 4896 
926 4896 
927 4896 
928 4896 
929 4896 
930 4896 
931 4896 
932 4896 
933 4896 
934 4896 
935 4896 
936 4896 
937 4896 
938 4896 
939 4896 
940 4896 
941 4896 
942 4896 
943 4896 
944 4896 
945 4896 
946 4896 
947 4896 
948 4896 
949 4896 
950 4896 
951 4896 
952 4896 
953 4896 
954 4896 
955 4896 
956 4896 
957 4896 
958 4896 
959 4896 
960 4896 
961 4896 
962 4896 
963 4896 
964 4896 
965 4896 
966 4896 
967 4896 
968 4896 
969 4896 
970 4896 
971 4896 
972 4896 
973 4896 
974 4896 
975 4896 
976 4896 
977 4896 
978 4896 
979 4896 
980 4896 
981 4896 
982 4896 
983 4896 
984 4896 
985 4896 
986 4896 
987 4896 
988 4896 
989 4896 
990 4896 
991 4896 
992 4896 
993 4896 
994 4896 
995 4896 
996 4896 
997 4896 
998 4896 
999 4896 
1000 4896 
1001 4896 
1002 4896 
1003 4896 
1004 4896 
1005 4896 
1006 4896 
1007 4896 
1008 4896 
1009 4896 
1010 4896 
1011 4896 
1012 4896 
1013 4896 
1014 4896 
1015 4896 
1016 4896 
1017 4896 
1018 4896 
1019 4896 
1020 4896 
1021 4896 
1022 4896 
1023 4896 
1024 4896 
1025 4896 
1026 4896 
1027 4896 
1028 4896 
1029 4896 
1030 4896 
1031 4896 
1032 4896 
1033 4896 
1034 4896 
1035 4896 
1036 4896 
1037 4896 
1038 4896 
1039 4896 
1040 4896 
1041 4896 
1042 4896 
1043 4896 
1044 4896 
1045 4896 
1046 4896 
1047 4896 
1048 4896 
1049 4896 
1050 4896 
1051 4896 
1052 4896 
1053 4896 
1054 4896 
1055 4896 
1056 4896 
1057 4896 
1058 4896 
1059 4896 
1060 4896 
1061 4896 
1062 4896 
1063 4896 
1064 4896 
1065 4896 
1066 4896 
1067 4896 
1068 4896 
1069 4896 
1070 4896 
1071 4896 
1072 4896 
1073 4896 
1074 4896 
1075 4896 
1076 4896 
1077 4896 
1078 4896 
1079 4896 
1080 4896 
1081 4896 
1082 4896 
1083 4896 
1084 4896 
1085 4896 
1086 4896 
1087 4896 
1088 4896 
1089 4896 
1090 4896 
1091 4896 
1092 4896 
1093 4896 
1094 4896 
1095 4896 
1096 4896 
1097 4896 
1098 4896 
1099 4896 
1100 4896 
1101 4896 
1102 4896 
1103 4896 
1104 4896 
1105 4896 
1106 4896 
1107 4896 
1108 4896 
1109 4896 
1110 4896 
1111 4896 
1112 4896 
1113 4896 
1114 4896 
1115 4896 
1116 4896 
1117 4896 
1118 4896 
1119 4896 
1120 4896 
1121 4896 
1122 4896 
1123 4896 
1124 4896 
1125 4896 
1126 4896 
1127 4896 
1128 4896 
1129 4896 
1130 4896 
1131 4896 
1132 4896 
1133 4896 
1134 4896 
1135 4896 
1136 4896 
1137 4896 
1138 4896 
1139 4896 
1140 4896 
1141 4896 
1142 4896 
1143 4896 
1144 4896 
1145 4896 
1146 4896 
1147 4896 
1148 4896 
1149 4896 
1150 4896 
1151 4896 
1152 4896 
1153 4896 
1154 4896 
1155 4896 
1156 4896 
1157 4896 
1158 4896 
1159 4896 
1160 4896 
1161 4896 
1162 4896 
1163 4896 
1164 4896 
1165 4896 
1166 4896 
1167 4896 
1168 4896 
1169 4896 
1170 4896 
1171 4896 
1172 4896 
1173 4896 
1174 4896 
1175 4896 
1176 4896 
1177 4896 
1178 4896 
1179 4896 
1180 4896 
1181 4896 
1182 4896 
1183 4896 
1184 4896 
1185 4896 
1186 4896 
1187 4896 
1188 4896 
1189 4896 
1190 4896 
1191 4896 
1192 4896 
1193 4896 
1194 4896 
1195 4896 
1196 4896 
1197 4896 
1198 4896 
1199 4896 
1200 4896 
1201 4896 
1202 4896 
1203 4896 
1204 4896 
1205 4896 
1206 4896 
1207 4896 
1208 4896 
1209 4896 
1210 4896 
1211 4896 
1212 4896 
1213 4896 
1214 4896 
1215 4896 
1216 4896 
1217 4896 
1218 4896 
1219 4896 
1220 4896 
1221 4896 
1222 4896 
1223 4896 
1224 4896 
1225 4896 
1226 4896 
1227 4896 
1228 4896 
1229 4896 
1230 4896 
1231 4896 
1232 4896 
1233 4896 
1234 4896 
1235 4896 
1236 4896 
1237 4896 
1238 4896 
1239 4896 
1240 4896 
1241 4896 
1242 4896 
1243 4896 
1244 4896 
1245 4896 
1246 4896 
1247 4896 
1248 4896 
1249 4896 
1250 4896 
1251 4896 
1252 4896 
1253 4896 
1254 4896 
1255 4896 
1256 4896 
1257 4896 
1258 4896 
1259 4896 
1260 4896 
1261 4896 
1262 4896 
1263 4896 
1264 4896 
1265 4896 
1266 4896 
1267 4896 
1268 4896 
1269 4896 
1270 4896 
1271 4896 
1272 4896 
1273 4896 
1274 4896 
1275 4896 
1276 4896 
1277 4896 
1278 4896 
1279 4896 
1280 4896 
1281 4896 
1282 4896 
1283 4896 
1284 4896 
1285 4896 
1286 4896 
1287 4896 
1288 4896 
1289 4896 
1290 4896 
1291 4896 
1292 4896 
1293 4896 
1294 4896 
1295 4896 
1296 4896 
1297 4896 
1298 4896 
1299 4896 
1300 4896 
1301 4896 
1302 4896 
1303 4896 
1304 4896 
1305 4896 
1306 4896 
1307 4896 
1308 4896 
1309 4896 
1310 4896 
1311 4896 
1312 4896 
1313 4896 
1314 4896 
1315 4896 
1316 4896 
1317 4896 
1318 4896 
1319 4896 
1320 4896 
1321 4896 
1322 4896 
1323 4896 
1324 4896 
1325 4896 
1326 4896 
1327 4896 
1328 4896 
1329 4896 
1330 4896 
1331 4896 
1332 4896 
1333 4896 
1334 4896 
1335 4896 
1336 4896 
1337 4896 
1338 4896 
1339 4896 
1340 4896 
1341 4896 
1342 4896 
1343 4896 
1344 4896 
1345 4896 
1346 4896 
1347 4896 
1348 4896 
1349 4896 
1350 4896 
1351 4896 
1352 4896 
1353 4896 
1354 4896 
1355 4896 
1356 4896 
1357 4896 
1358 4896 
1359 4896 
1360 4896 
1361 4896 
1362 4896 
1363 4896 
1364 4896 
1365 4896 
1366 4896 
1367 4896 
1368 4896 
1369 4896 
1370 4896 
1371 4896 
1372 4896 
1373 4896 
1374 4896 
1375 4896 
1376 4896 
1377 4896 
1378 4896 
1379 4896 
1380 4896 
1381 4896 
1382 4896 
1383 4896 
1384 4896 
1385 4896 
1386 4896 
1387 4896 
1388 4896 
1389 4896 
1390 4896 
1391 4896 
1392 4896 
1393 4896 
1394 4896 
1395 4896 
1396 4896 
1397 4896 
1398 4896 
1399 4896 
1400 4896 
1401 4896 
1402 4896 
1403 4896 
1404 4896 
1405 4896 
1406 4896 
1407 4896 
1408 4896 
1409 4896 
1410 4896 
1411 4896 
1412 4896 
1413 4896 
1414 4896 
1415 4896 
1416 4896 
1417 4896 
1418 4896 
1419 4896 
1420 4896 
1421 4896 
1422 4896 
1423 4896 
1424 4896 
1425 4896 
1426 4896 
1427 4896 
1428 4896 
1429 4896 
1430 4896 
1431 4896 
1432 4896 
1433 4896 
1434 4896 
1435 4896 
1436 4896 
1437 4896 
1438 4896 
1439 4896 
1440 4896 
1441 4896 
1442 4896 
1443 4896 
1444 4896 
1445 4896 
1446 4896 
1447 4896 
1448 4896 
1449 4896 
1450 4896 
1451 4896 
1452 4896 
1453 4896 
1454 4896 
1455 4896 
1456 4896 
1457 4896 
1458 4896 
1459 4896 
1460 4896 
1461 4896 
1462 4896 
1463 4896 
1464 4896 
1465 4896 
1466 4896 
1467 4896 
1468 4896 
1469 4896 
1470 4896 
1471 4896 
1472 4896 
1473 4896 
1474 4896 
1475 4896 
1476 4896 
1477 4896 
1478 4896 
1479 4896 
1480 4896 
1481 4896 
1482 4896 
1483 4896 
1484 4896 
1485 4896 
1486 4896 
1487 4896 
1488 4896 
1489 4896 
1490 4896 
1491 4896 
1492 4896 
1493 4896 
1494 4896 
1495 4896 
1496 4896 
1497 4896 
1498 4896 
1499 4896 
1500 4896 
1501 4896 
1502 4896 
1503 4896 
1504 4896 
1505 4896 
1506 4896 
1507 4896 
1508 4896 
1509 4896 
1510 4896 
1511 4896 
1512 4896 
1513 4896 
1514 4896 
1515 4896 
1516 4896 
1517 4896 
1518 4896 
1519 4896 
1520 4896 
1521 4896 
1522 4896 
1523 4896 
1524 4896 
1525 4896 
1526 4896 
1527 4896 
1528 4896 
1529 4896 
1530 4896 
1531 4896 
1532 4896 
1533 4896 
1534 4896 
1535 4896 
1536 4896 
1537 4896 
1538 4896 
1539 4896 
1540 4896 
1541 4896 
1542 4896 
1543 4896 
1544 4896 
1545 4896 
1546 4896 
1547 4896 
1548 4896 
1549 4896 
1550 4896 
1551 4896 
1552 4896 
1553 4896 
1554 4896 
1555 4896 
1556 4896 
1557 4896 
1558 4896 
1559 4896 
1560 4896 
1561 4896 
1562 4896 
1563 4896 
1564 4896 
1565 4896 
1566 4896 
1567 4896 
1568 4896 
1569 4896 
1570 4896 
1571 4896 
1572 4896 
1573 4896 
1574 4896 
1575 4896 
1576 4896 
1577 4896 
1578 4896 
1579 4896 
1580 4896 
1581 4896 
1582 4896 
1583 4896 
1584 4896 
1585 4896 
1586 4896 
1587 4896 
1588 4896 
1589 4896 
1590 4896 
1591 4896 
1592 4896 
1593 4896 
1594 4896 
1595 4896 
1596 4896 
1597 4896 
1598 4896 
1599 4896 
1600 4896 
1601 4896 
1602 4896 
1603 4896 
1604 4896 
1605 4896 
1606 4896 
1607 4896 
1608 4896 
1609 4896 
1610 4896 
1611 4896 
1612 4896 
1613 4896 
1614 4896 
1615 4896 
1616 4896 
1617 4896 
1618 4896 
1619 4896 
1620 4896 
1621 4896 
1622 4896 
1623 4896 
1624 4896 
1625 4896 
1626 4896 
1627 4896 
1628 4896 
1629 4896 
1630 4896 
1631 4896 
1632 4896 
1633 4896 
1634 4896 
1635 4896 
1636 4896 
1637 4896 
1638 4896 
1639 4896 
1640 4896 
1641 4896 
1642 4896 
1643 4896 
1644 4896 
1645 4896 
1646 4896 
1647 4896 
1648 4896 
1649 4896 
1650 4896 
1651 4896 
1652 4896 
1653 4896 
1654 4896 
1655 4896 
1656 4896 
1657 4896 
1658 4896 
1659 4896 
1660 4896 
1661 4896 
1662 4896 
1663 4896 
1664 4896 
1665 4896 
1666 4896 
1667 4896 
1668 4896 
1669 4896 
1670 4896 
1671 4896 
1672 4896 
1673 4896 
1674 4896 
1675 4896 
1676 4896 
1677 4896 
1678 4896 
1679 4896 
1680 4896 
1681 4896 
1682 4896 
1683 4896 
1684 4896 
1685 4896 
1686 4896 
1687 4896 
1688 4896 
1689 4896 
1690 4896 
1691 4896 
1692 4896 
1693 4896 
1694 4896 
1695 4896 
1696 4896 
1697 4896 
1698 4896 
1699 4896 
1700 4896 
1701 4896 
1702 4896 
1703 4896 
1704 4896 
1705 4896 
1706 4896 
1707 4896 
1708 4896 
1709 4896 
1710 4896 
1711 4896 
1712 4896 
1713 4896 
1714 4896 
1715 4896 
1716 4896 
1717 4896 
1718 4896 
1719 4896 
1720 4896 
1721 4896 
1722 4896 
1723 4896 
1724 4896 
1725 4896 
1726 4896 
1727 4896 
1728 4896 
1729 4896 
1730 4896 
1731 4896 
1732 4896 
1733 4896 
1734 4896 
1735 4896 
1736 4896 
1737 4896 
1738 4896 
1739 4896 
1740 4896 
1741 4896 
1742 4896 
1743 4896 
1744 4896 
1745 4896 
1746 4896 
1747 4896 
1748 4896 
1749 4896 
1750 4896 
1751 4896 
1752 4896 
1753 4896 
1754 4896 
1755 4896 
1756 4896 
1757 4896 
1758 4896 
1759 4896 
1760 4896 
1761 4896 
1762 4896 
1763 4896 
1764 4896 
1765 4896 
1766 4896 
1767 4896 
1768 4896 
1769 4896 
1770 4896 
1771 4896 
1772 4896 
1773 4896 
1774 4896 
1775 4896 
1776 4896 
1777 4896 
1778 4896 
1779 4896 
1780 4896 
1781 4896 
1782 4896 
1783 4896 
1784 4896 
1785 4896 
1786 4896 
1787 4896 
1788 4896 
1789 4896 
1790 4896 
1791 4896 
1792 4896 
1793 4896 
1794 4896 
1795 4896 
1796 4896 
1797 4896 
1798 4896 
1799 4896 
1800 4896 
1801 4896 
1802 4896 
1803 4896 
1804 4896 
1805 4896 
1806 4896 
1807 4896 
1808 4896 
1809 4896 
1810 4896 
1811 4896 
1812 4896 
1813 4896 
1814 4896 
1815 4896 
1816 4896 
1817 4896 
1818 4896 
1819 4896 
1820 4896 
1821 4896 
1822 4896 
1823 4896 
1824 4896 
1825 4896 
1826 4896 
1827 4896 
1828 4896 
1829 4896 
1830 4896 
1831 4896 
1832 4896 
1833 4896 
1834 4896 
1835 4896 
1836 4896 
1837 4896 
1838 4896 
1839 4896 
1840 4896 
1841 4896 
1842 4896 
1843 4896 
1844 4896 
1845 4896 
1846 4896 
1847 4896 
1848 4896 
1849 4896 
1850 4896 
1851 4896 
1852 4896 
1853 4896 
1854 4896 
1855 4896 
1856 4896 
1857 4896 
1858 4896 
1859 4896 
1860 4896 
1861 4896 
1862 4896 
1863 4896 
1864 4896 
1865 4896 
1866 4896 
1867 4896 
1868 4896 
1869 4896 
1870 4896 
1871 4896 
1872 4896 
1873 4896 
1874 4896 
1875 4896 
1876 4896 
1877 4896 
1878 4896 
1879 4896 
1880 4896 
1881 4896 
1882 4896 
1883 4896 
1884 4896 
1885 4896 
1886 4896 
1887 4896 
1888 4896 
1889 4896 
1890 4896 
1891 4896 
1892 4896 
1893 4896 
1894 4896 
1895 4896 
1896 4896 
1897 4896 
1898 4896 
1899 4896 
1900 4896 
1901 4896 
1902 4896 
1903 4896 
1904 4896 
1905 4896 
1906 4896 
1907 4896 
1908 4896 
1909 4896 
1910 4896 
1911 4896 
1912 4896 
1913 4896 
1914 4896 
1915 4896 
1916 4896 
1917 4896 
1918 4896 
1919 4896 
1920 4896 
1921 4896 
1922 4896 
1923 4896 
1924 4896 
1925 4896 
1926 4896 
1927 4896 
1928 4896 
1929 4896 
1930 4896 
1931 4896 
1932 4896 
1933 4896 
1934 4896 
1935 4896 
1936 4896 
1937 4896 
1938 4896 
1939 4896 
1940 4896 
1941 4896 
1942 4896 
1943 4896 
1944 4896 
1945 4896 
1946 4896 
1947 4896 
1948 4896 
1949 4896 
1950 4896 
1951 4896 
1952 4896 
1953 4896 
1954 4896 
1955 4896 
1956 4896 
1957 4896 
1958 4896 
1959 4896 
1960 4896 
1961 4896 
1962 4896 
1963 4896 
1964 4896 
1965 4896 
1966 4896 
1967 4896 
1968 4896 
1969 4896 
1970 4896 
1971 4896 
1972 4896 
1973 4896 
1974 4896 
1975 4896 
1976 4896 
1977 4896 
1978 4896 
1979 4896 
1980 4896 
1981 4896 
1982 4896 
1983 4896 
1984 4896 
1985 4896 
1986 4896 
1987 4896 
1988 4896 
1989 4896 
1990 4896 
1991 4896 
1992 4896 
1993 4896 
1994 4896 
1995 4896 
1996 4896 
1997 4896 
1998 4896 
1999 4896 
2000 4896 
2001 4896 
2002 4896 
2003 4896 
2004 4896 
2005 4896 
2006 4896 
2007 4896 
2008 4896 
2009 4896 
2010 4896 
2011 4896 
2012 4896 
2013 4896 
2014 4896 
2015 4896 
2016 4896 
2017 4896 
2018 4896 
2019 4896 
2020 4896 
2021 4896 
2022 4896 
2023 4896 
2024 4896 
2025 4896 
2026 4896 
2027 4896 
2028 4896 
2029 4896 
2030 4896 
2031 4896 
2032 4896 
2033 4896 
2034 4896 
2035 4896 
2036 4896 
2037 4896 
2038 4896 
2039 4896 
2040 4896 
2041 4896 
2042 4896 
2043 4896 
2044 4896 
2045 4896 
2046 4896 
2047 4896 
2048 4896 
2049 4896 
2050 4896 
2051 4896 
2052 4896 
2053 4896 
2054 4896 
2055 4896 
2056 4896 
2057 4896 
2058 4896 
2059 4896 
2060 4896 
2061 4896 
2062 4896 
2063 4896 
2064 4896 
2065 4896 
2066 4896 
2067 4896 
2068 4896 
2069 4896 
2070 4896 
2071 4896 
2072 4896 
2073 4896 
2074 4896 
2075 4896 
2076 4896 
2077 4896 
2078 4896 
2079 4896 
2080 4896 
2081 4896 
2082 4896 
2083 4896 
2084 4896 
2085 4896 
2086 4896 
2087 4896 
2088 4896 
2089 4896 
2090 4896 
2091 4896 
2092 4896 
2093 4896 
2094 4896 
2095 4896 
2096 4896 
2097 4896 
2098 4896 
2099 4896 
2100 4896 
2101 4896 
2102 4896 
2103 4896 
2104 4896 
2105 4896 
2106 4896 
2107 4896 
2108 4896 
2109 4896 
2110 4896 
2111 4896 
2112 4896 
2113 4896 
2114 4896 
2115 4896 
2116 4896 
2117 4896 
2118 4896 
2119 4896 
2120 4896 
2121 4896 
2122 4896 
2123 4896 
2124 4896 
2125 4896 
2126 4896 
2127 4896 
2128 4896 
2129 4896 
2130 4896 
2131 4896 
2132 4896 
2133 4896 
2134 4896 
2135 4896 
2136 4896 
2137 4896 
2138 4896 
2139 4896 
2140 4896 
2141 4896 
2142 4896 
2143 4896 
2144 4896 
2145 4896 
2146 4896 
2147 4896 
2148 4896 
2149 4896 
2150 4896 
2151 4896 
2152 4896 
2153 4896 
2154 4896 
2155 4896 
2156 4896 
2157 4896 
2158 4896 
2159 4896 
2160 4896 
2161 4896 
2162 4896 
2163 4896 
2164 4896 
2165 4896 
2166 4896 
2167 4896 
2168 4896 
2169 4896 
2170 4896 
2171 4896 
2172 4896 
2173 4896 
2174 4896 
2175 4896 
2176 4896 
2177 4896 
2178 4896 
2179 4896 
2180 4896 
2181 4896 
2182 4896 
2183 4896 
2184 4896 
2185 4896 
2186 4896 
2187 4896 
2188 4896 
2189 4896 
2190 4896 
2191 4896 
2192 4896 
2193 4896 
2194 4896 
2195 4896 
2196 4896 
2197 4896 
2198 4896 
2199 4896 
2200 4896 
2201 4896 
2202 4896 
2203 4896 
2204 4896 
2205 4896 
2206 4896 
2207 4896 
2208 4896 
2209 4896 
2210 4896 
2211 4896 
2212 4896 
2213 4896 
2214 4896 
2215 4896 
2216 4896 
2217 4896 
2218 4896 
2219 4896 
2220 4896 
2221 4896 
2222 4896 
2223 4896 
2224 4896 
2225 4896 
2226 4896 
2227 4896 
2228 4896 
2229 4896 
2230 4896 
2231 4896 
2232 4896 
2233 4896 
2234 4896 
2235 4896 
2236 4896 
2237 4896 
2238 4896 
2239 4896 
2240 4896 
2241 4896 
2242 4896 
2243 4896 
2244 4896 
2245 4896 
2246 4896 
2247 4896 
2248 4896 
2249 4896 
2250 4896 
2251 4896 
2252 4896 
2253 4896 
2254 4896 
2255 4896 
2256 4896 
2257 4896 
2258 4896 
2259 4896 
2260 4896 
2261 4896 
2262 4896 
2263 4896 
2264 4896 
2265 4896 
2266 4896 
2267 4896 
2268 4896 
2269 4896 
2270 4896 
2271 4896 
2272 4896 
2273 4896 
2274 4896 
2275 4896 
2276 4896 
2277 4896 
2278 4896 
2279 4896 
2280 4896 
2281 4896 
2282 4896 
2283 4896 
2284 4896 
2285 4896 
2286 4896 
2287 4896 
2288 4896 
2289 4896 
2290 4896 
2291 4896 
2292 4896 
2293 4896 
2294 4896 
2295 4896 
2296 4896 
2297 4896 
2298 4896 
2299 4896 
2300 4896 
2301 4896 
2302 4896 
2303 4896 
2304 4896 
2305 4896 
2306 4896 
2307 4896 
2308 4896 
2309 4896 
2310 4896 
2311 4896 
2312 4896 
2313 4896 
2314 4896 
2315 4896 
2316 4896 
2317 4896 
2318 4896 
2319 4896 
2320 4896 
2321 4896 
2322 4896 
2323 4896 
2324 4896 
2325 4896 
2326 4896 
2327 4896 
2328 4896 
2329 4896 
2330 4896 
2331 4896 
2332 4896 
2333 4896 
2334 4896 
2335 4896 
2336 4896 
2337 4896 
2338 4896 
2339 4896 
2340 4896 
2341 4896 
2342 4896 
2343 4896 
2344 4896 
2345 4896 
2346 4896 
2347 4896 
2348 4896 
2349 4896 
2350 4896 
2351 4896 
2352 4896 
2353 4896 
2354 4896 
2355 4896 
2356 4896 
2357 4896 
2358 4896 
2359 4896 
2360 4896 
2361 4896 
2362 4896 
2363 4896 
2364 4896 
2365 4896 
2366 4896 
2367 4896 
2368 4896 
2369 4896 
2370 4896 
2371 4896 
2372 4896 
2373 4896 
2374 4896 
2375 4896 
2376 4896 
2377 4896 
2378 4896 
2379 4896 
2380 4896 
2381 4896 
2382 4896 
2383 4896 
2384 4896 
2385 4896 
2386 4896 
2387 4896 
2388 4896 
2389 4896 
2390 4896 
2391 4896 
2392 4896 
2393 4896 
2394 4896 
2395 4896 
2396 4896 
2397 4896 
2398 4896 
2399 4896 
2400 4896 
2401 4896 
2402 4896 
2403 4896 
2404 4896 
2405 4896 
2406 4896 
2407 4896 
2408 4896 
2409 4896 
2410 4896 
2411 4896 
2412 4896 
2413 4896 
2414 4896 
2415 4896 
2416 4896 
2417 4896 
2418 4896 
2419 4896 
2420 4896 
2421 4896 
2422 4896 
2423 4896 
2424 4896 
2425 4896 
2426 4896 
2427 4896 
2428 4896 
2429 4896 
2430 4896 
2431 4896 
2432 4896 
2433 4896 
2434 4896 
2435 4896 
2436 4896 
2437 4896 
2438 4896 
2439 4896 
2440 4896 
2441 4896 
2442 4896 
2443 4896 
2444 4896 
2445 4896 
2446 4896 
2447 4896 
2448 4896 
2449 4896 
2450 4896 
2451 4896 
2452 4896 
2453 4896 
2454 4896 
2455 4896 
2456 4896 
2457 4896 
2458 4896 
2459 4896 
2460 4896 
2461 4896 
2462 4896 
2463 4896 
2464 4896 
2465 4896 
2466 4896 
2467 4896 
2468 4896 
2469 4896 
2470 4896 
2471 4896 
2472 4896 
2473 4896 
2474 4896 
2475 4896 
2476 4896 
2477 4896 
2478 4896 
2479 4896 
2480 4896 
2481 4896 
2482 4896 
2483 4896 
2484 4896 
2485 4896 
2486 4896 
2487 4896 
2488 4896 
2489 4896 
2490 4896 
2491 4896 
2492 4896 
2493 4896 
2494 4896 
2495 4896 
2496 4896 
2497 4896 
2498 4896 
2499 4896 
2500 4896 
2501 4896 
2502 4896 
2503 4896 
2504 4896 
2505 4896 
2506 4896 
2507 4896 
2508 4896 
2509 4896 
2510 4896 
2511 4896 
2512 4896 
2513 4896 
2514 4896 
2515 4896 
2516 4896 
2517 4896 
2518 4896 
2519 4896 
2520 4896 
2521 4896 
2522 4896 
2523 4896 
2524 4896 
2525 4896 
2526 4896 
2527 4896 
2528 4896 
2529 4896 
2530 4896 
2531 4896 
2532 4896 
2533 4896 
2534 4896 
2535 4896 
2536 4896 
2537 4896 
2538 4896 
2539 4896 
2540 4896 
2541 4896 
2542 4896 
2543 4896 
2544 4896 
2545 4896 
2546 4896 
2547 4896 
2548 4896 
2549 4896 
2550 4896 
2551 4896 
2552 4896 
2553 4896 
2554 4896 
2555 4896 
2556 4896 
2557 4896 
2558 4896 
2559 4896 
2560 4896 
2561 4896 
2562 4896 
2563 4896 
2564 4896 
2565 4896 
2566 4896 
2567 4896 
2568 4896 
2569 4896 
2570 4896 
2571 4896 
2572 4896 
2573 4896 
2574 4896 
2575 4896 
2576 4896 
2577 4896 
2578 4896 
2579 4896 
2580 4896 
2581 4896 
2582 4896 
2583 4896 
2584 4896 
2585 4896 
2586 4896 
2587 4896 
2588 4896 
2589 4896 
2590 4896 
2591 4896 
2592 4896 
2593 4896 
2594 4896 
2595 4896 
2596 4896 
2597 4896 
2598 4896 
2599 4896 
2600 4896 
2601 4896 
2602 4896 
2603 4896 
2604 4896 
2605 4896 
2606 4896 
2607 4896 
2608 4896 
2609 4896 
2610 4896 
2611 4896 
2612 4896 
2613 4896 
2614 4896 
2615 4896 
2616 4896 
2617 4896 
2618 4896 
2619 4896 
2620 4896 
2621 4896 
2622 4896 
2623 4896 
2624 4896 
2625 4896 
2626 4896 
2627 4896 
2628 4896 
2629 4896 
2630 4896 
2631 4896 
2632 4896 
2633 4896 
2634 4896 
2635 4896 
2636 4896 
2637 4896 
2638 4896 
2639 4896 
2640 4896 
2641 4896 
2642 4896 

