0 123056 
1 123044 
2 121718 
3 121642 
4 121210 
5 120890 
6 117004 
7 116928 
8 115952 
9 115916 
10 113692 
11 113418 
12 113252 
13 112196 
14 111888 
15 111790 
16 111258 
17 110986 
18 108794 
19 107416 
20 107414 
21 106534 
22 106456 
23 106154 
24 104962 
25 103554 
26 103450 
27 102478 
28 102092 
29 101774 
30 101630 
31 101356 
32 99206 
33 97618 
34 96050 
35 94616 
36 94344 
37 92768 
38 92760 
39 92656 
40 92648 
41 91712 
42 90324 
43 90228 
44 90184 
45 88008 
46 87962 
47 87430 
48 86984 
49 85236 
50 85176 
51 84906 
52 83818 
53 83778 
54 83368 
55 82552 
56 80076 
57 79122 
58 77376 
59 76150 
60 76142 
61 75414 
62 75286 
63 73918 
64 73718 
65 73570 
66 73156 
67 72364 
68 71440 
69 71020 
70 70954 
71 69512 
72 68034 
73 67330 
74 65238 
75 65022 
76 65000 
77 62440 
78 62330 
79 62264 
80 59656 
81 59446 
82 59442 
83 59398 
84 58808 
85 56826 
86 56782 
87 56710 
88 56668 
89 56644 
90 56226 
91 54888 
92 53558 
93 52742 
94 50106 
95 49332 
96 47956 
97 47668 
98 47664 
99 47626 
100 47576 
101 47372 
102 46844 
103 45480 
104 44774 
105 44198 
106 43374 
107 43302 
108 42992 
109 42888 
110 39840 
111 39642 
112 39592 
113 39482 
114 38118 
115 34334 
116 31694 
117 31166 
118 30842 
119 28886 
120 28750 
121 28634 
122 27650 
123 25398 
124 25348 
125 24966 
126 24948 
127 24820 
128 24784 
129 23936 
130 23572 
131 22990 
132 22582 
133 21726 
134 20462 
135 20432 
136 20290 
137 20078 
138 20078 

