0 13194 
1 13022 
2 12972 
3 12936 
4 12688 
5 12530 
6 12488 
7 12446 
8 12414 
9 12368 
10 12300 
11 12222 
12 12122 
13 12046 
14 12018 
15 11988 
16 11924 
17 11914 
18 11854 
19 11666 
20 11622 
21 11484 
22 11374 
23 11326 
24 11186 
25 11168 
26 11132 
27 11084 
28 11048 
29 10970 
30 10956 
31 10936 
32 10848 
33 10580 
34 10508 
35 10442 
36 10392 
37 10370 
38 10184 
39 10146 
40 10096 
41 10004 
42 10000 
43 9866 
44 9774 
45 9768 
46 9750 
47 9662 
48 9614 
49 9572 
50 9552 
51 9402 
52 9318 
53 9284 
54 9004 
55 8998 
56 8964 
57 8950 
58 8920 
59 8840 
60 8796 
61 8708 
62 8670 
63 8622 
64 8550 
65 8486 
66 8472 
67 8430 
68 8306 
69 8292 
70 8280 
71 8274 
72 8238 
73 8234 
74 8216 
75 8008 
76 7966 
77 7938 
78 7890 
79 7786 
80 7752 
81 7612 
82 7604 
83 7562 
84 7542 
85 7448 
86 7236 
87 7186 
88 7172 
89 7158 
90 7080 
91 6972 
92 6958 
93 6918 
94 6876 
95 6848 
96 6800 
97 6772 
98 6736 
99 6732 
100 6710 
101 6644 
102 6644 

