0 16250 
1 16100 
2 16050 
3 15996 
4 15924 
5 15314 
6 15228 
7 14976 
8 14906 
9 14884 
10 14540 
11 14342 
12 14244 
13 14240 
14 14046 
15 13762 
16 13662 
17 13620 
18 13546 
19 13544 
20 13350 
21 13346 
22 13306 
23 13092 
24 12944 
25 12924 
26 12764 
27 12688 
28 12658 
29 12590 
30 12312 
31 12188 
32 12164 
33 12152 
34 12128 
35 12098 
36 12056 
37 12018 
38 11998 
39 11994 
40 11834 
41 11798 
42 11728 
43 11704 
44 11650 
45 11600 
46 11538 
47 11506 
48 11496 
49 11436 
50 11280 
51 11130 
52 11002 
53 10762 
54 10694 
55 10604 
56 10544 
57 10400 
58 10320 
59 10170 
60 10096 
61 10042 
62 9912 
63 9842 
64 9778 
65 9746 
66 9624 
67 9606 
68 9594 
69 9576 
70 9318 
71 9296 
72 9280 
73 9270 
74 9260 
75 9170 
76 9134 
77 9132 
78 9128 
79 9122 
80 9110 
81 9026 
82 8880 
83 8776 
84 8768 
85 8528 
86 8478 
87 8468 
88 8466 
89 8458 
90 8444 
91 8422 
92 8254 
93 8254 
94 8188 
95 8148 
96 8148 
97 8112 
98 8052 
99 8010 
100 8010 
101 7944 
102 7900 
103 7876 
104 7852 
105 7802 
106 7746 
107 7732 
108 7672 
109 7672 
110 7672 
111 7646 
112 7646 
113 7578 
114 7550 
115 7534 
116 7528 
117 7366 
118 7340 
119 7338 
120 7326 
121 7306 
122 7258 
123 7232 
124 7178 
125 7168 
126 7156 
127 7138 
128 7096 
129 7002 
130 6836 
131 6830 
132 6722 
133 6678 
134 6678 
135 6638 
136 6638 
137 6622 
138 6600 
139 6600 
140 6600 
141 6600 
142 6600 
143 6600 
144 6600 
145 6600 
146 6600 
147 6600 
148 6600 
149 6600 
150 6600 
151 6600 
152 6600 
153 6600 
154 6600 
155 6600 
156 6600 
157 6600 
158 6600 
159 6600 
160 6600 
161 6600 
162 6600 
163 6600 
164 6600 
165 6600 
166 6600 
167 6600 
168 6600 
169 6600 
170 6600 
171 6600 
172 6600 
173 6600 
174 6600 
175 6600 
176 6600 
177 6600 
178 6600 
179 6600 
180 6600 
181 6600 
182 6600 
183 6600 
184 6600 
185 6600 
186 6600 
187 6600 
188 6600 
189 6600 
190 6600 
191 6600 
192 6600 
193 6600 
194 6600 
195 6600 
196 6600 
197 6600 
198 6600 
199 6600 
200 6600 
201 6600 
202 6600 
203 6600 
204 6600 
205 6600 
206 6600 
207 6600 
208 6600 
209 6600 
210 6600 
211 6600 
212 6600 
213 6600 
214 6600 
215 6600 
216 6600 
217 6600 
218 6600 
219 6600 
220 6600 
221 6600 
222 6600 
223 6600 
224 6600 
225 6600 
226 6600 
227 6600 
228 6600 
229 6600 
230 6600 
231 6600 
232 6600 
233 6600 
234 6600 
235 6600 
236 6600 
237 6600 
238 6600 
239 6600 
240 6600 
241 6600 
242 6600 
243 6600 
244 6600 
245 6600 
246 6600 
247 6600 
248 6600 
249 6600 
250 6600 
251 6600 
252 6600 
253 6600 
254 6600 
255 6600 
256 6600 
257 6600 
258 6600 
259 6600 
260 6600 
261 6600 
262 6600 
263 6600 
264 6600 
265 6600 
266 6600 
267 6600 
268 6600 
269 6600 
270 6600 
271 6600 
272 6600 
273 6600 
274 6600 
275 6600 
276 6600 
277 6600 
278 6600 
279 6600 
280 6600 
281 6600 
282 6600 
283 6600 
284 6600 
285 6600 
286 6600 
287 6600 
288 6600 
289 6600 
290 6600 
291 6600 
292 6600 
293 6600 
294 6600 
295 6600 
296 6600 
297 6600 
298 6600 
299 6600 
300 6600 
301 6600 
302 6600 
303 6600 
304 6600 
305 6600 
306 6600 
307 6600 
308 6600 
309 6600 
310 6600 
311 6600 
312 6600 
313 6600 
314 6600 
315 6600 
316 6600 
317 6600 
318 6600 
319 6600 
320 6600 
321 6600 
322 6600 
323 6600 
324 6600 
325 6600 
326 6600 
327 6600 
328 6600 
329 6600 
330 6600 
331 6600 
332 6600 
333 6600 
334 6600 
335 6600 
336 6600 
337 6600 
338 6600 
339 6600 
340 6600 
341 6600 
342 6600 
343 6600 
344 6600 
345 6600 
346 6600 
347 6600 
348 6600 
349 6600 
350 6600 
351 6600 
352 6600 
353 6600 
354 6600 
355 6600 
356 6600 
357 6600 
358 6600 
359 6600 
360 6600 
361 6600 
362 6600 
363 6600 
364 6600 
365 6600 
366 6600 
367 6600 
368 6600 
369 6600 
370 6600 
371 6600 
372 6600 
373 6600 
374 6600 
375 6600 
376 6600 
377 6600 
378 6600 
379 6600 
380 6600 
381 6600 
382 6600 
383 6600 
384 6600 
385 6600 
386 6600 
387 6600 
388 6600 
389 6600 
390 6600 
391 6600 
392 6600 
393 6600 
394 6600 
395 6600 
396 6600 
397 6600 
398 6600 
399 6600 
400 6600 
401 6600 
402 6600 
403 6600 
404 6600 
405 6600 
406 6600 
407 6600 
408 6600 
409 6600 
410 6600 
411 6600 
412 6600 
413 6600 
414 6600 
415 6600 
416 6600 
417 6600 
418 6600 
419 6600 
420 6600 
421 6600 
422 6600 
423 6600 
424 6600 
425 6600 
426 6600 
427 6600 
428 6600 
429 6600 
430 6600 
431 6600 
432 6600 
433 6600 
434 6600 
435 6600 
436 6600 
437 6600 
438 6600 
439 6600 
440 6600 
441 6600 
442 6600 
443 6600 
444 6600 
445 6600 
446 6600 
447 6600 
448 6600 
449 6600 
450 6600 
451 6600 
452 6600 
453 6600 
454 6600 
455 6600 
456 6600 
457 6600 
458 6600 
459 6600 
460 6600 
461 6600 
462 6600 
463 6600 
464 6600 
465 6600 
466 6600 
467 6600 
468 6600 
469 6600 
470 6600 
471 6600 
472 6600 
473 6600 
474 6600 
475 6600 
476 6600 
477 6600 
478 6600 
479 6600 
480 6600 
481 6600 
482 6600 
483 6600 
484 6600 
485 6600 
486 6600 
487 6600 
488 6600 
489 6600 
490 6600 
491 6600 
492 6600 
493 6600 
494 6600 
495 6600 
496 6600 
497 6600 
498 6600 
499 6600 
500 6600 
501 6600 
502 6600 
503 6600 
504 6600 
505 6600 
506 6600 
507 6600 
508 6600 
509 6600 
510 6600 
511 6600 
512 6600 
513 6600 
514 6600 
515 6600 
516 6600 
517 6600 
518 6600 
519 6600 
520 6600 
521 6600 
522 6600 
523 6600 
524 6600 
525 6600 
526 6600 
527 6600 
528 6600 
529 6600 
530 6600 
531 6600 
532 6600 
533 6600 
534 6600 
535 6600 
536 6600 
537 6600 
538 6600 
539 6600 
540 6600 
541 6600 
542 6600 
543 6600 
544 6600 
545 6600 
546 6600 
547 6600 
548 6600 
549 6600 
550 6600 
551 6600 
552 6600 
553 6600 
554 6600 
555 6600 
556 6600 
557 6600 
558 6600 
559 6600 
560 6600 
561 6600 
562 6600 
563 6600 
564 6600 
565 6600 
566 6600 
567 6600 
568 6600 
569 6600 
570 6600 
571 6600 
572 6600 
573 6600 
574 6600 
575 6600 
576 6600 
577 6600 
578 6600 
579 6600 
580 6600 
581 6600 
582 6600 
583 6600 
584 6600 
585 6600 
586 6600 
587 6600 
588 6600 
589 6600 
590 6600 
591 6600 
592 6600 
593 6600 
594 6600 
595 6600 
596 6600 
597 6600 
598 6600 
599 6600 
600 6600 
601 6600 
602 6600 
603 6600 
604 6600 
605 6600 
606 6600 
607 6600 
608 6600 
609 6600 
610 6600 
611 6600 
612 6600 
613 6600 
614 6600 
615 6600 
616 6600 
617 6600 
618 6600 
619 6600 
620 6600 
621 6600 
622 6600 
623 6600 
624 6600 
625 6600 
626 6600 
627 6600 
628 6600 
629 6600 
630 6600 
631 6600 
632 6600 
633 6600 
634 6600 
635 6600 
636 6600 
637 6600 
638 6600 
639 6600 
640 6600 
641 6600 
642 6600 
643 6600 
644 6600 
645 6600 
646 6600 
647 6600 
648 6600 
649 6600 
650 6600 
651 6600 
652 6600 
653 6600 
654 6600 
655 6600 
656 6600 
657 6600 
658 6600 
659 6600 
660 6600 
661 6600 
662 6600 
663 6600 
664 6600 
665 6600 
666 6600 
667 6600 
668 6600 
669 6600 
670 6600 
671 6600 
672 6600 
673 6600 
674 6600 
675 6600 
676 6600 
677 6600 
678 6600 
679 6600 
680 6600 
681 6600 
682 6600 
683 6600 
684 6600 
685 6600 
686 6600 
687 6600 
688 6600 
689 6600 
690 6600 
691 6600 
692 6600 
693 6600 
694 6600 
695 6600 
696 6600 
697 6600 
698 6600 
699 6600 
700 6600 
701 6600 
702 6600 
703 6600 
704 6600 
705 6600 
706 6600 
707 6600 
708 6600 
709 6600 
710 6600 
711 6600 
712 6600 
713 6600 
714 6600 
715 6600 
716 6600 
717 6600 
718 6600 
719 6600 
720 6600 
721 6600 
722 6600 
723 6600 
724 6600 
725 6600 
726 6600 
727 6600 
728 6600 
729 6600 
730 6600 
731 6600 
732 6600 
733 6600 
734 6600 
735 6600 
736 6600 
737 6600 
738 6600 
739 6600 
740 6600 
741 6600 
742 6600 
743 6600 
744 6600 
745 6600 
746 6600 
747 6600 
748 6600 
749 6600 
750 6600 
751 6600 
752 6600 
753 6600 
754 6600 
755 6600 
756 6600 
757 6600 
758 6600 
759 6600 
760 6600 
761 6600 
762 6600 
763 6600 
764 6600 
765 6600 
766 6600 
767 6600 
768 6600 
769 6600 
770 6600 
771 6600 
772 6600 
773 6600 
774 6600 
775 6600 
776 6600 
777 6600 
778 6600 
779 6600 
780 6600 
781 6600 
782 6600 
783 6600 
784 6600 
785 6600 
786 6600 
787 6600 
788 6600 
789 6600 
790 6600 
791 6600 
792 6600 
793 6600 
794 6600 
795 6600 
796 6600 
797 6600 
798 6600 
799 6600 
800 6600 
801 6600 
802 6600 
803 6600 
804 6600 
805 6600 
806 6600 
807 6600 
808 6600 
809 6600 
810 6600 
811 6600 
812 6600 
813 6600 
814 6600 
815 6600 
816 6600 
817 6600 
818 6600 
819 6600 
820 6600 
821 6600 
822 6600 
823 6600 
824 6600 
825 6600 
826 6600 
827 6600 
828 6600 
829 6600 
830 6600 
831 6600 
832 6600 
833 6600 
834 6600 
835 6600 
836 6600 
837 6600 
838 6600 
839 6600 
840 6600 
841 6600 
842 6600 
843 6600 
844 6600 
845 6600 
846 6600 
847 6600 
848 6600 
849 6600 
850 6600 
851 6600 
852 6600 
853 6600 
854 6600 
855 6600 
856 6600 
857 6600 
858 6600 
859 6600 
860 6600 
861 6600 
862 6600 
863 6600 
864 6600 
865 6600 
866 6600 
867 6600 
868 6600 
869 6600 
870 6600 
871 6600 
872 6600 
873 6600 
874 6600 
875 6600 
876 6600 
877 6600 
878 6600 
879 6600 
880 6600 
881 6600 
882 6600 
883 6600 
884 6600 
885 6600 
886 6600 
887 6600 
888 6600 
889 6600 
890 6600 
891 6600 
892 6600 
893 6600 
894 6600 
895 6600 
896 6600 
897 6600 
898 6600 
899 6600 
900 6600 
901 6600 
902 6600 
903 6600 
904 6600 
905 6600 
906 6600 
907 6600 
908 6600 
909 6600 
910 6600 
911 6600 
912 6600 
913 6600 
914 6600 
915 6600 
916 6600 
917 6600 
918 6600 
919 6600 
920 6600 
921 6600 
922 6600 
923 6600 
924 6600 
925 6600 
926 6600 
927 6600 
928 6600 
929 6600 
930 6600 
931 6600 
932 6600 
933 6600 
934 6600 
935 6600 
936 6600 
937 6600 
938 6600 
939 6600 
940 6600 
941 6600 
942 6600 
943 6600 
944 6600 
945 6600 
946 6600 
947 6600 
948 6600 
949 6600 
950 6600 
951 6600 
952 6600 
953 6600 
954 6600 
955 6600 
956 6600 
957 6600 
958 6600 
959 6600 
960 6600 
961 6600 
962 6600 
963 6600 
964 6600 
965 6600 
966 6600 
967 6600 
968 6600 
969 6600 
970 6600 
971 6600 
972 6600 
973 6600 
974 6600 
975 6600 
976 6600 
977 6600 
978 6600 
979 6600 
980 6600 
981 6600 
982 6600 
983 6600 
984 6600 
985 6600 
986 6600 
987 6600 
988 6600 
989 6600 
990 6600 
991 6600 
992 6600 
993 6600 
994 6600 
995 6600 
996 6600 
997 6600 
998 6600 
999 6600 
1000 6600 
1001 6600 
1002 6600 
1003 6600 
1004 6600 
1005 6600 
1006 6600 
1007 6600 
1008 6600 
1009 6600 
1010 6600 
1011 6600 
1012 6600 
1013 6600 
1014 6600 
1015 6600 
1016 6600 
1017 6600 
1018 6600 
1019 6600 
1020 6600 
1021 6600 
1022 6600 
1023 6600 
1024 6600 
1025 6600 
1026 6600 
1027 6600 
1028 6600 
1029 6600 
1030 6600 
1031 6600 
1032 6600 
1033 6600 
1034 6600 
1035 6600 
1036 6600 
1037 6600 
1038 6600 
1039 6600 
1040 6600 
1041 6600 
1042 6600 
1043 6600 
1044 6600 
1045 6600 
1046 6600 
1047 6600 
1048 6600 
1049 6600 
1050 6600 
1051 6600 
1052 6600 
1053 6600 
1054 6600 
1055 6600 
1056 6600 
1057 6600 
1058 6600 
1059 6600 
1060 6600 
1061 6600 
1062 6600 
1063 6600 
1064 6600 
1065 6600 
1066 6600 
1067 6600 
1068 6600 
1069 6600 
1070 6600 
1071 6600 
1072 6600 
1073 6600 
1074 6600 
1075 6600 
1076 6600 
1077 6600 
1078 6600 
1079 6600 
1080 6600 
1081 6600 
1082 6600 
1083 6600 
1084 6600 
1085 6600 
1086 6600 
1087 6600 
1088 6600 
1089 6600 
1090 6600 
1091 6600 
1092 6600 
1093 6600 
1094 6600 
1095 6600 
1096 6600 
1097 6600 
1098 6600 
1099 6600 
1100 6600 
1101 6600 
1102 6600 
1103 6600 
1104 6600 
1105 6600 
1106 6600 
1107 6600 
1108 6600 
1109 6600 
1110 6600 
1111 6600 
1112 6600 
1113 6600 
1114 6600 
1115 6600 
1116 6600 
1117 6600 
1118 6600 
1119 6600 
1120 6600 
1121 6600 
1122 6600 
1123 6600 
1124 6600 
1125 6600 
1126 6600 
1127 6600 
1128 6600 
1129 6600 
1130 6600 
1131 6600 
1132 6600 
1133 6600 
1134 6600 
1135 6600 
1136 6600 
1137 6600 
1138 6600 
1139 6600 
1140 6600 
1141 6600 
1142 6600 
1143 6600 
1144 6600 
1145 6600 
1146 6600 
1147 6600 
1148 6600 
1149 6600 
1150 6600 
1151 6600 
1152 6600 
1153 6600 
1154 6600 
1155 6600 
1156 6600 
1157 6600 
1158 6600 
1159 6600 
1160 6600 
1161 6600 
1162 6600 
1163 6600 
1164 6600 
1165 6600 
1166 6600 
1167 6600 
1168 6600 
1169 6600 
1170 6600 
1171 6600 
1172 6600 
1173 6600 
1174 6600 
1175 6600 
1176 6600 
1177 6600 
1178 6600 
1179 6600 
1180 6600 
1181 6600 
1182 6600 
1183 6600 
1184 6600 
1185 6600 
1186 6600 
1187 6600 
1188 6600 
1189 6600 
1190 6600 
1191 6600 
1192 6600 
1193 6600 
1194 6600 
1195 6600 
1196 6600 
1197 6600 
1198 6600 
1199 6600 
1200 6600 
1201 6600 
1202 6600 
1203 6600 
1204 6600 
1205 6600 
1206 6600 
1207 6600 
1208 6600 
1209 6600 
1210 6600 
1211 6600 
1212 6600 
1213 6600 
1214 6600 
1215 6600 
1216 6600 
1217 6600 
1218 6600 
1219 6600 
1220 6600 
1221 6600 
1222 6600 
1223 6600 
1224 6600 
1225 6600 
1226 6600 
1227 6600 
1228 6600 
1229 6600 
1230 6600 
1231 6600 
1232 6600 
1233 6600 
1234 6600 
1235 6600 
1236 6600 
1237 6600 
1238 6600 
1239 6600 
1240 6600 
1241 6600 
1242 6600 
1243 6600 
1244 6600 
1245 6600 
1246 6600 
1247 6600 
1248 6600 
1249 6600 
1250 6600 
1251 6600 
1252 6600 
1253 6600 
1254 6600 
1255 6600 
1256 6600 
1257 6600 
1258 6600 
1259 6600 
1260 6600 
1261 6600 
1262 6600 
1263 6600 
1264 6600 
1265 6600 
1266 6600 
1267 6600 
1268 6600 
1269 6600 
1270 6600 
1271 6600 
1272 6600 
1273 6600 
1274 6600 
1275 6600 
1276 6600 
1277 6600 
1278 6600 
1279 6600 
1280 6600 
1281 6600 
1282 6600 
1283 6600 
1284 6600 
1285 6600 
1286 6600 
1287 6600 
1288 6600 
1289 6600 
1290 6600 
1291 6600 
1292 6600 
1293 6600 
1294 6600 
1295 6600 
1296 6600 
1297 6600 
1298 6600 
1299 6600 
1300 6600 
1301 6600 
1302 6600 
1303 6600 
1304 6600 
1305 6600 
1306 6600 
1307 6600 
1308 6600 
1309 6600 
1310 6600 
1311 6600 
1312 6600 
1313 6600 
1314 6600 
1315 6600 
1316 6600 
1317 6600 
1318 6600 
1319 6600 
1320 6600 
1321 6600 
1322 6600 
1323 6600 
1324 6600 
1325 6600 
1326 6600 
1327 6600 
1328 6600 
1329 6600 
1330 6600 
1331 6600 
1332 6600 
1333 6600 
1334 6600 
1335 6600 
1336 6600 
1337 6600 
1338 6600 
1339 6600 
1340 6600 
1341 6600 
1342 6600 
1343 6600 
1344 6600 
1345 6600 
1346 6600 
1347 6600 
1348 6600 
1349 6600 
1350 6600 
1351 6600 
1352 6600 
1353 6600 
1354 6600 
1355 6600 
1356 6600 
1357 6600 
1358 6600 
1359 6600 
1360 6600 
1361 6600 
1362 6600 
1363 6600 
1364 6600 
1365 6600 
1366 6600 
1367 6600 
1368 6600 
1369 6600 
1370 6600 
1371 6600 
1372 6600 
1373 6600 
1374 6600 
1375 6600 
1376 6600 
1377 6600 
1378 6600 
1379 6600 
1380 6600 
1381 6600 
1382 6600 
1383 6600 
1384 6600 
1385 6600 
1386 6600 
1387 6600 
1388 6600 
1389 6600 
1390 6600 
1391 6600 
1392 6600 
1393 6600 
1394 6600 
1395 6600 
1396 6600 
1397 6600 
1398 6600 
1399 6600 
1400 6600 
1401 6600 
1402 6600 
1403 6600 
1404 6600 
1405 6600 
1406 6600 
1407 6600 
1408 6600 
1409 6600 
1410 6600 
1411 6600 
1412 6600 
1413 6600 
1414 6600 
1415 6600 
1416 6600 
1417 6600 
1418 6600 
1419 6600 
1420 6600 
1421 6600 
1422 6600 
1423 6600 
1424 6600 
1425 6600 
1426 6600 
1427 6600 
1428 6600 
1429 6600 
1430 6600 
1431 6600 
1432 6600 
1433 6600 
1434 6600 
1435 6600 
1436 6600 
1437 6600 
1438 6600 
1439 6600 
1440 6600 
1441 6600 
1442 6600 
1443 6600 
1444 6600 
1445 6600 
1446 6600 
1447 6600 
1448 6600 
1449 6600 
1450 6600 
1451 6600 
1452 6600 
1453 6600 
1454 6600 
1455 6600 
1456 6600 
1457 6600 
1458 6600 
1459 6600 
1460 6600 
1461 6600 
1462 6600 
1463 6600 
1464 6600 
1465 6600 
1466 6600 
1467 6600 
1468 6600 
1469 6600 
1470 6600 
1471 6600 
1472 6600 
1473 6600 
1474 6600 
1475 6600 
1476 6600 
1477 6600 
1478 6600 
1479 6600 
1480 6600 
1481 6600 
1482 6600 
1483 6600 
1484 6600 
1485 6600 
1486 6600 
1487 6600 
1488 6600 
1489 6600 
1490 6600 
1491 6600 
1492 6600 
1493 6600 
1494 6600 
1495 6600 
1496 6600 
1497 6600 
1498 6600 
1499 6600 
1500 6600 
1501 6600 
1502 6600 
1503 6600 
1504 6600 
1505 6600 
1506 6600 
1507 6600 
1508 6600 
1509 6600 
1510 6600 
1511 6600 
1512 6600 
1513 6600 
1514 6600 
1515 6600 
1516 6600 
1517 6600 
1518 6600 
1519 6600 
1520 6600 
1521 6600 
1522 6600 
1523 6600 
1524 6600 
1525 6600 
1526 6600 
1527 6600 
1528 6600 
1529 6600 
1530 6600 
1531 6600 
1532 6600 
1533 6600 
1534 6600 
1535 6600 
1536 6600 
1537 6600 
1538 6600 
1539 6600 
1540 6600 
1541 6600 
1542 6600 
1543 6600 
1544 6600 
1545 6600 
1546 6600 
1547 6600 
1548 6600 
1549 6600 
1550 6600 
1551 6600 
1552 6600 
1553 6600 
1554 6600 
1555 6600 
1556 6600 
1557 6600 
1558 6600 
1559 6600 
1560 6600 
1561 6600 
1562 6600 
1563 6600 
1564 6600 
1565 6600 
1566 6600 
1567 6600 
1568 6600 
1569 6600 
1570 6600 
1571 6600 
1572 6600 
1573 6600 
1574 6600 
1575 6600 
1576 6600 
1577 6600 
1578 6600 
1579 6600 
1580 6600 
1581 6600 
1582 6600 
1583 6600 
1584 6600 
1585 6600 
1586 6600 
1587 6600 
1588 6600 
1589 6600 
1590 6600 
1591 6600 
1592 6600 
1593 6600 
1594 6600 
1595 6600 
1596 6600 
1597 6600 
1598 6600 
1599 6600 
1600 6600 
1601 6600 
1602 6600 
1603 6600 
1604 6600 
1605 6600 
1606 6600 
1607 6600 
1608 6600 
1609 6600 
1610 6600 
1611 6600 
1612 6600 
1613 6600 
1614 6600 
1615 6600 
1616 6600 
1617 6600 
1618 6600 
1619 6600 
1620 6600 
1621 6600 
1622 6600 
1623 6600 
1624 6600 
1625 6600 
1626 6600 
1627 6600 
1628 6600 
1629 6600 
1630 6600 
1631 6600 
1632 6600 
1633 6600 
1634 6600 
1635 6600 
1636 6600 
1637 6600 
1638 6600 
1639 6600 
1640 6600 
1641 6600 
1642 6600 
1643 6600 
1644 6600 
1645 6600 
1646 6600 
1647 6600 
1648 6600 
1649 6600 
1650 6600 
1651 6600 
1652 6600 
1653 6600 
1654 6600 
1655 6600 
1656 6600 
1657 6600 
1658 6600 
1659 6600 
1660 6600 
1661 6600 
1662 6600 
1663 6600 
1664 6600 
1665 6600 
1666 6600 
1667 6600 
1668 6600 
1669 6600 
1670 6600 
1671 6600 
1672 6600 
1673 6600 
1674 6600 
1675 6600 
1676 6600 
1677 6600 
1678 6600 
1679 6600 
1680 6600 
1681 6600 
1682 6600 
1683 6600 
1684 6600 
1685 6600 
1686 6600 
1687 6600 
1688 6600 
1689 6600 
1690 6600 
1691 6600 
1692 6600 
1693 6600 
1694 6600 
1695 6600 
1696 6600 
1697 6600 
1698 6600 
1699 6600 
1700 6600 
1701 6600 
1702 6600 
1703 6600 
1704 6600 
1705 6600 
1706 6600 
1707 6600 
1708 6600 
1709 6600 
1710 6600 
1711 6600 
1712 6600 
1713 6600 
1714 6600 
1715 6600 
1716 6600 
1717 6600 
1718 6600 
1719 6600 
1720 6600 
1721 6600 
1722 6600 
1723 6600 
1724 6600 
1725 6600 
1726 6600 
1727 6600 
1728 6600 
1729 6600 
1730 6600 
1731 6600 
1732 6600 
1733 6600 
1734 6600 
1735 6600 
1736 6600 
1737 6600 
1738 6600 
1739 6600 
1740 6600 
1741 6600 
1742 6600 
1743 6600 
1744 6600 
1745 6600 
1746 6600 
1747 6600 
1748 6600 
1749 6600 
1750 6600 
1751 6600 
1752 6600 
1753 6600 
1754 6600 
1755 6600 
1756 6600 
1757 6600 
1758 6600 
1759 6600 
1760 6600 
1761 6600 
1762 6600 
1763 6600 
1764 6600 
1765 6600 
1766 6600 
1767 6600 
1768 6600 
1769 6600 
1770 6600 
1771 6600 
1772 6600 
1773 6600 
1774 6600 
1775 6600 
1776 6600 
1777 6600 
1778 6600 
1779 6600 
1780 6600 
1781 6600 
1782 6600 
1783 6600 
1784 6600 
1785 6600 
1786 6600 
1787 6600 
1788 6600 
1789 6600 
1790 6600 
1791 6600 
1792 6600 
1793 6600 
1794 6600 
1795 6600 
1796 6600 
1797 6600 
1798 6600 
1799 6600 
1800 6600 
1801 6600 
1802 6600 
1803 6600 
1804 6600 
1805 6600 
1806 6600 
1807 6600 
1808 6600 
1809 6600 
1810 6600 
1811 6600 
1812 6600 
1813 6600 
1814 6600 
1815 6600 
1816 6600 
1817 6600 
1818 6600 
1819 6600 
1820 6600 
1821 6600 
1822 6600 
1823 6600 
1824 6600 
1825 6600 
1826 6600 
1827 6600 
1828 6600 
1829 6600 
1830 6600 
1831 6600 
1832 6600 
1833 6600 
1834 6600 
1835 6600 
1836 6600 
1837 6600 
1838 6600 
1839 6600 
1840 6600 
1841 6600 
1842 6600 
1843 6600 
1844 6600 
1845 6600 
1846 6600 
1847 6600 
1848 6600 
1849 6600 
1850 6600 
1851 6600 
1852 6600 
1853 6600 
1854 6600 
1855 6600 
1856 6600 
1857 6600 
1858 6600 
1859 6600 
1860 6600 
1861 6600 
1862 6600 
1863 6600 
1864 6600 
1865 6600 
1866 6600 
1867 6600 
1868 6600 
1869 6600 
1870 6600 
1871 6600 
1872 6600 
1873 6600 
1874 6600 
1875 6600 
1876 6600 
1877 6600 
1878 6600 
1879 6600 
1880 6600 
1881 6600 
1882 6600 
1883 6600 
1884 6600 
1885 6600 
1886 6600 
1887 6600 
1888 6600 
1889 6600 
1890 6600 
1891 6600 
1892 6600 
1893 6600 
1894 6600 
1895 6600 
1896 6600 
1897 6600 
1898 6600 
1899 6600 
1900 6600 
1901 6600 
1902 6600 
1903 6600 
1904 6600 
1905 6600 
1906 6600 
1907 6600 
1908 6600 
1909 6600 
1910 6600 
1911 6600 
1912 6600 
1913 6600 
1914 6600 
1915 6600 
1916 6600 
1917 6600 
1918 6600 
1919 6600 
1920 6600 
1921 6600 
1922 6600 
1923 6600 
1924 6600 
1925 6600 
1926 6600 
1927 6600 
1928 6600 
1929 6600 
1930 6600 
1931 6600 
1932 6600 
1933 6600 
1934 6600 
1935 6600 
1936 6600 
1937 6600 
1938 6600 
1939 6600 
1940 6600 
1941 6600 
1942 6600 
1943 6600 
1944 6600 
1945 6600 
1946 6600 
1947 6600 
1948 6600 
1949 6600 
1950 6600 
1951 6600 
1952 6600 
1953 6600 
1954 6600 
1955 6600 
1956 6600 
1957 6600 
1958 6600 
1959 6600 
1960 6600 
1961 6600 
1962 6600 
1963 6600 
1964 6600 
1965 6600 
1966 6600 
1967 6600 
1968 6600 
1969 6600 
1970 6600 
1971 6600 
1972 6600 
1973 6600 
1974 6600 
1975 6600 
1976 6600 
1977 6600 
1978 6600 
1979 6600 
1980 6600 
1981 6600 
1982 6600 
1983 6600 
1984 6600 
1985 6600 
1986 6600 
1987 6600 
1988 6600 
1989 6600 
1990 6600 
1991 6600 
1992 6600 
1993 6600 
1994 6600 
1995 6600 
1996 6600 
1997 6600 
1998 6600 
1999 6600 
2000 6600 
2001 6600 
2002 6600 
2003 6600 
2004 6600 
2005 6600 
2006 6600 
2007 6600 
2008 6600 
2009 6600 
2010 6600 
2011 6600 
2012 6600 
2013 6600 
2014 6600 
2015 6600 
2016 6600 
2017 6600 
2018 6600 
2019 6600 
2020 6600 
2021 6600 
2022 6600 
2023 6600 
2024 6600 
2025 6600 
2026 6600 
2027 6600 
2028 6600 
2029 6600 
2030 6600 
2031 6600 
2032 6600 
2033 6600 
2034 6600 
2035 6600 
2036 6600 
2037 6600 
2038 6600 
2039 6600 
2040 6600 
2041 6600 
2042 6600 
2043 6600 
2044 6600 
2045 6600 
2046 6600 
2047 6600 
2048 6600 
2049 6600 
2050 6600 
2051 6600 
2052 6600 
2053 6600 
2054 6600 
2055 6600 
2056 6600 
2057 6600 
2058 6600 
2059 6600 
2060 6600 
2061 6600 
2062 6600 
2063 6600 
2064 6600 
2065 6600 
2066 6600 
2067 6600 
2068 6600 
2069 6600 
2070 6600 
2071 6600 
2072 6600 
2073 6600 
2074 6600 
2075 6600 
2076 6600 
2077 6600 
2078 6600 
2079 6600 
2080 6600 
2081 6600 
2082 6600 
2083 6600 
2084 6600 
2085 6600 
2086 6600 
2087 6600 
2088 6600 
2089 6600 
2090 6600 
2091 6600 
2092 6600 
2093 6600 
2094 6600 
2095 6600 
2096 6600 
2097 6600 
2098 6600 
2099 6600 
2100 6600 
2101 6600 
2102 6600 
2103 6600 
2104 6600 
2105 6600 
2106 6600 
2107 6600 
2108 6600 
2109 6600 
2110 6600 
2111 6600 
2112 6600 
2113 6600 
2114 6600 
2115 6600 
2116 6600 
2117 6600 
2118 6600 
2119 6600 
2120 6600 
2121 6600 
2122 6600 
2123 6600 
2124 6600 
2125 6600 
2126 6600 
2127 6600 
2128 6600 
2129 6600 
2130 6600 
2131 6600 
2132 6600 
2133 6600 
2134 6600 
2135 6600 
2136 6600 
2137 6600 
2138 6600 
2139 6600 
2140 6600 
2141 6600 
2142 6600 
2143 6600 
2144 6600 
2145 6600 
2146 6600 
2147 6600 
2148 6600 
2149 6600 
2150 6600 
2151 6600 
2152 6600 
2153 6600 
2154 6600 
2155 6600 
2156 6600 
2157 6600 
2158 6600 
2159 6600 
2160 6600 
2161 6600 
2162 6600 
2163 6600 
2164 6600 
2165 6600 
2166 6600 
2167 6600 
2168 6600 
2169 6600 
2170 6600 
2171 6600 
2172 6600 
2173 6600 
2174 6600 
2175 6600 
2176 6600 
2177 6600 
2178 6600 
2179 6600 
2180 6600 
2181 6600 
2182 6600 
2183 6600 
2184 6600 
2185 6600 
2186 6600 
2187 6600 
2188 6600 
2189 6600 
2190 6600 
2191 6600 
2192 6600 
2193 6600 
2194 6600 
2195 6600 
2196 6600 
2197 6600 
2198 6600 
2199 6600 
2200 6600 
2201 6600 
2202 6600 
2203 6600 
2204 6600 
2205 6600 
2206 6600 
2207 6600 
2208 6600 
2209 6600 
2210 6600 
2211 6600 
2212 6600 
2213 6600 
2214 6600 
2215 6600 
2216 6600 
2217 6600 
2218 6600 
2219 6600 
2220 6600 
2221 6600 
2222 6600 
2223 6600 
2224 6600 
2225 6600 
2226 6600 
2227 6600 
2228 6600 
2229 6600 
2230 6600 
2231 6600 
2232 6600 
2233 6600 
2234 6600 
2235 6600 
2236 6600 
2237 6600 
2238 6600 
2239 6600 
2240 6600 
2241 6600 
2242 6600 
2243 6600 
2244 6600 
2245 6600 
2246 6600 
2247 6600 
2248 6600 
2249 6600 
2250 6600 
2251 6600 
2252 6600 
2253 6600 
2254 6600 
2255 6600 
2256 6600 
2257 6600 
2258 6600 
2259 6600 
2260 6600 
2261 6600 
2262 6600 
2263 6600 
2264 6600 
2265 6600 
2266 6600 
2267 6600 
2268 6600 
2269 6600 
2270 6600 
2271 6600 
2272 6600 
2273 6600 
2274 6600 
2275 6600 
2276 6600 
2277 6600 
2278 6600 
2279 6600 
2280 6600 
2281 6600 
2282 6600 
2283 6600 
2284 6600 
2285 6600 
2286 6600 
2287 6600 
2288 6600 
2289 6600 
2290 6600 
2291 6600 
2292 6600 
2293 6600 
2294 6600 
2295 6600 
2296 6600 
2297 6600 
2298 6600 
2299 6600 
2300 6600 
2301 6600 
2302 6600 
2303 6600 
2304 6600 
2305 6600 
2306 6600 
2307 6600 
2308 6600 
2309 6600 
2310 6600 
2311 6600 
2312 6600 
2313 6600 
2314 6600 
2315 6600 
2316 6600 
2317 6600 
2318 6600 
2319 6600 
2320 6600 
2321 6600 
2322 6600 
2323 6600 
2324 6600 
2325 6600 
2326 6600 
2327 6600 
2328 6600 
2329 6600 
2330 6600 
2331 6600 
2332 6600 
2333 6600 
2334 6600 
2335 6600 
2336 6600 
2337 6600 
2338 6600 

