0 10524 
1 10430 
2 10228 
3 10224 
4 10202 
5 10084 
6 10064 
7 10010 
8 9982 
9 9972 
10 9740 
11 9684 
12 9556 
13 9396 
14 9168 
15 8930 
16 8790 
17 8782 
18 8660 
19 8632 
20 8610 
21 8582 
22 8356 
23 8326 
24 8082 
25 8072 
26 7922 
27 7910 
28 7726 
29 7716 
30 7700 
31 7574 
32 7492 
33 7388 
34 7278 
35 7168 
36 7084 
37 7026 
38 7018 
39 7000 
40 6892 
41 6880 
42 6654 
43 6630 
44 6534 
45 6496 
46 6460 
47 6330 
48 6300 
49 6220 
50 6184 
51 5890 
52 5854 
53 5650 
54 5614 
55 5512 
56 5408 
57 5196 
58 5116 
59 5058 
60 4650 
61 4628 
62 4552 
63 4494 
64 4426 
65 4334 
66 4202 
67 4118 
68 4106 
69 4076 
70 4034 
71 3724 
72 3704 
73 3580 
74 3522 
75 3456 
76 3440 
77 3280 
78 3134 
79 2894 
80 2894 

