0 9346 
1 9310 
2 9078 
3 9066 
4 9060 
5 8858 
6 8750 
7 8678 
8 8640 
9 8604 
10 8482 
11 8458 
12 8352 
13 8284 
14 8180 
15 8110 
16 8086 
17 7914 
18 7824 
19 7720 
20 7492 
21 7412 
22 7386 
23 7240 
24 7016 
25 6992 
26 6960 
27 6952 
28 6920 
29 6912 
30 6896 
31 6804 
32 6792 
33 6754 
34 6676 
35 6560 
36 6524 
37 6496 
38 6418 
39 6404 
40 6380 
41 6334 
42 6166 
43 6158 
44 6022 
45 5926 
46 5910 
47 5830 
48 5726 
49 5704 
50 5704 
51 5672 
52 5628 
53 5448 
54 5420 
55 5386 
56 5206 
57 5196 
58 5178 
59 5142 
60 5104 
61 5090 
62 4990 
63 4958 
64 4658 
65 4620 
66 4620 
67 4552 
68 4550 
69 4538 
70 4322 
71 4186 
72 4112 
73 4084 
74 4042 
75 4004 
76 3632 
77 3614 
78 3578 
79 3570 
80 3570 
81 3570 
82 3466 
83 3250 
84 3174 
85 3014 
86 2966 
87 2922 
88 2910 
89 2870 
90 2850 
91 2838 
92 2838 

