0 11498 
1 11178 
2 11152 
3 11050 
4 11044 
5 10942 
6 10786 
7 10774 
8 10708 
9 10576 
10 10538 
11 10490 
12 10368 
13 10346 
14 10296 
15 10174 
16 10118 
17 9894 
18 9724 
19 9610 
20 9514 
21 9424 
22 9406 
23 9394 
24 9280 
25 9206 
26 9128 
27 9046 
28 9010 
29 8952 
30 8898 
31 8878 
32 8830 
33 8744 
34 8716 
35 8494 
36 8414 
37 8368 
38 8348 
39 8342 
40 8342 
41 8280 
42 8100 
43 8064 
44 7996 
45 7882 
46 7870 
47 7790 
48 7756 
49 7736 
50 7640 
51 7576 
52 7568 
53 7486 
54 7382 
55 7258 
56 7206 
57 7112 
58 7106 
59 7040 
60 7020 
61 6970 
62 6964 
63 6956 
64 6934 
65 6886 
66 6818 
67 6792 
68 6772 
69 6672 
70 6672 

