0 14220 
1 14162 
2 13996 
3 13886 
4 13824 
5 13456 
6 13436 
7 13422 
8 13370 
9 13166 
10 12932 
11 12888 
12 12734 
13 12732 
14 12592 
15 12480 
16 12448 
17 12314 
18 12084 
19 12044 
20 11910 
21 11824 
22 11654 
23 11410 
24 11340 
25 11242 
26 11164 
27 11130 
28 11104 
29 10996 
30 10892 
31 10646 
32 10610 
33 10542 
34 10498 
35 10288 
36 10220 
37 10142 
38 10108 
39 10096 
40 9934 
41 9920 
42 9848 
43 9712 
44 9572 
45 9562 
46 9514 
47 9430 
48 9422 
49 9348 
50 9200 
51 9160 
52 9128 
53 9118 
54 9078 
55 8918 
56 8916 
57 8892 
58 8862 
59 8764 
60 8708 
61 8650 
62 8634 
63 8600 
64 8592 
65 8468 
66 8428 
67 8384 
68 8310 
69 8142 
70 8054 
71 7998 
72 7954 
73 7846 
74 7758 
75 7708 
76 7650 
77 7604 
78 7566 
79 7462 
80 7458 
81 7414 
82 7388 
83 7358 
84 7334 
85 7300 
86 7252 
87 7214 
88 7196 
89 7152 
90 7030 
91 7024 
92 7024 

