0 10156 
1 10124 
2 10090 
3 9926 
4 9894 
5 9880 
6 9724 
7 9664 
8 9448 
9 9440 
10 9386 
11 9362 
12 9172 
13 8952 
14 8944 
15 8944 
16 8874 
17 8796 
18 8788 
19 8758 
20 8644 
21 8526 
22 8472 
23 8468 
24 8294 
25 8100 
26 8024 
27 7976 
28 7868 
29 7744 
30 7684 
31 7624 
32 7592 
33 7404 
34 7300 
35 7234 
36 7030 
37 6970 
38 6918 
39 6878 
40 6840 
41 6814 
42 6580 
43 6336 
44 6224 
45 6096 
46 6092 
47 6084 
48 6076 
49 6012 
50 5982 
51 5890 
52 5848 
53 5828 
54 5802 
55 5626 
56 5490 
57 5418 
58 5348 
59 5220 
60 5002 
61 4866 
62 4656 
63 4432 
64 4414 
65 4414 
66 4234 
67 4230 
68 4210 
69 4020 
70 3996 
71 3944 
72 3944 
73 3944 
74 3944 
75 3776 
76 3692 
77 3662 
78 3476 
79 3438 
80 3406 
81 3330 
82 3150 
83 3112 
84 3088 
85 2898 
86 2838 
87 2838 
88 2804 
89 2804 

