0 112456 
1 111546 
2 111480 
3 109704 
4 109666 
5 108982 
6 105562 
7 104922 
8 104630 
9 104354 
10 104046 
11 103714 
12 103710 
13 103678 
14 103318 
15 103270 
16 102654 
17 102094 
18 101838 
19 101224 
20 100994 
21 100026 
22 99976 
23 99788 
24 99524 
25 99492 
26 99490 
27 97560 
28 97480 
29 97182 
30 96522 
31 96432 
32 94334 
33 94260 
34 94240 
35 94228 
36 94030 
37 93748 
38 90040 
39 89356 
40 89020 
41 87134 
42 87002 
43 86902 
44 86814 
45 86400 
46 86094 
47 85754 
48 81914 
49 79946 
50 79854 
51 79744 
52 71758 
53 71344 
54 71050 
55 70376 
56 70316 
57 68716 
58 68690 
59 68654 
60 67080 
61 66670 
62 64390 
63 64184 
64 60298 
65 59968 
66 59932 
67 59534 
68 58942 
69 58760 
70 56930 
71 55992 
72 55650 
73 55242 
74 54978 
75 54974 
76 54938 
77 53464 
78 53044 
79 52778 
80 52474 
81 52358 
82 52266 
83 52164 
84 50998 
85 50778 
86 50762 
87 50758 
88 46210 
89 45754 
90 45486 
91 45182 
92 45118 
93 44014 
94 42608 
95 39770 
96 39494 
97 39422 
98 38440 
99 38368 
100 38280 
101 35456 
102 35324 
103 35190 
104 35098 
105 34534 
106 33580 
107 33256 
108 33236 
109 32840 
110 32628 
111 31880 
112 31860 
113 31220 
114 30634 
115 30558 
116 29604 
117 29598 
118 29364 
119 29344 
120 29056 
121 29048 
122 28910 
123 28734 
124 28718 
125 28082 
126 25378 
127 23114 
128 23026 
129 22956 
130 22286 
131 22286 

