0 9944 
1 9760 
2 9724 
3 9570 
4 9350 
5 9306 
6 9278 
7 9228 
8 9190 
9 9136 
10 9100 
11 8960 
12 8732 
13 8688 
14 8420 
15 8356 
16 8310 
17 8230 
18 8114 
19 7964 
20 7852 
21 7646 
22 7534 
23 7426 
24 7322 
25 7238 
26 7214 
27 7214 
28 7002 
29 6994 
30 6864 
31 6846 
32 6808 
33 6750 
34 6730 
35 6674 
36 6662 
37 6658 
38 6564 
39 6554 
40 6518 
41 6482 
42 6464 
43 6428 
44 6360 
45 6272 
46 6260 
47 5992 
48 5914 
49 5878 
50 5602 
51 5536 
52 5510 
53 5346 
54 5304 
55 5290 
56 5002 
57 4926 
58 4908 
59 4808 
60 4736 
61 4736 
62 4716 
63 4716 
64 4716 
65 4648 
66 4644 
67 4498 
68 4456 
69 4452 
70 4390 
71 4384 
72 4336 
73 4328 
74 4256 
75 4072 
76 4048 
77 4042 
78 3642 
79 3642 
80 3636 
81 3544 
82 3542 
83 3542 
84 3542 
85 3446 
86 3238 
87 3088 
88 3024 
89 3024 
90 2976 
91 2976 
92 2956 
93 2932 
94 2922 
95 2922 
96 2922 
97 2922 
98 2922 
99 2922 
100 2922 
101 2922 
102 2922 
103 2922 
104 2922 
105 2922 
106 2922 
107 2922 
108 2922 
109 2922 
110 2922 
111 2922 
112 2922 
113 2922 
114 2922 
115 2922 
116 2922 
117 2922 
118 2922 
119 2922 
120 2922 
121 2922 
122 2922 
123 2922 
124 2922 
125 2922 
126 2922 
127 2922 
128 2922 
129 2922 
130 2922 
131 2922 
132 2922 
133 2922 
134 2922 
135 2922 
136 2922 
137 2922 
138 2922 
139 2922 
140 2922 
141 2922 
142 2922 
143 2922 
144 2922 
145 2922 
146 2922 
147 2922 
148 2922 
149 2922 
150 2922 
151 2922 
152 2922 
153 2922 
154 2922 
155 2922 
156 2922 
157 2922 
158 2922 
159 2922 
160 2922 
161 2922 
162 2922 
163 2922 
164 2922 
165 2922 
166 2922 
167 2922 
168 2922 
169 2922 
170 2922 
171 2922 
172 2922 
173 2922 
174 2922 
175 2922 
176 2922 
177 2922 
178 2922 
179 2922 
180 2922 
181 2922 
182 2922 
183 2922 
184 2922 
185 2922 
186 2922 
187 2922 
188 2922 
189 2922 
190 2922 
191 2922 
192 2922 
193 2922 
194 2922 
195 2922 
196 2922 
197 2922 
198 2922 
199 2922 
200 2922 
201 2922 
202 2922 
203 2922 
204 2922 
205 2922 
206 2922 
207 2922 
208 2922 
209 2922 
210 2922 
211 2922 
212 2922 
213 2922 
214 2922 
215 2922 
216 2922 
217 2922 
218 2922 
219 2922 
220 2922 
221 2922 
222 2922 
223 2922 
224 2922 
225 2922 
226 2922 
227 2922 
228 2922 
229 2922 
230 2922 
231 2922 
232 2922 
233 2922 
234 2922 
235 2922 
236 2922 
237 2922 
238 2922 
239 2922 
240 2922 
241 2922 
242 2922 
243 2922 
244 2922 
245 2922 
246 2922 
247 2922 
248 2922 
249 2922 
250 2922 
251 2922 
252 2922 
253 2922 
254 2922 
255 2922 
256 2922 
257 2922 
258 2922 
259 2922 
260 2922 
261 2922 
262 2922 
263 2922 
264 2922 
265 2922 
266 2922 
267 2922 
268 2922 
269 2922 
270 2922 
271 2922 
272 2922 
273 2922 
274 2922 
275 2922 
276 2922 
277 2922 
278 2922 
279 2922 
280 2922 
281 2922 
282 2922 
283 2922 
284 2922 
285 2922 
286 2922 
287 2922 
288 2922 
289 2922 
290 2922 
291 2922 
292 2922 
293 2922 
294 2922 
295 2922 
296 2922 
297 2922 
298 2922 
299 2922 
300 2922 
301 2922 
302 2922 
303 2922 
304 2922 
305 2922 
306 2922 
307 2922 
308 2922 
309 2922 
310 2922 
311 2922 
312 2922 
313 2922 
314 2922 
315 2922 
316 2922 
317 2922 
318 2922 
319 2922 
320 2922 
321 2922 
322 2922 
323 2922 
324 2922 
325 2922 
326 2922 
327 2922 
328 2922 
329 2922 
330 2922 
331 2922 
332 2922 
333 2922 
334 2922 
335 2922 
336 2922 
337 2922 
338 2922 
339 2922 
340 2922 
341 2922 
342 2922 
343 2922 
344 2922 
345 2922 
346 2922 
347 2922 
348 2922 
349 2922 
350 2922 
351 2922 
352 2922 
353 2922 
354 2922 
355 2922 
356 2922 
357 2922 
358 2922 
359 2922 
360 2922 
361 2922 
362 2922 
363 2922 
364 2922 
365 2922 
366 2922 
367 2922 
368 2922 
369 2922 
370 2922 
371 2922 
372 2922 
373 2922 
374 2922 
375 2922 
376 2922 
377 2922 
378 2922 
379 2922 
380 2922 
381 2922 
382 2922 
383 2922 
384 2922 
385 2922 
386 2922 
387 2922 
388 2922 
389 2922 
390 2922 
391 2922 
392 2922 
393 2922 
394 2922 
395 2922 
396 2922 
397 2922 
398 2922 
399 2922 
400 2922 
401 2922 
402 2922 
403 2922 
404 2922 
405 2922 
406 2922 
407 2922 
408 2922 
409 2922 
410 2922 
411 2922 
412 2922 
413 2922 
414 2922 
415 2922 
416 2922 
417 2922 
418 2922 
419 2922 
420 2922 
421 2922 
422 2922 
423 2922 
424 2922 
425 2922 
426 2922 
427 2922 
428 2922 
429 2922 
430 2922 
431 2922 
432 2922 
433 2922 
434 2922 
435 2922 
436 2922 
437 2922 
438 2922 
439 2922 
440 2922 
441 2922 
442 2922 
443 2922 
444 2922 
445 2922 
446 2922 
447 2922 
448 2922 
449 2922 
450 2922 
451 2922 
452 2922 
453 2922 
454 2922 
455 2922 
456 2922 
457 2922 
458 2922 
459 2922 
460 2922 
461 2922 
462 2922 
463 2922 
464 2922 
465 2922 
466 2922 
467 2922 
468 2922 
469 2922 
470 2922 
471 2922 
472 2922 
473 2922 
474 2922 
475 2922 
476 2922 
477 2922 
478 2922 
479 2922 
480 2922 
481 2922 
482 2922 
483 2922 
484 2922 
485 2922 
486 2922 
487 2922 
488 2922 
489 2922 
490 2922 
491 2922 
492 2922 
493 2922 
494 2922 
495 2922 
496 2922 
497 2922 
498 2922 
499 2922 
500 2922 
501 2922 
502 2922 
503 2922 
504 2922 
505 2922 
506 2922 
507 2922 
508 2922 
509 2922 
510 2922 
511 2922 
512 2922 
513 2922 
514 2922 
515 2922 
516 2922 
517 2922 
518 2922 
519 2922 
520 2922 
521 2922 
522 2922 
523 2922 
524 2922 
525 2922 
526 2922 
527 2922 
528 2922 
529 2922 
530 2922 
531 2922 
532 2922 
533 2922 
534 2922 
535 2922 
536 2922 
537 2922 
538 2922 
539 2922 
540 2922 
541 2922 
542 2922 
543 2922 
544 2922 
545 2922 
546 2922 
547 2922 
548 2922 
549 2922 
550 2922 
551 2922 
552 2922 
553 2922 
554 2922 
555 2922 
556 2922 
557 2922 
558 2922 
559 2922 
560 2922 
561 2922 
562 2922 
563 2922 
564 2922 
565 2922 
566 2922 
567 2922 
568 2922 
569 2922 
570 2922 
571 2922 
572 2922 
573 2922 
574 2922 
575 2922 
576 2922 
577 2922 
578 2922 
579 2922 
580 2922 
581 2922 
582 2922 
583 2922 
584 2922 
585 2922 
586 2922 
587 2922 
588 2922 
589 2922 
590 2922 
591 2922 
592 2922 
593 2922 
594 2922 
595 2922 
596 2922 
597 2922 
598 2922 
599 2922 
600 2922 
601 2922 
602 2922 
603 2922 
604 2922 
605 2922 
606 2922 
607 2922 
608 2922 
609 2922 
610 2922 
611 2922 
612 2922 
613 2922 
614 2922 
615 2922 
616 2922 
617 2922 
618 2922 
619 2922 
620 2922 
621 2922 
622 2922 
623 2922 
624 2922 
625 2922 
626 2922 
627 2922 
628 2922 
629 2922 
630 2922 
631 2922 
632 2922 
633 2922 
634 2922 
635 2922 
636 2922 
637 2922 
638 2922 
639 2922 
640 2922 
641 2922 
642 2922 
643 2922 
644 2922 
645 2922 
646 2922 
647 2922 
648 2922 
649 2922 
650 2922 
651 2922 
652 2922 
653 2922 
654 2922 
655 2922 
656 2922 
657 2922 
658 2922 
659 2922 
660 2922 
661 2922 
662 2922 
663 2922 
664 2922 
665 2922 
666 2922 
667 2922 
668 2922 
669 2922 
670 2922 
671 2922 
672 2922 
673 2922 
674 2922 
675 2922 
676 2922 
677 2922 
678 2922 
679 2922 
680 2922 
681 2922 
682 2922 
683 2922 
684 2922 
685 2922 
686 2922 
687 2922 
688 2922 
689 2922 
690 2922 
691 2922 
692 2922 
693 2922 
694 2922 
695 2922 
696 2922 
697 2922 
698 2922 
699 2922 
700 2922 
701 2922 
702 2922 
703 2922 
704 2922 
705 2922 
706 2922 
707 2922 
708 2922 
709 2922 
710 2922 
711 2922 
712 2922 
713 2922 
714 2922 
715 2922 
716 2922 
717 2922 
718 2922 
719 2922 
720 2922 
721 2922 
722 2922 
723 2922 
724 2922 
725 2922 
726 2922 
727 2922 
728 2922 
729 2922 
730 2922 
731 2922 
732 2922 
733 2922 
734 2922 
735 2922 
736 2922 
737 2922 
738 2922 
739 2922 
740 2922 
741 2922 
742 2922 
743 2922 
744 2922 
745 2922 
746 2922 
747 2922 
748 2922 
749 2922 
750 2922 
751 2922 
752 2922 
753 2922 
754 2922 
755 2922 
756 2922 
757 2922 
758 2922 
759 2922 
760 2922 
761 2922 
762 2922 
763 2922 
764 2922 
765 2922 
766 2922 
767 2922 
768 2922 
769 2922 
770 2922 
771 2922 
772 2922 
773 2922 
774 2922 
775 2922 
776 2922 
777 2922 
778 2922 
779 2922 
780 2922 
781 2922 
782 2922 
783 2922 
784 2922 
785 2922 
786 2922 
787 2922 
788 2922 
789 2922 
790 2922 
791 2922 
792 2922 
793 2922 
794 2922 
795 2922 
796 2922 
797 2922 
798 2922 
799 2922 
800 2922 
801 2922 
802 2922 
803 2922 
804 2922 
805 2922 
806 2922 
807 2922 
808 2922 
809 2922 
810 2922 
811 2922 
812 2922 
813 2922 
814 2922 
815 2922 
816 2922 
817 2922 
818 2922 
819 2922 
820 2922 
821 2922 
822 2922 
823 2922 
824 2922 
825 2922 
826 2922 
827 2922 
828 2922 
829 2922 
830 2922 
831 2922 
832 2922 
833 2922 
834 2922 
835 2922 
836 2922 
837 2922 
838 2922 
839 2922 
840 2922 
841 2922 
842 2922 
843 2922 
844 2922 
845 2922 
846 2922 
847 2922 
848 2922 
849 2922 
850 2922 
851 2922 
852 2922 
853 2922 
854 2922 
855 2922 
856 2922 
857 2922 
858 2922 
859 2922 
860 2922 
861 2922 
862 2922 
863 2922 
864 2922 
865 2922 
866 2922 
867 2922 
868 2922 
869 2922 
870 2922 
871 2922 
872 2922 
873 2922 
874 2922 
875 2922 
876 2922 
877 2922 
878 2922 
879 2922 
880 2922 
881 2922 
882 2922 
883 2922 
884 2922 
885 2922 
886 2922 
887 2922 
888 2922 
889 2922 
890 2922 
891 2922 
892 2922 
893 2922 
894 2922 
895 2922 
896 2922 
897 2922 
898 2922 
899 2922 
900 2922 
901 2922 
902 2922 
903 2922 
904 2922 
905 2922 
906 2922 
907 2922 
908 2922 
909 2922 
910 2922 
911 2922 
912 2922 
913 2922 
914 2922 
915 2922 
916 2922 
917 2922 
918 2922 
919 2922 
920 2922 
921 2922 
922 2922 
923 2922 
924 2922 
925 2922 
926 2922 
927 2922 
928 2922 
929 2922 
930 2922 
931 2922 
932 2922 
933 2922 
934 2922 
935 2922 
936 2922 
937 2922 
938 2922 
939 2922 
940 2922 
941 2922 
942 2922 
943 2922 
944 2922 
945 2922 
946 2922 
947 2922 
948 2922 
949 2922 
950 2922 
951 2922 
952 2922 
953 2922 
954 2922 
955 2922 
956 2922 
957 2922 
958 2922 
959 2922 
960 2922 
961 2922 
962 2922 
963 2922 
964 2922 
965 2922 
966 2922 
967 2922 
968 2922 
969 2922 
970 2922 
971 2922 
972 2922 
973 2922 
974 2922 
975 2922 
976 2922 
977 2922 
978 2922 
979 2922 
980 2922 
981 2922 
982 2922 
983 2922 
984 2922 
985 2922 
986 2922 
987 2922 
988 2922 
989 2922 
990 2922 
991 2922 
992 2922 
993 2922 
994 2922 
995 2922 
996 2922 
997 2922 
998 2922 
999 2922 
1000 2922 
1001 2922 
1002 2922 
1003 2922 
1004 2922 
1005 2922 
1006 2922 
1007 2922 
1008 2922 
1009 2922 
1010 2922 
1011 2922 
1012 2922 
1013 2922 
1014 2922 
1015 2922 
1016 2922 
1017 2922 
1018 2922 
1019 2922 
1020 2922 
1021 2922 
1022 2922 
1023 2922 
1024 2922 
1025 2922 
1026 2922 
1027 2922 
1028 2922 
1029 2922 
1030 2922 
1031 2922 
1032 2922 
1033 2922 
1034 2922 
1035 2922 
1036 2922 
1037 2922 
1038 2922 
1039 2922 
1040 2922 
1041 2922 
1042 2922 
1043 2922 
1044 2922 
1045 2922 
1046 2922 
1047 2922 
1048 2922 
1049 2922 
1050 2922 
1051 2922 
1052 2922 
1053 2922 
1054 2922 
1055 2922 
1056 2922 
1057 2922 
1058 2922 
1059 2922 
1060 2922 
1061 2922 
1062 2922 
1063 2922 
1064 2922 
1065 2922 
1066 2922 
1067 2922 
1068 2922 
1069 2922 
1070 2922 
1071 2922 
1072 2922 
1073 2922 
1074 2922 
1075 2922 
1076 2922 
1077 2922 
1078 2922 
1079 2922 
1080 2922 
1081 2922 
1082 2922 
1083 2922 
1084 2922 
1085 2922 
1086 2922 
1087 2922 
1088 2922 
1089 2922 
1090 2922 
1091 2922 
1092 2922 
1093 2922 
1094 2922 
1095 2922 
1096 2922 
1097 2922 
1098 2922 
1099 2922 
1100 2922 
1101 2922 
1102 2922 
1103 2922 
1104 2922 
1105 2922 
1106 2922 
1107 2922 
1108 2922 
1109 2922 
1110 2922 
1111 2922 
1112 2922 
1113 2922 
1114 2922 
1115 2922 
1116 2922 
1117 2922 
1118 2922 
1119 2922 
1120 2922 
1121 2922 
1122 2922 
1123 2922 
1124 2922 
1125 2922 
1126 2922 
1127 2922 
1128 2922 
1129 2922 
1130 2922 
1131 2922 
1132 2922 
1133 2922 
1134 2922 
1135 2922 
1136 2922 
1137 2922 
1138 2922 
1139 2922 
1140 2922 
1141 2922 
1142 2922 
1143 2922 
1144 2922 
1145 2922 
1146 2922 
1147 2922 
1148 2922 
1149 2922 
1150 2922 
1151 2922 
1152 2922 
1153 2922 
1154 2922 
1155 2922 
1156 2922 
1157 2922 
1158 2922 
1159 2922 
1160 2922 
1161 2922 
1162 2922 
1163 2922 
1164 2922 
1165 2922 
1166 2922 
1167 2922 
1168 2922 
1169 2922 
1170 2922 
1171 2922 
1172 2922 
1173 2922 
1174 2922 
1175 2922 
1176 2922 
1177 2922 
1178 2922 
1179 2922 
1180 2922 
1181 2922 
1182 2922 
1183 2922 
1184 2922 
1185 2922 
1186 2922 
1187 2922 
1188 2922 
1189 2922 
1190 2922 
1191 2922 
1192 2922 
1193 2922 
1194 2922 
1195 2922 
1196 2922 
1197 2922 
1198 2922 
1199 2922 
1200 2922 
1201 2922 
1202 2922 
1203 2922 
1204 2922 
1205 2922 
1206 2922 
1207 2922 
1208 2922 
1209 2922 
1210 2922 
1211 2922 
1212 2922 
1213 2922 
1214 2922 
1215 2922 
1216 2922 
1217 2922 
1218 2922 
1219 2922 
1220 2922 
1221 2922 
1222 2922 
1223 2922 
1224 2922 
1225 2922 
1226 2922 
1227 2922 
1228 2922 
1229 2922 
1230 2922 
1231 2922 
1232 2922 
1233 2922 
1234 2922 
1235 2922 
1236 2922 
1237 2922 
1238 2922 
1239 2922 
1240 2922 
1241 2922 
1242 2922 
1243 2922 
1244 2922 
1245 2922 
1246 2922 
1247 2922 
1248 2922 
1249 2922 
1250 2922 
1251 2922 
1252 2922 
1253 2922 
1254 2922 
1255 2922 
1256 2922 
1257 2922 
1258 2922 
1259 2922 
1260 2922 
1261 2922 
1262 2922 
1263 2922 
1264 2922 
1265 2922 
1266 2922 
1267 2922 
1268 2922 
1269 2922 
1270 2922 
1271 2922 
1272 2922 
1273 2922 
1274 2922 
1275 2922 
1276 2922 
1277 2922 
1278 2922 
1279 2922 
1280 2922 
1281 2922 
1282 2922 
1283 2922 
1284 2922 
1285 2922 
1286 2922 
1287 2922 
1288 2922 
1289 2922 
1290 2922 
1291 2922 
1292 2922 
1293 2922 
1294 2922 
1295 2922 
1296 2922 
1297 2922 
1298 2922 
1299 2922 
1300 2922 
1301 2922 
1302 2922 
1303 2922 
1304 2922 
1305 2922 
1306 2922 
1307 2922 
1308 2922 
1309 2922 
1310 2922 
1311 2922 
1312 2922 
1313 2922 
1314 2922 
1315 2922 
1316 2922 
1317 2922 
1318 2922 
1319 2922 
1320 2922 
1321 2922 
1322 2922 
1323 2922 
1324 2922 
1325 2922 
1326 2922 
1327 2922 
1328 2922 
1329 2922 
1330 2922 
1331 2922 
1332 2922 
1333 2922 
1334 2922 
1335 2922 
1336 2922 
1337 2922 
1338 2922 
1339 2922 
1340 2922 
1341 2922 
1342 2922 
1343 2922 
1344 2922 
1345 2922 
1346 2922 
1347 2922 
1348 2922 
1349 2922 
1350 2922 
1351 2922 
1352 2922 
1353 2922 
1354 2922 
1355 2922 
1356 2922 
1357 2922 
1358 2922 
1359 2922 
1360 2922 
1361 2922 
1362 2922 
1363 2922 
1364 2922 
1365 2922 
1366 2922 
1367 2922 
1368 2922 
1369 2922 
1370 2922 
1371 2922 
1372 2922 
1373 2922 
1374 2922 
1375 2922 
1376 2922 
1377 2922 
1378 2922 
1379 2922 
1380 2922 
1381 2922 
1382 2922 
1383 2922 
1384 2922 
1385 2922 
1386 2922 
1387 2922 
1388 2922 
1389 2922 
1390 2922 
1391 2922 
1392 2922 
1393 2922 
1394 2922 
1395 2922 
1396 2922 
1397 2922 
1398 2922 
1399 2922 
1400 2922 
1401 2922 
1402 2922 
1403 2922 
1404 2922 
1405 2922 
1406 2922 
1407 2922 
1408 2922 
1409 2922 
1410 2922 
1411 2922 
1412 2922 
1413 2922 
1414 2922 
1415 2922 
1416 2922 
1417 2922 
1418 2922 
1419 2922 
1420 2922 
1421 2922 
1422 2922 
1423 2922 
1424 2922 
1425 2922 
1426 2922 
1427 2922 
1428 2922 
1429 2922 
1430 2922 
1431 2922 
1432 2922 
1433 2922 
1434 2922 
1435 2922 
1436 2922 
1437 2922 
1438 2922 
1439 2922 
1440 2922 
1441 2922 
1442 2922 
1443 2922 
1444 2922 
1445 2922 
1446 2922 
1447 2922 
1448 2922 
1449 2922 
1450 2922 
1451 2922 
1452 2922 
1453 2922 
1454 2922 
1455 2922 
1456 2922 
1457 2922 
1458 2922 
1459 2922 
1460 2922 
1461 2922 
1462 2922 
1463 2922 
1464 2922 
1465 2922 
1466 2922 
1467 2922 
1468 2922 
1469 2922 
1470 2922 
1471 2922 
1472 2922 
1473 2922 
1474 2922 
1475 2922 
1476 2922 
1477 2922 
1478 2922 
1479 2922 
1480 2922 
1481 2922 
1482 2922 
1483 2922 
1484 2922 
1485 2922 
1486 2922 
1487 2922 
1488 2922 
1489 2922 
1490 2922 
1491 2922 
1492 2922 
1493 2922 
1494 2922 
1495 2922 
1496 2922 
1497 2922 
1498 2922 
1499 2922 
1500 2922 
1501 2922 
1502 2922 
1503 2922 
1504 2922 
1505 2922 
1506 2922 
1507 2922 
1508 2922 
1509 2922 
1510 2922 
1511 2922 
1512 2922 
1513 2922 
1514 2922 
1515 2922 
1516 2922 
1517 2922 
1518 2922 
1519 2922 
1520 2922 
1521 2922 
1522 2922 
1523 2922 
1524 2922 
1525 2922 
1526 2922 
1527 2922 
1528 2922 
1529 2922 
1530 2922 
1531 2922 
1532 2922 
1533 2922 
1534 2922 
1535 2922 
1536 2922 
1537 2922 
1538 2922 
1539 2922 
1540 2922 
1541 2922 
1542 2922 
1543 2922 
1544 2922 
1545 2922 
1546 2922 
1547 2922 
1548 2922 
1549 2922 
1550 2922 
1551 2922 
1552 2922 
1553 2922 
1554 2922 
1555 2922 
1556 2922 
1557 2922 
1558 2922 
1559 2922 
1560 2922 
1561 2922 
1562 2922 
1563 2922 
1564 2922 
1565 2922 
1566 2922 
1567 2922 
1568 2922 
1569 2922 
1570 2922 
1571 2922 
1572 2922 
1573 2922 
1574 2922 
1575 2922 
1576 2922 
1577 2922 
1578 2922 
1579 2922 
1580 2922 
1581 2922 
1582 2922 
1583 2922 
1584 2922 
1585 2922 
1586 2922 
1587 2922 
1588 2922 
1589 2922 
1590 2922 
1591 2922 
1592 2922 
1593 2922 
1594 2922 
1595 2922 
1596 2922 
1597 2922 
1598 2922 
1599 2922 
1600 2922 
1601 2922 
1602 2922 
1603 2922 
1604 2922 
1605 2922 
1606 2922 
1607 2922 
1608 2922 
1609 2922 
1610 2922 
1611 2922 
1612 2922 
1613 2922 
1614 2922 
1615 2922 
1616 2922 
1617 2922 
1618 2922 
1619 2922 
1620 2922 
1621 2922 
1622 2922 
1623 2922 
1624 2922 
1625 2922 
1626 2922 
1627 2922 
1628 2922 
1629 2922 
1630 2922 
1631 2922 
1632 2922 
1633 2922 
1634 2922 
1635 2922 
1636 2922 
1637 2922 
1638 2922 
1639 2922 
1640 2922 
1641 2922 
1642 2922 
1643 2922 
1644 2922 
1645 2922 
1646 2922 
1647 2922 
1648 2922 
1649 2922 
1650 2922 
1651 2922 
1652 2922 
1653 2922 
1654 2922 
1655 2922 
1656 2922 
1657 2922 
1658 2922 
1659 2922 
1660 2922 
1661 2922 
1662 2922 
1663 2922 
1664 2922 
1665 2922 
1666 2922 
1667 2922 
1668 2922 
1669 2922 
1670 2922 
1671 2922 
1672 2922 
1673 2922 
1674 2922 
1675 2922 
1676 2922 
1677 2922 
1678 2922 
1679 2922 
1680 2922 
1681 2922 
1682 2922 
1683 2922 
1684 2922 
1685 2922 
1686 2922 
1687 2922 
1688 2922 
1689 2922 
1690 2922 
1691 2922 
1692 2922 
1693 2922 
1694 2922 
1695 2922 
1696 2922 
1697 2922 
1698 2922 
1699 2922 
1700 2922 
1701 2922 
1702 2922 
1703 2922 
1704 2922 
1705 2922 
1706 2922 
1707 2922 
1708 2922 
1709 2922 
1710 2922 
1711 2922 
1712 2922 
1713 2922 
1714 2922 
1715 2922 
1716 2922 
1717 2922 
1718 2922 
1719 2922 
1720 2922 
1721 2922 
1722 2922 
1723 2922 
1724 2922 
1725 2922 
1726 2922 
1727 2922 
1728 2922 
1729 2922 
1730 2922 
1731 2922 
1732 2922 
1733 2922 
1734 2922 
1735 2922 
1736 2922 
1737 2922 
1738 2922 
1739 2922 
1740 2922 
1741 2922 
1742 2922 
1743 2922 
1744 2922 
1745 2922 
1746 2922 
1747 2922 
1748 2922 
1749 2922 
1750 2922 
1751 2922 
1752 2922 
1753 2922 
1754 2922 
1755 2922 
1756 2922 
1757 2922 
1758 2922 
1759 2922 
1760 2922 
1761 2922 
1762 2922 
1763 2922 
1764 2922 
1765 2922 
1766 2922 
1767 2922 
1768 2922 
1769 2922 
1770 2922 
1771 2922 
1772 2922 
1773 2922 
1774 2922 
1775 2922 
1776 2922 
1777 2922 
1778 2922 
1779 2922 
1780 2922 
1781 2922 
1782 2922 
1783 2922 
1784 2922 
1785 2922 
1786 2922 
1787 2922 
1788 2922 
1789 2922 
1790 2922 
1791 2922 
1792 2922 
1793 2922 
1794 2922 
1795 2922 
1796 2922 
1797 2922 
1798 2922 
1799 2922 
1800 2922 
1801 2922 
1802 2922 
1803 2922 
1804 2922 
1805 2922 
1806 2922 
1807 2922 
1808 2922 
1809 2922 
1810 2922 
1811 2922 
1812 2922 
1813 2922 
1814 2922 
1815 2922 
1816 2922 
1817 2922 
1818 2922 
1819 2922 
1820 2922 
1821 2922 
1822 2922 
1823 2922 
1824 2922 
1825 2922 
1826 2922 
1827 2922 
1828 2922 
1829 2922 
1830 2922 
1831 2922 
1832 2922 
1833 2922 
1834 2922 
1835 2922 
1836 2922 
1837 2922 
1838 2922 
1839 2922 
1840 2922 
1841 2922 
1842 2922 
1843 2922 
1844 2922 
1845 2922 
1846 2922 
1847 2922 
1848 2922 
1849 2922 
1850 2922 
1851 2922 
1852 2922 
1853 2922 
1854 2922 
1855 2922 
1856 2922 
1857 2922 
1858 2922 
1859 2922 
1860 2922 
1861 2922 
1862 2922 
1863 2922 
1864 2922 
1865 2922 
1866 2922 
1867 2922 
1868 2922 
1869 2922 
1870 2922 
1871 2922 
1872 2922 
1873 2922 
1874 2922 
1875 2922 
1876 2922 
1877 2922 
1878 2922 
1879 2922 
1880 2922 
1881 2922 
1882 2922 
1883 2922 
1884 2922 
1885 2922 
1886 2922 
1887 2922 
1888 2922 
1889 2922 
1890 2922 
1891 2922 
1892 2922 
1893 2922 
1894 2922 
1895 2922 
1896 2922 
1897 2922 
1898 2922 
1899 2922 
1900 2922 
1901 2922 
1902 2922 
1903 2922 
1904 2922 
1905 2922 
1906 2922 
1907 2922 
1908 2922 
1909 2922 
1910 2922 
1911 2922 
1912 2922 
1913 2922 
1914 2922 
1915 2922 
1916 2922 
1917 2922 
1918 2922 
1919 2922 
1920 2922 
1921 2922 
1922 2922 
1923 2922 
1924 2922 
1925 2922 
1926 2922 
1927 2922 
1928 2922 
1929 2922 
1930 2922 
1931 2922 
1932 2922 
1933 2922 
1934 2922 
1935 2922 
1936 2922 
1937 2922 
1938 2922 
1939 2922 
1940 2922 
1941 2922 
1942 2922 
1943 2922 
1944 2922 
1945 2922 
1946 2922 
1947 2922 
1948 2922 
1949 2922 
1950 2922 
1951 2922 
1952 2922 
1953 2922 
1954 2922 
1955 2922 
1956 2922 
1957 2922 
1958 2922 
1959 2922 
1960 2922 
1961 2922 
1962 2922 
1963 2922 
1964 2922 
1965 2922 
1966 2922 
1967 2922 
1968 2922 
1969 2922 
1970 2922 
1971 2922 
1972 2922 
1973 2922 
1974 2922 
1975 2922 
1976 2922 
1977 2922 
1978 2922 
1979 2922 
1980 2922 
1981 2922 
1982 2922 
1983 2922 
1984 2922 
1985 2922 
1986 2922 
1987 2922 
1988 2922 
1989 2922 
1990 2922 
1991 2922 
1992 2922 
1993 2922 
1994 2922 
1995 2922 
1996 2922 
1997 2922 
1998 2922 
1999 2922 
2000 2922 
2001 2922 
2002 2922 
2003 2922 
2004 2922 
2005 2922 
2006 2922 
2007 2922 
2008 2922 
2009 2922 
2010 2922 
2011 2922 
2012 2922 
2013 2922 
2014 2922 
2015 2922 
2016 2922 
2017 2922 
2018 2922 
2019 2922 
2020 2922 
2021 2922 
2022 2922 
2023 2922 
2024 2922 
2025 2922 
2026 2922 
2027 2922 
2028 2922 
2029 2922 
2030 2922 
2031 2922 
2032 2922 
2033 2922 
2034 2922 
2035 2922 
2036 2922 
2037 2922 
2038 2922 
2039 2922 
2040 2922 
2041 2922 
2042 2922 
2043 2922 
2044 2922 
2045 2922 
2046 2922 
2047 2922 
2048 2922 
2049 2922 
2050 2922 
2051 2922 
2052 2922 
2053 2922 
2054 2922 
2055 2922 
2056 2922 
2057 2922 
2058 2922 
2059 2922 
2060 2922 
2061 2922 
2062 2922 
2063 2922 
2064 2922 
2065 2922 
2066 2922 
2067 2922 
2068 2922 
2069 2922 
2070 2922 
2071 2922 
2072 2922 
2073 2922 
2074 2922 
2075 2922 
2076 2922 
2077 2922 
2078 2922 
2079 2922 
2080 2922 
2081 2922 
2082 2922 
2083 2922 
2084 2922 
2085 2922 
2086 2922 
2087 2922 
2088 2922 
2089 2922 
2090 2922 
2091 2922 
2092 2922 
2093 2922 
2094 2922 

