0 21234 
1 21184 
2 21114 
3 21080 
4 21062 
5 21046 
6 20970 
7 20898 
8 20812 
9 20714 
10 20352 
11 20292 
12 20280 
13 20150 
14 20120 
15 19952 
16 19836 
17 19766 
18 19748 
19 19554 
20 19546 
21 19426 
22 19316 
23 19268 
24 19172 
25 19082 
26 19028 
27 18968 
28 18848 
29 18668 
30 18418 
31 18346 
32 18318 
33 18280 
34 18200 
35 18114 
36 18112 
37 18000 
38 17870 
39 17720 
40 17670 
41 17574 
42 17526 
43 17346 
44 17286 
45 17096 
46 17048 
47 16742 
48 16534 
49 15604 
50 15474 
51 15440 
52 15416 
53 15406 
54 15366 
55 15310 
56 15192 
57 14904 
58 14804 
59 14584 
60 14518 
61 14508 
62 14446 
63 14266 
64 14206 
65 14134 
66 14094 
67 13940 
68 13936 
69 13814 
70 13604 
71 13570 
72 13548 
73 13450 
74 12806 
75 12796 
76 12746 
77 12740 
78 12708 
79 12624 
80 12586 
81 12380 
82 12330 
83 12298 
84 12236 
85 11830 
86 11774 
87 11714 
88 11574 
89 11550 
90 11466 
91 11424 
92 11224 
93 11186 
94 11104 
95 10960 
96 10780 
97 10750 
98 10708 
99 10670 
100 10558 
101 10534 
102 10514 
103 10444 
104 10418 
105 10346 
106 10292 
107 10208 
108 10184 
109 9968 
110 9958 
111 9842 
112 9742 
113 9586 
114 9582 
115 9566 
116 9542 
117 9530 
118 9524 
119 9508 
120 9278 
121 9250 
122 9232 
123 9176 
124 9088 
125 9078 
126 9072 
127 8984 
128 8914 
129 8620 
130 8506 
131 8468 
132 8398 
133 8340 
134 8330 
135 8240 
136 8178 
137 8128 
138 8082 
139 8002 
140 7962 
141 7926 
142 7894 
143 7826 
144 7776 
145 7674 
146 7674 
147 7396 
148 7374 
149 7302 
150 7202 
151 7098 
152 7022 
153 6868 
154 6804 
155 6786 
156 6746 
157 6672 
158 6528 
159 6484 
160 6424 
161 6326 
162 6318 
163 6202 
164 6202 
165 6122 
166 6110 
167 6110 
168 6110 
169 6082 
170 6082 
171 5930 
172 5918 
173 5914 
174 5914 

