0 19262 
1 18342 
2 18258 
3 18096 
4 17994 
5 17836 
6 17814 
7 17770 
8 17672 
9 17512 
10 17110 
11 17092 
12 17054 
13 16922 
14 16598 
15 16554 
16 16416 
17 16400 
18 16192 
19 16002 
20 15710 
21 15696 
22 15372 
23 15274 
24 15248 
25 15152 
26 14990 
27 14816 
28 14724 
29 14524 
30 14424 
31 14410 
32 14304 
33 14198 
34 14020 
35 13844 
36 13664 
37 13464 
38 13362 
39 13236 
40 13234 
41 13134 
42 13008 
43 12914 
44 12802 
45 12662 
46 12660 
47 12568 
48 12256 
49 12216 
50 12000 
51 11968 
52 11798 
53 11738 
54 11708 
55 11568 
56 11520 
57 11434 
58 11434 
59 11328 
60 11270 
61 11176 
62 11144 
63 11142 
64 11092 
65 11076 
66 11022 
67 10990 
68 10956 
69 10942 
70 10888 
71 10692 
72 10682 
73 10626 
74 10570 
75 10508 
76 10468 
77 10440 
78 10416 
79 10368 
80 10318 
81 10142 
82 9968 
83 9914 
84 9888 
85 9722 
86 9610 
87 9594 
88 9544 
89 9540 
90 9504 
91 9500 
92 9418 
93 9338 
94 9318 
95 9276 
96 9190 
97 9186 
98 9176 
99 9090 
100 9066 
101 8942 
102 8810 
103 8762 
104 8662 
105 8654 
106 8402 
107 8382 
108 8276 
109 8168 
110 8140 
111 7960 
112 7932 
113 7864 
114 7804 
115 7714 
116 7706 
117 7670 
118 7652 
119 7632 
120 7544 
121 7518 
122 7492 
123 7490 
124 7400 
125 7378 
126 7358 
127 7340 
128 7306 
129 7186 
130 7184 
131 7182 
132 7178 
133 7142 
134 7102 
135 7006 
136 6910 
137 6790 
138 6788 
139 6788 

