0 12730 
1 12694 
2 12522 
3 12514 
4 12422 
5 12394 
6 12284 
7 12068 
8 11828 
9 11818 
10 11808 
11 11658 
12 11528 
13 11492 
14 11458 
15 11312 
16 11192 
17 11126 
18 10962 
19 10942 
20 10900 
21 10788 
22 10668 
23 10462 
24 10454 
25 10396 
26 10330 
27 10256 
28 10036 
29 9970 
30 9932 
31 9872 
32 9718 
33 9634 
34 9614 
35 9556 
36 9530 
37 9438 
38 9404 
39 9318 
40 9296 
41 9210 
42 9058 
43 9026 
44 8962 
45 8924 
46 8920 
47 8830 
48 8704 
49 8592 
50 8520 
51 8466 
52 8380 
53 8368 
54 8258 
55 8166 
56 8106 
57 8092 
58 7996 
59 7560 
60 7418 
61 7302 
62 7170 
63 7010 
64 6770 
65 6638 
66 6430 
67 6272 
68 6256 
69 6070 
70 5938 
71 5880 
72 5850 
73 5704 
74 5698 
75 5676 
76 5540 
77 5530 
78 5176 
79 5126 
80 5122 
81 5112 
82 5102 
83 5030 
84 4990 
85 4922 
86 4892 
87 4710 
88 4686 
89 4534 
90 4488 
91 4344 
92 4194 
93 4122 
94 3638 
95 3350 
96 3288 
97 3068 
98 2956 
99 2840 
100 2840 
101 2722 
102 2712 
103 2590 
104 2590 
105 2514 
106 2514 
107 2514 
108 2514 
109 2514 
110 2514 
111 2514 
112 2514 
113 2514 
114 2514 
115 2514 
116 2514 
117 2514 
118 2514 
119 2514 
120 2514 
121 2514 
122 2514 
123 2514 
124 2514 
125 2514 
126 2514 
127 2514 
128 2514 
129 2514 
130 2514 
131 2514 
132 2514 
133 2514 
134 2514 
135 2514 
136 2514 
137 2514 
138 2514 
139 2514 
140 2514 
141 2514 
142 2514 
143 2514 
144 2514 
145 2514 
146 2514 
147 2514 
148 2514 
149 2514 
150 2514 
151 2514 
152 2514 
153 2514 
154 2514 
155 2514 
156 2514 
157 2514 
158 2514 
159 2514 
160 2514 
161 2514 
162 2514 
163 2514 
164 2514 
165 2514 
166 2514 
167 2514 
168 2514 
169 2514 
170 2514 
171 2514 
172 2514 
173 2514 
174 2514 
175 2514 
176 2514 
177 2514 
178 2514 
179 2514 
180 2514 
181 2514 
182 2514 
183 2514 
184 2514 
185 2514 
186 2514 
187 2514 
188 2514 
189 2514 
190 2514 
191 2514 
192 2514 
193 2514 
194 2514 
195 2514 
196 2514 
197 2514 
198 2514 
199 2514 
200 2514 
201 2514 
202 2514 
203 2514 
204 2514 
205 2514 
206 2514 
207 2514 
208 2514 
209 2514 
210 2514 
211 2514 
212 2514 
213 2514 
214 2514 
215 2514 
216 2514 
217 2514 
218 2514 
219 2514 
220 2514 
221 2514 
222 2514 
223 2514 
224 2514 
225 2514 
226 2514 
227 2514 
228 2514 
229 2514 
230 2514 
231 2514 
232 2514 
233 2514 
234 2514 
235 2514 
236 2514 
237 2514 
238 2514 
239 2514 
240 2514 
241 2514 
242 2514 
243 2514 
244 2514 
245 2514 
246 2514 
247 2514 
248 2514 
249 2514 
250 2514 
251 2514 
252 2514 
253 2514 
254 2514 
255 2514 
256 2514 
257 2514 
258 2514 
259 2514 
260 2514 
261 2514 
262 2514 
263 2514 
264 2514 
265 2514 
266 2514 
267 2514 
268 2514 
269 2514 
270 2514 
271 2514 
272 2514 
273 2514 
274 2514 
275 2514 
276 2514 
277 2514 
278 2514 
279 2514 
280 2514 
281 2514 
282 2514 
283 2514 
284 2514 
285 2514 
286 2514 
287 2514 
288 2514 
289 2514 
290 2514 
291 2514 
292 2514 
293 2514 
294 2514 
295 2514 
296 2514 
297 2514 
298 2514 
299 2514 
300 2514 
301 2514 
302 2514 
303 2514 
304 2514 
305 2514 
306 2514 
307 2514 
308 2514 
309 2514 
310 2514 
311 2514 
312 2514 
313 2514 
314 2514 
315 2514 
316 2514 
317 2514 
318 2514 
319 2514 
320 2514 
321 2514 
322 2514 
323 2514 
324 2514 
325 2514 
326 2514 
327 2514 
328 2514 
329 2514 
330 2514 
331 2514 
332 2514 
333 2514 
334 2514 
335 2514 
336 2514 
337 2514 
338 2514 
339 2514 
340 2514 
341 2514 
342 2514 
343 2514 
344 2514 
345 2514 
346 2514 
347 2514 
348 2514 
349 2514 
350 2514 
351 2514 
352 2514 
353 2514 
354 2514 
355 2514 
356 2514 
357 2514 
358 2514 
359 2514 
360 2514 
361 2514 
362 2514 
363 2514 
364 2514 
365 2514 
366 2514 
367 2514 
368 2514 
369 2514 
370 2514 
371 2514 
372 2514 
373 2514 
374 2514 
375 2514 
376 2514 
377 2514 
378 2514 
379 2514 
380 2514 
381 2514 
382 2514 
383 2514 
384 2514 
385 2514 
386 2514 
387 2514 
388 2514 
389 2514 
390 2514 
391 2514 
392 2514 
393 2514 
394 2514 
395 2514 
396 2514 
397 2514 
398 2514 
399 2514 
400 2514 
401 2514 
402 2514 
403 2514 
404 2514 
405 2514 
406 2514 
407 2514 
408 2514 
409 2514 
410 2514 
411 2514 
412 2514 
413 2514 
414 2514 
415 2514 
416 2514 
417 2514 
418 2514 
419 2514 
420 2514 
421 2514 
422 2514 
423 2514 
424 2514 
425 2514 
426 2514 
427 2514 
428 2514 
429 2514 
430 2514 
431 2514 
432 2514 
433 2514 
434 2514 
435 2514 
436 2514 
437 2514 
438 2514 
439 2514 
440 2514 
441 2514 
442 2514 
443 2514 
444 2514 
445 2514 
446 2514 
447 2514 
448 2514 
449 2514 
450 2514 
451 2514 
452 2514 
453 2514 
454 2514 
455 2514 
456 2514 
457 2514 
458 2514 
459 2514 
460 2514 
461 2514 
462 2514 
463 2514 
464 2514 
465 2514 
466 2514 
467 2514 
468 2514 
469 2514 
470 2514 
471 2514 
472 2514 
473 2514 
474 2514 
475 2514 
476 2514 
477 2514 
478 2514 
479 2514 
480 2514 
481 2514 
482 2514 
483 2514 
484 2514 
485 2514 
486 2514 
487 2514 
488 2514 
489 2514 
490 2514 
491 2514 
492 2514 
493 2514 
494 2514 
495 2514 
496 2514 
497 2514 
498 2514 
499 2514 
500 2514 
501 2514 
502 2514 
503 2514 
504 2514 
505 2514 
506 2514 
507 2514 
508 2514 
509 2514 
510 2514 
511 2514 
512 2514 
513 2514 
514 2514 
515 2514 
516 2514 
517 2514 
518 2514 
519 2514 
520 2514 
521 2514 
522 2514 
523 2514 
524 2514 
525 2514 
526 2514 
527 2514 
528 2514 
529 2514 
530 2514 
531 2514 
532 2514 
533 2514 
534 2514 
535 2514 
536 2514 
537 2514 
538 2514 
539 2514 
540 2514 
541 2514 
542 2514 
543 2514 
544 2514 
545 2514 
546 2514 
547 2514 
548 2514 
549 2514 
550 2514 
551 2514 
552 2514 
553 2514 
554 2514 
555 2514 
556 2514 
557 2514 
558 2514 
559 2514 
560 2514 
561 2514 
562 2514 
563 2514 
564 2514 
565 2514 
566 2514 
567 2514 
568 2514 
569 2514 
570 2514 
571 2514 
572 2514 
573 2514 
574 2514 
575 2514 
576 2514 
577 2514 
578 2514 
579 2514 
580 2514 
581 2514 
582 2514 
583 2514 
584 2514 
585 2514 
586 2514 
587 2514 
588 2514 
589 2514 
590 2514 
591 2514 
592 2514 
593 2514 
594 2514 
595 2514 
596 2514 
597 2514 
598 2514 
599 2514 
600 2514 
601 2514 
602 2514 
603 2514 
604 2514 
605 2514 
606 2514 
607 2514 
608 2514 
609 2514 
610 2514 
611 2514 
612 2514 
613 2514 
614 2514 
615 2514 
616 2514 
617 2514 
618 2514 
619 2514 
620 2514 
621 2514 
622 2514 
623 2514 
624 2514 
625 2514 
626 2514 
627 2514 
628 2514 
629 2514 
630 2514 
631 2514 
632 2514 
633 2514 
634 2514 
635 2514 
636 2514 
637 2514 
638 2514 
639 2514 
640 2514 
641 2514 
642 2514 
643 2514 
644 2514 
645 2514 
646 2514 
647 2514 
648 2514 
649 2514 
650 2514 
651 2514 
652 2514 
653 2514 
654 2514 
655 2514 
656 2514 
657 2514 
658 2514 
659 2514 
660 2514 
661 2514 
662 2514 
663 2514 
664 2514 
665 2514 
666 2514 
667 2514 
668 2514 
669 2514 
670 2514 
671 2514 
672 2514 
673 2514 
674 2514 
675 2514 
676 2514 
677 2514 
678 2514 
679 2514 
680 2514 
681 2514 
682 2514 
683 2514 
684 2514 
685 2514 
686 2514 
687 2514 
688 2514 
689 2514 
690 2514 
691 2514 
692 2514 
693 2514 
694 2514 
695 2514 
696 2514 
697 2514 
698 2514 
699 2514 
700 2514 
701 2514 
702 2514 
703 2514 
704 2514 
705 2514 
706 2514 
707 2514 
708 2514 
709 2514 
710 2514 
711 2514 
712 2514 
713 2514 
714 2514 
715 2514 
716 2514 
717 2514 
718 2514 
719 2514 
720 2514 
721 2514 
722 2514 
723 2514 
724 2514 
725 2514 
726 2514 
727 2514 
728 2514 
729 2514 
730 2514 
731 2514 
732 2514 
733 2514 
734 2514 
735 2514 
736 2514 
737 2514 
738 2514 
739 2514 
740 2514 
741 2514 
742 2514 
743 2514 
744 2514 
745 2514 
746 2514 
747 2514 
748 2514 
749 2514 
750 2514 
751 2514 
752 2514 
753 2514 
754 2514 
755 2514 
756 2514 
757 2514 
758 2514 
759 2514 
760 2514 
761 2514 
762 2514 
763 2514 
764 2514 
765 2514 
766 2514 
767 2514 
768 2514 
769 2514 
770 2514 
771 2514 
772 2514 
773 2514 
774 2514 
775 2514 
776 2514 
777 2514 
778 2514 
779 2514 
780 2514 
781 2514 
782 2514 
783 2514 
784 2514 
785 2514 
786 2514 
787 2514 
788 2514 
789 2514 
790 2514 
791 2514 
792 2514 
793 2514 
794 2514 
795 2514 
796 2514 
797 2514 
798 2514 
799 2514 
800 2514 
801 2514 
802 2514 
803 2514 
804 2514 
805 2514 
806 2514 
807 2514 
808 2514 
809 2514 
810 2514 
811 2514 
812 2514 
813 2514 
814 2514 
815 2514 
816 2514 
817 2514 
818 2514 
819 2514 
820 2514 
821 2514 
822 2514 
823 2514 
824 2514 
825 2514 
826 2514 
827 2514 
828 2514 
829 2514 
830 2514 
831 2514 
832 2514 
833 2514 
834 2514 
835 2514 
836 2514 
837 2514 
838 2514 
839 2514 
840 2514 
841 2514 
842 2514 
843 2514 
844 2514 
845 2514 
846 2514 
847 2514 
848 2514 
849 2514 
850 2514 
851 2514 
852 2514 
853 2514 
854 2514 
855 2514 
856 2514 
857 2514 
858 2514 
859 2514 
860 2514 
861 2514 
862 2514 
863 2514 
864 2514 
865 2514 
866 2514 
867 2514 
868 2514 
869 2514 
870 2514 
871 2514 
872 2514 
873 2514 
874 2514 
875 2514 
876 2514 
877 2514 
878 2514 
879 2514 
880 2514 
881 2514 
882 2514 
883 2514 
884 2514 
885 2514 
886 2514 
887 2514 
888 2514 
889 2514 
890 2514 
891 2514 
892 2514 
893 2514 
894 2514 
895 2514 
896 2514 
897 2514 
898 2514 
899 2514 
900 2514 
901 2514 
902 2514 
903 2514 
904 2514 
905 2514 
906 2514 
907 2514 
908 2514 
909 2514 
910 2514 
911 2514 
912 2514 
913 2514 
914 2514 
915 2514 
916 2514 
917 2514 
918 2514 
919 2514 
920 2514 
921 2514 
922 2514 
923 2514 
924 2514 
925 2514 
926 2514 
927 2514 
928 2514 
929 2514 
930 2514 
931 2514 
932 2514 
933 2514 
934 2514 
935 2514 
936 2514 
937 2514 
938 2514 
939 2514 
940 2514 
941 2514 
942 2514 
943 2514 
944 2514 
945 2514 
946 2514 
947 2514 
948 2514 
949 2514 
950 2514 
951 2514 
952 2514 
953 2514 
954 2514 
955 2514 
956 2514 
957 2514 
958 2514 
959 2514 
960 2514 
961 2514 
962 2514 
963 2514 
964 2514 
965 2514 
966 2514 
967 2514 
968 2514 
969 2514 
970 2514 
971 2514 
972 2514 
973 2514 
974 2514 
975 2514 
976 2514 
977 2514 
978 2514 
979 2514 
980 2514 
981 2514 
982 2514 
983 2514 
984 2514 
985 2514 
986 2514 
987 2514 
988 2514 
989 2514 
990 2514 
991 2514 
992 2514 
993 2514 
994 2514 
995 2514 
996 2514 
997 2514 
998 2514 
999 2514 
1000 2514 
1001 2514 
1002 2514 
1003 2514 
1004 2514 
1005 2514 
1006 2514 
1007 2514 
1008 2514 
1009 2514 
1010 2514 
1011 2514 
1012 2514 
1013 2514 
1014 2514 
1015 2514 
1016 2514 
1017 2514 
1018 2514 
1019 2514 
1020 2514 
1021 2514 
1022 2514 
1023 2514 
1024 2514 
1025 2514 
1026 2514 
1027 2514 
1028 2514 
1029 2514 
1030 2514 
1031 2514 
1032 2514 
1033 2514 
1034 2514 
1035 2514 
1036 2514 
1037 2514 
1038 2514 
1039 2514 
1040 2514 
1041 2514 
1042 2514 
1043 2514 
1044 2514 
1045 2514 
1046 2514 
1047 2514 
1048 2514 
1049 2514 
1050 2514 
1051 2514 
1052 2514 
1053 2514 
1054 2514 
1055 2514 
1056 2514 
1057 2514 
1058 2514 
1059 2514 
1060 2514 
1061 2514 
1062 2514 
1063 2514 
1064 2514 
1065 2514 
1066 2514 
1067 2514 
1068 2514 
1069 2514 
1070 2514 
1071 2514 
1072 2514 
1073 2514 
1074 2514 
1075 2514 
1076 2514 
1077 2514 
1078 2514 
1079 2514 
1080 2514 
1081 2514 
1082 2514 
1083 2514 
1084 2514 
1085 2514 
1086 2514 
1087 2514 
1088 2514 
1089 2514 
1090 2514 
1091 2514 
1092 2514 
1093 2514 
1094 2514 
1095 2514 
1096 2514 
1097 2514 
1098 2514 
1099 2514 
1100 2514 
1101 2514 
1102 2514 
1103 2514 
1104 2514 
1105 2514 
1106 2514 
1107 2514 
1108 2514 
1109 2514 
1110 2514 
1111 2514 
1112 2514 
1113 2514 
1114 2514 
1115 2514 
1116 2514 
1117 2514 
1118 2514 
1119 2514 
1120 2514 
1121 2514 
1122 2514 
1123 2514 
1124 2514 
1125 2514 
1126 2514 
1127 2514 
1128 2514 
1129 2514 
1130 2514 
1131 2514 
1132 2514 
1133 2514 
1134 2514 
1135 2514 
1136 2514 
1137 2514 
1138 2514 
1139 2514 
1140 2514 
1141 2514 
1142 2514 
1143 2514 
1144 2514 
1145 2514 
1146 2514 
1147 2514 
1148 2514 
1149 2514 
1150 2514 
1151 2514 
1152 2514 
1153 2514 
1154 2514 
1155 2514 
1156 2514 
1157 2514 
1158 2514 
1159 2514 
1160 2514 
1161 2514 
1162 2514 
1163 2514 
1164 2514 
1165 2514 
1166 2514 
1167 2514 
1168 2514 
1169 2514 
1170 2514 
1171 2514 
1172 2514 
1173 2514 
1174 2514 
1175 2514 
1176 2514 
1177 2514 
1178 2514 
1179 2514 
1180 2514 
1181 2514 
1182 2514 
1183 2514 
1184 2514 
1185 2514 
1186 2514 
1187 2514 
1188 2514 
1189 2514 
1190 2514 
1191 2514 
1192 2514 
1193 2514 
1194 2514 
1195 2514 
1196 2514 
1197 2514 
1198 2514 
1199 2514 
1200 2514 
1201 2514 
1202 2514 
1203 2514 
1204 2514 
1205 2514 
1206 2514 
1207 2514 
1208 2514 
1209 2514 
1210 2514 
1211 2514 
1212 2514 
1213 2514 
1214 2514 
1215 2514 
1216 2514 
1217 2514 
1218 2514 
1219 2514 
1220 2514 
1221 2514 
1222 2514 
1223 2514 
1224 2514 
1225 2514 
1226 2514 
1227 2514 
1228 2514 
1229 2514 
1230 2514 
1231 2514 
1232 2514 
1233 2514 
1234 2514 
1235 2514 
1236 2514 
1237 2514 
1238 2514 
1239 2514 
1240 2514 
1241 2514 
1242 2514 
1243 2514 
1244 2514 
1245 2514 
1246 2514 
1247 2514 
1248 2514 
1249 2514 
1250 2514 
1251 2514 
1252 2514 
1253 2514 
1254 2514 
1255 2514 
1256 2514 
1257 2514 
1258 2514 
1259 2514 
1260 2514 
1261 2514 
1262 2514 
1263 2514 
1264 2514 
1265 2514 
1266 2514 
1267 2514 
1268 2514 
1269 2514 
1270 2514 
1271 2514 
1272 2514 
1273 2514 
1274 2514 
1275 2514 
1276 2514 
1277 2514 
1278 2514 
1279 2514 
1280 2514 
1281 2514 
1282 2514 
1283 2514 
1284 2514 
1285 2514 
1286 2514 
1287 2514 
1288 2514 
1289 2514 
1290 2514 
1291 2514 
1292 2514 
1293 2514 
1294 2514 
1295 2514 
1296 2514 
1297 2514 
1298 2514 
1299 2514 
1300 2514 
1301 2514 
1302 2514 
1303 2514 
1304 2514 
1305 2514 
1306 2514 
1307 2514 
1308 2514 
1309 2514 
1310 2514 
1311 2514 
1312 2514 
1313 2514 
1314 2514 
1315 2514 
1316 2514 
1317 2514 
1318 2514 
1319 2514 
1320 2514 
1321 2514 
1322 2514 
1323 2514 
1324 2514 
1325 2514 
1326 2514 
1327 2514 
1328 2514 
1329 2514 
1330 2514 
1331 2514 
1332 2514 
1333 2514 
1334 2514 
1335 2514 
1336 2514 
1337 2514 
1338 2514 
1339 2514 
1340 2514 
1341 2514 
1342 2514 
1343 2514 
1344 2514 
1345 2514 
1346 2514 
1347 2514 
1348 2514 
1349 2514 
1350 2514 
1351 2514 
1352 2514 
1353 2514 
1354 2514 
1355 2514 
1356 2514 
1357 2514 
1358 2514 
1359 2514 
1360 2514 
1361 2514 
1362 2514 
1363 2514 
1364 2514 
1365 2514 
1366 2514 
1367 2514 
1368 2514 
1369 2514 
1370 2514 
1371 2514 
1372 2514 
1373 2514 
1374 2514 
1375 2514 
1376 2514 
1377 2514 
1378 2514 
1379 2514 
1380 2514 
1381 2514 
1382 2514 
1383 2514 
1384 2514 
1385 2514 
1386 2514 
1387 2514 
1388 2514 
1389 2514 
1390 2514 
1391 2514 
1392 2514 
1393 2514 
1394 2514 
1395 2514 
1396 2514 
1397 2514 
1398 2514 
1399 2514 
1400 2514 
1401 2514 
1402 2514 
1403 2514 
1404 2514 
1405 2514 
1406 2514 
1407 2514 
1408 2514 
1409 2514 
1410 2514 
1411 2514 
1412 2514 
1413 2514 
1414 2514 
1415 2514 
1416 2514 
1417 2514 
1418 2514 
1419 2514 
1420 2514 
1421 2514 
1422 2514 
1423 2514 
1424 2514 
1425 2514 
1426 2514 
1427 2514 
1428 2514 
1429 2514 
1430 2514 
1431 2514 
1432 2514 
1433 2514 
1434 2514 
1435 2514 
1436 2514 
1437 2514 
1438 2514 
1439 2514 
1440 2514 
1441 2514 
1442 2514 
1443 2514 
1444 2514 
1445 2514 
1446 2514 
1447 2514 
1448 2514 
1449 2514 
1450 2514 
1451 2514 
1452 2514 
1453 2514 
1454 2514 
1455 2514 
1456 2514 
1457 2514 
1458 2514 
1459 2514 
1460 2514 
1461 2514 
1462 2514 
1463 2514 
1464 2514 
1465 2514 
1466 2514 
1467 2514 
1468 2514 
1469 2514 
1470 2514 
1471 2514 
1472 2514 
1473 2514 
1474 2514 
1475 2514 
1476 2514 
1477 2514 
1478 2514 
1479 2514 
1480 2514 
1481 2514 
1482 2514 
1483 2514 
1484 2514 
1485 2514 
1486 2514 
1487 2514 
1488 2514 
1489 2514 
1490 2514 
1491 2514 
1492 2514 
1493 2514 
1494 2514 
1495 2514 
1496 2514 
1497 2514 
1498 2514 
1499 2514 
1500 2514 
1501 2514 
1502 2514 
1503 2514 
1504 2514 
1505 2514 
1506 2514 
1507 2514 
1508 2514 
1509 2514 
1510 2514 
1511 2514 
1512 2514 
1513 2514 
1514 2514 
1515 2514 
1516 2514 
1517 2514 
1518 2514 
1519 2514 
1520 2514 
1521 2514 
1522 2514 
1523 2514 
1524 2514 
1525 2514 
1526 2514 
1527 2514 
1528 2514 
1529 2514 
1530 2514 
1531 2514 
1532 2514 
1533 2514 
1534 2514 
1535 2514 
1536 2514 
1537 2514 
1538 2514 
1539 2514 
1540 2514 
1541 2514 
1542 2514 
1543 2514 
1544 2514 
1545 2514 
1546 2514 
1547 2514 
1548 2514 
1549 2514 
1550 2514 
1551 2514 
1552 2514 
1553 2514 
1554 2514 
1555 2514 
1556 2514 
1557 2514 
1558 2514 
1559 2514 
1560 2514 
1561 2514 
1562 2514 
1563 2514 
1564 2514 
1565 2514 
1566 2514 
1567 2514 
1568 2514 
1569 2514 
1570 2514 
1571 2514 
1572 2514 
1573 2514 
1574 2514 
1575 2514 
1576 2514 
1577 2514 
1578 2514 
1579 2514 
1580 2514 
1581 2514 
1582 2514 
1583 2514 
1584 2514 
1585 2514 
1586 2514 
1587 2514 
1588 2514 
1589 2514 
1590 2514 
1591 2514 
1592 2514 
1593 2514 
1594 2514 
1595 2514 
1596 2514 
1597 2514 
1598 2514 
1599 2514 
1600 2514 
1601 2514 
1602 2514 
1603 2514 
1604 2514 
1605 2514 
1606 2514 
1607 2514 
1608 2514 
1609 2514 
1610 2514 
1611 2514 
1612 2514 
1613 2514 
1614 2514 
1615 2514 
1616 2514 
1617 2514 
1618 2514 
1619 2514 
1620 2514 
1621 2514 
1622 2514 
1623 2514 
1624 2514 
1625 2514 
1626 2514 
1627 2514 
1628 2514 
1629 2514 
1630 2514 
1631 2514 
1632 2514 
1633 2514 
1634 2514 
1635 2514 
1636 2514 
1637 2514 
1638 2514 
1639 2514 
1640 2514 
1641 2514 
1642 2514 
1643 2514 
1644 2514 
1645 2514 
1646 2514 
1647 2514 
1648 2514 
1649 2514 
1650 2514 
1651 2514 
1652 2514 
1653 2514 
1654 2514 
1655 2514 
1656 2514 
1657 2514 
1658 2514 
1659 2514 
1660 2514 
1661 2514 
1662 2514 
1663 2514 
1664 2514 
1665 2514 
1666 2514 
1667 2514 
1668 2514 
1669 2514 
1670 2514 
1671 2514 
1672 2514 
1673 2514 
1674 2514 
1675 2514 
1676 2514 
1677 2514 
1678 2514 
1679 2514 
1680 2514 
1681 2514 
1682 2514 
1683 2514 
1684 2514 
1685 2514 
1686 2514 
1687 2514 
1688 2514 
1689 2514 
1690 2514 
1691 2514 
1692 2514 
1693 2514 
1694 2514 
1695 2514 
1696 2514 
1697 2514 
1698 2514 
1699 2514 
1700 2514 
1701 2514 
1702 2514 
1703 2514 
1704 2514 
1705 2514 
1706 2514 
1707 2514 
1708 2514 
1709 2514 
1710 2514 
1711 2514 
1712 2514 
1713 2514 
1714 2514 
1715 2514 
1716 2514 
1717 2514 
1718 2514 
1719 2514 
1720 2514 
1721 2514 
1722 2514 
1723 2514 
1724 2514 
1725 2514 
1726 2514 
1727 2514 
1728 2514 
1729 2514 
1730 2514 
1731 2514 
1732 2514 
1733 2514 
1734 2514 
1735 2514 
1736 2514 
1737 2514 
1738 2514 
1739 2514 
1740 2514 
1741 2514 
1742 2514 
1743 2514 
1744 2514 
1745 2514 
1746 2514 
1747 2514 
1748 2514 
1749 2514 
1750 2514 
1751 2514 
1752 2514 
1753 2514 
1754 2514 
1755 2514 
1756 2514 
1757 2514 
1758 2514 
1759 2514 
1760 2514 
1761 2514 
1762 2514 
1763 2514 
1764 2514 
1765 2514 
1766 2514 
1767 2514 
1768 2514 
1769 2514 
1770 2514 
1771 2514 
1772 2514 
1773 2514 
1774 2514 
1775 2514 
1776 2514 
1777 2514 
1778 2514 
1779 2514 
1780 2514 
1781 2514 
1782 2514 
1783 2514 
1784 2514 
1785 2514 
1786 2514 
1787 2514 
1788 2514 
1789 2514 
1790 2514 
1791 2514 
1792 2514 
1793 2514 
1794 2514 
1795 2514 
1796 2514 
1797 2514 
1798 2514 
1799 2514 
1800 2514 
1801 2514 
1802 2514 
1803 2514 
1804 2514 
1805 2514 
1806 2514 
1807 2514 
1808 2514 
1809 2514 
1810 2514 
1811 2514 
1812 2514 
1813 2514 
1814 2514 
1815 2514 
1816 2514 
1817 2514 
1818 2514 
1819 2514 
1820 2514 
1821 2514 
1822 2514 
1823 2514 
1824 2514 
1825 2514 
1826 2514 
1827 2514 
1828 2514 
1829 2514 
1830 2514 
1831 2514 
1832 2514 
1833 2514 
1834 2514 
1835 2514 
1836 2514 
1837 2514 
1838 2514 
1839 2514 
1840 2514 
1841 2514 
1842 2514 
1843 2514 
1844 2514 
1845 2514 
1846 2514 
1847 2514 
1848 2514 
1849 2514 
1850 2514 
1851 2514 
1852 2514 
1853 2514 
1854 2514 
1855 2514 
1856 2514 
1857 2514 
1858 2514 
1859 2514 
1860 2514 
1861 2514 
1862 2514 
1863 2514 
1864 2514 
1865 2514 
1866 2514 
1867 2514 
1868 2514 
1869 2514 
1870 2514 
1871 2514 
1872 2514 
1873 2514 
1874 2514 
1875 2514 
1876 2514 
1877 2514 
1878 2514 
1879 2514 
1880 2514 
1881 2514 
1882 2514 
1883 2514 
1884 2514 
1885 2514 
1886 2514 
1887 2514 
1888 2514 
1889 2514 
1890 2514 
1891 2514 
1892 2514 
1893 2514 
1894 2514 
1895 2514 
1896 2514 
1897 2514 
1898 2514 
1899 2514 
1900 2514 
1901 2514 
1902 2514 
1903 2514 
1904 2514 
1905 2514 
1906 2514 
1907 2514 
1908 2514 
1909 2514 
1910 2514 
1911 2514 
1912 2514 
1913 2514 
1914 2514 
1915 2514 
1916 2514 
1917 2514 
1918 2514 
1919 2514 
1920 2514 
1921 2514 
1922 2514 
1923 2514 
1924 2514 
1925 2514 
1926 2514 
1927 2514 
1928 2514 
1929 2514 
1930 2514 
1931 2514 
1932 2514 
1933 2514 
1934 2514 
1935 2514 
1936 2514 
1937 2514 
1938 2514 
1939 2514 
1940 2514 
1941 2514 
1942 2514 
1943 2514 
1944 2514 
1945 2514 
1946 2514 
1947 2514 
1948 2514 
1949 2514 
1950 2514 
1951 2514 
1952 2514 
1953 2514 
1954 2514 
1955 2514 
1956 2514 
1957 2514 
1958 2514 
1959 2514 
1960 2514 
1961 2514 
1962 2514 
1963 2514 
1964 2514 
1965 2514 
1966 2514 
1967 2514 
1968 2514 
1969 2514 
1970 2514 
1971 2514 
1972 2514 
1973 2514 
1974 2514 
1975 2514 
1976 2514 
1977 2514 
1978 2514 
1979 2514 
1980 2514 
1981 2514 
1982 2514 
1983 2514 
1984 2514 
1985 2514 
1986 2514 
1987 2514 
1988 2514 
1989 2514 
1990 2514 
1991 2514 
1992 2514 
1993 2514 
1994 2514 
1995 2514 
1996 2514 
1997 2514 
1998 2514 
1999 2514 
2000 2514 
2001 2514 
2002 2514 
2003 2514 
2004 2514 
2005 2514 
2006 2514 
2007 2514 
2008 2514 
2009 2514 
2010 2514 
2011 2514 
2012 2514 
2013 2514 
2014 2514 
2015 2514 
2016 2514 
2017 2514 
2018 2514 
2019 2514 
2020 2514 
2021 2514 
2022 2514 
2023 2514 
2024 2514 
2025 2514 
2026 2514 
2027 2514 
2028 2514 
2029 2514 
2030 2514 
2031 2514 
2032 2514 
2033 2514 
2034 2514 
2035 2514 
2036 2514 
2037 2514 
2038 2514 
2039 2514 
2040 2514 
2041 2514 
2042 2514 
2043 2514 
2044 2514 
2045 2514 
2046 2514 
2047 2514 
2048 2514 
2049 2514 
2050 2514 
2051 2514 
2052 2514 
2053 2514 
2054 2514 
2055 2514 
2056 2514 
2057 2514 
2058 2514 
2059 2514 
2060 2514 
2061 2514 
2062 2514 
2063 2514 
2064 2514 
2065 2514 
2066 2514 
2067 2514 
2068 2514 
2069 2514 
2070 2514 
2071 2514 
2072 2514 
2073 2514 
2074 2514 
2075 2514 
2076 2514 
2077 2514 
2078 2514 
2079 2514 
2080 2514 
2081 2514 
2082 2514 
2083 2514 
2084 2514 
2085 2514 
2086 2514 
2087 2514 
2088 2514 
2089 2514 
2090 2514 
2091 2514 
2092 2514 
2093 2514 
2094 2514 
2095 2514 
2096 2514 
2097 2514 
2098 2514 
2099 2514 
2100 2514 
2101 2514 
2102 2514 
2103 2514 
2104 2514 
2105 2514 

