0 11996 
1 11954 
2 11870 
3 11710 
4 11646 
5 11632 
6 11576 
7 11496 
8 11446 
9 11418 
10 11366 
11 11330 
12 11100 
13 11072 
14 11028 
15 10854 
16 10782 
17 10746 
18 10700 
19 10662 
20 10370 
21 10336 
22 10232 
23 10180 
24 10034 
25 10030 
26 9950 
27 9742 
28 9646 
29 9490 
30 9412 
31 9348 
32 9246 
33 9144 
34 9100 
35 9024 
36 8882 
37 8594 
38 8542 
39 8530 
40 8516 
41 8394 
42 8354 
43 8236 
44 7970 
45 7910 
46 7898 
47 7636 
48 7632 
49 7618 
50 7590 
51 7438 
52 7430 
53 7348 
54 7108 
55 7096 
56 7004 
57 6858 
58 6756 
59 6548 
60 6502 
61 6368 
62 6266 
63 6252 
64 6060 
65 6060 
66 6048 
67 6012 
68 5940 
69 5856 
70 5784 
71 5748 
72 5744 
73 5444 
74 5300 
75 5192 
76 5168 
77 5146 
78 5058 
79 4960 
80 4922 
81 4776 
82 4732 
83 4702 
84 4690 
85 4342 
86 4320 
87 4112 
88 4104 
89 4066 
90 3932 
91 3886 
92 3574 
93 3368 
94 3348 
95 3274 
96 3274 
97 3266 
98 3226 
99 3226 
100 3226 
101 3226 
102 3226 
103 3226 
104 3226 
105 3226 
106 3226 
107 3226 
108 3226 
109 3226 
110 3226 
111 3226 
112 3226 
113 3226 
114 3226 
115 3226 
116 3226 
117 3226 
118 3226 
119 3226 
120 3226 
121 3226 
122 3226 
123 3226 
124 3226 
125 3226 
126 3226 
127 3226 
128 3226 
129 3226 
130 3226 
131 3226 
132 3226 
133 3226 
134 3226 
135 3226 
136 3226 
137 3226 
138 3226 
139 3226 
140 3226 
141 3226 
142 3226 
143 3226 
144 3226 
145 3226 
146 3226 
147 3226 
148 3226 
149 3226 
150 3226 
151 3226 
152 3226 
153 3226 
154 3226 
155 3226 
156 3226 
157 3226 
158 3226 
159 3226 
160 3226 
161 3226 
162 3226 
163 3226 
164 3226 
165 3226 
166 3226 
167 3226 
168 3226 
169 3226 
170 3226 
171 3226 
172 3226 
173 3226 
174 3226 
175 3226 
176 3226 
177 3226 
178 3226 
179 3226 
180 3226 
181 3226 
182 3226 
183 3226 
184 3226 
185 3226 
186 3226 
187 3226 
188 3226 
189 3226 
190 3226 
191 3226 
192 3226 
193 3226 
194 3226 
195 3226 
196 3226 
197 3226 
198 3226 
199 3226 
200 3226 
201 3226 
202 3226 
203 3226 
204 3226 
205 3226 
206 3226 
207 3226 
208 3226 
209 3226 
210 3226 
211 3226 
212 3226 
213 3226 
214 3226 
215 3226 
216 3226 
217 3226 
218 3226 
219 3226 
220 3226 
221 3226 
222 3226 
223 3226 
224 3226 
225 3226 
226 3226 
227 3226 
228 3226 
229 3226 
230 3226 
231 3226 
232 3226 
233 3226 
234 3226 
235 3226 
236 3226 
237 3226 
238 3226 
239 3226 
240 3226 
241 3226 
242 3226 
243 3226 
244 3226 
245 3226 
246 3226 
247 3226 
248 3226 
249 3226 
250 3226 
251 3226 
252 3226 
253 3226 
254 3226 
255 3226 
256 3226 
257 3226 
258 3226 
259 3226 
260 3226 
261 3226 
262 3226 
263 3226 
264 3226 
265 3226 
266 3226 
267 3226 
268 3226 
269 3226 
270 3226 
271 3226 
272 3226 
273 3226 
274 3226 
275 3226 
276 3226 
277 3226 
278 3226 
279 3226 
280 3226 
281 3226 
282 3226 
283 3226 
284 3226 
285 3226 
286 3226 
287 3226 
288 3226 
289 3226 
290 3226 
291 3226 
292 3226 
293 3226 
294 3226 
295 3226 
296 3226 
297 3226 
298 3226 
299 3226 
300 3226 
301 3226 
302 3226 
303 3226 
304 3226 
305 3226 
306 3226 
307 3226 
308 3226 
309 3226 
310 3226 
311 3226 
312 3226 
313 3226 
314 3226 
315 3226 
316 3226 
317 3226 
318 3226 
319 3226 
320 3226 
321 3226 
322 3226 
323 3226 
324 3226 
325 3226 
326 3226 
327 3226 
328 3226 
329 3226 
330 3226 
331 3226 
332 3226 
333 3226 
334 3226 
335 3226 
336 3226 
337 3226 
338 3226 
339 3226 
340 3226 
341 3226 
342 3226 
343 3226 
344 3226 
345 3226 
346 3226 
347 3226 
348 3226 
349 3226 
350 3226 
351 3226 
352 3226 
353 3226 
354 3226 
355 3226 
356 3226 
357 3226 
358 3226 
359 3226 
360 3226 
361 3226 
362 3226 
363 3226 
364 3226 
365 3226 
366 3226 
367 3226 
368 3226 
369 3226 
370 3226 
371 3226 
372 3226 
373 3226 
374 3226 
375 3226 
376 3226 
377 3226 
378 3226 
379 3226 
380 3226 
381 3226 
382 3226 
383 3226 
384 3226 
385 3226 
386 3226 
387 3226 
388 3226 
389 3226 
390 3226 
391 3226 
392 3226 
393 3226 
394 3226 
395 3226 
396 3226 
397 3226 
398 3226 
399 3226 
400 3226 
401 3226 
402 3226 
403 3226 
404 3226 
405 3226 
406 3226 
407 3226 
408 3226 
409 3226 
410 3226 
411 3226 
412 3226 
413 3226 
414 3226 
415 3226 
416 3226 
417 3226 
418 3226 
419 3226 
420 3226 
421 3226 
422 3226 
423 3226 
424 3226 
425 3226 
426 3226 
427 3226 
428 3226 
429 3226 
430 3226 
431 3226 
432 3226 
433 3226 
434 3226 
435 3226 
436 3226 
437 3226 
438 3226 
439 3226 
440 3226 
441 3226 
442 3226 
443 3226 
444 3226 
445 3226 
446 3226 
447 3226 
448 3226 
449 3226 
450 3226 
451 3226 
452 3226 
453 3226 
454 3226 
455 3226 
456 3226 
457 3226 
458 3226 
459 3226 
460 3226 
461 3226 
462 3226 
463 3226 
464 3226 
465 3226 
466 3226 
467 3226 
468 3226 
469 3226 
470 3226 
471 3226 
472 3226 
473 3226 
474 3226 
475 3226 
476 3226 
477 3226 
478 3226 
479 3226 
480 3226 
481 3226 
482 3226 
483 3226 
484 3226 
485 3226 
486 3226 
487 3226 
488 3226 
489 3226 
490 3226 
491 3226 
492 3226 
493 3226 
494 3226 
495 3226 
496 3226 
497 3226 
498 3226 
499 3226 
500 3226 
501 3226 
502 3226 
503 3226 
504 3226 
505 3226 
506 3226 
507 3226 
508 3226 
509 3226 
510 3226 
511 3226 
512 3226 
513 3226 
514 3226 
515 3226 
516 3226 
517 3226 
518 3226 
519 3226 
520 3226 
521 3226 
522 3226 
523 3226 
524 3226 
525 3226 
526 3226 
527 3226 
528 3226 
529 3226 
530 3226 
531 3226 
532 3226 
533 3226 
534 3226 
535 3226 
536 3226 
537 3226 
538 3226 
539 3226 
540 3226 
541 3226 
542 3226 
543 3226 
544 3226 
545 3226 
546 3226 
547 3226 
548 3226 
549 3226 
550 3226 
551 3226 
552 3226 
553 3226 
554 3226 
555 3226 
556 3226 
557 3226 
558 3226 
559 3226 
560 3226 
561 3226 
562 3226 
563 3226 
564 3226 
565 3226 
566 3226 
567 3226 
568 3226 
569 3226 
570 3226 
571 3226 
572 3226 
573 3226 
574 3226 
575 3226 
576 3226 
577 3226 
578 3226 
579 3226 
580 3226 
581 3226 
582 3226 
583 3226 
584 3226 
585 3226 
586 3226 
587 3226 
588 3226 
589 3226 
590 3226 
591 3226 
592 3226 
593 3226 
594 3226 
595 3226 
596 3226 
597 3226 
598 3226 
599 3226 
600 3226 
601 3226 
602 3226 
603 3226 
604 3226 
605 3226 
606 3226 
607 3226 
608 3226 
609 3226 
610 3226 
611 3226 
612 3226 
613 3226 
614 3226 
615 3226 
616 3226 
617 3226 
618 3226 
619 3226 
620 3226 
621 3226 
622 3226 
623 3226 
624 3226 
625 3226 
626 3226 
627 3226 
628 3226 
629 3226 
630 3226 
631 3226 
632 3226 
633 3226 
634 3226 
635 3226 
636 3226 
637 3226 
638 3226 
639 3226 
640 3226 
641 3226 
642 3226 
643 3226 
644 3226 
645 3226 
646 3226 
647 3226 
648 3226 
649 3226 
650 3226 
651 3226 
652 3226 
653 3226 
654 3226 
655 3226 
656 3226 
657 3226 
658 3226 
659 3226 
660 3226 
661 3226 
662 3226 
663 3226 
664 3226 
665 3226 
666 3226 
667 3226 
668 3226 
669 3226 
670 3226 
671 3226 
672 3226 
673 3226 
674 3226 
675 3226 
676 3226 
677 3226 
678 3226 
679 3226 
680 3226 
681 3226 
682 3226 
683 3226 
684 3226 
685 3226 
686 3226 
687 3226 
688 3226 
689 3226 
690 3226 
691 3226 
692 3226 
693 3226 
694 3226 
695 3226 
696 3226 
697 3226 
698 3226 
699 3226 
700 3226 
701 3226 
702 3226 
703 3226 
704 3226 
705 3226 
706 3226 
707 3226 
708 3226 
709 3226 
710 3226 
711 3226 
712 3226 
713 3226 
714 3226 
715 3226 
716 3226 
717 3226 
718 3226 
719 3226 
720 3226 
721 3226 
722 3226 
723 3226 
724 3226 
725 3226 
726 3226 
727 3226 
728 3226 
729 3226 
730 3226 
731 3226 
732 3226 
733 3226 
734 3226 
735 3226 
736 3226 
737 3226 
738 3226 
739 3226 
740 3226 
741 3226 
742 3226 
743 3226 
744 3226 
745 3226 
746 3226 
747 3226 
748 3226 
749 3226 
750 3226 
751 3226 
752 3226 
753 3226 
754 3226 
755 3226 
756 3226 
757 3226 
758 3226 
759 3226 
760 3226 
761 3226 
762 3226 
763 3226 
764 3226 
765 3226 
766 3226 
767 3226 
768 3226 
769 3226 
770 3226 
771 3226 
772 3226 
773 3226 
774 3226 
775 3226 
776 3226 
777 3226 
778 3226 
779 3226 
780 3226 
781 3226 
782 3226 
783 3226 
784 3226 
785 3226 
786 3226 
787 3226 
788 3226 
789 3226 
790 3226 
791 3226 
792 3226 
793 3226 
794 3226 
795 3226 
796 3226 
797 3226 
798 3226 
799 3226 
800 3226 
801 3226 
802 3226 
803 3226 
804 3226 
805 3226 
806 3226 
807 3226 
808 3226 
809 3226 
810 3226 
811 3226 
812 3226 
813 3226 
814 3226 
815 3226 
816 3226 
817 3226 
818 3226 
819 3226 
820 3226 
821 3226 
822 3226 
823 3226 
824 3226 
825 3226 
826 3226 
827 3226 
828 3226 
829 3226 
830 3226 
831 3226 
832 3226 
833 3226 
834 3226 
835 3226 
836 3226 
837 3226 
838 3226 
839 3226 
840 3226 
841 3226 
842 3226 
843 3226 
844 3226 
845 3226 
846 3226 
847 3226 
848 3226 
849 3226 
850 3226 
851 3226 
852 3226 
853 3226 
854 3226 
855 3226 
856 3226 
857 3226 
858 3226 
859 3226 
860 3226 
861 3226 
862 3226 
863 3226 
864 3226 
865 3226 
866 3226 
867 3226 
868 3226 
869 3226 
870 3226 
871 3226 
872 3226 
873 3226 
874 3226 
875 3226 
876 3226 
877 3226 
878 3226 
879 3226 
880 3226 
881 3226 
882 3226 
883 3226 
884 3226 
885 3226 
886 3226 
887 3226 
888 3226 
889 3226 
890 3226 
891 3226 
892 3226 
893 3226 
894 3226 
895 3226 
896 3226 
897 3226 
898 3226 
899 3226 
900 3226 
901 3226 
902 3226 
903 3226 
904 3226 
905 3226 
906 3226 
907 3226 
908 3226 
909 3226 
910 3226 
911 3226 
912 3226 
913 3226 
914 3226 
915 3226 
916 3226 
917 3226 
918 3226 
919 3226 
920 3226 
921 3226 
922 3226 
923 3226 
924 3226 
925 3226 
926 3226 
927 3226 
928 3226 
929 3226 
930 3226 
931 3226 
932 3226 
933 3226 
934 3226 
935 3226 
936 3226 
937 3226 
938 3226 
939 3226 
940 3226 
941 3226 
942 3226 
943 3226 
944 3226 
945 3226 
946 3226 
947 3226 
948 3226 
949 3226 
950 3226 
951 3226 
952 3226 
953 3226 
954 3226 
955 3226 
956 3226 
957 3226 
958 3226 
959 3226 
960 3226 
961 3226 
962 3226 
963 3226 
964 3226 
965 3226 
966 3226 
967 3226 
968 3226 
969 3226 
970 3226 
971 3226 
972 3226 
973 3226 
974 3226 
975 3226 
976 3226 
977 3226 
978 3226 
979 3226 
980 3226 
981 3226 
982 3226 
983 3226 
984 3226 
985 3226 
986 3226 
987 3226 
988 3226 
989 3226 
990 3226 
991 3226 
992 3226 
993 3226 
994 3226 
995 3226 
996 3226 
997 3226 
998 3226 
999 3226 
1000 3226 
1001 3226 
1002 3226 
1003 3226 
1004 3226 
1005 3226 
1006 3226 
1007 3226 
1008 3226 
1009 3226 
1010 3226 
1011 3226 
1012 3226 
1013 3226 
1014 3226 
1015 3226 
1016 3226 
1017 3226 
1018 3226 
1019 3226 
1020 3226 
1021 3226 
1022 3226 
1023 3226 
1024 3226 
1025 3226 
1026 3226 
1027 3226 
1028 3226 
1029 3226 
1030 3226 
1031 3226 
1032 3226 
1033 3226 
1034 3226 
1035 3226 
1036 3226 
1037 3226 
1038 3226 
1039 3226 
1040 3226 
1041 3226 
1042 3226 
1043 3226 
1044 3226 
1045 3226 
1046 3226 
1047 3226 
1048 3226 
1049 3226 
1050 3226 
1051 3226 
1052 3226 
1053 3226 
1054 3226 
1055 3226 
1056 3226 
1057 3226 
1058 3226 
1059 3226 
1060 3226 
1061 3226 
1062 3226 
1063 3226 
1064 3226 
1065 3226 
1066 3226 
1067 3226 
1068 3226 
1069 3226 
1070 3226 
1071 3226 
1072 3226 
1073 3226 
1074 3226 
1075 3226 
1076 3226 
1077 3226 
1078 3226 
1079 3226 
1080 3226 
1081 3226 
1082 3226 
1083 3226 
1084 3226 
1085 3226 
1086 3226 
1087 3226 
1088 3226 
1089 3226 
1090 3226 
1091 3226 
1092 3226 
1093 3226 
1094 3226 
1095 3226 
1096 3226 
1097 3226 
1098 3226 
1099 3226 
1100 3226 
1101 3226 
1102 3226 
1103 3226 
1104 3226 
1105 3226 
1106 3226 
1107 3226 
1108 3226 
1109 3226 
1110 3226 
1111 3226 
1112 3226 
1113 3226 
1114 3226 
1115 3226 
1116 3226 
1117 3226 
1118 3226 
1119 3226 
1120 3226 
1121 3226 
1122 3226 
1123 3226 
1124 3226 
1125 3226 
1126 3226 
1127 3226 
1128 3226 
1129 3226 
1130 3226 
1131 3226 
1132 3226 
1133 3226 
1134 3226 
1135 3226 
1136 3226 
1137 3226 
1138 3226 
1139 3226 
1140 3226 
1141 3226 
1142 3226 
1143 3226 
1144 3226 
1145 3226 
1146 3226 
1147 3226 
1148 3226 
1149 3226 
1150 3226 
1151 3226 
1152 3226 
1153 3226 
1154 3226 
1155 3226 
1156 3226 
1157 3226 
1158 3226 
1159 3226 
1160 3226 
1161 3226 
1162 3226 
1163 3226 
1164 3226 
1165 3226 
1166 3226 
1167 3226 
1168 3226 
1169 3226 
1170 3226 
1171 3226 
1172 3226 
1173 3226 
1174 3226 
1175 3226 
1176 3226 
1177 3226 
1178 3226 
1179 3226 
1180 3226 
1181 3226 
1182 3226 
1183 3226 
1184 3226 
1185 3226 
1186 3226 
1187 3226 
1188 3226 
1189 3226 
1190 3226 
1191 3226 
1192 3226 
1193 3226 
1194 3226 
1195 3226 
1196 3226 
1197 3226 
1198 3226 
1199 3226 
1200 3226 
1201 3226 
1202 3226 
1203 3226 
1204 3226 
1205 3226 
1206 3226 
1207 3226 
1208 3226 
1209 3226 
1210 3226 
1211 3226 
1212 3226 
1213 3226 
1214 3226 
1215 3226 
1216 3226 
1217 3226 
1218 3226 
1219 3226 
1220 3226 
1221 3226 
1222 3226 
1223 3226 
1224 3226 
1225 3226 
1226 3226 
1227 3226 
1228 3226 
1229 3226 
1230 3226 
1231 3226 
1232 3226 
1233 3226 
1234 3226 
1235 3226 
1236 3226 
1237 3226 
1238 3226 
1239 3226 
1240 3226 
1241 3226 
1242 3226 
1243 3226 
1244 3226 
1245 3226 
1246 3226 
1247 3226 
1248 3226 
1249 3226 
1250 3226 
1251 3226 
1252 3226 
1253 3226 
1254 3226 
1255 3226 
1256 3226 
1257 3226 
1258 3226 
1259 3226 
1260 3226 
1261 3226 
1262 3226 
1263 3226 
1264 3226 
1265 3226 
1266 3226 
1267 3226 
1268 3226 
1269 3226 
1270 3226 
1271 3226 
1272 3226 
1273 3226 
1274 3226 
1275 3226 
1276 3226 
1277 3226 
1278 3226 
1279 3226 
1280 3226 
1281 3226 
1282 3226 
1283 3226 
1284 3226 
1285 3226 
1286 3226 
1287 3226 
1288 3226 
1289 3226 
1290 3226 
1291 3226 
1292 3226 
1293 3226 
1294 3226 
1295 3226 
1296 3226 
1297 3226 
1298 3226 
1299 3226 
1300 3226 
1301 3226 
1302 3226 
1303 3226 
1304 3226 
1305 3226 
1306 3226 
1307 3226 
1308 3226 
1309 3226 
1310 3226 
1311 3226 
1312 3226 
1313 3226 
1314 3226 
1315 3226 
1316 3226 
1317 3226 
1318 3226 
1319 3226 
1320 3226 
1321 3226 
1322 3226 
1323 3226 
1324 3226 
1325 3226 
1326 3226 
1327 3226 
1328 3226 
1329 3226 
1330 3226 
1331 3226 
1332 3226 
1333 3226 
1334 3226 
1335 3226 
1336 3226 
1337 3226 
1338 3226 
1339 3226 
1340 3226 
1341 3226 
1342 3226 
1343 3226 
1344 3226 
1345 3226 
1346 3226 
1347 3226 
1348 3226 
1349 3226 
1350 3226 
1351 3226 
1352 3226 
1353 3226 
1354 3226 
1355 3226 
1356 3226 
1357 3226 
1358 3226 
1359 3226 
1360 3226 
1361 3226 
1362 3226 
1363 3226 
1364 3226 
1365 3226 
1366 3226 
1367 3226 
1368 3226 
1369 3226 
1370 3226 
1371 3226 
1372 3226 
1373 3226 
1374 3226 
1375 3226 
1376 3226 
1377 3226 
1378 3226 
1379 3226 
1380 3226 
1381 3226 
1382 3226 
1383 3226 
1384 3226 
1385 3226 
1386 3226 
1387 3226 
1388 3226 
1389 3226 
1390 3226 
1391 3226 
1392 3226 
1393 3226 
1394 3226 
1395 3226 
1396 3226 
1397 3226 
1398 3226 
1399 3226 
1400 3226 
1401 3226 
1402 3226 
1403 3226 
1404 3226 
1405 3226 
1406 3226 
1407 3226 
1408 3226 
1409 3226 
1410 3226 
1411 3226 
1412 3226 
1413 3226 
1414 3226 
1415 3226 
1416 3226 
1417 3226 
1418 3226 
1419 3226 
1420 3226 
1421 3226 
1422 3226 
1423 3226 
1424 3226 
1425 3226 
1426 3226 
1427 3226 
1428 3226 
1429 3226 
1430 3226 
1431 3226 
1432 3226 
1433 3226 
1434 3226 
1435 3226 
1436 3226 
1437 3226 
1438 3226 
1439 3226 
1440 3226 
1441 3226 
1442 3226 
1443 3226 
1444 3226 
1445 3226 
1446 3226 
1447 3226 
1448 3226 
1449 3226 
1450 3226 
1451 3226 
1452 3226 
1453 3226 
1454 3226 
1455 3226 
1456 3226 
1457 3226 
1458 3226 
1459 3226 
1460 3226 
1461 3226 
1462 3226 
1463 3226 
1464 3226 
1465 3226 
1466 3226 
1467 3226 
1468 3226 
1469 3226 
1470 3226 
1471 3226 
1472 3226 
1473 3226 
1474 3226 
1475 3226 
1476 3226 
1477 3226 
1478 3226 
1479 3226 
1480 3226 
1481 3226 
1482 3226 
1483 3226 
1484 3226 
1485 3226 
1486 3226 
1487 3226 
1488 3226 
1489 3226 
1490 3226 
1491 3226 
1492 3226 
1493 3226 
1494 3226 
1495 3226 
1496 3226 
1497 3226 
1498 3226 
1499 3226 
1500 3226 
1501 3226 
1502 3226 
1503 3226 
1504 3226 
1505 3226 
1506 3226 
1507 3226 
1508 3226 
1509 3226 
1510 3226 
1511 3226 
1512 3226 
1513 3226 
1514 3226 
1515 3226 
1516 3226 
1517 3226 
1518 3226 
1519 3226 
1520 3226 
1521 3226 
1522 3226 
1523 3226 
1524 3226 
1525 3226 
1526 3226 
1527 3226 
1528 3226 
1529 3226 
1530 3226 
1531 3226 
1532 3226 
1533 3226 
1534 3226 
1535 3226 
1536 3226 
1537 3226 
1538 3226 
1539 3226 
1540 3226 
1541 3226 
1542 3226 
1543 3226 
1544 3226 
1545 3226 
1546 3226 
1547 3226 
1548 3226 
1549 3226 
1550 3226 
1551 3226 
1552 3226 
1553 3226 
1554 3226 
1555 3226 
1556 3226 
1557 3226 
1558 3226 
1559 3226 
1560 3226 
1561 3226 
1562 3226 
1563 3226 
1564 3226 
1565 3226 
1566 3226 
1567 3226 
1568 3226 
1569 3226 
1570 3226 
1571 3226 
1572 3226 
1573 3226 
1574 3226 
1575 3226 
1576 3226 
1577 3226 
1578 3226 
1579 3226 
1580 3226 
1581 3226 
1582 3226 
1583 3226 
1584 3226 
1585 3226 
1586 3226 
1587 3226 
1588 3226 
1589 3226 
1590 3226 
1591 3226 
1592 3226 
1593 3226 
1594 3226 
1595 3226 
1596 3226 
1597 3226 
1598 3226 
1599 3226 
1600 3226 
1601 3226 
1602 3226 
1603 3226 
1604 3226 
1605 3226 
1606 3226 
1607 3226 
1608 3226 
1609 3226 
1610 3226 
1611 3226 
1612 3226 
1613 3226 
1614 3226 
1615 3226 
1616 3226 
1617 3226 
1618 3226 
1619 3226 
1620 3226 
1621 3226 
1622 3226 
1623 3226 
1624 3226 
1625 3226 
1626 3226 
1627 3226 
1628 3226 
1629 3226 
1630 3226 
1631 3226 
1632 3226 
1633 3226 
1634 3226 
1635 3226 
1636 3226 
1637 3226 
1638 3226 
1639 3226 
1640 3226 
1641 3226 
1642 3226 
1643 3226 
1644 3226 
1645 3226 
1646 3226 
1647 3226 
1648 3226 
1649 3226 
1650 3226 
1651 3226 
1652 3226 
1653 3226 
1654 3226 
1655 3226 
1656 3226 
1657 3226 
1658 3226 
1659 3226 
1660 3226 
1661 3226 
1662 3226 
1663 3226 
1664 3226 
1665 3226 
1666 3226 
1667 3226 
1668 3226 
1669 3226 
1670 3226 
1671 3226 
1672 3226 
1673 3226 
1674 3226 
1675 3226 
1676 3226 
1677 3226 
1678 3226 
1679 3226 
1680 3226 
1681 3226 
1682 3226 
1683 3226 
1684 3226 
1685 3226 
1686 3226 
1687 3226 
1688 3226 
1689 3226 
1690 3226 
1691 3226 
1692 3226 
1693 3226 
1694 3226 
1695 3226 
1696 3226 
1697 3226 
1698 3226 
1699 3226 
1700 3226 
1701 3226 
1702 3226 
1703 3226 
1704 3226 
1705 3226 
1706 3226 
1707 3226 
1708 3226 
1709 3226 
1710 3226 
1711 3226 
1712 3226 
1713 3226 
1714 3226 
1715 3226 
1716 3226 
1717 3226 
1718 3226 
1719 3226 
1720 3226 
1721 3226 
1722 3226 
1723 3226 
1724 3226 
1725 3226 
1726 3226 
1727 3226 
1728 3226 
1729 3226 
1730 3226 
1731 3226 
1732 3226 
1733 3226 
1734 3226 
1735 3226 
1736 3226 
1737 3226 
1738 3226 
1739 3226 
1740 3226 
1741 3226 
1742 3226 
1743 3226 
1744 3226 
1745 3226 
1746 3226 
1747 3226 
1748 3226 
1749 3226 
1750 3226 
1751 3226 
1752 3226 
1753 3226 
1754 3226 
1755 3226 
1756 3226 
1757 3226 
1758 3226 
1759 3226 
1760 3226 
1761 3226 
1762 3226 
1763 3226 
1764 3226 
1765 3226 
1766 3226 
1767 3226 
1768 3226 
1769 3226 
1770 3226 
1771 3226 
1772 3226 
1773 3226 
1774 3226 
1775 3226 
1776 3226 
1777 3226 
1778 3226 
1779 3226 
1780 3226 
1781 3226 
1782 3226 
1783 3226 
1784 3226 
1785 3226 
1786 3226 
1787 3226 
1788 3226 
1789 3226 
1790 3226 
1791 3226 
1792 3226 
1793 3226 
1794 3226 
1795 3226 
1796 3226 
1797 3226 
1798 3226 
1799 3226 
1800 3226 
1801 3226 
1802 3226 
1803 3226 
1804 3226 
1805 3226 
1806 3226 
1807 3226 
1808 3226 
1809 3226 
1810 3226 
1811 3226 
1812 3226 
1813 3226 
1814 3226 
1815 3226 
1816 3226 
1817 3226 
1818 3226 
1819 3226 
1820 3226 
1821 3226 
1822 3226 
1823 3226 
1824 3226 
1825 3226 
1826 3226 
1827 3226 
1828 3226 
1829 3226 
1830 3226 
1831 3226 
1832 3226 
1833 3226 
1834 3226 
1835 3226 
1836 3226 
1837 3226 
1838 3226 
1839 3226 
1840 3226 
1841 3226 
1842 3226 
1843 3226 
1844 3226 
1845 3226 
1846 3226 
1847 3226 
1848 3226 
1849 3226 
1850 3226 
1851 3226 
1852 3226 
1853 3226 
1854 3226 
1855 3226 
1856 3226 
1857 3226 
1858 3226 
1859 3226 
1860 3226 
1861 3226 
1862 3226 
1863 3226 
1864 3226 
1865 3226 
1866 3226 
1867 3226 
1868 3226 
1869 3226 
1870 3226 
1871 3226 
1872 3226 
1873 3226 
1874 3226 
1875 3226 
1876 3226 
1877 3226 
1878 3226 
1879 3226 
1880 3226 
1881 3226 
1882 3226 
1883 3226 
1884 3226 
1885 3226 
1886 3226 
1887 3226 
1888 3226 
1889 3226 
1890 3226 
1891 3226 
1892 3226 
1893 3226 
1894 3226 
1895 3226 
1896 3226 
1897 3226 
1898 3226 
1899 3226 
1900 3226 
1901 3226 
1902 3226 
1903 3226 
1904 3226 
1905 3226 
1906 3226 
1907 3226 
1908 3226 
1909 3226 
1910 3226 
1911 3226 
1912 3226 
1913 3226 
1914 3226 
1915 3226 
1916 3226 
1917 3226 
1918 3226 
1919 3226 
1920 3226 
1921 3226 
1922 3226 
1923 3226 
1924 3226 
1925 3226 
1926 3226 
1927 3226 
1928 3226 
1929 3226 
1930 3226 
1931 3226 
1932 3226 
1933 3226 
1934 3226 
1935 3226 
1936 3226 
1937 3226 
1938 3226 
1939 3226 
1940 3226 
1941 3226 
1942 3226 
1943 3226 
1944 3226 
1945 3226 
1946 3226 
1947 3226 
1948 3226 
1949 3226 
1950 3226 
1951 3226 
1952 3226 
1953 3226 
1954 3226 
1955 3226 
1956 3226 
1957 3226 
1958 3226 
1959 3226 
1960 3226 
1961 3226 
1962 3226 
1963 3226 
1964 3226 
1965 3226 
1966 3226 
1967 3226 
1968 3226 
1969 3226 
1970 3226 
1971 3226 
1972 3226 
1973 3226 
1974 3226 
1975 3226 
1976 3226 
1977 3226 
1978 3226 
1979 3226 
1980 3226 
1981 3226 
1982 3226 
1983 3226 
1984 3226 
1985 3226 
1986 3226 
1987 3226 
1988 3226 
1989 3226 
1990 3226 
1991 3226 
1992 3226 
1993 3226 
1994 3226 
1995 3226 
1996 3226 
1997 3226 
1998 3226 
1999 3226 
2000 3226 
2001 3226 
2002 3226 
2003 3226 
2004 3226 
2005 3226 
2006 3226 
2007 3226 
2008 3226 
2009 3226 
2010 3226 
2011 3226 
2012 3226 
2013 3226 
2014 3226 
2015 3226 
2016 3226 
2017 3226 
2018 3226 
2019 3226 
2020 3226 
2021 3226 
2022 3226 
2023 3226 
2024 3226 
2025 3226 
2026 3226 
2027 3226 
2028 3226 
2029 3226 
2030 3226 
2031 3226 
2032 3226 
2033 3226 
2034 3226 
2035 3226 
2036 3226 
2037 3226 
2038 3226 
2039 3226 
2040 3226 
2041 3226 
2042 3226 
2043 3226 
2044 3226 
2045 3226 
2046 3226 
2047 3226 
2048 3226 
2049 3226 
2050 3226 
2051 3226 
2052 3226 
2053 3226 
2054 3226 
2055 3226 
2056 3226 
2057 3226 
2058 3226 
2059 3226 
2060 3226 
2061 3226 
2062 3226 
2063 3226 
2064 3226 
2065 3226 
2066 3226 
2067 3226 
2068 3226 
2069 3226 
2070 3226 
2071 3226 
2072 3226 
2073 3226 
2074 3226 
2075 3226 
2076 3226 
2077 3226 
2078 3226 
2079 3226 
2080 3226 
2081 3226 
2082 3226 
2083 3226 
2084 3226 
2085 3226 
2086 3226 
2087 3226 
2088 3226 
2089 3226 
2090 3226 
2091 3226 
2092 3226 
2093 3226 
2094 3226 
2095 3226 
2096 3226 
2097 3226 
2098 3226 

