0 19130 
1 19092 
2 19044 
3 19016 
4 18702 
5 18668 
6 18324 
7 18274 
8 17854 
9 17792 
10 17668 
11 17578 
12 17526 
13 17498 
14 17482 
15 17472 
16 17448 
17 17328 
18 17276 
19 17138 
20 17126 
21 17086 
22 17064 
23 17022 
24 16996 
25 16966 
26 16948 
27 16752 
28 16492 
29 16290 
30 16242 
31 16198 
32 15986 
33 15812 
34 15456 
35 15410 
36 15322 
37 15276 
38 15102 
39 14982 
40 14944 
41 14700 
42 14664 
43 14494 
44 14292 
45 14138 
46 14136 
47 14128 
48 14046 
49 14026 
50 13902 
51 13820 
52 13776 
53 13688 
54 13678 
55 13648 
56 13386 
57 13212 
58 13088 
59 12936 
60 12900 
61 12750 
62 12746 
63 12550 
64 12540 
65 12538 
66 12478 
67 12442 
68 12268 
69 12232 
70 12198 
71 12048 
72 11840 
73 11518 
74 11492 
75 11412 
76 11300 
77 11284 
78 11196 
79 11180 
80 11130 
81 11124 
82 11020 
83 10940 
84 10756 
85 10612 
86 10554 
87 10362 
88 10302 
89 10270 
90 10122 
91 10020 
92 9962 
93 9862 
94 9802 
95 9652 
96 9576 
97 9536 
98 9426 
99 9340 
100 9018 
101 8998 
102 8930 
103 8688 
104 8562 
105 8560 
106 8150 
107 8014 
108 7888 
109 7698 
110 7642 
111 7630 
112 7456 
113 7364 
114 7352 
115 7312 
116 7238 
117 7210 
118 7210 
119 7162 
120 7156 
121 7094 
122 7082 
123 7082 
124 6976 
125 6918 
126 6870 
127 6678 
128 6666 
129 6634 
130 6626 
131 6596 
132 6510 
133 6490 
134 6380 
135 6340 
136 6324 
137 6264 
138 6254 
139 6102 
140 5924 
141 5720 
142 5690 
143 5602 
144 5602 
145 5470 
146 5470 
147 5470 
148 5470 
149 5470 
150 5470 
151 5470 
152 5470 
153 5470 
154 5470 
155 5470 
156 5470 
157 5470 
158 5470 
159 5470 
160 5470 
161 5470 
162 5470 
163 5470 
164 5470 
165 5470 
166 5470 
167 5470 
168 5470 
169 5470 
170 5470 
171 5470 
172 5470 
173 5470 
174 5470 
175 5470 
176 5470 
177 5470 
178 5470 
179 5470 
180 5470 
181 5470 
182 5470 
183 5470 
184 5470 
185 5470 
186 5470 
187 5470 
188 5470 
189 5470 
190 5470 
191 5470 
192 5470 
193 5470 
194 5470 
195 5470 
196 5470 
197 5470 
198 5470 
199 5470 
200 5470 
201 5470 
202 5470 
203 5470 
204 5470 
205 5470 
206 5470 
207 5470 
208 5470 
209 5470 
210 5470 
211 5470 
212 5470 
213 5470 
214 5470 
215 5470 
216 5470 
217 5470 
218 5470 
219 5470 
220 5470 
221 5470 
222 5470 
223 5470 
224 5470 
225 5470 
226 5470 
227 5470 
228 5470 
229 5470 
230 5470 
231 5470 
232 5470 
233 5470 
234 5470 
235 5470 
236 5470 
237 5470 
238 5470 
239 5470 
240 5470 
241 5470 
242 5470 
243 5470 
244 5470 
245 5470 
246 5470 
247 5470 
248 5470 
249 5470 
250 5470 
251 5470 
252 5470 
253 5470 
254 5470 
255 5470 
256 5470 
257 5470 
258 5470 
259 5470 
260 5470 
261 5470 
262 5470 
263 5470 
264 5470 
265 5470 
266 5470 
267 5470 
268 5470 
269 5470 
270 5470 
271 5470 
272 5470 
273 5470 
274 5470 
275 5470 
276 5470 
277 5470 
278 5470 
279 5470 
280 5470 
281 5470 
282 5470 
283 5470 
284 5470 
285 5470 
286 5470 
287 5470 
288 5470 
289 5470 
290 5470 
291 5470 
292 5470 
293 5470 
294 5470 
295 5470 
296 5470 
297 5470 
298 5470 
299 5470 
300 5470 
301 5470 
302 5470 
303 5470 
304 5470 
305 5470 
306 5470 
307 5470 
308 5470 
309 5470 
310 5470 
311 5470 
312 5470 
313 5470 
314 5470 
315 5470 
316 5470 
317 5470 
318 5470 
319 5470 
320 5470 
321 5470 
322 5470 
323 5470 
324 5470 
325 5470 
326 5470 
327 5470 
328 5470 
329 5470 
330 5470 
331 5470 
332 5470 
333 5470 
334 5470 
335 5470 
336 5470 
337 5470 
338 5470 
339 5470 
340 5470 
341 5470 
342 5470 
343 5470 
344 5470 
345 5470 
346 5470 
347 5470 
348 5470 
349 5470 
350 5470 
351 5470 
352 5470 
353 5470 
354 5470 
355 5470 
356 5470 
357 5470 
358 5470 
359 5470 
360 5470 
361 5470 
362 5470 
363 5470 
364 5470 
365 5470 
366 5470 
367 5470 
368 5470 
369 5470 
370 5470 
371 5470 
372 5470 
373 5470 
374 5470 
375 5470 
376 5470 
377 5470 
378 5470 
379 5470 
380 5470 
381 5470 
382 5470 
383 5470 
384 5470 
385 5470 
386 5470 
387 5470 
388 5470 
389 5470 
390 5470 
391 5470 
392 5470 
393 5470 
394 5470 
395 5470 
396 5470 
397 5470 
398 5470 
399 5470 
400 5470 
401 5470 
402 5470 
403 5470 
404 5470 
405 5470 
406 5470 
407 5470 
408 5470 
409 5470 
410 5470 
411 5470 
412 5470 
413 5470 
414 5470 
415 5470 
416 5470 
417 5470 
418 5470 
419 5470 
420 5470 
421 5470 
422 5470 
423 5470 
424 5470 
425 5470 
426 5470 
427 5470 
428 5470 
429 5470 
430 5470 
431 5470 
432 5470 
433 5470 
434 5470 
435 5470 
436 5470 
437 5470 
438 5470 
439 5470 
440 5470 
441 5470 
442 5470 
443 5470 
444 5470 
445 5470 
446 5470 
447 5470 
448 5470 
449 5470 
450 5470 
451 5470 
452 5470 
453 5470 
454 5470 
455 5470 
456 5470 
457 5470 
458 5470 
459 5470 
460 5470 
461 5470 
462 5470 
463 5470 
464 5470 
465 5470 
466 5470 
467 5470 
468 5470 
469 5470 
470 5470 
471 5470 
472 5470 
473 5470 
474 5470 
475 5470 
476 5470 
477 5470 
478 5470 
479 5470 
480 5470 
481 5470 
482 5470 
483 5470 
484 5470 
485 5470 
486 5470 
487 5470 
488 5470 
489 5470 
490 5470 
491 5470 
492 5470 
493 5470 
494 5470 
495 5470 
496 5470 
497 5470 
498 5470 
499 5470 
500 5470 
501 5470 
502 5470 
503 5470 
504 5470 
505 5470 
506 5470 
507 5470 
508 5470 
509 5470 
510 5470 
511 5470 
512 5470 
513 5470 
514 5470 
515 5470 
516 5470 
517 5470 
518 5470 
519 5470 
520 5470 
521 5470 
522 5470 
523 5470 
524 5470 
525 5470 
526 5470 
527 5470 
528 5470 
529 5470 
530 5470 
531 5470 
532 5470 
533 5470 
534 5470 
535 5470 
536 5470 
537 5470 
538 5470 
539 5470 
540 5470 
541 5470 
542 5470 
543 5470 
544 5470 
545 5470 
546 5470 
547 5470 
548 5470 
549 5470 
550 5470 
551 5470 
552 5470 
553 5470 
554 5470 
555 5470 
556 5470 
557 5470 
558 5470 
559 5470 
560 5470 
561 5470 
562 5470 
563 5470 
564 5470 
565 5470 
566 5470 
567 5470 
568 5470 
569 5470 
570 5470 
571 5470 
572 5470 
573 5470 
574 5470 
575 5470 
576 5470 
577 5470 
578 5470 
579 5470 
580 5470 
581 5470 
582 5470 
583 5470 
584 5470 
585 5470 
586 5470 
587 5470 
588 5470 
589 5470 
590 5470 
591 5470 
592 5470 
593 5470 
594 5470 
595 5470 
596 5470 
597 5470 
598 5470 
599 5470 
600 5470 
601 5470 
602 5470 
603 5470 
604 5470 
605 5470 
606 5470 
607 5470 
608 5470 
609 5470 
610 5470 
611 5470 
612 5470 
613 5470 
614 5470 
615 5470 
616 5470 
617 5470 
618 5470 
619 5470 
620 5470 
621 5470 
622 5470 
623 5470 
624 5470 
625 5470 
626 5470 
627 5470 
628 5470 
629 5470 
630 5470 
631 5470 
632 5470 
633 5470 
634 5470 
635 5470 
636 5470 
637 5470 
638 5470 
639 5470 
640 5470 
641 5470 
642 5470 
643 5470 
644 5470 
645 5470 
646 5470 
647 5470 
648 5470 
649 5470 
650 5470 
651 5470 
652 5470 
653 5470 
654 5470 
655 5470 
656 5470 
657 5470 
658 5470 
659 5470 
660 5470 
661 5470 
662 5470 
663 5470 
664 5470 
665 5470 
666 5470 
667 5470 
668 5470 
669 5470 
670 5470 
671 5470 
672 5470 
673 5470 
674 5470 
675 5470 
676 5470 
677 5470 
678 5470 
679 5470 
680 5470 
681 5470 
682 5470 
683 5470 
684 5470 
685 5470 
686 5470 
687 5470 
688 5470 
689 5470 
690 5470 
691 5470 
692 5470 
693 5470 
694 5470 
695 5470 
696 5470 
697 5470 
698 5470 
699 5470 
700 5470 
701 5470 
702 5470 
703 5470 
704 5470 
705 5470 
706 5470 
707 5470 
708 5470 
709 5470 
710 5470 
711 5470 
712 5470 
713 5470 
714 5470 
715 5470 
716 5470 
717 5470 
718 5470 
719 5470 
720 5470 
721 5470 
722 5470 
723 5470 
724 5470 
725 5470 
726 5470 
727 5470 
728 5470 
729 5470 
730 5470 
731 5470 
732 5470 
733 5470 
734 5470 
735 5470 
736 5470 
737 5470 
738 5470 
739 5470 
740 5470 
741 5470 
742 5470 
743 5470 
744 5470 
745 5470 
746 5470 
747 5470 
748 5470 
749 5470 
750 5470 
751 5470 
752 5470 
753 5470 
754 5470 
755 5470 
756 5470 
757 5470 
758 5470 
759 5470 
760 5470 
761 5470 
762 5470 
763 5470 
764 5470 
765 5470 
766 5470 
767 5470 
768 5470 
769 5470 
770 5470 
771 5470 
772 5470 
773 5470 
774 5470 
775 5470 
776 5470 
777 5470 
778 5470 
779 5470 
780 5470 
781 5470 
782 5470 
783 5470 
784 5470 
785 5470 
786 5470 
787 5470 
788 5470 
789 5470 
790 5470 
791 5470 
792 5470 
793 5470 
794 5470 
795 5470 
796 5470 
797 5470 
798 5470 
799 5470 
800 5470 
801 5470 
802 5470 
803 5470 
804 5470 
805 5470 
806 5470 
807 5470 
808 5470 
809 5470 
810 5470 
811 5470 
812 5470 
813 5470 
814 5470 
815 5470 
816 5470 
817 5470 
818 5470 
819 5470 
820 5470 
821 5470 
822 5470 
823 5470 
824 5470 
825 5470 
826 5470 
827 5470 
828 5470 
829 5470 
830 5470 
831 5470 
832 5470 
833 5470 
834 5470 
835 5470 
836 5470 
837 5470 
838 5470 
839 5470 
840 5470 
841 5470 
842 5470 
843 5470 
844 5470 
845 5470 
846 5470 
847 5470 
848 5470 
849 5470 
850 5470 
851 5470 
852 5470 
853 5470 
854 5470 
855 5470 
856 5470 
857 5470 
858 5470 
859 5470 
860 5470 
861 5470 
862 5470 
863 5470 
864 5470 
865 5470 
866 5470 
867 5470 
868 5470 
869 5470 
870 5470 
871 5470 
872 5470 
873 5470 
874 5470 
875 5470 
876 5470 
877 5470 
878 5470 
879 5470 
880 5470 
881 5470 
882 5470 
883 5470 
884 5470 
885 5470 
886 5470 
887 5470 
888 5470 
889 5470 
890 5470 
891 5470 
892 5470 
893 5470 
894 5470 
895 5470 
896 5470 
897 5470 
898 5470 
899 5470 
900 5470 
901 5470 
902 5470 
903 5470 
904 5470 
905 5470 
906 5470 
907 5470 
908 5470 
909 5470 
910 5470 
911 5470 
912 5470 
913 5470 
914 5470 
915 5470 
916 5470 
917 5470 
918 5470 
919 5470 
920 5470 
921 5470 
922 5470 
923 5470 
924 5470 
925 5470 
926 5470 
927 5470 
928 5470 
929 5470 
930 5470 
931 5470 
932 5470 
933 5470 
934 5470 
935 5470 
936 5470 
937 5470 
938 5470 
939 5470 
940 5470 
941 5470 
942 5470 
943 5470 
944 5470 
945 5470 
946 5470 
947 5470 
948 5470 
949 5470 
950 5470 
951 5470 
952 5470 
953 5470 
954 5470 
955 5470 
956 5470 
957 5470 
958 5470 
959 5470 
960 5470 
961 5470 
962 5470 
963 5470 
964 5470 
965 5470 
966 5470 
967 5470 
968 5470 
969 5470 
970 5470 
971 5470 
972 5470 
973 5470 
974 5470 
975 5470 
976 5470 
977 5470 
978 5470 
979 5470 
980 5470 
981 5470 
982 5470 
983 5470 
984 5470 
985 5470 
986 5470 
987 5470 
988 5470 
989 5470 
990 5470 
991 5470 
992 5470 
993 5470 
994 5470 
995 5470 
996 5470 
997 5470 
998 5470 
999 5470 
1000 5470 
1001 5470 
1002 5470 
1003 5470 
1004 5470 
1005 5470 
1006 5470 
1007 5470 
1008 5470 
1009 5470 
1010 5470 
1011 5470 
1012 5470 
1013 5470 
1014 5470 
1015 5470 
1016 5470 
1017 5470 
1018 5470 
1019 5470 
1020 5470 
1021 5470 
1022 5470 
1023 5470 
1024 5470 
1025 5470 
1026 5470 
1027 5470 
1028 5470 
1029 5470 
1030 5470 
1031 5470 
1032 5470 
1033 5470 
1034 5470 
1035 5470 
1036 5470 
1037 5470 
1038 5470 
1039 5470 
1040 5470 
1041 5470 
1042 5470 
1043 5470 
1044 5470 
1045 5470 
1046 5470 
1047 5470 
1048 5470 
1049 5470 
1050 5470 
1051 5470 
1052 5470 
1053 5470 
1054 5470 
1055 5470 
1056 5470 
1057 5470 
1058 5470 
1059 5470 
1060 5470 
1061 5470 
1062 5470 
1063 5470 
1064 5470 
1065 5470 
1066 5470 
1067 5470 
1068 5470 
1069 5470 
1070 5470 
1071 5470 
1072 5470 
1073 5470 
1074 5470 
1075 5470 
1076 5470 
1077 5470 
1078 5470 
1079 5470 
1080 5470 
1081 5470 
1082 5470 
1083 5470 
1084 5470 
1085 5470 
1086 5470 
1087 5470 
1088 5470 
1089 5470 
1090 5470 
1091 5470 
1092 5470 
1093 5470 
1094 5470 
1095 5470 
1096 5470 
1097 5470 
1098 5470 
1099 5470 
1100 5470 
1101 5470 
1102 5470 
1103 5470 
1104 5470 
1105 5470 
1106 5470 
1107 5470 
1108 5470 
1109 5470 
1110 5470 
1111 5470 
1112 5470 
1113 5470 
1114 5470 
1115 5470 
1116 5470 
1117 5470 
1118 5470 
1119 5470 
1120 5470 
1121 5470 
1122 5470 
1123 5470 
1124 5470 
1125 5470 
1126 5470 
1127 5470 
1128 5470 
1129 5470 
1130 5470 
1131 5470 
1132 5470 
1133 5470 
1134 5470 
1135 5470 
1136 5470 
1137 5470 
1138 5470 
1139 5470 
1140 5470 
1141 5470 
1142 5470 
1143 5470 
1144 5470 
1145 5470 
1146 5470 
1147 5470 
1148 5470 
1149 5470 
1150 5470 
1151 5470 
1152 5470 
1153 5470 
1154 5470 
1155 5470 
1156 5470 
1157 5470 
1158 5470 
1159 5470 
1160 5470 
1161 5470 
1162 5470 
1163 5470 
1164 5470 
1165 5470 
1166 5470 
1167 5470 
1168 5470 
1169 5470 
1170 5470 
1171 5470 
1172 5470 
1173 5470 
1174 5470 
1175 5470 
1176 5470 
1177 5470 
1178 5470 
1179 5470 
1180 5470 
1181 5470 
1182 5470 
1183 5470 
1184 5470 
1185 5470 
1186 5470 
1187 5470 
1188 5470 
1189 5470 
1190 5470 
1191 5470 
1192 5470 
1193 5470 
1194 5470 
1195 5470 
1196 5470 
1197 5470 
1198 5470 
1199 5470 
1200 5470 
1201 5470 
1202 5470 
1203 5470 
1204 5470 
1205 5470 
1206 5470 
1207 5470 
1208 5470 
1209 5470 
1210 5470 
1211 5470 
1212 5470 
1213 5470 
1214 5470 
1215 5470 
1216 5470 
1217 5470 
1218 5470 
1219 5470 
1220 5470 
1221 5470 
1222 5470 
1223 5470 
1224 5470 
1225 5470 
1226 5470 
1227 5470 
1228 5470 
1229 5470 
1230 5470 
1231 5470 
1232 5470 
1233 5470 
1234 5470 
1235 5470 
1236 5470 
1237 5470 
1238 5470 
1239 5470 
1240 5470 
1241 5470 
1242 5470 
1243 5470 
1244 5470 
1245 5470 
1246 5470 
1247 5470 
1248 5470 
1249 5470 
1250 5470 
1251 5470 
1252 5470 
1253 5470 
1254 5470 
1255 5470 
1256 5470 
1257 5470 
1258 5470 
1259 5470 
1260 5470 
1261 5470 
1262 5470 
1263 5470 
1264 5470 
1265 5470 
1266 5470 
1267 5470 
1268 5470 
1269 5470 
1270 5470 
1271 5470 
1272 5470 
1273 5470 
1274 5470 
1275 5470 
1276 5470 
1277 5470 
1278 5470 
1279 5470 
1280 5470 
1281 5470 
1282 5470 
1283 5470 
1284 5470 
1285 5470 
1286 5470 
1287 5470 
1288 5470 
1289 5470 
1290 5470 
1291 5470 
1292 5470 
1293 5470 
1294 5470 
1295 5470 
1296 5470 
1297 5470 
1298 5470 
1299 5470 
1300 5470 
1301 5470 
1302 5470 
1303 5470 
1304 5470 
1305 5470 
1306 5470 
1307 5470 
1308 5470 
1309 5470 
1310 5470 
1311 5470 
1312 5470 
1313 5470 
1314 5470 
1315 5470 
1316 5470 
1317 5470 
1318 5470 
1319 5470 
1320 5470 
1321 5470 
1322 5470 
1323 5470 
1324 5470 
1325 5470 
1326 5470 
1327 5470 
1328 5470 
1329 5470 
1330 5470 
1331 5470 
1332 5470 
1333 5470 
1334 5470 
1335 5470 
1336 5470 
1337 5470 
1338 5470 
1339 5470 
1340 5470 
1341 5470 
1342 5470 
1343 5470 
1344 5470 
1345 5470 
1346 5470 
1347 5470 
1348 5470 
1349 5470 
1350 5470 
1351 5470 
1352 5470 
1353 5470 
1354 5470 
1355 5470 
1356 5470 
1357 5470 
1358 5470 
1359 5470 
1360 5470 
1361 5470 
1362 5470 
1363 5470 
1364 5470 
1365 5470 
1366 5470 
1367 5470 
1368 5470 
1369 5470 
1370 5470 
1371 5470 
1372 5470 
1373 5470 
1374 5470 
1375 5470 
1376 5470 
1377 5470 
1378 5470 
1379 5470 
1380 5470 
1381 5470 
1382 5470 
1383 5470 
1384 5470 
1385 5470 
1386 5470 
1387 5470 
1388 5470 
1389 5470 
1390 5470 
1391 5470 
1392 5470 
1393 5470 
1394 5470 
1395 5470 
1396 5470 
1397 5470 
1398 5470 
1399 5470 
1400 5470 
1401 5470 
1402 5470 
1403 5470 
1404 5470 
1405 5470 
1406 5470 
1407 5470 
1408 5470 
1409 5470 
1410 5470 
1411 5470 
1412 5470 
1413 5470 
1414 5470 
1415 5470 
1416 5470 
1417 5470 
1418 5470 
1419 5470 
1420 5470 
1421 5470 
1422 5470 
1423 5470 
1424 5470 
1425 5470 
1426 5470 
1427 5470 
1428 5470 
1429 5470 
1430 5470 
1431 5470 
1432 5470 
1433 5470 
1434 5470 
1435 5470 
1436 5470 
1437 5470 
1438 5470 
1439 5470 
1440 5470 
1441 5470 
1442 5470 
1443 5470 
1444 5470 
1445 5470 
1446 5470 
1447 5470 
1448 5470 
1449 5470 
1450 5470 
1451 5470 
1452 5470 
1453 5470 
1454 5470 
1455 5470 
1456 5470 
1457 5470 
1458 5470 
1459 5470 
1460 5470 
1461 5470 
1462 5470 
1463 5470 
1464 5470 
1465 5470 
1466 5470 
1467 5470 
1468 5470 
1469 5470 
1470 5470 
1471 5470 
1472 5470 
1473 5470 
1474 5470 
1475 5470 
1476 5470 
1477 5470 
1478 5470 
1479 5470 
1480 5470 
1481 5470 
1482 5470 
1483 5470 
1484 5470 
1485 5470 
1486 5470 
1487 5470 
1488 5470 
1489 5470 
1490 5470 
1491 5470 
1492 5470 
1493 5470 
1494 5470 
1495 5470 
1496 5470 
1497 5470 
1498 5470 
1499 5470 
1500 5470 
1501 5470 
1502 5470 
1503 5470 
1504 5470 
1505 5470 
1506 5470 
1507 5470 
1508 5470 
1509 5470 
1510 5470 
1511 5470 
1512 5470 
1513 5470 
1514 5470 
1515 5470 
1516 5470 
1517 5470 
1518 5470 
1519 5470 
1520 5470 
1521 5470 
1522 5470 
1523 5470 
1524 5470 
1525 5470 
1526 5470 
1527 5470 
1528 5470 
1529 5470 
1530 5470 
1531 5470 
1532 5470 
1533 5470 
1534 5470 
1535 5470 
1536 5470 
1537 5470 
1538 5470 
1539 5470 
1540 5470 
1541 5470 
1542 5470 
1543 5470 
1544 5470 
1545 5470 
1546 5470 
1547 5470 
1548 5470 
1549 5470 
1550 5470 
1551 5470 
1552 5470 
1553 5470 
1554 5470 
1555 5470 
1556 5470 
1557 5470 
1558 5470 
1559 5470 
1560 5470 
1561 5470 
1562 5470 
1563 5470 
1564 5470 
1565 5470 
1566 5470 
1567 5470 
1568 5470 
1569 5470 
1570 5470 
1571 5470 
1572 5470 
1573 5470 
1574 5470 
1575 5470 
1576 5470 
1577 5470 
1578 5470 
1579 5470 
1580 5470 
1581 5470 
1582 5470 
1583 5470 
1584 5470 
1585 5470 
1586 5470 
1587 5470 
1588 5470 
1589 5470 
1590 5470 
1591 5470 
1592 5470 
1593 5470 
1594 5470 
1595 5470 
1596 5470 
1597 5470 
1598 5470 
1599 5470 
1600 5470 
1601 5470 
1602 5470 
1603 5470 
1604 5470 
1605 5470 
1606 5470 
1607 5470 
1608 5470 
1609 5470 
1610 5470 
1611 5470 
1612 5470 
1613 5470 
1614 5470 
1615 5470 
1616 5470 
1617 5470 
1618 5470 
1619 5470 
1620 5470 
1621 5470 
1622 5470 
1623 5470 
1624 5470 
1625 5470 
1626 5470 
1627 5470 
1628 5470 
1629 5470 
1630 5470 
1631 5470 
1632 5470 
1633 5470 
1634 5470 
1635 5470 
1636 5470 
1637 5470 
1638 5470 
1639 5470 
1640 5470 
1641 5470 
1642 5470 
1643 5470 
1644 5470 
1645 5470 
1646 5470 
1647 5470 
1648 5470 
1649 5470 
1650 5470 
1651 5470 
1652 5470 
1653 5470 
1654 5470 
1655 5470 
1656 5470 
1657 5470 
1658 5470 
1659 5470 
1660 5470 
1661 5470 
1662 5470 
1663 5470 
1664 5470 
1665 5470 
1666 5470 
1667 5470 
1668 5470 
1669 5470 
1670 5470 
1671 5470 
1672 5470 
1673 5470 
1674 5470 
1675 5470 
1676 5470 
1677 5470 
1678 5470 
1679 5470 
1680 5470 
1681 5470 
1682 5470 
1683 5470 
1684 5470 
1685 5470 
1686 5470 
1687 5470 
1688 5470 
1689 5470 
1690 5470 
1691 5470 
1692 5470 
1693 5470 
1694 5470 
1695 5470 
1696 5470 
1697 5470 
1698 5470 
1699 5470 
1700 5470 
1701 5470 
1702 5470 
1703 5470 
1704 5470 
1705 5470 
1706 5470 
1707 5470 
1708 5470 
1709 5470 
1710 5470 
1711 5470 
1712 5470 
1713 5470 
1714 5470 
1715 5470 
1716 5470 
1717 5470 
1718 5470 
1719 5470 
1720 5470 
1721 5470 
1722 5470 
1723 5470 
1724 5470 
1725 5470 
1726 5470 
1727 5470 
1728 5470 
1729 5470 
1730 5470 
1731 5470 
1732 5470 
1733 5470 
1734 5470 
1735 5470 
1736 5470 
1737 5470 
1738 5470 
1739 5470 
1740 5470 
1741 5470 
1742 5470 
1743 5470 
1744 5470 
1745 5470 
1746 5470 
1747 5470 
1748 5470 
1749 5470 
1750 5470 
1751 5470 
1752 5470 
1753 5470 
1754 5470 
1755 5470 
1756 5470 
1757 5470 
1758 5470 
1759 5470 
1760 5470 
1761 5470 
1762 5470 
1763 5470 
1764 5470 
1765 5470 
1766 5470 
1767 5470 
1768 5470 
1769 5470 
1770 5470 
1771 5470 
1772 5470 
1773 5470 
1774 5470 
1775 5470 
1776 5470 
1777 5470 
1778 5470 
1779 5470 
1780 5470 
1781 5470 
1782 5470 
1783 5470 
1784 5470 
1785 5470 
1786 5470 
1787 5470 
1788 5470 
1789 5470 
1790 5470 
1791 5470 
1792 5470 
1793 5470 
1794 5470 
1795 5470 
1796 5470 
1797 5470 
1798 5470 
1799 5470 
1800 5470 
1801 5470 
1802 5470 
1803 5470 
1804 5470 
1805 5470 
1806 5470 
1807 5470 
1808 5470 
1809 5470 
1810 5470 
1811 5470 
1812 5470 
1813 5470 
1814 5470 
1815 5470 
1816 5470 
1817 5470 
1818 5470 
1819 5470 
1820 5470 
1821 5470 
1822 5470 
1823 5470 
1824 5470 
1825 5470 
1826 5470 
1827 5470 
1828 5470 
1829 5470 
1830 5470 
1831 5470 
1832 5470 
1833 5470 
1834 5470 
1835 5470 
1836 5470 
1837 5470 
1838 5470 
1839 5470 
1840 5470 
1841 5470 
1842 5470 
1843 5470 
1844 5470 
1845 5470 
1846 5470 
1847 5470 
1848 5470 
1849 5470 
1850 5470 
1851 5470 
1852 5470 
1853 5470 
1854 5470 
1855 5470 
1856 5470 
1857 5470 
1858 5470 
1859 5470 
1860 5470 
1861 5470 
1862 5470 
1863 5470 
1864 5470 
1865 5470 
1866 5470 
1867 5470 
1868 5470 
1869 5470 
1870 5470 
1871 5470 
1872 5470 
1873 5470 
1874 5470 
1875 5470 
1876 5470 
1877 5470 
1878 5470 
1879 5470 
1880 5470 
1881 5470 
1882 5470 
1883 5470 
1884 5470 
1885 5470 
1886 5470 
1887 5470 
1888 5470 
1889 5470 
1890 5470 
1891 5470 
1892 5470 
1893 5470 
1894 5470 
1895 5470 
1896 5470 
1897 5470 
1898 5470 
1899 5470 
1900 5470 
1901 5470 
1902 5470 
1903 5470 
1904 5470 
1905 5470 
1906 5470 
1907 5470 
1908 5470 
1909 5470 
1910 5470 
1911 5470 
1912 5470 
1913 5470 
1914 5470 
1915 5470 
1916 5470 
1917 5470 
1918 5470 
1919 5470 
1920 5470 
1921 5470 
1922 5470 
1923 5470 
1924 5470 
1925 5470 
1926 5470 
1927 5470 
1928 5470 
1929 5470 
1930 5470 
1931 5470 
1932 5470 
1933 5470 
1934 5470 
1935 5470 
1936 5470 
1937 5470 
1938 5470 
1939 5470 
1940 5470 
1941 5470 
1942 5470 
1943 5470 
1944 5470 
1945 5470 
1946 5470 
1947 5470 
1948 5470 
1949 5470 
1950 5470 
1951 5470 
1952 5470 
1953 5470 
1954 5470 
1955 5470 
1956 5470 
1957 5470 
1958 5470 
1959 5470 
1960 5470 
1961 5470 
1962 5470 
1963 5470 
1964 5470 
1965 5470 
1966 5470 
1967 5470 
1968 5470 
1969 5470 
1970 5470 
1971 5470 
1972 5470 
1973 5470 
1974 5470 
1975 5470 
1976 5470 
1977 5470 
1978 5470 
1979 5470 
1980 5470 
1981 5470 
1982 5470 
1983 5470 
1984 5470 
1985 5470 
1986 5470 
1987 5470 
1988 5470 
1989 5470 
1990 5470 
1991 5470 
1992 5470 
1993 5470 
1994 5470 
1995 5470 
1996 5470 
1997 5470 
1998 5470 
1999 5470 
2000 5470 
2001 5470 
2002 5470 
2003 5470 
2004 5470 
2005 5470 
2006 5470 
2007 5470 
2008 5470 
2009 5470 
2010 5470 
2011 5470 
2012 5470 
2013 5470 
2014 5470 
2015 5470 
2016 5470 
2017 5470 
2018 5470 
2019 5470 
2020 5470 
2021 5470 
2022 5470 
2023 5470 
2024 5470 
2025 5470 
2026 5470 
2027 5470 
2028 5470 
2029 5470 
2030 5470 
2031 5470 
2032 5470 
2033 5470 
2034 5470 
2035 5470 
2036 5470 
2037 5470 
2038 5470 
2039 5470 
2040 5470 
2041 5470 
2042 5470 
2043 5470 
2044 5470 
2045 5470 
2046 5470 
2047 5470 
2048 5470 
2049 5470 
2050 5470 
2051 5470 
2052 5470 
2053 5470 
2054 5470 
2055 5470 
2056 5470 
2057 5470 
2058 5470 
2059 5470 
2060 5470 
2061 5470 
2062 5470 
2063 5470 
2064 5470 
2065 5470 
2066 5470 
2067 5470 
2068 5470 
2069 5470 
2070 5470 
2071 5470 
2072 5470 
2073 5470 
2074 5470 
2075 5470 
2076 5470 
2077 5470 
2078 5470 
2079 5470 
2080 5470 
2081 5470 
2082 5470 
2083 5470 
2084 5470 
2085 5470 
2086 5470 
2087 5470 
2088 5470 
2089 5470 
2090 5470 
2091 5470 
2092 5470 
2093 5470 
2094 5470 
2095 5470 
2096 5470 
2097 5470 
2098 5470 
2099 5470 
2100 5470 
2101 5470 
2102 5470 
2103 5470 
2104 5470 
2105 5470 
2106 5470 
2107 5470 
2108 5470 
2109 5470 
2110 5470 
2111 5470 
2112 5470 
2113 5470 
2114 5470 
2115 5470 
2116 5470 
2117 5470 
2118 5470 
2119 5470 
2120 5470 
2121 5470 
2122 5470 
2123 5470 
2124 5470 
2125 5470 
2126 5470 
2127 5470 
2128 5470 
2129 5470 
2130 5470 
2131 5470 
2132 5470 
2133 5470 
2134 5470 
2135 5470 
2136 5470 
2137 5470 
2138 5470 
2139 5470 
2140 5470 
2141 5470 
2142 5470 
2143 5470 
2144 5470 
2145 5470 
2146 5470 
2147 5470 
2148 5470 
2149 5470 
2150 5470 
2151 5470 
2152 5470 
2153 5470 
2154 5470 
2155 5470 
2156 5470 
2157 5470 
2158 5470 
2159 5470 
2160 5470 
2161 5470 
2162 5470 
2163 5470 
2164 5470 
2165 5470 
2166 5470 
2167 5470 
2168 5470 
2169 5470 
2170 5470 
2171 5470 
2172 5470 
2173 5470 
2174 5470 
2175 5470 
2176 5470 
2177 5470 
2178 5470 
2179 5470 
2180 5470 
2181 5470 
2182 5470 
2183 5470 
2184 5470 
2185 5470 
2186 5470 
2187 5470 
2188 5470 
2189 5470 
2190 5470 
2191 5470 
2192 5470 
2193 5470 
2194 5470 
2195 5470 
2196 5470 
2197 5470 
2198 5470 
2199 5470 
2200 5470 
2201 5470 
2202 5470 
2203 5470 
2204 5470 
2205 5470 
2206 5470 
2207 5470 
2208 5470 
2209 5470 
2210 5470 
2211 5470 
2212 5470 
2213 5470 
2214 5470 
2215 5470 
2216 5470 
2217 5470 
2218 5470 
2219 5470 
2220 5470 
2221 5470 
2222 5470 
2223 5470 
2224 5470 
2225 5470 
2226 5470 
2227 5470 
2228 5470 
2229 5470 
2230 5470 
2231 5470 
2232 5470 
2233 5470 
2234 5470 
2235 5470 
2236 5470 
2237 5470 
2238 5470 
2239 5470 
2240 5470 
2241 5470 
2242 5470 
2243 5470 
2244 5470 
2245 5470 
2246 5470 
2247 5470 
2248 5470 
2249 5470 
2250 5470 
2251 5470 
2252 5470 
2253 5470 
2254 5470 
2255 5470 
2256 5470 
2257 5470 
2258 5470 
2259 5470 
2260 5470 
2261 5470 
2262 5470 
2263 5470 
2264 5470 
2265 5470 
2266 5470 
2267 5470 
2268 5470 
2269 5470 
2270 5470 
2271 5470 
2272 5470 
2273 5470 
2274 5470 
2275 5470 
2276 5470 
2277 5470 
2278 5470 
2279 5470 
2280 5470 
2281 5470 
2282 5470 
2283 5470 
2284 5470 
2285 5470 
2286 5470 
2287 5470 
2288 5470 
2289 5470 
2290 5470 
2291 5470 
2292 5470 
2293 5470 
2294 5470 
2295 5470 
2296 5470 
2297 5470 
2298 5470 
2299 5470 
2300 5470 
2301 5470 
2302 5470 
2303 5470 
2304 5470 
2305 5470 
2306 5470 
2307 5470 
2308 5470 
2309 5470 
2310 5470 
2311 5470 
2312 5470 
2313 5470 
2314 5470 
2315 5470 
2316 5470 
2317 5470 
2318 5470 
2319 5470 
2320 5470 
2321 5470 
2322 5470 
2323 5470 
2324 5470 
2325 5470 
2326 5470 
2327 5470 
2328 5470 
2329 5470 
2330 5470 
2331 5470 
2332 5470 
2333 5470 
2334 5470 
2335 5470 
2336 5470 
2337 5470 
2338 5470 
2339 5470 
2340 5470 
2341 5470 
2342 5470 
2343 5470 
2344 5470 
2345 5470 
2346 5470 
2347 5470 
2348 5470 
2349 5470 
2350 5470 
2351 5470 
2352 5470 
2353 5470 
2354 5470 
2355 5470 
2356 5470 
2357 5470 
2358 5470 
2359 5470 
2360 5470 
2361 5470 
2362 5470 
2363 5470 
2364 5470 
2365 5470 
2366 5470 
2367 5470 
2368 5470 
2369 5470 
2370 5470 
2371 5470 
2372 5470 
2373 5470 
2374 5470 
2375 5470 
2376 5470 
2377 5470 
2378 5470 
2379 5470 
2380 5470 
2381 5470 
2382 5470 
2383 5470 
2384 5470 
2385 5470 
2386 5470 
2387 5470 
2388 5470 
2389 5470 
2390 5470 
2391 5470 
2392 5470 
2393 5470 
2394 5470 
2395 5470 
2396 5470 
2397 5470 
2398 5470 
2399 5470 
2400 5470 
2401 5470 
2402 5470 
2403 5470 
2404 5470 
2405 5470 
2406 5470 
2407 5470 
2408 5470 
2409 5470 
2410 5470 
2411 5470 
2412 5470 
2413 5470 
2414 5470 
2415 5470 
2416 5470 
2417 5470 
2418 5470 
2419 5470 
2420 5470 
2421 5470 
2422 5470 
2423 5470 
2424 5470 
2425 5470 
2426 5470 
2427 5470 
2428 5470 
2429 5470 
2430 5470 
2431 5470 
2432 5470 
2433 5470 
2434 5470 
2435 5470 
2436 5470 
2437 5470 
2438 5470 
2439 5470 
2440 5470 
2441 5470 
2442 5470 
2443 5470 
2444 5470 
2445 5470 
2446 5470 
2447 5470 
2448 5470 
2449 5470 
2450 5470 
2451 5470 
2452 5470 
2453 5470 
2454 5470 
2455 5470 
2456 5470 
2457 5470 
2458 5470 
2459 5470 
2460 5470 
2461 5470 
2462 5470 
2463 5470 
2464 5470 
2465 5470 
2466 5470 
2467 5470 
2468 5470 
2469 5470 
2470 5470 
2471 5470 
2472 5470 
2473 5470 
2474 5470 
2475 5470 
2476 5470 
2477 5470 
2478 5470 
2479 5470 
2480 5470 
2481 5470 
2482 5470 
2483 5470 
2484 5470 
2485 5470 
2486 5470 
2487 5470 
2488 5470 
2489 5470 
2490 5470 
2491 5470 
2492 5470 
2493 5470 
2494 5470 
2495 5470 
2496 5470 
2497 5470 
2498 5470 
2499 5470 
2500 5470 
2501 5470 
2502 5470 
2503 5470 
2504 5470 
2505 5470 
2506 5470 
2507 5470 
2508 5470 
2509 5470 
2510 5470 
2511 5470 
2512 5470 
2513 5470 
2514 5470 
2515 5470 
2516 5470 
2517 5470 
2518 5470 
2519 5470 
2520 5470 
2521 5470 
2522 5470 
2523 5470 
2524 5470 
2525 5470 
2526 5470 
2527 5470 
2528 5470 
2529 5470 
2530 5470 
2531 5470 
2532 5470 
2533 5470 
2534 5470 
2535 5470 
2536 5470 
2537 5470 
2538 5470 
2539 5470 
2540 5470 
2541 5470 
2542 5470 
2543 5470 
2544 5470 
2545 5470 
2546 5470 
2547 5470 
2548 5470 
2549 5470 
2550 5470 
2551 5470 
2552 5470 
2553 5470 
2554 5470 
2555 5470 
2556 5470 
2557 5470 
2558 5470 
2559 5470 
2560 5470 
2561 5470 
2562 5470 
2563 5470 
2564 5470 
2565 5470 
2566 5470 
2567 5470 
2568 5470 
2569 5470 
2570 5470 
2571 5470 
2572 5470 
2573 5470 
2574 5470 
2575 5470 
2576 5470 
2577 5470 
2578 5470 
2579 5470 
2580 5470 
2581 5470 
2582 5470 
2583 5470 
2584 5470 
2585 5470 
2586 5470 
2587 5470 
2588 5470 
2589 5470 
2590 5470 
2591 5470 
2592 5470 
2593 5470 
2594 5470 
2595 5470 
2596 5470 
2597 5470 
2598 5470 
2599 5470 
2600 5470 
2601 5470 
2602 5470 
2603 5470 
2604 5470 
2605 5470 
2606 5470 
2607 5470 
2608 5470 
2609 5470 
2610 5470 
2611 5470 
2612 5470 
2613 5470 
2614 5470 
2615 5470 
2616 5470 
2617 5470 
2618 5470 
2619 5470 
2620 5470 
2621 5470 
2622 5470 
2623 5470 
2624 5470 
2625 5470 
2626 5470 
2627 5470 
2628 5470 
2629 5470 
2630 5470 
2631 5470 
2632 5470 
2633 5470 
2634 5470 
2635 5470 
2636 5470 
2637 5470 
2638 5470 
2639 5470 
2640 5470 
2641 5470 
2642 5470 
2643 5470 
2644 5470 
2645 5470 

