0 14230 
1 14170 
2 14160 
3 14020 
4 13950 
5 13782 
6 13710 
7 13206 
8 13186 
9 13012 
10 12954 
11 12926 
12 12882 
13 12828 
14 12800 
15 12562 
16 12340 
17 12244 
18 12180 
19 12002 
20 11988 
21 11958 
22 11942 
23 11886 
24 11742 
25 11704 
26 11668 
27 11616 
28 11614 
29 11542 
30 11498 
31 11488 
32 11376 
33 11324 
34 11224 
35 11192 
36 11144 
37 11140 
38 11106 
39 11060 
40 11032 
41 10990 
42 10976 
43 10926 
44 10898 
45 10866 
46 10862 
47 10802 
48 10778 
49 10712 
50 10682 
51 10640 
52 10596 
53 10570 
54 10444 
55 10246 
56 10242 
57 10240 
58 10216 
59 10206 
60 10190 
61 10182 
62 10074 
63 9910 
64 9798 
65 9742 
66 9716 
67 9500 
68 9396 
69 9356 
70 9286 
71 9242 
72 9202 
73 9152 
74 8990 
75 8948 
76 8920 
77 8842 
78 8822 
79 8810 
80 8780 
81 8722 
82 8668 
83 8570 
84 8546 
85 8484 
86 8456 
87 8282 
88 8278 
89 8278 
90 8162 
91 8142 
92 8098 
93 7994 
94 7956 
95 7898 
96 7880 
97 7800 
98 7676 
99 7658 
100 7614 
101 7564 
102 7544 
103 7536 
104 7522 
105 7514 
106 7502 
107 7466 
108 7410 
109 7404 
110 7326 
111 7300 
112 7220 
113 7082 
114 7062 
115 6992 
116 6968 
117 6938 
118 6930 
119 6928 
120 6928 
121 6848 
122 6828 
123 6828 
124 6828 
125 6828 
126 6828 
127 6828 
128 6828 
129 6828 
130 6792 
131 6792 

