0 105978 
1 105846 
2 105392 
3 105026 
4 104630 
5 104250 
6 104134 
7 104032 
8 103716 
9 103468 
10 103196 
11 103130 
12 102994 
13 101750 
14 101680 
15 100626 
16 100410 
17 100008 
18 98476 
19 98252 
20 97616 
21 96362 
22 95622 
23 94522 
24 93746 
25 93328 
26 92826 
27 91824 
28 88636 
29 87036 
30 84858 
31 84708 
32 84702 
33 82672 
34 82668 
35 81348 
36 81232 
37 79510 
38 79496 
39 78126 
40 77132 
41 74804 
42 74792 
43 74784 
44 74718 
45 74688 
46 74516 
47 73880 
48 73796 
49 73738 
50 73584 
51 71946 
52 71756 
53 69644 
54 69304 
55 69108 
56 68382 
57 68348 
58 68168 
59 66834 
60 65856 
61 65350 
62 64974 
63 64642 
64 63908 
65 62946 
66 61530 
67 61484 
68 61380 
69 61248 
70 61240 
71 60104 
72 60020 
73 59560 
74 59348 
75 59328 
76 59118 
77 57430 
78 57158 
79 56344 
80 55684 
81 55666 
82 55632 
83 52474 
84 51434 
85 51302 
86 50496 
87 50452 
88 50438 
89 49932 
90 49900 
91 49622 
92 48910 
93 48826 
94 47454 
95 45862 
96 42858 
97 42838 
98 42154 
99 42122 
100 40964 
101 40942 
102 40922 
103 40466 
104 40340 
105 39828 
106 39244 
107 39172 
108 39126 
109 37908 
110 37754 
111 36626 
112 34374 
113 34356 
114 32900 
115 32740 
116 31680 
117 30712 
118 26652 
119 26250 
120 26226 
121 26202 
122 26178 
123 24940 
124 24908 
125 24284 
126 24280 
127 23180 
128 22752 
129 22704 
130 22684 
131 22488 
132 21578 
133 21438 
134 20736 
135 19740 
136 19740 
137 19740 
138 19740 
139 19740 
140 19740 
141 19636 
142 19636 

