0 11676 
1 11662 
2 11574 
3 11486 
4 11406 
5 11328 
6 11278 
7 11242 
8 11238 
9 11168 
10 11056 
11 11008 
12 10956 
13 10912 
14 10802 
15 10526 
16 10402 
17 10270 
18 10132 
19 10060 
20 10032 
21 9968 
22 9512 
23 9408 
24 9318 
25 9234 
26 9210 
27 9144 
28 9124 
29 9082 
30 9040 
31 8964 
32 8904 
33 8880 
34 8868 
35 8604 
36 8578 
37 8378 
38 8358 
39 8230 
40 8060 
41 7764 
42 7626 
43 7618 
44 7592 
45 7554 
46 7544 
47 7364 
48 7352 
49 7072 
50 7036 
51 6900 
52 6864 
53 6838 
54 6800 
55 6670 
56 6646 
57 6570 
58 6466 
59 6338 
60 6334 
61 6132 
62 6120 
63 6090 
64 6042 
65 6040 
66 6028 
67 5998 
68 5960 
69 5920 
70 5894 
71 5820 
72 5784 
73 5766 
74 5692 
75 5384 
76 5258 
77 5148 
78 5124 
79 5052 
80 4972 
81 4912 
82 4900 
83 4884 
84 4696 
85 4676 
86 4566 
87 4562 
88 4532 
89 4478 
90 4474 
91 4446 
92 4420 
93 4096 
94 4058 
95 4026 
96 4022 
97 3986 
98 3952 
99 3748 
100 3748 
101 3704 
102 3632 
103 3624 
104 3552 
105 3444 
106 3444 
107 3418 
108 3386 
109 3382 
110 3268 
111 3258 
112 3250 
113 3250 
114 3222 
115 3206 
116 3206 
117 3206 
118 3206 
119 3206 
120 3206 
121 3206 
122 3206 
123 3206 
124 3206 
125 3206 
126 3206 
127 3206 
128 3206 
129 3206 
130 3206 
131 3206 
132 3206 
133 3206 
134 3206 
135 3206 
136 3206 
137 3206 
138 3206 
139 3206 
140 3206 
141 3206 
142 3206 
143 3206 
144 3206 
145 3206 
146 3206 
147 3206 
148 3206 
149 3206 
150 3206 
151 3206 
152 3206 
153 3206 
154 3206 
155 3206 
156 3206 
157 3206 
158 3206 
159 3206 
160 3206 
161 3206 
162 3206 
163 3206 
164 3206 
165 3206 
166 3206 
167 3206 
168 3206 
169 3206 
170 3206 
171 3206 
172 3206 
173 3206 
174 3206 
175 3206 
176 3206 
177 3206 
178 3206 
179 3206 
180 3206 
181 3206 
182 3206 
183 3206 
184 3206 
185 3206 
186 3206 
187 3206 
188 3206 
189 3206 
190 3206 
191 3206 
192 3206 
193 3206 
194 3206 
195 3206 
196 3206 
197 3206 
198 3206 
199 3206 
200 3206 
201 3206 
202 3206 
203 3206 
204 3206 
205 3206 
206 3206 
207 3206 
208 3206 
209 3206 
210 3206 
211 3206 
212 3206 
213 3206 
214 3206 
215 3206 
216 3206 
217 3206 
218 3206 
219 3206 
220 3206 
221 3206 
222 3206 
223 3206 
224 3206 
225 3206 
226 3206 
227 3206 
228 3206 
229 3206 
230 3206 
231 3206 
232 3206 
233 3206 
234 3206 
235 3206 
236 3206 
237 3206 
238 3206 
239 3206 
240 3206 
241 3206 
242 3206 
243 3206 
244 3206 
245 3206 
246 3206 
247 3206 
248 3206 
249 3206 
250 3206 
251 3206 
252 3206 
253 3206 
254 3206 
255 3206 
256 3206 
257 3206 
258 3206 
259 3206 
260 3206 
261 3206 
262 3206 
263 3206 
264 3206 
265 3206 
266 3206 
267 3206 
268 3206 
269 3206 
270 3206 
271 3206 
272 3206 
273 3206 
274 3206 
275 3206 
276 3206 
277 3206 
278 3206 
279 3206 
280 3206 
281 3206 
282 3206 
283 3206 
284 3206 
285 3206 
286 3206 
287 3206 
288 3206 
289 3206 
290 3206 
291 3206 
292 3206 
293 3206 
294 3206 
295 3206 
296 3206 
297 3206 
298 3206 
299 3206 
300 3206 
301 3206 
302 3206 
303 3206 
304 3206 
305 3206 
306 3206 
307 3206 
308 3206 
309 3206 
310 3206 
311 3206 
312 3206 
313 3206 
314 3206 
315 3206 
316 3206 
317 3206 
318 3206 
319 3206 
320 3206 
321 3206 
322 3206 
323 3206 
324 3206 
325 3206 
326 3206 
327 3206 
328 3206 
329 3206 
330 3206 
331 3206 
332 3206 
333 3206 
334 3206 
335 3206 
336 3206 
337 3206 
338 3206 
339 3206 
340 3206 
341 3206 
342 3206 
343 3206 
344 3206 
345 3206 
346 3206 
347 3206 
348 3206 
349 3206 
350 3206 
351 3206 
352 3206 
353 3206 
354 3206 
355 3206 
356 3206 
357 3206 
358 3206 
359 3206 
360 3206 
361 3206 
362 3206 
363 3206 
364 3206 
365 3206 
366 3206 
367 3206 
368 3206 
369 3206 
370 3206 
371 3206 
372 3206 
373 3206 
374 3206 
375 3206 
376 3206 
377 3206 
378 3206 
379 3206 
380 3206 
381 3206 
382 3206 
383 3206 
384 3206 
385 3206 
386 3206 
387 3206 
388 3206 
389 3206 
390 3206 
391 3206 
392 3206 
393 3206 
394 3206 
395 3206 
396 3206 
397 3206 
398 3206 
399 3206 
400 3206 
401 3206 
402 3206 
403 3206 
404 3206 
405 3206 
406 3206 
407 3206 
408 3206 
409 3206 
410 3206 
411 3206 
412 3206 
413 3206 
414 3206 
415 3206 
416 3206 
417 3206 
418 3206 
419 3206 
420 3206 
421 3206 
422 3206 
423 3206 
424 3206 
425 3206 
426 3206 
427 3206 
428 3206 
429 3206 
430 3206 
431 3206 
432 3206 
433 3206 
434 3206 
435 3206 
436 3206 
437 3206 
438 3206 
439 3206 
440 3206 
441 3206 
442 3206 
443 3206 
444 3206 
445 3206 
446 3206 
447 3206 
448 3206 
449 3206 
450 3206 
451 3206 
452 3206 
453 3206 
454 3206 
455 3206 
456 3206 
457 3206 
458 3206 
459 3206 
460 3206 
461 3206 
462 3206 
463 3206 
464 3206 
465 3206 
466 3206 
467 3206 
468 3206 
469 3206 
470 3206 
471 3206 
472 3206 
473 3206 
474 3206 
475 3206 
476 3206 
477 3206 
478 3206 
479 3206 
480 3206 
481 3206 
482 3206 
483 3206 
484 3206 
485 3206 
486 3206 
487 3206 
488 3206 
489 3206 
490 3206 
491 3206 
492 3206 
493 3206 
494 3206 
495 3206 
496 3206 
497 3206 
498 3206 
499 3206 
500 3206 
501 3206 
502 3206 
503 3206 
504 3206 
505 3206 
506 3206 
507 3206 
508 3206 
509 3206 
510 3206 
511 3206 
512 3206 
513 3206 
514 3206 
515 3206 
516 3206 
517 3206 
518 3206 
519 3206 
520 3206 
521 3206 
522 3206 
523 3206 
524 3206 
525 3206 
526 3206 
527 3206 
528 3206 
529 3206 
530 3206 
531 3206 
532 3206 
533 3206 
534 3206 
535 3206 
536 3206 
537 3206 
538 3206 
539 3206 
540 3206 
541 3206 
542 3206 
543 3206 
544 3206 
545 3206 
546 3206 
547 3206 
548 3206 
549 3206 
550 3206 
551 3206 
552 3206 
553 3206 
554 3206 
555 3206 
556 3206 
557 3206 
558 3206 
559 3206 
560 3206 
561 3206 
562 3206 
563 3206 
564 3206 
565 3206 
566 3206 
567 3206 
568 3206 
569 3206 
570 3206 
571 3206 
572 3206 
573 3206 
574 3206 
575 3206 
576 3206 
577 3206 
578 3206 
579 3206 
580 3206 
581 3206 
582 3206 
583 3206 
584 3206 
585 3206 
586 3206 
587 3206 
588 3206 
589 3206 
590 3206 
591 3206 
592 3206 
593 3206 
594 3206 
595 3206 
596 3206 
597 3206 
598 3206 
599 3206 
600 3206 
601 3206 
602 3206 
603 3206 
604 3206 
605 3206 
606 3206 
607 3206 
608 3206 
609 3206 
610 3206 
611 3206 
612 3206 
613 3206 
614 3206 
615 3206 
616 3206 
617 3206 
618 3206 
619 3206 
620 3206 
621 3206 
622 3206 
623 3206 
624 3206 
625 3206 
626 3206 
627 3206 
628 3206 
629 3206 
630 3206 
631 3206 
632 3206 
633 3206 
634 3206 
635 3206 
636 3206 
637 3206 
638 3206 
639 3206 
640 3206 
641 3206 
642 3206 
643 3206 
644 3206 
645 3206 
646 3206 
647 3206 
648 3206 
649 3206 
650 3206 
651 3206 
652 3206 
653 3206 
654 3206 
655 3206 
656 3206 
657 3206 
658 3206 
659 3206 
660 3206 
661 3206 
662 3206 
663 3206 
664 3206 
665 3206 
666 3206 
667 3206 
668 3206 
669 3206 
670 3206 
671 3206 
672 3206 
673 3206 
674 3206 
675 3206 
676 3206 
677 3206 
678 3206 
679 3206 
680 3206 
681 3206 
682 3206 
683 3206 
684 3206 
685 3206 
686 3206 
687 3206 
688 3206 
689 3206 
690 3206 
691 3206 
692 3206 
693 3206 
694 3206 
695 3206 
696 3206 
697 3206 
698 3206 
699 3206 
700 3206 
701 3206 
702 3206 
703 3206 
704 3206 
705 3206 
706 3206 
707 3206 
708 3206 
709 3206 
710 3206 
711 3206 
712 3206 
713 3206 
714 3206 
715 3206 
716 3206 
717 3206 
718 3206 
719 3206 
720 3206 
721 3206 
722 3206 
723 3206 
724 3206 
725 3206 
726 3206 
727 3206 
728 3206 
729 3206 
730 3206 
731 3206 
732 3206 
733 3206 
734 3206 
735 3206 
736 3206 
737 3206 
738 3206 
739 3206 
740 3206 
741 3206 
742 3206 
743 3206 
744 3206 
745 3206 
746 3206 
747 3206 
748 3206 
749 3206 
750 3206 
751 3206 
752 3206 
753 3206 
754 3206 
755 3206 
756 3206 
757 3206 
758 3206 
759 3206 
760 3206 
761 3206 
762 3206 
763 3206 
764 3206 
765 3206 
766 3206 
767 3206 
768 3206 
769 3206 
770 3206 
771 3206 
772 3206 
773 3206 
774 3206 
775 3206 
776 3206 
777 3206 
778 3206 
779 3206 
780 3206 
781 3206 
782 3206 
783 3206 
784 3206 
785 3206 
786 3206 
787 3206 
788 3206 
789 3206 
790 3206 
791 3206 
792 3206 
793 3206 
794 3206 
795 3206 
796 3206 
797 3206 
798 3206 
799 3206 
800 3206 
801 3206 
802 3206 
803 3206 
804 3206 
805 3206 
806 3206 
807 3206 
808 3206 
809 3206 
810 3206 
811 3206 
812 3206 
813 3206 
814 3206 
815 3206 
816 3206 
817 3206 
818 3206 
819 3206 
820 3206 
821 3206 
822 3206 
823 3206 
824 3206 
825 3206 
826 3206 
827 3206 
828 3206 
829 3206 
830 3206 
831 3206 
832 3206 
833 3206 
834 3206 
835 3206 
836 3206 
837 3206 
838 3206 
839 3206 
840 3206 
841 3206 
842 3206 
843 3206 
844 3206 
845 3206 
846 3206 
847 3206 
848 3206 
849 3206 
850 3206 
851 3206 
852 3206 
853 3206 
854 3206 
855 3206 
856 3206 
857 3206 
858 3206 
859 3206 
860 3206 
861 3206 
862 3206 
863 3206 
864 3206 
865 3206 
866 3206 
867 3206 
868 3206 
869 3206 
870 3206 
871 3206 
872 3206 
873 3206 
874 3206 
875 3206 
876 3206 
877 3206 
878 3206 
879 3206 
880 3206 
881 3206 
882 3206 
883 3206 
884 3206 
885 3206 
886 3206 
887 3206 
888 3206 
889 3206 
890 3206 
891 3206 
892 3206 
893 3206 
894 3206 
895 3206 
896 3206 
897 3206 
898 3206 
899 3206 
900 3206 
901 3206 
902 3206 
903 3206 
904 3206 
905 3206 
906 3206 
907 3206 
908 3206 
909 3206 
910 3206 
911 3206 
912 3206 
913 3206 
914 3206 
915 3206 
916 3206 
917 3206 
918 3206 
919 3206 
920 3206 
921 3206 
922 3206 
923 3206 
924 3206 
925 3206 
926 3206 
927 3206 
928 3206 
929 3206 
930 3206 
931 3206 
932 3206 
933 3206 
934 3206 
935 3206 
936 3206 
937 3206 
938 3206 
939 3206 
940 3206 
941 3206 
942 3206 
943 3206 
944 3206 
945 3206 
946 3206 
947 3206 
948 3206 
949 3206 
950 3206 
951 3206 
952 3206 
953 3206 
954 3206 
955 3206 
956 3206 
957 3206 
958 3206 
959 3206 
960 3206 
961 3206 
962 3206 
963 3206 
964 3206 
965 3206 
966 3206 
967 3206 
968 3206 
969 3206 
970 3206 
971 3206 
972 3206 
973 3206 
974 3206 
975 3206 
976 3206 
977 3206 
978 3206 
979 3206 
980 3206 
981 3206 
982 3206 
983 3206 
984 3206 
985 3206 
986 3206 
987 3206 
988 3206 
989 3206 
990 3206 
991 3206 
992 3206 
993 3206 
994 3206 
995 3206 
996 3206 
997 3206 
998 3206 
999 3206 
1000 3206 
1001 3206 
1002 3206 
1003 3206 
1004 3206 
1005 3206 
1006 3206 
1007 3206 
1008 3206 
1009 3206 
1010 3206 
1011 3206 
1012 3206 
1013 3206 
1014 3206 
1015 3206 
1016 3206 
1017 3206 
1018 3206 
1019 3206 
1020 3206 
1021 3206 
1022 3206 
1023 3206 
1024 3206 
1025 3206 
1026 3206 
1027 3206 
1028 3206 
1029 3206 
1030 3206 
1031 3206 
1032 3206 
1033 3206 
1034 3206 
1035 3206 
1036 3206 
1037 3206 
1038 3206 
1039 3206 
1040 3206 
1041 3206 
1042 3206 
1043 3206 
1044 3206 
1045 3206 
1046 3206 
1047 3206 
1048 3206 
1049 3206 
1050 3206 
1051 3206 
1052 3206 
1053 3206 
1054 3206 
1055 3206 
1056 3206 
1057 3206 
1058 3206 
1059 3206 
1060 3206 
1061 3206 
1062 3206 
1063 3206 
1064 3206 
1065 3206 
1066 3206 
1067 3206 
1068 3206 
1069 3206 
1070 3206 
1071 3206 
1072 3206 
1073 3206 
1074 3206 
1075 3206 
1076 3206 
1077 3206 
1078 3206 
1079 3206 
1080 3206 
1081 3206 
1082 3206 
1083 3206 
1084 3206 
1085 3206 
1086 3206 
1087 3206 
1088 3206 
1089 3206 
1090 3206 
1091 3206 
1092 3206 
1093 3206 
1094 3206 
1095 3206 
1096 3206 
1097 3206 
1098 3206 
1099 3206 
1100 3206 
1101 3206 
1102 3206 
1103 3206 
1104 3206 
1105 3206 
1106 3206 
1107 3206 
1108 3206 
1109 3206 
1110 3206 
1111 3206 
1112 3206 
1113 3206 
1114 3206 
1115 3206 
1116 3206 
1117 3206 
1118 3206 
1119 3206 
1120 3206 
1121 3206 
1122 3206 
1123 3206 
1124 3206 
1125 3206 
1126 3206 
1127 3206 
1128 3206 
1129 3206 
1130 3206 
1131 3206 
1132 3206 
1133 3206 
1134 3206 
1135 3206 
1136 3206 
1137 3206 
1138 3206 
1139 3206 
1140 3206 
1141 3206 
1142 3206 
1143 3206 
1144 3206 
1145 3206 
1146 3206 
1147 3206 
1148 3206 
1149 3206 
1150 3206 
1151 3206 
1152 3206 
1153 3206 
1154 3206 
1155 3206 
1156 3206 
1157 3206 
1158 3206 
1159 3206 
1160 3206 
1161 3206 
1162 3206 
1163 3206 
1164 3206 
1165 3206 
1166 3206 
1167 3206 
1168 3206 
1169 3206 
1170 3206 
1171 3206 
1172 3206 
1173 3206 
1174 3206 
1175 3206 
1176 3206 
1177 3206 
1178 3206 
1179 3206 
1180 3206 
1181 3206 
1182 3206 
1183 3206 
1184 3206 
1185 3206 
1186 3206 
1187 3206 
1188 3206 
1189 3206 
1190 3206 
1191 3206 
1192 3206 
1193 3206 
1194 3206 
1195 3206 
1196 3206 
1197 3206 
1198 3206 
1199 3206 
1200 3206 
1201 3206 
1202 3206 
1203 3206 
1204 3206 
1205 3206 
1206 3206 
1207 3206 
1208 3206 
1209 3206 
1210 3206 
1211 3206 
1212 3206 
1213 3206 
1214 3206 
1215 3206 
1216 3206 
1217 3206 
1218 3206 
1219 3206 
1220 3206 
1221 3206 
1222 3206 
1223 3206 
1224 3206 
1225 3206 
1226 3206 
1227 3206 
1228 3206 
1229 3206 
1230 3206 
1231 3206 
1232 3206 
1233 3206 
1234 3206 
1235 3206 
1236 3206 
1237 3206 
1238 3206 
1239 3206 
1240 3206 
1241 3206 
1242 3206 
1243 3206 
1244 3206 
1245 3206 
1246 3206 
1247 3206 
1248 3206 
1249 3206 
1250 3206 
1251 3206 
1252 3206 
1253 3206 
1254 3206 
1255 3206 
1256 3206 
1257 3206 
1258 3206 
1259 3206 
1260 3206 
1261 3206 
1262 3206 
1263 3206 
1264 3206 
1265 3206 
1266 3206 
1267 3206 
1268 3206 
1269 3206 
1270 3206 
1271 3206 
1272 3206 
1273 3206 
1274 3206 
1275 3206 
1276 3206 
1277 3206 
1278 3206 
1279 3206 
1280 3206 
1281 3206 
1282 3206 
1283 3206 
1284 3206 
1285 3206 
1286 3206 
1287 3206 
1288 3206 
1289 3206 
1290 3206 
1291 3206 
1292 3206 
1293 3206 
1294 3206 
1295 3206 
1296 3206 
1297 3206 
1298 3206 
1299 3206 
1300 3206 
1301 3206 
1302 3206 
1303 3206 
1304 3206 
1305 3206 
1306 3206 
1307 3206 
1308 3206 
1309 3206 
1310 3206 
1311 3206 
1312 3206 
1313 3206 
1314 3206 
1315 3206 
1316 3206 
1317 3206 
1318 3206 
1319 3206 
1320 3206 
1321 3206 
1322 3206 
1323 3206 
1324 3206 
1325 3206 
1326 3206 
1327 3206 
1328 3206 
1329 3206 
1330 3206 
1331 3206 
1332 3206 
1333 3206 
1334 3206 
1335 3206 
1336 3206 
1337 3206 
1338 3206 
1339 3206 
1340 3206 
1341 3206 
1342 3206 
1343 3206 
1344 3206 
1345 3206 
1346 3206 
1347 3206 
1348 3206 
1349 3206 
1350 3206 
1351 3206 
1352 3206 
1353 3206 
1354 3206 
1355 3206 
1356 3206 
1357 3206 
1358 3206 
1359 3206 
1360 3206 
1361 3206 
1362 3206 
1363 3206 
1364 3206 
1365 3206 
1366 3206 
1367 3206 
1368 3206 
1369 3206 
1370 3206 
1371 3206 
1372 3206 
1373 3206 
1374 3206 
1375 3206 
1376 3206 
1377 3206 
1378 3206 
1379 3206 
1380 3206 
1381 3206 
1382 3206 
1383 3206 
1384 3206 
1385 3206 
1386 3206 
1387 3206 
1388 3206 
1389 3206 
1390 3206 
1391 3206 
1392 3206 
1393 3206 
1394 3206 
1395 3206 
1396 3206 
1397 3206 
1398 3206 
1399 3206 
1400 3206 
1401 3206 
1402 3206 
1403 3206 
1404 3206 
1405 3206 
1406 3206 
1407 3206 
1408 3206 
1409 3206 
1410 3206 
1411 3206 
1412 3206 
1413 3206 
1414 3206 
1415 3206 
1416 3206 
1417 3206 
1418 3206 
1419 3206 
1420 3206 
1421 3206 
1422 3206 
1423 3206 
1424 3206 
1425 3206 
1426 3206 
1427 3206 
1428 3206 
1429 3206 
1430 3206 
1431 3206 
1432 3206 
1433 3206 
1434 3206 
1435 3206 
1436 3206 
1437 3206 
1438 3206 
1439 3206 
1440 3206 
1441 3206 
1442 3206 
1443 3206 
1444 3206 
1445 3206 
1446 3206 
1447 3206 
1448 3206 
1449 3206 
1450 3206 
1451 3206 
1452 3206 
1453 3206 
1454 3206 
1455 3206 
1456 3206 
1457 3206 
1458 3206 
1459 3206 
1460 3206 
1461 3206 
1462 3206 
1463 3206 
1464 3206 
1465 3206 
1466 3206 
1467 3206 
1468 3206 
1469 3206 
1470 3206 
1471 3206 
1472 3206 
1473 3206 
1474 3206 
1475 3206 
1476 3206 
1477 3206 
1478 3206 
1479 3206 
1480 3206 
1481 3206 
1482 3206 
1483 3206 
1484 3206 
1485 3206 
1486 3206 
1487 3206 
1488 3206 
1489 3206 
1490 3206 
1491 3206 
1492 3206 
1493 3206 
1494 3206 
1495 3206 
1496 3206 
1497 3206 
1498 3206 
1499 3206 
1500 3206 
1501 3206 
1502 3206 
1503 3206 
1504 3206 
1505 3206 
1506 3206 
1507 3206 
1508 3206 
1509 3206 
1510 3206 
1511 3206 
1512 3206 
1513 3206 
1514 3206 
1515 3206 
1516 3206 
1517 3206 
1518 3206 
1519 3206 
1520 3206 
1521 3206 
1522 3206 
1523 3206 
1524 3206 
1525 3206 
1526 3206 
1527 3206 
1528 3206 
1529 3206 
1530 3206 
1531 3206 
1532 3206 
1533 3206 
1534 3206 
1535 3206 
1536 3206 
1537 3206 
1538 3206 
1539 3206 
1540 3206 
1541 3206 
1542 3206 
1543 3206 
1544 3206 
1545 3206 
1546 3206 
1547 3206 
1548 3206 
1549 3206 
1550 3206 
1551 3206 
1552 3206 
1553 3206 
1554 3206 
1555 3206 
1556 3206 
1557 3206 
1558 3206 
1559 3206 
1560 3206 
1561 3206 
1562 3206 
1563 3206 
1564 3206 
1565 3206 
1566 3206 
1567 3206 
1568 3206 
1569 3206 
1570 3206 
1571 3206 
1572 3206 
1573 3206 
1574 3206 
1575 3206 
1576 3206 
1577 3206 
1578 3206 
1579 3206 
1580 3206 
1581 3206 
1582 3206 
1583 3206 
1584 3206 
1585 3206 
1586 3206 
1587 3206 
1588 3206 
1589 3206 
1590 3206 
1591 3206 
1592 3206 
1593 3206 
1594 3206 
1595 3206 
1596 3206 
1597 3206 
1598 3206 
1599 3206 
1600 3206 
1601 3206 
1602 3206 
1603 3206 
1604 3206 
1605 3206 
1606 3206 
1607 3206 
1608 3206 
1609 3206 
1610 3206 
1611 3206 
1612 3206 
1613 3206 
1614 3206 
1615 3206 
1616 3206 
1617 3206 
1618 3206 
1619 3206 
1620 3206 
1621 3206 
1622 3206 
1623 3206 
1624 3206 
1625 3206 
1626 3206 
1627 3206 
1628 3206 
1629 3206 
1630 3206 
1631 3206 
1632 3206 
1633 3206 
1634 3206 
1635 3206 
1636 3206 
1637 3206 
1638 3206 
1639 3206 
1640 3206 
1641 3206 
1642 3206 
1643 3206 
1644 3206 
1645 3206 
1646 3206 
1647 3206 
1648 3206 
1649 3206 
1650 3206 
1651 3206 
1652 3206 
1653 3206 
1654 3206 
1655 3206 
1656 3206 
1657 3206 
1658 3206 
1659 3206 
1660 3206 
1661 3206 
1662 3206 
1663 3206 
1664 3206 
1665 3206 
1666 3206 
1667 3206 
1668 3206 
1669 3206 
1670 3206 
1671 3206 
1672 3206 
1673 3206 
1674 3206 
1675 3206 
1676 3206 
1677 3206 
1678 3206 
1679 3206 
1680 3206 
1681 3206 
1682 3206 
1683 3206 
1684 3206 
1685 3206 
1686 3206 
1687 3206 
1688 3206 
1689 3206 
1690 3206 
1691 3206 
1692 3206 
1693 3206 
1694 3206 
1695 3206 
1696 3206 
1697 3206 
1698 3206 
1699 3206 
1700 3206 
1701 3206 
1702 3206 
1703 3206 
1704 3206 
1705 3206 
1706 3206 
1707 3206 
1708 3206 
1709 3206 
1710 3206 
1711 3206 
1712 3206 
1713 3206 
1714 3206 
1715 3206 
1716 3206 
1717 3206 
1718 3206 
1719 3206 
1720 3206 
1721 3206 
1722 3206 
1723 3206 
1724 3206 
1725 3206 
1726 3206 
1727 3206 
1728 3206 
1729 3206 
1730 3206 
1731 3206 
1732 3206 
1733 3206 
1734 3206 
1735 3206 
1736 3206 
1737 3206 
1738 3206 
1739 3206 
1740 3206 
1741 3206 
1742 3206 
1743 3206 
1744 3206 
1745 3206 
1746 3206 
1747 3206 
1748 3206 
1749 3206 
1750 3206 
1751 3206 
1752 3206 
1753 3206 
1754 3206 
1755 3206 
1756 3206 
1757 3206 
1758 3206 
1759 3206 
1760 3206 
1761 3206 
1762 3206 
1763 3206 
1764 3206 
1765 3206 
1766 3206 
1767 3206 
1768 3206 
1769 3206 
1770 3206 
1771 3206 
1772 3206 
1773 3206 
1774 3206 
1775 3206 
1776 3206 
1777 3206 
1778 3206 
1779 3206 
1780 3206 
1781 3206 
1782 3206 
1783 3206 
1784 3206 
1785 3206 
1786 3206 
1787 3206 
1788 3206 
1789 3206 
1790 3206 
1791 3206 
1792 3206 
1793 3206 
1794 3206 
1795 3206 
1796 3206 
1797 3206 
1798 3206 
1799 3206 
1800 3206 
1801 3206 
1802 3206 
1803 3206 
1804 3206 
1805 3206 
1806 3206 
1807 3206 
1808 3206 
1809 3206 
1810 3206 
1811 3206 
1812 3206 
1813 3206 
1814 3206 
1815 3206 
1816 3206 
1817 3206 
1818 3206 
1819 3206 
1820 3206 
1821 3206 
1822 3206 
1823 3206 
1824 3206 
1825 3206 
1826 3206 
1827 3206 
1828 3206 
1829 3206 
1830 3206 
1831 3206 
1832 3206 
1833 3206 
1834 3206 
1835 3206 
1836 3206 
1837 3206 
1838 3206 
1839 3206 
1840 3206 
1841 3206 
1842 3206 
1843 3206 
1844 3206 
1845 3206 
1846 3206 
1847 3206 
1848 3206 
1849 3206 
1850 3206 
1851 3206 
1852 3206 
1853 3206 
1854 3206 
1855 3206 
1856 3206 
1857 3206 
1858 3206 
1859 3206 
1860 3206 
1861 3206 
1862 3206 
1863 3206 
1864 3206 
1865 3206 
1866 3206 
1867 3206 
1868 3206 
1869 3206 
1870 3206 
1871 3206 
1872 3206 
1873 3206 
1874 3206 
1875 3206 
1876 3206 
1877 3206 
1878 3206 
1879 3206 
1880 3206 
1881 3206 
1882 3206 
1883 3206 
1884 3206 
1885 3206 
1886 3206 
1887 3206 
1888 3206 
1889 3206 
1890 3206 
1891 3206 
1892 3206 
1893 3206 
1894 3206 
1895 3206 
1896 3206 
1897 3206 
1898 3206 
1899 3206 
1900 3206 
1901 3206 
1902 3206 
1903 3206 
1904 3206 
1905 3206 
1906 3206 
1907 3206 
1908 3206 
1909 3206 
1910 3206 
1911 3206 
1912 3206 
1913 3206 
1914 3206 
1915 3206 
1916 3206 
1917 3206 
1918 3206 
1919 3206 
1920 3206 
1921 3206 
1922 3206 
1923 3206 
1924 3206 
1925 3206 
1926 3206 
1927 3206 
1928 3206 
1929 3206 
1930 3206 
1931 3206 
1932 3206 
1933 3206 
1934 3206 
1935 3206 
1936 3206 
1937 3206 
1938 3206 
1939 3206 
1940 3206 
1941 3206 
1942 3206 
1943 3206 
1944 3206 
1945 3206 
1946 3206 
1947 3206 
1948 3206 
1949 3206 
1950 3206 
1951 3206 
1952 3206 
1953 3206 
1954 3206 
1955 3206 
1956 3206 
1957 3206 
1958 3206 
1959 3206 
1960 3206 
1961 3206 
1962 3206 
1963 3206 
1964 3206 
1965 3206 
1966 3206 
1967 3206 
1968 3206 
1969 3206 
1970 3206 
1971 3206 
1972 3206 
1973 3206 
1974 3206 
1975 3206 
1976 3206 
1977 3206 
1978 3206 
1979 3206 
1980 3206 
1981 3206 
1982 3206 
1983 3206 
1984 3206 
1985 3206 
1986 3206 
1987 3206 
1988 3206 
1989 3206 
1990 3206 
1991 3206 
1992 3206 
1993 3206 
1994 3206 
1995 3206 
1996 3206 
1997 3206 
1998 3206 
1999 3206 
2000 3206 
2001 3206 
2002 3206 
2003 3206 
2004 3206 
2005 3206 
2006 3206 
2007 3206 
2008 3206 
2009 3206 
2010 3206 
2011 3206 
2012 3206 
2013 3206 
2014 3206 
2015 3206 
2016 3206 
2017 3206 
2018 3206 
2019 3206 
2020 3206 
2021 3206 
2022 3206 
2023 3206 
2024 3206 
2025 3206 
2026 3206 
2027 3206 
2028 3206 
2029 3206 
2030 3206 
2031 3206 
2032 3206 
2033 3206 
2034 3206 
2035 3206 
2036 3206 
2037 3206 
2038 3206 
2039 3206 
2040 3206 
2041 3206 
2042 3206 
2043 3206 
2044 3206 
2045 3206 
2046 3206 
2047 3206 
2048 3206 
2049 3206 
2050 3206 
2051 3206 
2052 3206 
2053 3206 
2054 3206 
2055 3206 
2056 3206 
2057 3206 
2058 3206 
2059 3206 
2060 3206 
2061 3206 
2062 3206 
2063 3206 
2064 3206 
2065 3206 
2066 3206 
2067 3206 
2068 3206 
2069 3206 
2070 3206 
2071 3206 
2072 3206 
2073 3206 
2074 3206 
2075 3206 
2076 3206 
2077 3206 
2078 3206 
2079 3206 
2080 3206 
2081 3206 
2082 3206 
2083 3206 
2084 3206 
2085 3206 
2086 3206 
2087 3206 
2088 3206 
2089 3206 
2090 3206 
2091 3206 
2092 3206 
2093 3206 
2094 3206 
2095 3206 
2096 3206 
2097 3206 
2098 3206 
2099 3206 
2100 3206 
2101 3206 
2102 3206 
2103 3206 
2104 3206 
2105 3206 
2106 3206 
2107 3206 
2108 3206 
2109 3206 
2110 3206 
2111 3206 
2112 3206 
2113 3206 
2114 3206 
2115 3206 

