0 18524 
1 18266 
2 17428 
3 16954 
4 16772 
5 16680 
6 16670 
7 16662 
8 16640 
9 16636 
10 16520 
11 16424 
12 16368 
13 15856 
14 15730 
15 15710 
16 15278 
17 15070 
18 15022 
19 14910 
20 14776 
21 14752 
22 14678 
23 14546 
24 14496 
25 14272 
26 14142 
27 13918 
28 13534 
29 13474 
30 13320 
31 13254 
32 13172 
33 12976 
34 12966 
35 12948 
36 12588 
37 12574 
38 12366 
39 12286 
40 12016 
41 11940 
42 11862 
43 11658 
44 11584 
45 11444 
46 11428 
47 11382 
48 11366 
49 11342 
50 11304 
51 11248 
52 11054 
53 10878 
54 10768 
55 10724 
56 10534 
57 10514 
58 10486 
59 10440 
60 10420 
61 10370 
62 10262 
63 10110 
64 10104 
65 10000 
66 9856 
67 9846 
68 9786 
69 9726 
70 9626 
71 9510 
72 9446 
73 9382 
74 9360 
75 9298 
76 9272 
77 9262 
78 9238 
79 9202 
80 9200 
81 9198 
82 9184 
83 9116 
84 9056 
85 8992 
86 8966 
87 8706 
88 8648 
89 8644 
90 8630 
91 8614 
92 8546 
93 8418 
94 8402 
95 8348 
96 8324 
97 8220 
98 8216 
99 8170 
100 8056 
101 8032 
102 7962 
103 7756 
104 7704 
105 7696 
106 7526 
107 7462 
108 7362 
109 7362 
110 7338 
111 7326 
112 7162 
113 7022 
114 6966 
115 6926 
116 6904 
117 6884 
118 6844 
119 6784 
120 6742 
121 6726 
122 6726 
123 6726 
124 6692 
125 6692 
126 6692 
127 6588 
128 6588 
129 6566 
130 6566 

