0 14244 
1 13920 
2 13864 
3 13856 
4 13406 
5 13360 
6 13040 
7 12962 
8 12930 
9 12752 
10 12702 
11 12562 
12 12462 
13 12416 
14 12370 
15 12334 
16 12162 
17 12066 
18 12010 
19 11998 
20 11966 
21 11900 
22 11842 
23 11776 
24 11694 
25 11646 
26 11452 
27 11436 
28 11360 
29 11340 
30 11266 
31 11166 
32 11160 
33 11104 
34 11032 
35 10946 
36 10856 
37 10790 
38 10678 
39 10508 
40 10464 
41 10390 
42 10386 
43 10376 
44 10364 
45 10320 
46 10226 
47 10160 
48 10116 
49 10104 
50 10064 
51 10004 
52 9842 
53 9814 
54 9660 
55 9616 
56 9604 
57 9456 
58 9304 
59 9286 
60 9212 
61 9210 
62 9194 
63 9166 
64 9070 
65 9058 
66 9030 
67 8922 
68 8894 
69 8792 
70 8778 
71 8724 
72 8676 
73 8610 
74 8506 
75 8458 
76 8444 
77 8336 
78 8284 
79 8256 
80 7976 
81 7924 
82 7908 
83 7892 
84 7838 
85 7798 
86 7686 
87 7626 
88 7620 
89 7544 
90 7344 
91 7314 
92 7306 
93 7292 
94 7222 
95 7194 
96 6992 
97 6988 
98 6972 
99 6962 
100 6882 
101 6882 
102 6746 
103 6676 
104 6644 
105 6588 
106 6576 
107 6562 
108 6524 
109 6492 
110 6478 
111 6410 
112 6382 
113 6382 

