0 11964 
1 11954 
2 11930 
3 11844 
4 11840 
5 11838 
6 11720 
7 11702 
8 11678 
9 11518 
10 11500 
11 11466 
12 11422 
13 11362 
14 11346 
15 11336 
16 11328 
17 11266 
18 11054 
19 11018 
20 11006 
21 10898 
22 10878 
23 10772 
24 10690 
25 10674 
26 10638 
27 10292 
28 10042 
29 10030 
30 9968 
31 9964 
32 9776 
33 9704 
34 9632 
35 9554 
36 9512 
37 9434 
38 9418 
39 9330 
40 9326 
41 9220 
42 9186 
43 9078 
44 8928 
45 8888 
46 8768 
47 8700 
48 8628 
49 8534 
50 8532 
51 8472 
52 8428 
53 8408 
54 8238 
55 8206 
56 7982 
57 7908 
58 7860 
59 7846 
60 7712 
61 7684 
62 7536 
63 7388 
64 7160 
65 7094 
66 7078 
67 7076 
68 6972 
69 6940 
70 6868 
71 6712 
72 6676 
73 6674 
74 6658 
75 6622 
76 6594 
77 6474 
78 6370 
79 6304 
80 6296 
81 6266 
82 6182 
83 5944 
84 5826 
85 5742 
86 5686 
87 5586 
88 5576 
89 5508 
90 5362 
91 5300 
92 5260 
93 5194 
94 5170 
95 5170 
96 5066 
97 5066 
98 5030 
99 4890 
100 4876 
101 4718 
102 4706 
103 4680 
104 4586 
105 4510 
106 4498 
107 4474 
108 4452 
109 4448 
110 4412 
111 4388 
112 4336 
113 4182 
114 3988 
115 3966 
116 3670 
117 3524 
118 3338 
119 3234 
120 2914 
121 2914 

