0 12538 
1 12368 
2 12332 
3 12286 
4 11506 
5 11480 
6 11304 
7 11280 
8 11222 
9 11024 
10 10824 
11 10628 
12 10584 
13 10546 
14 10374 
15 10348 
16 10208 
17 10188 
18 10034 
19 9838 
20 9768 
21 9766 
22 9664 
23 9598 
24 9508 
25 9496 
26 9448 
27 9446 
28 9360 
29 9332 
30 9324 
31 9252 
32 9032 
33 9014 
34 8958 
35 8944 
36 8934 
37 8828 
38 8814 
39 8808 
40 8772 
41 8670 
42 8560 
43 8388 
44 8344 
45 8288 
46 8274 
47 8190 
48 8064 
49 8062 
50 7998 
51 7970 
52 7918 
53 7882 
54 7868 
55 7816 
56 7756 
57 7666 
58 7634 
59 7554 
60 7524 
61 7470 
62 7314 
63 7202 
64 7194 
65 7034 
66 7034 
67 6896 
68 6860 
69 6846 
70 6822 
71 6810 
72 6776 
73 6732 
74 6732 

