0 10176 
1 10094 
2 9984 
3 9940 
4 9854 
5 9832 
6 9718 
7 9702 
8 9624 
9 9610 
10 9466 
11 9372 
12 9270 
13 9154 
14 9150 
15 8994 
16 8566 
17 8326 
18 8202 
19 8126 
20 8062 
21 8048 
22 8036 
23 7854 
24 7784 
25 7658 
26 7598 
27 7566 
28 7448 
29 7402 
30 7370 
31 7204 
32 7136 
33 7028 
34 7014 
35 6846 
36 6660 
37 6632 
38 6482 
39 6310 
40 6298 
41 6252 
42 6252 
43 6060 
44 5926 
45 5916 
46 5666 
47 5602 
48 5590 
49 5506 
50 5470 
51 5460 
52 5426 
53 5350 
54 5182 
55 5182 
56 5170 
57 5112 
58 5074 
59 4732 
60 4686 
61 4682 
62 4660 
63 4534 
64 4426 
65 4382 
66 4098 
67 3832 
68 3696 
69 3696 
70 3668 
71 3524 
72 3496 
73 3436 
74 3328 
75 3328 
76 3142 
77 3070 
78 3062 
79 3050 
80 3022 
81 2854 
82 2854 
83 2826 
84 2750 
85 2706 
86 2706 
87 2706 
88 2706 
89 2706 
90 2706 
91 2706 
92 2706 
93 2706 
94 2706 
95 2706 
96 2706 
97 2706 
98 2706 
99 2706 
100 2706 
101 2706 
102 2706 
103 2706 
104 2706 
105 2706 
106 2706 
107 2706 
108 2706 
109 2706 
110 2706 
111 2706 
112 2706 
113 2706 
114 2706 
115 2706 
116 2706 
117 2706 
118 2706 
119 2706 
120 2706 
121 2706 
122 2706 
123 2706 
124 2706 
125 2706 
126 2706 
127 2706 
128 2706 
129 2706 
130 2706 
131 2706 
132 2706 
133 2706 
134 2706 
135 2706 
136 2706 
137 2706 
138 2706 
139 2706 
140 2706 
141 2706 
142 2706 
143 2706 
144 2706 
145 2706 
146 2706 
147 2706 
148 2706 
149 2706 
150 2706 
151 2706 
152 2706 
153 2706 
154 2706 
155 2706 
156 2706 
157 2706 
158 2706 
159 2706 
160 2706 
161 2706 
162 2706 
163 2706 
164 2706 
165 2706 
166 2706 
167 2706 
168 2706 
169 2706 
170 2706 
171 2706 
172 2706 
173 2706 
174 2706 
175 2706 
176 2706 
177 2706 
178 2706 
179 2706 
180 2706 
181 2706 
182 2706 
183 2706 
184 2706 
185 2706 
186 2706 
187 2706 
188 2706 
189 2706 
190 2706 
191 2706 
192 2706 
193 2706 
194 2706 
195 2706 
196 2706 
197 2706 
198 2706 
199 2706 
200 2706 
201 2706 
202 2706 
203 2706 
204 2706 
205 2706 
206 2706 
207 2706 
208 2706 
209 2706 
210 2706 
211 2706 
212 2706 
213 2706 
214 2706 
215 2706 
216 2706 
217 2706 
218 2706 
219 2706 
220 2706 
221 2706 
222 2706 
223 2706 
224 2706 
225 2706 
226 2706 
227 2706 
228 2706 
229 2706 
230 2706 
231 2706 
232 2706 
233 2706 
234 2706 
235 2706 
236 2706 
237 2706 
238 2706 
239 2706 
240 2706 
241 2706 
242 2706 
243 2706 
244 2706 
245 2706 
246 2706 
247 2706 
248 2706 
249 2706 
250 2706 
251 2706 
252 2706 
253 2706 
254 2706 
255 2706 
256 2706 
257 2706 
258 2706 
259 2706 
260 2706 
261 2706 
262 2706 
263 2706 
264 2706 
265 2706 
266 2706 
267 2706 
268 2706 
269 2706 
270 2706 
271 2706 
272 2706 
273 2706 
274 2706 
275 2706 
276 2706 
277 2706 
278 2706 
279 2706 
280 2706 
281 2706 
282 2706 
283 2706 
284 2706 
285 2706 
286 2706 
287 2706 
288 2706 
289 2706 
290 2706 
291 2706 
292 2706 
293 2706 
294 2706 
295 2706 
296 2706 
297 2706 
298 2706 
299 2706 
300 2706 
301 2706 
302 2706 
303 2706 
304 2706 
305 2706 
306 2706 
307 2706 
308 2706 
309 2706 
310 2706 
311 2706 
312 2706 
313 2706 
314 2706 
315 2706 
316 2706 
317 2706 
318 2706 
319 2706 
320 2706 
321 2706 
322 2706 
323 2706 
324 2706 
325 2706 
326 2706 
327 2706 
328 2706 
329 2706 
330 2706 
331 2706 
332 2706 
333 2706 
334 2706 
335 2706 
336 2706 
337 2706 
338 2706 
339 2706 
340 2706 
341 2706 
342 2706 
343 2706 
344 2706 
345 2706 
346 2706 
347 2706 
348 2706 
349 2706 
350 2706 
351 2706 
352 2706 
353 2706 
354 2706 
355 2706 
356 2706 
357 2706 
358 2706 
359 2706 
360 2706 
361 2706 
362 2706 
363 2706 
364 2706 
365 2706 
366 2706 
367 2706 
368 2706 
369 2706 
370 2706 
371 2706 
372 2706 
373 2706 
374 2706 
375 2706 
376 2706 
377 2706 
378 2706 
379 2706 
380 2706 
381 2706 
382 2706 
383 2706 
384 2706 
385 2706 
386 2706 
387 2706 
388 2706 
389 2706 
390 2706 
391 2706 
392 2706 
393 2706 
394 2706 
395 2706 
396 2706 
397 2706 
398 2706 
399 2706 
400 2706 
401 2706 
402 2706 
403 2706 
404 2706 
405 2706 
406 2706 
407 2706 
408 2706 
409 2706 
410 2706 
411 2706 
412 2706 
413 2706 
414 2706 
415 2706 
416 2706 
417 2706 
418 2706 
419 2706 
420 2706 
421 2706 
422 2706 
423 2706 
424 2706 
425 2706 
426 2706 
427 2706 
428 2706 
429 2706 
430 2706 
431 2706 
432 2706 
433 2706 
434 2706 
435 2706 
436 2706 
437 2706 
438 2706 
439 2706 
440 2706 
441 2706 
442 2706 
443 2706 
444 2706 
445 2706 
446 2706 
447 2706 
448 2706 
449 2706 
450 2706 
451 2706 
452 2706 
453 2706 
454 2706 
455 2706 
456 2706 
457 2706 
458 2706 
459 2706 
460 2706 
461 2706 
462 2706 
463 2706 
464 2706 
465 2706 
466 2706 
467 2706 
468 2706 
469 2706 
470 2706 
471 2706 
472 2706 
473 2706 
474 2706 
475 2706 
476 2706 
477 2706 
478 2706 
479 2706 
480 2706 
481 2706 
482 2706 
483 2706 
484 2706 
485 2706 
486 2706 
487 2706 
488 2706 
489 2706 
490 2706 
491 2706 
492 2706 
493 2706 
494 2706 
495 2706 
496 2706 
497 2706 
498 2706 
499 2706 
500 2706 
501 2706 
502 2706 
503 2706 
504 2706 
505 2706 
506 2706 
507 2706 
508 2706 
509 2706 
510 2706 
511 2706 
512 2706 
513 2706 
514 2706 
515 2706 
516 2706 
517 2706 
518 2706 
519 2706 
520 2706 
521 2706 
522 2706 
523 2706 
524 2706 
525 2706 
526 2706 
527 2706 
528 2706 
529 2706 
530 2706 
531 2706 
532 2706 
533 2706 
534 2706 
535 2706 
536 2706 
537 2706 
538 2706 
539 2706 
540 2706 
541 2706 
542 2706 
543 2706 
544 2706 
545 2706 
546 2706 
547 2706 
548 2706 
549 2706 
550 2706 
551 2706 
552 2706 
553 2706 
554 2706 
555 2706 
556 2706 
557 2706 
558 2706 
559 2706 
560 2706 
561 2706 
562 2706 
563 2706 
564 2706 
565 2706 
566 2706 
567 2706 
568 2706 
569 2706 
570 2706 
571 2706 
572 2706 
573 2706 
574 2706 
575 2706 
576 2706 
577 2706 
578 2706 
579 2706 
580 2706 
581 2706 
582 2706 
583 2706 
584 2706 
585 2706 
586 2706 
587 2706 
588 2706 
589 2706 
590 2706 
591 2706 
592 2706 
593 2706 
594 2706 
595 2706 
596 2706 
597 2706 
598 2706 
599 2706 
600 2706 
601 2706 
602 2706 
603 2706 
604 2706 
605 2706 
606 2706 
607 2706 
608 2706 
609 2706 
610 2706 
611 2706 
612 2706 
613 2706 
614 2706 
615 2706 
616 2706 
617 2706 
618 2706 
619 2706 
620 2706 
621 2706 
622 2706 
623 2706 
624 2706 
625 2706 
626 2706 
627 2706 
628 2706 
629 2706 
630 2706 
631 2706 
632 2706 
633 2706 
634 2706 
635 2706 
636 2706 
637 2706 
638 2706 
639 2706 
640 2706 
641 2706 
642 2706 
643 2706 
644 2706 
645 2706 
646 2706 
647 2706 
648 2706 
649 2706 
650 2706 
651 2706 
652 2706 
653 2706 
654 2706 
655 2706 
656 2706 
657 2706 
658 2706 
659 2706 
660 2706 
661 2706 
662 2706 
663 2706 
664 2706 
665 2706 
666 2706 
667 2706 
668 2706 
669 2706 
670 2706 
671 2706 
672 2706 
673 2706 
674 2706 
675 2706 
676 2706 
677 2706 
678 2706 
679 2706 
680 2706 
681 2706 
682 2706 
683 2706 
684 2706 
685 2706 
686 2706 
687 2706 
688 2706 
689 2706 
690 2706 
691 2706 
692 2706 
693 2706 
694 2706 
695 2706 
696 2706 
697 2706 
698 2706 
699 2706 
700 2706 
701 2706 
702 2706 
703 2706 
704 2706 
705 2706 
706 2706 
707 2706 
708 2706 
709 2706 
710 2706 
711 2706 
712 2706 
713 2706 
714 2706 
715 2706 
716 2706 
717 2706 
718 2706 
719 2706 
720 2706 
721 2706 
722 2706 
723 2706 
724 2706 
725 2706 
726 2706 
727 2706 
728 2706 
729 2706 
730 2706 
731 2706 
732 2706 
733 2706 
734 2706 
735 2706 
736 2706 
737 2706 
738 2706 
739 2706 
740 2706 
741 2706 
742 2706 
743 2706 
744 2706 
745 2706 
746 2706 
747 2706 
748 2706 
749 2706 
750 2706 
751 2706 
752 2706 
753 2706 
754 2706 
755 2706 
756 2706 
757 2706 
758 2706 
759 2706 
760 2706 
761 2706 
762 2706 
763 2706 
764 2706 
765 2706 
766 2706 
767 2706 
768 2706 
769 2706 
770 2706 
771 2706 
772 2706 
773 2706 
774 2706 
775 2706 
776 2706 
777 2706 
778 2706 
779 2706 
780 2706 
781 2706 
782 2706 
783 2706 
784 2706 
785 2706 
786 2706 
787 2706 
788 2706 
789 2706 
790 2706 
791 2706 
792 2706 
793 2706 
794 2706 
795 2706 
796 2706 
797 2706 
798 2706 
799 2706 
800 2706 
801 2706 
802 2706 
803 2706 
804 2706 
805 2706 
806 2706 
807 2706 
808 2706 
809 2706 
810 2706 
811 2706 
812 2706 
813 2706 
814 2706 
815 2706 
816 2706 
817 2706 
818 2706 
819 2706 
820 2706 
821 2706 
822 2706 
823 2706 
824 2706 
825 2706 
826 2706 
827 2706 
828 2706 
829 2706 
830 2706 
831 2706 
832 2706 
833 2706 
834 2706 
835 2706 
836 2706 
837 2706 
838 2706 
839 2706 
840 2706 
841 2706 
842 2706 
843 2706 
844 2706 
845 2706 
846 2706 
847 2706 
848 2706 
849 2706 
850 2706 
851 2706 
852 2706 
853 2706 
854 2706 
855 2706 
856 2706 
857 2706 
858 2706 
859 2706 
860 2706 
861 2706 
862 2706 
863 2706 
864 2706 
865 2706 
866 2706 
867 2706 
868 2706 
869 2706 
870 2706 
871 2706 
872 2706 
873 2706 
874 2706 
875 2706 
876 2706 
877 2706 
878 2706 
879 2706 
880 2706 
881 2706 
882 2706 
883 2706 
884 2706 
885 2706 
886 2706 
887 2706 
888 2706 
889 2706 
890 2706 
891 2706 
892 2706 
893 2706 
894 2706 
895 2706 
896 2706 
897 2706 
898 2706 
899 2706 
900 2706 
901 2706 
902 2706 
903 2706 
904 2706 
905 2706 
906 2706 
907 2706 
908 2706 
909 2706 
910 2706 
911 2706 
912 2706 
913 2706 
914 2706 
915 2706 
916 2706 
917 2706 
918 2706 
919 2706 
920 2706 
921 2706 
922 2706 
923 2706 
924 2706 
925 2706 
926 2706 
927 2706 
928 2706 
929 2706 
930 2706 
931 2706 
932 2706 
933 2706 
934 2706 
935 2706 
936 2706 
937 2706 
938 2706 
939 2706 
940 2706 
941 2706 
942 2706 
943 2706 
944 2706 
945 2706 
946 2706 
947 2706 
948 2706 
949 2706 
950 2706 
951 2706 
952 2706 
953 2706 
954 2706 
955 2706 
956 2706 
957 2706 
958 2706 
959 2706 
960 2706 
961 2706 
962 2706 
963 2706 
964 2706 
965 2706 
966 2706 
967 2706 
968 2706 
969 2706 
970 2706 
971 2706 
972 2706 
973 2706 
974 2706 
975 2706 
976 2706 
977 2706 
978 2706 
979 2706 
980 2706 
981 2706 
982 2706 
983 2706 
984 2706 
985 2706 
986 2706 
987 2706 
988 2706 
989 2706 
990 2706 
991 2706 
992 2706 
993 2706 
994 2706 
995 2706 
996 2706 
997 2706 
998 2706 
999 2706 
1000 2706 
1001 2706 
1002 2706 
1003 2706 
1004 2706 
1005 2706 
1006 2706 
1007 2706 
1008 2706 
1009 2706 
1010 2706 
1011 2706 
1012 2706 
1013 2706 
1014 2706 
1015 2706 
1016 2706 
1017 2706 
1018 2706 
1019 2706 
1020 2706 
1021 2706 
1022 2706 
1023 2706 
1024 2706 
1025 2706 
1026 2706 
1027 2706 
1028 2706 
1029 2706 
1030 2706 
1031 2706 
1032 2706 
1033 2706 
1034 2706 
1035 2706 
1036 2706 
1037 2706 
1038 2706 
1039 2706 
1040 2706 
1041 2706 
1042 2706 
1043 2706 
1044 2706 
1045 2706 
1046 2706 
1047 2706 
1048 2706 
1049 2706 
1050 2706 
1051 2706 
1052 2706 
1053 2706 
1054 2706 
1055 2706 
1056 2706 
1057 2706 
1058 2706 
1059 2706 
1060 2706 
1061 2706 
1062 2706 
1063 2706 
1064 2706 
1065 2706 
1066 2706 
1067 2706 
1068 2706 
1069 2706 
1070 2706 
1071 2706 
1072 2706 
1073 2706 
1074 2706 
1075 2706 
1076 2706 
1077 2706 
1078 2706 
1079 2706 
1080 2706 
1081 2706 
1082 2706 
1083 2706 
1084 2706 
1085 2706 
1086 2706 
1087 2706 
1088 2706 
1089 2706 
1090 2706 
1091 2706 
1092 2706 
1093 2706 
1094 2706 
1095 2706 
1096 2706 
1097 2706 
1098 2706 
1099 2706 
1100 2706 
1101 2706 
1102 2706 
1103 2706 
1104 2706 
1105 2706 
1106 2706 
1107 2706 
1108 2706 
1109 2706 
1110 2706 
1111 2706 
1112 2706 
1113 2706 
1114 2706 
1115 2706 
1116 2706 
1117 2706 
1118 2706 
1119 2706 
1120 2706 
1121 2706 
1122 2706 
1123 2706 
1124 2706 
1125 2706 
1126 2706 
1127 2706 
1128 2706 
1129 2706 
1130 2706 
1131 2706 
1132 2706 
1133 2706 
1134 2706 
1135 2706 
1136 2706 
1137 2706 
1138 2706 
1139 2706 
1140 2706 
1141 2706 
1142 2706 
1143 2706 
1144 2706 
1145 2706 
1146 2706 
1147 2706 
1148 2706 
1149 2706 
1150 2706 
1151 2706 
1152 2706 
1153 2706 
1154 2706 
1155 2706 
1156 2706 
1157 2706 
1158 2706 
1159 2706 
1160 2706 
1161 2706 
1162 2706 
1163 2706 
1164 2706 
1165 2706 
1166 2706 
1167 2706 
1168 2706 
1169 2706 
1170 2706 
1171 2706 
1172 2706 
1173 2706 
1174 2706 
1175 2706 
1176 2706 
1177 2706 
1178 2706 
1179 2706 
1180 2706 
1181 2706 
1182 2706 
1183 2706 
1184 2706 
1185 2706 
1186 2706 
1187 2706 
1188 2706 
1189 2706 
1190 2706 
1191 2706 
1192 2706 
1193 2706 
1194 2706 
1195 2706 
1196 2706 
1197 2706 
1198 2706 
1199 2706 
1200 2706 
1201 2706 
1202 2706 
1203 2706 
1204 2706 
1205 2706 
1206 2706 
1207 2706 
1208 2706 
1209 2706 
1210 2706 
1211 2706 
1212 2706 
1213 2706 
1214 2706 
1215 2706 
1216 2706 
1217 2706 
1218 2706 
1219 2706 
1220 2706 
1221 2706 
1222 2706 
1223 2706 
1224 2706 
1225 2706 
1226 2706 
1227 2706 
1228 2706 
1229 2706 
1230 2706 
1231 2706 
1232 2706 
1233 2706 
1234 2706 
1235 2706 
1236 2706 
1237 2706 
1238 2706 
1239 2706 
1240 2706 
1241 2706 
1242 2706 
1243 2706 
1244 2706 
1245 2706 
1246 2706 
1247 2706 
1248 2706 
1249 2706 
1250 2706 
1251 2706 
1252 2706 
1253 2706 
1254 2706 
1255 2706 
1256 2706 
1257 2706 
1258 2706 
1259 2706 
1260 2706 
1261 2706 
1262 2706 
1263 2706 
1264 2706 
1265 2706 
1266 2706 
1267 2706 
1268 2706 
1269 2706 
1270 2706 
1271 2706 
1272 2706 
1273 2706 
1274 2706 
1275 2706 
1276 2706 
1277 2706 
1278 2706 
1279 2706 
1280 2706 
1281 2706 
1282 2706 
1283 2706 
1284 2706 
1285 2706 
1286 2706 
1287 2706 
1288 2706 
1289 2706 
1290 2706 
1291 2706 
1292 2706 
1293 2706 
1294 2706 
1295 2706 
1296 2706 
1297 2706 
1298 2706 
1299 2706 
1300 2706 
1301 2706 
1302 2706 
1303 2706 
1304 2706 
1305 2706 
1306 2706 
1307 2706 
1308 2706 
1309 2706 
1310 2706 
1311 2706 
1312 2706 
1313 2706 
1314 2706 
1315 2706 
1316 2706 
1317 2706 
1318 2706 
1319 2706 
1320 2706 
1321 2706 
1322 2706 
1323 2706 
1324 2706 
1325 2706 
1326 2706 
1327 2706 
1328 2706 
1329 2706 
1330 2706 
1331 2706 
1332 2706 
1333 2706 
1334 2706 
1335 2706 
1336 2706 
1337 2706 
1338 2706 
1339 2706 
1340 2706 
1341 2706 
1342 2706 
1343 2706 
1344 2706 
1345 2706 
1346 2706 
1347 2706 
1348 2706 
1349 2706 
1350 2706 
1351 2706 
1352 2706 
1353 2706 
1354 2706 
1355 2706 
1356 2706 
1357 2706 
1358 2706 
1359 2706 
1360 2706 
1361 2706 
1362 2706 
1363 2706 
1364 2706 
1365 2706 
1366 2706 
1367 2706 
1368 2706 
1369 2706 
1370 2706 
1371 2706 
1372 2706 
1373 2706 
1374 2706 
1375 2706 
1376 2706 
1377 2706 
1378 2706 
1379 2706 
1380 2706 
1381 2706 
1382 2706 
1383 2706 
1384 2706 
1385 2706 
1386 2706 
1387 2706 
1388 2706 
1389 2706 
1390 2706 
1391 2706 
1392 2706 
1393 2706 
1394 2706 
1395 2706 
1396 2706 
1397 2706 
1398 2706 
1399 2706 
1400 2706 
1401 2706 
1402 2706 
1403 2706 
1404 2706 
1405 2706 
1406 2706 
1407 2706 
1408 2706 
1409 2706 
1410 2706 
1411 2706 
1412 2706 
1413 2706 
1414 2706 
1415 2706 
1416 2706 
1417 2706 
1418 2706 
1419 2706 
1420 2706 
1421 2706 
1422 2706 
1423 2706 
1424 2706 
1425 2706 
1426 2706 
1427 2706 
1428 2706 
1429 2706 
1430 2706 
1431 2706 
1432 2706 
1433 2706 
1434 2706 
1435 2706 
1436 2706 
1437 2706 
1438 2706 
1439 2706 
1440 2706 
1441 2706 
1442 2706 
1443 2706 
1444 2706 
1445 2706 
1446 2706 
1447 2706 
1448 2706 
1449 2706 
1450 2706 
1451 2706 
1452 2706 
1453 2706 
1454 2706 
1455 2706 
1456 2706 
1457 2706 
1458 2706 
1459 2706 
1460 2706 
1461 2706 
1462 2706 
1463 2706 
1464 2706 
1465 2706 
1466 2706 
1467 2706 
1468 2706 
1469 2706 
1470 2706 
1471 2706 
1472 2706 
1473 2706 
1474 2706 
1475 2706 
1476 2706 
1477 2706 
1478 2706 
1479 2706 
1480 2706 
1481 2706 
1482 2706 
1483 2706 
1484 2706 
1485 2706 
1486 2706 
1487 2706 
1488 2706 
1489 2706 
1490 2706 
1491 2706 
1492 2706 
1493 2706 
1494 2706 
1495 2706 
1496 2706 
1497 2706 
1498 2706 
1499 2706 
1500 2706 
1501 2706 
1502 2706 
1503 2706 
1504 2706 
1505 2706 
1506 2706 
1507 2706 
1508 2706 
1509 2706 
1510 2706 
1511 2706 
1512 2706 
1513 2706 
1514 2706 
1515 2706 
1516 2706 
1517 2706 
1518 2706 
1519 2706 
1520 2706 
1521 2706 
1522 2706 
1523 2706 
1524 2706 
1525 2706 
1526 2706 
1527 2706 
1528 2706 
1529 2706 
1530 2706 
1531 2706 
1532 2706 
1533 2706 
1534 2706 
1535 2706 
1536 2706 
1537 2706 
1538 2706 
1539 2706 
1540 2706 
1541 2706 
1542 2706 
1543 2706 
1544 2706 
1545 2706 
1546 2706 
1547 2706 
1548 2706 
1549 2706 
1550 2706 
1551 2706 
1552 2706 
1553 2706 
1554 2706 
1555 2706 
1556 2706 
1557 2706 
1558 2706 
1559 2706 
1560 2706 
1561 2706 
1562 2706 
1563 2706 
1564 2706 
1565 2706 
1566 2706 
1567 2706 
1568 2706 
1569 2706 
1570 2706 
1571 2706 
1572 2706 
1573 2706 
1574 2706 
1575 2706 
1576 2706 
1577 2706 
1578 2706 
1579 2706 
1580 2706 
1581 2706 
1582 2706 
1583 2706 
1584 2706 
1585 2706 
1586 2706 
1587 2706 
1588 2706 
1589 2706 
1590 2706 
1591 2706 
1592 2706 
1593 2706 
1594 2706 
1595 2706 
1596 2706 
1597 2706 
1598 2706 
1599 2706 
1600 2706 
1601 2706 
1602 2706 
1603 2706 
1604 2706 
1605 2706 
1606 2706 
1607 2706 
1608 2706 
1609 2706 
1610 2706 
1611 2706 
1612 2706 
1613 2706 
1614 2706 
1615 2706 
1616 2706 
1617 2706 
1618 2706 
1619 2706 
1620 2706 
1621 2706 
1622 2706 
1623 2706 
1624 2706 
1625 2706 
1626 2706 
1627 2706 
1628 2706 
1629 2706 
1630 2706 
1631 2706 
1632 2706 
1633 2706 
1634 2706 
1635 2706 
1636 2706 
1637 2706 
1638 2706 
1639 2706 
1640 2706 
1641 2706 
1642 2706 
1643 2706 
1644 2706 
1645 2706 
1646 2706 
1647 2706 
1648 2706 
1649 2706 
1650 2706 
1651 2706 
1652 2706 
1653 2706 
1654 2706 
1655 2706 
1656 2706 
1657 2706 
1658 2706 
1659 2706 
1660 2706 
1661 2706 
1662 2706 
1663 2706 
1664 2706 
1665 2706 
1666 2706 
1667 2706 
1668 2706 
1669 2706 
1670 2706 
1671 2706 
1672 2706 
1673 2706 
1674 2706 
1675 2706 
1676 2706 
1677 2706 
1678 2706 
1679 2706 
1680 2706 
1681 2706 
1682 2706 
1683 2706 
1684 2706 
1685 2706 
1686 2706 
1687 2706 
1688 2706 
1689 2706 
1690 2706 
1691 2706 
1692 2706 
1693 2706 
1694 2706 
1695 2706 
1696 2706 
1697 2706 
1698 2706 
1699 2706 
1700 2706 
1701 2706 
1702 2706 
1703 2706 
1704 2706 
1705 2706 
1706 2706 
1707 2706 
1708 2706 
1709 2706 
1710 2706 
1711 2706 
1712 2706 
1713 2706 
1714 2706 
1715 2706 
1716 2706 
1717 2706 
1718 2706 
1719 2706 
1720 2706 
1721 2706 
1722 2706 
1723 2706 
1724 2706 
1725 2706 
1726 2706 
1727 2706 
1728 2706 
1729 2706 
1730 2706 
1731 2706 
1732 2706 
1733 2706 
1734 2706 
1735 2706 
1736 2706 
1737 2706 
1738 2706 
1739 2706 
1740 2706 
1741 2706 
1742 2706 
1743 2706 
1744 2706 
1745 2706 
1746 2706 
1747 2706 
1748 2706 
1749 2706 
1750 2706 
1751 2706 
1752 2706 
1753 2706 
1754 2706 
1755 2706 
1756 2706 
1757 2706 
1758 2706 
1759 2706 
1760 2706 
1761 2706 
1762 2706 
1763 2706 
1764 2706 
1765 2706 
1766 2706 
1767 2706 
1768 2706 
1769 2706 
1770 2706 
1771 2706 
1772 2706 
1773 2706 
1774 2706 
1775 2706 
1776 2706 
1777 2706 
1778 2706 
1779 2706 
1780 2706 
1781 2706 
1782 2706 
1783 2706 
1784 2706 
1785 2706 
1786 2706 
1787 2706 
1788 2706 
1789 2706 
1790 2706 
1791 2706 
1792 2706 
1793 2706 
1794 2706 
1795 2706 
1796 2706 
1797 2706 
1798 2706 
1799 2706 
1800 2706 
1801 2706 
1802 2706 
1803 2706 
1804 2706 
1805 2706 
1806 2706 
1807 2706 
1808 2706 
1809 2706 
1810 2706 
1811 2706 
1812 2706 
1813 2706 
1814 2706 
1815 2706 
1816 2706 
1817 2706 
1818 2706 
1819 2706 
1820 2706 
1821 2706 
1822 2706 
1823 2706 
1824 2706 
1825 2706 
1826 2706 
1827 2706 
1828 2706 
1829 2706 
1830 2706 
1831 2706 
1832 2706 
1833 2706 
1834 2706 
1835 2706 
1836 2706 
1837 2706 
1838 2706 
1839 2706 
1840 2706 
1841 2706 
1842 2706 
1843 2706 
1844 2706 
1845 2706 
1846 2706 
1847 2706 
1848 2706 
1849 2706 
1850 2706 
1851 2706 
1852 2706 
1853 2706 
1854 2706 
1855 2706 
1856 2706 
1857 2706 
1858 2706 
1859 2706 
1860 2706 
1861 2706 
1862 2706 
1863 2706 
1864 2706 
1865 2706 
1866 2706 
1867 2706 
1868 2706 
1869 2706 
1870 2706 
1871 2706 
1872 2706 
1873 2706 
1874 2706 
1875 2706 
1876 2706 
1877 2706 
1878 2706 
1879 2706 
1880 2706 
1881 2706 
1882 2706 
1883 2706 
1884 2706 
1885 2706 
1886 2706 
1887 2706 
1888 2706 
1889 2706 
1890 2706 
1891 2706 
1892 2706 
1893 2706 
1894 2706 
1895 2706 
1896 2706 
1897 2706 
1898 2706 
1899 2706 
1900 2706 
1901 2706 
1902 2706 
1903 2706 
1904 2706 
1905 2706 
1906 2706 
1907 2706 
1908 2706 
1909 2706 
1910 2706 
1911 2706 
1912 2706 
1913 2706 
1914 2706 
1915 2706 
1916 2706 
1917 2706 
1918 2706 
1919 2706 
1920 2706 
1921 2706 
1922 2706 
1923 2706 
1924 2706 
1925 2706 
1926 2706 
1927 2706 
1928 2706 
1929 2706 
1930 2706 
1931 2706 
1932 2706 
1933 2706 
1934 2706 
1935 2706 
1936 2706 
1937 2706 
1938 2706 
1939 2706 
1940 2706 
1941 2706 
1942 2706 
1943 2706 
1944 2706 
1945 2706 
1946 2706 
1947 2706 
1948 2706 
1949 2706 
1950 2706 
1951 2706 
1952 2706 
1953 2706 
1954 2706 
1955 2706 
1956 2706 
1957 2706 
1958 2706 
1959 2706 
1960 2706 
1961 2706 
1962 2706 
1963 2706 
1964 2706 
1965 2706 
1966 2706 
1967 2706 
1968 2706 
1969 2706 
1970 2706 
1971 2706 
1972 2706 
1973 2706 
1974 2706 
1975 2706 
1976 2706 
1977 2706 
1978 2706 
1979 2706 
1980 2706 
1981 2706 
1982 2706 
1983 2706 
1984 2706 
1985 2706 
1986 2706 
1987 2706 
1988 2706 
1989 2706 
1990 2706 
1991 2706 
1992 2706 
1993 2706 
1994 2706 
1995 2706 
1996 2706 
1997 2706 
1998 2706 
1999 2706 
2000 2706 
2001 2706 
2002 2706 
2003 2706 
2004 2706 
2005 2706 
2006 2706 
2007 2706 
2008 2706 
2009 2706 
2010 2706 
2011 2706 
2012 2706 
2013 2706 
2014 2706 
2015 2706 
2016 2706 
2017 2706 
2018 2706 
2019 2706 
2020 2706 
2021 2706 
2022 2706 
2023 2706 
2024 2706 
2025 2706 
2026 2706 
2027 2706 
2028 2706 
2029 2706 
2030 2706 
2031 2706 
2032 2706 
2033 2706 
2034 2706 
2035 2706 
2036 2706 
2037 2706 
2038 2706 
2039 2706 
2040 2706 
2041 2706 
2042 2706 
2043 2706 
2044 2706 
2045 2706 
2046 2706 
2047 2706 
2048 2706 
2049 2706 
2050 2706 
2051 2706 
2052 2706 
2053 2706 
2054 2706 
2055 2706 
2056 2706 
2057 2706 
2058 2706 
2059 2706 
2060 2706 
2061 2706 
2062 2706 
2063 2706 
2064 2706 
2065 2706 
2066 2706 
2067 2706 
2068 2706 
2069 2706 
2070 2706 
2071 2706 
2072 2706 
2073 2706 
2074 2706 
2075 2706 
2076 2706 
2077 2706 
2078 2706 
2079 2706 
2080 2706 
2081 2706 
2082 2706 
2083 2706 
2084 2706 
2085 2706 

