0 19764 
1 19722 
2 19648 
3 19232 
4 19138 
5 18930 
6 18812 
7 18782 
8 18692 
9 18680 
10 18640 
11 18638 
12 18610 
13 18544 
14 18442 
15 18372 
16 18252 
17 18240 
18 18170 
19 18074 
20 18020 
21 18000 
22 17920 
23 17902 
24 17884 
25 17850 
26 17694 
27 17594 
28 17422 
29 17364 
30 17294 
31 17174 
32 17080 
33 17070 
34 17040 
35 16838 
36 16788 
37 16702 
38 16654 
39 16236 
40 16166 
41 16142 
42 16110 
43 16080 
44 16070 
45 16060 
46 15980 
47 15930 
48 15920 
49 15744 
50 15554 
51 15398 
52 15258 
53 15214 
54 15212 
55 15182 
56 15162 
57 15070 
58 15060 
59 15050 
60 15010 
61 14904 
62 14694 
63 14598 
64 14588 
65 14408 
66 14388 
67 13608 
68 13578 
69 13558 
70 13358 
71 13146 
72 13042 
73 12852 
74 12840 
75 12742 
76 12680 
77 12674 
78 12642 
79 12584 
80 12494 
81 12208 
82 12204 
83 11914 
84 11866 
85 11866 
86 11794 
87 11760 
88 11718 
89 11660 
90 11622 
91 11566 
92 11500 
93 11444 
94 11266 
95 11204 
96 11186 
97 11076 
98 10998 
99 10982 
100 10912 
101 10802 
102 10722 
103 10662 
104 10642 
105 10576 
106 9884 
107 9716 
108 9626 
109 9586 
110 9536 
111 9450 
112 9054 
113 8920 
114 8820 
115 8682 
116 8212 
117 8134 
118 8096 
119 8038 
120 7948 
121 7896 
122 7794 
123 7482 
124 7402 
125 7232 
126 7202 
127 6880 
128 6858 
129 6624 
130 6562 
131 6368 
132 6200 
133 6198 
134 6198 
135 5970 
136 5494 
137 5404 
138 5404 
139 5404 
140 5120 
141 5120 
142 5120 
143 5102 
144 5102 
145 5102 
146 5102 
147 5102 
148 5102 
149 5102 
150 5102 
151 5102 
152 5102 
153 5102 
154 5102 
155 5102 
156 5102 
157 5102 
158 5102 
159 5102 
160 5102 
161 5102 
162 5102 
163 5102 
164 5102 
165 5102 
166 5102 
167 5102 
168 5102 
169 5102 
170 5102 
171 5102 
172 5102 
173 5102 
174 5102 
175 5102 
176 5102 
177 5102 
178 5102 
179 5102 
180 5102 
181 5102 
182 5102 
183 5102 
184 5102 
185 5102 
186 5102 
187 5102 
188 5102 
189 5102 
190 5102 
191 5102 
192 5102 
193 5102 
194 5102 
195 5102 
196 5102 
197 5102 
198 5102 
199 5102 
200 5102 
201 5102 
202 5102 
203 5102 
204 5102 
205 5102 
206 5102 
207 5102 
208 5102 
209 5102 
210 5102 
211 5102 
212 5102 
213 5102 
214 5102 
215 5102 
216 5102 
217 5102 
218 5102 
219 5102 
220 5102 
221 5102 
222 5102 
223 5102 
224 5102 
225 5102 
226 5102 
227 5102 
228 5102 
229 5102 
230 5102 
231 5102 
232 5102 
233 5102 
234 5102 
235 5102 
236 5102 
237 5102 
238 5102 
239 5102 
240 5102 
241 5102 
242 5102 
243 5102 
244 5102 
245 5102 
246 5102 
247 5102 
248 5102 
249 5102 
250 5102 
251 5102 
252 5102 
253 5102 
254 5102 
255 5102 
256 5102 
257 5102 
258 5102 
259 5102 
260 5102 
261 5102 
262 5102 
263 5102 
264 5102 
265 5102 
266 5102 
267 5102 
268 5102 
269 5102 
270 5102 
271 5102 
272 5102 
273 5102 
274 5102 
275 5102 
276 5102 
277 5102 
278 5102 
279 5102 
280 5102 
281 5102 
282 5102 
283 5102 
284 5102 
285 5102 
286 5102 
287 5102 
288 5102 
289 5102 
290 5102 
291 5102 
292 5102 
293 5102 
294 5102 
295 5102 
296 5102 
297 5102 
298 5102 
299 5102 
300 5102 
301 5102 
302 5102 
303 5102 
304 5102 
305 5102 
306 5102 
307 5102 
308 5102 
309 5102 
310 5102 
311 5102 
312 5102 
313 5102 
314 5102 
315 5102 
316 5102 
317 5102 
318 5102 
319 5102 
320 5102 
321 5102 
322 5102 
323 5102 
324 5102 
325 5102 
326 5102 
327 5102 
328 5102 
329 5102 
330 5102 
331 5102 
332 5102 
333 5102 
334 5102 
335 5102 
336 5102 
337 5102 
338 5102 
339 5102 
340 5102 
341 5102 
342 5102 
343 5102 
344 5102 
345 5102 
346 5102 
347 5102 
348 5102 
349 5102 
350 5102 
351 5102 
352 5102 
353 5102 
354 5102 
355 5102 
356 5102 
357 5102 
358 5102 
359 5102 
360 5102 
361 5102 
362 5102 
363 5102 
364 5102 
365 5102 
366 5102 
367 5102 
368 5102 
369 5102 
370 5102 
371 5102 
372 5102 
373 5102 
374 5102 
375 5102 
376 5102 
377 5102 
378 5102 
379 5102 
380 5102 
381 5102 
382 5102 
383 5102 
384 5102 
385 5102 
386 5102 
387 5102 
388 5102 
389 5102 
390 5102 
391 5102 
392 5102 
393 5102 
394 5102 
395 5102 
396 5102 
397 5102 
398 5102 
399 5102 
400 5102 
401 5102 
402 5102 
403 5102 
404 5102 
405 5102 
406 5102 
407 5102 
408 5102 
409 5102 
410 5102 
411 5102 
412 5102 
413 5102 
414 5102 
415 5102 
416 5102 
417 5102 
418 5102 
419 5102 
420 5102 
421 5102 
422 5102 
423 5102 
424 5102 
425 5102 
426 5102 
427 5102 
428 5102 
429 5102 
430 5102 
431 5102 
432 5102 
433 5102 
434 5102 
435 5102 
436 5102 
437 5102 
438 5102 
439 5102 
440 5102 
441 5102 
442 5102 
443 5102 
444 5102 
445 5102 
446 5102 
447 5102 
448 5102 
449 5102 
450 5102 
451 5102 
452 5102 
453 5102 
454 5102 
455 5102 
456 5102 
457 5102 
458 5102 
459 5102 
460 5102 
461 5102 
462 5102 
463 5102 
464 5102 
465 5102 
466 5102 
467 5102 
468 5102 
469 5102 
470 5102 
471 5102 
472 5102 
473 5102 
474 5102 
475 5102 
476 5102 
477 5102 
478 5102 
479 5102 
480 5102 
481 5102 
482 5102 
483 5102 
484 5102 
485 5102 
486 5102 
487 5102 
488 5102 
489 5102 
490 5102 
491 5102 
492 5102 
493 5102 
494 5102 
495 5102 
496 5102 
497 5102 
498 5102 
499 5102 
500 5102 
501 5102 
502 5102 
503 5102 
504 5102 
505 5102 
506 5102 
507 5102 
508 5102 
509 5102 
510 5102 
511 5102 
512 5102 
513 5102 
514 5102 
515 5102 
516 5102 
517 5102 
518 5102 
519 5102 
520 5102 
521 5102 
522 5102 
523 5102 
524 5102 
525 5102 
526 5102 
527 5102 
528 5102 
529 5102 
530 5102 
531 5102 
532 5102 
533 5102 
534 5102 
535 5102 
536 5102 
537 5102 
538 5102 
539 5102 
540 5102 
541 5102 
542 5102 
543 5102 
544 5102 
545 5102 
546 5102 
547 5102 
548 5102 
549 5102 
550 5102 
551 5102 
552 5102 
553 5102 
554 5102 
555 5102 
556 5102 
557 5102 
558 5102 
559 5102 
560 5102 
561 5102 
562 5102 
563 5102 
564 5102 
565 5102 
566 5102 
567 5102 
568 5102 
569 5102 
570 5102 
571 5102 
572 5102 
573 5102 
574 5102 
575 5102 
576 5102 
577 5102 
578 5102 
579 5102 
580 5102 
581 5102 
582 5102 
583 5102 
584 5102 
585 5102 
586 5102 
587 5102 
588 5102 
589 5102 
590 5102 
591 5102 
592 5102 
593 5102 
594 5102 
595 5102 
596 5102 
597 5102 
598 5102 
599 5102 
600 5102 
601 5102 
602 5102 
603 5102 
604 5102 
605 5102 
606 5102 
607 5102 
608 5102 
609 5102 
610 5102 
611 5102 
612 5102 
613 5102 
614 5102 
615 5102 
616 5102 
617 5102 
618 5102 
619 5102 
620 5102 
621 5102 
622 5102 
623 5102 
624 5102 
625 5102 
626 5102 
627 5102 
628 5102 
629 5102 
630 5102 
631 5102 
632 5102 
633 5102 
634 5102 
635 5102 
636 5102 
637 5102 
638 5102 
639 5102 
640 5102 
641 5102 
642 5102 
643 5102 
644 5102 
645 5102 
646 5102 
647 5102 
648 5102 
649 5102 
650 5102 
651 5102 
652 5102 
653 5102 
654 5102 
655 5102 
656 5102 
657 5102 
658 5102 
659 5102 
660 5102 
661 5102 
662 5102 
663 5102 
664 5102 
665 5102 
666 5102 
667 5102 
668 5102 
669 5102 
670 5102 
671 5102 
672 5102 
673 5102 
674 5102 
675 5102 
676 5102 
677 5102 
678 5102 
679 5102 
680 5102 
681 5102 
682 5102 
683 5102 
684 5102 
685 5102 
686 5102 
687 5102 
688 5102 
689 5102 
690 5102 
691 5102 
692 5102 
693 5102 
694 5102 
695 5102 
696 5102 
697 5102 
698 5102 
699 5102 
700 5102 
701 5102 
702 5102 
703 5102 
704 5102 
705 5102 
706 5102 
707 5102 
708 5102 
709 5102 
710 5102 
711 5102 
712 5102 
713 5102 
714 5102 
715 5102 
716 5102 
717 5102 
718 5102 
719 5102 
720 5102 
721 5102 
722 5102 
723 5102 
724 5102 
725 5102 
726 5102 
727 5102 
728 5102 
729 5102 
730 5102 
731 5102 
732 5102 
733 5102 
734 5102 
735 5102 
736 5102 
737 5102 
738 5102 
739 5102 
740 5102 
741 5102 
742 5102 
743 5102 
744 5102 
745 5102 
746 5102 
747 5102 
748 5102 
749 5102 
750 5102 
751 5102 
752 5102 
753 5102 
754 5102 
755 5102 
756 5102 
757 5102 
758 5102 
759 5102 
760 5102 
761 5102 
762 5102 
763 5102 
764 5102 
765 5102 
766 5102 
767 5102 
768 5102 
769 5102 
770 5102 
771 5102 
772 5102 
773 5102 
774 5102 
775 5102 
776 5102 
777 5102 
778 5102 
779 5102 
780 5102 
781 5102 
782 5102 
783 5102 
784 5102 
785 5102 
786 5102 
787 5102 
788 5102 
789 5102 
790 5102 
791 5102 
792 5102 
793 5102 
794 5102 
795 5102 
796 5102 
797 5102 
798 5102 
799 5102 
800 5102 
801 5102 
802 5102 
803 5102 
804 5102 
805 5102 
806 5102 
807 5102 
808 5102 
809 5102 
810 5102 
811 5102 
812 5102 
813 5102 
814 5102 
815 5102 
816 5102 
817 5102 
818 5102 
819 5102 
820 5102 
821 5102 
822 5102 
823 5102 
824 5102 
825 5102 
826 5102 
827 5102 
828 5102 
829 5102 
830 5102 
831 5102 
832 5102 
833 5102 
834 5102 
835 5102 
836 5102 
837 5102 
838 5102 
839 5102 
840 5102 
841 5102 
842 5102 
843 5102 
844 5102 
845 5102 
846 5102 
847 5102 
848 5102 
849 5102 
850 5102 
851 5102 
852 5102 
853 5102 
854 5102 
855 5102 
856 5102 
857 5102 
858 5102 
859 5102 
860 5102 
861 5102 
862 5102 
863 5102 
864 5102 
865 5102 
866 5102 
867 5102 
868 5102 
869 5102 
870 5102 
871 5102 
872 5102 
873 5102 
874 5102 
875 5102 
876 5102 
877 5102 
878 5102 
879 5102 
880 5102 
881 5102 
882 5102 
883 5102 
884 5102 
885 5102 
886 5102 
887 5102 
888 5102 
889 5102 
890 5102 
891 5102 
892 5102 
893 5102 
894 5102 
895 5102 
896 5102 
897 5102 
898 5102 
899 5102 
900 5102 
901 5102 
902 5102 
903 5102 
904 5102 
905 5102 
906 5102 
907 5102 
908 5102 
909 5102 
910 5102 
911 5102 
912 5102 
913 5102 
914 5102 
915 5102 
916 5102 
917 5102 
918 5102 
919 5102 
920 5102 
921 5102 
922 5102 
923 5102 
924 5102 
925 5102 
926 5102 
927 5102 
928 5102 
929 5102 
930 5102 
931 5102 
932 5102 
933 5102 
934 5102 
935 5102 
936 5102 
937 5102 
938 5102 
939 5102 
940 5102 
941 5102 
942 5102 
943 5102 
944 5102 
945 5102 
946 5102 
947 5102 
948 5102 
949 5102 
950 5102 
951 5102 
952 5102 
953 5102 
954 5102 
955 5102 
956 5102 
957 5102 
958 5102 
959 5102 
960 5102 
961 5102 
962 5102 
963 5102 
964 5102 
965 5102 
966 5102 
967 5102 
968 5102 
969 5102 
970 5102 
971 5102 
972 5102 
973 5102 
974 5102 
975 5102 
976 5102 
977 5102 
978 5102 
979 5102 
980 5102 
981 5102 
982 5102 
983 5102 
984 5102 
985 5102 
986 5102 
987 5102 
988 5102 
989 5102 
990 5102 
991 5102 
992 5102 
993 5102 
994 5102 
995 5102 
996 5102 
997 5102 
998 5102 
999 5102 
1000 5102 
1001 5102 
1002 5102 
1003 5102 
1004 5102 
1005 5102 
1006 5102 
1007 5102 
1008 5102 
1009 5102 
1010 5102 
1011 5102 
1012 5102 
1013 5102 
1014 5102 
1015 5102 
1016 5102 
1017 5102 
1018 5102 
1019 5102 
1020 5102 
1021 5102 
1022 5102 
1023 5102 
1024 5102 
1025 5102 
1026 5102 
1027 5102 
1028 5102 
1029 5102 
1030 5102 
1031 5102 
1032 5102 
1033 5102 
1034 5102 
1035 5102 
1036 5102 
1037 5102 
1038 5102 
1039 5102 
1040 5102 
1041 5102 
1042 5102 
1043 5102 
1044 5102 
1045 5102 
1046 5102 
1047 5102 
1048 5102 
1049 5102 
1050 5102 
1051 5102 
1052 5102 
1053 5102 
1054 5102 
1055 5102 
1056 5102 
1057 5102 
1058 5102 
1059 5102 
1060 5102 
1061 5102 
1062 5102 
1063 5102 
1064 5102 
1065 5102 
1066 5102 
1067 5102 
1068 5102 
1069 5102 
1070 5102 
1071 5102 
1072 5102 
1073 5102 
1074 5102 
1075 5102 
1076 5102 
1077 5102 
1078 5102 
1079 5102 
1080 5102 
1081 5102 
1082 5102 
1083 5102 
1084 5102 
1085 5102 
1086 5102 
1087 5102 
1088 5102 
1089 5102 
1090 5102 
1091 5102 
1092 5102 
1093 5102 
1094 5102 
1095 5102 
1096 5102 
1097 5102 
1098 5102 
1099 5102 
1100 5102 
1101 5102 
1102 5102 
1103 5102 
1104 5102 
1105 5102 
1106 5102 
1107 5102 
1108 5102 
1109 5102 
1110 5102 
1111 5102 
1112 5102 
1113 5102 
1114 5102 
1115 5102 
1116 5102 
1117 5102 
1118 5102 
1119 5102 
1120 5102 
1121 5102 
1122 5102 
1123 5102 
1124 5102 
1125 5102 
1126 5102 
1127 5102 
1128 5102 
1129 5102 
1130 5102 
1131 5102 
1132 5102 
1133 5102 
1134 5102 
1135 5102 
1136 5102 
1137 5102 
1138 5102 
1139 5102 
1140 5102 
1141 5102 
1142 5102 
1143 5102 
1144 5102 
1145 5102 
1146 5102 
1147 5102 
1148 5102 
1149 5102 
1150 5102 
1151 5102 
1152 5102 
1153 5102 
1154 5102 
1155 5102 
1156 5102 
1157 5102 
1158 5102 
1159 5102 
1160 5102 
1161 5102 
1162 5102 
1163 5102 
1164 5102 
1165 5102 
1166 5102 
1167 5102 
1168 5102 
1169 5102 
1170 5102 
1171 5102 
1172 5102 
1173 5102 
1174 5102 
1175 5102 
1176 5102 
1177 5102 
1178 5102 
1179 5102 
1180 5102 
1181 5102 
1182 5102 
1183 5102 
1184 5102 
1185 5102 
1186 5102 
1187 5102 
1188 5102 
1189 5102 
1190 5102 
1191 5102 
1192 5102 
1193 5102 
1194 5102 
1195 5102 
1196 5102 
1197 5102 
1198 5102 
1199 5102 
1200 5102 
1201 5102 
1202 5102 
1203 5102 
1204 5102 
1205 5102 
1206 5102 
1207 5102 
1208 5102 
1209 5102 
1210 5102 
1211 5102 
1212 5102 
1213 5102 
1214 5102 
1215 5102 
1216 5102 
1217 5102 
1218 5102 
1219 5102 
1220 5102 
1221 5102 
1222 5102 
1223 5102 
1224 5102 
1225 5102 
1226 5102 
1227 5102 
1228 5102 
1229 5102 
1230 5102 
1231 5102 
1232 5102 
1233 5102 
1234 5102 
1235 5102 
1236 5102 
1237 5102 
1238 5102 
1239 5102 
1240 5102 
1241 5102 
1242 5102 
1243 5102 
1244 5102 
1245 5102 
1246 5102 
1247 5102 
1248 5102 
1249 5102 
1250 5102 
1251 5102 
1252 5102 
1253 5102 
1254 5102 
1255 5102 
1256 5102 
1257 5102 
1258 5102 
1259 5102 
1260 5102 
1261 5102 
1262 5102 
1263 5102 
1264 5102 
1265 5102 
1266 5102 
1267 5102 
1268 5102 
1269 5102 
1270 5102 
1271 5102 
1272 5102 
1273 5102 
1274 5102 
1275 5102 
1276 5102 
1277 5102 
1278 5102 
1279 5102 
1280 5102 
1281 5102 
1282 5102 
1283 5102 
1284 5102 
1285 5102 
1286 5102 
1287 5102 
1288 5102 
1289 5102 
1290 5102 
1291 5102 
1292 5102 
1293 5102 
1294 5102 
1295 5102 
1296 5102 
1297 5102 
1298 5102 
1299 5102 
1300 5102 
1301 5102 
1302 5102 
1303 5102 
1304 5102 
1305 5102 
1306 5102 
1307 5102 
1308 5102 
1309 5102 
1310 5102 
1311 5102 
1312 5102 
1313 5102 
1314 5102 
1315 5102 
1316 5102 
1317 5102 
1318 5102 
1319 5102 
1320 5102 
1321 5102 
1322 5102 
1323 5102 
1324 5102 
1325 5102 
1326 5102 
1327 5102 
1328 5102 
1329 5102 
1330 5102 
1331 5102 
1332 5102 
1333 5102 
1334 5102 
1335 5102 
1336 5102 
1337 5102 
1338 5102 
1339 5102 
1340 5102 
1341 5102 
1342 5102 
1343 5102 
1344 5102 
1345 5102 
1346 5102 
1347 5102 
1348 5102 
1349 5102 
1350 5102 
1351 5102 
1352 5102 
1353 5102 
1354 5102 
1355 5102 
1356 5102 
1357 5102 
1358 5102 
1359 5102 
1360 5102 
1361 5102 
1362 5102 
1363 5102 
1364 5102 
1365 5102 
1366 5102 
1367 5102 
1368 5102 
1369 5102 
1370 5102 
1371 5102 
1372 5102 
1373 5102 
1374 5102 
1375 5102 
1376 5102 
1377 5102 
1378 5102 
1379 5102 
1380 5102 
1381 5102 
1382 5102 
1383 5102 
1384 5102 
1385 5102 
1386 5102 
1387 5102 
1388 5102 
1389 5102 
1390 5102 
1391 5102 
1392 5102 
1393 5102 
1394 5102 
1395 5102 
1396 5102 
1397 5102 
1398 5102 
1399 5102 
1400 5102 
1401 5102 
1402 5102 
1403 5102 
1404 5102 
1405 5102 
1406 5102 
1407 5102 
1408 5102 
1409 5102 
1410 5102 
1411 5102 
1412 5102 
1413 5102 
1414 5102 
1415 5102 
1416 5102 
1417 5102 
1418 5102 
1419 5102 
1420 5102 
1421 5102 
1422 5102 
1423 5102 
1424 5102 
1425 5102 
1426 5102 
1427 5102 
1428 5102 
1429 5102 
1430 5102 
1431 5102 
1432 5102 
1433 5102 
1434 5102 
1435 5102 
1436 5102 
1437 5102 
1438 5102 
1439 5102 
1440 5102 
1441 5102 
1442 5102 
1443 5102 
1444 5102 
1445 5102 
1446 5102 
1447 5102 
1448 5102 
1449 5102 
1450 5102 
1451 5102 
1452 5102 
1453 5102 
1454 5102 
1455 5102 
1456 5102 
1457 5102 
1458 5102 
1459 5102 
1460 5102 
1461 5102 
1462 5102 
1463 5102 
1464 5102 
1465 5102 
1466 5102 
1467 5102 
1468 5102 
1469 5102 
1470 5102 
1471 5102 
1472 5102 
1473 5102 
1474 5102 
1475 5102 
1476 5102 
1477 5102 
1478 5102 
1479 5102 
1480 5102 
1481 5102 
1482 5102 
1483 5102 
1484 5102 
1485 5102 
1486 5102 
1487 5102 
1488 5102 
1489 5102 
1490 5102 
1491 5102 
1492 5102 
1493 5102 
1494 5102 
1495 5102 
1496 5102 
1497 5102 
1498 5102 
1499 5102 
1500 5102 
1501 5102 
1502 5102 
1503 5102 
1504 5102 
1505 5102 
1506 5102 
1507 5102 
1508 5102 
1509 5102 
1510 5102 
1511 5102 
1512 5102 
1513 5102 
1514 5102 
1515 5102 
1516 5102 
1517 5102 
1518 5102 
1519 5102 
1520 5102 
1521 5102 
1522 5102 
1523 5102 
1524 5102 
1525 5102 
1526 5102 
1527 5102 
1528 5102 
1529 5102 
1530 5102 
1531 5102 
1532 5102 
1533 5102 
1534 5102 
1535 5102 
1536 5102 
1537 5102 
1538 5102 
1539 5102 
1540 5102 
1541 5102 
1542 5102 
1543 5102 
1544 5102 
1545 5102 
1546 5102 
1547 5102 
1548 5102 
1549 5102 
1550 5102 
1551 5102 
1552 5102 
1553 5102 
1554 5102 
1555 5102 
1556 5102 
1557 5102 
1558 5102 
1559 5102 
1560 5102 
1561 5102 
1562 5102 
1563 5102 
1564 5102 
1565 5102 
1566 5102 
1567 5102 
1568 5102 
1569 5102 
1570 5102 
1571 5102 
1572 5102 
1573 5102 
1574 5102 
1575 5102 
1576 5102 
1577 5102 
1578 5102 
1579 5102 
1580 5102 
1581 5102 
1582 5102 
1583 5102 
1584 5102 
1585 5102 
1586 5102 
1587 5102 
1588 5102 
1589 5102 
1590 5102 
1591 5102 
1592 5102 
1593 5102 
1594 5102 
1595 5102 
1596 5102 
1597 5102 
1598 5102 
1599 5102 
1600 5102 
1601 5102 
1602 5102 
1603 5102 
1604 5102 
1605 5102 
1606 5102 
1607 5102 
1608 5102 
1609 5102 
1610 5102 
1611 5102 
1612 5102 
1613 5102 
1614 5102 
1615 5102 
1616 5102 
1617 5102 
1618 5102 
1619 5102 
1620 5102 
1621 5102 
1622 5102 
1623 5102 
1624 5102 
1625 5102 
1626 5102 
1627 5102 
1628 5102 
1629 5102 
1630 5102 
1631 5102 
1632 5102 
1633 5102 
1634 5102 
1635 5102 
1636 5102 
1637 5102 
1638 5102 
1639 5102 
1640 5102 
1641 5102 
1642 5102 
1643 5102 
1644 5102 
1645 5102 
1646 5102 
1647 5102 
1648 5102 
1649 5102 
1650 5102 
1651 5102 
1652 5102 
1653 5102 
1654 5102 
1655 5102 
1656 5102 
1657 5102 
1658 5102 
1659 5102 
1660 5102 
1661 5102 
1662 5102 
1663 5102 
1664 5102 
1665 5102 
1666 5102 
1667 5102 
1668 5102 
1669 5102 
1670 5102 
1671 5102 
1672 5102 
1673 5102 
1674 5102 
1675 5102 
1676 5102 
1677 5102 
1678 5102 
1679 5102 
1680 5102 
1681 5102 
1682 5102 
1683 5102 
1684 5102 
1685 5102 
1686 5102 
1687 5102 
1688 5102 
1689 5102 
1690 5102 
1691 5102 
1692 5102 
1693 5102 
1694 5102 
1695 5102 
1696 5102 
1697 5102 
1698 5102 
1699 5102 
1700 5102 
1701 5102 
1702 5102 
1703 5102 
1704 5102 
1705 5102 
1706 5102 
1707 5102 
1708 5102 
1709 5102 
1710 5102 
1711 5102 
1712 5102 
1713 5102 
1714 5102 
1715 5102 
1716 5102 
1717 5102 
1718 5102 
1719 5102 
1720 5102 
1721 5102 
1722 5102 
1723 5102 
1724 5102 
1725 5102 
1726 5102 
1727 5102 
1728 5102 
1729 5102 
1730 5102 
1731 5102 
1732 5102 
1733 5102 
1734 5102 
1735 5102 
1736 5102 
1737 5102 
1738 5102 
1739 5102 
1740 5102 
1741 5102 
1742 5102 
1743 5102 
1744 5102 
1745 5102 
1746 5102 
1747 5102 
1748 5102 
1749 5102 
1750 5102 
1751 5102 
1752 5102 
1753 5102 
1754 5102 
1755 5102 
1756 5102 
1757 5102 
1758 5102 
1759 5102 
1760 5102 
1761 5102 
1762 5102 
1763 5102 
1764 5102 
1765 5102 
1766 5102 
1767 5102 
1768 5102 
1769 5102 
1770 5102 
1771 5102 
1772 5102 
1773 5102 
1774 5102 
1775 5102 
1776 5102 
1777 5102 
1778 5102 
1779 5102 
1780 5102 
1781 5102 
1782 5102 
1783 5102 
1784 5102 
1785 5102 
1786 5102 
1787 5102 
1788 5102 
1789 5102 
1790 5102 
1791 5102 
1792 5102 
1793 5102 
1794 5102 
1795 5102 
1796 5102 
1797 5102 
1798 5102 
1799 5102 
1800 5102 
1801 5102 
1802 5102 
1803 5102 
1804 5102 
1805 5102 
1806 5102 
1807 5102 
1808 5102 
1809 5102 
1810 5102 
1811 5102 
1812 5102 
1813 5102 
1814 5102 
1815 5102 
1816 5102 
1817 5102 
1818 5102 
1819 5102 
1820 5102 
1821 5102 
1822 5102 
1823 5102 
1824 5102 
1825 5102 
1826 5102 
1827 5102 
1828 5102 
1829 5102 
1830 5102 
1831 5102 
1832 5102 
1833 5102 
1834 5102 
1835 5102 
1836 5102 
1837 5102 
1838 5102 
1839 5102 
1840 5102 
1841 5102 
1842 5102 
1843 5102 
1844 5102 
1845 5102 
1846 5102 
1847 5102 
1848 5102 
1849 5102 
1850 5102 
1851 5102 
1852 5102 
1853 5102 
1854 5102 
1855 5102 
1856 5102 
1857 5102 
1858 5102 
1859 5102 
1860 5102 
1861 5102 
1862 5102 
1863 5102 
1864 5102 
1865 5102 
1866 5102 
1867 5102 
1868 5102 
1869 5102 
1870 5102 
1871 5102 
1872 5102 
1873 5102 
1874 5102 
1875 5102 
1876 5102 
1877 5102 
1878 5102 
1879 5102 
1880 5102 
1881 5102 
1882 5102 
1883 5102 
1884 5102 
1885 5102 
1886 5102 
1887 5102 
1888 5102 
1889 5102 
1890 5102 
1891 5102 
1892 5102 
1893 5102 
1894 5102 
1895 5102 
1896 5102 
1897 5102 
1898 5102 
1899 5102 
1900 5102 
1901 5102 
1902 5102 
1903 5102 
1904 5102 
1905 5102 
1906 5102 
1907 5102 
1908 5102 
1909 5102 
1910 5102 
1911 5102 
1912 5102 
1913 5102 
1914 5102 
1915 5102 
1916 5102 
1917 5102 
1918 5102 
1919 5102 
1920 5102 
1921 5102 
1922 5102 
1923 5102 
1924 5102 
1925 5102 
1926 5102 
1927 5102 
1928 5102 
1929 5102 
1930 5102 
1931 5102 
1932 5102 
1933 5102 
1934 5102 
1935 5102 
1936 5102 
1937 5102 
1938 5102 
1939 5102 
1940 5102 
1941 5102 
1942 5102 
1943 5102 
1944 5102 
1945 5102 
1946 5102 
1947 5102 
1948 5102 
1949 5102 
1950 5102 
1951 5102 
1952 5102 
1953 5102 
1954 5102 
1955 5102 
1956 5102 
1957 5102 
1958 5102 
1959 5102 
1960 5102 
1961 5102 
1962 5102 
1963 5102 
1964 5102 
1965 5102 
1966 5102 
1967 5102 
1968 5102 
1969 5102 
1970 5102 
1971 5102 
1972 5102 
1973 5102 
1974 5102 
1975 5102 
1976 5102 
1977 5102 
1978 5102 
1979 5102 
1980 5102 
1981 5102 
1982 5102 
1983 5102 
1984 5102 
1985 5102 
1986 5102 
1987 5102 
1988 5102 
1989 5102 
1990 5102 
1991 5102 
1992 5102 
1993 5102 
1994 5102 
1995 5102 
1996 5102 
1997 5102 
1998 5102 
1999 5102 
2000 5102 
2001 5102 
2002 5102 
2003 5102 
2004 5102 
2005 5102 
2006 5102 
2007 5102 
2008 5102 
2009 5102 
2010 5102 
2011 5102 
2012 5102 
2013 5102 
2014 5102 
2015 5102 
2016 5102 
2017 5102 
2018 5102 
2019 5102 
2020 5102 
2021 5102 
2022 5102 
2023 5102 
2024 5102 
2025 5102 
2026 5102 
2027 5102 
2028 5102 
2029 5102 
2030 5102 
2031 5102 
2032 5102 
2033 5102 
2034 5102 
2035 5102 
2036 5102 
2037 5102 
2038 5102 
2039 5102 
2040 5102 
2041 5102 
2042 5102 
2043 5102 
2044 5102 
2045 5102 
2046 5102 
2047 5102 
2048 5102 
2049 5102 
2050 5102 
2051 5102 
2052 5102 
2053 5102 
2054 5102 
2055 5102 
2056 5102 
2057 5102 
2058 5102 
2059 5102 
2060 5102 
2061 5102 
2062 5102 
2063 5102 
2064 5102 
2065 5102 
2066 5102 
2067 5102 
2068 5102 
2069 5102 
2070 5102 
2071 5102 
2072 5102 
2073 5102 
2074 5102 
2075 5102 
2076 5102 
2077 5102 
2078 5102 
2079 5102 
2080 5102 
2081 5102 
2082 5102 
2083 5102 
2084 5102 
2085 5102 
2086 5102 
2087 5102 
2088 5102 
2089 5102 
2090 5102 
2091 5102 
2092 5102 
2093 5102 
2094 5102 
2095 5102 
2096 5102 
2097 5102 
2098 5102 
2099 5102 
2100 5102 
2101 5102 
2102 5102 
2103 5102 
2104 5102 
2105 5102 
2106 5102 
2107 5102 
2108 5102 
2109 5102 
2110 5102 
2111 5102 
2112 5102 
2113 5102 
2114 5102 
2115 5102 
2116 5102 
2117 5102 
2118 5102 
2119 5102 
2120 5102 
2121 5102 
2122 5102 
2123 5102 
2124 5102 
2125 5102 
2126 5102 
2127 5102 
2128 5102 
2129 5102 
2130 5102 
2131 5102 
2132 5102 
2133 5102 
2134 5102 
2135 5102 
2136 5102 
2137 5102 
2138 5102 
2139 5102 
2140 5102 
2141 5102 
2142 5102 
2143 5102 
2144 5102 
2145 5102 
2146 5102 
2147 5102 
2148 5102 
2149 5102 
2150 5102 
2151 5102 
2152 5102 
2153 5102 
2154 5102 
2155 5102 
2156 5102 
2157 5102 
2158 5102 
2159 5102 
2160 5102 
2161 5102 
2162 5102 
2163 5102 
2164 5102 
2165 5102 
2166 5102 
2167 5102 
2168 5102 
2169 5102 
2170 5102 
2171 5102 
2172 5102 
2173 5102 
2174 5102 
2175 5102 
2176 5102 
2177 5102 
2178 5102 
2179 5102 
2180 5102 
2181 5102 
2182 5102 
2183 5102 
2184 5102 
2185 5102 
2186 5102 
2187 5102 
2188 5102 
2189 5102 
2190 5102 
2191 5102 
2192 5102 
2193 5102 
2194 5102 
2195 5102 
2196 5102 
2197 5102 
2198 5102 
2199 5102 
2200 5102 
2201 5102 
2202 5102 
2203 5102 
2204 5102 
2205 5102 
2206 5102 
2207 5102 
2208 5102 
2209 5102 
2210 5102 
2211 5102 
2212 5102 
2213 5102 
2214 5102 
2215 5102 
2216 5102 
2217 5102 
2218 5102 
2219 5102 
2220 5102 
2221 5102 
2222 5102 
2223 5102 
2224 5102 
2225 5102 
2226 5102 
2227 5102 
2228 5102 
2229 5102 
2230 5102 
2231 5102 
2232 5102 
2233 5102 
2234 5102 
2235 5102 
2236 5102 
2237 5102 
2238 5102 
2239 5102 
2240 5102 
2241 5102 
2242 5102 
2243 5102 
2244 5102 
2245 5102 
2246 5102 
2247 5102 
2248 5102 
2249 5102 
2250 5102 
2251 5102 
2252 5102 
2253 5102 
2254 5102 
2255 5102 
2256 5102 
2257 5102 
2258 5102 
2259 5102 
2260 5102 
2261 5102 
2262 5102 
2263 5102 
2264 5102 
2265 5102 
2266 5102 
2267 5102 
2268 5102 
2269 5102 
2270 5102 
2271 5102 
2272 5102 
2273 5102 
2274 5102 
2275 5102 
2276 5102 
2277 5102 
2278 5102 
2279 5102 
2280 5102 
2281 5102 
2282 5102 
2283 5102 
2284 5102 
2285 5102 
2286 5102 
2287 5102 
2288 5102 
2289 5102 
2290 5102 
2291 5102 
2292 5102 
2293 5102 
2294 5102 
2295 5102 
2296 5102 
2297 5102 
2298 5102 
2299 5102 
2300 5102 
2301 5102 
2302 5102 
2303 5102 
2304 5102 
2305 5102 
2306 5102 
2307 5102 
2308 5102 
2309 5102 
2310 5102 
2311 5102 
2312 5102 
2313 5102 
2314 5102 
2315 5102 
2316 5102 
2317 5102 
2318 5102 
2319 5102 
2320 5102 
2321 5102 
2322 5102 
2323 5102 
2324 5102 
2325 5102 
2326 5102 
2327 5102 
2328 5102 
2329 5102 
2330 5102 
2331 5102 
2332 5102 
2333 5102 
2334 5102 
2335 5102 
2336 5102 
2337 5102 
2338 5102 
2339 5102 
2340 5102 
2341 5102 
2342 5102 
2343 5102 
2344 5102 
2345 5102 
2346 5102 
2347 5102 
2348 5102 
2349 5102 
2350 5102 
2351 5102 
2352 5102 
2353 5102 
2354 5102 
2355 5102 
2356 5102 
2357 5102 
2358 5102 
2359 5102 
2360 5102 
2361 5102 
2362 5102 
2363 5102 
2364 5102 
2365 5102 
2366 5102 
2367 5102 
2368 5102 
2369 5102 
2370 5102 
2371 5102 
2372 5102 
2373 5102 
2374 5102 
2375 5102 
2376 5102 
2377 5102 
2378 5102 
2379 5102 
2380 5102 
2381 5102 
2382 5102 
2383 5102 
2384 5102 
2385 5102 
2386 5102 
2387 5102 
2388 5102 
2389 5102 
2390 5102 
2391 5102 
2392 5102 
2393 5102 
2394 5102 
2395 5102 
2396 5102 
2397 5102 
2398 5102 
2399 5102 
2400 5102 
2401 5102 
2402 5102 
2403 5102 
2404 5102 
2405 5102 
2406 5102 
2407 5102 
2408 5102 
2409 5102 
2410 5102 
2411 5102 
2412 5102 
2413 5102 
2414 5102 
2415 5102 
2416 5102 
2417 5102 
2418 5102 
2419 5102 
2420 5102 
2421 5102 
2422 5102 
2423 5102 
2424 5102 
2425 5102 
2426 5102 
2427 5102 
2428 5102 
2429 5102 
2430 5102 
2431 5102 
2432 5102 
2433 5102 
2434 5102 
2435 5102 
2436 5102 
2437 5102 
2438 5102 
2439 5102 
2440 5102 
2441 5102 
2442 5102 
2443 5102 
2444 5102 
2445 5102 
2446 5102 
2447 5102 
2448 5102 
2449 5102 
2450 5102 
2451 5102 
2452 5102 
2453 5102 
2454 5102 
2455 5102 
2456 5102 
2457 5102 
2458 5102 
2459 5102 
2460 5102 
2461 5102 
2462 5102 
2463 5102 
2464 5102 
2465 5102 
2466 5102 
2467 5102 
2468 5102 
2469 5102 
2470 5102 
2471 5102 
2472 5102 
2473 5102 
2474 5102 
2475 5102 
2476 5102 
2477 5102 
2478 5102 
2479 5102 
2480 5102 
2481 5102 
2482 5102 
2483 5102 
2484 5102 
2485 5102 
2486 5102 
2487 5102 
2488 5102 
2489 5102 
2490 5102 
2491 5102 
2492 5102 
2493 5102 
2494 5102 
2495 5102 
2496 5102 
2497 5102 
2498 5102 
2499 5102 
2500 5102 
2501 5102 
2502 5102 
2503 5102 
2504 5102 
2505 5102 
2506 5102 
2507 5102 
2508 5102 
2509 5102 
2510 5102 
2511 5102 
2512 5102 
2513 5102 
2514 5102 
2515 5102 
2516 5102 
2517 5102 
2518 5102 
2519 5102 
2520 5102 
2521 5102 
2522 5102 
2523 5102 
2524 5102 
2525 5102 
2526 5102 
2527 5102 
2528 5102 
2529 5102 
2530 5102 
2531 5102 
2532 5102 
2533 5102 
2534 5102 
2535 5102 
2536 5102 
2537 5102 
2538 5102 
2539 5102 
2540 5102 
2541 5102 
2542 5102 
2543 5102 
2544 5102 
2545 5102 
2546 5102 
2547 5102 
2548 5102 
2549 5102 
2550 5102 
2551 5102 
2552 5102 
2553 5102 
2554 5102 
2555 5102 
2556 5102 
2557 5102 
2558 5102 
2559 5102 
2560 5102 
2561 5102 
2562 5102 
2563 5102 
2564 5102 
2565 5102 
2566 5102 
2567 5102 
2568 5102 
2569 5102 
2570 5102 
2571 5102 
2572 5102 
2573 5102 
2574 5102 
2575 5102 
2576 5102 
2577 5102 
2578 5102 
2579 5102 
2580 5102 
2581 5102 
2582 5102 
2583 5102 
2584 5102 
2585 5102 
2586 5102 
2587 5102 
2588 5102 
2589 5102 
2590 5102 
2591 5102 
2592 5102 
2593 5102 
2594 5102 
2595 5102 
2596 5102 
2597 5102 
2598 5102 
2599 5102 
2600 5102 
2601 5102 
2602 5102 
2603 5102 
2604 5102 
2605 5102 
2606 5102 
2607 5102 
2608 5102 
2609 5102 
2610 5102 
2611 5102 
2612 5102 
2613 5102 
2614 5102 
2615 5102 
2616 5102 
2617 5102 
2618 5102 
2619 5102 
2620 5102 
2621 5102 
2622 5102 
2623 5102 
2624 5102 
2625 5102 
2626 5102 
2627 5102 
2628 5102 
2629 5102 
2630 5102 
2631 5102 
2632 5102 
2633 5102 
2634 5102 
2635 5102 
2636 5102 
2637 5102 
2638 5102 
2639 5102 
2640 5102 
2641 5102 
2642 5102 
2643 5102 

