0 91136 
1 90644 
2 90220 
3 89980 
4 89710 
5 89412 
6 89268 
7 89094 
8 88990 
9 88528 
10 88336 
11 87976 
12 87010 
13 86794 
14 85494 
15 83664 
16 82620 
17 82084 
18 81892 
19 79626 
20 78186 
21 78182 
22 78076 
23 78016 
24 77882 
25 77842 
26 77760 
27 77532 
28 77524 
29 77060 
30 74940 
31 74914 
32 74906 
33 74748 
34 74740 
35 74686 
36 72544 
37 72332 
38 72042 
39 71758 
40 70870 
41 70414 
42 70084 
43 69370 
44 67250 
45 66590 
46 66554 
47 66368 
48 65536 
49 64392 
50 63810 
51 63372 
52 61324 
53 61292 
54 61172 
55 61122 
56 61050 
57 60760 
58 60250 
59 60090 
60 58986 
61 58678 
62 58270 
63 57998 
64 57992 
65 57856 
66 57448 
67 55126 
68 55102 
69 54784 
70 54784 
71 54336 
72 54328 
73 53888 
74 53846 
75 53828 
76 52854 
77 52078 
78 51074 
79 49110 
80 49078 
81 48998 
82 47302 
83 46892 
84 46636 
85 46542 
86 46522 
87 46138 
88 45880 
89 42640 
90 42586 
91 39280 
92 37580 
93 36876 
94 36862 
95 35802 
96 35722 
97 35702 
98 35686 
99 35250 
100 34156 
101 33398 
102 33054 
103 32614 
104 32470 
105 32386 
106 32174 
107 31670 
108 31250 
109 31218 
110 29390 
111 29230 
112 28910 
113 28874 
114 27906 
115 27898 
116 26838 
117 26506 
118 25014 
119 24496 
120 23990 
121 21856 
122 21802 
123 21774 
124 21766 
125 21686 
126 21658 
127 21606 
128 21452 
129 21452 

