0 16130 
1 16088 
2 16048 
3 15902 
4 15888 
5 15888 
6 15744 
7 15698 
8 15574 
9 15554 
10 15352 
11 15260 
12 15246 
13 15192 
14 15028 
15 15006 
16 14940 
17 14658 
18 14550 
19 14546 
20 14366 
21 14170 
22 14150 
23 13982 
24 13960 
25 13848 
26 13788 
27 13726 
28 13636 
29 13434 
30 13218 
31 13136 
32 12798 
33 12678 
34 12534 
35 12156 
36 12006 
37 11878 
38 11768 
39 11648 
40 11438 
41 11378 
42 11326 
43 11300 
44 11252 
45 11080 
46 11048 
47 10872 
48 10850 
49 10810 
50 10684 
51 10684 
52 10634 
53 10544 
54 10514 
55 10482 
56 10472 
57 10270 
58 10240 
59 10196 
60 10158 
61 10134 
62 10070 
63 10000 
64 9886 
65 9816 
66 9776 
67 9694 
68 9520 
69 9360 
70 9348 
71 9286 
72 9226 
73 9108 
74 8586 
75 8516 
76 8408 
77 8318 
78 8286 
79 8190 
80 8162 
81 8154 
82 7916 
83 7786 
84 7690 
85 7628 
86 7568 
87 7450 
88 7418 
89 7418 
90 7246 
91 7072 
92 7048 
93 7048 
94 6846 
95 6616 
96 6474 
97 6386 
98 6346 
99 6344 
100 6224 
101 6224 
102 5968 
103 5954 
104 5810 
105 5810 
106 5782 
107 5782 
108 5718 
109 5718 
110 5526 
111 5510 
112 5510 
113 5510 
114 5496 
115 5370 
116 5124 
117 5124 
118 5124 
119 5124 
120 5124 
121 5124 
122 5124 
123 5124 
124 5124 
125 5124 
126 5124 
127 5124 
128 5124 
129 5124 
130 5124 
131 5124 
132 5124 
133 5124 
134 5124 
135 5124 
136 5124 
137 5124 
138 5124 
139 5124 
140 5124 
141 5124 
142 5124 
143 5124 
144 5124 
145 5124 
146 5124 
147 5124 
148 5124 
149 5124 
150 5124 
151 5124 
152 5124 
153 5124 
154 5124 
155 5124 
156 5124 
157 5124 
158 5124 
159 5124 
160 5124 
161 5124 
162 5124 
163 5124 
164 5124 
165 5124 
166 5124 
167 5124 
168 5124 
169 5124 
170 5124 
171 5124 
172 5124 
173 5124 
174 5124 
175 5124 
176 5124 
177 5124 
178 5124 
179 5124 
180 5124 
181 5124 
182 5124 
183 5124 
184 5124 
185 5124 
186 5124 
187 5124 
188 5124 
189 5124 
190 5124 
191 5124 
192 5124 
193 5124 
194 5124 
195 5124 
196 5124 
197 5124 
198 5124 
199 5124 
200 5124 
201 5124 
202 5124 
203 5124 
204 5124 
205 5124 
206 5124 
207 5124 
208 5124 
209 5124 
210 5124 
211 5124 
212 5124 
213 5124 
214 5124 
215 5124 
216 5124 
217 5124 
218 5124 
219 5124 
220 5124 
221 5124 
222 5124 
223 5124 
224 5124 
225 5124 
226 5124 
227 5124 
228 5124 
229 5124 
230 5124 
231 5124 
232 5124 
233 5124 
234 5124 
235 5124 
236 5124 
237 5124 
238 5124 
239 5124 
240 5124 
241 5124 
242 5124 
243 5124 
244 5124 
245 5124 
246 5124 
247 5124 
248 5124 
249 5124 
250 5124 
251 5124 
252 5124 
253 5124 
254 5124 
255 5124 
256 5124 
257 5124 
258 5124 
259 5124 
260 5124 
261 5124 
262 5124 
263 5124 
264 5124 
265 5124 
266 5124 
267 5124 
268 5124 
269 5124 
270 5124 
271 5124 
272 5124 
273 5124 
274 5124 
275 5124 
276 5124 
277 5124 
278 5124 
279 5124 
280 5124 
281 5124 
282 5124 
283 5124 
284 5124 
285 5124 
286 5124 
287 5124 
288 5124 
289 5124 
290 5124 
291 5124 
292 5124 
293 5124 
294 5124 
295 5124 
296 5124 
297 5124 
298 5124 
299 5124 
300 5124 
301 5124 
302 5124 
303 5124 
304 5124 
305 5124 
306 5124 
307 5124 
308 5124 
309 5124 
310 5124 
311 5124 
312 5124 
313 5124 
314 5124 
315 5124 
316 5124 
317 5124 
318 5124 
319 5124 
320 5124 
321 5124 
322 5124 
323 5124 
324 5124 
325 5124 
326 5124 
327 5124 
328 5124 
329 5124 
330 5124 
331 5124 
332 5124 
333 5124 
334 5124 
335 5124 
336 5124 
337 5124 
338 5124 
339 5124 
340 5124 
341 5124 
342 5124 
343 5124 
344 5124 
345 5124 
346 5124 
347 5124 
348 5124 
349 5124 
350 5124 
351 5124 
352 5124 
353 5124 
354 5124 
355 5124 
356 5124 
357 5124 
358 5124 
359 5124 
360 5124 
361 5124 
362 5124 
363 5124 
364 5124 
365 5124 
366 5124 
367 5124 
368 5124 
369 5124 
370 5124 
371 5124 
372 5124 
373 5124 
374 5124 
375 5124 
376 5124 
377 5124 
378 5124 
379 5124 
380 5124 
381 5124 
382 5124 
383 5124 
384 5124 
385 5124 
386 5124 
387 5124 
388 5124 
389 5124 
390 5124 
391 5124 
392 5124 
393 5124 
394 5124 
395 5124 
396 5124 
397 5124 
398 5124 
399 5124 
400 5124 
401 5124 
402 5124 
403 5124 
404 5124 
405 5124 
406 5124 
407 5124 
408 5124 
409 5124 
410 5124 
411 5124 
412 5124 
413 5124 
414 5124 
415 5124 
416 5124 
417 5124 
418 5124 
419 5124 
420 5124 
421 5124 
422 5124 
423 5124 
424 5124 
425 5124 
426 5124 
427 5124 
428 5124 
429 5124 
430 5124 
431 5124 
432 5124 
433 5124 
434 5124 
435 5124 
436 5124 
437 5124 
438 5124 
439 5124 
440 5124 
441 5124 
442 5124 
443 5124 
444 5124 
445 5124 
446 5124 
447 5124 
448 5124 
449 5124 
450 5124 
451 5124 
452 5124 
453 5124 
454 5124 
455 5124 
456 5124 
457 5124 
458 5124 
459 5124 
460 5124 
461 5124 
462 5124 
463 5124 
464 5124 
465 5124 
466 5124 
467 5124 
468 5124 
469 5124 
470 5124 
471 5124 
472 5124 
473 5124 
474 5124 
475 5124 
476 5124 
477 5124 
478 5124 
479 5124 
480 5124 
481 5124 
482 5124 
483 5124 
484 5124 
485 5124 
486 5124 
487 5124 
488 5124 
489 5124 
490 5124 
491 5124 
492 5124 
493 5124 
494 5124 
495 5124 
496 5124 
497 5124 
498 5124 
499 5124 
500 5124 
501 5124 
502 5124 
503 5124 
504 5124 
505 5124 
506 5124 
507 5124 
508 5124 
509 5124 
510 5124 
511 5124 
512 5124 
513 5124 
514 5124 
515 5124 
516 5124 
517 5124 
518 5124 
519 5124 
520 5124 
521 5124 
522 5124 
523 5124 
524 5124 
525 5124 
526 5124 
527 5124 
528 5124 
529 5124 
530 5124 
531 5124 
532 5124 
533 5124 
534 5124 
535 5124 
536 5124 
537 5124 
538 5124 
539 5124 
540 5124 
541 5124 
542 5124 
543 5124 
544 5124 
545 5124 
546 5124 
547 5124 
548 5124 
549 5124 
550 5124 
551 5124 
552 5124 
553 5124 
554 5124 
555 5124 
556 5124 
557 5124 
558 5124 
559 5124 
560 5124 
561 5124 
562 5124 
563 5124 
564 5124 
565 5124 
566 5124 
567 5124 
568 5124 
569 5124 
570 5124 
571 5124 
572 5124 
573 5124 
574 5124 
575 5124 
576 5124 
577 5124 
578 5124 
579 5124 
580 5124 
581 5124 
582 5124 
583 5124 
584 5124 
585 5124 
586 5124 
587 5124 
588 5124 
589 5124 
590 5124 
591 5124 
592 5124 
593 5124 
594 5124 
595 5124 
596 5124 
597 5124 
598 5124 
599 5124 
600 5124 
601 5124 
602 5124 
603 5124 
604 5124 
605 5124 
606 5124 
607 5124 
608 5124 
609 5124 
610 5124 
611 5124 
612 5124 
613 5124 
614 5124 
615 5124 
616 5124 
617 5124 
618 5124 
619 5124 
620 5124 
621 5124 
622 5124 
623 5124 
624 5124 
625 5124 
626 5124 
627 5124 
628 5124 
629 5124 
630 5124 
631 5124 
632 5124 
633 5124 
634 5124 
635 5124 
636 5124 
637 5124 
638 5124 
639 5124 
640 5124 
641 5124 
642 5124 
643 5124 
644 5124 
645 5124 
646 5124 
647 5124 
648 5124 
649 5124 
650 5124 
651 5124 
652 5124 
653 5124 
654 5124 
655 5124 
656 5124 
657 5124 
658 5124 
659 5124 
660 5124 
661 5124 
662 5124 
663 5124 
664 5124 
665 5124 
666 5124 
667 5124 
668 5124 
669 5124 
670 5124 
671 5124 
672 5124 
673 5124 
674 5124 
675 5124 
676 5124 
677 5124 
678 5124 
679 5124 
680 5124 
681 5124 
682 5124 
683 5124 
684 5124 
685 5124 
686 5124 
687 5124 
688 5124 
689 5124 
690 5124 
691 5124 
692 5124 
693 5124 
694 5124 
695 5124 
696 5124 
697 5124 
698 5124 
699 5124 
700 5124 
701 5124 
702 5124 
703 5124 
704 5124 
705 5124 
706 5124 
707 5124 
708 5124 
709 5124 
710 5124 
711 5124 
712 5124 
713 5124 
714 5124 
715 5124 
716 5124 
717 5124 
718 5124 
719 5124 
720 5124 
721 5124 
722 5124 
723 5124 
724 5124 
725 5124 
726 5124 
727 5124 
728 5124 
729 5124 
730 5124 
731 5124 
732 5124 
733 5124 
734 5124 
735 5124 
736 5124 
737 5124 
738 5124 
739 5124 
740 5124 
741 5124 
742 5124 
743 5124 
744 5124 
745 5124 
746 5124 
747 5124 
748 5124 
749 5124 
750 5124 
751 5124 
752 5124 
753 5124 
754 5124 
755 5124 
756 5124 
757 5124 
758 5124 
759 5124 
760 5124 
761 5124 
762 5124 
763 5124 
764 5124 
765 5124 
766 5124 
767 5124 
768 5124 
769 5124 
770 5124 
771 5124 
772 5124 
773 5124 
774 5124 
775 5124 
776 5124 
777 5124 
778 5124 
779 5124 
780 5124 
781 5124 
782 5124 
783 5124 
784 5124 
785 5124 
786 5124 
787 5124 
788 5124 
789 5124 
790 5124 
791 5124 
792 5124 
793 5124 
794 5124 
795 5124 
796 5124 
797 5124 
798 5124 
799 5124 
800 5124 
801 5124 
802 5124 
803 5124 
804 5124 
805 5124 
806 5124 
807 5124 
808 5124 
809 5124 
810 5124 
811 5124 
812 5124 
813 5124 
814 5124 
815 5124 
816 5124 
817 5124 
818 5124 
819 5124 
820 5124 
821 5124 
822 5124 
823 5124 
824 5124 
825 5124 
826 5124 
827 5124 
828 5124 
829 5124 
830 5124 
831 5124 
832 5124 
833 5124 
834 5124 
835 5124 
836 5124 
837 5124 
838 5124 
839 5124 
840 5124 
841 5124 
842 5124 
843 5124 
844 5124 
845 5124 
846 5124 
847 5124 
848 5124 
849 5124 
850 5124 
851 5124 
852 5124 
853 5124 
854 5124 
855 5124 
856 5124 
857 5124 
858 5124 
859 5124 
860 5124 
861 5124 
862 5124 
863 5124 
864 5124 
865 5124 
866 5124 
867 5124 
868 5124 
869 5124 
870 5124 
871 5124 
872 5124 
873 5124 
874 5124 
875 5124 
876 5124 
877 5124 
878 5124 
879 5124 
880 5124 
881 5124 
882 5124 
883 5124 
884 5124 
885 5124 
886 5124 
887 5124 
888 5124 
889 5124 
890 5124 
891 5124 
892 5124 
893 5124 
894 5124 
895 5124 
896 5124 
897 5124 
898 5124 
899 5124 
900 5124 
901 5124 
902 5124 
903 5124 
904 5124 
905 5124 
906 5124 
907 5124 
908 5124 
909 5124 
910 5124 
911 5124 
912 5124 
913 5124 
914 5124 
915 5124 
916 5124 
917 5124 
918 5124 
919 5124 
920 5124 
921 5124 
922 5124 
923 5124 
924 5124 
925 5124 
926 5124 
927 5124 
928 5124 
929 5124 
930 5124 
931 5124 
932 5124 
933 5124 
934 5124 
935 5124 
936 5124 
937 5124 
938 5124 
939 5124 
940 5124 
941 5124 
942 5124 
943 5124 
944 5124 
945 5124 
946 5124 
947 5124 
948 5124 
949 5124 
950 5124 
951 5124 
952 5124 
953 5124 
954 5124 
955 5124 
956 5124 
957 5124 
958 5124 
959 5124 
960 5124 
961 5124 
962 5124 
963 5124 
964 5124 
965 5124 
966 5124 
967 5124 
968 5124 
969 5124 
970 5124 
971 5124 
972 5124 
973 5124 
974 5124 
975 5124 
976 5124 
977 5124 
978 5124 
979 5124 
980 5124 
981 5124 
982 5124 
983 5124 
984 5124 
985 5124 
986 5124 
987 5124 
988 5124 
989 5124 
990 5124 
991 5124 
992 5124 
993 5124 
994 5124 
995 5124 
996 5124 
997 5124 
998 5124 
999 5124 
1000 5124 
1001 5124 
1002 5124 
1003 5124 
1004 5124 
1005 5124 
1006 5124 
1007 5124 
1008 5124 
1009 5124 
1010 5124 
1011 5124 
1012 5124 
1013 5124 
1014 5124 
1015 5124 
1016 5124 
1017 5124 
1018 5124 
1019 5124 
1020 5124 
1021 5124 
1022 5124 
1023 5124 
1024 5124 
1025 5124 
1026 5124 
1027 5124 
1028 5124 
1029 5124 
1030 5124 
1031 5124 
1032 5124 
1033 5124 
1034 5124 
1035 5124 
1036 5124 
1037 5124 
1038 5124 
1039 5124 
1040 5124 
1041 5124 
1042 5124 
1043 5124 
1044 5124 
1045 5124 
1046 5124 
1047 5124 
1048 5124 
1049 5124 
1050 5124 
1051 5124 
1052 5124 
1053 5124 
1054 5124 
1055 5124 
1056 5124 
1057 5124 
1058 5124 
1059 5124 
1060 5124 
1061 5124 
1062 5124 
1063 5124 
1064 5124 
1065 5124 
1066 5124 
1067 5124 
1068 5124 
1069 5124 
1070 5124 
1071 5124 
1072 5124 
1073 5124 
1074 5124 
1075 5124 
1076 5124 
1077 5124 
1078 5124 
1079 5124 
1080 5124 
1081 5124 
1082 5124 
1083 5124 
1084 5124 
1085 5124 
1086 5124 
1087 5124 
1088 5124 
1089 5124 
1090 5124 
1091 5124 
1092 5124 
1093 5124 
1094 5124 
1095 5124 
1096 5124 
1097 5124 
1098 5124 
1099 5124 
1100 5124 
1101 5124 
1102 5124 
1103 5124 
1104 5124 
1105 5124 
1106 5124 
1107 5124 
1108 5124 
1109 5124 
1110 5124 
1111 5124 
1112 5124 
1113 5124 
1114 5124 
1115 5124 
1116 5124 
1117 5124 
1118 5124 
1119 5124 
1120 5124 
1121 5124 
1122 5124 
1123 5124 
1124 5124 
1125 5124 
1126 5124 
1127 5124 
1128 5124 
1129 5124 
1130 5124 
1131 5124 
1132 5124 
1133 5124 
1134 5124 
1135 5124 
1136 5124 
1137 5124 
1138 5124 
1139 5124 
1140 5124 
1141 5124 
1142 5124 
1143 5124 
1144 5124 
1145 5124 
1146 5124 
1147 5124 
1148 5124 
1149 5124 
1150 5124 
1151 5124 
1152 5124 
1153 5124 
1154 5124 
1155 5124 
1156 5124 
1157 5124 
1158 5124 
1159 5124 
1160 5124 
1161 5124 
1162 5124 
1163 5124 
1164 5124 
1165 5124 
1166 5124 
1167 5124 
1168 5124 
1169 5124 
1170 5124 
1171 5124 
1172 5124 
1173 5124 
1174 5124 
1175 5124 
1176 5124 
1177 5124 
1178 5124 
1179 5124 
1180 5124 
1181 5124 
1182 5124 
1183 5124 
1184 5124 
1185 5124 
1186 5124 
1187 5124 
1188 5124 
1189 5124 
1190 5124 
1191 5124 
1192 5124 
1193 5124 
1194 5124 
1195 5124 
1196 5124 
1197 5124 
1198 5124 
1199 5124 
1200 5124 
1201 5124 
1202 5124 
1203 5124 
1204 5124 
1205 5124 
1206 5124 
1207 5124 
1208 5124 
1209 5124 
1210 5124 
1211 5124 
1212 5124 
1213 5124 
1214 5124 
1215 5124 
1216 5124 
1217 5124 
1218 5124 
1219 5124 
1220 5124 
1221 5124 
1222 5124 
1223 5124 
1224 5124 
1225 5124 
1226 5124 
1227 5124 
1228 5124 
1229 5124 
1230 5124 
1231 5124 
1232 5124 
1233 5124 
1234 5124 
1235 5124 
1236 5124 
1237 5124 
1238 5124 
1239 5124 
1240 5124 
1241 5124 
1242 5124 
1243 5124 
1244 5124 
1245 5124 
1246 5124 
1247 5124 
1248 5124 
1249 5124 
1250 5124 
1251 5124 
1252 5124 
1253 5124 
1254 5124 
1255 5124 
1256 5124 
1257 5124 
1258 5124 
1259 5124 
1260 5124 
1261 5124 
1262 5124 
1263 5124 
1264 5124 
1265 5124 
1266 5124 
1267 5124 
1268 5124 
1269 5124 
1270 5124 
1271 5124 
1272 5124 
1273 5124 
1274 5124 
1275 5124 
1276 5124 
1277 5124 
1278 5124 
1279 5124 
1280 5124 
1281 5124 
1282 5124 
1283 5124 
1284 5124 
1285 5124 
1286 5124 
1287 5124 
1288 5124 
1289 5124 
1290 5124 
1291 5124 
1292 5124 
1293 5124 
1294 5124 
1295 5124 
1296 5124 
1297 5124 
1298 5124 
1299 5124 
1300 5124 
1301 5124 
1302 5124 
1303 5124 
1304 5124 
1305 5124 
1306 5124 
1307 5124 
1308 5124 
1309 5124 
1310 5124 
1311 5124 
1312 5124 
1313 5124 
1314 5124 
1315 5124 
1316 5124 
1317 5124 
1318 5124 
1319 5124 
1320 5124 
1321 5124 
1322 5124 
1323 5124 
1324 5124 
1325 5124 
1326 5124 
1327 5124 
1328 5124 
1329 5124 
1330 5124 
1331 5124 
1332 5124 
1333 5124 
1334 5124 
1335 5124 
1336 5124 
1337 5124 
1338 5124 
1339 5124 
1340 5124 
1341 5124 
1342 5124 
1343 5124 
1344 5124 
1345 5124 
1346 5124 
1347 5124 
1348 5124 
1349 5124 
1350 5124 
1351 5124 
1352 5124 
1353 5124 
1354 5124 
1355 5124 
1356 5124 
1357 5124 
1358 5124 
1359 5124 
1360 5124 
1361 5124 
1362 5124 
1363 5124 
1364 5124 
1365 5124 
1366 5124 
1367 5124 
1368 5124 
1369 5124 
1370 5124 
1371 5124 
1372 5124 
1373 5124 
1374 5124 
1375 5124 
1376 5124 
1377 5124 
1378 5124 
1379 5124 
1380 5124 
1381 5124 
1382 5124 
1383 5124 
1384 5124 
1385 5124 
1386 5124 
1387 5124 
1388 5124 
1389 5124 
1390 5124 
1391 5124 
1392 5124 
1393 5124 
1394 5124 
1395 5124 
1396 5124 
1397 5124 
1398 5124 
1399 5124 
1400 5124 
1401 5124 
1402 5124 
1403 5124 
1404 5124 
1405 5124 
1406 5124 
1407 5124 
1408 5124 
1409 5124 
1410 5124 
1411 5124 
1412 5124 
1413 5124 
1414 5124 
1415 5124 
1416 5124 
1417 5124 
1418 5124 
1419 5124 
1420 5124 
1421 5124 
1422 5124 
1423 5124 
1424 5124 
1425 5124 
1426 5124 
1427 5124 
1428 5124 
1429 5124 
1430 5124 
1431 5124 
1432 5124 
1433 5124 
1434 5124 
1435 5124 
1436 5124 
1437 5124 
1438 5124 
1439 5124 
1440 5124 
1441 5124 
1442 5124 
1443 5124 
1444 5124 
1445 5124 
1446 5124 
1447 5124 
1448 5124 
1449 5124 
1450 5124 
1451 5124 
1452 5124 
1453 5124 
1454 5124 
1455 5124 
1456 5124 
1457 5124 
1458 5124 
1459 5124 
1460 5124 
1461 5124 
1462 5124 
1463 5124 
1464 5124 
1465 5124 
1466 5124 
1467 5124 
1468 5124 
1469 5124 
1470 5124 
1471 5124 
1472 5124 
1473 5124 
1474 5124 
1475 5124 
1476 5124 
1477 5124 
1478 5124 
1479 5124 
1480 5124 
1481 5124 
1482 5124 
1483 5124 
1484 5124 
1485 5124 
1486 5124 
1487 5124 
1488 5124 
1489 5124 
1490 5124 
1491 5124 
1492 5124 
1493 5124 
1494 5124 
1495 5124 
1496 5124 
1497 5124 
1498 5124 
1499 5124 
1500 5124 
1501 5124 
1502 5124 
1503 5124 
1504 5124 
1505 5124 
1506 5124 
1507 5124 
1508 5124 
1509 5124 
1510 5124 
1511 5124 
1512 5124 
1513 5124 
1514 5124 
1515 5124 
1516 5124 
1517 5124 
1518 5124 
1519 5124 
1520 5124 
1521 5124 
1522 5124 
1523 5124 
1524 5124 
1525 5124 
1526 5124 
1527 5124 
1528 5124 
1529 5124 
1530 5124 
1531 5124 
1532 5124 
1533 5124 
1534 5124 
1535 5124 
1536 5124 
1537 5124 
1538 5124 
1539 5124 
1540 5124 
1541 5124 
1542 5124 
1543 5124 
1544 5124 
1545 5124 
1546 5124 
1547 5124 
1548 5124 
1549 5124 
1550 5124 
1551 5124 
1552 5124 
1553 5124 
1554 5124 
1555 5124 
1556 5124 
1557 5124 
1558 5124 
1559 5124 
1560 5124 
1561 5124 
1562 5124 
1563 5124 
1564 5124 
1565 5124 
1566 5124 
1567 5124 
1568 5124 
1569 5124 
1570 5124 
1571 5124 
1572 5124 
1573 5124 
1574 5124 
1575 5124 
1576 5124 
1577 5124 
1578 5124 
1579 5124 
1580 5124 
1581 5124 
1582 5124 
1583 5124 
1584 5124 
1585 5124 
1586 5124 
1587 5124 
1588 5124 
1589 5124 
1590 5124 
1591 5124 
1592 5124 
1593 5124 
1594 5124 
1595 5124 
1596 5124 
1597 5124 
1598 5124 
1599 5124 
1600 5124 
1601 5124 
1602 5124 
1603 5124 
1604 5124 
1605 5124 
1606 5124 
1607 5124 
1608 5124 
1609 5124 
1610 5124 
1611 5124 
1612 5124 
1613 5124 
1614 5124 
1615 5124 
1616 5124 
1617 5124 
1618 5124 
1619 5124 
1620 5124 
1621 5124 
1622 5124 
1623 5124 
1624 5124 
1625 5124 
1626 5124 
1627 5124 
1628 5124 
1629 5124 
1630 5124 
1631 5124 
1632 5124 
1633 5124 
1634 5124 
1635 5124 
1636 5124 
1637 5124 
1638 5124 
1639 5124 
1640 5124 
1641 5124 
1642 5124 
1643 5124 
1644 5124 
1645 5124 
1646 5124 
1647 5124 
1648 5124 
1649 5124 
1650 5124 
1651 5124 
1652 5124 
1653 5124 
1654 5124 
1655 5124 
1656 5124 
1657 5124 
1658 5124 
1659 5124 
1660 5124 
1661 5124 
1662 5124 
1663 5124 
1664 5124 
1665 5124 
1666 5124 
1667 5124 
1668 5124 
1669 5124 
1670 5124 
1671 5124 
1672 5124 
1673 5124 
1674 5124 
1675 5124 
1676 5124 
1677 5124 
1678 5124 
1679 5124 
1680 5124 
1681 5124 
1682 5124 
1683 5124 
1684 5124 
1685 5124 
1686 5124 
1687 5124 
1688 5124 
1689 5124 
1690 5124 
1691 5124 
1692 5124 
1693 5124 
1694 5124 
1695 5124 
1696 5124 
1697 5124 
1698 5124 
1699 5124 
1700 5124 
1701 5124 
1702 5124 
1703 5124 
1704 5124 
1705 5124 
1706 5124 
1707 5124 
1708 5124 
1709 5124 
1710 5124 
1711 5124 
1712 5124 
1713 5124 
1714 5124 
1715 5124 
1716 5124 
1717 5124 
1718 5124 
1719 5124 
1720 5124 
1721 5124 
1722 5124 
1723 5124 
1724 5124 
1725 5124 
1726 5124 
1727 5124 
1728 5124 
1729 5124 
1730 5124 
1731 5124 
1732 5124 
1733 5124 
1734 5124 
1735 5124 
1736 5124 
1737 5124 
1738 5124 
1739 5124 
1740 5124 
1741 5124 
1742 5124 
1743 5124 
1744 5124 
1745 5124 
1746 5124 
1747 5124 
1748 5124 
1749 5124 
1750 5124 
1751 5124 
1752 5124 
1753 5124 
1754 5124 
1755 5124 
1756 5124 
1757 5124 
1758 5124 
1759 5124 
1760 5124 
1761 5124 
1762 5124 
1763 5124 
1764 5124 
1765 5124 
1766 5124 
1767 5124 
1768 5124 
1769 5124 
1770 5124 
1771 5124 
1772 5124 
1773 5124 
1774 5124 
1775 5124 
1776 5124 
1777 5124 
1778 5124 
1779 5124 
1780 5124 
1781 5124 
1782 5124 
1783 5124 
1784 5124 
1785 5124 
1786 5124 
1787 5124 
1788 5124 
1789 5124 
1790 5124 
1791 5124 
1792 5124 
1793 5124 
1794 5124 
1795 5124 
1796 5124 
1797 5124 
1798 5124 
1799 5124 
1800 5124 
1801 5124 
1802 5124 
1803 5124 
1804 5124 
1805 5124 
1806 5124 
1807 5124 
1808 5124 
1809 5124 
1810 5124 
1811 5124 
1812 5124 
1813 5124 
1814 5124 
1815 5124 
1816 5124 
1817 5124 
1818 5124 
1819 5124 
1820 5124 
1821 5124 
1822 5124 
1823 5124 
1824 5124 
1825 5124 
1826 5124 
1827 5124 
1828 5124 
1829 5124 
1830 5124 
1831 5124 
1832 5124 
1833 5124 
1834 5124 
1835 5124 
1836 5124 
1837 5124 
1838 5124 
1839 5124 
1840 5124 
1841 5124 
1842 5124 
1843 5124 
1844 5124 
1845 5124 
1846 5124 
1847 5124 
1848 5124 
1849 5124 
1850 5124 
1851 5124 
1852 5124 
1853 5124 
1854 5124 
1855 5124 
1856 5124 
1857 5124 
1858 5124 
1859 5124 
1860 5124 
1861 5124 
1862 5124 
1863 5124 
1864 5124 
1865 5124 
1866 5124 
1867 5124 
1868 5124 
1869 5124 
1870 5124 
1871 5124 
1872 5124 
1873 5124 
1874 5124 
1875 5124 
1876 5124 
1877 5124 
1878 5124 
1879 5124 
1880 5124 
1881 5124 
1882 5124 
1883 5124 
1884 5124 
1885 5124 
1886 5124 
1887 5124 
1888 5124 
1889 5124 
1890 5124 
1891 5124 
1892 5124 
1893 5124 
1894 5124 
1895 5124 
1896 5124 
1897 5124 
1898 5124 
1899 5124 
1900 5124 
1901 5124 
1902 5124 
1903 5124 
1904 5124 
1905 5124 
1906 5124 
1907 5124 
1908 5124 
1909 5124 
1910 5124 
1911 5124 
1912 5124 
1913 5124 
1914 5124 
1915 5124 
1916 5124 
1917 5124 
1918 5124 
1919 5124 
1920 5124 
1921 5124 
1922 5124 
1923 5124 
1924 5124 
1925 5124 
1926 5124 
1927 5124 
1928 5124 
1929 5124 
1930 5124 
1931 5124 
1932 5124 
1933 5124 
1934 5124 
1935 5124 
1936 5124 
1937 5124 
1938 5124 
1939 5124 
1940 5124 
1941 5124 
1942 5124 
1943 5124 
1944 5124 
1945 5124 
1946 5124 
1947 5124 
1948 5124 
1949 5124 
1950 5124 
1951 5124 
1952 5124 
1953 5124 
1954 5124 
1955 5124 
1956 5124 
1957 5124 
1958 5124 
1959 5124 
1960 5124 
1961 5124 
1962 5124 
1963 5124 
1964 5124 
1965 5124 
1966 5124 
1967 5124 
1968 5124 
1969 5124 
1970 5124 
1971 5124 
1972 5124 
1973 5124 
1974 5124 
1975 5124 
1976 5124 
1977 5124 
1978 5124 
1979 5124 
1980 5124 
1981 5124 
1982 5124 
1983 5124 
1984 5124 
1985 5124 
1986 5124 
1987 5124 
1988 5124 
1989 5124 
1990 5124 
1991 5124 
1992 5124 
1993 5124 
1994 5124 
1995 5124 
1996 5124 
1997 5124 
1998 5124 
1999 5124 
2000 5124 
2001 5124 
2002 5124 
2003 5124 
2004 5124 
2005 5124 
2006 5124 
2007 5124 
2008 5124 
2009 5124 
2010 5124 
2011 5124 
2012 5124 
2013 5124 
2014 5124 
2015 5124 
2016 5124 
2017 5124 
2018 5124 
2019 5124 
2020 5124 
2021 5124 
2022 5124 
2023 5124 
2024 5124 
2025 5124 
2026 5124 
2027 5124 
2028 5124 
2029 5124 
2030 5124 
2031 5124 
2032 5124 
2033 5124 
2034 5124 
2035 5124 
2036 5124 
2037 5124 
2038 5124 
2039 5124 
2040 5124 
2041 5124 
2042 5124 
2043 5124 
2044 5124 
2045 5124 
2046 5124 
2047 5124 
2048 5124 
2049 5124 
2050 5124 
2051 5124 
2052 5124 
2053 5124 
2054 5124 
2055 5124 
2056 5124 
2057 5124 
2058 5124 
2059 5124 
2060 5124 
2061 5124 
2062 5124 
2063 5124 
2064 5124 
2065 5124 
2066 5124 
2067 5124 
2068 5124 
2069 5124 
2070 5124 
2071 5124 
2072 5124 
2073 5124 
2074 5124 
2075 5124 
2076 5124 
2077 5124 
2078 5124 
2079 5124 
2080 5124 
2081 5124 
2082 5124 
2083 5124 
2084 5124 
2085 5124 
2086 5124 
2087 5124 
2088 5124 
2089 5124 
2090 5124 
2091 5124 
2092 5124 
2093 5124 
2094 5124 
2095 5124 
2096 5124 
2097 5124 
2098 5124 
2099 5124 
2100 5124 
2101 5124 
2102 5124 
2103 5124 
2104 5124 
2105 5124 
2106 5124 
2107 5124 
2108 5124 
2109 5124 
2110 5124 
2111 5124 
2112 5124 
2113 5124 
2114 5124 
2115 5124 
2116 5124 
2117 5124 
2118 5124 
2119 5124 
2120 5124 
2121 5124 
2122 5124 
2123 5124 
2124 5124 
2125 5124 
2126 5124 
2127 5124 
2128 5124 
2129 5124 
2130 5124 
2131 5124 
2132 5124 
2133 5124 
2134 5124 
2135 5124 
2136 5124 
2137 5124 
2138 5124 
2139 5124 
2140 5124 
2141 5124 
2142 5124 
2143 5124 
2144 5124 
2145 5124 
2146 5124 
2147 5124 
2148 5124 
2149 5124 
2150 5124 
2151 5124 
2152 5124 
2153 5124 
2154 5124 
2155 5124 
2156 5124 
2157 5124 
2158 5124 
2159 5124 
2160 5124 
2161 5124 
2162 5124 
2163 5124 
2164 5124 
2165 5124 
2166 5124 
2167 5124 
2168 5124 
2169 5124 
2170 5124 
2171 5124 
2172 5124 
2173 5124 
2174 5124 
2175 5124 
2176 5124 
2177 5124 
2178 5124 
2179 5124 
2180 5124 
2181 5124 
2182 5124 
2183 5124 
2184 5124 
2185 5124 
2186 5124 
2187 5124 
2188 5124 
2189 5124 
2190 5124 
2191 5124 
2192 5124 
2193 5124 
2194 5124 
2195 5124 
2196 5124 
2197 5124 
2198 5124 
2199 5124 
2200 5124 
2201 5124 
2202 5124 
2203 5124 
2204 5124 
2205 5124 
2206 5124 
2207 5124 
2208 5124 
2209 5124 
2210 5124 
2211 5124 
2212 5124 
2213 5124 
2214 5124 
2215 5124 
2216 5124 
2217 5124 
2218 5124 
2219 5124 
2220 5124 
2221 5124 
2222 5124 
2223 5124 
2224 5124 
2225 5124 
2226 5124 
2227 5124 
2228 5124 
2229 5124 
2230 5124 
2231 5124 
2232 5124 
2233 5124 
2234 5124 
2235 5124 
2236 5124 
2237 5124 
2238 5124 
2239 5124 
2240 5124 
2241 5124 
2242 5124 
2243 5124 
2244 5124 
2245 5124 
2246 5124 
2247 5124 
2248 5124 
2249 5124 
2250 5124 
2251 5124 
2252 5124 
2253 5124 
2254 5124 
2255 5124 
2256 5124 
2257 5124 
2258 5124 
2259 5124 
2260 5124 
2261 5124 
2262 5124 
2263 5124 
2264 5124 
2265 5124 
2266 5124 
2267 5124 
2268 5124 
2269 5124 
2270 5124 
2271 5124 
2272 5124 
2273 5124 
2274 5124 
2275 5124 
2276 5124 
2277 5124 
2278 5124 
2279 5124 
2280 5124 
2281 5124 
2282 5124 
2283 5124 
2284 5124 
2285 5124 
2286 5124 
2287 5124 
2288 5124 
2289 5124 
2290 5124 
2291 5124 
2292 5124 
2293 5124 
2294 5124 
2295 5124 
2296 5124 
2297 5124 
2298 5124 
2299 5124 
2300 5124 
2301 5124 
2302 5124 
2303 5124 
2304 5124 
2305 5124 
2306 5124 
2307 5124 
2308 5124 
2309 5124 
2310 5124 
2311 5124 
2312 5124 
2313 5124 
2314 5124 
2315 5124 
2316 5124 
2317 5124 
2318 5124 
2319 5124 
2320 5124 
2321 5124 
2322 5124 
2323 5124 
2324 5124 
2325 5124 
2326 5124 
2327 5124 
2328 5124 
2329 5124 
2330 5124 
2331 5124 
2332 5124 
2333 5124 
2334 5124 
2335 5124 
2336 5124 
2337 5124 
2338 5124 
2339 5124 
2340 5124 
2341 5124 
2342 5124 
2343 5124 
2344 5124 
2345 5124 
2346 5124 
2347 5124 
2348 5124 
2349 5124 
2350 5124 
2351 5124 
2352 5124 
2353 5124 
2354 5124 
2355 5124 
2356 5124 
2357 5124 
2358 5124 
2359 5124 
2360 5124 
2361 5124 
2362 5124 
2363 5124 
2364 5124 
2365 5124 
2366 5124 
2367 5124 
2368 5124 
2369 5124 
2370 5124 
2371 5124 
2372 5124 
2373 5124 
2374 5124 
2375 5124 
2376 5124 
2377 5124 
2378 5124 
2379 5124 
2380 5124 
2381 5124 
2382 5124 
2383 5124 
2384 5124 
2385 5124 
2386 5124 
2387 5124 
2388 5124 
2389 5124 
2390 5124 
2391 5124 
2392 5124 
2393 5124 
2394 5124 
2395 5124 
2396 5124 
2397 5124 
2398 5124 
2399 5124 
2400 5124 
2401 5124 
2402 5124 
2403 5124 
2404 5124 
2405 5124 
2406 5124 
2407 5124 
2408 5124 
2409 5124 
2410 5124 
2411 5124 
2412 5124 
2413 5124 
2414 5124 
2415 5124 
2416 5124 
2417 5124 
2418 5124 
2419 5124 
2420 5124 
2421 5124 
2422 5124 
2423 5124 
2424 5124 
2425 5124 
2426 5124 
2427 5124 
2428 5124 
2429 5124 
2430 5124 
2431 5124 
2432 5124 
2433 5124 
2434 5124 
2435 5124 
2436 5124 
2437 5124 
2438 5124 
2439 5124 
2440 5124 
2441 5124 
2442 5124 
2443 5124 
2444 5124 
2445 5124 
2446 5124 
2447 5124 
2448 5124 
2449 5124 
2450 5124 
2451 5124 
2452 5124 
2453 5124 
2454 5124 
2455 5124 
2456 5124 
2457 5124 
2458 5124 
2459 5124 
2460 5124 
2461 5124 
2462 5124 
2463 5124 
2464 5124 
2465 5124 
2466 5124 
2467 5124 
2468 5124 
2469 5124 
2470 5124 
2471 5124 
2472 5124 
2473 5124 
2474 5124 
2475 5124 
2476 5124 
2477 5124 
2478 5124 
2479 5124 
2480 5124 
2481 5124 
2482 5124 
2483 5124 
2484 5124 
2485 5124 
2486 5124 
2487 5124 
2488 5124 
2489 5124 
2490 5124 
2491 5124 
2492 5124 
2493 5124 
2494 5124 
2495 5124 
2496 5124 
2497 5124 
2498 5124 
2499 5124 
2500 5124 
2501 5124 
2502 5124 
2503 5124 
2504 5124 
2505 5124 
2506 5124 
2507 5124 
2508 5124 
2509 5124 
2510 5124 
2511 5124 
2512 5124 
2513 5124 
2514 5124 
2515 5124 
2516 5124 
2517 5124 
2518 5124 
2519 5124 
2520 5124 
2521 5124 
2522 5124 
2523 5124 
2524 5124 
2525 5124 
2526 5124 
2527 5124 
2528 5124 
2529 5124 
2530 5124 
2531 5124 
2532 5124 
2533 5124 
2534 5124 
2535 5124 
2536 5124 
2537 5124 
2538 5124 
2539 5124 
2540 5124 
2541 5124 
2542 5124 
2543 5124 
2544 5124 
2545 5124 
2546 5124 
2547 5124 
2548 5124 
2549 5124 
2550 5124 
2551 5124 
2552 5124 
2553 5124 
2554 5124 
2555 5124 
2556 5124 
2557 5124 
2558 5124 
2559 5124 
2560 5124 
2561 5124 
2562 5124 
2563 5124 
2564 5124 
2565 5124 
2566 5124 
2567 5124 
2568 5124 
2569 5124 
2570 5124 
2571 5124 
2572 5124 
2573 5124 
2574 5124 
2575 5124 
2576 5124 
2577 5124 
2578 5124 
2579 5124 
2580 5124 
2581 5124 
2582 5124 
2583 5124 
2584 5124 
2585 5124 
2586 5124 
2587 5124 
2588 5124 
2589 5124 
2590 5124 
2591 5124 
2592 5124 
2593 5124 
2594 5124 
2595 5124 
2596 5124 
2597 5124 
2598 5124 
2599 5124 
2600 5124 
2601 5124 
2602 5124 
2603 5124 
2604 5124 
2605 5124 
2606 5124 
2607 5124 
2608 5124 
2609 5124 
2610 5124 
2611 5124 
2612 5124 
2613 5124 
2614 5124 
2615 5124 
2616 5124 

