0 113324 
1 113266 
2 111606 
3 107738 
4 107164 
5 106892 
6 105708 
7 104700 
8 104620 
9 104536 
10 104516 
11 102188 
12 101060 
13 101056 
14 101024 
15 100924 
16 100856 
17 99224 
18 98008 
19 97974 
20 97588 
21 96946 
22 96034 
23 95536 
24 95482 
25 94346 
26 92270 
27 92020 
28 91860 
29 91842 
30 91774 
31 91254 
32 89570 
33 86780 
34 86730 
35 86032 
36 84662 
37 84630 
38 81312 
39 81276 
40 81188 
41 81110 
42 79020 
43 78866 
44 78504 
45 77310 
46 76962 
47 76676 
48 76642 
49 76522 
50 74600 
51 71540 
52 71240 
53 71170 
54 70984 
55 69892 
56 66706 
57 65150 
58 63552 
59 63420 
60 62960 
61 60210 
62 60206 
63 60118 
64 59242 
65 57278 
66 55392 
67 54196 
68 53668 
69 52622 
70 51274 
71 49310 
72 48258 
73 44978 
74 43814 
75 42082 
76 41958 
77 40770 
78 38394 
79 36384 
80 36376 
81 35546 
82 35318 
83 34258 
84 34254 
85 33858 
86 32172 
87 32034 
88 32032 
89 31544 
90 28552 
91 27516 
92 27506 
93 26802 
94 24190 
95 22862 
96 22702 
97 22230 
98 22230 

