0 21146 
1 21076 
2 20956 
3 20876 
4 20872 
5 20804 
6 20744 
7 20734 
8 20628 
9 20558 
10 20492 
11 20342 
12 20212 
13 20120 
14 19988 
15 19776 
16 19760 
17 19516 
18 19474 
19 19434 
20 19324 
21 19234 
22 19138 
23 19072 
24 19048 
25 18858 
26 18502 
27 18498 
28 18418 
29 18248 
30 18242 
31 18218 
32 18106 
33 17982 
34 17902 
35 17892 
36 17864 
37 17702 
38 17624 
39 17618 
40 17500 
41 17458 
42 17278 
43 17204 
44 17140 
45 17132 
46 16970 
47 16864 
48 16828 
49 16698 
50 16548 
51 16522 
52 16406 
53 15964 
54 15758 
55 15616 
56 15604 
57 15502 
58 15476 
59 15404 
60 15310 
61 15242 
62 15030 
63 15012 
64 14952 
65 14922 
66 14910 
67 14886 
68 14784 
69 14720 
70 14710 
71 14564 
72 14542 
73 14496 
74 14472 
75 14300 
76 14260 
77 13500 
78 13474 
79 13466 
80 13452 
81 13422 
82 13262 
83 13124 
84 12988 
85 12816 
86 12744 
87 12664 
88 12612 
89 12442 
90 12364 
91 12334 
92 12260 
93 12090 
94 12010 
95 12000 
96 11982 
97 11918 
98 11900 
99 11874 
100 11632 
101 11580 
102 11558 
103 11552 
104 11456 
105 11426 
106 11396 
107 11396 
108 11046 
109 11008 
110 10950 
111 10802 
112 10704 
113 10692 
114 10682 
115 10656 
116 10650 
117 10320 
118 10136 
119 10084 
120 10080 
121 10044 
122 10030 
123 9986 
124 9894 
125 9840 
126 9706 
127 9706 
128 9656 
129 9620 
130 9514 
131 9510 
132 9330 
133 9186 
134 9126 
135 9106 
136 9016 
137 8986 
138 8920 
139 8832 
140 8816 
141 8722 
142 8570 
143 8550 
144 8470 
145 8460 
146 8448 
147 8408 
148 8186 
149 8154 
150 8148 
151 8070 
152 7886 
153 7720 
154 7608 
155 7588 
156 7562 
157 7332 
158 7178 
159 7058 
160 6666 
161 6544 
162 6434 
163 6432 
164 6056 
165 5834 
166 5804 
167 5652 
168 5574 
169 5560 
170 5540 
171 5540 

