0 324 
1 322 
2 320 
3 318 
4 318 
5 316 
6 316 
7 314 
8 312 
9 312 
10 312 
11 310 
12 310 
13 310 
14 310 
15 310 
16 310 
17 308 
18 308 
19 308 
20 304 
21 304 
22 302 
23 300 
24 298 
25 296 
26 296 
27 294 
28 294 
29 294 
30 294 
31 294 
32 292 
33 292 
34 292 
35 292 
36 292 
37 292 
38 292 
39 292 
40 292 
41 292 
42 292 
43 292 
44 292 
45 292 
46 292 
47 292 
48 292 
49 292 
50 292 
51 292 
52 292 
53 292 
54 292 
55 292 
56 292 
57 292 
58 292 
59 292 
60 292 
61 292 
62 292 
63 292 
64 292 
65 292 
66 292 
67 292 
68 292 
69 292 
70 292 
71 292 
72 292 
73 292 
74 292 
75 292 
76 292 
77 292 
78 292 
79 292 
80 292 
81 292 
82 292 
83 292 
84 292 
85 292 
86 292 
87 292 
88 292 
89 292 
90 292 
91 292 
92 292 
93 292 
94 292 
95 292 
96 292 
97 292 
98 292 
99 292 
100 292 
101 292 
102 292 
103 292 
104 292 
105 292 
106 292 
107 292 
108 292 
109 292 
110 292 
111 292 
112 292 
113 292 
114 292 
115 292 
116 292 
117 292 
118 292 
119 292 
120 292 
121 292 
122 292 
123 292 
124 292 
125 292 
126 292 
127 292 
128 292 
129 292 
130 292 
131 292 
132 292 
133 292 
134 292 
135 292 
136 292 
137 292 
138 292 
139 292 
140 292 
141 292 
142 292 
143 292 
144 292 
145 292 
146 292 
147 292 
148 292 
149 292 
150 292 
151 292 
152 292 
153 292 
154 292 
155 292 
156 292 
157 292 
158 292 
159 292 
160 292 
161 292 
162 292 
163 292 
164 292 
165 292 
166 292 
167 292 
168 292 
169 292 
170 292 
171 292 
172 292 
173 292 
174 292 
175 292 
176 292 
177 292 
178 292 
179 292 
180 292 
181 292 
182 292 
183 292 
184 292 
185 292 
186 292 
187 292 
188 292 
189 292 
190 292 
191 292 
192 292 
193 292 
194 292 
195 292 
196 292 
197 292 
198 292 
199 292 
200 292 
201 292 
202 292 
203 292 
204 292 
205 292 
206 292 
207 292 
208 292 
209 292 
210 292 
211 292 
212 292 
213 292 
214 292 
215 292 
216 292 
217 292 
218 292 
219 292 
220 292 
221 292 
222 292 
223 292 
224 292 
225 292 
226 292 
227 292 
228 292 
229 292 
230 292 
231 292 
232 292 
233 292 
234 292 
235 292 
236 292 
237 292 
238 292 
239 292 
240 292 
241 292 
242 292 
243 292 
244 292 
245 292 
246 292 
247 292 
248 292 
249 292 
250 292 
251 292 
252 292 
253 292 
254 292 
255 292 
256 292 
257 292 
258 292 
259 292 
260 292 
261 292 
262 292 
263 292 
264 292 
265 292 
266 292 
267 292 
268 292 
269 292 
270 292 
271 292 
272 292 
273 292 
274 292 
275 292 
276 292 
277 292 
278 292 
279 292 
280 292 
281 292 
282 292 
283 292 
284 292 
285 292 
286 292 
287 292 
288 292 
289 292 
290 292 
291 292 
292 292 
293 292 
294 292 
295 292 
296 292 
297 292 
298 292 
299 292 
300 292 
301 292 
302 292 
303 292 
304 292 
305 292 
306 292 
307 292 
308 292 
309 292 
310 292 
311 292 
312 292 
313 292 
314 292 
315 292 
316 292 
317 292 
318 292 
319 292 
320 292 
321 292 
322 292 
323 292 
324 292 
325 292 
326 292 
327 292 
328 292 
329 292 
330 292 
331 292 
332 292 
333 292 
334 292 
335 292 
336 292 
337 292 
338 292 
339 292 
340 292 
341 292 
342 292 
343 292 
344 292 
345 292 
346 292 
347 292 
348 292 
349 292 
350 292 
351 292 
352 292 
353 292 
354 292 
355 292 
356 292 
357 292 
358 292 
359 292 
360 292 
361 292 
362 292 
363 292 
364 292 
365 292 
366 292 
367 292 
368 292 
369 292 
370 292 
371 292 
372 292 
373 292 
374 292 
375 292 
376 292 
377 292 
378 292 
379 292 
380 292 
381 292 
382 292 
383 292 
384 292 
385 292 
386 292 
387 292 
388 292 
389 292 
390 292 
391 292 
392 292 
393 292 
394 292 
395 292 
396 292 
397 292 
398 292 
399 292 
400 292 
401 292 
402 292 
403 292 
404 292 
405 292 
406 292 
407 292 
408 292 
409 292 
410 292 
411 292 
412 292 
413 292 
414 292 
415 292 
416 292 
417 292 
418 292 
419 292 
420 292 
421 292 
422 292 
423 292 
424 292 
425 292 
426 292 
427 292 
428 292 
429 292 
430 292 
431 292 
432 292 
433 292 
434 292 
435 292 
436 292 
437 292 
438 292 
439 292 
440 292 
441 292 
442 292 
443 292 
444 292 
445 292 
446 292 
447 292 
448 292 
449 292 
450 292 
451 292 
452 292 
453 292 
454 292 
455 292 
456 292 
457 292 
458 292 
459 292 
460 292 
461 292 
462 292 
463 292 
464 292 
465 292 
466 292 
467 292 
468 292 
469 292 
470 292 
471 292 
472 292 
473 292 
474 292 
475 292 
476 292 
477 292 
478 292 
479 292 
480 292 
481 292 
482 292 
483 292 
484 292 
485 292 
486 292 
487 292 
488 292 
489 292 
490 292 
491 292 
492 292 
493 292 
494 292 
495 292 
496 292 
497 292 
498 292 
499 292 
500 292 
501 292 
502 292 
503 292 
504 292 
505 292 
506 292 
507 292 
508 292 
509 292 
510 292 
511 292 
512 292 
513 292 
514 292 
515 292 
516 292 
517 292 
518 292 
519 292 
520 292 
521 292 
522 292 
523 292 
524 292 
525 292 
526 292 
527 292 
528 292 
529 292 
530 292 
531 292 
532 292 
533 292 
534 292 
535 292 
536 292 
537 292 
538 292 
539 292 
540 292 
541 292 
542 292 
543 292 
544 292 
545 292 
546 292 
547 292 
548 292 
549 292 
550 292 
551 292 
552 292 
553 292 
554 292 
555 292 
556 292 
557 292 
558 292 
559 292 
560 292 
561 292 
562 292 
563 292 
564 292 
565 292 
566 292 
567 292 
568 292 
569 292 
570 292 
571 292 
572 292 
573 292 
574 292 
575 292 
576 292 
577 292 
578 292 
579 292 
580 292 
581 292 
582 292 
583 292 
584 292 
585 292 
586 292 
587 292 
588 292 
589 292 
590 292 
591 292 
592 292 
593 292 
594 292 
595 292 
596 292 
597 292 
598 292 
599 292 
600 292 
601 292 
602 292 
603 292 
604 292 
605 292 
606 292 
607 292 
608 292 
609 292 
610 292 
611 292 
612 292 
613 292 
614 292 
615 292 
616 292 
617 292 
618 292 
619 292 
620 292 
621 292 
622 292 
623 292 
624 292 
625 292 
626 292 
627 292 
628 292 
629 292 
630 292 
631 292 
632 292 
633 292 
634 292 
635 292 
636 292 
637 292 
638 292 
639 292 
640 292 
641 292 
642 292 
643 292 
644 292 
645 292 
646 292 
647 292 
648 292 
649 292 
650 292 
651 292 
652 292 
653 292 
654 292 
655 292 
656 292 
657 292 
658 292 
659 292 
660 292 
661 292 
662 292 
663 292 
664 292 
665 292 
666 292 
667 292 
668 292 
669 292 
670 292 
671 292 
672 292 
673 292 
674 292 
675 292 
676 292 
677 292 
678 292 
679 292 
680 292 
681 292 
682 292 
683 292 
684 292 
685 292 
686 292 
687 292 
688 292 
689 292 
690 292 
691 292 
692 292 
693 292 
694 292 
695 292 
696 292 
697 292 
698 292 
699 292 
700 292 
701 292 
702 292 
703 292 
704 292 
705 292 
706 292 
707 292 
708 292 
709 292 
710 292 
711 292 
712 292 
713 292 
714 292 
715 292 
716 292 
717 292 
718 292 
719 292 
720 292 
721 292 
722 292 
723 292 
724 292 
725 292 
726 292 
727 292 
728 292 
729 292 
730 292 
731 292 
732 292 
733 292 
734 292 
735 292 
736 292 
737 292 
738 292 
739 292 
740 292 
741 292 
742 292 
743 292 
744 292 
745 292 
746 292 
747 292 
748 292 
749 292 
750 292 
751 292 
752 292 
753 292 
754 292 
755 292 
756 292 
757 292 
758 292 
759 292 
760 292 
761 292 
762 292 
763 292 
764 292 
765 292 
766 292 
767 292 
768 292 
769 292 
770 292 
771 292 
772 292 
773 292 
774 292 
775 292 
776 292 
777 292 
778 292 
779 292 
780 292 
781 292 
782 292 
783 292 
784 292 
785 292 
786 292 
787 292 
788 292 
789 292 
790 292 
791 292 
792 292 
793 292 
794 292 
795 292 
796 292 
797 292 
798 292 
799 292 
800 292 
801 292 
802 292 
803 292 
804 292 
805 292 
806 292 
807 292 
808 292 
809 292 
810 292 
811 292 
812 292 
813 292 
814 292 
815 292 
816 292 
817 292 
818 292 
819 292 
820 292 
821 292 
822 292 
823 292 
824 292 
825 292 
826 292 
827 292 
828 292 
829 292 
830 292 
831 292 
832 292 
833 292 
834 292 
835 292 
836 292 
837 292 
838 292 
839 292 
840 292 
841 292 
842 292 
843 292 
844 292 
845 292 
846 292 
847 292 
848 292 
849 292 
850 292 
851 292 
852 292 
853 292 
854 292 
855 292 
856 292 
857 292 
858 292 
859 292 
860 292 
861 292 
862 292 
863 292 
864 292 
865 292 
866 292 
867 292 
868 292 
869 292 
870 292 
871 292 
872 292 
873 292 
874 292 
875 292 
876 292 
877 292 
878 292 
879 292 
880 292 
881 292 
882 292 
883 292 
884 292 
885 292 
886 292 
887 292 
888 292 
889 292 
890 292 
891 292 
892 292 
893 292 
894 292 
895 292 
896 292 
897 292 
898 292 
899 292 
900 292 
901 292 
902 292 
903 292 
904 292 
905 292 
906 292 
907 292 
908 292 
909 292 
910 292 
911 292 
912 292 
913 292 
914 292 
915 292 
916 292 
917 292 
918 292 
919 292 
920 292 
921 292 
922 292 
923 292 
924 292 
925 292 
926 292 
927 292 
928 292 
929 292 
930 292 
931 292 
932 292 
933 292 
934 292 
935 292 
936 292 
937 292 
938 292 
939 292 
940 292 
941 292 
942 292 
943 292 
944 292 
945 292 
946 292 
947 292 
948 292 
949 292 
950 292 
951 292 
952 292 
953 292 
954 292 
955 292 
956 292 
957 292 
958 292 
959 292 
960 292 
961 292 
962 292 
963 292 
964 292 
965 292 
966 292 
967 292 
968 292 
969 292 
970 292 
971 292 
972 292 
973 292 
974 292 
975 292 
976 292 
977 292 
978 292 
979 292 
980 292 
981 292 
982 292 
983 292 
984 292 
985 292 
986 292 
987 292 
988 292 
989 292 
990 292 
991 292 
992 292 
993 292 
994 292 
995 292 
996 292 
997 292 
998 292 
999 292 
1000 292 
1001 292 
1002 292 
1003 292 
1004 292 
1005 292 
1006 292 
1007 292 
1008 292 
1009 292 
1010 292 
1011 292 
1012 292 
1013 292 
1014 292 
1015 292 
1016 292 
1017 292 
1018 292 
1019 292 
1020 292 
1021 292 
1022 292 
1023 292 
1024 292 
1025 292 
1026 292 
1027 292 
1028 292 
1029 292 
1030 292 
1031 292 
1032 292 
1033 292 
1034 292 
1035 292 
1036 292 
1037 292 
1038 292 
1039 292 
1040 292 
1041 292 
1042 292 
1043 292 
1044 292 
1045 292 
1046 292 
1047 292 
1048 292 
1049 292 
1050 292 
1051 292 
1052 292 
1053 292 
1054 292 
1055 292 
1056 292 
1057 292 
1058 292 
1059 292 
1060 292 
1061 292 
1062 292 
1063 292 
1064 292 
1065 292 
1066 292 
1067 292 
1068 292 
1069 292 
1070 292 
1071 292 
1072 292 
1073 292 
1074 292 
1075 292 
1076 292 
1077 292 
1078 292 
1079 292 
1080 292 
1081 292 
1082 292 
1083 292 
1084 292 
1085 292 
1086 292 
1087 292 
1088 292 
1089 292 
1090 292 
1091 292 
1092 292 
1093 292 
1094 292 
1095 292 
1096 292 
1097 292 
1098 292 
1099 292 
1100 292 
1101 292 
1102 292 
1103 292 
1104 292 
1105 292 
1106 292 
1107 292 
1108 292 
1109 292 
1110 292 
1111 292 
1112 292 
1113 292 
1114 292 
1115 292 
1116 292 
1117 292 
1118 292 
1119 292 
1120 292 
1121 292 
1122 292 
1123 292 
1124 292 
1125 292 
1126 292 
1127 292 
1128 292 
1129 292 
1130 292 
1131 292 
1132 292 
1133 292 
1134 292 
1135 292 
1136 292 
1137 292 
1138 292 
1139 292 
1140 292 
1141 292 
1142 292 
1143 292 
1144 292 
1145 292 
1146 292 
1147 292 
1148 292 
1149 292 
1150 292 
1151 292 
1152 292 
1153 292 
1154 292 
1155 292 
1156 292 
1157 292 
1158 292 
1159 292 
1160 292 
1161 292 
1162 292 
1163 292 
1164 292 
1165 292 
1166 292 
1167 292 
1168 292 
1169 292 
1170 292 
1171 292 
1172 292 
1173 292 
1174 292 
1175 292 
1176 292 
1177 292 
1178 292 
1179 292 
1180 292 
1181 292 
1182 292 
1183 292 
1184 292 
1185 292 
1186 292 
1187 292 
1188 292 
1189 292 
1190 292 
1191 292 
1192 292 
1193 292 
1194 292 
1195 292 
1196 292 
1197 292 
1198 292 
1199 292 
1200 292 
1201 292 
1202 292 
1203 292 
1204 292 
1205 292 
1206 292 
1207 292 
1208 292 
1209 292 
1210 292 
1211 292 
1212 292 
1213 292 
1214 292 
1215 292 
1216 292 
1217 292 
1218 292 
1219 292 
1220 292 
1221 292 
1222 292 
1223 292 
1224 292 
1225 292 
1226 292 
1227 292 
1228 292 
1229 292 
1230 292 
1231 292 
1232 292 
1233 292 
1234 292 
1235 292 
1236 292 
1237 292 
1238 292 
1239 292 
1240 292 
1241 292 
1242 292 
1243 292 
1244 292 
1245 292 
1246 292 
1247 292 
1248 292 
1249 292 
1250 292 
1251 292 
1252 292 
1253 292 
1254 292 
1255 292 
1256 292 
1257 292 
1258 292 
1259 292 
1260 292 
1261 292 
1262 292 
1263 292 
1264 292 
1265 292 
1266 292 
1267 292 
1268 292 
1269 292 
1270 292 
1271 292 
1272 292 
1273 292 
1274 292 
1275 292 
1276 292 
1277 292 
1278 292 
1279 292 
1280 292 
1281 292 
1282 292 
1283 292 
1284 292 
1285 292 
1286 292 
1287 292 
1288 292 
1289 292 
1290 292 
1291 292 
1292 292 
1293 292 
1294 292 
1295 292 
1296 292 
1297 292 
1298 292 
1299 292 
1300 292 
1301 292 
1302 292 
1303 292 
1304 292 
1305 292 
1306 292 
1307 292 
1308 292 
1309 292 
1310 292 
1311 292 
1312 292 
1313 292 
1314 292 
1315 292 
1316 292 
1317 292 
1318 292 
1319 292 
1320 292 
1321 292 
1322 292 
1323 292 
1324 292 
1325 292 
1326 292 
1327 292 
1328 292 
1329 292 
1330 292 
1331 292 
1332 292 
1333 292 
1334 292 
1335 292 
1336 292 
1337 292 
1338 292 
1339 292 
1340 292 
1341 292 
1342 292 
1343 292 
1344 292 
1345 292 
1346 292 
1347 292 
1348 292 
1349 292 
1350 292 
1351 292 
1352 292 
1353 292 
1354 292 
1355 292 
1356 292 
1357 292 
1358 292 
1359 292 
1360 292 
1361 292 
1362 292 
1363 292 
1364 292 
1365 292 
1366 292 
1367 292 
1368 292 
1369 292 
1370 292 
1371 292 
1372 292 
1373 292 
1374 292 
1375 292 
1376 292 
1377 292 
1378 292 
1379 292 
1380 292 
1381 292 
1382 292 
1383 292 
1384 292 
1385 292 
1386 292 
1387 292 
1388 292 
1389 292 
1390 292 
1391 292 
1392 292 
1393 292 
1394 292 
1395 292 
1396 292 
1397 292 
1398 292 
1399 292 
1400 292 
1401 292 
1402 292 
1403 292 
1404 292 
1405 292 
1406 292 
1407 292 
1408 292 
1409 292 
1410 292 
1411 292 
1412 292 
1413 292 
1414 292 
1415 292 
1416 292 
1417 292 
1418 292 
1419 292 
1420 292 
1421 292 
1422 292 
1423 292 
1424 292 
1425 292 
1426 292 
1427 292 
1428 292 
1429 292 
1430 292 
1431 292 
1432 292 
1433 292 
1434 292 
1435 292 
1436 292 
1437 292 
1438 292 
1439 292 
1440 292 
1441 292 
1442 292 
1443 292 
1444 292 
1445 292 
1446 292 
1447 292 
1448 292 
1449 292 
1450 292 
1451 292 
1452 292 
1453 292 
1454 292 
1455 292 
1456 292 
1457 292 
1458 292 
1459 292 
1460 292 
1461 292 
1462 292 
1463 292 
1464 292 
1465 292 
1466 292 
1467 292 
1468 292 
1469 292 
1470 292 
1471 292 
1472 292 
1473 292 
1474 292 
1475 292 
1476 292 
1477 292 
1478 292 
1479 292 
1480 292 
1481 292 
1482 292 
1483 292 
1484 292 
1485 292 
1486 292 
1487 292 
1488 292 
1489 292 
1490 292 
1491 292 
1492 292 
1493 292 
1494 292 
1495 292 
1496 292 
1497 292 
1498 292 
1499 292 
1500 292 
1501 292 
1502 292 
1503 292 
1504 292 
1505 292 
1506 292 
1507 292 
1508 292 
1509 292 
1510 292 
1511 292 
1512 292 
1513 292 
1514 292 
1515 292 
1516 292 
1517 292 
1518 292 
1519 292 
1520 292 
1521 292 
1522 292 
1523 292 
1524 292 
1525 292 
1526 292 
1527 292 
1528 292 
1529 292 
1530 292 
1531 292 
1532 292 
1533 292 
1534 292 
1535 292 
1536 292 
1537 292 
1538 292 
1539 292 
1540 292 
1541 292 
1542 292 
1543 292 
1544 292 
1545 292 
1546 292 
1547 292 
1548 292 
1549 292 
1550 292 
1551 292 
1552 292 
1553 292 
1554 292 
1555 292 
1556 292 
1557 292 
1558 292 
1559 292 
1560 292 
1561 292 
1562 292 
1563 292 
1564 292 
1565 292 
1566 292 
1567 292 
1568 292 
1569 292 
1570 292 
1571 292 
1572 292 
1573 292 
1574 292 
1575 292 
1576 292 
1577 292 
1578 292 
1579 292 
1580 292 
1581 292 
1582 292 
1583 292 
1584 292 
1585 292 
1586 292 
1587 292 
1588 292 
1589 292 
1590 292 
1591 292 
1592 292 
1593 292 
1594 292 
1595 292 
1596 292 
1597 292 
1598 292 
1599 292 
1600 292 
1601 292 
1602 292 
1603 292 
1604 292 
1605 292 
1606 292 
1607 292 
1608 292 
1609 292 
1610 292 
1611 292 
1612 292 
1613 292 
1614 292 
1615 292 
1616 292 
1617 292 
1618 292 
1619 292 
1620 292 
1621 292 
1622 292 
1623 292 
1624 292 
1625 292 
1626 292 
1627 292 
1628 292 
1629 292 
1630 292 
1631 292 
1632 292 

