0 6196 
1 6178 
2 6166 
3 6160 
4 6158 
5 6156 
6 6156 
7 6152 
8 6150 
9 6144 
10 6140 
11 6124 
12 6112 
13 6106 
14 6102 
15 6100 
16 6080 
17 6074 
18 6072 
19 6068 
20 6066 
21 6052 
22 6046 
23 6042 
24 6034 
25 6032 
26 6030 
27 6016 
28 5994 
29 5984 
30 5978 
31 5966 
32 5964 
33 5958 
34 5956 
35 5952 
36 5948 
37 5944 
38 5932 
39 5924 
40 5922 
41 5920 
42 5920 
43 5908 
44 5898 
45 5896 
46 5892 
47 5890 
48 5878 
49 5866 
50 5864 
51 5852 
52 5848 
53 5846 
54 5842 
55 5832 
56 5818 
57 5816 
58 5812 
59 5810 
60 5788 
61 5786 
62 5784 
63 5782 
64 5778 
65 5742 
66 5742 
67 5742 
68 5734 
69 5728 
70 5724 
71 5720 
72 5720 
73 5716 
74 5700 
75 5694 
76 5690 
77 5688 
78 5686 
79 5682 
80 5666 
81 5662 
82 5660 
83 5646 
84 5614 
85 5610 
86 5608 
87 5600 
88 5598 
89 5594 
90 5570 
91 5564 
92 5560 
93 5546 
94 5540 
95 5536 
96 5534 
97 5528 
98 5526 
99 5522 
100 5520 
101 5514 
102 5506 
103 5500 
104 5500 
105 5488 
106 5484 
107 5484 
108 5484 
109 5474 
110 5474 
111 5474 
112 5456 
113 5448 
114 5448 
115 5448 
116 5444 
117 5432 
118 5428 
119 5426 
120 5426 
121 5416 
122 5406 
123 5404 
124 5400 
125 5398 
126 5398 
127 5390 
128 5378 
129 5374 
130 5374 
131 5374 
132 5370 
133 5370 
134 5370 
135 5370 
136 5370 
137 5370 
138 5370 
139 5370 
140 5370 
141 5370 
142 5370 
143 5370 
144 5370 
145 5370 
146 5370 
147 5370 
148 5370 
149 5370 
150 5370 
151 5370 
152 5370 
153 5370 
154 5370 
155 5370 
156 5370 
157 5370 
158 5370 
159 5370 
160 5370 
161 5370 
162 5370 
163 5370 
164 5370 
165 5370 
166 5370 
167 5370 
168 5370 
169 5370 
170 5370 
171 5370 
172 5370 
173 5370 
174 5370 
175 5370 
176 5370 
177 5370 
178 5370 
179 5370 
180 5370 
181 5370 
182 5370 
183 5370 
184 5370 
185 5370 
186 5370 
187 5370 
188 5370 
189 5370 
190 5370 
191 5370 
192 5370 
193 5370 
194 5370 
195 5370 
196 5370 
197 5370 
198 5370 
199 5370 
200 5370 
201 5370 
202 5370 
203 5370 
204 5370 
205 5370 
206 5370 
207 5370 
208 5370 
209 5370 
210 5370 
211 5370 
212 5370 
213 5370 
214 5370 
215 5370 
216 5370 
217 5370 
218 5370 
219 5370 
220 5370 
221 5370 
222 5370 
223 5370 
224 5370 
225 5370 
226 5370 
227 5370 
228 5370 
229 5370 
230 5370 
231 5370 
232 5370 
233 5370 
234 5370 
235 5370 
236 5370 
237 5370 
238 5370 
239 5370 
240 5370 
241 5370 
242 5370 
243 5370 
244 5370 
245 5370 
246 5370 
247 5370 
248 5370 
249 5370 
250 5370 
251 5370 
252 5370 
253 5370 
254 5370 
255 5370 
256 5370 
257 5370 
258 5370 
259 5370 
260 5370 
261 5370 
262 5370 
263 5370 
264 5370 
265 5370 
266 5370 
267 5370 
268 5370 
269 5370 
270 5370 
271 5370 
272 5370 
273 5370 
274 5370 
275 5370 
276 5370 
277 5370 
278 5370 
279 5370 
280 5370 
281 5370 
282 5370 
283 5370 
284 5370 
285 5370 
286 5370 
287 5370 
288 5370 
289 5370 
290 5370 
291 5370 
292 5370 
293 5370 
294 5370 
295 5370 
296 5370 
297 5370 
298 5370 
299 5370 
300 5370 
301 5370 
302 5370 
303 5370 
304 5370 
305 5370 
306 5370 
307 5370 
308 5370 
309 5370 
310 5370 
311 5370 
312 5370 
313 5370 
314 5370 
315 5370 
316 5370 
317 5370 
318 5370 
319 5370 
320 5370 
321 5370 
322 5370 
323 5370 
324 5370 
325 5370 
326 5370 
327 5370 
328 5370 
329 5370 
330 5370 
331 5370 
332 5370 
333 5370 
334 5370 
335 5370 
336 5370 
337 5370 
338 5370 
339 5370 
340 5370 
341 5370 
342 5370 
343 5370 
344 5370 
345 5370 
346 5370 
347 5370 
348 5370 
349 5370 
350 5370 
351 5370 
352 5370 
353 5370 
354 5370 
355 5370 
356 5370 
357 5370 
358 5370 
359 5370 
360 5370 
361 5370 
362 5370 
363 5370 
364 5370 
365 5370 
366 5370 
367 5370 
368 5370 
369 5370 
370 5370 
371 5370 
372 5370 
373 5370 
374 5370 
375 5370 
376 5370 
377 5370 
378 5370 
379 5370 
380 5370 
381 5370 
382 5370 
383 5370 
384 5370 
385 5370 
386 5370 
387 5370 
388 5370 
389 5370 
390 5370 
391 5370 
392 5370 
393 5370 
394 5370 
395 5370 
396 5370 
397 5370 
398 5370 
399 5370 
400 5370 
401 5370 
402 5370 
403 5370 
404 5370 
405 5370 
406 5370 
407 5370 
408 5370 
409 5370 
410 5370 
411 5370 
412 5370 
413 5370 
414 5370 
415 5370 
416 5370 
417 5370 
418 5370 
419 5370 
420 5370 
421 5370 
422 5370 
423 5370 
424 5370 
425 5370 
426 5370 
427 5370 
428 5370 
429 5370 
430 5370 
431 5370 
432 5370 
433 5370 
434 5370 
435 5370 
436 5370 
437 5370 
438 5370 
439 5370 
440 5370 
441 5370 
442 5370 
443 5370 
444 5370 
445 5370 
446 5370 
447 5370 
448 5370 
449 5370 
450 5370 
451 5370 
452 5370 
453 5370 
454 5370 
455 5370 
456 5370 
457 5370 
458 5370 
459 5370 
460 5370 
461 5370 
462 5370 
463 5370 
464 5370 
465 5370 
466 5370 
467 5370 
468 5370 
469 5370 
470 5370 
471 5370 
472 5370 
473 5370 
474 5370 
475 5370 
476 5370 
477 5370 
478 5370 
479 5370 
480 5370 
481 5370 
482 5370 
483 5370 
484 5370 
485 5370 
486 5370 
487 5370 
488 5370 
489 5370 
490 5370 
491 5370 
492 5370 
493 5370 
494 5370 
495 5370 
496 5370 
497 5370 
498 5370 
499 5370 
500 5370 
501 5370 
502 5370 
503 5370 
504 5370 
505 5370 
506 5370 
507 5370 
508 5370 
509 5370 
510 5370 
511 5370 
512 5370 
513 5370 
514 5370 
515 5370 
516 5370 
517 5370 
518 5370 
519 5370 
520 5370 
521 5370 
522 5370 
523 5370 
524 5370 
525 5370 
526 5370 
527 5370 
528 5370 
529 5370 
530 5370 
531 5370 
532 5370 
533 5370 
534 5370 
535 5370 
536 5370 
537 5370 
538 5370 
539 5370 
540 5370 
541 5370 
542 5370 
543 5370 
544 5370 
545 5370 
546 5370 
547 5370 
548 5370 
549 5370 
550 5370 
551 5370 
552 5370 
553 5370 
554 5370 
555 5370 
556 5370 
557 5370 
558 5370 
559 5370 
560 5370 
561 5370 
562 5370 
563 5370 
564 5370 
565 5370 
566 5370 
567 5370 
568 5370 
569 5370 
570 5370 
571 5370 
572 5370 
573 5370 
574 5370 
575 5370 
576 5370 
577 5370 
578 5370 
579 5370 
580 5370 
581 5370 
582 5370 
583 5370 
584 5370 
585 5370 
586 5370 
587 5370 
588 5370 
589 5370 
590 5370 
591 5370 
592 5370 
593 5370 
594 5370 
595 5370 
596 5370 
597 5370 
598 5370 
599 5370 
600 5370 
601 5370 
602 5370 
603 5370 
604 5370 
605 5370 
606 5370 
607 5370 
608 5370 
609 5370 
610 5370 
611 5370 
612 5370 
613 5370 
614 5370 
615 5370 
616 5370 
617 5370 
618 5370 
619 5370 
620 5370 
621 5370 
622 5370 
623 5370 
624 5370 
625 5370 
626 5370 
627 5370 
628 5370 
629 5370 
630 5370 
631 5370 
632 5370 
633 5370 
634 5370 
635 5370 
636 5370 
637 5370 
638 5370 
639 5370 
640 5370 
641 5370 
642 5370 
643 5370 
644 5370 
645 5370 
646 5370 
647 5370 
648 5370 
649 5370 
650 5370 
651 5370 
652 5370 
653 5370 
654 5370 
655 5370 
656 5370 
657 5370 
658 5370 
659 5370 
660 5370 
661 5370 
662 5370 
663 5370 
664 5370 
665 5370 
666 5370 
667 5370 
668 5370 
669 5370 
670 5370 
671 5370 
672 5370 
673 5370 
674 5370 
675 5370 
676 5370 
677 5370 
678 5370 
679 5370 
680 5370 
681 5370 
682 5370 
683 5370 
684 5370 
685 5370 
686 5370 
687 5370 
688 5370 
689 5370 
690 5370 
691 5370 
692 5370 
693 5370 
694 5370 
695 5370 
696 5370 
697 5370 
698 5370 
699 5370 
700 5370 
701 5370 
702 5370 
703 5370 
704 5370 
705 5370 
706 5370 
707 5370 
708 5370 
709 5370 
710 5370 
711 5370 
712 5370 
713 5370 
714 5370 
715 5370 
716 5370 
717 5370 
718 5370 
719 5370 
720 5370 
721 5370 
722 5370 
723 5370 
724 5370 
725 5370 
726 5370 
727 5370 
728 5370 
729 5370 
730 5370 
731 5370 
732 5370 
733 5370 
734 5370 
735 5370 
736 5370 
737 5370 
738 5370 
739 5370 
740 5370 
741 5370 
742 5370 
743 5370 
744 5370 
745 5370 
746 5370 
747 5370 
748 5370 
749 5370 
750 5370 
751 5370 
752 5370 
753 5370 
754 5370 
755 5370 
756 5370 
757 5370 
758 5370 
759 5370 
760 5370 
761 5370 
762 5370 
763 5370 
764 5370 
765 5370 
766 5370 
767 5370 
768 5370 
769 5370 
770 5370 
771 5370 
772 5370 
773 5370 
774 5370 
775 5370 
776 5370 
777 5370 
778 5370 
779 5370 
780 5370 
781 5370 
782 5370 
783 5370 
784 5370 
785 5370 
786 5370 
787 5370 
788 5370 
789 5370 
790 5370 
791 5370 
792 5370 
793 5370 
794 5370 
795 5370 
796 5370 
797 5370 
798 5370 
799 5370 
800 5370 
801 5370 
802 5370 
803 5370 
804 5370 
805 5370 
806 5370 
807 5370 
808 5370 
809 5370 
810 5370 
811 5370 
812 5370 
813 5370 
814 5370 
815 5370 
816 5370 
817 5370 
818 5370 
819 5370 
820 5370 
821 5370 
822 5370 
823 5370 
824 5370 
825 5370 
826 5370 
827 5370 
828 5370 
829 5370 
830 5370 
831 5370 
832 5370 
833 5370 
834 5370 
835 5370 
836 5370 
837 5370 
838 5370 
839 5370 
840 5370 
841 5370 
842 5370 
843 5370 
844 5370 
845 5370 
846 5370 
847 5370 
848 5370 
849 5370 
850 5370 
851 5370 
852 5370 
853 5370 
854 5370 
855 5370 
856 5370 
857 5370 
858 5370 
859 5370 
860 5370 
861 5370 
862 5370 
863 5370 
864 5370 
865 5370 
866 5370 
867 5370 
868 5370 
869 5370 
870 5370 
871 5370 
872 5370 
873 5370 
874 5370 
875 5370 
876 5370 
877 5370 
878 5370 
879 5370 
880 5370 
881 5370 
882 5370 
883 5370 
884 5370 
885 5370 
886 5370 
887 5370 
888 5370 
889 5370 
890 5370 
891 5370 
892 5370 
893 5370 
894 5370 
895 5370 
896 5370 
897 5370 
898 5370 
899 5370 
900 5370 
901 5370 
902 5370 
903 5370 
904 5370 
905 5370 
906 5370 
907 5370 
908 5370 
909 5370 
910 5370 
911 5370 
912 5370 
913 5370 
914 5370 
915 5370 
916 5370 
917 5370 
918 5370 
919 5370 
920 5370 
921 5370 
922 5370 
923 5370 
924 5370 
925 5370 
926 5370 
927 5370 
928 5370 
929 5370 
930 5370 
931 5370 
932 5370 
933 5370 
934 5370 
935 5370 
936 5370 
937 5370 
938 5370 
939 5370 
940 5370 
941 5370 
942 5370 
943 5370 
944 5370 
945 5370 
946 5370 
947 5370 
948 5370 
949 5370 
950 5370 
951 5370 
952 5370 
953 5370 
954 5370 
955 5370 
956 5370 
957 5370 
958 5370 
959 5370 
960 5370 
961 5370 
962 5370 
963 5370 
964 5370 
965 5370 
966 5370 
967 5370 
968 5370 
969 5370 
970 5370 
971 5370 
972 5370 
973 5370 
974 5370 
975 5370 
976 5370 
977 5370 
978 5370 
979 5370 
980 5370 
981 5370 
982 5370 
983 5370 
984 5370 
985 5370 
986 5370 
987 5370 
988 5370 
989 5370 
990 5370 
991 5370 
992 5370 
993 5370 
994 5370 
995 5370 
996 5370 
997 5370 
998 5370 
999 5370 
1000 5370 
1001 5370 
1002 5370 
1003 5370 
1004 5370 
1005 5370 
1006 5370 
1007 5370 
1008 5370 
1009 5370 
1010 5370 
1011 5370 
1012 5370 
1013 5370 
1014 5370 
1015 5370 
1016 5370 
1017 5370 
1018 5370 
1019 5370 
1020 5370 
1021 5370 
1022 5370 
1023 5370 
1024 5370 
1025 5370 
1026 5370 
1027 5370 
1028 5370 
1029 5370 
1030 5370 
1031 5370 
1032 5370 
1033 5370 
1034 5370 
1035 5370 
1036 5370 
1037 5370 
1038 5370 
1039 5370 
1040 5370 
1041 5370 
1042 5370 
1043 5370 
1044 5370 
1045 5370 
1046 5370 
1047 5370 
1048 5370 
1049 5370 
1050 5370 
1051 5370 
1052 5370 
1053 5370 
1054 5370 
1055 5370 
1056 5370 
1057 5370 
1058 5370 
1059 5370 
1060 5370 
1061 5370 
1062 5370 
1063 5370 
1064 5370 
1065 5370 
1066 5370 
1067 5370 
1068 5370 
1069 5370 
1070 5370 
1071 5370 
1072 5370 
1073 5370 
1074 5370 
1075 5370 
1076 5370 
1077 5370 
1078 5370 
1079 5370 
1080 5370 
1081 5370 
1082 5370 
1083 5370 
1084 5370 
1085 5370 
1086 5370 
1087 5370 
1088 5370 
1089 5370 
1090 5370 
1091 5370 
1092 5370 
1093 5370 
1094 5370 
1095 5370 
1096 5370 
1097 5370 
1098 5370 
1099 5370 
1100 5370 
1101 5370 
1102 5370 
1103 5370 
1104 5370 
1105 5370 
1106 5370 
1107 5370 
1108 5370 
1109 5370 
1110 5370 
1111 5370 
1112 5370 
1113 5370 
1114 5370 
1115 5370 
1116 5370 
1117 5370 
1118 5370 
1119 5370 
1120 5370 
1121 5370 
1122 5370 
1123 5370 
1124 5370 
1125 5370 
1126 5370 
1127 5370 
1128 5370 
1129 5370 
1130 5370 
1131 5370 
1132 5370 
1133 5370 
1134 5370 
1135 5370 
1136 5370 
1137 5370 
1138 5370 
1139 5370 
1140 5370 
1141 5370 
1142 5370 
1143 5370 
1144 5370 
1145 5370 
1146 5370 
1147 5370 
1148 5370 
1149 5370 
1150 5370 
1151 5370 
1152 5370 
1153 5370 
1154 5370 
1155 5370 
1156 5370 
1157 5370 
1158 5370 
1159 5370 
1160 5370 
1161 5370 
1162 5370 
1163 5370 
1164 5370 
1165 5370 
1166 5370 
1167 5370 
1168 5370 
1169 5370 
1170 5370 
1171 5370 
1172 5370 
1173 5370 
1174 5370 
1175 5370 
1176 5370 
1177 5370 
1178 5370 
1179 5370 
1180 5370 
1181 5370 
1182 5370 
1183 5370 
1184 5370 
1185 5370 
1186 5370 
1187 5370 
1188 5370 
1189 5370 
1190 5370 
1191 5370 
1192 5370 
1193 5370 
1194 5370 
1195 5370 
1196 5370 
1197 5370 
1198 5370 
1199 5370 
1200 5370 
1201 5370 
1202 5370 
1203 5370 
1204 5370 
1205 5370 
1206 5370 
1207 5370 
1208 5370 
1209 5370 
1210 5370 
1211 5370 
1212 5370 
1213 5370 
1214 5370 
1215 5370 
1216 5370 
1217 5370 
1218 5370 
1219 5370 
1220 5370 
1221 5370 
1222 5370 
1223 5370 
1224 5370 
1225 5370 
1226 5370 
1227 5370 
1228 5370 
1229 5370 
1230 5370 
1231 5370 
1232 5370 
1233 5370 
1234 5370 
1235 5370 
1236 5370 
1237 5370 
1238 5370 
1239 5370 
1240 5370 
1241 5370 
1242 5370 
1243 5370 
1244 5370 
1245 5370 
1246 5370 
1247 5370 
1248 5370 
1249 5370 
1250 5370 
1251 5370 
1252 5370 
1253 5370 
1254 5370 
1255 5370 
1256 5370 
1257 5370 
1258 5370 
1259 5370 
1260 5370 
1261 5370 
1262 5370 
1263 5370 
1264 5370 
1265 5370 
1266 5370 
1267 5370 
1268 5370 
1269 5370 
1270 5370 
1271 5370 
1272 5370 
1273 5370 
1274 5370 
1275 5370 
1276 5370 
1277 5370 
1278 5370 
1279 5370 
1280 5370 
1281 5370 
1282 5370 
1283 5370 
1284 5370 
1285 5370 
1286 5370 
1287 5370 
1288 5370 
1289 5370 
1290 5370 
1291 5370 
1292 5370 
1293 5370 
1294 5370 
1295 5370 
1296 5370 
1297 5370 
1298 5370 
1299 5370 
1300 5370 
1301 5370 
1302 5370 
1303 5370 
1304 5370 
1305 5370 
1306 5370 
1307 5370 
1308 5370 
1309 5370 
1310 5370 
1311 5370 
1312 5370 
1313 5370 
1314 5370 
1315 5370 
1316 5370 
1317 5370 
1318 5370 
1319 5370 
1320 5370 
1321 5370 
1322 5370 
1323 5370 
1324 5370 
1325 5370 
1326 5370 
1327 5370 
1328 5370 
1329 5370 
1330 5370 
1331 5370 
1332 5370 
1333 5370 
1334 5370 
1335 5370 
1336 5370 
1337 5370 
1338 5370 
1339 5370 
1340 5370 
1341 5370 
1342 5370 
1343 5370 
1344 5370 
1345 5370 
1346 5370 
1347 5370 
1348 5370 
1349 5370 
1350 5370 
1351 5370 
1352 5370 
1353 5370 
1354 5370 
1355 5370 
1356 5370 
1357 5370 
1358 5370 
1359 5370 
1360 5370 
1361 5370 
1362 5370 
1363 5370 
1364 5370 
1365 5370 
1366 5370 
1367 5370 
1368 5370 
1369 5370 
1370 5370 
1371 5370 
1372 5370 
1373 5370 
1374 5370 
1375 5370 
1376 5370 
1377 5370 
1378 5370 
1379 5370 
1380 5370 
1381 5370 
1382 5370 
1383 5370 
1384 5370 
1385 5370 
1386 5370 
1387 5370 
1388 5370 
1389 5370 
1390 5370 
1391 5370 
1392 5370 
1393 5370 
1394 5370 
1395 5370 
1396 5370 
1397 5370 
1398 5370 
1399 5370 
1400 5370 
1401 5370 
1402 5370 
1403 5370 
1404 5370 
1405 5370 
1406 5370 
1407 5370 
1408 5370 
1409 5370 
1410 5370 
1411 5370 
1412 5370 
1413 5370 
1414 5370 
1415 5370 
1416 5370 
1417 5370 
1418 5370 
1419 5370 
1420 5370 
1421 5370 
1422 5370 
1423 5370 
1424 5370 
1425 5370 
1426 5370 
1427 5370 
1428 5370 
1429 5370 
1430 5370 
1431 5370 
1432 5370 
1433 5370 
1434 5370 
1435 5370 
1436 5370 
1437 5370 
1438 5370 
1439 5370 
1440 5370 
1441 5370 
1442 5370 
1443 5370 
1444 5370 
1445 5370 
1446 5370 
1447 5370 
1448 5370 
1449 5370 
1450 5370 
1451 5370 
1452 5370 
1453 5370 
1454 5370 
1455 5370 
1456 5370 
1457 5370 
1458 5370 
1459 5370 
1460 5370 
1461 5370 
1462 5370 
1463 5370 
1464 5370 
1465 5370 
1466 5370 
1467 5370 
1468 5370 
1469 5370 
1470 5370 
1471 5370 
1472 5370 
1473 5370 
1474 5370 
1475 5370 
1476 5370 
1477 5370 
1478 5370 
1479 5370 
1480 5370 
1481 5370 
1482 5370 
1483 5370 
1484 5370 
1485 5370 
1486 5370 
1487 5370 
1488 5370 
1489 5370 
1490 5370 
1491 5370 
1492 5370 
1493 5370 
1494 5370 
1495 5370 
1496 5370 
1497 5370 
1498 5370 
1499 5370 
1500 5370 
1501 5370 
1502 5370 
1503 5370 
1504 5370 
1505 5370 
1506 5370 
1507 5370 
1508 5370 
1509 5370 
1510 5370 
1511 5370 
1512 5370 
1513 5370 
1514 5370 
1515 5370 
1516 5370 
1517 5370 
1518 5370 
1519 5370 
1520 5370 
1521 5370 
1522 5370 
1523 5370 
1524 5370 
1525 5370 
1526 5370 
1527 5370 
1528 5370 
1529 5370 
1530 5370 
1531 5370 
1532 5370 
1533 5370 
1534 5370 
1535 5370 
1536 5370 
1537 5370 
1538 5370 
1539 5370 
1540 5370 
1541 5370 
1542 5370 
1543 5370 
1544 5370 
1545 5370 
1546 5370 
1547 5370 
1548 5370 
1549 5370 
1550 5370 
1551 5370 
1552 5370 
1553 5370 
1554 5370 
1555 5370 
1556 5370 
1557 5370 
1558 5370 
1559 5370 
1560 5370 
1561 5370 
1562 5370 
1563 5370 
1564 5370 
1565 5370 
1566 5370 
1567 5370 
1568 5370 
1569 5370 
1570 5370 
1571 5370 
1572 5370 
1573 5370 
1574 5370 
1575 5370 
1576 5370 
1577 5370 
1578 5370 
1579 5370 
1580 5370 
1581 5370 
1582 5370 
1583 5370 
1584 5370 
1585 5370 
1586 5370 
1587 5370 
1588 5370 
1589 5370 
1590 5370 
1591 5370 
1592 5370 
1593 5370 
1594 5370 
1595 5370 
1596 5370 
1597 5370 
1598 5370 
1599 5370 
1600 5370 
1601 5370 
1602 5370 
1603 5370 
1604 5370 
1605 5370 
1606 5370 
1607 5370 
1608 5370 
1609 5370 
1610 5370 
1611 5370 
1612 5370 
1613 5370 
1614 5370 
1615 5370 
1616 5370 
1617 5370 
1618 5370 
1619 5370 
1620 5370 
1621 5370 
1622 5370 
1623 5370 
1624 5370 
1625 5370 
1626 5370 
1627 5370 
1628 5370 
1629 5370 
1630 5370 
1631 5370 
1632 5370 
1633 5370 
1634 5370 
1635 5370 
1636 5370 
1637 5370 
1638 5370 
1639 5370 
1640 5370 
1641 5370 
1642 5370 
1643 5370 
1644 5370 
1645 5370 
1646 5370 
1647 5370 
1648 5370 
1649 5370 
1650 5370 
1651 5370 
1652 5370 
1653 5370 
1654 5370 
1655 5370 
1656 5370 
1657 5370 
1658 5370 
1659 5370 
1660 5370 
1661 5370 
1662 5370 
1663 5370 
1664 5370 
1665 5370 
1666 5370 
1667 5370 
1668 5370 
1669 5370 
1670 5370 
1671 5370 
1672 5370 
1673 5370 
1674 5370 
1675 5370 
1676 5370 
1677 5370 
1678 5370 
1679 5370 
1680 5370 
1681 5370 
1682 5370 
1683 5370 
1684 5370 
1685 5370 
1686 5370 
1687 5370 
1688 5370 
1689 5370 
1690 5370 
1691 5370 
1692 5370 
1693 5370 
1694 5370 
1695 5370 
1696 5370 
1697 5370 
1698 5370 
1699 5370 
1700 5370 
1701 5370 
1702 5370 
1703 5370 
1704 5370 
1705 5370 
1706 5370 
1707 5370 
1708 5370 
1709 5370 
1710 5370 
1711 5370 
1712 5370 
1713 5370 
1714 5370 
1715 5370 
1716 5370 
1717 5370 
1718 5370 
1719 5370 
1720 5370 
1721 5370 
1722 5370 
1723 5370 
1724 5370 
1725 5370 
1726 5370 
1727 5370 
1728 5370 
1729 5370 
1730 5370 
1731 5370 
1732 5370 
1733 5370 
1734 5370 
1735 5370 
1736 5370 
1737 5370 
1738 5370 
1739 5370 
1740 5370 
1741 5370 
1742 5370 
1743 5370 
1744 5370 
1745 5370 
1746 5370 
1747 5370 
1748 5370 
1749 5370 
1750 5370 
1751 5370 
1752 5370 
1753 5370 
1754 5370 
1755 5370 
1756 5370 
1757 5370 
1758 5370 
1759 5370 
1760 5370 
1761 5370 
1762 5370 
1763 5370 
1764 5370 
1765 5370 
1766 5370 
1767 5370 
1768 5370 
1769 5370 
1770 5370 
1771 5370 
1772 5370 
1773 5370 
1774 5370 
1775 5370 
1776 5370 
1777 5370 
1778 5370 
1779 5370 
1780 5370 
1781 5370 
1782 5370 
1783 5370 
1784 5370 
1785 5370 
1786 5370 
1787 5370 
1788 5370 
1789 5370 
1790 5370 
1791 5370 
1792 5370 
1793 5370 
1794 5370 
1795 5370 
1796 5370 
1797 5370 
1798 5370 
1799 5370 
1800 5370 
1801 5370 
1802 5370 
1803 5370 
1804 5370 
1805 5370 
1806 5370 
1807 5370 
1808 5370 
1809 5370 
1810 5370 
1811 5370 
1812 5370 
1813 5370 
1814 5370 
1815 5370 
1816 5370 
1817 5370 
1818 5370 
1819 5370 
1820 5370 
1821 5370 
1822 5370 
1823 5370 
1824 5370 
1825 5370 
1826 5370 
1827 5370 
1828 5370 
1829 5370 
1830 5370 
1831 5370 
1832 5370 
1833 5370 
1834 5370 
1835 5370 
1836 5370 
1837 5370 
1838 5370 
1839 5370 
1840 5370 
1841 5370 
1842 5370 
1843 5370 
1844 5370 
1845 5370 
1846 5370 
1847 5370 
1848 5370 
1849 5370 
1850 5370 
1851 5370 
1852 5370 
1853 5370 
1854 5370 
1855 5370 
1856 5370 
1857 5370 
1858 5370 
1859 5370 
1860 5370 
1861 5370 
1862 5370 
1863 5370 
1864 5370 
1865 5370 
1866 5370 
1867 5370 
1868 5370 
1869 5370 
1870 5370 
1871 5370 
1872 5370 
1873 5370 
1874 5370 
1875 5370 
1876 5370 
1877 5370 
1878 5370 
1879 5370 
1880 5370 
1881 5370 
1882 5370 
1883 5370 
1884 5370 
1885 5370 
1886 5370 
1887 5370 
1888 5370 
1889 5370 
1890 5370 
1891 5370 
1892 5370 
1893 5370 
1894 5370 
1895 5370 
1896 5370 
1897 5370 
1898 5370 
1899 5370 
1900 5370 
1901 5370 
1902 5370 
1903 5370 
1904 5370 
1905 5370 
1906 5370 
1907 5370 
1908 5370 
1909 5370 
1910 5370 
1911 5370 
1912 5370 
1913 5370 
1914 5370 
1915 5370 
1916 5370 
1917 5370 
1918 5370 
1919 5370 
1920 5370 
1921 5370 
1922 5370 
1923 5370 
1924 5370 
1925 5370 
1926 5370 
1927 5370 
1928 5370 
1929 5370 
1930 5370 
1931 5370 
1932 5370 

