0 3210 
1 3208 
2 3204 
3 3192 
4 3176 
5 3164 
6 3158 
7 3154 
8 3150 
9 3140 
10 3136 
11 3132 
12 3128 
13 3124 
14 3124 
15 3112 
16 3104 
17 3098 
18 3082 
19 3074 
20 3072 
21 3064 
22 3050 
23 3048 
24 3044 
25 3008 
26 2996 
27 2994 
28 2990 
29 2986 
30 2984 
31 2976 
32 2972 
33 2960 
34 2954 
35 2946 
36 2938 
37 2932 
38 2932 
39 2912 
40 2910 
41 2902 
42 2898 
43 2886 
44 2856 
45 2852 
46 2844 
47 2838 
48 2834 
49 2830 
50 2826 
51 2814 
52 2802 
53 2798 
54 2792 
55 2788 
56 2788 
57 2780 
58 2768 
59 2768 
60 2744 
61 2738 
62 2730 
63 2730 

