0 3138 
1 3132 
2 3128 
3 3122 
4 3118 
5 3110 
6 3104 
7 3102 
8 3094 
9 3074 
10 3068 
11 3056 
12 3048 
13 3044 
14 3042 
15 3038 
16 3034 
17 3032 
18 3028 
19 3026 
20 3026 
21 3022 
22 3018 
23 3016 
24 3010 
25 3006 
26 3004 
27 3000 
28 2990 
29 2982 
30 2978 
31 2958 
32 2954 
33 2952 
34 2946 
35 2938 
36 2930 
37 2926 
38 2918 
39 2898 
40 2882 
41 2880 
42 2872 
43 2868 
44 2856 
45 2848 
46 2832 
47 2828 
48 2820 
49 2812 
50 2808 
51 2804 
52 2794 
53 2790 
54 2786 
55 2782 
56 2774 
57 2766 
58 2762 
59 2758 
60 2748 
61 2744 
62 2744 

