0 5920 
1 5852 
2 5848 
3 5838 
4 5830 
5 5806 
6 5780 
7 5744 
8 5734 
9 5732 
10 5726 
11 5720 
12 5712 
13 5706 
14 5702 
15 5700 
16 5692 
17 5684 
18 5678 
19 5674 
20 5654 
21 5646 
22 5638 
23 5624 
24 5618 
25 5610 
26 5602 
27 5586 
28 5586 
29 5584 
30 5582 
31 5576 
32 5572 
33 5558 
34 5546 
35 5546 
36 5538 
37 5514 
38 5504 
39 5500 
40 5496 
41 5484 
42 5478 
43 5446 
44 5436 
45 5424 
46 5422 
47 5406 
48 5406 
49 5406 
50 5404 
51 5396 
52 5390 
53 5388 
54 5382 
55 5382 
56 5376 
57 5376 

