0 5916 
1 5904 
2 5898 
3 5898 
4 5878 
5 5866 
6 5856 
7 5848 
8 5844 
9 5840 
10 5826 
11 5822 
12 5798 
13 5768 
14 5764 
15 5752 
16 5736 
17 5734 
18 5706 
19 5690 
20 5680 
21 5660 
22 5638 
23 5636 
24 5630 
25 5628 
26 5626 
27 5616 
28 5616 
29 5614 
30 5612 
31 5608 
32 5602 
33 5600 
34 5596 
35 5590 
36 5584 
37 5574 
38 5568 
39 5564 
40 5558 
41 5550 
42 5534 
43 5522 
44 5516 
45 5510 
46 5502 
47 5492 
48 5484 
49 5482 
50 5472 
51 5470 
52 5464 
53 5460 
54 5448 
55 5432 
56 5428 
57 5420 
58 5416 
59 5410 
60 5398 
61 5386 
62 5384 
63 5382 
64 5378 
65 5374 
66 5366 
67 5366 
68 5366 
69 5366 
70 5366 
71 5366 
72 5362 
73 5362 
74 5362 
75 5362 
76 5362 
77 5362 
78 5362 
79 5362 
80 5362 
81 5362 
82 5362 
83 5362 
84 5362 
85 5362 
86 5362 
87 5362 
88 5362 
89 5362 
90 5362 
91 5362 
92 5362 
93 5362 
94 5362 
95 5362 
96 5362 
97 5362 
98 5362 
99 5362 
100 5362 
101 5362 
102 5362 
103 5362 
104 5362 
105 5362 
106 5362 
107 5362 
108 5362 
109 5362 
110 5362 
111 5362 
112 5362 
113 5362 
114 5362 
115 5362 
116 5362 
117 5362 
118 5362 
119 5362 
120 5362 
121 5362 
122 5362 
123 5362 
124 5362 
125 5362 
126 5362 
127 5362 
128 5362 
129 5362 
130 5362 
131 5362 
132 5362 
133 5362 
134 5362 
135 5362 
136 5362 
137 5362 
138 5362 
139 5362 
140 5362 
141 5362 
142 5362 
143 5362 
144 5362 
145 5362 
146 5362 
147 5362 
148 5362 
149 5362 
150 5362 
151 5362 
152 5362 
153 5362 
154 5362 
155 5362 
156 5362 
157 5362 
158 5362 
159 5362 
160 5362 
161 5362 
162 5362 
163 5362 
164 5362 
165 5362 
166 5362 
167 5362 
168 5362 
169 5362 
170 5362 
171 5362 
172 5362 
173 5362 
174 5362 
175 5362 
176 5362 
177 5362 
178 5362 
179 5362 
180 5362 
181 5362 
182 5362 
183 5362 
184 5362 
185 5362 
186 5362 
187 5362 
188 5362 
189 5362 
190 5362 
191 5362 
192 5362 
193 5362 
194 5362 
195 5362 
196 5362 
197 5362 
198 5362 
199 5362 
200 5362 
201 5362 
202 5362 
203 5362 
204 5362 
205 5362 
206 5362 
207 5362 
208 5362 
209 5362 
210 5362 
211 5362 
212 5362 
213 5362 
214 5362 
215 5362 
216 5362 
217 5362 
218 5362 
219 5362 
220 5362 
221 5362 
222 5362 
223 5362 
224 5362 
225 5362 
226 5362 
227 5362 
228 5362 
229 5362 
230 5362 
231 5362 
232 5362 
233 5362 
234 5362 
235 5362 
236 5362 
237 5362 
238 5362 
239 5362 
240 5362 
241 5362 
242 5362 
243 5362 
244 5362 
245 5362 
246 5362 
247 5362 
248 5362 
249 5362 
250 5362 
251 5362 
252 5362 
253 5362 
254 5362 
255 5362 
256 5362 
257 5362 
258 5362 
259 5362 
260 5362 
261 5362 
262 5362 
263 5362 
264 5362 
265 5362 
266 5362 
267 5362 
268 5362 
269 5362 
270 5362 
271 5362 
272 5362 
273 5362 
274 5362 
275 5362 
276 5362 
277 5362 
278 5362 
279 5362 
280 5362 
281 5362 
282 5362 
283 5362 
284 5362 
285 5362 
286 5362 
287 5362 
288 5362 
289 5362 
290 5362 
291 5362 
292 5362 
293 5362 
294 5362 
295 5362 
296 5362 
297 5362 
298 5362 
299 5362 
300 5362 
301 5362 
302 5362 
303 5362 
304 5362 
305 5362 
306 5362 
307 5362 
308 5362 
309 5362 
310 5362 
311 5362 
312 5362 
313 5362 
314 5362 
315 5362 
316 5362 
317 5362 
318 5362 
319 5362 
320 5362 
321 5362 
322 5362 
323 5362 
324 5362 
325 5362 
326 5362 
327 5362 
328 5362 
329 5362 
330 5362 
331 5362 
332 5362 
333 5362 
334 5362 
335 5362 
336 5362 
337 5362 
338 5362 
339 5362 
340 5362 
341 5362 
342 5362 
343 5362 
344 5362 
345 5362 
346 5362 
347 5362 
348 5362 
349 5362 
350 5362 
351 5362 
352 5362 
353 5362 
354 5362 
355 5362 
356 5362 
357 5362 
358 5362 
359 5362 
360 5362 
361 5362 
362 5362 
363 5362 
364 5362 
365 5362 
366 5362 
367 5362 
368 5362 
369 5362 
370 5362 
371 5362 
372 5362 
373 5362 
374 5362 
375 5362 
376 5362 
377 5362 
378 5362 
379 5362 
380 5362 
381 5362 
382 5362 
383 5362 
384 5362 
385 5362 
386 5362 
387 5362 
388 5362 
389 5362 
390 5362 
391 5362 
392 5362 
393 5362 
394 5362 
395 5362 
396 5362 
397 5362 
398 5362 
399 5362 
400 5362 
401 5362 
402 5362 
403 5362 
404 5362 
405 5362 
406 5362 
407 5362 
408 5362 
409 5362 
410 5362 
411 5362 
412 5362 
413 5362 
414 5362 
415 5362 
416 5362 
417 5362 
418 5362 
419 5362 
420 5362 
421 5362 
422 5362 
423 5362 
424 5362 
425 5362 
426 5362 
427 5362 
428 5362 
429 5362 
430 5362 
431 5362 
432 5362 
433 5362 
434 5362 
435 5362 
436 5362 
437 5362 
438 5362 
439 5362 
440 5362 
441 5362 
442 5362 
443 5362 
444 5362 
445 5362 
446 5362 
447 5362 
448 5362 
449 5362 
450 5362 
451 5362 
452 5362 
453 5362 
454 5362 
455 5362 
456 5362 
457 5362 
458 5362 
459 5362 
460 5362 
461 5362 
462 5362 
463 5362 
464 5362 
465 5362 
466 5362 
467 5362 
468 5362 
469 5362 
470 5362 
471 5362 
472 5362 
473 5362 
474 5362 
475 5362 
476 5362 
477 5362 
478 5362 
479 5362 
480 5362 
481 5362 
482 5362 
483 5362 
484 5362 
485 5362 
486 5362 
487 5362 
488 5362 
489 5362 
490 5362 
491 5362 
492 5362 
493 5362 
494 5362 
495 5362 
496 5362 
497 5362 
498 5362 
499 5362 
500 5362 
501 5362 
502 5362 
503 5362 
504 5362 
505 5362 
506 5362 
507 5362 
508 5362 
509 5362 
510 5362 
511 5362 
512 5362 
513 5362 
514 5362 
515 5362 
516 5362 
517 5362 
518 5362 
519 5362 
520 5362 
521 5362 
522 5362 
523 5362 
524 5362 
525 5362 
526 5362 
527 5362 
528 5362 
529 5362 
530 5362 
531 5362 
532 5362 
533 5362 
534 5362 
535 5362 
536 5362 
537 5362 
538 5362 
539 5362 
540 5362 
541 5362 
542 5362 
543 5362 
544 5362 
545 5362 
546 5362 
547 5362 
548 5362 
549 5362 
550 5362 
551 5362 
552 5362 
553 5362 
554 5362 
555 5362 
556 5362 
557 5362 
558 5362 
559 5362 
560 5362 
561 5362 
562 5362 
563 5362 
564 5362 
565 5362 
566 5362 
567 5362 
568 5362 
569 5362 
570 5362 
571 5362 
572 5362 
573 5362 
574 5362 
575 5362 
576 5362 
577 5362 
578 5362 
579 5362 
580 5362 
581 5362 
582 5362 
583 5362 
584 5362 
585 5362 
586 5362 
587 5362 
588 5362 
589 5362 
590 5362 
591 5362 
592 5362 
593 5362 
594 5362 
595 5362 
596 5362 
597 5362 
598 5362 
599 5362 
600 5362 
601 5362 
602 5362 
603 5362 
604 5362 
605 5362 
606 5362 
607 5362 
608 5362 
609 5362 
610 5362 
611 5362 
612 5362 
613 5362 
614 5362 
615 5362 
616 5362 
617 5362 
618 5362 
619 5362 
620 5362 
621 5362 
622 5362 
623 5362 
624 5362 
625 5362 
626 5362 
627 5362 
628 5362 
629 5362 
630 5362 
631 5362 
632 5362 
633 5362 
634 5362 
635 5362 
636 5362 
637 5362 
638 5362 
639 5362 
640 5362 
641 5362 
642 5362 
643 5362 
644 5362 
645 5362 
646 5362 
647 5362 
648 5362 
649 5362 
650 5362 
651 5362 
652 5362 
653 5362 
654 5362 
655 5362 
656 5362 
657 5362 
658 5362 
659 5362 
660 5362 
661 5362 
662 5362 
663 5362 
664 5362 
665 5362 
666 5362 
667 5362 
668 5362 
669 5362 
670 5362 
671 5362 
672 5362 
673 5362 
674 5362 
675 5362 
676 5362 
677 5362 
678 5362 
679 5362 
680 5362 
681 5362 
682 5362 
683 5362 
684 5362 
685 5362 
686 5362 
687 5362 
688 5362 
689 5362 
690 5362 
691 5362 
692 5362 
693 5362 
694 5362 
695 5362 
696 5362 
697 5362 
698 5362 
699 5362 
700 5362 
701 5362 
702 5362 
703 5362 
704 5362 
705 5362 
706 5362 
707 5362 
708 5362 
709 5362 
710 5362 
711 5362 
712 5362 
713 5362 
714 5362 
715 5362 
716 5362 
717 5362 
718 5362 
719 5362 
720 5362 
721 5362 
722 5362 
723 5362 
724 5362 
725 5362 
726 5362 
727 5362 
728 5362 
729 5362 
730 5362 
731 5362 
732 5362 
733 5362 
734 5362 
735 5362 
736 5362 
737 5362 
738 5362 
739 5362 
740 5362 
741 5362 
742 5362 
743 5362 
744 5362 
745 5362 
746 5362 
747 5362 
748 5362 
749 5362 
750 5362 
751 5362 
752 5362 
753 5362 
754 5362 
755 5362 
756 5362 
757 5362 
758 5362 
759 5362 
760 5362 
761 5362 
762 5362 
763 5362 
764 5362 
765 5362 
766 5362 
767 5362 
768 5362 
769 5362 
770 5362 
771 5362 
772 5362 
773 5362 
774 5362 
775 5362 
776 5362 
777 5362 
778 5362 
779 5362 
780 5362 
781 5362 
782 5362 
783 5362 
784 5362 
785 5362 
786 5362 
787 5362 
788 5362 
789 5362 
790 5362 
791 5362 
792 5362 
793 5362 
794 5362 
795 5362 
796 5362 
797 5362 
798 5362 
799 5362 
800 5362 
801 5362 
802 5362 
803 5362 
804 5362 
805 5362 
806 5362 
807 5362 
808 5362 
809 5362 
810 5362 
811 5362 
812 5362 
813 5362 
814 5362 
815 5362 
816 5362 
817 5362 
818 5362 
819 5362 
820 5362 
821 5362 
822 5362 
823 5362 
824 5362 
825 5362 
826 5362 
827 5362 
828 5362 
829 5362 
830 5362 
831 5362 
832 5362 
833 5362 
834 5362 
835 5362 
836 5362 
837 5362 
838 5362 
839 5362 
840 5362 
841 5362 
842 5362 
843 5362 
844 5362 
845 5362 
846 5362 
847 5362 
848 5362 
849 5362 
850 5362 
851 5362 
852 5362 
853 5362 
854 5362 
855 5362 
856 5362 
857 5362 
858 5362 
859 5362 
860 5362 
861 5362 
862 5362 
863 5362 
864 5362 
865 5362 
866 5362 
867 5362 
868 5362 
869 5362 
870 5362 
871 5362 
872 5362 
873 5362 
874 5362 
875 5362 
876 5362 
877 5362 
878 5362 
879 5362 
880 5362 
881 5362 
882 5362 
883 5362 
884 5362 
885 5362 
886 5362 
887 5362 
888 5362 
889 5362 
890 5362 
891 5362 
892 5362 
893 5362 
894 5362 
895 5362 
896 5362 
897 5362 
898 5362 
899 5362 
900 5362 
901 5362 
902 5362 
903 5362 
904 5362 
905 5362 
906 5362 
907 5362 
908 5362 
909 5362 
910 5362 
911 5362 
912 5362 
913 5362 
914 5362 
915 5362 
916 5362 
917 5362 
918 5362 
919 5362 
920 5362 
921 5362 
922 5362 
923 5362 
924 5362 
925 5362 
926 5362 
927 5362 
928 5362 
929 5362 
930 5362 
931 5362 
932 5362 
933 5362 
934 5362 
935 5362 
936 5362 
937 5362 
938 5362 
939 5362 
940 5362 
941 5362 
942 5362 
943 5362 
944 5362 
945 5362 
946 5362 
947 5362 
948 5362 
949 5362 
950 5362 
951 5362 
952 5362 
953 5362 
954 5362 
955 5362 
956 5362 
957 5362 
958 5362 
959 5362 
960 5362 
961 5362 
962 5362 
963 5362 
964 5362 
965 5362 
966 5362 
967 5362 
968 5362 
969 5362 
970 5362 
971 5362 
972 5362 
973 5362 
974 5362 
975 5362 
976 5362 
977 5362 
978 5362 
979 5362 
980 5362 
981 5362 
982 5362 
983 5362 
984 5362 
985 5362 
986 5362 
987 5362 
988 5362 
989 5362 
990 5362 
991 5362 
992 5362 
993 5362 
994 5362 
995 5362 
996 5362 
997 5362 
998 5362 
999 5362 
1000 5362 
1001 5362 
1002 5362 
1003 5362 
1004 5362 
1005 5362 
1006 5362 
1007 5362 
1008 5362 
1009 5362 
1010 5362 
1011 5362 
1012 5362 
1013 5362 
1014 5362 
1015 5362 
1016 5362 
1017 5362 
1018 5362 
1019 5362 
1020 5362 
1021 5362 
1022 5362 
1023 5362 
1024 5362 
1025 5362 
1026 5362 
1027 5362 
1028 5362 
1029 5362 
1030 5362 
1031 5362 
1032 5362 
1033 5362 
1034 5362 
1035 5362 
1036 5362 
1037 5362 
1038 5362 
1039 5362 
1040 5362 
1041 5362 
1042 5362 
1043 5362 
1044 5362 
1045 5362 
1046 5362 
1047 5362 
1048 5362 
1049 5362 
1050 5362 
1051 5362 
1052 5362 
1053 5362 
1054 5362 
1055 5362 
1056 5362 
1057 5362 
1058 5362 
1059 5362 
1060 5362 
1061 5362 
1062 5362 
1063 5362 
1064 5362 
1065 5362 
1066 5362 
1067 5362 
1068 5362 
1069 5362 
1070 5362 
1071 5362 
1072 5362 
1073 5362 
1074 5362 
1075 5362 
1076 5362 
1077 5362 
1078 5362 
1079 5362 
1080 5362 
1081 5362 
1082 5362 
1083 5362 
1084 5362 
1085 5362 
1086 5362 
1087 5362 
1088 5362 
1089 5362 
1090 5362 
1091 5362 
1092 5362 
1093 5362 
1094 5362 
1095 5362 
1096 5362 
1097 5362 
1098 5362 
1099 5362 
1100 5362 
1101 5362 
1102 5362 
1103 5362 
1104 5362 
1105 5362 
1106 5362 
1107 5362 
1108 5362 
1109 5362 
1110 5362 
1111 5362 
1112 5362 
1113 5362 
1114 5362 
1115 5362 
1116 5362 
1117 5362 
1118 5362 
1119 5362 
1120 5362 
1121 5362 
1122 5362 
1123 5362 
1124 5362 
1125 5362 
1126 5362 
1127 5362 
1128 5362 
1129 5362 
1130 5362 
1131 5362 
1132 5362 
1133 5362 
1134 5362 
1135 5362 
1136 5362 
1137 5362 
1138 5362 
1139 5362 
1140 5362 
1141 5362 
1142 5362 
1143 5362 
1144 5362 
1145 5362 
1146 5362 
1147 5362 
1148 5362 
1149 5362 
1150 5362 
1151 5362 
1152 5362 
1153 5362 
1154 5362 
1155 5362 
1156 5362 
1157 5362 
1158 5362 
1159 5362 
1160 5362 
1161 5362 
1162 5362 
1163 5362 
1164 5362 
1165 5362 
1166 5362 
1167 5362 
1168 5362 
1169 5362 
1170 5362 
1171 5362 
1172 5362 
1173 5362 
1174 5362 
1175 5362 
1176 5362 
1177 5362 
1178 5362 
1179 5362 
1180 5362 
1181 5362 
1182 5362 
1183 5362 
1184 5362 
1185 5362 
1186 5362 
1187 5362 
1188 5362 
1189 5362 
1190 5362 
1191 5362 
1192 5362 
1193 5362 
1194 5362 
1195 5362 
1196 5362 
1197 5362 
1198 5362 
1199 5362 
1200 5362 
1201 5362 
1202 5362 
1203 5362 
1204 5362 
1205 5362 
1206 5362 
1207 5362 
1208 5362 
1209 5362 
1210 5362 
1211 5362 
1212 5362 
1213 5362 
1214 5362 
1215 5362 
1216 5362 
1217 5362 
1218 5362 
1219 5362 
1220 5362 
1221 5362 
1222 5362 
1223 5362 
1224 5362 
1225 5362 
1226 5362 
1227 5362 
1228 5362 
1229 5362 
1230 5362 
1231 5362 
1232 5362 
1233 5362 
1234 5362 
1235 5362 
1236 5362 
1237 5362 
1238 5362 
1239 5362 
1240 5362 
1241 5362 
1242 5362 
1243 5362 
1244 5362 
1245 5362 
1246 5362 
1247 5362 
1248 5362 
1249 5362 
1250 5362 
1251 5362 
1252 5362 
1253 5362 
1254 5362 
1255 5362 
1256 5362 
1257 5362 
1258 5362 
1259 5362 
1260 5362 
1261 5362 
1262 5362 
1263 5362 
1264 5362 
1265 5362 
1266 5362 
1267 5362 
1268 5362 
1269 5362 
1270 5362 
1271 5362 
1272 5362 
1273 5362 
1274 5362 
1275 5362 
1276 5362 
1277 5362 
1278 5362 
1279 5362 
1280 5362 
1281 5362 
1282 5362 
1283 5362 
1284 5362 
1285 5362 
1286 5362 
1287 5362 
1288 5362 
1289 5362 
1290 5362 
1291 5362 
1292 5362 
1293 5362 
1294 5362 
1295 5362 
1296 5362 
1297 5362 
1298 5362 
1299 5362 
1300 5362 
1301 5362 
1302 5362 
1303 5362 
1304 5362 
1305 5362 
1306 5362 
1307 5362 
1308 5362 
1309 5362 
1310 5362 
1311 5362 
1312 5362 
1313 5362 
1314 5362 
1315 5362 
1316 5362 
1317 5362 
1318 5362 
1319 5362 
1320 5362 
1321 5362 
1322 5362 
1323 5362 
1324 5362 
1325 5362 
1326 5362 
1327 5362 
1328 5362 
1329 5362 
1330 5362 
1331 5362 
1332 5362 
1333 5362 
1334 5362 
1335 5362 
1336 5362 
1337 5362 
1338 5362 
1339 5362 
1340 5362 
1341 5362 
1342 5362 
1343 5362 
1344 5362 
1345 5362 
1346 5362 
1347 5362 
1348 5362 
1349 5362 
1350 5362 
1351 5362 
1352 5362 
1353 5362 
1354 5362 
1355 5362 
1356 5362 
1357 5362 
1358 5362 
1359 5362 
1360 5362 
1361 5362 
1362 5362 
1363 5362 
1364 5362 
1365 5362 
1366 5362 
1367 5362 
1368 5362 
1369 5362 
1370 5362 
1371 5362 
1372 5362 
1373 5362 
1374 5362 
1375 5362 
1376 5362 
1377 5362 
1378 5362 
1379 5362 
1380 5362 
1381 5362 
1382 5362 
1383 5362 
1384 5362 
1385 5362 
1386 5362 
1387 5362 
1388 5362 
1389 5362 
1390 5362 
1391 5362 
1392 5362 
1393 5362 
1394 5362 
1395 5362 
1396 5362 
1397 5362 
1398 5362 
1399 5362 
1400 5362 
1401 5362 
1402 5362 
1403 5362 
1404 5362 
1405 5362 
1406 5362 
1407 5362 
1408 5362 
1409 5362 
1410 5362 
1411 5362 
1412 5362 
1413 5362 
1414 5362 
1415 5362 
1416 5362 
1417 5362 
1418 5362 
1419 5362 
1420 5362 
1421 5362 
1422 5362 
1423 5362 
1424 5362 
1425 5362 
1426 5362 
1427 5362 
1428 5362 
1429 5362 
1430 5362 
1431 5362 
1432 5362 
1433 5362 
1434 5362 
1435 5362 
1436 5362 
1437 5362 
1438 5362 
1439 5362 
1440 5362 
1441 5362 
1442 5362 
1443 5362 
1444 5362 
1445 5362 
1446 5362 
1447 5362 
1448 5362 
1449 5362 
1450 5362 
1451 5362 
1452 5362 
1453 5362 
1454 5362 
1455 5362 
1456 5362 
1457 5362 
1458 5362 
1459 5362 
1460 5362 
1461 5362 
1462 5362 
1463 5362 
1464 5362 
1465 5362 
1466 5362 
1467 5362 
1468 5362 
1469 5362 
1470 5362 
1471 5362 
1472 5362 
1473 5362 
1474 5362 
1475 5362 
1476 5362 
1477 5362 
1478 5362 
1479 5362 
1480 5362 
1481 5362 
1482 5362 
1483 5362 
1484 5362 
1485 5362 
1486 5362 
1487 5362 
1488 5362 
1489 5362 
1490 5362 
1491 5362 
1492 5362 
1493 5362 
1494 5362 
1495 5362 
1496 5362 
1497 5362 
1498 5362 
1499 5362 
1500 5362 
1501 5362 
1502 5362 
1503 5362 
1504 5362 
1505 5362 
1506 5362 
1507 5362 
1508 5362 
1509 5362 
1510 5362 
1511 5362 
1512 5362 
1513 5362 
1514 5362 
1515 5362 
1516 5362 
1517 5362 
1518 5362 
1519 5362 
1520 5362 
1521 5362 
1522 5362 
1523 5362 
1524 5362 
1525 5362 
1526 5362 
1527 5362 
1528 5362 
1529 5362 
1530 5362 
1531 5362 
1532 5362 
1533 5362 
1534 5362 
1535 5362 
1536 5362 
1537 5362 
1538 5362 
1539 5362 
1540 5362 
1541 5362 
1542 5362 
1543 5362 
1544 5362 
1545 5362 
1546 5362 
1547 5362 
1548 5362 
1549 5362 
1550 5362 
1551 5362 
1552 5362 
1553 5362 
1554 5362 
1555 5362 
1556 5362 
1557 5362 
1558 5362 
1559 5362 
1560 5362 
1561 5362 
1562 5362 
1563 5362 
1564 5362 
1565 5362 
1566 5362 
1567 5362 
1568 5362 
1569 5362 
1570 5362 
1571 5362 
1572 5362 
1573 5362 
1574 5362 
1575 5362 
1576 5362 
1577 5362 
1578 5362 
1579 5362 
1580 5362 
1581 5362 
1582 5362 
1583 5362 
1584 5362 
1585 5362 
1586 5362 
1587 5362 
1588 5362 
1589 5362 
1590 5362 
1591 5362 
1592 5362 
1593 5362 
1594 5362 
1595 5362 
1596 5362 
1597 5362 
1598 5362 
1599 5362 
1600 5362 
1601 5362 
1602 5362 
1603 5362 
1604 5362 
1605 5362 
1606 5362 
1607 5362 
1608 5362 
1609 5362 
1610 5362 
1611 5362 
1612 5362 
1613 5362 
1614 5362 
1615 5362 
1616 5362 
1617 5362 
1618 5362 
1619 5362 
1620 5362 
1621 5362 
1622 5362 
1623 5362 
1624 5362 
1625 5362 
1626 5362 
1627 5362 
1628 5362 
1629 5362 
1630 5362 
1631 5362 
1632 5362 
1633 5362 
1634 5362 
1635 5362 
1636 5362 
1637 5362 
1638 5362 
1639 5362 
1640 5362 
1641 5362 
1642 5362 
1643 5362 
1644 5362 
1645 5362 
1646 5362 
1647 5362 
1648 5362 
1649 5362 
1650 5362 
1651 5362 
1652 5362 
1653 5362 
1654 5362 
1655 5362 
1656 5362 
1657 5362 
1658 5362 
1659 5362 
1660 5362 
1661 5362 
1662 5362 
1663 5362 
1664 5362 
1665 5362 
1666 5362 
1667 5362 
1668 5362 
1669 5362 
1670 5362 
1671 5362 
1672 5362 
1673 5362 
1674 5362 
1675 5362 
1676 5362 
1677 5362 
1678 5362 
1679 5362 
1680 5362 
1681 5362 
1682 5362 
1683 5362 
1684 5362 
1685 5362 
1686 5362 
1687 5362 
1688 5362 
1689 5362 
1690 5362 
1691 5362 
1692 5362 
1693 5362 
1694 5362 
1695 5362 
1696 5362 
1697 5362 
1698 5362 
1699 5362 
1700 5362 
1701 5362 
1702 5362 
1703 5362 
1704 5362 
1705 5362 
1706 5362 
1707 5362 
1708 5362 
1709 5362 
1710 5362 
1711 5362 
1712 5362 
1713 5362 
1714 5362 
1715 5362 
1716 5362 
1717 5362 
1718 5362 
1719 5362 
1720 5362 
1721 5362 
1722 5362 
1723 5362 
1724 5362 
1725 5362 
1726 5362 
1727 5362 
1728 5362 
1729 5362 
1730 5362 
1731 5362 
1732 5362 
1733 5362 
1734 5362 
1735 5362 
1736 5362 
1737 5362 
1738 5362 
1739 5362 
1740 5362 
1741 5362 
1742 5362 
1743 5362 
1744 5362 
1745 5362 
1746 5362 
1747 5362 
1748 5362 
1749 5362 
1750 5362 
1751 5362 
1752 5362 
1753 5362 
1754 5362 
1755 5362 
1756 5362 
1757 5362 
1758 5362 
1759 5362 
1760 5362 
1761 5362 
1762 5362 
1763 5362 
1764 5362 
1765 5362 
1766 5362 
1767 5362 
1768 5362 
1769 5362 
1770 5362 
1771 5362 
1772 5362 
1773 5362 
1774 5362 
1775 5362 
1776 5362 
1777 5362 
1778 5362 
1779 5362 
1780 5362 
1781 5362 
1782 5362 
1783 5362 
1784 5362 
1785 5362 
1786 5362 
1787 5362 
1788 5362 
1789 5362 
1790 5362 
1791 5362 
1792 5362 
1793 5362 
1794 5362 
1795 5362 
1796 5362 
1797 5362 
1798 5362 
1799 5362 
1800 5362 
1801 5362 
1802 5362 
1803 5362 
1804 5362 
1805 5362 
1806 5362 
1807 5362 
1808 5362 
1809 5362 
1810 5362 
1811 5362 
1812 5362 
1813 5362 
1814 5362 
1815 5362 
1816 5362 
1817 5362 
1818 5362 
1819 5362 
1820 5362 
1821 5362 
1822 5362 
1823 5362 
1824 5362 
1825 5362 
1826 5362 
1827 5362 
1828 5362 
1829 5362 
1830 5362 
1831 5362 
1832 5362 
1833 5362 
1834 5362 
1835 5362 
1836 5362 
1837 5362 
1838 5362 
1839 5362 
1840 5362 
1841 5362 
1842 5362 
1843 5362 
1844 5362 
1845 5362 
1846 5362 
1847 5362 
1848 5362 
1849 5362 
1850 5362 
1851 5362 
1852 5362 
1853 5362 
1854 5362 
1855 5362 
1856 5362 
1857 5362 
1858 5362 
1859 5362 
1860 5362 
1861 5362 
1862 5362 
1863 5362 
1864 5362 
1865 5362 
1866 5362 
1867 5362 
1868 5362 
1869 5362 
1870 5362 
1871 5362 
1872 5362 

