0 5868 
1 5866 
2 5846 
3 5844 
4 5842 
5 5838 
6 5830 
7 5826 
8 5822 
9 5818 
10 5810 
11 5808 
12 5798 
13 5794 
14 5786 
15 5782 
16 5770 
17 5766 
18 5752 
19 5750 
20 5746 
21 5720 
22 5700 
23 5696 
24 5694 
25 5688 
26 5684 
27 5666 
28 5662 
29 5638 
30 5618 
31 5614 
32 5610 
33 5608 
34 5600 
35 5596 
36 5576 
37 5568 
38 5560 
39 5556 
40 5540 
41 5532 
42 5524 
43 5522 
44 5518 
45 5514 
46 5502 
47 5500 
48 5500 
49 5496 
50 5484 
51 5482 
52 5470 
53 5446 
54 5444 
55 5434 
56 5434 
57 5432 
58 5422 
59 5422 
60 5414 
61 5408 
62 5404 
63 5400 
64 5396 
65 5392 
66 5390 
67 5380 
68 5372 
69 5370 
70 5360 
71 5360 
72 5360 
73 5360 
74 5360 
75 5360 
76 5360 
77 5360 
78 5360 
79 5360 
80 5360 
81 5360 
82 5360 
83 5360 
84 5360 
85 5360 
86 5360 
87 5360 
88 5360 
89 5360 
90 5360 
91 5360 
92 5360 
93 5360 
94 5360 
95 5360 
96 5360 
97 5360 
98 5360 
99 5360 
100 5360 
101 5360 
102 5360 
103 5360 
104 5360 
105 5360 
106 5360 
107 5360 
108 5360 
109 5360 
110 5360 
111 5360 
112 5360 
113 5360 
114 5360 
115 5360 
116 5360 
117 5360 
118 5360 
119 5360 
120 5360 
121 5360 
122 5360 
123 5360 
124 5360 
125 5360 
126 5360 
127 5360 
128 5360 
129 5360 
130 5360 
131 5360 
132 5360 
133 5360 
134 5360 
135 5360 
136 5360 
137 5360 
138 5360 
139 5360 
140 5360 
141 5360 
142 5360 
143 5360 
144 5360 
145 5360 
146 5360 
147 5360 
148 5360 
149 5360 
150 5360 
151 5360 
152 5360 
153 5360 
154 5360 
155 5360 
156 5360 
157 5360 
158 5360 
159 5360 
160 5360 
161 5360 
162 5360 
163 5360 
164 5360 
165 5360 
166 5360 
167 5360 
168 5360 
169 5360 
170 5360 
171 5360 
172 5360 
173 5360 
174 5360 
175 5360 
176 5360 
177 5360 
178 5360 
179 5360 
180 5360 
181 5360 
182 5360 
183 5360 
184 5360 
185 5360 
186 5360 
187 5360 
188 5360 
189 5360 
190 5360 
191 5360 
192 5360 
193 5360 
194 5360 
195 5360 
196 5360 
197 5360 
198 5360 
199 5360 
200 5360 
201 5360 
202 5360 
203 5360 
204 5360 
205 5360 
206 5360 
207 5360 
208 5360 
209 5360 
210 5360 
211 5360 
212 5360 
213 5360 
214 5360 
215 5360 
216 5360 
217 5360 
218 5360 
219 5360 
220 5360 
221 5360 
222 5360 
223 5360 
224 5360 
225 5360 
226 5360 
227 5360 
228 5360 
229 5360 
230 5360 
231 5360 
232 5360 
233 5360 
234 5360 
235 5360 
236 5360 
237 5360 
238 5360 
239 5360 
240 5360 
241 5360 
242 5360 
243 5360 
244 5360 
245 5360 
246 5360 
247 5360 
248 5360 
249 5360 
250 5360 
251 5360 
252 5360 
253 5360 
254 5360 
255 5360 
256 5360 
257 5360 
258 5360 
259 5360 
260 5360 
261 5360 
262 5360 
263 5360 
264 5360 
265 5360 
266 5360 
267 5360 
268 5360 
269 5360 
270 5360 
271 5360 
272 5360 
273 5360 
274 5360 
275 5360 
276 5360 
277 5360 
278 5360 
279 5360 
280 5360 
281 5360 
282 5360 
283 5360 
284 5360 
285 5360 
286 5360 
287 5360 
288 5360 
289 5360 
290 5360 
291 5360 
292 5360 
293 5360 
294 5360 
295 5360 
296 5360 
297 5360 
298 5360 
299 5360 
300 5360 
301 5360 
302 5360 
303 5360 
304 5360 
305 5360 
306 5360 
307 5360 
308 5360 
309 5360 
310 5360 
311 5360 
312 5360 
313 5360 
314 5360 
315 5360 
316 5360 
317 5360 
318 5360 
319 5360 
320 5360 
321 5360 
322 5360 
323 5360 
324 5360 
325 5360 
326 5360 
327 5360 
328 5360 
329 5360 
330 5360 
331 5360 
332 5360 
333 5360 
334 5360 
335 5360 
336 5360 
337 5360 
338 5360 
339 5360 
340 5360 
341 5360 
342 5360 
343 5360 
344 5360 
345 5360 
346 5360 
347 5360 
348 5360 
349 5360 
350 5360 
351 5360 
352 5360 
353 5360 
354 5360 
355 5360 
356 5360 
357 5360 
358 5360 
359 5360 
360 5360 
361 5360 
362 5360 
363 5360 
364 5360 
365 5360 
366 5360 
367 5360 
368 5360 
369 5360 
370 5360 
371 5360 
372 5360 
373 5360 
374 5360 
375 5360 
376 5360 
377 5360 
378 5360 
379 5360 
380 5360 
381 5360 
382 5360 
383 5360 
384 5360 
385 5360 
386 5360 
387 5360 
388 5360 
389 5360 
390 5360 
391 5360 
392 5360 
393 5360 
394 5360 
395 5360 
396 5360 
397 5360 
398 5360 
399 5360 
400 5360 
401 5360 
402 5360 
403 5360 
404 5360 
405 5360 
406 5360 
407 5360 
408 5360 
409 5360 
410 5360 
411 5360 
412 5360 
413 5360 
414 5360 
415 5360 
416 5360 
417 5360 
418 5360 
419 5360 
420 5360 
421 5360 
422 5360 
423 5360 
424 5360 
425 5360 
426 5360 
427 5360 
428 5360 
429 5360 
430 5360 
431 5360 
432 5360 
433 5360 
434 5360 
435 5360 
436 5360 
437 5360 
438 5360 
439 5360 
440 5360 
441 5360 
442 5360 
443 5360 
444 5360 
445 5360 
446 5360 
447 5360 
448 5360 
449 5360 
450 5360 
451 5360 
452 5360 
453 5360 
454 5360 
455 5360 
456 5360 
457 5360 
458 5360 
459 5360 
460 5360 
461 5360 
462 5360 
463 5360 
464 5360 
465 5360 
466 5360 
467 5360 
468 5360 
469 5360 
470 5360 
471 5360 
472 5360 
473 5360 
474 5360 
475 5360 
476 5360 
477 5360 
478 5360 
479 5360 
480 5360 
481 5360 
482 5360 
483 5360 
484 5360 
485 5360 
486 5360 
487 5360 
488 5360 
489 5360 
490 5360 
491 5360 
492 5360 
493 5360 
494 5360 
495 5360 
496 5360 
497 5360 
498 5360 
499 5360 
500 5360 
501 5360 
502 5360 
503 5360 
504 5360 
505 5360 
506 5360 
507 5360 
508 5360 
509 5360 
510 5360 
511 5360 
512 5360 
513 5360 
514 5360 
515 5360 
516 5360 
517 5360 
518 5360 
519 5360 
520 5360 
521 5360 
522 5360 
523 5360 
524 5360 
525 5360 
526 5360 
527 5360 
528 5360 
529 5360 
530 5360 
531 5360 
532 5360 
533 5360 
534 5360 
535 5360 
536 5360 
537 5360 
538 5360 
539 5360 
540 5360 
541 5360 
542 5360 
543 5360 
544 5360 
545 5360 
546 5360 
547 5360 
548 5360 
549 5360 
550 5360 
551 5360 
552 5360 
553 5360 
554 5360 
555 5360 
556 5360 
557 5360 
558 5360 
559 5360 
560 5360 
561 5360 
562 5360 
563 5360 
564 5360 
565 5360 
566 5360 
567 5360 
568 5360 
569 5360 
570 5360 
571 5360 
572 5360 
573 5360 
574 5360 
575 5360 
576 5360 
577 5360 
578 5360 
579 5360 
580 5360 
581 5360 
582 5360 
583 5360 
584 5360 
585 5360 
586 5360 
587 5360 
588 5360 
589 5360 
590 5360 
591 5360 
592 5360 
593 5360 
594 5360 
595 5360 
596 5360 
597 5360 
598 5360 
599 5360 
600 5360 
601 5360 
602 5360 
603 5360 
604 5360 
605 5360 
606 5360 
607 5360 
608 5360 
609 5360 
610 5360 
611 5360 
612 5360 
613 5360 
614 5360 
615 5360 
616 5360 
617 5360 
618 5360 
619 5360 
620 5360 
621 5360 
622 5360 
623 5360 
624 5360 
625 5360 
626 5360 
627 5360 
628 5360 
629 5360 
630 5360 
631 5360 
632 5360 
633 5360 
634 5360 
635 5360 
636 5360 
637 5360 
638 5360 
639 5360 
640 5360 
641 5360 
642 5360 
643 5360 
644 5360 
645 5360 
646 5360 
647 5360 
648 5360 
649 5360 
650 5360 
651 5360 
652 5360 
653 5360 
654 5360 
655 5360 
656 5360 
657 5360 
658 5360 
659 5360 
660 5360 
661 5360 
662 5360 
663 5360 
664 5360 
665 5360 
666 5360 
667 5360 
668 5360 
669 5360 
670 5360 
671 5360 
672 5360 
673 5360 
674 5360 
675 5360 
676 5360 
677 5360 
678 5360 
679 5360 
680 5360 
681 5360 
682 5360 
683 5360 
684 5360 
685 5360 
686 5360 
687 5360 
688 5360 
689 5360 
690 5360 
691 5360 
692 5360 
693 5360 
694 5360 
695 5360 
696 5360 
697 5360 
698 5360 
699 5360 
700 5360 
701 5360 
702 5360 
703 5360 
704 5360 
705 5360 
706 5360 
707 5360 
708 5360 
709 5360 
710 5360 
711 5360 
712 5360 
713 5360 
714 5360 
715 5360 
716 5360 
717 5360 
718 5360 
719 5360 
720 5360 
721 5360 
722 5360 
723 5360 
724 5360 
725 5360 
726 5360 
727 5360 
728 5360 
729 5360 
730 5360 
731 5360 
732 5360 
733 5360 
734 5360 
735 5360 
736 5360 
737 5360 
738 5360 
739 5360 
740 5360 
741 5360 
742 5360 
743 5360 
744 5360 
745 5360 
746 5360 
747 5360 
748 5360 
749 5360 
750 5360 
751 5360 
752 5360 
753 5360 
754 5360 
755 5360 
756 5360 
757 5360 
758 5360 
759 5360 
760 5360 
761 5360 
762 5360 
763 5360 
764 5360 
765 5360 
766 5360 
767 5360 
768 5360 
769 5360 
770 5360 
771 5360 
772 5360 
773 5360 
774 5360 
775 5360 
776 5360 
777 5360 
778 5360 
779 5360 
780 5360 
781 5360 
782 5360 
783 5360 
784 5360 
785 5360 
786 5360 
787 5360 
788 5360 
789 5360 
790 5360 
791 5360 
792 5360 
793 5360 
794 5360 
795 5360 
796 5360 
797 5360 
798 5360 
799 5360 
800 5360 
801 5360 
802 5360 
803 5360 
804 5360 
805 5360 
806 5360 
807 5360 
808 5360 
809 5360 
810 5360 
811 5360 
812 5360 
813 5360 
814 5360 
815 5360 
816 5360 
817 5360 
818 5360 
819 5360 
820 5360 
821 5360 
822 5360 
823 5360 
824 5360 
825 5360 
826 5360 
827 5360 
828 5360 
829 5360 
830 5360 
831 5360 
832 5360 
833 5360 
834 5360 
835 5360 
836 5360 
837 5360 
838 5360 
839 5360 
840 5360 
841 5360 
842 5360 
843 5360 
844 5360 
845 5360 
846 5360 
847 5360 
848 5360 
849 5360 
850 5360 
851 5360 
852 5360 
853 5360 
854 5360 
855 5360 
856 5360 
857 5360 
858 5360 
859 5360 
860 5360 
861 5360 
862 5360 
863 5360 
864 5360 
865 5360 
866 5360 
867 5360 
868 5360 
869 5360 
870 5360 
871 5360 
872 5360 
873 5360 
874 5360 
875 5360 
876 5360 
877 5360 
878 5360 
879 5360 
880 5360 
881 5360 
882 5360 
883 5360 
884 5360 
885 5360 
886 5360 
887 5360 
888 5360 
889 5360 
890 5360 
891 5360 
892 5360 
893 5360 
894 5360 
895 5360 
896 5360 
897 5360 
898 5360 
899 5360 
900 5360 
901 5360 
902 5360 
903 5360 
904 5360 
905 5360 
906 5360 
907 5360 
908 5360 
909 5360 
910 5360 
911 5360 
912 5360 
913 5360 
914 5360 
915 5360 
916 5360 
917 5360 
918 5360 
919 5360 
920 5360 
921 5360 
922 5360 
923 5360 
924 5360 
925 5360 
926 5360 
927 5360 
928 5360 
929 5360 
930 5360 
931 5360 
932 5360 
933 5360 
934 5360 
935 5360 
936 5360 
937 5360 
938 5360 
939 5360 
940 5360 
941 5360 
942 5360 
943 5360 
944 5360 
945 5360 
946 5360 
947 5360 
948 5360 
949 5360 
950 5360 
951 5360 
952 5360 
953 5360 
954 5360 
955 5360 
956 5360 
957 5360 
958 5360 
959 5360 
960 5360 
961 5360 
962 5360 
963 5360 
964 5360 
965 5360 
966 5360 
967 5360 
968 5360 
969 5360 
970 5360 
971 5360 
972 5360 
973 5360 
974 5360 
975 5360 
976 5360 
977 5360 
978 5360 
979 5360 
980 5360 
981 5360 
982 5360 
983 5360 
984 5360 
985 5360 
986 5360 
987 5360 
988 5360 
989 5360 
990 5360 
991 5360 
992 5360 
993 5360 
994 5360 
995 5360 
996 5360 
997 5360 
998 5360 
999 5360 
1000 5360 
1001 5360 
1002 5360 
1003 5360 
1004 5360 
1005 5360 
1006 5360 
1007 5360 
1008 5360 
1009 5360 
1010 5360 
1011 5360 
1012 5360 
1013 5360 
1014 5360 
1015 5360 
1016 5360 
1017 5360 
1018 5360 
1019 5360 
1020 5360 
1021 5360 
1022 5360 
1023 5360 
1024 5360 
1025 5360 
1026 5360 
1027 5360 
1028 5360 
1029 5360 
1030 5360 
1031 5360 
1032 5360 
1033 5360 
1034 5360 
1035 5360 
1036 5360 
1037 5360 
1038 5360 
1039 5360 
1040 5360 
1041 5360 
1042 5360 
1043 5360 
1044 5360 
1045 5360 
1046 5360 
1047 5360 
1048 5360 
1049 5360 
1050 5360 
1051 5360 
1052 5360 
1053 5360 
1054 5360 
1055 5360 
1056 5360 
1057 5360 
1058 5360 
1059 5360 
1060 5360 
1061 5360 
1062 5360 
1063 5360 
1064 5360 
1065 5360 
1066 5360 
1067 5360 
1068 5360 
1069 5360 
1070 5360 
1071 5360 
1072 5360 
1073 5360 
1074 5360 
1075 5360 
1076 5360 
1077 5360 
1078 5360 
1079 5360 
1080 5360 
1081 5360 
1082 5360 
1083 5360 
1084 5360 
1085 5360 
1086 5360 
1087 5360 
1088 5360 
1089 5360 
1090 5360 
1091 5360 
1092 5360 
1093 5360 
1094 5360 
1095 5360 
1096 5360 
1097 5360 
1098 5360 
1099 5360 
1100 5360 
1101 5360 
1102 5360 
1103 5360 
1104 5360 
1105 5360 
1106 5360 
1107 5360 
1108 5360 
1109 5360 
1110 5360 
1111 5360 
1112 5360 
1113 5360 
1114 5360 
1115 5360 
1116 5360 
1117 5360 
1118 5360 
1119 5360 
1120 5360 
1121 5360 
1122 5360 
1123 5360 
1124 5360 
1125 5360 
1126 5360 
1127 5360 
1128 5360 
1129 5360 
1130 5360 
1131 5360 
1132 5360 
1133 5360 
1134 5360 
1135 5360 
1136 5360 
1137 5360 
1138 5360 
1139 5360 
1140 5360 
1141 5360 
1142 5360 
1143 5360 
1144 5360 
1145 5360 
1146 5360 
1147 5360 
1148 5360 
1149 5360 
1150 5360 
1151 5360 
1152 5360 
1153 5360 
1154 5360 
1155 5360 
1156 5360 
1157 5360 
1158 5360 
1159 5360 
1160 5360 
1161 5360 
1162 5360 
1163 5360 
1164 5360 
1165 5360 
1166 5360 
1167 5360 
1168 5360 
1169 5360 
1170 5360 
1171 5360 
1172 5360 
1173 5360 
1174 5360 
1175 5360 
1176 5360 
1177 5360 
1178 5360 
1179 5360 
1180 5360 
1181 5360 
1182 5360 
1183 5360 
1184 5360 
1185 5360 
1186 5360 
1187 5360 
1188 5360 
1189 5360 
1190 5360 
1191 5360 
1192 5360 
1193 5360 
1194 5360 
1195 5360 
1196 5360 
1197 5360 
1198 5360 
1199 5360 
1200 5360 
1201 5360 
1202 5360 
1203 5360 
1204 5360 
1205 5360 
1206 5360 
1207 5360 
1208 5360 
1209 5360 
1210 5360 
1211 5360 
1212 5360 
1213 5360 
1214 5360 
1215 5360 
1216 5360 
1217 5360 
1218 5360 
1219 5360 
1220 5360 
1221 5360 
1222 5360 
1223 5360 
1224 5360 
1225 5360 
1226 5360 
1227 5360 
1228 5360 
1229 5360 
1230 5360 
1231 5360 
1232 5360 
1233 5360 
1234 5360 
1235 5360 
1236 5360 
1237 5360 
1238 5360 
1239 5360 
1240 5360 
1241 5360 
1242 5360 
1243 5360 
1244 5360 
1245 5360 
1246 5360 
1247 5360 
1248 5360 
1249 5360 
1250 5360 
1251 5360 
1252 5360 
1253 5360 
1254 5360 
1255 5360 
1256 5360 
1257 5360 
1258 5360 
1259 5360 
1260 5360 
1261 5360 
1262 5360 
1263 5360 
1264 5360 
1265 5360 
1266 5360 
1267 5360 
1268 5360 
1269 5360 
1270 5360 
1271 5360 
1272 5360 
1273 5360 
1274 5360 
1275 5360 
1276 5360 
1277 5360 
1278 5360 
1279 5360 
1280 5360 
1281 5360 
1282 5360 
1283 5360 
1284 5360 
1285 5360 
1286 5360 
1287 5360 
1288 5360 
1289 5360 
1290 5360 
1291 5360 
1292 5360 
1293 5360 
1294 5360 
1295 5360 
1296 5360 
1297 5360 
1298 5360 
1299 5360 
1300 5360 
1301 5360 
1302 5360 
1303 5360 
1304 5360 
1305 5360 
1306 5360 
1307 5360 
1308 5360 
1309 5360 
1310 5360 
1311 5360 
1312 5360 
1313 5360 
1314 5360 
1315 5360 
1316 5360 
1317 5360 
1318 5360 
1319 5360 
1320 5360 
1321 5360 
1322 5360 
1323 5360 
1324 5360 
1325 5360 
1326 5360 
1327 5360 
1328 5360 
1329 5360 
1330 5360 
1331 5360 
1332 5360 
1333 5360 
1334 5360 
1335 5360 
1336 5360 
1337 5360 
1338 5360 
1339 5360 
1340 5360 
1341 5360 
1342 5360 
1343 5360 
1344 5360 
1345 5360 
1346 5360 
1347 5360 
1348 5360 
1349 5360 
1350 5360 
1351 5360 
1352 5360 
1353 5360 
1354 5360 
1355 5360 
1356 5360 
1357 5360 
1358 5360 
1359 5360 
1360 5360 
1361 5360 
1362 5360 
1363 5360 
1364 5360 
1365 5360 
1366 5360 
1367 5360 
1368 5360 
1369 5360 
1370 5360 
1371 5360 
1372 5360 
1373 5360 
1374 5360 
1375 5360 
1376 5360 
1377 5360 
1378 5360 
1379 5360 
1380 5360 
1381 5360 
1382 5360 
1383 5360 
1384 5360 
1385 5360 
1386 5360 
1387 5360 
1388 5360 
1389 5360 
1390 5360 
1391 5360 
1392 5360 
1393 5360 
1394 5360 
1395 5360 
1396 5360 
1397 5360 
1398 5360 
1399 5360 
1400 5360 
1401 5360 
1402 5360 
1403 5360 
1404 5360 
1405 5360 
1406 5360 
1407 5360 
1408 5360 
1409 5360 
1410 5360 
1411 5360 
1412 5360 
1413 5360 
1414 5360 
1415 5360 
1416 5360 
1417 5360 
1418 5360 
1419 5360 
1420 5360 
1421 5360 
1422 5360 
1423 5360 
1424 5360 
1425 5360 
1426 5360 
1427 5360 
1428 5360 
1429 5360 
1430 5360 
1431 5360 
1432 5360 
1433 5360 
1434 5360 
1435 5360 
1436 5360 
1437 5360 
1438 5360 
1439 5360 
1440 5360 
1441 5360 
1442 5360 
1443 5360 
1444 5360 
1445 5360 
1446 5360 
1447 5360 
1448 5360 
1449 5360 
1450 5360 
1451 5360 
1452 5360 
1453 5360 
1454 5360 
1455 5360 
1456 5360 
1457 5360 
1458 5360 
1459 5360 
1460 5360 
1461 5360 
1462 5360 
1463 5360 
1464 5360 
1465 5360 
1466 5360 
1467 5360 
1468 5360 
1469 5360 
1470 5360 
1471 5360 
1472 5360 
1473 5360 
1474 5360 
1475 5360 
1476 5360 
1477 5360 
1478 5360 
1479 5360 
1480 5360 
1481 5360 
1482 5360 
1483 5360 
1484 5360 
1485 5360 
1486 5360 
1487 5360 
1488 5360 
1489 5360 
1490 5360 
1491 5360 
1492 5360 
1493 5360 
1494 5360 
1495 5360 
1496 5360 
1497 5360 
1498 5360 
1499 5360 
1500 5360 
1501 5360 
1502 5360 
1503 5360 
1504 5360 
1505 5360 
1506 5360 
1507 5360 
1508 5360 
1509 5360 
1510 5360 
1511 5360 
1512 5360 
1513 5360 
1514 5360 
1515 5360 
1516 5360 
1517 5360 
1518 5360 
1519 5360 
1520 5360 
1521 5360 
1522 5360 
1523 5360 
1524 5360 
1525 5360 
1526 5360 
1527 5360 
1528 5360 
1529 5360 
1530 5360 
1531 5360 
1532 5360 
1533 5360 
1534 5360 
1535 5360 
1536 5360 
1537 5360 
1538 5360 
1539 5360 
1540 5360 
1541 5360 
1542 5360 
1543 5360 
1544 5360 
1545 5360 
1546 5360 
1547 5360 
1548 5360 
1549 5360 
1550 5360 
1551 5360 
1552 5360 
1553 5360 
1554 5360 
1555 5360 
1556 5360 
1557 5360 
1558 5360 
1559 5360 
1560 5360 
1561 5360 
1562 5360 
1563 5360 
1564 5360 
1565 5360 
1566 5360 
1567 5360 
1568 5360 
1569 5360 
1570 5360 
1571 5360 
1572 5360 
1573 5360 
1574 5360 
1575 5360 
1576 5360 
1577 5360 
1578 5360 
1579 5360 
1580 5360 
1581 5360 
1582 5360 
1583 5360 
1584 5360 
1585 5360 
1586 5360 
1587 5360 
1588 5360 
1589 5360 
1590 5360 
1591 5360 
1592 5360 
1593 5360 
1594 5360 
1595 5360 
1596 5360 
1597 5360 
1598 5360 
1599 5360 
1600 5360 
1601 5360 
1602 5360 
1603 5360 
1604 5360 
1605 5360 
1606 5360 
1607 5360 
1608 5360 
1609 5360 
1610 5360 
1611 5360 
1612 5360 
1613 5360 
1614 5360 
1615 5360 
1616 5360 
1617 5360 
1618 5360 
1619 5360 
1620 5360 
1621 5360 
1622 5360 
1623 5360 
1624 5360 
1625 5360 
1626 5360 
1627 5360 
1628 5360 
1629 5360 
1630 5360 
1631 5360 
1632 5360 
1633 5360 
1634 5360 
1635 5360 
1636 5360 
1637 5360 
1638 5360 
1639 5360 
1640 5360 
1641 5360 
1642 5360 
1643 5360 
1644 5360 
1645 5360 
1646 5360 
1647 5360 
1648 5360 
1649 5360 
1650 5360 
1651 5360 
1652 5360 
1653 5360 
1654 5360 
1655 5360 
1656 5360 
1657 5360 
1658 5360 
1659 5360 
1660 5360 
1661 5360 
1662 5360 
1663 5360 
1664 5360 
1665 5360 
1666 5360 
1667 5360 
1668 5360 
1669 5360 
1670 5360 
1671 5360 
1672 5360 
1673 5360 
1674 5360 
1675 5360 
1676 5360 
1677 5360 
1678 5360 
1679 5360 
1680 5360 
1681 5360 
1682 5360 
1683 5360 
1684 5360 
1685 5360 
1686 5360 
1687 5360 
1688 5360 
1689 5360 
1690 5360 
1691 5360 
1692 5360 
1693 5360 
1694 5360 
1695 5360 
1696 5360 
1697 5360 
1698 5360 
1699 5360 
1700 5360 
1701 5360 
1702 5360 
1703 5360 
1704 5360 
1705 5360 
1706 5360 
1707 5360 
1708 5360 
1709 5360 
1710 5360 
1711 5360 
1712 5360 
1713 5360 
1714 5360 
1715 5360 
1716 5360 
1717 5360 
1718 5360 
1719 5360 
1720 5360 
1721 5360 
1722 5360 
1723 5360 
1724 5360 
1725 5360 
1726 5360 
1727 5360 
1728 5360 
1729 5360 
1730 5360 
1731 5360 
1732 5360 
1733 5360 
1734 5360 
1735 5360 
1736 5360 
1737 5360 
1738 5360 
1739 5360 
1740 5360 
1741 5360 
1742 5360 
1743 5360 
1744 5360 
1745 5360 
1746 5360 
1747 5360 
1748 5360 
1749 5360 
1750 5360 
1751 5360 
1752 5360 
1753 5360 
1754 5360 
1755 5360 
1756 5360 
1757 5360 
1758 5360 
1759 5360 
1760 5360 
1761 5360 
1762 5360 
1763 5360 
1764 5360 
1765 5360 
1766 5360 
1767 5360 
1768 5360 
1769 5360 
1770 5360 
1771 5360 
1772 5360 
1773 5360 
1774 5360 
1775 5360 
1776 5360 
1777 5360 
1778 5360 
1779 5360 
1780 5360 
1781 5360 
1782 5360 
1783 5360 
1784 5360 
1785 5360 
1786 5360 
1787 5360 
1788 5360 
1789 5360 
1790 5360 
1791 5360 
1792 5360 
1793 5360 
1794 5360 
1795 5360 
1796 5360 
1797 5360 
1798 5360 
1799 5360 
1800 5360 
1801 5360 
1802 5360 
1803 5360 
1804 5360 
1805 5360 
1806 5360 
1807 5360 
1808 5360 
1809 5360 
1810 5360 
1811 5360 
1812 5360 
1813 5360 
1814 5360 
1815 5360 
1816 5360 
1817 5360 
1818 5360 
1819 5360 
1820 5360 
1821 5360 
1822 5360 
1823 5360 
1824 5360 
1825 5360 
1826 5360 
1827 5360 
1828 5360 
1829 5360 
1830 5360 
1831 5360 
1832 5360 
1833 5360 
1834 5360 
1835 5360 
1836 5360 
1837 5360 
1838 5360 
1839 5360 
1840 5360 
1841 5360 
1842 5360 
1843 5360 
1844 5360 
1845 5360 
1846 5360 
1847 5360 
1848 5360 
1849 5360 
1850 5360 
1851 5360 
1852 5360 
1853 5360 
1854 5360 
1855 5360 
1856 5360 
1857 5360 
1858 5360 
1859 5360 
1860 5360 
1861 5360 
1862 5360 
1863 5360 
1864 5360 
1865 5360 
1866 5360 
1867 5360 
1868 5360 
1869 5360 
1870 5360 

