0 4232 
1 4230 
2 4218 
3 4216 
4 4208 
5 4204 
6 4202 
7 4198 
8 4188 
9 4182 
10 4174 
11 4166 
12 4166 
13 4142 
14 4138 
15 4136 
16 4128 
17 4124 
18 4116 
19 4092 
20 4088 
21 4088 
22 4082 
23 4076 
24 4072 
25 4070 
26 4070 
27 4062 
28 4058 
29 4054 
30 4050 
31 4048 
32 4044 
33 4044 
34 4024 
35 4014 
36 4012 
37 4008 
38 4000 
39 3998 
40 3996 
41 3980 
42 3972 
43 3966 
44 3964 
45 3954 
46 3934 
47 3932 
48 3916 
49 3908 
50 3900 
51 3898 
52 3890 
53 3874 
54 3870 
55 3870 
56 3870 
57 3854 
58 3850 
59 3836 
60 3834 
61 3828 
62 3828 
63 3822 
64 3820 
65 3812 
66 3792 
67 3772 
68 3764 
69 3758 
70 3758 
71 3754 
72 3746 
73 3738 
74 3736 
75 3736 

