0 3070 
1 3066 
2 3062 
3 3062 
4 3060 
5 3058 
6 3054 
7 3052 
8 3048 
9 3036 
10 3034 
11 3028 
12 3004 
13 3000 
14 2992 
15 2966 
16 2954 
17 2952 
18 2948 
19 2944 
20 2934 
21 2932 
22 2930 
23 2930 
24 2918 
25 2916 
26 2912 
27 2898 
28 2888 
29 2884 
30 2876 
31 2864 
32 2852 
33 2848 
34 2838 
35 2830 
36 2824 
37 2808 
38 2800 
39 2788 
40 2784 
41 2780 
42 2776 
43 2768 
44 2764 
45 2764 
46 2764 
47 2764 
48 2764 
49 2764 
50 2764 
51 2764 
52 2764 
53 2764 
54 2764 
55 2764 
56 2764 
57 2764 
58 2764 
59 2764 
60 2764 
61 2764 
62 2764 
63 2764 
64 2764 
65 2764 
66 2764 
67 2764 
68 2764 
69 2764 
70 2764 
71 2764 
72 2764 
73 2764 
74 2764 
75 2764 
76 2764 
77 2764 
78 2764 
79 2764 
80 2764 
81 2764 
82 2764 
83 2764 
84 2764 
85 2764 
86 2764 
87 2764 
88 2764 
89 2764 
90 2764 
91 2764 
92 2764 
93 2764 
94 2764 
95 2764 
96 2764 
97 2764 
98 2764 
99 2764 
100 2764 
101 2764 
102 2764 
103 2764 
104 2764 
105 2764 
106 2764 
107 2764 
108 2764 
109 2764 
110 2764 
111 2764 
112 2764 
113 2764 
114 2764 
115 2764 
116 2764 
117 2764 
118 2764 
119 2764 
120 2764 
121 2764 
122 2764 
123 2764 
124 2764 
125 2764 
126 2764 
127 2764 
128 2764 
129 2764 
130 2764 
131 2764 
132 2764 
133 2764 
134 2764 
135 2764 
136 2764 
137 2764 
138 2764 
139 2764 
140 2764 
141 2764 
142 2764 
143 2764 
144 2764 
145 2764 
146 2764 
147 2764 
148 2764 
149 2764 
150 2764 
151 2764 
152 2764 
153 2764 
154 2764 
155 2764 
156 2764 
157 2764 
158 2764 
159 2764 
160 2764 
161 2764 
162 2764 
163 2764 
164 2764 
165 2764 
166 2764 
167 2764 
168 2764 
169 2764 
170 2764 
171 2764 
172 2764 
173 2764 
174 2764 
175 2764 
176 2764 
177 2764 
178 2764 
179 2764 
180 2764 
181 2764 
182 2764 
183 2764 
184 2764 
185 2764 
186 2764 
187 2764 
188 2764 
189 2764 
190 2764 
191 2764 
192 2764 
193 2764 
194 2764 
195 2764 
196 2764 
197 2764 
198 2764 
199 2764 
200 2764 
201 2764 
202 2764 
203 2764 
204 2764 
205 2764 
206 2764 
207 2764 
208 2764 
209 2764 
210 2764 
211 2764 
212 2764 
213 2764 
214 2764 
215 2764 
216 2764 
217 2764 
218 2764 
219 2764 
220 2764 
221 2764 
222 2764 
223 2764 
224 2764 
225 2764 
226 2764 
227 2764 
228 2764 
229 2764 
230 2764 
231 2764 
232 2764 
233 2764 
234 2764 
235 2764 
236 2764 
237 2764 
238 2764 
239 2764 
240 2764 
241 2764 
242 2764 
243 2764 
244 2764 
245 2764 
246 2764 
247 2764 
248 2764 
249 2764 
250 2764 
251 2764 
252 2764 
253 2764 
254 2764 
255 2764 
256 2764 
257 2764 
258 2764 
259 2764 
260 2764 
261 2764 
262 2764 
263 2764 
264 2764 
265 2764 
266 2764 
267 2764 
268 2764 
269 2764 
270 2764 
271 2764 
272 2764 
273 2764 
274 2764 
275 2764 
276 2764 
277 2764 
278 2764 
279 2764 
280 2764 
281 2764 
282 2764 
283 2764 
284 2764 
285 2764 
286 2764 
287 2764 
288 2764 
289 2764 
290 2764 
291 2764 
292 2764 
293 2764 
294 2764 
295 2764 
296 2764 
297 2764 
298 2764 
299 2764 
300 2764 
301 2764 
302 2764 
303 2764 
304 2764 
305 2764 
306 2764 
307 2764 
308 2764 
309 2764 
310 2764 
311 2764 
312 2764 
313 2764 
314 2764 
315 2764 
316 2764 
317 2764 
318 2764 
319 2764 
320 2764 
321 2764 
322 2764 
323 2764 
324 2764 
325 2764 
326 2764 
327 2764 
328 2764 
329 2764 
330 2764 
331 2764 
332 2764 
333 2764 
334 2764 
335 2764 
336 2764 
337 2764 
338 2764 
339 2764 
340 2764 
341 2764 
342 2764 
343 2764 
344 2764 
345 2764 
346 2764 
347 2764 
348 2764 
349 2764 
350 2764 
351 2764 
352 2764 
353 2764 
354 2764 
355 2764 
356 2764 
357 2764 
358 2764 
359 2764 
360 2764 
361 2764 
362 2764 
363 2764 
364 2764 
365 2764 
366 2764 
367 2764 
368 2764 
369 2764 
370 2764 
371 2764 
372 2764 
373 2764 
374 2764 
375 2764 
376 2764 
377 2764 
378 2764 
379 2764 
380 2764 
381 2764 
382 2764 
383 2764 
384 2764 
385 2764 
386 2764 
387 2764 
388 2764 
389 2764 
390 2764 
391 2764 
392 2764 
393 2764 
394 2764 
395 2764 
396 2764 
397 2764 
398 2764 
399 2764 
400 2764 
401 2764 
402 2764 
403 2764 
404 2764 
405 2764 
406 2764 
407 2764 
408 2764 
409 2764 
410 2764 
411 2764 
412 2764 
413 2764 
414 2764 
415 2764 
416 2764 
417 2764 
418 2764 
419 2764 
420 2764 
421 2764 
422 2764 
423 2764 
424 2764 
425 2764 
426 2764 
427 2764 
428 2764 
429 2764 
430 2764 
431 2764 
432 2764 
433 2764 
434 2764 
435 2764 
436 2764 
437 2764 
438 2764 
439 2764 
440 2764 
441 2764 
442 2764 
443 2764 
444 2764 
445 2764 
446 2764 
447 2764 
448 2764 
449 2764 
450 2764 
451 2764 
452 2764 
453 2764 
454 2764 
455 2764 
456 2764 
457 2764 
458 2764 
459 2764 
460 2764 
461 2764 
462 2764 
463 2764 
464 2764 
465 2764 
466 2764 
467 2764 
468 2764 
469 2764 
470 2764 
471 2764 
472 2764 
473 2764 
474 2764 
475 2764 
476 2764 
477 2764 
478 2764 
479 2764 
480 2764 
481 2764 
482 2764 
483 2764 
484 2764 
485 2764 
486 2764 
487 2764 
488 2764 
489 2764 
490 2764 
491 2764 
492 2764 
493 2764 
494 2764 
495 2764 
496 2764 
497 2764 
498 2764 
499 2764 
500 2764 
501 2764 
502 2764 
503 2764 
504 2764 
505 2764 
506 2764 
507 2764 
508 2764 
509 2764 
510 2764 
511 2764 
512 2764 
513 2764 
514 2764 
515 2764 
516 2764 
517 2764 
518 2764 
519 2764 
520 2764 
521 2764 
522 2764 
523 2764 
524 2764 
525 2764 
526 2764 
527 2764 
528 2764 
529 2764 
530 2764 
531 2764 
532 2764 
533 2764 
534 2764 
535 2764 
536 2764 
537 2764 
538 2764 
539 2764 
540 2764 
541 2764 
542 2764 
543 2764 
544 2764 
545 2764 
546 2764 
547 2764 
548 2764 
549 2764 
550 2764 
551 2764 
552 2764 
553 2764 
554 2764 
555 2764 
556 2764 
557 2764 
558 2764 
559 2764 
560 2764 
561 2764 
562 2764 
563 2764 
564 2764 
565 2764 
566 2764 
567 2764 
568 2764 
569 2764 
570 2764 
571 2764 
572 2764 
573 2764 
574 2764 
575 2764 
576 2764 
577 2764 
578 2764 
579 2764 
580 2764 
581 2764 
582 2764 
583 2764 
584 2764 
585 2764 
586 2764 
587 2764 
588 2764 
589 2764 
590 2764 
591 2764 
592 2764 
593 2764 
594 2764 
595 2764 
596 2764 
597 2764 
598 2764 
599 2764 
600 2764 
601 2764 
602 2764 
603 2764 
604 2764 
605 2764 
606 2764 
607 2764 
608 2764 
609 2764 
610 2764 
611 2764 
612 2764 
613 2764 
614 2764 
615 2764 
616 2764 
617 2764 
618 2764 
619 2764 
620 2764 
621 2764 
622 2764 
623 2764 
624 2764 
625 2764 
626 2764 
627 2764 
628 2764 
629 2764 
630 2764 
631 2764 
632 2764 
633 2764 
634 2764 
635 2764 
636 2764 
637 2764 
638 2764 
639 2764 
640 2764 
641 2764 
642 2764 
643 2764 
644 2764 
645 2764 
646 2764 
647 2764 
648 2764 
649 2764 
650 2764 
651 2764 
652 2764 
653 2764 
654 2764 
655 2764 
656 2764 
657 2764 
658 2764 
659 2764 
660 2764 
661 2764 
662 2764 
663 2764 
664 2764 
665 2764 
666 2764 
667 2764 
668 2764 
669 2764 
670 2764 
671 2764 
672 2764 
673 2764 
674 2764 
675 2764 
676 2764 
677 2764 
678 2764 
679 2764 
680 2764 
681 2764 
682 2764 
683 2764 
684 2764 
685 2764 
686 2764 
687 2764 
688 2764 
689 2764 
690 2764 
691 2764 
692 2764 
693 2764 
694 2764 
695 2764 
696 2764 
697 2764 
698 2764 
699 2764 
700 2764 
701 2764 
702 2764 
703 2764 
704 2764 
705 2764 
706 2764 
707 2764 
708 2764 
709 2764 
710 2764 
711 2764 
712 2764 
713 2764 
714 2764 
715 2764 
716 2764 
717 2764 
718 2764 
719 2764 
720 2764 
721 2764 
722 2764 
723 2764 
724 2764 
725 2764 
726 2764 
727 2764 
728 2764 
729 2764 
730 2764 
731 2764 
732 2764 
733 2764 
734 2764 
735 2764 
736 2764 
737 2764 
738 2764 
739 2764 
740 2764 
741 2764 
742 2764 
743 2764 
744 2764 
745 2764 
746 2764 
747 2764 
748 2764 
749 2764 
750 2764 
751 2764 
752 2764 
753 2764 
754 2764 
755 2764 
756 2764 
757 2764 
758 2764 
759 2764 
760 2764 
761 2764 
762 2764 
763 2764 
764 2764 
765 2764 
766 2764 
767 2764 
768 2764 
769 2764 
770 2764 
771 2764 
772 2764 
773 2764 
774 2764 
775 2764 
776 2764 
777 2764 
778 2764 
779 2764 
780 2764 
781 2764 
782 2764 
783 2764 
784 2764 
785 2764 
786 2764 
787 2764 
788 2764 
789 2764 
790 2764 
791 2764 
792 2764 
793 2764 
794 2764 
795 2764 
796 2764 
797 2764 
798 2764 
799 2764 
800 2764 
801 2764 
802 2764 
803 2764 
804 2764 
805 2764 
806 2764 
807 2764 
808 2764 
809 2764 
810 2764 
811 2764 
812 2764 
813 2764 
814 2764 
815 2764 
816 2764 
817 2764 
818 2764 
819 2764 
820 2764 
821 2764 
822 2764 
823 2764 
824 2764 
825 2764 
826 2764 
827 2764 
828 2764 
829 2764 
830 2764 
831 2764 
832 2764 
833 2764 
834 2764 
835 2764 
836 2764 
837 2764 
838 2764 
839 2764 
840 2764 
841 2764 
842 2764 
843 2764 
844 2764 
845 2764 
846 2764 
847 2764 
848 2764 
849 2764 
850 2764 
851 2764 
852 2764 
853 2764 
854 2764 
855 2764 
856 2764 
857 2764 
858 2764 
859 2764 
860 2764 
861 2764 
862 2764 
863 2764 
864 2764 
865 2764 
866 2764 
867 2764 
868 2764 
869 2764 
870 2764 
871 2764 
872 2764 
873 2764 
874 2764 
875 2764 
876 2764 
877 2764 
878 2764 
879 2764 
880 2764 
881 2764 
882 2764 
883 2764 
884 2764 
885 2764 
886 2764 
887 2764 
888 2764 
889 2764 
890 2764 
891 2764 
892 2764 
893 2764 
894 2764 
895 2764 
896 2764 
897 2764 
898 2764 
899 2764 
900 2764 
901 2764 
902 2764 
903 2764 
904 2764 
905 2764 
906 2764 
907 2764 
908 2764 
909 2764 
910 2764 
911 2764 
912 2764 
913 2764 
914 2764 
915 2764 
916 2764 
917 2764 
918 2764 
919 2764 
920 2764 
921 2764 
922 2764 
923 2764 
924 2764 
925 2764 
926 2764 
927 2764 
928 2764 
929 2764 
930 2764 
931 2764 
932 2764 
933 2764 
934 2764 
935 2764 
936 2764 
937 2764 
938 2764 
939 2764 
940 2764 
941 2764 
942 2764 
943 2764 
944 2764 
945 2764 
946 2764 
947 2764 
948 2764 
949 2764 
950 2764 
951 2764 
952 2764 
953 2764 
954 2764 
955 2764 
956 2764 
957 2764 
958 2764 
959 2764 
960 2764 
961 2764 
962 2764 
963 2764 
964 2764 
965 2764 
966 2764 
967 2764 
968 2764 
969 2764 
970 2764 
971 2764 
972 2764 
973 2764 
974 2764 
975 2764 
976 2764 
977 2764 
978 2764 
979 2764 
980 2764 
981 2764 
982 2764 
983 2764 
984 2764 
985 2764 
986 2764 
987 2764 
988 2764 
989 2764 
990 2764 
991 2764 
992 2764 
993 2764 
994 2764 
995 2764 
996 2764 
997 2764 
998 2764 
999 2764 
1000 2764 
1001 2764 
1002 2764 
1003 2764 
1004 2764 
1005 2764 
1006 2764 
1007 2764 
1008 2764 
1009 2764 
1010 2764 
1011 2764 
1012 2764 
1013 2764 
1014 2764 
1015 2764 
1016 2764 
1017 2764 
1018 2764 
1019 2764 
1020 2764 
1021 2764 
1022 2764 
1023 2764 
1024 2764 
1025 2764 
1026 2764 
1027 2764 
1028 2764 
1029 2764 
1030 2764 
1031 2764 
1032 2764 
1033 2764 
1034 2764 
1035 2764 
1036 2764 
1037 2764 
1038 2764 
1039 2764 
1040 2764 
1041 2764 
1042 2764 
1043 2764 
1044 2764 
1045 2764 
1046 2764 
1047 2764 
1048 2764 
1049 2764 
1050 2764 
1051 2764 
1052 2764 
1053 2764 
1054 2764 
1055 2764 
1056 2764 
1057 2764 
1058 2764 
1059 2764 
1060 2764 
1061 2764 
1062 2764 
1063 2764 
1064 2764 
1065 2764 
1066 2764 
1067 2764 
1068 2764 
1069 2764 
1070 2764 
1071 2764 
1072 2764 
1073 2764 
1074 2764 
1075 2764 
1076 2764 
1077 2764 
1078 2764 
1079 2764 
1080 2764 
1081 2764 
1082 2764 
1083 2764 
1084 2764 
1085 2764 
1086 2764 
1087 2764 
1088 2764 
1089 2764 
1090 2764 
1091 2764 
1092 2764 
1093 2764 
1094 2764 
1095 2764 
1096 2764 
1097 2764 
1098 2764 
1099 2764 
1100 2764 
1101 2764 
1102 2764 
1103 2764 
1104 2764 
1105 2764 
1106 2764 
1107 2764 
1108 2764 
1109 2764 
1110 2764 
1111 2764 
1112 2764 
1113 2764 
1114 2764 
1115 2764 
1116 2764 
1117 2764 
1118 2764 
1119 2764 
1120 2764 
1121 2764 
1122 2764 
1123 2764 
1124 2764 
1125 2764 
1126 2764 
1127 2764 
1128 2764 
1129 2764 
1130 2764 
1131 2764 
1132 2764 
1133 2764 
1134 2764 
1135 2764 
1136 2764 
1137 2764 
1138 2764 
1139 2764 
1140 2764 
1141 2764 
1142 2764 
1143 2764 
1144 2764 
1145 2764 
1146 2764 
1147 2764 
1148 2764 
1149 2764 
1150 2764 
1151 2764 
1152 2764 
1153 2764 
1154 2764 
1155 2764 
1156 2764 
1157 2764 
1158 2764 
1159 2764 
1160 2764 
1161 2764 
1162 2764 
1163 2764 
1164 2764 
1165 2764 
1166 2764 
1167 2764 
1168 2764 
1169 2764 
1170 2764 
1171 2764 
1172 2764 
1173 2764 
1174 2764 
1175 2764 
1176 2764 
1177 2764 
1178 2764 
1179 2764 
1180 2764 
1181 2764 
1182 2764 
1183 2764 
1184 2764 
1185 2764 
1186 2764 
1187 2764 
1188 2764 
1189 2764 
1190 2764 
1191 2764 
1192 2764 
1193 2764 
1194 2764 
1195 2764 
1196 2764 
1197 2764 
1198 2764 
1199 2764 
1200 2764 
1201 2764 
1202 2764 
1203 2764 
1204 2764 
1205 2764 
1206 2764 
1207 2764 
1208 2764 
1209 2764 
1210 2764 
1211 2764 
1212 2764 
1213 2764 
1214 2764 
1215 2764 
1216 2764 
1217 2764 
1218 2764 
1219 2764 
1220 2764 
1221 2764 
1222 2764 
1223 2764 
1224 2764 
1225 2764 
1226 2764 
1227 2764 
1228 2764 
1229 2764 
1230 2764 
1231 2764 
1232 2764 
1233 2764 
1234 2764 
1235 2764 
1236 2764 
1237 2764 
1238 2764 
1239 2764 
1240 2764 
1241 2764 
1242 2764 
1243 2764 
1244 2764 
1245 2764 
1246 2764 
1247 2764 
1248 2764 
1249 2764 
1250 2764 
1251 2764 
1252 2764 
1253 2764 
1254 2764 
1255 2764 
1256 2764 
1257 2764 
1258 2764 
1259 2764 
1260 2764 
1261 2764 
1262 2764 
1263 2764 
1264 2764 
1265 2764 
1266 2764 
1267 2764 
1268 2764 
1269 2764 
1270 2764 
1271 2764 
1272 2764 
1273 2764 
1274 2764 
1275 2764 
1276 2764 
1277 2764 
1278 2764 
1279 2764 
1280 2764 
1281 2764 
1282 2764 
1283 2764 
1284 2764 
1285 2764 
1286 2764 
1287 2764 
1288 2764 
1289 2764 
1290 2764 
1291 2764 
1292 2764 
1293 2764 
1294 2764 
1295 2764 
1296 2764 
1297 2764 
1298 2764 
1299 2764 
1300 2764 
1301 2764 
1302 2764 
1303 2764 
1304 2764 
1305 2764 
1306 2764 
1307 2764 
1308 2764 
1309 2764 
1310 2764 
1311 2764 
1312 2764 
1313 2764 
1314 2764 
1315 2764 
1316 2764 
1317 2764 
1318 2764 
1319 2764 
1320 2764 
1321 2764 
1322 2764 
1323 2764 
1324 2764 
1325 2764 
1326 2764 
1327 2764 
1328 2764 
1329 2764 
1330 2764 
1331 2764 
1332 2764 
1333 2764 
1334 2764 
1335 2764 
1336 2764 
1337 2764 
1338 2764 
1339 2764 
1340 2764 
1341 2764 
1342 2764 
1343 2764 
1344 2764 
1345 2764 
1346 2764 
1347 2764 
1348 2764 
1349 2764 
1350 2764 
1351 2764 
1352 2764 
1353 2764 
1354 2764 
1355 2764 
1356 2764 
1357 2764 
1358 2764 
1359 2764 
1360 2764 
1361 2764 
1362 2764 
1363 2764 
1364 2764 
1365 2764 
1366 2764 
1367 2764 
1368 2764 
1369 2764 
1370 2764 
1371 2764 
1372 2764 
1373 2764 
1374 2764 
1375 2764 
1376 2764 
1377 2764 
1378 2764 
1379 2764 
1380 2764 
1381 2764 
1382 2764 
1383 2764 
1384 2764 
1385 2764 
1386 2764 
1387 2764 
1388 2764 
1389 2764 
1390 2764 
1391 2764 
1392 2764 
1393 2764 
1394 2764 
1395 2764 
1396 2764 
1397 2764 
1398 2764 
1399 2764 
1400 2764 
1401 2764 
1402 2764 
1403 2764 
1404 2764 
1405 2764 
1406 2764 
1407 2764 
1408 2764 
1409 2764 
1410 2764 
1411 2764 
1412 2764 
1413 2764 
1414 2764 
1415 2764 
1416 2764 
1417 2764 
1418 2764 
1419 2764 
1420 2764 
1421 2764 
1422 2764 
1423 2764 
1424 2764 
1425 2764 
1426 2764 
1427 2764 
1428 2764 
1429 2764 
1430 2764 
1431 2764 
1432 2764 
1433 2764 
1434 2764 
1435 2764 
1436 2764 
1437 2764 
1438 2764 
1439 2764 
1440 2764 
1441 2764 
1442 2764 
1443 2764 
1444 2764 

