0 3182 
1 3182 
2 3162 
3 3162 
4 3158 
5 3154 
6 3138 
7 3126 
8 3124 
9 3122 
10 3114 
11 3106 
12 3104 
13 3092 
14 3088 
15 3070 
16 3066 
17 3062 
18 3058 
19 3056 
20 3054 
21 3050 
22 3046 
23 3034 
24 3026 
25 3018 
26 3018 
27 3018 
28 3016 
29 3012 
30 3006 
31 3006 
32 3002 
33 3000 
34 3000 
35 2996 
36 2996 
37 2992 
38 2970 
39 2966 
40 2962 
41 2960 
42 2936 
43 2916 
44 2908 
45 2904 
46 2894 
47 2888 
48 2884 
49 2880 
50 2876 
51 2868 
52 2866 
53 2858 
54 2846 
55 2838 
56 2838 
57 2834 
58 2828 
59 2824 
60 2810 
61 2788 
62 2784 
63 2778 
64 2774 
65 2766 
66 2756 
67 2756 
68 2756 
69 2748 
70 2744 
71 2744 

