0 3134 
1 3130 
2 3122 
3 3110 
4 3094 
5 3094 
6 3090 
7 3086 
8 3082 
9 3078 
10 3070 
11 3058 
12 3052 
13 3048 
14 3040 
15 3036 
16 3032 
17 3030 
18 3026 
19 3018 
20 3010 
21 3008 
22 3004 
23 2980 
24 2978 
25 2974 
26 2948 
27 2932 
28 2928 
29 2924 
30 2916 
31 2914 
32 2906 
33 2894 
34 2894 
35 2870 
36 2854 
37 2850 
38 2846 
39 2834 
40 2814 
41 2810 
42 2806 
43 2798 
44 2798 
45 2798 
46 2790 
47 2782 
48 2776 
49 2772 
50 2764 
51 2760 
52 2760 
53 2760 
54 2760 
55 2760 
56 2756 
57 2756 
58 2754 
59 2746 
60 2746 

