0 7986 
1 7978 
2 7974 
3 7968 
4 7960 
5 7958 
6 7952 
7 7924 
8 7918 
9 7912 
10 7900 
11 7894 
12 7886 
13 7884 
14 7876 
15 7866 
16 7862 
17 7860 
18 7858 
19 7852 
20 7848 
21 7844 
22 7832 
23 7828 
24 7826 
25 7822 
26 7818 
27 7804 
28 7800 
29 7796 
30 7792 
31 7784 
32 7782 
33 7776 
34 7774 
35 7770 
36 7764 
37 7760 
38 7756 
39 7754 
40 7748 
41 7746 
42 7744 
43 7722 
44 7720 
45 7718 
46 7716 
47 7716 
48 7712 
49 7694 
50 7682 
51 7618 
52 7616 
53 7610 
54 7602 
55 7598 
56 7592 
57 7588 
58 7580 
59 7572 
60 7568 
61 7566 
62 7526 
63 7522 
64 7520 
65 7506 
66 7498 
67 7494 
68 7492 
69 7488 
70 7482 
71 7462 
72 7460 
73 7460 
74 7452 
75 7448 
76 7448 
77 7444 
78 7444 
79 7436 
80 7428 
81 7424 
82 7416 
83 7410 
84 7404 
85 7400 
86 7388 
87 7386 
88 7382 
89 7376 
90 7374 
91 7368 
92 7364 
93 7358 
94 7354 
95 7342 
96 7340 
97 7334 
98 7320 
99 7316 
100 7312 
101 7310 
102 7306 
103 7294 
104 7288 
105 7282 
106 7232 
107 7224 
108 7210 
109 7206 
110 7202 
111 7194 
112 7190 
113 7186 
114 7180 
115 7172 
116 7170 
117 7160 
118 7136 
119 7132 
120 7124 
121 7110 
122 7106 
123 7106 
124 7102 
125 7090 
126 7078 
127 7074 
128 7072 
129 7064 
130 7054 
131 7050 
132 7046 
133 7042 
134 7036 
135 7032 
136 7030 
137 7026 
138 7012 
139 7008 
140 7004 
141 7000 
142 7000 
143 6990 
144 6986 
145 6978 
146 6970 
147 6962 
148 6962 

