0 7820 
1 7812 
2 7808 
3 7796 
4 7786 
5 7778 
6 7776 
7 7776 
8 7740 
9 7722 
10 7718 
11 7704 
12 7686 
13 7668 
14 7660 
15 7656 
16 7644 
17 7642 
18 7602 
19 7558 
20 7546 
21 7542 
22 7530 
23 7522 
24 7518 
25 7514 
26 7506 
27 7492 
28 7482 
29 7478 
30 7470 
31 7466 
32 7444 
33 7438 
34 7434 
35 7432 
36 7428 
37 7410 
38 7406 
39 7402 
40 7396 
41 7392 
42 7380 
43 7376 
44 7356 
45 7346 
46 7338 
47 7330 
48 7326 
49 7320 
50 7296 
51 7296 
52 7292 
53 7288 
54 7278 
55 7266 
56 7266 
57 7258 
58 7250 
59 7248 
60 7240 
61 7236 
62 7224 
63 7220 
64 7216 
65 7208 
66 7196 
67 7194 
68 7190 
69 7170 
70 7158 
71 7154 
72 7152 
73 7152 
74 7148 
75 7144 
76 7134 
77 7126 
78 7124 
79 7120 
80 7116 
81 7104 
82 7094 
83 7090 
84 7084 
85 7082 
86 7082 
87 7080 
88 7078 
89 7076 
90 7076 

