0 133350 
1 132820 
2 131960 
3 131560 
4 131360 
5 130660 
6 130460 
7 129640 
8 129440 
9 129240 
10 129040 
11 129040 
12 128840 
13 128640 
14 128140 
15 127840 
16 127640 
17 127540 
18 127140 
19 126940 
20 126820 
21 125920 
22 125820 
23 125680 
24 125280 
25 125080 
26 124980 
27 124850 
28 124550 
29 124550 
30 124350 
31 124150 
32 123950 
33 123580 
34 123480 
35 123270 
36 123170 
37 122970 
38 122770 
39 122270 
40 122130 
41 121630 
42 121430 
43 121030 
44 121030 
45 120830 
46 120630 
47 120530 
48 120430 
49 120240 
50 120190 
51 119990 
52 119790 
53 119290 
54 118890 
55 118180 
56 117780 
57 117750 
58 117550 
59 117150 
60 116820 
61 116700 
62 116500 
63 116300 
64 116000 
65 115900 
66 115800 
67 115500 
68 115300 
69 115070 
70 114810 
71 114610 
72 114410 
73 114310 
74 114010 
75 113910 
76 113810 
77 113610 
78 113410 
79 113210 
80 113210 
81 112950 
82 112750 
83 112560 
84 112300 
85 112300 
86 112200 
87 112170 
88 111970 
89 111670 
90 111570 
91 111000 
92 110980 
93 110880 
94 110680 
95 109270 
96 109070 
97 108150 
98 108150 
99 108150 
100 108050 
101 107950 
102 107350 
103 107150 
104 106950 
105 106650 
106 106350 
107 105550 
108 105150 
109 105050 
110 104950 
111 104950 
112 104850 
113 103850 
114 103850 
115 103650 
116 102850 
117 102650 
118 102650 
119 101450 
120 101250 
121 100850 
122 100750 
123 100350 
124 100250 
125 100150 
126 100150 
127 100020 
128 100020 
129 100020 
130 98900 
131 98900 
132 98700 
133 98620 
134 98530 
135 98330 
136 97410 
137 96630 
138 96330 
139 96130 
140 96130 
141 96090 
142 95890 
143 95590 
144 95590 
145 94940 
146 94940 
147 94940 
148 93390 
149 93290 
150 93090 
151 93090 
152 92990 
153 92990 
154 92790 
155 92590 
156 92590 
157 91990 
158 91690 
159 91690 
160 91690 
161 91690 
162 91690 
163 91690 
164 91690 
165 91690 
166 91690 
167 91690 
168 91690 
169 91690 
170 91690 
171 91690 
172 91690 
173 91690 
174 91690 
175 91690 
176 91690 
177 91690 
178 91690 
179 91690 
180 91690 
181 91690 
182 91690 
183 91690 
184 91690 
185 91690 
186 91690 
187 91690 
188 91690 
189 91690 
190 91690 
191 91690 
192 91690 
193 91690 
194 91690 
195 91690 
196 91690 
197 91690 
198 91690 
199 91690 
200 91690 
201 91690 
202 91690 
203 91690 
204 91690 
205 91690 
206 91690 
207 91690 
208 91690 
209 91690 
210 91690 
211 91690 
212 91690 
213 91690 
214 91690 
215 91690 
216 91690 
217 91690 
218 91690 
219 91690 
220 91690 
221 91690 
222 91690 
223 91690 
224 91690 
225 91690 
226 91690 
227 91690 
228 91690 
229 91690 
230 91690 
231 91690 
232 91690 
233 91690 
234 91690 
235 91690 
236 91690 
237 91690 
238 91690 
239 91690 
240 91690 
241 91690 
242 91690 
243 91690 
244 91690 
245 91690 
246 91690 
247 91690 
248 91690 
249 91690 
250 91690 
251 91690 
252 91690 
253 91690 
254 91690 
255 91690 
256 91690 
257 91690 
258 91690 
259 91690 
260 91690 
261 91690 
262 91690 
263 91690 
264 91690 
265 91690 
266 91690 
267 91690 
268 91690 
269 91690 
270 91690 
271 91690 
272 91690 
273 91690 
274 91690 
275 91690 
276 91690 
277 91690 
278 91690 
279 91690 
280 91690 
281 91690 
282 91690 
283 91690 
284 91690 
285 91690 
286 91690 
287 91690 
288 91690 
289 91690 
290 91690 
291 91690 
292 91690 
293 91690 
294 91690 
295 91690 
296 91690 
297 91690 
298 91690 
299 91690 
300 91690 
301 91690 
302 91690 
303 91690 
304 91690 
305 91690 
306 91690 
307 91690 
308 91690 
309 91690 
310 91690 
311 91690 
312 91690 
313 91690 
314 91690 
315 91690 
316 91690 
317 91690 
318 91690 
319 91690 
320 91690 
321 91690 
322 91690 
323 91690 
324 91690 
325 91690 
326 91690 
327 91690 
328 91690 
329 91690 
330 91690 
331 91690 
332 91690 
333 91690 
334 91690 
335 91690 
336 91690 
337 91690 
338 91690 
339 91690 
340 91690 
341 91690 
342 91690 
343 91690 
344 91690 
345 91690 
346 91690 
347 91690 
348 91690 
349 91690 
350 91690 
351 91690 
352 91690 
353 91690 
354 91690 
355 91690 
356 91690 
357 91690 
358 91690 
359 91690 
360 91690 
361 91690 
362 91690 
363 91690 
364 91690 
365 91690 
366 91690 
367 91690 
368 91690 
369 91690 
370 91690 
371 91690 
372 91690 
373 91690 
374 91690 
375 91690 
376 91690 
377 91690 
378 91690 
379 91690 
380 91690 
381 91690 
382 91690 
383 91690 
384 91690 
385 91690 
386 91690 
387 91690 
388 91690 
389 91690 
390 91690 
391 91690 
392 91690 
393 91690 
394 91690 
395 91690 
396 91690 
397 91690 
398 91690 
399 91690 
400 91690 
401 91690 
402 91690 
403 91690 
404 91690 
405 91690 
406 91690 
407 91690 
408 91690 
409 91690 
410 91690 
411 91690 
412 91690 
413 91690 
414 91690 
415 91690 
416 91690 
417 91690 
418 91690 
419 91690 
420 91690 
421 91690 
422 91690 
423 91690 
424 91690 
425 91690 
426 91690 
427 91690 
428 91690 
429 91690 
430 91690 
431 91690 
432 91690 
433 91690 
434 91690 
435 91690 
436 91690 
437 91690 
438 91690 
439 91690 
440 91690 
441 91690 
442 91690 
443 91690 
444 91690 
445 91690 
446 91690 
447 91690 
448 91690 
449 91690 
450 91690 
451 91690 
452 91690 
453 91690 
454 91690 
455 91690 
456 91690 
457 91690 
458 91690 
459 91690 
460 91690 
461 91690 
462 91690 
463 91690 
464 91690 
465 91690 
466 91690 
467 91690 
468 91690 
469 91690 
470 91690 
471 91690 
472 91690 
473 91690 
474 91690 
475 91690 
476 91690 
477 91690 
478 91690 
479 91690 
480 91690 
481 91690 
482 91690 
483 91690 
484 91690 
485 91690 
486 91690 
487 91690 
488 91690 
489 91690 
490 91690 
491 91690 
492 91690 
493 91690 
494 91690 
495 91690 
496 91690 
497 91690 
498 91690 
499 91690 
500 91690 
501 91690 
502 91690 
503 91690 
504 91690 
505 91690 
506 91690 
507 91690 
508 91690 
509 91690 
510 91690 
511 91690 
512 91690 
513 91690 
514 91690 
515 91690 
516 91690 
517 91690 
518 91690 
519 91690 
520 91690 
521 91690 
522 91690 
523 91690 
524 91690 
525 91690 
526 91690 
527 91690 
528 91690 
529 91690 
530 91690 
531 91690 
532 91690 
533 91690 
534 91690 
535 91690 
536 91690 
537 91690 
538 91690 
539 91690 
540 91690 
541 91690 
542 91690 
543 91690 
544 91690 
545 91690 
546 91690 
547 91690 
548 91690 
549 91690 
550 91690 
551 91690 
552 91690 
553 91690 
554 91690 
555 91690 
556 91690 
557 91690 
558 91690 
559 91690 
560 91690 
561 91690 
562 91690 
563 91690 
564 91690 
565 91690 
566 91690 
567 91690 
568 91690 
569 91690 
570 91690 
571 91690 
572 91690 
573 91690 
574 91690 
575 91690 
576 91690 
577 91690 
578 91690 
579 91690 
580 91690 
581 91690 
582 91690 
583 91690 
584 91690 
585 91690 
586 91690 
587 91690 
588 91690 
589 91690 
590 91690 
591 91690 
592 91690 
593 91690 
594 91690 
595 91690 
596 91690 
597 91690 
598 91690 
599 91690 
600 91690 
601 91690 
602 91690 
603 91690 
604 91690 
605 91690 
606 91690 
607 91690 
608 91690 
609 91690 
610 91690 
611 91690 
612 91690 
613 91690 
614 91690 
615 91690 
616 91690 
617 91690 
618 91690 
619 91690 
620 91690 
621 91690 
622 91690 
623 91690 
624 91690 
625 91690 
626 91690 
627 91690 
628 91690 
629 91690 
630 91690 
631 91690 
632 91690 
633 91690 
634 91690 
635 91690 
636 91690 
637 91690 
638 91690 
639 91690 
640 91690 
641 91690 
642 91690 
643 91690 
644 91690 
645 91690 
646 91690 
647 91690 
648 91690 
649 91690 
650 91690 
651 91690 
652 91690 
653 91690 
654 91690 
655 91690 
656 91690 
657 91690 
658 91690 
659 91690 
660 91690 
661 91690 
662 91690 
663 91690 
664 91690 
665 91690 
666 91690 
667 91690 
668 91690 
669 91690 
670 91690 
671 91690 
672 91690 
673 91690 
674 91690 
675 91690 
676 91690 
677 91690 
678 91690 
679 91690 
680 91690 
681 91690 
682 91690 
683 91690 
684 91690 
685 91690 
686 91690 
687 91690 
688 91690 
689 91690 
690 91690 
691 91690 
692 91690 
693 91690 
694 91690 
695 91690 
696 91690 
697 91690 
698 91690 
699 91690 
700 91690 
701 91690 
702 91690 
703 91690 
704 91690 
705 91690 
706 91690 
707 91690 
708 91690 
709 91690 
710 91690 
711 91690 
712 91690 
713 91690 
714 91690 
715 91690 
716 91690 
717 91690 
718 91690 
719 91690 
720 91690 
721 91690 
722 91690 
723 91690 
724 91690 
725 91690 
726 91690 
727 91690 
728 91690 
729 91690 
730 91690 
731 91690 
732 91690 
733 91690 
734 91690 
735 91690 
736 91690 
737 91690 
738 91690 
739 91690 
740 91690 
741 91690 
742 91690 
743 91690 
744 91690 
745 91690 
746 91690 
747 91690 
748 91690 
749 91690 
750 91690 
751 91690 
752 91690 
753 91690 
754 91690 
755 91690 
756 91690 
757 91690 
758 91690 
759 91690 
760 91690 
761 91690 
762 91690 
763 91690 
764 91690 
765 91690 
766 91690 
767 91690 
768 91690 
769 91690 
770 91690 
771 91690 
772 91690 
773 91690 
774 91690 
775 91690 
776 91690 
777 91690 
778 91690 
779 91690 
780 91690 
781 91690 
782 91690 
783 91690 
784 91690 
785 91690 
786 91690 
787 91690 
788 91690 
789 91690 
790 91690 
791 91690 
792 91690 
793 91690 
794 91690 
795 91690 
796 91690 
797 91690 
798 91690 
799 91690 
800 91690 
801 91690 
802 91690 
803 91690 
804 91690 
805 91690 
806 91690 
807 91690 
808 91690 
809 91690 
810 91690 
811 91690 
812 91690 
813 91690 
814 91690 
815 91690 
816 91690 
817 91690 
818 91690 
819 91690 
820 91690 
821 91690 
822 91690 
823 91690 
824 91690 
825 91690 
826 91690 
827 91690 
828 91690 
829 91690 
830 91690 
831 91690 
832 91690 
833 91690 
834 91690 
835 91690 
836 91690 
837 91690 
838 91690 
839 91690 
840 91690 
841 91690 
842 91690 
843 91690 
844 91690 
845 91690 
846 91690 
847 91690 
848 91690 
849 91690 
850 91690 
851 91690 
852 91690 
853 91690 
854 91690 
855 91690 
856 91690 
857 91690 
858 91690 
859 91690 
860 91690 
861 91690 
862 91690 
863 91690 
864 91690 
865 91690 
866 91690 
867 91690 
868 91690 
869 91690 
870 91690 
871 91690 
872 91690 
873 91690 
874 91690 
875 91690 
876 91690 
877 91690 
878 91690 
879 91690 
880 91690 
881 91690 
882 91690 
883 91690 
884 91690 
885 91690 
886 91690 
887 91690 
888 91690 
889 91690 
890 91690 
891 91690 
892 91690 
893 91690 
894 91690 
895 91690 
896 91690 
897 91690 
898 91690 
899 91690 
900 91690 
901 91690 
902 91690 
903 91690 
904 91690 
905 91690 
906 91690 
907 91690 
908 91690 
909 91690 
910 91690 
911 91690 
912 91690 
913 91690 
914 91690 
915 91690 
916 91690 
917 91690 
918 91690 
919 91690 
920 91690 
921 91690 
922 91690 
923 91690 
924 91690 
925 91690 
926 91690 
927 91690 
928 91690 
929 91690 
930 91690 
931 91690 
932 91690 
933 91690 
934 91690 
935 91690 
936 91690 
937 91690 
938 91690 
939 91690 
940 91690 
941 91690 
942 91690 
943 91690 
944 91690 
945 91690 
946 91690 
947 91690 
948 91690 
949 91690 
950 91690 
951 91690 
952 91690 
953 91690 
954 91690 
955 91690 
956 91690 
957 91690 
958 91690 
959 91690 
960 91690 
961 91690 
962 91690 
963 91690 
964 91690 
965 91690 
966 91690 
967 91690 
968 91690 
969 91690 
970 91690 
971 91690 
972 91690 
973 91690 
974 91690 
975 91690 
976 91690 
977 91690 
978 91690 
979 91690 
980 91690 
981 91690 
982 91690 
983 91690 
984 91690 
985 91690 
986 91690 
987 91690 
988 91690 
989 91690 
990 91690 
991 91690 
992 91690 
993 91690 
994 91690 
995 91690 
996 91690 
997 91690 
998 91690 
999 91690 
1000 91690 
1001 91690 
1002 91690 
1003 91690 
1004 91690 
1005 91690 
1006 91690 
1007 91690 
1008 91690 
1009 91690 
1010 91690 
1011 91690 
1012 91690 
1013 91690 
1014 91690 
1015 91690 
1016 91690 
1017 91690 
1018 91690 
1019 91690 
1020 91690 
1021 91690 
1022 91690 
1023 91690 
1024 91690 
1025 91690 
1026 91690 
1027 91690 
1028 91690 
1029 91690 
1030 91690 
1031 91690 
1032 91690 
1033 91690 
1034 91690 
1035 91690 
1036 91690 
1037 91690 
1038 91690 
1039 91690 
1040 91690 
1041 91690 
1042 91690 
1043 91690 
1044 91690 
1045 91690 
1046 91690 
1047 91690 
1048 91690 
1049 91690 
1050 91690 
1051 91690 
1052 91690 
1053 91690 
1054 91690 
1055 91690 
1056 91690 
1057 91690 
1058 91690 
1059 91690 
1060 91690 
1061 91690 
1062 91690 
1063 91690 
1064 91690 
1065 91690 
1066 91690 
1067 91690 
1068 91690 
1069 91690 
1070 91690 
1071 91690 
1072 91690 
1073 91690 
1074 91690 
1075 91690 
1076 91690 
1077 91690 
1078 91690 
1079 91690 
1080 91690 
1081 91690 
1082 91690 
1083 91690 
1084 91690 
1085 91690 
1086 91690 
1087 91690 
1088 91690 
1089 91690 
1090 91690 
1091 91690 
1092 91690 
1093 91690 
1094 91690 
1095 91690 
1096 91690 
1097 91690 
1098 91690 
1099 91690 
1100 91690 
1101 91690 
1102 91690 
1103 91690 
1104 91690 
1105 91690 
1106 91690 
1107 91690 
1108 91690 
1109 91690 
1110 91690 
1111 91690 
1112 91690 
1113 91690 
1114 91690 
1115 91690 
1116 91690 
1117 91690 
1118 91690 
1119 91690 
1120 91690 
1121 91690 
1122 91690 
1123 91690 
1124 91690 
1125 91690 
1126 91690 
1127 91690 
1128 91690 
1129 91690 
1130 91690 
1131 91690 
1132 91690 
1133 91690 
1134 91690 
1135 91690 
1136 91690 
1137 91690 
1138 91690 
1139 91690 
1140 91690 
1141 91690 
1142 91690 
1143 91690 
1144 91690 
1145 91690 
1146 91690 
1147 91690 
1148 91690 
1149 91690 
1150 91690 
1151 91690 
1152 91690 
1153 91690 
1154 91690 
1155 91690 
1156 91690 
1157 91690 
1158 91690 
1159 91690 
1160 91690 
1161 91690 
1162 91690 
1163 91690 
1164 91690 
1165 91690 
1166 91690 
1167 91690 
1168 91690 
1169 91690 
1170 91690 
1171 91690 
1172 91690 
1173 91690 
1174 91690 
1175 91690 
1176 91690 
1177 91690 
1178 91690 
1179 91690 
1180 91690 
1181 91690 
1182 91690 
1183 91690 
1184 91690 
1185 91690 
1186 91690 
1187 91690 
1188 91690 
1189 91690 
1190 91690 
1191 91690 
1192 91690 
1193 91690 
1194 91690 
1195 91690 
1196 91690 
1197 91690 
1198 91690 
1199 91690 
1200 91690 
1201 91690 
1202 91690 
1203 91690 
1204 91690 
1205 91690 
1206 91690 
1207 91690 
1208 91690 
1209 91690 
1210 91690 
1211 91690 
1212 91690 
1213 91690 
1214 91690 
1215 91690 
1216 91690 
1217 91690 
1218 91690 
1219 91690 
1220 91690 
1221 91690 
1222 91690 
1223 91690 
1224 91690 
1225 91690 
1226 91690 
1227 91690 
1228 91690 
1229 91690 
1230 91690 
1231 91690 
1232 91690 
1233 91690 
1234 91690 
1235 91690 
1236 91690 
1237 91690 
1238 91690 
1239 91690 
1240 91690 
1241 91690 
1242 91690 
1243 91690 
1244 91690 
1245 91690 
1246 91690 
1247 91690 
1248 91690 
1249 91690 
1250 91690 
1251 91690 
1252 91690 
1253 91690 
1254 91690 
1255 91690 
1256 91690 
1257 91690 
1258 91690 
1259 91690 
1260 91690 
1261 91690 
1262 91690 
1263 91690 
1264 91690 
1265 91690 
1266 91690 
1267 91690 
1268 91690 
1269 91690 
1270 91690 
1271 91690 
1272 91690 
1273 91690 
1274 91690 
1275 91690 
1276 91690 
1277 91690 
1278 91690 
1279 91690 
1280 91690 
1281 91690 
1282 91690 
1283 91690 
1284 91690 
1285 91690 
1286 91690 
1287 91690 
1288 91690 
1289 91690 
1290 91690 
1291 91690 
1292 91690 
1293 91690 
1294 91690 
1295 91690 
1296 91690 
1297 91690 
1298 91690 
1299 91690 
1300 91690 
1301 91690 
1302 91690 
1303 91690 
1304 91690 
1305 91690 
1306 91690 
1307 91690 
1308 91690 
1309 91690 
1310 91690 
1311 91690 
1312 91690 
1313 91690 
1314 91690 
1315 91690 
1316 91690 
1317 91690 
1318 91690 
1319 91690 
1320 91690 
1321 91690 
1322 91690 
1323 91690 
1324 91690 
1325 91690 
1326 91690 
1327 91690 
1328 91690 
1329 91690 
1330 91690 
1331 91690 
1332 91690 
1333 91690 
1334 91690 
1335 91690 
1336 91690 
1337 91690 
1338 91690 
1339 91690 
1340 91690 
1341 91690 
1342 91690 
1343 91690 
1344 91690 
1345 91690 
1346 91690 
1347 91690 
1348 91690 
1349 91690 
1350 91690 
1351 91690 
1352 91690 
1353 91690 
1354 91690 
1355 91690 
1356 91690 
1357 91690 
1358 91690 
1359 91690 
1360 91690 
1361 91690 
1362 91690 
1363 91690 
1364 91690 
1365 91690 
1366 91690 
1367 91690 
1368 91690 
1369 91690 
1370 91690 
1371 91690 
1372 91690 
1373 91690 
1374 91690 
1375 91690 
1376 91690 
1377 91690 
1378 91690 
1379 91690 
1380 91690 
1381 91690 
1382 91690 
1383 91690 
1384 91690 
1385 91690 
1386 91690 
1387 91690 
1388 91690 
1389 91690 
1390 91690 
1391 91690 
1392 91690 
1393 91690 
1394 91690 
1395 91690 
1396 91690 
1397 91690 
1398 91690 
1399 91690 
1400 91690 
1401 91690 
1402 91690 
1403 91690 
1404 91690 
1405 91690 
1406 91690 
1407 91690 
1408 91690 
1409 91690 
1410 91690 
1411 91690 
1412 91690 
1413 91690 
1414 91690 
1415 91690 
1416 91690 
1417 91690 
1418 91690 
1419 91690 
1420 91690 
1421 91690 
1422 91690 
1423 91690 
1424 91690 
1425 91690 
1426 91690 
1427 91690 
1428 91690 
1429 91690 
1430 91690 
1431 91690 
1432 91690 
1433 91690 
1434 91690 
1435 91690 
1436 91690 
1437 91690 
1438 91690 
1439 91690 
1440 91690 
1441 91690 
1442 91690 
1443 91690 
1444 91690 
1445 91690 
1446 91690 
1447 91690 
1448 91690 
1449 91690 
1450 91690 
1451 91690 
1452 91690 
1453 91690 
1454 91690 
1455 91690 
1456 91690 
1457 91690 
1458 91690 
1459 91690 
1460 91690 
1461 91690 
1462 91690 
1463 91690 
1464 91690 
1465 91690 
1466 91690 
1467 91690 
1468 91690 
1469 91690 
1470 91690 
1471 91690 
1472 91690 
1473 91690 
1474 91690 
1475 91690 
1476 91690 
1477 91690 
1478 91690 
1479 91690 
1480 91690 
1481 91690 
1482 91690 
1483 91690 
1484 91690 
1485 91690 
1486 91690 
1487 91690 
1488 91690 
1489 91690 
1490 91690 
1491 91690 
1492 91690 
1493 91690 
1494 91690 
1495 91690 
1496 91690 
1497 91690 
1498 91690 
1499 91690 
1500 91690 
1501 91690 
1502 91690 
1503 91690 
1504 91690 
1505 91690 
1506 91690 
1507 91690 
1508 91690 
1509 91690 
1510 91690 
1511 91690 
1512 91690 
1513 91690 
1514 91690 
1515 91690 
1516 91690 
1517 91690 
1518 91690 
1519 91690 
1520 91690 
1521 91690 
1522 91690 
1523 91690 
1524 91690 
1525 91690 
1526 91690 
1527 91690 
1528 91690 
1529 91690 
1530 91690 
1531 91690 
1532 91690 
1533 91690 
1534 91690 
1535 91690 
1536 91690 
1537 91690 
1538 91690 
1539 91690 
1540 91690 
1541 91690 
1542 91690 
1543 91690 
1544 91690 
1545 91690 
1546 91690 
1547 91690 
1548 91690 
1549 91690 
1550 91690 
1551 91690 
1552 91690 
1553 91690 
1554 91690 
1555 91690 
1556 91690 
1557 91690 
1558 91690 
1559 91690 
1560 91690 
1561 91690 
1562 91690 
1563 91690 
1564 91690 
1565 91690 
1566 91690 
1567 91690 
1568 91690 
1569 91690 
1570 91690 
1571 91690 
1572 91690 
1573 91690 
1574 91690 
1575 91690 
1576 91690 
1577 91690 
1578 91690 
1579 91690 
1580 91690 
1581 91690 
1582 91690 
1583 91690 
1584 91690 
1585 91690 
1586 91690 
1587 91690 
1588 91690 
1589 91690 
1590 91690 
1591 91690 
1592 91690 
1593 91690 
1594 91690 
1595 91690 
1596 91690 
1597 91690 
1598 91690 
1599 91690 
1600 91690 
1601 91690 
1602 91690 
1603 91690 
1604 91690 
1605 91690 
1606 91690 
1607 91690 
1608 91690 
1609 91690 
1610 91690 
1611 91690 
1612 91690 
1613 91690 
1614 91690 
1615 91690 
1616 91690 
1617 91690 
1618 91690 
1619 91690 
1620 91690 
1621 91690 
1622 91690 
1623 91690 
1624 91690 
1625 91690 
1626 91690 
1627 91690 
1628 91690 
1629 91690 
1630 91690 
1631 91690 
1632 91690 
1633 91690 
1634 91690 
1635 91690 
1636 91690 
1637 91690 
1638 91690 
1639 91690 
1640 91690 
1641 91690 
1642 91690 
1643 91690 
1644 91690 
1645 91690 
1646 91690 
1647 91690 
1648 91690 
1649 91690 
1650 91690 
1651 91690 
1652 91690 
1653 91690 
1654 91690 
1655 91690 
1656 91690 
1657 91690 
1658 91690 
1659 91690 
1660 91690 
1661 91690 
1662 91690 
1663 91690 
1664 91690 
1665 91690 
1666 91690 
1667 91690 
1668 91690 
1669 91690 
1670 91690 
1671 91690 
1672 91690 
1673 91690 
1674 91690 
1675 91690 
1676 91690 
1677 91690 
1678 91690 
1679 91690 
1680 91690 
1681 91690 
1682 91690 
1683 91690 
1684 91690 
1685 91690 
1686 91690 
1687 91690 
1688 91690 
1689 91690 
1690 91690 
1691 91690 
1692 91690 
1693 91690 
1694 91690 
1695 91690 
1696 91690 
1697 91690 
1698 91690 
1699 91690 
1700 91690 
1701 91690 
1702 91690 
1703 91690 
1704 91690 
1705 91690 
1706 91690 
1707 91690 
1708 91690 
1709 91690 
1710 91690 
1711 91690 
1712 91690 
1713 91690 
1714 91690 
1715 91690 
1716 91690 
1717 91690 
1718 91690 
1719 91690 
1720 91690 
1721 91690 
1722 91690 
1723 91690 
1724 91690 
1725 91690 
1726 91690 
1727 91690 
1728 91690 
1729 91690 
1730 91690 
1731 91690 
1732 91690 
1733 91690 
1734 91690 
1735 91690 
1736 91690 
1737 91690 
1738 91690 
1739 91690 
1740 91690 
1741 91690 
1742 91690 
1743 91690 
1744 91690 
1745 91690 
1746 91690 
1747 91690 
1748 91690 
1749 91690 
1750 91690 
1751 91690 
1752 91690 
1753 91690 
1754 91690 
1755 91690 
1756 91690 
1757 91690 
1758 91690 
1759 91690 
1760 91690 
1761 91690 
1762 91690 
1763 91690 
1764 91690 
1765 91690 
1766 91690 
1767 91690 
1768 91690 
1769 91690 
1770 91690 
1771 91690 
1772 91690 
1773 91690 
1774 91690 
1775 91690 
1776 91690 
1777 91690 
1778 91690 
1779 91690 
1780 91690 
1781 91690 
1782 91690 
1783 91690 
1784 91690 
1785 91690 
1786 91690 
1787 91690 
1788 91690 
1789 91690 
1790 91690 
1791 91690 
1792 91690 
1793 91690 
1794 91690 
1795 91690 
1796 91690 
1797 91690 
1798 91690 
1799 91690 
1800 91690 
1801 91690 
1802 91690 
1803 91690 
1804 91690 
1805 91690 
1806 91690 
1807 91690 
1808 91690 
1809 91690 
1810 91690 
1811 91690 
1812 91690 
1813 91690 
1814 91690 
1815 91690 
1816 91690 
1817 91690 
1818 91690 
1819 91690 
1820 91690 
1821 91690 
1822 91690 
1823 91690 
1824 91690 
1825 91690 
1826 91690 
1827 91690 
1828 91690 
1829 91690 
1830 91690 
1831 91690 
1832 91690 
1833 91690 
1834 91690 
1835 91690 
1836 91690 
1837 91690 
1838 91690 
1839 91690 
1840 91690 
1841 91690 
1842 91690 
1843 91690 
1844 91690 
1845 91690 
1846 91690 
1847 91690 
1848 91690 
1849 91690 
1850 91690 
1851 91690 
1852 91690 
1853 91690 
1854 91690 
1855 91690 
1856 91690 
1857 91690 
1858 91690 
1859 91690 
1860 91690 
1861 91690 
1862 91690 
1863 91690 
1864 91690 
1865 91690 
1866 91690 
1867 91690 
1868 91690 
1869 91690 
1870 91690 
1871 91690 
1872 91690 
1873 91690 
1874 91690 
1875 91690 
1876 91690 
1877 91690 
1878 91690 
1879 91690 
1880 91690 
1881 91690 
1882 91690 
1883 91690 
1884 91690 
1885 91690 
1886 91690 
1887 91690 
1888 91690 
1889 91690 
1890 91690 
1891 91690 
1892 91690 
1893 91690 
1894 91690 
1895 91690 
1896 91690 
1897 91690 
1898 91690 
1899 91690 
1900 91690 
1901 91690 
1902 91690 
1903 91690 
1904 91690 
1905 91690 
1906 91690 
1907 91690 
1908 91690 
1909 91690 
1910 91690 
1911 91690 
1912 91690 
1913 91690 
1914 91690 
1915 91690 
1916 91690 
1917 91690 
1918 91690 
1919 91690 
1920 91690 
1921 91690 
1922 91690 
1923 91690 
1924 91690 
1925 91690 
1926 91690 
1927 91690 
1928 91690 
1929 91690 
1930 91690 
1931 91690 
1932 91690 
1933 91690 
1934 91690 
1935 91690 
1936 91690 
1937 91690 
1938 91690 
1939 91690 
1940 91690 
1941 91690 
1942 91690 
1943 91690 
1944 91690 
1945 91690 
1946 91690 
1947 91690 
1948 91690 
1949 91690 
1950 91690 
1951 91690 
1952 91690 
1953 91690 
1954 91690 
1955 91690 
1956 91690 
1957 91690 
1958 91690 
1959 91690 
1960 91690 
1961 91690 
1962 91690 
1963 91690 
1964 91690 
1965 91690 
1966 91690 
1967 91690 
1968 91690 
1969 91690 
1970 91690 
1971 91690 
1972 91690 
1973 91690 
1974 91690 
1975 91690 
1976 91690 
1977 91690 
1978 91690 
1979 91690 
1980 91690 
1981 91690 
1982 91690 
1983 91690 
1984 91690 
1985 91690 
1986 91690 
1987 91690 
1988 91690 
1989 91690 
1990 91690 
1991 91690 
1992 91690 
1993 91690 
1994 91690 
1995 91690 
1996 91690 
1997 91690 
1998 91690 
1999 91690 
2000 91690 
2001 91690 
2002 91690 
2003 91690 
2004 91690 
2005 91690 
2006 91690 
2007 91690 
2008 91690 
2009 91690 
2010 91690 
2011 91690 
2012 91690 
2013 91690 
2014 91690 
2015 91690 
2016 91690 
2017 91690 
2018 91690 
2019 91690 
2020 91690 
2021 91690 
2022 91690 
2023 91690 
2024 91690 
2025 91690 
2026 91690 
2027 91690 
2028 91690 
2029 91690 
2030 91690 
2031 91690 
2032 91690 
2033 91690 
2034 91690 
2035 91690 
2036 91690 
2037 91690 
2038 91690 
2039 91690 
2040 91690 
2041 91690 
2042 91690 
2043 91690 
2044 91690 
2045 91690 
2046 91690 
2047 91690 
2048 91690 
2049 91690 
2050 91690 
2051 91690 
2052 91690 
2053 91690 
2054 91690 
2055 91690 
2056 91690 
2057 91690 
2058 91690 
2059 91690 
2060 91690 
2061 91690 
2062 91690 
2063 91690 
2064 91690 
2065 91690 
2066 91690 
2067 91690 
2068 91690 
2069 91690 
2070 91690 
2071 91690 
2072 91690 
2073 91690 
2074 91690 
2075 91690 
2076 91690 
2077 91690 
2078 91690 
2079 91690 
2080 91690 
2081 91690 
2082 91690 
2083 91690 
2084 91690 
2085 91690 
2086 91690 
2087 91690 
2088 91690 
2089 91690 
2090 91690 
2091 91690 
2092 91690 
2093 91690 
2094 91690 
2095 91690 
2096 91690 
2097 91690 
2098 91690 
2099 91690 
2100 91690 
2101 91690 
2102 91690 
2103 91690 
2104 91690 
2105 91690 
2106 91690 
2107 91690 
2108 91690 
2109 91690 
2110 91690 
2111 91690 
2112 91690 
2113 91690 
2114 91690 
2115 91690 
2116 91690 
2117 91690 
2118 91690 
2119 91690 
2120 91690 
2121 91690 
2122 91690 
2123 91690 
2124 91690 
2125 91690 
2126 91690 
2127 91690 
2128 91690 
2129 91690 
2130 91690 
2131 91690 
2132 91690 
2133 91690 
2134 91690 
2135 91690 
2136 91690 
2137 91690 
2138 91690 
2139 91690 
2140 91690 
2141 91690 
2142 91690 
2143 91690 
2144 91690 
2145 91690 
2146 91690 
2147 91690 
2148 91690 
2149 91690 
2150 91690 
2151 91690 
2152 91690 
2153 91690 
2154 91690 
2155 91690 
2156 91690 
2157 91690 
2158 91690 
2159 91690 
2160 91690 
2161 91690 
2162 91690 
2163 91690 
2164 91690 
2165 91690 
2166 91690 
2167 91690 
2168 91690 
2169 91690 
2170 91690 
2171 91690 
2172 91690 
2173 91690 
2174 91690 
2175 91690 
2176 91690 
2177 91690 
2178 91690 
2179 91690 
2180 91690 
2181 91690 
2182 91690 
2183 91690 
2184 91690 
2185 91690 
2186 91690 
2187 91690 
2188 91690 
2189 91690 
2190 91690 
2191 91690 
2192 91690 
2193 91690 
2194 91690 
2195 91690 
2196 91690 
2197 91690 
2198 91690 
2199 91690 
2200 91690 
2201 91690 
2202 91690 
2203 91690 
2204 91690 
2205 91690 
2206 91690 
2207 91690 
2208 91690 
2209 91690 
2210 91690 
2211 91690 
2212 91690 
2213 91690 
2214 91690 
2215 91690 
2216 91690 
2217 91690 
2218 91690 
2219 91690 
2220 91690 
2221 91690 
2222 91690 
2223 91690 
2224 91690 
2225 91690 
2226 91690 
2227 91690 
2228 91690 
2229 91690 
2230 91690 
2231 91690 
2232 91690 
2233 91690 
2234 91690 
2235 91690 
2236 91690 
2237 91690 
2238 91690 
2239 91690 
2240 91690 
2241 91690 
2242 91690 
2243 91690 
2244 91690 
2245 91690 
2246 91690 
2247 91690 
2248 91690 
2249 91690 
2250 91690 
2251 91690 
2252 91690 
2253 91690 
2254 91690 
2255 91690 
2256 91690 
2257 91690 
2258 91690 
2259 91690 
2260 91690 
2261 91690 
2262 91690 
2263 91690 
2264 91690 
2265 91690 
2266 91690 
2267 91690 
2268 91690 
2269 91690 
2270 91690 
2271 91690 
2272 91690 
2273 91690 
2274 91690 
2275 91690 
2276 91690 
2277 91690 
2278 91690 
2279 91690 
2280 91690 
2281 91690 
2282 91690 
2283 91690 
2284 91690 
2285 91690 
2286 91690 
2287 91690 
2288 91690 
2289 91690 
2290 91690 
2291 91690 
2292 91690 
2293 91690 
2294 91690 
2295 91690 
2296 91690 
2297 91690 
2298 91690 
2299 91690 
2300 91690 
2301 91690 
2302 91690 
2303 91690 
2304 91690 
2305 91690 
2306 91690 
2307 91690 
2308 91690 
2309 91690 
2310 91690 
2311 91690 
2312 91690 
2313 91690 
2314 91690 
2315 91690 
2316 91690 
2317 91690 
2318 91690 
2319 91690 
2320 91690 
2321 91690 
2322 91690 
2323 91690 
2324 91690 
2325 91690 
2326 91690 
2327 91690 
2328 91690 
2329 91690 
2330 91690 
2331 91690 
2332 91690 
2333 91690 
2334 91690 
2335 91690 
2336 91690 
2337 91690 
2338 91690 
2339 91690 
2340 91690 
2341 91690 
2342 91690 
2343 91690 
2344 91690 
2345 91690 
2346 91690 
2347 91690 
2348 91690 
2349 91690 
2350 91690 
2351 91690 
2352 91690 
2353 91690 
2354 91690 
2355 91690 
2356 91690 
2357 91690 
2358 91690 
2359 91690 
2360 91690 
2361 91690 
2362 91690 
2363 91690 
2364 91690 
2365 91690 
2366 91690 
2367 91690 
2368 91690 
2369 91690 
2370 91690 
2371 91690 
2372 91690 
2373 91690 
2374 91690 
2375 91690 
2376 91690 
2377 91690 
2378 91690 
2379 91690 
2380 91690 
2381 91690 
2382 91690 
2383 91690 
2384 91690 
2385 91690 
2386 91690 
2387 91690 
2388 91690 
2389 91690 
2390 91690 
2391 91690 
2392 91690 
2393 91690 
2394 91690 
2395 91690 
2396 91690 
2397 91690 
2398 91690 
2399 91690 
2400 91690 
2401 91690 
2402 91690 
2403 91690 
2404 91690 
2405 91690 
2406 91690 
2407 91690 
2408 91690 
2409 91690 
2410 91690 
2411 91690 
2412 91690 
2413 91690 
2414 91690 
2415 91690 
2416 91690 
2417 91690 
2418 91690 
2419 91690 
2420 91690 
2421 91690 
2422 91690 
2423 91690 
2424 91690 
2425 91690 
2426 91690 
2427 91690 
2428 91690 
2429 91690 
2430 91690 
2431 91690 
2432 91690 
2433 91690 
2434 91690 
2435 91690 
2436 91690 
2437 91690 
2438 91690 
2439 91690 
2440 91690 
2441 91690 
2442 91690 
2443 91690 
2444 91690 
2445 91690 
2446 91690 
2447 91690 
2448 91690 
2449 91690 
2450 91690 
2451 91690 
2452 91690 
2453 91690 
2454 91690 
2455 91690 
2456 91690 
2457 91690 
2458 91690 
2459 91690 
2460 91690 
2461 91690 
2462 91690 
2463 91690 
2464 91690 
2465 91690 
2466 91690 
2467 91690 
2468 91690 
2469 91690 
2470 91690 
2471 91690 
2472 91690 
2473 91690 
2474 91690 
2475 91690 
2476 91690 
2477 91690 
2478 91690 
2479 91690 
2480 91690 
2481 91690 
2482 91690 
2483 91690 
2484 91690 
2485 91690 
2486 91690 
2487 91690 
2488 91690 
2489 91690 
2490 91690 
2491 91690 
2492 91690 
2493 91690 
2494 91690 
2495 91690 
2496 91690 
2497 91690 
2498 91690 
2499 91690 
2500 91690 
2501 91690 
2502 91690 
2503 91690 
2504 91690 
2505 91690 
2506 91690 
2507 91690 
2508 91690 
2509 91690 
2510 91690 
2511 91690 
2512 91690 
2513 91690 
2514 91690 
2515 91690 
2516 91690 
2517 91690 
2518 91690 
2519 91690 
2520 91690 
2521 91690 
2522 91690 
2523 91690 
2524 91690 
2525 91690 
2526 91690 
2527 91690 
2528 91690 
2529 91690 
2530 91690 
2531 91690 
2532 91690 
2533 91690 
2534 91690 
2535 91690 
2536 91690 
2537 91690 
2538 91690 
2539 91690 
2540 91690 
2541 91690 
2542 91690 
2543 91690 
2544 91690 
2545 91690 
2546 91690 
2547 91690 
2548 91690 
2549 91690 
2550 91690 
2551 91690 
2552 91690 
2553 91690 
2554 91690 
2555 91690 
2556 91690 
2557 91690 
2558 91690 
2559 91690 
2560 91690 
2561 91690 
2562 91690 
2563 91690 
2564 91690 
2565 91690 
2566 91690 
2567 91690 
2568 91690 
2569 91690 
2570 91690 
2571 91690 
2572 91690 
2573 91690 
2574 91690 
2575 91690 
2576 91690 
2577 91690 
2578 91690 
2579 91690 
2580 91690 
2581 91690 
2582 91690 
2583 91690 
2584 91690 
2585 91690 
2586 91690 
2587 91690 
2588 91690 
2589 91690 
2590 91690 
2591 91690 
2592 91690 
2593 91690 
2594 91690 
2595 91690 
2596 91690 
2597 91690 
2598 91690 
2599 91690 
2600 91690 
2601 91690 
2602 91690 
2603 91690 
2604 91690 
2605 91690 
2606 91690 
2607 91690 
2608 91690 
2609 91690 
2610 91690 
2611 91690 
2612 91690 
2613 91690 
2614 91690 
2615 91690 
2616 91690 
2617 91690 
2618 91690 
2619 91690 
2620 91690 
2621 91690 
2622 91690 
2623 91690 
2624 91690 
2625 91690 
2626 91690 
2627 91690 
2628 91690 
2629 91690 
2630 91690 
2631 91690 
2632 91690 
2633 91690 
2634 91690 
2635 91690 
2636 91690 
2637 91690 
2638 91690 
2639 91690 
2640 91690 
2641 91690 
2642 91690 
2643 91690 
2644 91690 
2645 91690 
2646 91690 
2647 91690 
2648 91690 
2649 91690 
2650 91690 
2651 91690 
2652 91690 
2653 91690 
2654 91690 
2655 91690 
2656 91690 
2657 91690 
2658 91690 
2659 91690 
2660 91690 
2661 91690 
2662 91690 
2663 91690 
2664 91690 
2665 91690 
2666 91690 
2667 91690 
2668 91690 
2669 91690 
2670 91690 
2671 91690 
2672 91690 
2673 91690 
2674 91690 
2675 91690 
2676 91690 
2677 91690 
2678 91690 
2679 91690 
2680 91690 
2681 91690 
2682 91690 
2683 91690 
2684 91690 
2685 91690 
2686 91690 
2687 91690 
2688 91690 
2689 91690 
2690 91690 
2691 91690 
2692 91690 
2693 91690 
2694 91690 
2695 91690 
2696 91690 
2697 91690 
2698 91690 
2699 91690 
2700 91690 
2701 91690 
2702 91690 
2703 91690 
2704 91690 
2705 91690 
2706 91690 
2707 91690 
2708 91690 
2709 91690 
2710 91690 
2711 91690 
2712 91690 
2713 91690 
2714 91690 
2715 91690 
2716 91690 
2717 91690 
2718 91690 
2719 91690 
2720 91690 
2721 91690 
2722 91690 
2723 91690 
2724 91690 
2725 91690 
2726 91690 
2727 91690 
2728 91690 
2729 91690 
2730 91690 
2731 91690 
2732 91690 
2733 91690 
2734 91690 
2735 91690 
2736 91690 
2737 91690 
2738 91690 
2739 91690 
2740 91690 
2741 91690 
2742 91690 
2743 91690 
2744 91690 
2745 91690 
2746 91690 
2747 91690 
2748 91690 
2749 91690 
2750 91690 
2751 91690 
2752 91690 
2753 91690 
2754 91690 
2755 91690 
2756 91690 
2757 91690 
2758 91690 
2759 91690 
2760 91690 
2761 91690 
2762 91690 
2763 91690 
2764 91690 
2765 91690 
2766 91690 
2767 91690 
2768 91690 
2769 91690 
2770 91690 
2771 91690 
2772 91690 
2773 91690 
2774 91690 
2775 91690 
2776 91690 
2777 91690 
2778 91690 
2779 91690 
2780 91690 
2781 91690 
2782 91690 
2783 91690 
2784 91690 
2785 91690 
2786 91690 
2787 91690 
2788 91690 
2789 91690 
2790 91690 
2791 91690 
2792 91690 
2793 91690 
2794 91690 
2795 91690 
2796 91690 
2797 91690 
2798 91690 
2799 91690 
2800 91690 
2801 91690 
2802 91690 
2803 91690 
2804 91690 
2805 91690 
2806 91690 
2807 91690 
2808 91690 
2809 91690 
2810 91690 
2811 91690 
2812 91690 
2813 91690 
2814 91690 
2815 91690 
2816 91690 
2817 91690 
2818 91690 
2819 91690 
2820 91690 
2821 91690 
2822 91690 
2823 91690 
2824 91690 
2825 91690 
2826 91690 
2827 91690 
2828 91690 
2829 91690 
2830 91690 
2831 91690 
2832 91690 
2833 91690 
2834 91690 
2835 91690 
2836 91690 
2837 91690 
2838 91690 
2839 91690 
2840 91690 
2841 91690 
2842 91690 
2843 91690 
2844 91690 
2845 91690 
2846 91690 
2847 91690 
2848 91690 
2849 91690 
2850 91690 
2851 91690 
2852 91690 
2853 91690 
2854 91690 
2855 91690 
2856 91690 
2857 91690 
2858 91690 
2859 91690 
2860 91690 
2861 91690 
2862 91690 
2863 91690 
2864 91690 
2865 91690 
2866 91690 
2867 91690 
2868 91690 
2869 91690 
2870 91690 
2871 91690 
2872 91690 
2873 91690 
2874 91690 
2875 91690 
2876 91690 
2877 91690 
2878 91690 
2879 91690 
2880 91690 
2881 91690 
2882 91690 
2883 91690 
2884 91690 
2885 91690 
2886 91690 
2887 91690 
2888 91690 
2889 91690 
2890 91690 
2891 91690 
2892 91690 
2893 91690 
2894 91690 
2895 91690 
2896 91690 
2897 91690 
2898 91690 
2899 91690 
2900 91690 
2901 91690 
2902 91690 
2903 91690 
2904 91690 
2905 91690 
2906 91690 
2907 91690 
2908 91690 
2909 91690 
2910 91690 
2911 91690 
2912 91690 
2913 91690 
2914 91690 
2915 91690 
2916 91690 
2917 91690 
2918 91690 
2919 91690 
2920 91690 
2921 91690 
2922 91690 
2923 91690 
2924 91690 
2925 91690 
2926 91690 
2927 91690 
2928 91690 
2929 91690 
2930 91690 
2931 91690 
2932 91690 
2933 91690 
2934 91690 
2935 91690 
2936 91690 
2937 91690 
2938 91690 
2939 91690 
2940 91690 
2941 91690 
2942 91690 
2943 91690 
2944 91690 
2945 91690 
2946 91690 
2947 91690 
2948 91690 
2949 91690 
2950 91690 
2951 91690 
2952 91690 
2953 91690 
2954 91690 
2955 91690 
2956 91690 
2957 91690 
2958 91690 
2959 91690 
2960 91690 
2961 91690 
2962 91690 
2963 91690 
2964 91690 
2965 91690 
2966 91690 
2967 91690 
2968 91690 
2969 91690 
2970 91690 
2971 91690 
2972 91690 
2973 91690 
2974 91690 
2975 91690 
2976 91690 
2977 91690 
2978 91690 
2979 91690 
2980 91690 
2981 91690 
2982 91690 
2983 91690 
2984 91690 
2985 91690 
2986 91690 
2987 91690 
2988 91690 
2989 91690 
2990 91690 
2991 91690 
2992 91690 
2993 91690 
2994 91690 
2995 91690 
2996 91690 
2997 91690 
2998 91690 
2999 91690 
3000 91690 
3001 91690 
3002 91690 
3003 91690 
3004 91690 
3005 91690 
3006 91690 
3007 91690 
3008 91690 
3009 91690 
3010 91690 
3011 91690 
3012 91690 
3013 91690 
3014 91690 
3015 91690 
3016 91690 
3017 91690 
3018 91690 
3019 91690 
3020 91690 
3021 91690 
3022 91690 
3023 91690 
3024 91690 
3025 91690 
3026 91690 
3027 91690 
3028 91690 
3029 91690 
3030 91690 
3031 91690 
3032 91690 
3033 91690 
3034 91690 
3035 91690 
3036 91690 
3037 91690 
3038 91690 
3039 91690 
3040 91690 
3041 91690 
3042 91690 
3043 91690 
3044 91690 
3045 91690 
3046 91690 
3047 91690 
3048 91690 
3049 91690 
3050 91690 
3051 91690 
3052 91690 
3053 91690 
3054 91690 
3055 91690 
3056 91690 
3057 91690 
3058 91690 
3059 91690 
3060 91690 
3061 91690 
3062 91690 
3063 91690 
3064 91690 
3065 91690 
3066 91690 
3067 91690 
3068 91690 
3069 91690 
3070 91690 
3071 91690 
3072 91690 
3073 91690 
3074 91690 
3075 91690 
3076 91690 
3077 91690 
3078 91690 
3079 91690 
3080 91690 
3081 91690 
3082 91690 
3083 91690 
3084 91690 
3085 91690 
3086 91690 
3087 91690 
3088 91690 
3089 91690 
3090 91690 
3091 91690 
3092 91690 
3093 91690 
3094 91690 
3095 91690 
3096 91690 
3097 91690 
3098 91690 
3099 91690 
3100 91690 
3101 91690 
3102 91690 
3103 91690 
3104 91690 
3105 91690 
3106 91690 
3107 91690 
3108 91690 
3109 91690 
3110 91690 
3111 91690 
3112 91690 
3113 91690 
3114 91690 
3115 91690 
3116 91690 
3117 91690 
3118 91690 
3119 91690 
3120 91690 
3121 91690 
3122 91690 
3123 91690 
3124 91690 
3125 91690 
3126 91690 
3127 91690 
3128 91690 
3129 91690 
3130 91690 
3131 91690 
3132 91690 
3133 91690 
3134 91690 
3135 91690 
3136 91690 
3137 91690 
3138 91690 
3139 91690 
3140 91690 
3141 91690 
3142 91690 
3143 91690 
3144 91690 
3145 91690 
3146 91690 
3147 91690 
3148 91690 
3149 91690 
3150 91690 
3151 91690 
3152 91690 
3153 91690 
3154 91690 
3155 91690 
3156 91690 
3157 91690 
3158 91690 

