0 140320 
1 140270 
2 139870 
3 139470 
4 139370 
5 139270 
6 139070 
7 138970 
8 138740 
9 138730 
10 138430 
11 138270 
12 138070 
13 137670 
14 137610 
15 136810 
16 136710 
17 136510 
18 135910 
19 135680 
20 135680 
21 135660 
22 135260 
23 135160 
24 134760 
25 134560 
26 134460 
27 134460 
28 134260 
29 134250 
30 134050 
31 133790 
32 133770 
33 133670 
34 133470 
35 132890 
36 132590 
37 132520 
38 132420 
39 131620 
40 131420 
41 131220 
42 131020 
43 130890 
44 130790 
45 130690 
46 130660 
47 130460 
48 130400 
49 130200 
50 130100 
51 129900 
52 129560 
53 129560 
54 129460 
55 129360 
56 128960 
57 128860 
58 128560 
59 128060 
60 127800 
61 127300 
62 126890 
63 126620 
64 126320 
65 126090 
66 125890 
67 125390 
68 125090 
69 125040 
70 124900 
71 124800 
72 124660 
73 124540 
74 124140 
75 123940 
76 123640 
77 123590 
78 123390 
79 123190 
80 123060 
81 122760 
82 122360 
83 122160 
84 121960 
85 121890 
86 121590 
87 121490 
88 120800 
89 120650 
90 120450 
91 120450 
92 120250 
93 120020 
94 119880 
95 119410 
96 119110 
97 119050 
98 118850 
99 118790 
100 118330 
101 118030 
102 117940 
103 117640 
104 117410 
105 117310 
106 117080 
107 116950 
108 116650 
109 116390 
110 115950 
111 115850 
112 115750 
113 115650 
114 115550 
115 115150 
116 115050 
117 115050 
118 114950 
119 114950 
120 114930 
121 114830 
122 114630 
123 114450 
124 114350 
125 114250 
126 114050 
127 113850 
128 113650 
129 113550 
130 112950 
131 112550 
132 112350 
133 112150 
134 111950 
135 111750 
136 111650 
137 111550 
138 111500 
139 110700 
140 110600 
141 110400 
142 110000 
143 109900 
144 109900 
145 109700 
146 109500 
147 109100 
148 108700 
149 108590 
150 108390 
151 108160 
152 107960 
153 107560 
154 107360 
155 107160 
156 106960 
157 106760 
158 106660 
159 106460 
160 106160 
161 106160 
162 106060 
163 105960 
164 105860 
165 105660 
166 105560 
167 105160 
168 105160 
169 105060 
170 104460 
171 104360 
172 104260 
173 104060 
174 103960 
175 103060 
176 102860 
177 102660 
178 102460 
179 102190 
180 101930 
181 101330 
182 100870 
183 100470 
184 100370 
185 100230 
186 100110 
187 100110 
188 100040 
189 99840 
190 99640 
191 99240 
192 98970 
193 98870 
194 98870 
195 98690 
196 98490 
197 98310 
198 98310 
199 98210 
200 98110 
201 96710 
202 96310 
203 96310 
204 96310 
205 96110 
206 95910 
207 95510 
208 94410 
209 94310 
210 94310 
211 94310 
212 94110 
213 94110 
214 94110 
215 94110 
216 94110 
217 94110 
218 94110 
219 94110 
220 94110 
221 94110 
222 94110 
223 94110 
224 94110 
225 94110 
226 94110 
227 94110 
228 94110 
229 94110 
230 94110 
231 94110 
232 94110 
233 94110 
234 94110 
235 94110 
236 94110 
237 94110 
238 94110 
239 94110 
240 94110 
241 94110 
242 94110 
243 94110 
244 94110 
245 94110 
246 94110 
247 94110 
248 94110 
249 94110 
250 94110 
251 94110 
252 94110 
253 94110 
254 94110 
255 94110 
256 94110 
257 94110 
258 94110 
259 94110 
260 94110 
261 94110 
262 94110 
263 94110 
264 94110 
265 94110 
266 94110 
267 94110 
268 94110 
269 94110 
270 94110 
271 94110 
272 94110 
273 94110 
274 94110 
275 94110 
276 94110 
277 94110 
278 94110 
279 94110 
280 94110 
281 94110 
282 94110 
283 94110 
284 94110 
285 94110 
286 94110 
287 94110 
288 94110 
289 94110 
290 94110 
291 94110 
292 94110 
293 94110 
294 94110 
295 94110 
296 94110 
297 94110 
298 94110 
299 94110 
300 94110 
301 94110 
302 94110 
303 94110 
304 94110 
305 94110 
306 94110 
307 94110 
308 94110 
309 94110 
310 94110 
311 94110 
312 94110 
313 94110 
314 94110 
315 94110 
316 94110 
317 94110 
318 94110 
319 94110 
320 94110 
321 94110 
322 94110 
323 94110 
324 94110 
325 94110 
326 94110 
327 94110 
328 94110 
329 94110 
330 94110 
331 94110 
332 94110 
333 94110 
334 94110 
335 94110 
336 94110 
337 94110 
338 94110 
339 94110 
340 94110 
341 94110 
342 94110 
343 94110 
344 94110 
345 94110 
346 94110 
347 94110 
348 94110 
349 94110 
350 94110 
351 94110 
352 94110 
353 94110 
354 94110 
355 94110 
356 94110 
357 94110 
358 94110 
359 94110 
360 94110 
361 94110 
362 94110 
363 94110 
364 94110 
365 94110 
366 94110 
367 94110 
368 94110 
369 94110 
370 94110 
371 94110 
372 94110 
373 94110 
374 94110 
375 94110 
376 94110 
377 94110 
378 94110 
379 94110 
380 94110 
381 94110 
382 94110 
383 94110 
384 94110 
385 94110 
386 94110 
387 94110 
388 94110 
389 94110 
390 94110 
391 94110 
392 94110 
393 94110 
394 94110 
395 94110 
396 94110 
397 94110 
398 94110 
399 94110 
400 94110 
401 94110 
402 94110 
403 94110 
404 94110 
405 94110 
406 94110 
407 94110 
408 94110 
409 94110 
410 94110 
411 94110 
412 94110 
413 94110 
414 94110 
415 94110 
416 94110 
417 94110 
418 94110 
419 94110 
420 94110 
421 94110 
422 94110 
423 94110 
424 94110 
425 94110 
426 94110 
427 94110 
428 94110 
429 94110 
430 94110 
431 94110 
432 94110 
433 94110 
434 94110 
435 94110 
436 94110 
437 94110 
438 94110 
439 94110 
440 94110 
441 94110 
442 94110 
443 94110 
444 94110 
445 94110 
446 94110 
447 94110 
448 94110 
449 94110 
450 94110 
451 94110 
452 94110 
453 94110 
454 94110 
455 94110 
456 94110 
457 94110 
458 94110 
459 94110 
460 94110 
461 94110 
462 94110 
463 94110 
464 94110 
465 94110 
466 94110 
467 94110 
468 94110 
469 94110 
470 94110 
471 94110 
472 94110 
473 94110 
474 94110 
475 94110 
476 94110 
477 94110 
478 94110 
479 94110 
480 94110 
481 94110 
482 94110 
483 94110 
484 94110 
485 94110 
486 94110 
487 94110 
488 94110 
489 94110 
490 94110 
491 94110 
492 94110 
493 94110 
494 94110 
495 94110 
496 94110 
497 94110 
498 94110 
499 94110 
500 94110 
501 94110 
502 94110 
503 94110 
504 94110 
505 94110 
506 94110 
507 94110 
508 94110 
509 94110 
510 94110 
511 94110 
512 94110 
513 94110 
514 94110 
515 94110 
516 94110 
517 94110 
518 94110 
519 94110 
520 94110 
521 94110 
522 94110 
523 94110 
524 94110 
525 94110 
526 94110 
527 94110 
528 94110 
529 94110 
530 94110 
531 94110 
532 94110 
533 94110 
534 94110 
535 94110 
536 94110 
537 94110 
538 94110 
539 94110 
540 94110 
541 94110 
542 94110 
543 94110 
544 94110 
545 94110 
546 94110 
547 94110 
548 94110 
549 94110 
550 94110 
551 94110 
552 94110 
553 94110 
554 94110 
555 94110 
556 94110 
557 94110 
558 94110 
559 94110 
560 94110 
561 94110 
562 94110 
563 94110 
564 94110 
565 94110 
566 94110 
567 94110 
568 94110 
569 94110 
570 94110 
571 94110 
572 94110 
573 94110 
574 94110 
575 94110 
576 94110 
577 94110 
578 94110 
579 94110 
580 94110 
581 94110 
582 94110 
583 94110 
584 94110 
585 94110 
586 94110 
587 94110 
588 94110 
589 94110 
590 94110 
591 94110 
592 94110 
593 94110 
594 94110 
595 94110 
596 94110 
597 94110 
598 94110 
599 94110 
600 94110 
601 94110 
602 94110 
603 94110 
604 94110 
605 94110 
606 94110 
607 94110 
608 94110 
609 94110 
610 94110 
611 94110 
612 94110 
613 94110 
614 94110 
615 94110 
616 94110 
617 94110 
618 94110 
619 94110 
620 94110 
621 94110 
622 94110 
623 94110 
624 94110 
625 94110 
626 94110 
627 94110 
628 94110 
629 94110 
630 94110 
631 94110 
632 94110 
633 94110 
634 94110 
635 94110 
636 94110 
637 94110 
638 94110 
639 94110 
640 94110 
641 94110 
642 94110 
643 94110 
644 94110 
645 94110 
646 94110 
647 94110 
648 94110 
649 94110 
650 94110 
651 94110 
652 94110 
653 94110 
654 94110 
655 94110 
656 94110 
657 94110 
658 94110 
659 94110 
660 94110 
661 94110 
662 94110 
663 94110 
664 94110 
665 94110 
666 94110 
667 94110 
668 94110 
669 94110 
670 94110 
671 94110 
672 94110 
673 94110 
674 94110 
675 94110 
676 94110 
677 94110 
678 94110 
679 94110 
680 94110 
681 94110 
682 94110 
683 94110 
684 94110 
685 94110 
686 94110 
687 94110 
688 94110 
689 94110 
690 94110 
691 94110 
692 94110 
693 94110 
694 94110 
695 94110 
696 94110 
697 94110 
698 94110 
699 94110 
700 94110 
701 94110 
702 94110 
703 94110 
704 94110 
705 94110 
706 94110 
707 94110 
708 94110 
709 94110 
710 94110 
711 94110 
712 94110 
713 94110 
714 94110 
715 94110 
716 94110 
717 94110 
718 94110 
719 94110 
720 94110 
721 94110 
722 94110 
723 94110 
724 94110 
725 94110 
726 94110 
727 94110 
728 94110 
729 94110 
730 94110 
731 94110 
732 94110 
733 94110 
734 94110 
735 94110 
736 94110 
737 94110 
738 94110 
739 94110 
740 94110 
741 94110 
742 94110 
743 94110 
744 94110 
745 94110 
746 94110 
747 94110 
748 94110 
749 94110 
750 94110 
751 94110 
752 94110 
753 94110 
754 94110 
755 94110 
756 94110 
757 94110 
758 94110 
759 94110 
760 94110 
761 94110 
762 94110 
763 94110 
764 94110 
765 94110 
766 94110 
767 94110 
768 94110 
769 94110 
770 94110 
771 94110 
772 94110 
773 94110 
774 94110 
775 94110 
776 94110 
777 94110 
778 94110 
779 94110 
780 94110 
781 94110 
782 94110 
783 94110 
784 94110 
785 94110 
786 94110 
787 94110 
788 94110 
789 94110 
790 94110 
791 94110 
792 94110 
793 94110 
794 94110 
795 94110 
796 94110 
797 94110 
798 94110 
799 94110 
800 94110 
801 94110 
802 94110 
803 94110 
804 94110 
805 94110 
806 94110 
807 94110 
808 94110 
809 94110 
810 94110 
811 94110 
812 94110 
813 94110 
814 94110 
815 94110 
816 94110 
817 94110 
818 94110 
819 94110 
820 94110 
821 94110 
822 94110 
823 94110 
824 94110 
825 94110 
826 94110 
827 94110 
828 94110 
829 94110 
830 94110 
831 94110 
832 94110 
833 94110 
834 94110 
835 94110 
836 94110 
837 94110 
838 94110 
839 94110 
840 94110 
841 94110 
842 94110 
843 94110 
844 94110 
845 94110 
846 94110 
847 94110 
848 94110 
849 94110 
850 94110 
851 94110 
852 94110 
853 94110 
854 94110 
855 94110 
856 94110 
857 94110 
858 94110 
859 94110 
860 94110 
861 94110 
862 94110 
863 94110 
864 94110 
865 94110 
866 94110 
867 94110 
868 94110 
869 94110 
870 94110 
871 94110 
872 94110 
873 94110 
874 94110 
875 94110 
876 94110 
877 94110 
878 94110 
879 94110 
880 94110 
881 94110 
882 94110 
883 94110 
884 94110 
885 94110 
886 94110 
887 94110 
888 94110 
889 94110 
890 94110 
891 94110 
892 94110 
893 94110 
894 94110 
895 94110 
896 94110 
897 94110 
898 94110 
899 94110 
900 94110 
901 94110 
902 94110 
903 94110 
904 94110 
905 94110 
906 94110 
907 94110 
908 94110 
909 94110 
910 94110 
911 94110 
912 94110 
913 94110 
914 94110 
915 94110 
916 94110 
917 94110 
918 94110 
919 94110 
920 94110 
921 94110 
922 94110 
923 94110 
924 94110 
925 94110 
926 94110 
927 94110 
928 94110 
929 94110 
930 94110 
931 94110 
932 94110 
933 94110 
934 94110 
935 94110 
936 94110 
937 94110 
938 94110 
939 94110 
940 94110 
941 94110 
942 94110 
943 94110 
944 94110 
945 94110 
946 94110 
947 94110 
948 94110 
949 94110 
950 94110 
951 94110 
952 94110 
953 94110 
954 94110 
955 94110 
956 94110 
957 94110 
958 94110 
959 94110 
960 94110 
961 94110 
962 94110 
963 94110 
964 94110 
965 94110 
966 94110 
967 94110 
968 94110 
969 94110 
970 94110 
971 94110 
972 94110 
973 94110 
974 94110 
975 94110 
976 94110 
977 94110 
978 94110 
979 94110 
980 94110 
981 94110 
982 94110 
983 94110 
984 94110 
985 94110 
986 94110 
987 94110 
988 94110 
989 94110 
990 94110 
991 94110 
992 94110 
993 94110 
994 94110 
995 94110 
996 94110 
997 94110 
998 94110 
999 94110 
1000 94110 
1001 94110 
1002 94110 
1003 94110 
1004 94110 
1005 94110 
1006 94110 
1007 94110 
1008 94110 
1009 94110 
1010 94110 
1011 94110 
1012 94110 
1013 94110 
1014 94110 
1015 94110 
1016 94110 
1017 94110 
1018 94110 
1019 94110 
1020 94110 
1021 94110 
1022 94110 
1023 94110 
1024 94110 
1025 94110 
1026 94110 
1027 94110 
1028 94110 
1029 94110 
1030 94110 
1031 94110 
1032 94110 
1033 94110 
1034 94110 
1035 94110 
1036 94110 
1037 94110 
1038 94110 
1039 94110 
1040 94110 
1041 94110 
1042 94110 
1043 94110 
1044 94110 
1045 94110 
1046 94110 
1047 94110 
1048 94110 
1049 94110 
1050 94110 
1051 94110 
1052 94110 
1053 94110 
1054 94110 
1055 94110 
1056 94110 
1057 94110 
1058 94110 
1059 94110 
1060 94110 
1061 94110 
1062 94110 
1063 94110 
1064 94110 
1065 94110 
1066 94110 
1067 94110 
1068 94110 
1069 94110 
1070 94110 
1071 94110 
1072 94110 
1073 94110 
1074 94110 
1075 94110 
1076 94110 
1077 94110 
1078 94110 
1079 94110 
1080 94110 
1081 94110 
1082 94110 
1083 94110 
1084 94110 
1085 94110 
1086 94110 
1087 94110 
1088 94110 
1089 94110 
1090 94110 
1091 94110 
1092 94110 
1093 94110 
1094 94110 
1095 94110 
1096 94110 
1097 94110 
1098 94110 
1099 94110 
1100 94110 
1101 94110 
1102 94110 
1103 94110 
1104 94110 
1105 94110 
1106 94110 
1107 94110 
1108 94110 
1109 94110 
1110 94110 
1111 94110 
1112 94110 
1113 94110 
1114 94110 
1115 94110 
1116 94110 
1117 94110 
1118 94110 
1119 94110 
1120 94110 
1121 94110 
1122 94110 
1123 94110 
1124 94110 
1125 94110 
1126 94110 
1127 94110 
1128 94110 
1129 94110 
1130 94110 
1131 94110 
1132 94110 
1133 94110 
1134 94110 
1135 94110 
1136 94110 
1137 94110 
1138 94110 
1139 94110 
1140 94110 
1141 94110 
1142 94110 
1143 94110 
1144 94110 
1145 94110 
1146 94110 
1147 94110 
1148 94110 
1149 94110 
1150 94110 
1151 94110 
1152 94110 
1153 94110 
1154 94110 
1155 94110 
1156 94110 
1157 94110 
1158 94110 
1159 94110 
1160 94110 
1161 94110 
1162 94110 
1163 94110 
1164 94110 
1165 94110 
1166 94110 
1167 94110 
1168 94110 
1169 94110 
1170 94110 
1171 94110 
1172 94110 
1173 94110 
1174 94110 
1175 94110 
1176 94110 
1177 94110 
1178 94110 
1179 94110 
1180 94110 
1181 94110 
1182 94110 
1183 94110 
1184 94110 
1185 94110 
1186 94110 
1187 94110 
1188 94110 
1189 94110 
1190 94110 
1191 94110 
1192 94110 
1193 94110 
1194 94110 
1195 94110 
1196 94110 
1197 94110 
1198 94110 
1199 94110 
1200 94110 
1201 94110 
1202 94110 
1203 94110 
1204 94110 
1205 94110 
1206 94110 
1207 94110 
1208 94110 
1209 94110 
1210 94110 
1211 94110 
1212 94110 
1213 94110 
1214 94110 
1215 94110 
1216 94110 
1217 94110 
1218 94110 
1219 94110 
1220 94110 
1221 94110 
1222 94110 
1223 94110 
1224 94110 
1225 94110 
1226 94110 
1227 94110 
1228 94110 
1229 94110 
1230 94110 
1231 94110 
1232 94110 
1233 94110 
1234 94110 
1235 94110 
1236 94110 
1237 94110 
1238 94110 
1239 94110 
1240 94110 
1241 94110 
1242 94110 
1243 94110 
1244 94110 
1245 94110 
1246 94110 
1247 94110 
1248 94110 
1249 94110 
1250 94110 
1251 94110 
1252 94110 
1253 94110 
1254 94110 
1255 94110 
1256 94110 
1257 94110 
1258 94110 
1259 94110 
1260 94110 
1261 94110 
1262 94110 
1263 94110 
1264 94110 
1265 94110 
1266 94110 
1267 94110 
1268 94110 
1269 94110 
1270 94110 
1271 94110 
1272 94110 
1273 94110 
1274 94110 
1275 94110 
1276 94110 
1277 94110 
1278 94110 
1279 94110 
1280 94110 
1281 94110 
1282 94110 
1283 94110 
1284 94110 
1285 94110 
1286 94110 
1287 94110 
1288 94110 
1289 94110 
1290 94110 
1291 94110 
1292 94110 
1293 94110 
1294 94110 
1295 94110 
1296 94110 
1297 94110 
1298 94110 
1299 94110 
1300 94110 
1301 94110 
1302 94110 
1303 94110 
1304 94110 
1305 94110 
1306 94110 
1307 94110 
1308 94110 
1309 94110 
1310 94110 
1311 94110 
1312 94110 
1313 94110 
1314 94110 
1315 94110 
1316 94110 
1317 94110 
1318 94110 
1319 94110 
1320 94110 
1321 94110 
1322 94110 
1323 94110 
1324 94110 
1325 94110 
1326 94110 
1327 94110 
1328 94110 
1329 94110 
1330 94110 
1331 94110 
1332 94110 
1333 94110 
1334 94110 
1335 94110 
1336 94110 
1337 94110 
1338 94110 
1339 94110 
1340 94110 
1341 94110 
1342 94110 
1343 94110 
1344 94110 
1345 94110 
1346 94110 
1347 94110 
1348 94110 
1349 94110 
1350 94110 
1351 94110 
1352 94110 
1353 94110 
1354 94110 
1355 94110 
1356 94110 
1357 94110 
1358 94110 
1359 94110 
1360 94110 
1361 94110 
1362 94110 
1363 94110 
1364 94110 
1365 94110 
1366 94110 
1367 94110 
1368 94110 
1369 94110 
1370 94110 
1371 94110 
1372 94110 
1373 94110 
1374 94110 
1375 94110 
1376 94110 
1377 94110 
1378 94110 
1379 94110 
1380 94110 
1381 94110 
1382 94110 
1383 94110 
1384 94110 
1385 94110 
1386 94110 
1387 94110 
1388 94110 
1389 94110 
1390 94110 
1391 94110 
1392 94110 
1393 94110 
1394 94110 
1395 94110 
1396 94110 
1397 94110 
1398 94110 
1399 94110 
1400 94110 
1401 94110 
1402 94110 
1403 94110 
1404 94110 
1405 94110 
1406 94110 
1407 94110 
1408 94110 
1409 94110 
1410 94110 
1411 94110 
1412 94110 
1413 94110 
1414 94110 
1415 94110 
1416 94110 
1417 94110 
1418 94110 
1419 94110 
1420 94110 
1421 94110 
1422 94110 
1423 94110 
1424 94110 
1425 94110 
1426 94110 
1427 94110 
1428 94110 
1429 94110 
1430 94110 
1431 94110 
1432 94110 
1433 94110 
1434 94110 
1435 94110 
1436 94110 
1437 94110 
1438 94110 
1439 94110 
1440 94110 
1441 94110 
1442 94110 
1443 94110 
1444 94110 
1445 94110 
1446 94110 
1447 94110 
1448 94110 
1449 94110 
1450 94110 
1451 94110 
1452 94110 
1453 94110 
1454 94110 
1455 94110 
1456 94110 
1457 94110 
1458 94110 
1459 94110 
1460 94110 
1461 94110 
1462 94110 
1463 94110 
1464 94110 
1465 94110 
1466 94110 
1467 94110 
1468 94110 
1469 94110 
1470 94110 
1471 94110 
1472 94110 
1473 94110 
1474 94110 
1475 94110 
1476 94110 
1477 94110 
1478 94110 
1479 94110 
1480 94110 
1481 94110 
1482 94110 
1483 94110 
1484 94110 
1485 94110 
1486 94110 
1487 94110 
1488 94110 
1489 94110 
1490 94110 
1491 94110 
1492 94110 
1493 94110 
1494 94110 
1495 94110 
1496 94110 
1497 94110 
1498 94110 
1499 94110 
1500 94110 
1501 94110 
1502 94110 
1503 94110 
1504 94110 
1505 94110 
1506 94110 
1507 94110 
1508 94110 
1509 94110 
1510 94110 
1511 94110 
1512 94110 
1513 94110 
1514 94110 
1515 94110 
1516 94110 
1517 94110 
1518 94110 
1519 94110 
1520 94110 
1521 94110 
1522 94110 
1523 94110 
1524 94110 
1525 94110 
1526 94110 
1527 94110 
1528 94110 
1529 94110 
1530 94110 
1531 94110 
1532 94110 
1533 94110 
1534 94110 
1535 94110 
1536 94110 
1537 94110 
1538 94110 
1539 94110 
1540 94110 
1541 94110 
1542 94110 
1543 94110 
1544 94110 
1545 94110 
1546 94110 
1547 94110 
1548 94110 
1549 94110 
1550 94110 
1551 94110 
1552 94110 
1553 94110 
1554 94110 
1555 94110 
1556 94110 
1557 94110 
1558 94110 
1559 94110 
1560 94110 
1561 94110 
1562 94110 
1563 94110 
1564 94110 
1565 94110 
1566 94110 
1567 94110 
1568 94110 
1569 94110 
1570 94110 
1571 94110 
1572 94110 
1573 94110 
1574 94110 
1575 94110 
1576 94110 
1577 94110 
1578 94110 
1579 94110 
1580 94110 
1581 94110 
1582 94110 
1583 94110 
1584 94110 
1585 94110 
1586 94110 
1587 94110 
1588 94110 
1589 94110 
1590 94110 
1591 94110 
1592 94110 
1593 94110 
1594 94110 
1595 94110 
1596 94110 
1597 94110 
1598 94110 
1599 94110 
1600 94110 
1601 94110 
1602 94110 
1603 94110 
1604 94110 
1605 94110 
1606 94110 
1607 94110 
1608 94110 
1609 94110 
1610 94110 
1611 94110 
1612 94110 
1613 94110 
1614 94110 
1615 94110 
1616 94110 
1617 94110 
1618 94110 
1619 94110 
1620 94110 
1621 94110 
1622 94110 
1623 94110 
1624 94110 
1625 94110 
1626 94110 
1627 94110 
1628 94110 
1629 94110 
1630 94110 
1631 94110 
1632 94110 
1633 94110 
1634 94110 
1635 94110 
1636 94110 
1637 94110 
1638 94110 
1639 94110 
1640 94110 
1641 94110 
1642 94110 
1643 94110 
1644 94110 
1645 94110 
1646 94110 
1647 94110 
1648 94110 
1649 94110 
1650 94110 
1651 94110 
1652 94110 
1653 94110 
1654 94110 
1655 94110 
1656 94110 
1657 94110 
1658 94110 
1659 94110 
1660 94110 
1661 94110 
1662 94110 
1663 94110 
1664 94110 
1665 94110 
1666 94110 
1667 94110 
1668 94110 
1669 94110 
1670 94110 
1671 94110 
1672 94110 
1673 94110 
1674 94110 
1675 94110 
1676 94110 
1677 94110 
1678 94110 
1679 94110 
1680 94110 
1681 94110 
1682 94110 
1683 94110 
1684 94110 
1685 94110 
1686 94110 
1687 94110 
1688 94110 
1689 94110 
1690 94110 
1691 94110 
1692 94110 
1693 94110 
1694 94110 
1695 94110 
1696 94110 
1697 94110 
1698 94110 
1699 94110 
1700 94110 
1701 94110 
1702 94110 
1703 94110 
1704 94110 
1705 94110 
1706 94110 
1707 94110 
1708 94110 
1709 94110 
1710 94110 
1711 94110 
1712 94110 
1713 94110 
1714 94110 
1715 94110 
1716 94110 
1717 94110 
1718 94110 
1719 94110 
1720 94110 
1721 94110 
1722 94110 
1723 94110 
1724 94110 
1725 94110 
1726 94110 
1727 94110 
1728 94110 
1729 94110 
1730 94110 
1731 94110 
1732 94110 
1733 94110 
1734 94110 
1735 94110 
1736 94110 
1737 94110 
1738 94110 
1739 94110 
1740 94110 
1741 94110 
1742 94110 
1743 94110 
1744 94110 
1745 94110 
1746 94110 
1747 94110 
1748 94110 
1749 94110 
1750 94110 
1751 94110 
1752 94110 
1753 94110 
1754 94110 
1755 94110 
1756 94110 
1757 94110 
1758 94110 
1759 94110 
1760 94110 
1761 94110 
1762 94110 
1763 94110 
1764 94110 
1765 94110 
1766 94110 
1767 94110 
1768 94110 
1769 94110 
1770 94110 
1771 94110 
1772 94110 
1773 94110 
1774 94110 
1775 94110 
1776 94110 
1777 94110 
1778 94110 
1779 94110 
1780 94110 
1781 94110 
1782 94110 
1783 94110 
1784 94110 
1785 94110 
1786 94110 
1787 94110 
1788 94110 
1789 94110 
1790 94110 
1791 94110 
1792 94110 
1793 94110 
1794 94110 
1795 94110 
1796 94110 
1797 94110 
1798 94110 
1799 94110 
1800 94110 
1801 94110 
1802 94110 
1803 94110 
1804 94110 
1805 94110 
1806 94110 
1807 94110 
1808 94110 
1809 94110 
1810 94110 
1811 94110 
1812 94110 
1813 94110 
1814 94110 
1815 94110 
1816 94110 
1817 94110 
1818 94110 
1819 94110 
1820 94110 
1821 94110 
1822 94110 
1823 94110 
1824 94110 
1825 94110 
1826 94110 
1827 94110 
1828 94110 
1829 94110 
1830 94110 
1831 94110 
1832 94110 
1833 94110 
1834 94110 
1835 94110 
1836 94110 
1837 94110 
1838 94110 
1839 94110 
1840 94110 
1841 94110 
1842 94110 
1843 94110 
1844 94110 
1845 94110 
1846 94110 
1847 94110 
1848 94110 
1849 94110 
1850 94110 
1851 94110 
1852 94110 
1853 94110 
1854 94110 
1855 94110 
1856 94110 
1857 94110 
1858 94110 
1859 94110 
1860 94110 
1861 94110 
1862 94110 
1863 94110 
1864 94110 
1865 94110 
1866 94110 
1867 94110 
1868 94110 
1869 94110 
1870 94110 
1871 94110 
1872 94110 
1873 94110 
1874 94110 
1875 94110 
1876 94110 
1877 94110 
1878 94110 
1879 94110 
1880 94110 
1881 94110 
1882 94110 
1883 94110 
1884 94110 
1885 94110 
1886 94110 
1887 94110 
1888 94110 
1889 94110 
1890 94110 
1891 94110 
1892 94110 
1893 94110 
1894 94110 
1895 94110 
1896 94110 
1897 94110 
1898 94110 
1899 94110 
1900 94110 
1901 94110 
1902 94110 
1903 94110 
1904 94110 
1905 94110 
1906 94110 
1907 94110 
1908 94110 
1909 94110 
1910 94110 
1911 94110 
1912 94110 
1913 94110 
1914 94110 
1915 94110 
1916 94110 
1917 94110 
1918 94110 
1919 94110 
1920 94110 
1921 94110 
1922 94110 
1923 94110 
1924 94110 
1925 94110 
1926 94110 
1927 94110 
1928 94110 
1929 94110 
1930 94110 
1931 94110 
1932 94110 
1933 94110 
1934 94110 
1935 94110 
1936 94110 
1937 94110 
1938 94110 
1939 94110 
1940 94110 
1941 94110 
1942 94110 
1943 94110 
1944 94110 
1945 94110 
1946 94110 
1947 94110 
1948 94110 
1949 94110 
1950 94110 
1951 94110 
1952 94110 
1953 94110 
1954 94110 
1955 94110 
1956 94110 
1957 94110 
1958 94110 
1959 94110 
1960 94110 
1961 94110 
1962 94110 
1963 94110 
1964 94110 
1965 94110 
1966 94110 
1967 94110 
1968 94110 
1969 94110 
1970 94110 
1971 94110 
1972 94110 
1973 94110 
1974 94110 
1975 94110 
1976 94110 
1977 94110 
1978 94110 
1979 94110 
1980 94110 
1981 94110 
1982 94110 
1983 94110 
1984 94110 
1985 94110 
1986 94110 
1987 94110 
1988 94110 
1989 94110 
1990 94110 
1991 94110 
1992 94110 
1993 94110 
1994 94110 
1995 94110 
1996 94110 
1997 94110 
1998 94110 
1999 94110 
2000 94110 
2001 94110 
2002 94110 
2003 94110 
2004 94110 
2005 94110 
2006 94110 
2007 94110 
2008 94110 
2009 94110 
2010 94110 
2011 94110 
2012 94110 
2013 94110 
2014 94110 
2015 94110 
2016 94110 
2017 94110 
2018 94110 
2019 94110 
2020 94110 
2021 94110 
2022 94110 
2023 94110 
2024 94110 
2025 94110 
2026 94110 
2027 94110 
2028 94110 
2029 94110 
2030 94110 
2031 94110 
2032 94110 
2033 94110 
2034 94110 
2035 94110 
2036 94110 
2037 94110 
2038 94110 
2039 94110 
2040 94110 
2041 94110 
2042 94110 
2043 94110 
2044 94110 
2045 94110 
2046 94110 
2047 94110 
2048 94110 
2049 94110 
2050 94110 
2051 94110 
2052 94110 
2053 94110 
2054 94110 
2055 94110 
2056 94110 
2057 94110 
2058 94110 
2059 94110 
2060 94110 
2061 94110 
2062 94110 
2063 94110 
2064 94110 
2065 94110 
2066 94110 
2067 94110 
2068 94110 
2069 94110 
2070 94110 
2071 94110 
2072 94110 
2073 94110 
2074 94110 
2075 94110 
2076 94110 
2077 94110 
2078 94110 
2079 94110 
2080 94110 
2081 94110 
2082 94110 
2083 94110 
2084 94110 
2085 94110 
2086 94110 
2087 94110 
2088 94110 
2089 94110 
2090 94110 
2091 94110 
2092 94110 
2093 94110 
2094 94110 
2095 94110 
2096 94110 
2097 94110 
2098 94110 
2099 94110 
2100 94110 
2101 94110 
2102 94110 
2103 94110 
2104 94110 
2105 94110 
2106 94110 
2107 94110 
2108 94110 
2109 94110 
2110 94110 
2111 94110 
2112 94110 
2113 94110 
2114 94110 
2115 94110 
2116 94110 
2117 94110 
2118 94110 
2119 94110 
2120 94110 
2121 94110 
2122 94110 
2123 94110 
2124 94110 
2125 94110 
2126 94110 
2127 94110 
2128 94110 
2129 94110 
2130 94110 
2131 94110 
2132 94110 
2133 94110 
2134 94110 
2135 94110 
2136 94110 
2137 94110 
2138 94110 
2139 94110 
2140 94110 
2141 94110 
2142 94110 
2143 94110 
2144 94110 
2145 94110 
2146 94110 
2147 94110 
2148 94110 
2149 94110 
2150 94110 
2151 94110 
2152 94110 
2153 94110 
2154 94110 
2155 94110 
2156 94110 
2157 94110 
2158 94110 
2159 94110 
2160 94110 
2161 94110 
2162 94110 
2163 94110 
2164 94110 
2165 94110 
2166 94110 
2167 94110 
2168 94110 
2169 94110 
2170 94110 
2171 94110 
2172 94110 
2173 94110 
2174 94110 
2175 94110 
2176 94110 
2177 94110 
2178 94110 
2179 94110 
2180 94110 
2181 94110 
2182 94110 
2183 94110 
2184 94110 
2185 94110 
2186 94110 
2187 94110 
2188 94110 
2189 94110 
2190 94110 
2191 94110 
2192 94110 
2193 94110 
2194 94110 
2195 94110 
2196 94110 
2197 94110 
2198 94110 
2199 94110 
2200 94110 
2201 94110 
2202 94110 
2203 94110 
2204 94110 
2205 94110 
2206 94110 
2207 94110 
2208 94110 
2209 94110 
2210 94110 
2211 94110 
2212 94110 
2213 94110 
2214 94110 
2215 94110 
2216 94110 
2217 94110 
2218 94110 
2219 94110 
2220 94110 
2221 94110 
2222 94110 
2223 94110 
2224 94110 
2225 94110 
2226 94110 
2227 94110 
2228 94110 
2229 94110 
2230 94110 
2231 94110 
2232 94110 
2233 94110 
2234 94110 
2235 94110 
2236 94110 
2237 94110 
2238 94110 
2239 94110 
2240 94110 
2241 94110 
2242 94110 
2243 94110 
2244 94110 
2245 94110 
2246 94110 
2247 94110 
2248 94110 
2249 94110 
2250 94110 
2251 94110 
2252 94110 
2253 94110 
2254 94110 
2255 94110 
2256 94110 
2257 94110 
2258 94110 
2259 94110 
2260 94110 
2261 94110 
2262 94110 
2263 94110 
2264 94110 
2265 94110 
2266 94110 
2267 94110 
2268 94110 
2269 94110 
2270 94110 
2271 94110 
2272 94110 
2273 94110 
2274 94110 
2275 94110 
2276 94110 
2277 94110 
2278 94110 
2279 94110 
2280 94110 
2281 94110 
2282 94110 
2283 94110 
2284 94110 
2285 94110 
2286 94110 
2287 94110 
2288 94110 
2289 94110 
2290 94110 
2291 94110 
2292 94110 
2293 94110 
2294 94110 
2295 94110 
2296 94110 
2297 94110 
2298 94110 
2299 94110 
2300 94110 
2301 94110 
2302 94110 
2303 94110 
2304 94110 
2305 94110 
2306 94110 
2307 94110 
2308 94110 
2309 94110 
2310 94110 
2311 94110 
2312 94110 
2313 94110 
2314 94110 
2315 94110 
2316 94110 
2317 94110 
2318 94110 
2319 94110 
2320 94110 
2321 94110 
2322 94110 
2323 94110 
2324 94110 
2325 94110 
2326 94110 
2327 94110 
2328 94110 
2329 94110 
2330 94110 
2331 94110 
2332 94110 
2333 94110 
2334 94110 
2335 94110 
2336 94110 
2337 94110 
2338 94110 
2339 94110 
2340 94110 
2341 94110 
2342 94110 
2343 94110 
2344 94110 
2345 94110 
2346 94110 
2347 94110 
2348 94110 
2349 94110 
2350 94110 
2351 94110 
2352 94110 
2353 94110 
2354 94110 
2355 94110 
2356 94110 
2357 94110 
2358 94110 
2359 94110 
2360 94110 
2361 94110 
2362 94110 
2363 94110 
2364 94110 
2365 94110 
2366 94110 
2367 94110 
2368 94110 
2369 94110 
2370 94110 
2371 94110 
2372 94110 
2373 94110 
2374 94110 
2375 94110 
2376 94110 
2377 94110 
2378 94110 
2379 94110 
2380 94110 
2381 94110 
2382 94110 
2383 94110 
2384 94110 
2385 94110 
2386 94110 
2387 94110 
2388 94110 
2389 94110 
2390 94110 
2391 94110 
2392 94110 
2393 94110 
2394 94110 
2395 94110 
2396 94110 
2397 94110 
2398 94110 
2399 94110 
2400 94110 
2401 94110 
2402 94110 
2403 94110 
2404 94110 
2405 94110 
2406 94110 
2407 94110 
2408 94110 
2409 94110 
2410 94110 
2411 94110 
2412 94110 
2413 94110 
2414 94110 
2415 94110 
2416 94110 
2417 94110 
2418 94110 
2419 94110 
2420 94110 
2421 94110 
2422 94110 
2423 94110 
2424 94110 
2425 94110 
2426 94110 
2427 94110 
2428 94110 
2429 94110 
2430 94110 
2431 94110 
2432 94110 
2433 94110 
2434 94110 
2435 94110 
2436 94110 
2437 94110 
2438 94110 
2439 94110 
2440 94110 
2441 94110 
2442 94110 
2443 94110 
2444 94110 
2445 94110 
2446 94110 
2447 94110 
2448 94110 
2449 94110 
2450 94110 
2451 94110 
2452 94110 
2453 94110 
2454 94110 
2455 94110 
2456 94110 
2457 94110 
2458 94110 
2459 94110 
2460 94110 
2461 94110 
2462 94110 
2463 94110 
2464 94110 
2465 94110 
2466 94110 
2467 94110 
2468 94110 
2469 94110 
2470 94110 
2471 94110 
2472 94110 
2473 94110 
2474 94110 
2475 94110 
2476 94110 
2477 94110 
2478 94110 
2479 94110 
2480 94110 
2481 94110 
2482 94110 
2483 94110 
2484 94110 
2485 94110 
2486 94110 
2487 94110 
2488 94110 
2489 94110 
2490 94110 
2491 94110 
2492 94110 
2493 94110 
2494 94110 
2495 94110 
2496 94110 
2497 94110 
2498 94110 
2499 94110 
2500 94110 
2501 94110 
2502 94110 
2503 94110 
2504 94110 
2505 94110 
2506 94110 
2507 94110 
2508 94110 
2509 94110 
2510 94110 
2511 94110 
2512 94110 
2513 94110 
2514 94110 
2515 94110 
2516 94110 
2517 94110 
2518 94110 
2519 94110 
2520 94110 
2521 94110 
2522 94110 
2523 94110 
2524 94110 
2525 94110 
2526 94110 
2527 94110 
2528 94110 
2529 94110 
2530 94110 
2531 94110 
2532 94110 
2533 94110 
2534 94110 
2535 94110 
2536 94110 
2537 94110 
2538 94110 
2539 94110 
2540 94110 
2541 94110 
2542 94110 
2543 94110 
2544 94110 
2545 94110 
2546 94110 
2547 94110 
2548 94110 
2549 94110 
2550 94110 
2551 94110 
2552 94110 
2553 94110 
2554 94110 
2555 94110 
2556 94110 
2557 94110 
2558 94110 
2559 94110 
2560 94110 
2561 94110 
2562 94110 
2563 94110 
2564 94110 
2565 94110 
2566 94110 
2567 94110 
2568 94110 
2569 94110 
2570 94110 
2571 94110 
2572 94110 
2573 94110 
2574 94110 
2575 94110 
2576 94110 
2577 94110 
2578 94110 
2579 94110 
2580 94110 
2581 94110 
2582 94110 
2583 94110 
2584 94110 
2585 94110 
2586 94110 
2587 94110 
2588 94110 
2589 94110 
2590 94110 
2591 94110 
2592 94110 
2593 94110 
2594 94110 
2595 94110 
2596 94110 
2597 94110 
2598 94110 
2599 94110 
2600 94110 
2601 94110 
2602 94110 
2603 94110 
2604 94110 
2605 94110 
2606 94110 
2607 94110 
2608 94110 
2609 94110 
2610 94110 
2611 94110 
2612 94110 
2613 94110 
2614 94110 
2615 94110 
2616 94110 
2617 94110 
2618 94110 
2619 94110 
2620 94110 
2621 94110 
2622 94110 
2623 94110 
2624 94110 
2625 94110 
2626 94110 
2627 94110 
2628 94110 
2629 94110 
2630 94110 
2631 94110 
2632 94110 
2633 94110 
2634 94110 
2635 94110 
2636 94110 
2637 94110 
2638 94110 
2639 94110 
2640 94110 
2641 94110 
2642 94110 
2643 94110 
2644 94110 
2645 94110 
2646 94110 
2647 94110 
2648 94110 
2649 94110 
2650 94110 
2651 94110 
2652 94110 
2653 94110 
2654 94110 
2655 94110 
2656 94110 
2657 94110 
2658 94110 
2659 94110 
2660 94110 
2661 94110 
2662 94110 
2663 94110 
2664 94110 
2665 94110 
2666 94110 
2667 94110 
2668 94110 
2669 94110 
2670 94110 
2671 94110 
2672 94110 
2673 94110 
2674 94110 
2675 94110 
2676 94110 
2677 94110 
2678 94110 
2679 94110 
2680 94110 
2681 94110 
2682 94110 
2683 94110 
2684 94110 
2685 94110 
2686 94110 
2687 94110 
2688 94110 
2689 94110 
2690 94110 
2691 94110 
2692 94110 
2693 94110 
2694 94110 
2695 94110 
2696 94110 
2697 94110 
2698 94110 
2699 94110 
2700 94110 
2701 94110 
2702 94110 
2703 94110 
2704 94110 
2705 94110 
2706 94110 
2707 94110 
2708 94110 
2709 94110 
2710 94110 
2711 94110 
2712 94110 
2713 94110 
2714 94110 
2715 94110 
2716 94110 
2717 94110 
2718 94110 
2719 94110 
2720 94110 
2721 94110 
2722 94110 
2723 94110 
2724 94110 
2725 94110 
2726 94110 
2727 94110 
2728 94110 
2729 94110 
2730 94110 
2731 94110 
2732 94110 
2733 94110 
2734 94110 
2735 94110 
2736 94110 
2737 94110 
2738 94110 
2739 94110 
2740 94110 
2741 94110 
2742 94110 
2743 94110 
2744 94110 
2745 94110 
2746 94110 
2747 94110 
2748 94110 
2749 94110 
2750 94110 
2751 94110 
2752 94110 
2753 94110 
2754 94110 
2755 94110 
2756 94110 
2757 94110 
2758 94110 
2759 94110 
2760 94110 
2761 94110 
2762 94110 
2763 94110 
2764 94110 
2765 94110 
2766 94110 
2767 94110 
2768 94110 
2769 94110 
2770 94110 
2771 94110 
2772 94110 
2773 94110 
2774 94110 
2775 94110 
2776 94110 
2777 94110 
2778 94110 
2779 94110 
2780 94110 
2781 94110 
2782 94110 
2783 94110 
2784 94110 
2785 94110 
2786 94110 
2787 94110 
2788 94110 
2789 94110 
2790 94110 
2791 94110 
2792 94110 
2793 94110 
2794 94110 
2795 94110 
2796 94110 
2797 94110 
2798 94110 
2799 94110 
2800 94110 
2801 94110 
2802 94110 
2803 94110 
2804 94110 
2805 94110 
2806 94110 
2807 94110 
2808 94110 
2809 94110 
2810 94110 
2811 94110 
2812 94110 
2813 94110 
2814 94110 
2815 94110 
2816 94110 
2817 94110 
2818 94110 
2819 94110 
2820 94110 
2821 94110 
2822 94110 
2823 94110 
2824 94110 
2825 94110 
2826 94110 
2827 94110 
2828 94110 
2829 94110 
2830 94110 
2831 94110 
2832 94110 
2833 94110 
2834 94110 
2835 94110 
2836 94110 
2837 94110 
2838 94110 
2839 94110 
2840 94110 
2841 94110 
2842 94110 
2843 94110 
2844 94110 
2845 94110 
2846 94110 
2847 94110 
2848 94110 
2849 94110 
2850 94110 
2851 94110 
2852 94110 
2853 94110 
2854 94110 
2855 94110 
2856 94110 
2857 94110 
2858 94110 
2859 94110 
2860 94110 
2861 94110 
2862 94110 
2863 94110 
2864 94110 
2865 94110 
2866 94110 
2867 94110 
2868 94110 
2869 94110 
2870 94110 
2871 94110 
2872 94110 
2873 94110 
2874 94110 
2875 94110 
2876 94110 
2877 94110 
2878 94110 
2879 94110 
2880 94110 
2881 94110 
2882 94110 
2883 94110 
2884 94110 
2885 94110 
2886 94110 
2887 94110 
2888 94110 
2889 94110 
2890 94110 
2891 94110 
2892 94110 
2893 94110 
2894 94110 
2895 94110 
2896 94110 
2897 94110 
2898 94110 
2899 94110 
2900 94110 
2901 94110 
2902 94110 
2903 94110 
2904 94110 
2905 94110 
2906 94110 
2907 94110 
2908 94110 
2909 94110 
2910 94110 
2911 94110 
2912 94110 
2913 94110 
2914 94110 
2915 94110 
2916 94110 
2917 94110 
2918 94110 
2919 94110 
2920 94110 
2921 94110 
2922 94110 
2923 94110 
2924 94110 
2925 94110 
2926 94110 
2927 94110 
2928 94110 
2929 94110 
2930 94110 
2931 94110 
2932 94110 
2933 94110 
2934 94110 
2935 94110 
2936 94110 
2937 94110 
2938 94110 
2939 94110 
2940 94110 
2941 94110 
2942 94110 
2943 94110 
2944 94110 
2945 94110 
2946 94110 
2947 94110 
2948 94110 
2949 94110 
2950 94110 
2951 94110 
2952 94110 
2953 94110 
2954 94110 
2955 94110 
2956 94110 
2957 94110 
2958 94110 
2959 94110 
2960 94110 
2961 94110 
2962 94110 
2963 94110 
2964 94110 
2965 94110 
2966 94110 
2967 94110 
2968 94110 
2969 94110 
2970 94110 
2971 94110 
2972 94110 
2973 94110 
2974 94110 
2975 94110 
2976 94110 
2977 94110 
2978 94110 
2979 94110 
2980 94110 
2981 94110 
2982 94110 
2983 94110 
2984 94110 
2985 94110 
2986 94110 
2987 94110 
2988 94110 
2989 94110 
2990 94110 
2991 94110 
2992 94110 
2993 94110 
2994 94110 
2995 94110 
2996 94110 
2997 94110 
2998 94110 
2999 94110 
3000 94110 
3001 94110 
3002 94110 
3003 94110 
3004 94110 
3005 94110 
3006 94110 
3007 94110 
3008 94110 
3009 94110 
3010 94110 
3011 94110 
3012 94110 
3013 94110 
3014 94110 
3015 94110 
3016 94110 
3017 94110 
3018 94110 
3019 94110 
3020 94110 
3021 94110 
3022 94110 
3023 94110 
3024 94110 
3025 94110 
3026 94110 
3027 94110 
3028 94110 
3029 94110 
3030 94110 
3031 94110 
3032 94110 
3033 94110 
3034 94110 
3035 94110 
3036 94110 
3037 94110 
3038 94110 
3039 94110 
3040 94110 
3041 94110 
3042 94110 
3043 94110 
3044 94110 
3045 94110 
3046 94110 
3047 94110 
3048 94110 
3049 94110 
3050 94110 
3051 94110 
3052 94110 
3053 94110 
3054 94110 
3055 94110 
3056 94110 
3057 94110 
3058 94110 
3059 94110 
3060 94110 
3061 94110 
3062 94110 
3063 94110 
3064 94110 
3065 94110 
3066 94110 
3067 94110 
3068 94110 
3069 94110 
3070 94110 
3071 94110 
3072 94110 
3073 94110 
3074 94110 
3075 94110 
3076 94110 
3077 94110 
3078 94110 
3079 94110 
3080 94110 
3081 94110 
3082 94110 
3083 94110 
3084 94110 
3085 94110 
3086 94110 
3087 94110 
3088 94110 
3089 94110 
3090 94110 
3091 94110 
3092 94110 
3093 94110 
3094 94110 
3095 94110 
3096 94110 
3097 94110 
3098 94110 
3099 94110 
3100 94110 
3101 94110 
3102 94110 
3103 94110 
3104 94110 
3105 94110 
3106 94110 
3107 94110 
3108 94110 
3109 94110 
3110 94110 
3111 94110 
3112 94110 
3113 94110 
3114 94110 
3115 94110 
3116 94110 
3117 94110 
3118 94110 
3119 94110 
3120 94110 
3121 94110 
3122 94110 
3123 94110 
3124 94110 
3125 94110 
3126 94110 
3127 94110 
3128 94110 
3129 94110 
3130 94110 
3131 94110 
3132 94110 
3133 94110 
3134 94110 
3135 94110 
3136 94110 
3137 94110 
3138 94110 
3139 94110 
3140 94110 
3141 94110 
3142 94110 
3143 94110 
3144 94110 
3145 94110 
3146 94110 
3147 94110 
3148 94110 
3149 94110 
3150 94110 
3151 94110 
3152 94110 
3153 94110 
3154 94110 
3155 94110 
3156 94110 
3157 94110 
3158 94110 
3159 94110 
3160 94110 
3161 94110 
3162 94110 
3163 94110 
3164 94110 
3165 94110 
3166 94110 
3167 94110 
3168 94110 
3169 94110 
3170 94110 
3171 94110 
3172 94110 
3173 94110 
3174 94110 
3175 94110 
3176 94110 
3177 94110 
3178 94110 
3179 94110 
3180 94110 
3181 94110 
3182 94110 
3183 94110 
3184 94110 
3185 94110 
3186 94110 
3187 94110 
3188 94110 
3189 94110 
3190 94110 
3191 94110 
3192 94110 
3193 94110 
3194 94110 
3195 94110 
3196 94110 
3197 94110 
3198 94110 
3199 94110 
3200 94110 
3201 94110 
3202 94110 
3203 94110 
3204 94110 
3205 94110 
3206 94110 
3207 94110 
3208 94110 
3209 94110 
3210 94110 
3211 94110 
3212 94110 

