0 134610 
1 134010 
2 133910 
3 133780 
4 133680 
5 133420 
6 133420 
7 133370 
8 133270 
9 133070 
10 133010 
11 132980 
12 132780 
13 132380 
14 131780 
15 131090 
16 130990 
17 130890 
18 130790 
19 130080 
20 129980 
21 129980 
22 129780 
23 129380 
24 129080 
25 128680 
26 128280 
27 127880 
28 127180 
29 126880 
30 126420 
31 126220 
32 125420 
33 125320 
34 124720 
35 124710 
36 124310 
37 124110 
38 123910 
39 123810 
40 123610 
41 123530 
42 123430 
43 123420 
44 122720 
45 122430 
46 122230 
47 121630 
48 121530 
49 121130 
50 119930 
51 119630 
52 119530 
53 119300 
54 119100 
55 118900 
56 118800 
57 118790 
58 118690 
59 118570 
60 118480 
61 118380 
62 118180 
63 117880 
64 117390 
65 117290 
66 117190 
67 117190 
68 117070 
69 116470 
70 116390 
71 116160 
72 115660 
73 115460 
74 115360 
75 115290 
76 114770 
77 114540 
78 114310 
79 114310 
80 113990 
81 113690 
82 113490 
83 113210 
84 112910 
85 112710 
86 112310 
87 112110 
88 111910 
89 111710 
90 111610 
91 111380 
92 111180 
93 111180 
94 110710 
95 110280 
96 109780 
97 109580 
98 109350 
99 109120 
100 108820 
101 108720 
102 108260 
103 108050 
104 107850 
105 107750 
106 107350 
107 107350 
108 107350 
109 107090 
110 106890 
111 106890 
112 106690 
113 106230 
114 105630 
115 105530 
116 105530 
117 105080 
118 104680 
119 104580 
120 104380 
121 104080 
122 103480 
123 103050 
124 102650 
125 102550 
126 101950 
127 101950 
128 101750 
129 101430 
130 101330 
131 101130 
132 101090 
133 101090 
134 100990 
135 100590 
136 100490 
137 100290 
138 100090 
139 99890 
140 99690 
141 99490 
142 99090 
143 99090 
144 98890 
145 98690 
146 98510 
147 98210 
148 98110 
149 97510 
150 97510 
151 97410 
152 97310 
153 97210 
154 97010 
155 96210 
156 96210 
157 96210 
158 95610 
159 95610 
160 95610 
161 95610 
162 95610 
163 95410 
164 95410 
165 95010 
166 94710 
167 94410 
168 94410 
169 93810 
170 93810 
171 93610 
172 93610 
173 93540 
174 93540 
175 93540 
176 93540 
177 93540 
178 93540 
179 93340 
180 93340 
181 93340 
182 92840 
183 92240 
184 92240 
185 92240 
186 92240 
187 92240 
188 92240 
189 92240 
190 92240 
191 92240 
192 92240 
193 92240 
194 92240 
195 92240 
196 92240 
197 92240 
198 92240 
199 92240 
200 92040 
201 92040 
202 92040 
203 92040 
204 92040 
205 92040 
206 92040 
207 92040 
208 92040 
209 92040 
210 92040 
211 92040 
212 92040 
213 92040 
214 92040 
215 92040 
216 92040 
217 92040 
218 92040 
219 92040 
220 92040 
221 92040 
222 92040 
223 92040 
224 92040 
225 92040 
226 92040 
227 92040 
228 92040 
229 92040 
230 92040 
231 92040 
232 92040 
233 92040 
234 92040 
235 92040 
236 92040 
237 92040 
238 92040 
239 92040 
240 92040 
241 92040 
242 92040 
243 92040 
244 92040 
245 92040 
246 92040 
247 92040 
248 92040 
249 92040 
250 92040 
251 92040 
252 92040 
253 92040 
254 92040 
255 92040 
256 92040 
257 92040 
258 92040 
259 92040 
260 92040 
261 92040 
262 92040 
263 92040 
264 92040 
265 92040 
266 92040 
267 92040 
268 92040 
269 92040 
270 92040 
271 92040 
272 92040 
273 92040 
274 92040 
275 92040 
276 92040 
277 92040 
278 92040 
279 92040 
280 92040 
281 92040 
282 92040 
283 92040 
284 92040 
285 92040 
286 92040 
287 92040 
288 92040 
289 92040 
290 92040 
291 92040 
292 92040 
293 92040 
294 92040 
295 92040 
296 92040 
297 92040 
298 92040 
299 92040 
300 92040 
301 92040 
302 92040 
303 92040 
304 92040 
305 92040 
306 92040 
307 92040 
308 92040 
309 92040 
310 92040 
311 92040 
312 92040 
313 92040 
314 92040 
315 92040 
316 92040 
317 92040 
318 92040 
319 92040 
320 92040 
321 92040 
322 92040 
323 92040 
324 92040 
325 92040 
326 92040 
327 92040 
328 92040 
329 92040 
330 92040 
331 92040 
332 92040 
333 92040 
334 92040 
335 92040 
336 92040 
337 92040 
338 92040 
339 92040 
340 92040 
341 92040 
342 92040 
343 92040 
344 92040 
345 92040 
346 92040 
347 92040 
348 92040 
349 92040 
350 92040 
351 92040 
352 92040 
353 92040 
354 92040 
355 92040 
356 92040 
357 92040 
358 92040 
359 92040 
360 92040 
361 92040 
362 92040 
363 92040 
364 92040 
365 92040 
366 92040 
367 92040 
368 92040 
369 92040 
370 92040 
371 92040 
372 92040 
373 92040 
374 92040 
375 92040 
376 92040 
377 92040 
378 92040 
379 92040 
380 92040 
381 92040 
382 92040 
383 92040 
384 92040 
385 92040 
386 92040 
387 92040 
388 92040 
389 92040 
390 92040 
391 92040 
392 92040 
393 92040 
394 92040 
395 92040 
396 92040 
397 92040 
398 92040 
399 92040 
400 92040 
401 92040 
402 92040 
403 92040 
404 92040 
405 92040 
406 92040 
407 92040 
408 92040 
409 92040 
410 92040 
411 92040 
412 92040 
413 92040 
414 92040 
415 92040 
416 92040 
417 92040 
418 92040 
419 92040 
420 92040 
421 92040 
422 92040 
423 92040 
424 92040 
425 92040 
426 92040 
427 92040 
428 92040 
429 92040 
430 92040 
431 92040 
432 92040 
433 92040 
434 92040 
435 92040 
436 92040 
437 92040 
438 92040 
439 92040 
440 92040 
441 92040 
442 92040 
443 92040 
444 92040 
445 92040 
446 92040 
447 92040 
448 92040 
449 92040 
450 92040 
451 92040 
452 92040 
453 92040 
454 92040 
455 92040 
456 92040 
457 92040 
458 92040 
459 92040 
460 92040 
461 92040 
462 92040 
463 92040 
464 92040 
465 92040 
466 92040 
467 92040 
468 92040 
469 92040 
470 92040 
471 92040 
472 92040 
473 92040 
474 92040 
475 92040 
476 92040 
477 92040 
478 92040 
479 92040 
480 92040 
481 92040 
482 92040 
483 92040 
484 92040 
485 92040 
486 92040 
487 92040 
488 92040 
489 92040 
490 92040 
491 92040 
492 92040 
493 92040 
494 92040 
495 92040 
496 92040 
497 92040 
498 92040 
499 92040 
500 92040 
501 92040 
502 92040 
503 92040 
504 92040 
505 92040 
506 92040 
507 92040 
508 92040 
509 92040 
510 92040 
511 92040 
512 92040 
513 92040 
514 92040 
515 92040 
516 92040 
517 92040 
518 92040 
519 92040 
520 92040 
521 92040 
522 92040 
523 92040 
524 92040 
525 92040 
526 92040 
527 92040 
528 92040 
529 92040 
530 92040 
531 92040 
532 92040 
533 92040 
534 92040 
535 92040 
536 92040 
537 92040 
538 92040 
539 92040 
540 92040 
541 92040 
542 92040 
543 92040 
544 92040 
545 92040 
546 92040 
547 92040 
548 92040 
549 92040 
550 92040 
551 92040 
552 92040 
553 92040 
554 92040 
555 92040 
556 92040 
557 92040 
558 92040 
559 92040 
560 92040 
561 92040 
562 92040 
563 92040 
564 92040 
565 92040 
566 92040 
567 92040 
568 92040 
569 92040 
570 92040 
571 92040 
572 92040 
573 92040 
574 92040 
575 92040 
576 92040 
577 92040 
578 92040 
579 92040 
580 92040 
581 92040 
582 92040 
583 92040 
584 92040 
585 92040 
586 92040 
587 92040 
588 92040 
589 92040 
590 92040 
591 92040 
592 92040 
593 92040 
594 92040 
595 92040 
596 92040 
597 92040 
598 92040 
599 92040 
600 92040 
601 92040 
602 92040 
603 92040 
604 92040 
605 92040 
606 92040 
607 92040 
608 92040 
609 92040 
610 92040 
611 92040 
612 92040 
613 92040 
614 92040 
615 92040 
616 92040 
617 92040 
618 92040 
619 92040 
620 92040 
621 92040 
622 92040 
623 92040 
624 92040 
625 92040 
626 92040 
627 92040 
628 92040 
629 92040 
630 92040 
631 92040 
632 92040 
633 92040 
634 92040 
635 92040 
636 92040 
637 92040 
638 92040 
639 92040 
640 92040 
641 92040 
642 92040 
643 92040 
644 92040 
645 92040 
646 92040 
647 92040 
648 92040 
649 92040 
650 92040 
651 92040 
652 92040 
653 92040 
654 92040 
655 92040 
656 92040 
657 92040 
658 92040 
659 92040 
660 92040 
661 92040 
662 92040 
663 92040 
664 92040 
665 92040 
666 92040 
667 92040 
668 92040 
669 92040 
670 92040 
671 92040 
672 92040 
673 92040 
674 92040 
675 92040 
676 92040 
677 92040 
678 92040 
679 92040 
680 92040 
681 92040 
682 92040 
683 92040 
684 92040 
685 92040 
686 92040 
687 92040 
688 92040 
689 92040 
690 92040 
691 92040 
692 92040 
693 92040 
694 92040 
695 92040 
696 92040 
697 92040 
698 92040 
699 92040 
700 92040 
701 92040 
702 92040 
703 92040 
704 92040 
705 92040 
706 92040 
707 92040 
708 92040 
709 92040 
710 92040 
711 92040 
712 92040 
713 92040 
714 92040 
715 92040 
716 92040 
717 92040 
718 92040 
719 92040 
720 92040 
721 92040 
722 92040 
723 92040 
724 92040 
725 92040 
726 92040 
727 92040 
728 92040 
729 92040 
730 92040 
731 92040 
732 92040 
733 92040 
734 92040 
735 92040 
736 92040 
737 92040 
738 92040 
739 92040 
740 92040 
741 92040 
742 92040 
743 92040 
744 92040 
745 92040 
746 92040 
747 92040 
748 92040 
749 92040 
750 92040 
751 92040 
752 92040 
753 92040 
754 92040 
755 92040 
756 92040 
757 92040 
758 92040 
759 92040 
760 92040 
761 92040 
762 92040 
763 92040 
764 92040 
765 92040 
766 92040 
767 92040 
768 92040 
769 92040 
770 92040 
771 92040 
772 92040 
773 92040 
774 92040 
775 92040 
776 92040 
777 92040 
778 92040 
779 92040 
780 92040 
781 92040 
782 92040 
783 92040 
784 92040 
785 92040 
786 92040 
787 92040 
788 92040 
789 92040 
790 92040 
791 92040 
792 92040 
793 92040 
794 92040 
795 92040 
796 92040 
797 92040 
798 92040 
799 92040 
800 92040 
801 92040 
802 92040 
803 92040 
804 92040 
805 92040 
806 92040 
807 92040 
808 92040 
809 92040 
810 92040 
811 92040 
812 92040 
813 92040 
814 92040 
815 92040 
816 92040 
817 92040 
818 92040 
819 92040 
820 92040 
821 92040 
822 92040 
823 92040 
824 92040 
825 92040 
826 92040 
827 92040 
828 92040 
829 92040 
830 92040 
831 92040 
832 92040 
833 92040 
834 92040 
835 92040 
836 92040 
837 92040 
838 92040 
839 92040 
840 92040 
841 92040 
842 92040 
843 92040 
844 92040 
845 92040 
846 92040 
847 92040 
848 92040 
849 92040 
850 92040 
851 92040 
852 92040 
853 92040 
854 92040 
855 92040 
856 92040 
857 92040 
858 92040 
859 92040 
860 92040 
861 92040 
862 92040 
863 92040 
864 92040 
865 92040 
866 92040 
867 92040 
868 92040 
869 92040 
870 92040 
871 92040 
872 92040 
873 92040 
874 92040 
875 92040 
876 92040 
877 92040 
878 92040 
879 92040 
880 92040 
881 92040 
882 92040 
883 92040 
884 92040 
885 92040 
886 92040 
887 92040 
888 92040 
889 92040 
890 92040 
891 92040 
892 92040 
893 92040 
894 92040 
895 92040 
896 92040 
897 92040 
898 92040 
899 92040 
900 92040 
901 92040 
902 92040 
903 92040 
904 92040 
905 92040 
906 92040 
907 92040 
908 92040 
909 92040 
910 92040 
911 92040 
912 92040 
913 92040 
914 92040 
915 92040 
916 92040 
917 92040 
918 92040 
919 92040 
920 92040 
921 92040 
922 92040 
923 92040 
924 92040 
925 92040 
926 92040 
927 92040 
928 92040 
929 92040 
930 92040 
931 92040 
932 92040 
933 92040 
934 92040 
935 92040 
936 92040 
937 92040 
938 92040 
939 92040 
940 92040 
941 92040 
942 92040 
943 92040 
944 92040 
945 92040 
946 92040 
947 92040 
948 92040 
949 92040 
950 92040 
951 92040 
952 92040 
953 92040 
954 92040 
955 92040 
956 92040 
957 92040 
958 92040 
959 92040 
960 92040 
961 92040 
962 92040 
963 92040 
964 92040 
965 92040 
966 92040 
967 92040 
968 92040 
969 92040 
970 92040 
971 92040 
972 92040 
973 92040 
974 92040 
975 92040 
976 92040 
977 92040 
978 92040 
979 92040 
980 92040 
981 92040 
982 92040 
983 92040 
984 92040 
985 92040 
986 92040 
987 92040 
988 92040 
989 92040 
990 92040 
991 92040 
992 92040 
993 92040 
994 92040 
995 92040 
996 92040 
997 92040 
998 92040 
999 92040 
1000 92040 
1001 92040 
1002 92040 
1003 92040 
1004 92040 
1005 92040 
1006 92040 
1007 92040 
1008 92040 
1009 92040 
1010 92040 
1011 92040 
1012 92040 
1013 92040 
1014 92040 
1015 92040 
1016 92040 
1017 92040 
1018 92040 
1019 92040 
1020 92040 
1021 92040 
1022 92040 
1023 92040 
1024 92040 
1025 92040 
1026 92040 
1027 92040 
1028 92040 
1029 92040 
1030 92040 
1031 92040 
1032 92040 
1033 92040 
1034 92040 
1035 92040 
1036 92040 
1037 92040 
1038 92040 
1039 92040 
1040 92040 
1041 92040 
1042 92040 
1043 92040 
1044 92040 
1045 92040 
1046 92040 
1047 92040 
1048 92040 
1049 92040 
1050 92040 
1051 92040 
1052 92040 
1053 92040 
1054 92040 
1055 92040 
1056 92040 
1057 92040 
1058 92040 
1059 92040 
1060 92040 
1061 92040 
1062 92040 
1063 92040 
1064 92040 
1065 92040 
1066 92040 
1067 92040 
1068 92040 
1069 92040 
1070 92040 
1071 92040 
1072 92040 
1073 92040 
1074 92040 
1075 92040 
1076 92040 
1077 92040 
1078 92040 
1079 92040 
1080 92040 
1081 92040 
1082 92040 
1083 92040 
1084 92040 
1085 92040 
1086 92040 
1087 92040 
1088 92040 
1089 92040 
1090 92040 
1091 92040 
1092 92040 
1093 92040 
1094 92040 
1095 92040 
1096 92040 
1097 92040 
1098 92040 
1099 92040 
1100 92040 
1101 92040 
1102 92040 
1103 92040 
1104 92040 
1105 92040 
1106 92040 
1107 92040 
1108 92040 
1109 92040 
1110 92040 
1111 92040 
1112 92040 
1113 92040 
1114 92040 
1115 92040 
1116 92040 
1117 92040 
1118 92040 
1119 92040 
1120 92040 
1121 92040 
1122 92040 
1123 92040 
1124 92040 
1125 92040 
1126 92040 
1127 92040 
1128 92040 
1129 92040 
1130 92040 
1131 92040 
1132 92040 
1133 92040 
1134 92040 
1135 92040 
1136 92040 
1137 92040 
1138 92040 
1139 92040 
1140 92040 
1141 92040 
1142 92040 
1143 92040 
1144 92040 
1145 92040 
1146 92040 
1147 92040 
1148 92040 
1149 92040 
1150 92040 
1151 92040 
1152 92040 
1153 92040 
1154 92040 
1155 92040 
1156 92040 
1157 92040 
1158 92040 
1159 92040 
1160 92040 
1161 92040 
1162 92040 
1163 92040 
1164 92040 
1165 92040 
1166 92040 
1167 92040 
1168 92040 
1169 92040 
1170 92040 
1171 92040 
1172 92040 
1173 92040 
1174 92040 
1175 92040 
1176 92040 
1177 92040 
1178 92040 
1179 92040 
1180 92040 
1181 92040 
1182 92040 
1183 92040 
1184 92040 
1185 92040 
1186 92040 
1187 92040 
1188 92040 
1189 92040 
1190 92040 
1191 92040 
1192 92040 
1193 92040 
1194 92040 
1195 92040 
1196 92040 
1197 92040 
1198 92040 
1199 92040 
1200 92040 
1201 92040 
1202 92040 
1203 92040 
1204 92040 
1205 92040 
1206 92040 
1207 92040 
1208 92040 
1209 92040 
1210 92040 
1211 92040 
1212 92040 
1213 92040 
1214 92040 
1215 92040 
1216 92040 
1217 92040 
1218 92040 
1219 92040 
1220 92040 
1221 92040 
1222 92040 
1223 92040 
1224 92040 
1225 92040 
1226 92040 
1227 92040 
1228 92040 
1229 92040 
1230 92040 
1231 92040 
1232 92040 
1233 92040 
1234 92040 
1235 92040 
1236 92040 
1237 92040 
1238 92040 
1239 92040 
1240 92040 
1241 92040 
1242 92040 
1243 92040 
1244 92040 
1245 92040 
1246 92040 
1247 92040 
1248 92040 
1249 92040 
1250 92040 
1251 92040 
1252 92040 
1253 92040 
1254 92040 
1255 92040 
1256 92040 
1257 92040 
1258 92040 
1259 92040 
1260 92040 
1261 92040 
1262 92040 
1263 92040 
1264 92040 
1265 92040 
1266 92040 
1267 92040 
1268 92040 
1269 92040 
1270 92040 
1271 92040 
1272 92040 
1273 92040 
1274 92040 
1275 92040 
1276 92040 
1277 92040 
1278 92040 
1279 92040 
1280 92040 
1281 92040 
1282 92040 
1283 92040 
1284 92040 
1285 92040 
1286 92040 
1287 92040 
1288 92040 
1289 92040 
1290 92040 
1291 92040 
1292 92040 
1293 92040 
1294 92040 
1295 92040 
1296 92040 
1297 92040 
1298 92040 
1299 92040 
1300 92040 
1301 92040 
1302 92040 
1303 92040 
1304 92040 
1305 92040 
1306 92040 
1307 92040 
1308 92040 
1309 92040 
1310 92040 
1311 92040 
1312 92040 
1313 92040 
1314 92040 
1315 92040 
1316 92040 
1317 92040 
1318 92040 
1319 92040 
1320 92040 
1321 92040 
1322 92040 
1323 92040 
1324 92040 
1325 92040 
1326 92040 
1327 92040 
1328 92040 
1329 92040 
1330 92040 
1331 92040 
1332 92040 
1333 92040 
1334 92040 
1335 92040 
1336 92040 
1337 92040 
1338 92040 
1339 92040 
1340 92040 
1341 92040 
1342 92040 
1343 92040 
1344 92040 
1345 92040 
1346 92040 
1347 92040 
1348 92040 
1349 92040 
1350 92040 
1351 92040 
1352 92040 
1353 92040 
1354 92040 
1355 92040 
1356 92040 
1357 92040 
1358 92040 
1359 92040 
1360 92040 
1361 92040 
1362 92040 
1363 92040 
1364 92040 
1365 92040 
1366 92040 
1367 92040 
1368 92040 
1369 92040 
1370 92040 
1371 92040 
1372 92040 
1373 92040 
1374 92040 
1375 92040 
1376 92040 
1377 92040 
1378 92040 
1379 92040 
1380 92040 
1381 92040 
1382 92040 
1383 92040 
1384 92040 
1385 92040 
1386 92040 
1387 92040 
1388 92040 
1389 92040 
1390 92040 
1391 92040 
1392 92040 
1393 92040 
1394 92040 
1395 92040 
1396 92040 
1397 92040 
1398 92040 
1399 92040 
1400 92040 
1401 92040 
1402 92040 
1403 92040 
1404 92040 
1405 92040 
1406 92040 
1407 92040 
1408 92040 
1409 92040 
1410 92040 
1411 92040 
1412 92040 
1413 92040 
1414 92040 
1415 92040 
1416 92040 
1417 92040 
1418 92040 
1419 92040 
1420 92040 
1421 92040 
1422 92040 
1423 92040 
1424 92040 
1425 92040 
1426 92040 
1427 92040 
1428 92040 
1429 92040 
1430 92040 
1431 92040 
1432 92040 
1433 92040 
1434 92040 
1435 92040 
1436 92040 
1437 92040 
1438 92040 
1439 92040 
1440 92040 
1441 92040 
1442 92040 
1443 92040 
1444 92040 
1445 92040 
1446 92040 
1447 92040 
1448 92040 
1449 92040 
1450 92040 
1451 92040 
1452 92040 
1453 92040 
1454 92040 
1455 92040 
1456 92040 
1457 92040 
1458 92040 
1459 92040 
1460 92040 
1461 92040 
1462 92040 
1463 92040 
1464 92040 
1465 92040 
1466 92040 
1467 92040 
1468 92040 
1469 92040 
1470 92040 
1471 92040 
1472 92040 
1473 92040 
1474 92040 
1475 92040 
1476 92040 
1477 92040 
1478 92040 
1479 92040 
1480 92040 
1481 92040 
1482 92040 
1483 92040 
1484 92040 
1485 92040 
1486 92040 
1487 92040 
1488 92040 
1489 92040 
1490 92040 
1491 92040 
1492 92040 
1493 92040 
1494 92040 
1495 92040 
1496 92040 
1497 92040 
1498 92040 
1499 92040 
1500 92040 
1501 92040 
1502 92040 
1503 92040 
1504 92040 
1505 92040 
1506 92040 
1507 92040 
1508 92040 
1509 92040 
1510 92040 
1511 92040 
1512 92040 
1513 92040 
1514 92040 
1515 92040 
1516 92040 
1517 92040 
1518 92040 
1519 92040 
1520 92040 
1521 92040 
1522 92040 
1523 92040 
1524 92040 
1525 92040 
1526 92040 
1527 92040 
1528 92040 
1529 92040 
1530 92040 
1531 92040 
1532 92040 
1533 92040 
1534 92040 
1535 92040 
1536 92040 
1537 92040 
1538 92040 
1539 92040 
1540 92040 
1541 92040 
1542 92040 
1543 92040 
1544 92040 
1545 92040 
1546 92040 
1547 92040 
1548 92040 
1549 92040 
1550 92040 
1551 92040 
1552 92040 
1553 92040 
1554 92040 
1555 92040 
1556 92040 
1557 92040 
1558 92040 
1559 92040 
1560 92040 
1561 92040 
1562 92040 
1563 92040 
1564 92040 
1565 92040 
1566 92040 
1567 92040 
1568 92040 
1569 92040 
1570 92040 
1571 92040 
1572 92040 
1573 92040 
1574 92040 
1575 92040 
1576 92040 
1577 92040 
1578 92040 
1579 92040 
1580 92040 
1581 92040 
1582 92040 
1583 92040 
1584 92040 
1585 92040 
1586 92040 
1587 92040 
1588 92040 
1589 92040 
1590 92040 
1591 92040 
1592 92040 
1593 92040 
1594 92040 
1595 92040 
1596 92040 
1597 92040 
1598 92040 
1599 92040 
1600 92040 
1601 92040 
1602 92040 
1603 92040 
1604 92040 
1605 92040 
1606 92040 
1607 92040 
1608 92040 
1609 92040 
1610 92040 
1611 92040 
1612 92040 
1613 92040 
1614 92040 
1615 92040 
1616 92040 
1617 92040 
1618 92040 
1619 92040 
1620 92040 
1621 92040 
1622 92040 
1623 92040 
1624 92040 
1625 92040 
1626 92040 
1627 92040 
1628 92040 
1629 92040 
1630 92040 
1631 92040 
1632 92040 
1633 92040 
1634 92040 
1635 92040 
1636 92040 
1637 92040 
1638 92040 
1639 92040 
1640 92040 
1641 92040 
1642 92040 
1643 92040 
1644 92040 
1645 92040 
1646 92040 
1647 92040 
1648 92040 
1649 92040 
1650 92040 
1651 92040 
1652 92040 
1653 92040 
1654 92040 
1655 92040 
1656 92040 
1657 92040 
1658 92040 
1659 92040 
1660 92040 
1661 92040 
1662 92040 
1663 92040 
1664 92040 
1665 92040 
1666 92040 
1667 92040 
1668 92040 
1669 92040 
1670 92040 
1671 92040 
1672 92040 
1673 92040 
1674 92040 
1675 92040 
1676 92040 
1677 92040 
1678 92040 
1679 92040 
1680 92040 
1681 92040 
1682 92040 
1683 92040 
1684 92040 
1685 92040 
1686 92040 
1687 92040 
1688 92040 
1689 92040 
1690 92040 
1691 92040 
1692 92040 
1693 92040 
1694 92040 
1695 92040 
1696 92040 
1697 92040 
1698 92040 
1699 92040 
1700 92040 
1701 92040 
1702 92040 
1703 92040 
1704 92040 
1705 92040 
1706 92040 
1707 92040 
1708 92040 
1709 92040 
1710 92040 
1711 92040 
1712 92040 
1713 92040 
1714 92040 
1715 92040 
1716 92040 
1717 92040 
1718 92040 
1719 92040 
1720 92040 
1721 92040 
1722 92040 
1723 92040 
1724 92040 
1725 92040 
1726 92040 
1727 92040 
1728 92040 
1729 92040 
1730 92040 
1731 92040 
1732 92040 
1733 92040 
1734 92040 
1735 92040 
1736 92040 
1737 92040 
1738 92040 
1739 92040 
1740 92040 
1741 92040 
1742 92040 
1743 92040 
1744 92040 
1745 92040 
1746 92040 
1747 92040 
1748 92040 
1749 92040 
1750 92040 
1751 92040 
1752 92040 
1753 92040 
1754 92040 
1755 92040 
1756 92040 
1757 92040 
1758 92040 
1759 92040 
1760 92040 
1761 92040 
1762 92040 
1763 92040 
1764 92040 
1765 92040 
1766 92040 
1767 92040 
1768 92040 
1769 92040 
1770 92040 
1771 92040 
1772 92040 
1773 92040 
1774 92040 
1775 92040 
1776 92040 
1777 92040 
1778 92040 
1779 92040 
1780 92040 
1781 92040 
1782 92040 
1783 92040 
1784 92040 
1785 92040 
1786 92040 
1787 92040 
1788 92040 
1789 92040 
1790 92040 
1791 92040 
1792 92040 
1793 92040 
1794 92040 
1795 92040 
1796 92040 
1797 92040 
1798 92040 
1799 92040 
1800 92040 
1801 92040 
1802 92040 
1803 92040 
1804 92040 
1805 92040 
1806 92040 
1807 92040 
1808 92040 
1809 92040 
1810 92040 
1811 92040 
1812 92040 
1813 92040 
1814 92040 
1815 92040 
1816 92040 
1817 92040 
1818 92040 
1819 92040 
1820 92040 
1821 92040 
1822 92040 
1823 92040 
1824 92040 
1825 92040 
1826 92040 
1827 92040 
1828 92040 
1829 92040 
1830 92040 
1831 92040 
1832 92040 
1833 92040 
1834 92040 
1835 92040 
1836 92040 
1837 92040 
1838 92040 
1839 92040 
1840 92040 
1841 92040 
1842 92040 
1843 92040 
1844 92040 
1845 92040 
1846 92040 
1847 92040 
1848 92040 
1849 92040 
1850 92040 
1851 92040 
1852 92040 
1853 92040 
1854 92040 
1855 92040 
1856 92040 
1857 92040 
1858 92040 
1859 92040 
1860 92040 
1861 92040 
1862 92040 
1863 92040 
1864 92040 
1865 92040 
1866 92040 
1867 92040 
1868 92040 
1869 92040 
1870 92040 
1871 92040 
1872 92040 
1873 92040 
1874 92040 
1875 92040 
1876 92040 
1877 92040 
1878 92040 
1879 92040 
1880 92040 
1881 92040 
1882 92040 
1883 92040 
1884 92040 
1885 92040 
1886 92040 
1887 92040 
1888 92040 
1889 92040 
1890 92040 
1891 92040 
1892 92040 
1893 92040 
1894 92040 
1895 92040 
1896 92040 
1897 92040 
1898 92040 
1899 92040 
1900 92040 
1901 92040 
1902 92040 
1903 92040 
1904 92040 
1905 92040 
1906 92040 
1907 92040 
1908 92040 
1909 92040 
1910 92040 
1911 92040 
1912 92040 
1913 92040 
1914 92040 
1915 92040 
1916 92040 
1917 92040 
1918 92040 
1919 92040 
1920 92040 
1921 92040 
1922 92040 
1923 92040 
1924 92040 
1925 92040 
1926 92040 
1927 92040 
1928 92040 
1929 92040 
1930 92040 
1931 92040 
1932 92040 
1933 92040 
1934 92040 
1935 92040 
1936 92040 
1937 92040 
1938 92040 
1939 92040 
1940 92040 
1941 92040 
1942 92040 
1943 92040 
1944 92040 
1945 92040 
1946 92040 
1947 92040 
1948 92040 
1949 92040 
1950 92040 
1951 92040 
1952 92040 
1953 92040 
1954 92040 
1955 92040 
1956 92040 
1957 92040 
1958 92040 
1959 92040 
1960 92040 
1961 92040 
1962 92040 
1963 92040 
1964 92040 
1965 92040 
1966 92040 
1967 92040 
1968 92040 
1969 92040 
1970 92040 
1971 92040 
1972 92040 
1973 92040 
1974 92040 
1975 92040 
1976 92040 
1977 92040 
1978 92040 
1979 92040 
1980 92040 
1981 92040 
1982 92040 
1983 92040 
1984 92040 
1985 92040 
1986 92040 
1987 92040 
1988 92040 
1989 92040 
1990 92040 
1991 92040 
1992 92040 
1993 92040 
1994 92040 
1995 92040 
1996 92040 
1997 92040 
1998 92040 
1999 92040 
2000 92040 
2001 92040 
2002 92040 
2003 92040 
2004 92040 
2005 92040 
2006 92040 
2007 92040 
2008 92040 
2009 92040 
2010 92040 
2011 92040 
2012 92040 
2013 92040 
2014 92040 
2015 92040 
2016 92040 
2017 92040 
2018 92040 
2019 92040 
2020 92040 
2021 92040 
2022 92040 
2023 92040 
2024 92040 
2025 92040 
2026 92040 
2027 92040 
2028 92040 
2029 92040 
2030 92040 
2031 92040 
2032 92040 
2033 92040 
2034 92040 
2035 92040 
2036 92040 
2037 92040 
2038 92040 
2039 92040 
2040 92040 
2041 92040 
2042 92040 
2043 92040 
2044 92040 
2045 92040 
2046 92040 
2047 92040 
2048 92040 
2049 92040 
2050 92040 
2051 92040 
2052 92040 
2053 92040 
2054 92040 
2055 92040 
2056 92040 
2057 92040 
2058 92040 
2059 92040 
2060 92040 
2061 92040 
2062 92040 
2063 92040 
2064 92040 
2065 92040 
2066 92040 
2067 92040 
2068 92040 
2069 92040 
2070 92040 
2071 92040 
2072 92040 
2073 92040 
2074 92040 
2075 92040 
2076 92040 
2077 92040 
2078 92040 
2079 92040 
2080 92040 
2081 92040 
2082 92040 
2083 92040 
2084 92040 
2085 92040 
2086 92040 
2087 92040 
2088 92040 
2089 92040 
2090 92040 
2091 92040 
2092 92040 
2093 92040 
2094 92040 
2095 92040 
2096 92040 
2097 92040 
2098 92040 
2099 92040 
2100 92040 
2101 92040 
2102 92040 
2103 92040 
2104 92040 
2105 92040 
2106 92040 
2107 92040 
2108 92040 
2109 92040 
2110 92040 
2111 92040 
2112 92040 
2113 92040 
2114 92040 
2115 92040 
2116 92040 
2117 92040 
2118 92040 
2119 92040 
2120 92040 
2121 92040 
2122 92040 
2123 92040 
2124 92040 
2125 92040 
2126 92040 
2127 92040 
2128 92040 
2129 92040 
2130 92040 
2131 92040 
2132 92040 
2133 92040 
2134 92040 
2135 92040 
2136 92040 
2137 92040 
2138 92040 
2139 92040 
2140 92040 
2141 92040 
2142 92040 
2143 92040 
2144 92040 
2145 92040 
2146 92040 
2147 92040 
2148 92040 
2149 92040 
2150 92040 
2151 92040 
2152 92040 
2153 92040 
2154 92040 
2155 92040 
2156 92040 
2157 92040 
2158 92040 
2159 92040 
2160 92040 
2161 92040 
2162 92040 
2163 92040 
2164 92040 
2165 92040 
2166 92040 
2167 92040 
2168 92040 
2169 92040 
2170 92040 
2171 92040 
2172 92040 
2173 92040 
2174 92040 
2175 92040 
2176 92040 
2177 92040 
2178 92040 
2179 92040 
2180 92040 
2181 92040 
2182 92040 
2183 92040 
2184 92040 
2185 92040 
2186 92040 
2187 92040 
2188 92040 
2189 92040 
2190 92040 
2191 92040 
2192 92040 
2193 92040 
2194 92040 
2195 92040 
2196 92040 
2197 92040 
2198 92040 
2199 92040 
2200 92040 
2201 92040 
2202 92040 
2203 92040 
2204 92040 
2205 92040 
2206 92040 
2207 92040 
2208 92040 
2209 92040 
2210 92040 
2211 92040 
2212 92040 
2213 92040 
2214 92040 
2215 92040 
2216 92040 
2217 92040 
2218 92040 
2219 92040 
2220 92040 
2221 92040 
2222 92040 
2223 92040 
2224 92040 
2225 92040 
2226 92040 
2227 92040 
2228 92040 
2229 92040 
2230 92040 
2231 92040 
2232 92040 
2233 92040 
2234 92040 
2235 92040 
2236 92040 
2237 92040 
2238 92040 
2239 92040 
2240 92040 
2241 92040 
2242 92040 
2243 92040 
2244 92040 
2245 92040 
2246 92040 
2247 92040 
2248 92040 
2249 92040 
2250 92040 
2251 92040 
2252 92040 
2253 92040 
2254 92040 
2255 92040 
2256 92040 
2257 92040 
2258 92040 
2259 92040 
2260 92040 
2261 92040 
2262 92040 
2263 92040 
2264 92040 
2265 92040 
2266 92040 
2267 92040 
2268 92040 
2269 92040 
2270 92040 
2271 92040 
2272 92040 
2273 92040 
2274 92040 
2275 92040 
2276 92040 
2277 92040 
2278 92040 
2279 92040 
2280 92040 
2281 92040 
2282 92040 
2283 92040 
2284 92040 
2285 92040 
2286 92040 
2287 92040 
2288 92040 
2289 92040 
2290 92040 
2291 92040 
2292 92040 
2293 92040 
2294 92040 
2295 92040 
2296 92040 
2297 92040 
2298 92040 
2299 92040 
2300 92040 
2301 92040 
2302 92040 
2303 92040 
2304 92040 
2305 92040 
2306 92040 
2307 92040 
2308 92040 
2309 92040 
2310 92040 
2311 92040 
2312 92040 
2313 92040 
2314 92040 
2315 92040 
2316 92040 
2317 92040 
2318 92040 
2319 92040 
2320 92040 
2321 92040 
2322 92040 
2323 92040 
2324 92040 
2325 92040 
2326 92040 
2327 92040 
2328 92040 
2329 92040 
2330 92040 
2331 92040 
2332 92040 
2333 92040 
2334 92040 
2335 92040 
2336 92040 
2337 92040 
2338 92040 
2339 92040 
2340 92040 
2341 92040 
2342 92040 
2343 92040 
2344 92040 
2345 92040 
2346 92040 
2347 92040 
2348 92040 
2349 92040 
2350 92040 
2351 92040 
2352 92040 
2353 92040 
2354 92040 
2355 92040 
2356 92040 
2357 92040 
2358 92040 
2359 92040 
2360 92040 
2361 92040 
2362 92040 
2363 92040 
2364 92040 
2365 92040 
2366 92040 
2367 92040 
2368 92040 
2369 92040 
2370 92040 
2371 92040 
2372 92040 
2373 92040 
2374 92040 
2375 92040 
2376 92040 
2377 92040 
2378 92040 
2379 92040 
2380 92040 
2381 92040 
2382 92040 
2383 92040 
2384 92040 
2385 92040 
2386 92040 
2387 92040 
2388 92040 
2389 92040 
2390 92040 
2391 92040 
2392 92040 
2393 92040 
2394 92040 
2395 92040 
2396 92040 
2397 92040 
2398 92040 
2399 92040 
2400 92040 
2401 92040 
2402 92040 
2403 92040 
2404 92040 
2405 92040 
2406 92040 
2407 92040 
2408 92040 
2409 92040 
2410 92040 
2411 92040 
2412 92040 
2413 92040 
2414 92040 
2415 92040 
2416 92040 
2417 92040 
2418 92040 
2419 92040 
2420 92040 
2421 92040 
2422 92040 
2423 92040 
2424 92040 
2425 92040 
2426 92040 
2427 92040 
2428 92040 
2429 92040 
2430 92040 
2431 92040 
2432 92040 
2433 92040 
2434 92040 
2435 92040 
2436 92040 
2437 92040 
2438 92040 
2439 92040 
2440 92040 
2441 92040 
2442 92040 
2443 92040 
2444 92040 
2445 92040 
2446 92040 
2447 92040 
2448 92040 
2449 92040 
2450 92040 
2451 92040 
2452 92040 
2453 92040 
2454 92040 
2455 92040 
2456 92040 
2457 92040 
2458 92040 
2459 92040 
2460 92040 
2461 92040 
2462 92040 
2463 92040 
2464 92040 
2465 92040 
2466 92040 
2467 92040 
2468 92040 
2469 92040 
2470 92040 
2471 92040 
2472 92040 
2473 92040 
2474 92040 
2475 92040 
2476 92040 
2477 92040 
2478 92040 
2479 92040 
2480 92040 
2481 92040 
2482 92040 
2483 92040 
2484 92040 
2485 92040 
2486 92040 
2487 92040 
2488 92040 
2489 92040 
2490 92040 
2491 92040 
2492 92040 
2493 92040 
2494 92040 
2495 92040 
2496 92040 
2497 92040 
2498 92040 
2499 92040 
2500 92040 
2501 92040 
2502 92040 
2503 92040 
2504 92040 
2505 92040 
2506 92040 
2507 92040 
2508 92040 
2509 92040 
2510 92040 
2511 92040 
2512 92040 
2513 92040 
2514 92040 
2515 92040 
2516 92040 
2517 92040 
2518 92040 
2519 92040 
2520 92040 
2521 92040 
2522 92040 
2523 92040 
2524 92040 
2525 92040 
2526 92040 
2527 92040 
2528 92040 
2529 92040 
2530 92040 
2531 92040 
2532 92040 
2533 92040 
2534 92040 
2535 92040 
2536 92040 
2537 92040 
2538 92040 
2539 92040 
2540 92040 
2541 92040 
2542 92040 
2543 92040 
2544 92040 
2545 92040 
2546 92040 
2547 92040 
2548 92040 
2549 92040 
2550 92040 
2551 92040 
2552 92040 
2553 92040 
2554 92040 
2555 92040 
2556 92040 
2557 92040 
2558 92040 
2559 92040 
2560 92040 
2561 92040 
2562 92040 
2563 92040 
2564 92040 
2565 92040 
2566 92040 
2567 92040 
2568 92040 
2569 92040 
2570 92040 
2571 92040 
2572 92040 
2573 92040 
2574 92040 
2575 92040 
2576 92040 
2577 92040 
2578 92040 
2579 92040 
2580 92040 
2581 92040 
2582 92040 
2583 92040 
2584 92040 
2585 92040 
2586 92040 
2587 92040 
2588 92040 
2589 92040 
2590 92040 
2591 92040 
2592 92040 
2593 92040 
2594 92040 
2595 92040 
2596 92040 
2597 92040 
2598 92040 
2599 92040 
2600 92040 
2601 92040 
2602 92040 
2603 92040 
2604 92040 
2605 92040 
2606 92040 
2607 92040 
2608 92040 
2609 92040 
2610 92040 
2611 92040 
2612 92040 
2613 92040 
2614 92040 
2615 92040 
2616 92040 
2617 92040 
2618 92040 
2619 92040 
2620 92040 
2621 92040 
2622 92040 
2623 92040 
2624 92040 
2625 92040 
2626 92040 
2627 92040 
2628 92040 
2629 92040 
2630 92040 
2631 92040 
2632 92040 
2633 92040 
2634 92040 
2635 92040 
2636 92040 
2637 92040 
2638 92040 
2639 92040 
2640 92040 
2641 92040 
2642 92040 
2643 92040 
2644 92040 
2645 92040 
2646 92040 
2647 92040 
2648 92040 
2649 92040 
2650 92040 
2651 92040 
2652 92040 
2653 92040 
2654 92040 
2655 92040 
2656 92040 
2657 92040 
2658 92040 
2659 92040 
2660 92040 
2661 92040 
2662 92040 
2663 92040 
2664 92040 
2665 92040 
2666 92040 
2667 92040 
2668 92040 
2669 92040 
2670 92040 
2671 92040 
2672 92040 
2673 92040 
2674 92040 
2675 92040 
2676 92040 
2677 92040 
2678 92040 
2679 92040 
2680 92040 
2681 92040 
2682 92040 
2683 92040 
2684 92040 
2685 92040 
2686 92040 
2687 92040 
2688 92040 
2689 92040 
2690 92040 
2691 92040 
2692 92040 
2693 92040 
2694 92040 
2695 92040 
2696 92040 
2697 92040 
2698 92040 
2699 92040 
2700 92040 
2701 92040 
2702 92040 
2703 92040 
2704 92040 
2705 92040 
2706 92040 
2707 92040 
2708 92040 
2709 92040 
2710 92040 
2711 92040 
2712 92040 
2713 92040 
2714 92040 
2715 92040 
2716 92040 
2717 92040 
2718 92040 
2719 92040 
2720 92040 
2721 92040 
2722 92040 
2723 92040 
2724 92040 
2725 92040 
2726 92040 
2727 92040 
2728 92040 
2729 92040 
2730 92040 
2731 92040 
2732 92040 
2733 92040 
2734 92040 
2735 92040 
2736 92040 
2737 92040 
2738 92040 
2739 92040 
2740 92040 
2741 92040 
2742 92040 
2743 92040 
2744 92040 
2745 92040 
2746 92040 
2747 92040 
2748 92040 
2749 92040 
2750 92040 
2751 92040 
2752 92040 
2753 92040 
2754 92040 
2755 92040 
2756 92040 
2757 92040 
2758 92040 
2759 92040 
2760 92040 
2761 92040 
2762 92040 
2763 92040 
2764 92040 
2765 92040 
2766 92040 
2767 92040 
2768 92040 
2769 92040 
2770 92040 
2771 92040 
2772 92040 
2773 92040 
2774 92040 
2775 92040 
2776 92040 
2777 92040 
2778 92040 
2779 92040 
2780 92040 
2781 92040 
2782 92040 
2783 92040 
2784 92040 
2785 92040 
2786 92040 
2787 92040 
2788 92040 
2789 92040 
2790 92040 
2791 92040 
2792 92040 
2793 92040 
2794 92040 
2795 92040 
2796 92040 
2797 92040 
2798 92040 
2799 92040 
2800 92040 
2801 92040 
2802 92040 
2803 92040 
2804 92040 
2805 92040 
2806 92040 
2807 92040 
2808 92040 
2809 92040 
2810 92040 
2811 92040 
2812 92040 
2813 92040 
2814 92040 
2815 92040 
2816 92040 
2817 92040 
2818 92040 
2819 92040 
2820 92040 
2821 92040 
2822 92040 
2823 92040 
2824 92040 
2825 92040 
2826 92040 
2827 92040 
2828 92040 
2829 92040 
2830 92040 
2831 92040 
2832 92040 
2833 92040 
2834 92040 
2835 92040 
2836 92040 
2837 92040 
2838 92040 
2839 92040 
2840 92040 
2841 92040 
2842 92040 
2843 92040 
2844 92040 
2845 92040 
2846 92040 
2847 92040 
2848 92040 
2849 92040 
2850 92040 
2851 92040 
2852 92040 
2853 92040 
2854 92040 
2855 92040 
2856 92040 
2857 92040 
2858 92040 
2859 92040 
2860 92040 
2861 92040 
2862 92040 
2863 92040 
2864 92040 
2865 92040 
2866 92040 
2867 92040 
2868 92040 
2869 92040 
2870 92040 
2871 92040 
2872 92040 
2873 92040 
2874 92040 
2875 92040 
2876 92040 
2877 92040 
2878 92040 
2879 92040 
2880 92040 
2881 92040 
2882 92040 
2883 92040 
2884 92040 
2885 92040 
2886 92040 
2887 92040 
2888 92040 
2889 92040 
2890 92040 
2891 92040 
2892 92040 
2893 92040 
2894 92040 
2895 92040 
2896 92040 
2897 92040 
2898 92040 
2899 92040 
2900 92040 
2901 92040 
2902 92040 
2903 92040 
2904 92040 
2905 92040 
2906 92040 
2907 92040 
2908 92040 
2909 92040 
2910 92040 
2911 92040 
2912 92040 
2913 92040 
2914 92040 
2915 92040 
2916 92040 
2917 92040 
2918 92040 
2919 92040 
2920 92040 
2921 92040 
2922 92040 
2923 92040 
2924 92040 
2925 92040 
2926 92040 
2927 92040 
2928 92040 
2929 92040 
2930 92040 
2931 92040 
2932 92040 
2933 92040 
2934 92040 
2935 92040 
2936 92040 
2937 92040 
2938 92040 
2939 92040 
2940 92040 
2941 92040 
2942 92040 
2943 92040 
2944 92040 
2945 92040 
2946 92040 
2947 92040 
2948 92040 
2949 92040 
2950 92040 
2951 92040 
2952 92040 
2953 92040 
2954 92040 
2955 92040 
2956 92040 
2957 92040 
2958 92040 
2959 92040 
2960 92040 
2961 92040 
2962 92040 
2963 92040 
2964 92040 
2965 92040 
2966 92040 
2967 92040 
2968 92040 
2969 92040 
2970 92040 
2971 92040 
2972 92040 
2973 92040 
2974 92040 
2975 92040 
2976 92040 
2977 92040 
2978 92040 
2979 92040 
2980 92040 
2981 92040 
2982 92040 
2983 92040 
2984 92040 
2985 92040 
2986 92040 
2987 92040 
2988 92040 
2989 92040 
2990 92040 
2991 92040 
2992 92040 
2993 92040 
2994 92040 
2995 92040 
2996 92040 
2997 92040 
2998 92040 
2999 92040 
3000 92040 
3001 92040 
3002 92040 
3003 92040 
3004 92040 
3005 92040 
3006 92040 
3007 92040 
3008 92040 
3009 92040 
3010 92040 
3011 92040 
3012 92040 
3013 92040 
3014 92040 
3015 92040 
3016 92040 
3017 92040 
3018 92040 
3019 92040 
3020 92040 
3021 92040 
3022 92040 
3023 92040 
3024 92040 
3025 92040 
3026 92040 
3027 92040 
3028 92040 
3029 92040 
3030 92040 
3031 92040 
3032 92040 
3033 92040 
3034 92040 
3035 92040 
3036 92040 
3037 92040 
3038 92040 
3039 92040 
3040 92040 
3041 92040 
3042 92040 
3043 92040 
3044 92040 
3045 92040 
3046 92040 
3047 92040 
3048 92040 
3049 92040 
3050 92040 
3051 92040 
3052 92040 
3053 92040 
3054 92040 
3055 92040 
3056 92040 
3057 92040 
3058 92040 
3059 92040 
3060 92040 
3061 92040 
3062 92040 
3063 92040 
3064 92040 
3065 92040 
3066 92040 
3067 92040 
3068 92040 
3069 92040 
3070 92040 
3071 92040 
3072 92040 
3073 92040 
3074 92040 
3075 92040 
3076 92040 
3077 92040 
3078 92040 
3079 92040 
3080 92040 
3081 92040 
3082 92040 
3083 92040 
3084 92040 
3085 92040 
3086 92040 
3087 92040 
3088 92040 
3089 92040 
3090 92040 
3091 92040 
3092 92040 
3093 92040 
3094 92040 
3095 92040 
3096 92040 
3097 92040 
3098 92040 
3099 92040 
3100 92040 
3101 92040 
3102 92040 
3103 92040 
3104 92040 
3105 92040 
3106 92040 
3107 92040 
3108 92040 
3109 92040 
3110 92040 
3111 92040 
3112 92040 
3113 92040 
3114 92040 
3115 92040 
3116 92040 
3117 92040 
3118 92040 
3119 92040 
3120 92040 
3121 92040 
3122 92040 
3123 92040 
3124 92040 
3125 92040 
3126 92040 
3127 92040 
3128 92040 
3129 92040 
3130 92040 
3131 92040 
3132 92040 
3133 92040 
3134 92040 
3135 92040 
3136 92040 
3137 92040 
3138 92040 
3139 92040 
3140 92040 
3141 92040 
3142 92040 
3143 92040 
3144 92040 
3145 92040 
3146 92040 
3147 92040 
3148 92040 
3149 92040 
3150 92040 
3151 92040 
3152 92040 
3153 92040 
3154 92040 
3155 92040 
3156 92040 
3157 92040 
3158 92040 
3159 92040 
3160 92040 
3161 92040 
3162 92040 
3163 92040 
3164 92040 
3165 92040 
3166 92040 
3167 92040 
3168 92040 
3169 92040 
3170 92040 
3171 92040 
3172 92040 
3173 92040 
3174 92040 
3175 92040 
3176 92040 
3177 92040 
3178 92040 
3179 92040 
3180 92040 
3181 92040 
3182 92040 
3183 92040 
3184 92040 
3185 92040 
3186 92040 
3187 92040 
3188 92040 
3189 92040 
3190 92040 
3191 92040 
3192 92040 
3193 92040 
3194 92040 
3195 92040 
3196 92040 
3197 92040 
3198 92040 
3199 92040 
3200 92040 

