0 141820 
1 141780 
2 141480 
3 141440 
4 140440 
5 140040 
6 140040 
7 139840 
8 139440 
9 139340 
10 138140 
11 137740 
12 137080 
13 136780 
14 136770 
15 136370 
16 135970 
17 135570 
18 135470 
19 135270 
20 135070 
21 134770 
22 134570 
23 134440 
24 134240 
25 134040 
26 133940 
27 133740 
28 132940 
29 132740 
30 132640 
31 132440 
32 131860 
33 131700 
34 131500 
35 131300 
36 130700 
37 130180 
38 129680 
39 129280 
40 129180 
41 129180 
42 128880 
43 128780 
44 128680 
45 128650 
46 128250 
47 127750 
48 127550 
49 127350 
50 127350 
51 127250 
52 126900 
53 126840 
54 126440 
55 125840 
56 125340 
57 125140 
58 125040 
59 124840 
60 124740 
61 124230 
62 124130 
63 123930 
64 123730 
65 123730 
66 123620 
67 123570 
68 123570 
69 123370 
70 123170 
71 122600 
72 122380 
73 121980 
74 121880 
75 121820 
76 121590 
77 121290 
78 121280 
79 120980 
80 120880 
81 120680 
82 120100 
83 120000 
84 119420 
85 119420 
86 119330 
87 119130 
88 118830 
89 118500 
90 118300 
91 117500 
92 117500 
93 117500 
94 116790 
95 116690 
96 116490 
97 115690 
98 115490 
99 115290 
100 114990 
101 114790 
102 114790 
103 114390 
104 114290 
105 114090 
106 114030 
107 113930 
108 112730 
109 112630 
110 112530 
111 112130 
112 111930 
113 111790 
114 111660 
115 111260 
116 110660 
117 110360 
118 109960 
119 109750 
120 109650 
121 109640 
122 109440 
123 108640 
124 108340 
125 108340 
126 108040 
127 108040 
128 107440 
129 107200 
130 107000 
131 106800 
132 106400 
133 106300 
134 106100 
135 106000 
136 105800 
137 105720 
138 105520 
139 105220 
140 104820 
141 103920 
142 103720 
143 103120 
144 102400 
145 102000 
146 101800 
147 101400 
148 101200 
149 100800 
150 100700 
151 100600 
152 100600 
153 100400 
154 100200 
155 100200 
156 100200 
157 99800 
158 99800 
159 99700 
160 99700 
161 99400 
162 99320 
163 99000 
164 98900 
165 98300 
166 98300 
167 98300 
168 98200 
169 98200 
170 98200 
171 98200 
172 98200 
173 98000 
174 98000 
175 97600 
176 97400 
177 97400 
178 97200 
179 97200 
180 97200 
181 97000 
182 96900 
183 96900 
184 96700 
185 96700 
186 96600 
187 96600 
188 96400 
189 96400 
190 96100 
191 96100 
192 96100 
193 96100 
194 96100 
195 96100 
196 96100 
197 95700 
198 95700 
199 95500 
200 95100 
201 95100 
202 94900 
203 94700 
204 94600 
205 94600 
206 94600 
207 94600 
208 94600 
209 94600 
210 94600 
211 94600 
212 94600 
213 94600 
214 94600 
215 94600 
216 94600 
217 94600 
218 94600 
219 94600 
220 94600 
221 94600 
222 94600 
223 94600 
224 94600 
225 94600 
226 94200 
227 94200 
228 93800 
229 93800 
230 93600 
231 93600 
232 93600 
233 93600 
234 93600 
235 93600 
236 93600 
237 93600 
238 93600 
239 93600 
240 93600 
241 93600 
242 93600 
243 93600 
244 93600 
245 93600 
246 93600 
247 93600 
248 93600 
249 93600 
250 93600 
251 93600 
252 93600 
253 93600 
254 93600 
255 93600 
256 93600 
257 93600 
258 93600 
259 93600 
260 93600 
261 93600 
262 93600 
263 93600 
264 93600 
265 93600 
266 93600 
267 93600 
268 93600 
269 93600 
270 93600 
271 93600 
272 93600 
273 93600 
274 93600 
275 93600 
276 93600 
277 93600 
278 93600 
279 93600 
280 93600 
281 93600 
282 93600 
283 93600 
284 93600 
285 93600 
286 93600 
287 93600 
288 93600 
289 93600 
290 93600 
291 93600 
292 93600 
293 93600 
294 93600 
295 93600 
296 93600 
297 93600 
298 93600 
299 93600 
300 93600 
301 93600 
302 93600 
303 93600 
304 93600 
305 93600 
306 93600 
307 93600 
308 93600 
309 93600 
310 93600 
311 93600 
312 93600 
313 93600 
314 93600 
315 93600 
316 93600 
317 93600 
318 93600 
319 93600 
320 93600 
321 93600 
322 93600 
323 93600 
324 93600 
325 93600 
326 93600 
327 93600 
328 93600 
329 93600 
330 93600 
331 93600 
332 93600 
333 93600 
334 93600 
335 93600 
336 93600 
337 93600 
338 93600 
339 93600 
340 93600 
341 93600 
342 93600 
343 93600 
344 93600 
345 93600 
346 93600 
347 93600 
348 93600 
349 93600 
350 93600 
351 93600 
352 93600 
353 93600 
354 93600 
355 93600 
356 93600 
357 93600 
358 93600 
359 93600 
360 93600 
361 93600 
362 93600 
363 93600 
364 93600 
365 93600 
366 93600 
367 93600 
368 93600 
369 93600 
370 93600 
371 93600 
372 93600 
373 93600 
374 93600 
375 93600 
376 93600 
377 93600 
378 93600 
379 93600 
380 93600 
381 93600 
382 93600 
383 93600 
384 93600 
385 93600 
386 93600 
387 93600 
388 93600 
389 93600 
390 93600 
391 93600 
392 93600 
393 93600 
394 93600 
395 93600 
396 93600 
397 93600 
398 93600 
399 93600 
400 93600 
401 93600 
402 93600 
403 93600 
404 93600 
405 93600 
406 93600 
407 93600 
408 93600 
409 93600 
410 93600 
411 93600 
412 93600 
413 93600 
414 93600 
415 93600 
416 93600 
417 93600 
418 93600 
419 93600 
420 93600 
421 93600 
422 93600 
423 93600 
424 93600 
425 93600 
426 93600 
427 93600 
428 93600 
429 93600 
430 93600 
431 93600 
432 93600 
433 93600 
434 93600 
435 93600 
436 93600 
437 93600 
438 93600 
439 93600 
440 93600 
441 93600 
442 93600 
443 93600 
444 93600 
445 93600 
446 93600 
447 93600 
448 93600 
449 93600 
450 93600 
451 93600 
452 93600 
453 93600 
454 93600 
455 93600 
456 93600 
457 93600 
458 93600 
459 93600 
460 93600 
461 93600 
462 93600 
463 93600 
464 93600 
465 93600 
466 93600 
467 93600 
468 93600 
469 93600 
470 93600 
471 93600 
472 93600 
473 93600 
474 93600 
475 93600 
476 93600 
477 93600 
478 93600 
479 93600 
480 93600 
481 93600 
482 93600 
483 93600 
484 93600 
485 93600 
486 93600 
487 93600 
488 93600 
489 93600 
490 93600 
491 93600 
492 93600 
493 93600 
494 93600 
495 93600 
496 93600 
497 93600 
498 93600 
499 93600 
500 93600 
501 93600 
502 93600 
503 93600 
504 93600 
505 93600 
506 93600 
507 93600 
508 93600 
509 93600 
510 93600 
511 93600 
512 93600 
513 93600 
514 93600 
515 93600 
516 93600 
517 93600 
518 93600 
519 93600 
520 93600 
521 93600 
522 93600 
523 93600 
524 93600 
525 93600 
526 93600 
527 93600 
528 93600 
529 93600 
530 93600 
531 93600 
532 93600 
533 93600 
534 93600 
535 93600 
536 93600 
537 93600 
538 93600 
539 93600 
540 93600 
541 93600 
542 93600 
543 93600 
544 93600 
545 93600 
546 93600 
547 93600 
548 93600 
549 93600 
550 93600 
551 93600 
552 93600 
553 93600 
554 93600 
555 93600 
556 93600 
557 93600 
558 93600 
559 93600 
560 93600 
561 93600 
562 93600 
563 93600 
564 93600 
565 93600 
566 93600 
567 93600 
568 93600 
569 93600 
570 93600 
571 93600 
572 93600 
573 93600 
574 93600 
575 93600 
576 93600 
577 93600 
578 93600 
579 93600 
580 93600 
581 93600 
582 93600 
583 93600 
584 93600 
585 93600 
586 93600 
587 93600 
588 93600 
589 93600 
590 93600 
591 93600 
592 93600 
593 93600 
594 93600 
595 93600 
596 93600 
597 93600 
598 93600 
599 93600 
600 93600 
601 93600 
602 93600 
603 93600 
604 93600 
605 93600 
606 93600 
607 93600 
608 93600 
609 93600 
610 93600 
611 93600 
612 93600 
613 93600 
614 93600 
615 93600 
616 93600 
617 93600 
618 93600 
619 93600 
620 93600 
621 93600 
622 93600 
623 93600 
624 93600 
625 93600 
626 93600 
627 93600 
628 93600 
629 93600 
630 93600 
631 93600 
632 93600 
633 93600 
634 93600 
635 93600 
636 93600 
637 93600 
638 93600 
639 93600 
640 93600 
641 93600 
642 93600 
643 93600 
644 93600 
645 93600 
646 93600 
647 93600 
648 93600 
649 93600 
650 93600 
651 93600 
652 93600 
653 93600 
654 93600 
655 93600 
656 93600 
657 93600 
658 93600 
659 93600 
660 93600 
661 93600 
662 93600 
663 93600 
664 93600 
665 93600 
666 93600 
667 93600 
668 93600 
669 93600 
670 93600 
671 93600 
672 93600 
673 93600 
674 93600 
675 93600 
676 93600 
677 93600 
678 93600 
679 93600 
680 93600 
681 93600 
682 93600 
683 93600 
684 93600 
685 93600 
686 93600 
687 93600 
688 93600 
689 93600 
690 93600 
691 93600 
692 93600 
693 93600 
694 93600 
695 93600 
696 93600 
697 93600 
698 93600 
699 93600 
700 93600 
701 93600 
702 93600 
703 93600 
704 93600 
705 93600 
706 93600 
707 93600 
708 93600 
709 93600 
710 93600 
711 93600 
712 93600 
713 93600 
714 93600 
715 93600 
716 93600 
717 93600 
718 93600 
719 93600 
720 93600 
721 93600 
722 93600 
723 93600 
724 93600 
725 93600 
726 93600 
727 93600 
728 93600 
729 93600 
730 93600 
731 93600 
732 93600 
733 93600 
734 93600 
735 93600 
736 93600 
737 93600 
738 93600 
739 93600 
740 93600 
741 93600 
742 93600 
743 93600 
744 93600 
745 93600 
746 93600 
747 93600 
748 93600 
749 93600 
750 93600 
751 93600 
752 93600 
753 93600 
754 93600 
755 93600 
756 93600 
757 93600 
758 93600 
759 93600 
760 93600 
761 93600 
762 93600 
763 93600 
764 93600 
765 93600 
766 93600 
767 93600 
768 93600 
769 93600 
770 93600 
771 93600 
772 93600 
773 93600 
774 93600 
775 93600 
776 93600 
777 93600 
778 93600 
779 93600 
780 93600 
781 93600 
782 93600 
783 93600 
784 93600 
785 93600 
786 93600 
787 93600 
788 93600 
789 93600 
790 93600 
791 93600 
792 93600 
793 93600 
794 93600 
795 93600 
796 93600 
797 93600 
798 93600 
799 93600 
800 93600 
801 93600 
802 93600 
803 93600 
804 93600 
805 93600 
806 93600 
807 93600 
808 93600 
809 93600 
810 93600 
811 93600 
812 93600 
813 93600 
814 93600 
815 93600 
816 93600 
817 93600 
818 93600 
819 93600 
820 93600 
821 93600 
822 93600 
823 93600 
824 93600 
825 93600 
826 93600 
827 93600 
828 93600 
829 93600 
830 93600 
831 93600 
832 93600 
833 93600 
834 93600 
835 93600 
836 93600 
837 93600 
838 93600 
839 93600 
840 93600 
841 93600 
842 93600 
843 93600 
844 93600 
845 93600 
846 93600 
847 93600 
848 93600 
849 93600 
850 93600 
851 93600 
852 93600 
853 93600 
854 93600 
855 93600 
856 93600 
857 93600 
858 93600 
859 93600 
860 93600 
861 93600 
862 93600 
863 93600 
864 93600 
865 93600 
866 93600 
867 93600 
868 93600 
869 93600 
870 93600 
871 93600 
872 93600 
873 93600 
874 93600 
875 93600 
876 93600 
877 93600 
878 93600 
879 93600 
880 93600 
881 93600 
882 93600 
883 93600 
884 93600 
885 93600 
886 93600 
887 93600 
888 93600 
889 93600 
890 93600 
891 93600 
892 93600 
893 93600 
894 93600 
895 93600 
896 93600 
897 93600 
898 93600 
899 93600 
900 93600 
901 93600 
902 93600 
903 93600 
904 93600 
905 93600 
906 93600 
907 93600 
908 93600 
909 93600 
910 93600 
911 93600 
912 93600 
913 93600 
914 93600 
915 93600 
916 93600 
917 93600 
918 93600 
919 93600 
920 93600 
921 93600 
922 93600 
923 93600 
924 93600 
925 93600 
926 93600 
927 93600 
928 93600 
929 93600 
930 93600 
931 93600 
932 93600 
933 93600 
934 93600 
935 93600 
936 93600 
937 93600 
938 93600 
939 93600 
940 93600 
941 93600 
942 93600 
943 93600 
944 93600 
945 93600 
946 93600 
947 93600 
948 93600 
949 93600 
950 93600 
951 93600 
952 93600 
953 93600 
954 93600 
955 93600 
956 93600 
957 93600 
958 93600 
959 93600 
960 93600 
961 93600 
962 93600 
963 93600 
964 93600 
965 93600 
966 93600 
967 93600 
968 93600 
969 93600 
970 93600 
971 93600 
972 93600 
973 93600 
974 93600 
975 93600 
976 93600 
977 93600 
978 93600 
979 93600 
980 93600 
981 93600 
982 93600 
983 93600 
984 93600 
985 93600 
986 93600 
987 93600 
988 93600 
989 93600 
990 93600 
991 93600 
992 93600 
993 93600 
994 93600 
995 93600 
996 93600 
997 93600 
998 93600 
999 93600 
1000 93600 
1001 93600 
1002 93600 
1003 93600 
1004 93600 
1005 93600 
1006 93600 
1007 93600 
1008 93600 
1009 93600 
1010 93600 
1011 93600 
1012 93600 
1013 93600 
1014 93600 
1015 93600 
1016 93600 
1017 93600 
1018 93600 
1019 93600 
1020 93600 
1021 93600 
1022 93600 
1023 93600 
1024 93600 
1025 93600 
1026 93600 
1027 93600 
1028 93600 
1029 93600 
1030 93600 
1031 93600 
1032 93600 
1033 93600 
1034 93600 
1035 93600 
1036 93600 
1037 93600 
1038 93600 
1039 93600 
1040 93600 
1041 93600 
1042 93600 
1043 93600 
1044 93600 
1045 93600 
1046 93600 
1047 93600 
1048 93600 
1049 93600 
1050 93600 
1051 93600 
1052 93600 
1053 93600 
1054 93600 
1055 93600 
1056 93600 
1057 93600 
1058 93600 
1059 93600 
1060 93600 
1061 93600 
1062 93600 
1063 93600 
1064 93600 
1065 93600 
1066 93600 
1067 93600 
1068 93600 
1069 93600 
1070 93600 
1071 93600 
1072 93600 
1073 93600 
1074 93600 
1075 93600 
1076 93600 
1077 93600 
1078 93600 
1079 93600 
1080 93600 
1081 93600 
1082 93600 
1083 93600 
1084 93600 
1085 93600 
1086 93600 
1087 93600 
1088 93600 
1089 93600 
1090 93600 
1091 93600 
1092 93600 
1093 93600 
1094 93600 
1095 93600 
1096 93600 
1097 93600 
1098 93600 
1099 93600 
1100 93600 
1101 93600 
1102 93600 
1103 93600 
1104 93600 
1105 93600 
1106 93600 
1107 93600 
1108 93600 
1109 93600 
1110 93600 
1111 93600 
1112 93600 
1113 93600 
1114 93600 
1115 93600 
1116 93600 
1117 93600 
1118 93600 
1119 93600 
1120 93600 
1121 93600 
1122 93600 
1123 93600 
1124 93600 
1125 93600 
1126 93600 
1127 93600 
1128 93600 
1129 93600 
1130 93600 
1131 93600 
1132 93600 
1133 93600 
1134 93600 
1135 93600 
1136 93600 
1137 93600 
1138 93600 
1139 93600 
1140 93600 
1141 93600 
1142 93600 
1143 93600 
1144 93600 
1145 93600 
1146 93600 
1147 93600 
1148 93600 
1149 93600 
1150 93600 
1151 93600 
1152 93600 
1153 93600 
1154 93600 
1155 93600 
1156 93600 
1157 93600 
1158 93600 
1159 93600 
1160 93600 
1161 93600 
1162 93600 
1163 93600 
1164 93600 
1165 93600 
1166 93600 
1167 93600 
1168 93600 
1169 93600 
1170 93600 
1171 93600 
1172 93600 
1173 93600 
1174 93600 
1175 93600 
1176 93600 
1177 93600 
1178 93600 
1179 93600 
1180 93600 
1181 93600 
1182 93600 
1183 93600 
1184 93600 
1185 93600 
1186 93600 
1187 93600 
1188 93600 
1189 93600 
1190 93600 
1191 93600 
1192 93600 
1193 93600 
1194 93600 
1195 93600 
1196 93600 
1197 93600 
1198 93600 
1199 93600 
1200 93600 
1201 93600 
1202 93600 
1203 93600 
1204 93600 
1205 93600 
1206 93600 
1207 93600 
1208 93600 
1209 93600 
1210 93600 
1211 93600 
1212 93600 
1213 93600 
1214 93600 
1215 93600 
1216 93600 
1217 93600 
1218 93600 
1219 93600 
1220 93600 
1221 93600 
1222 93600 
1223 93600 
1224 93600 
1225 93600 
1226 93600 
1227 93600 
1228 93600 
1229 93600 
1230 93600 
1231 93600 
1232 93600 
1233 93600 
1234 93600 
1235 93600 
1236 93600 
1237 93600 
1238 93600 
1239 93600 
1240 93600 
1241 93600 
1242 93600 
1243 93600 
1244 93600 
1245 93600 
1246 93600 
1247 93600 
1248 93600 
1249 93600 
1250 93600 
1251 93600 
1252 93600 
1253 93600 
1254 93600 
1255 93600 
1256 93600 
1257 93600 
1258 93600 
1259 93600 
1260 93600 
1261 93600 
1262 93600 
1263 93600 
1264 93600 
1265 93600 
1266 93600 
1267 93600 
1268 93600 
1269 93600 
1270 93600 
1271 93600 
1272 93600 
1273 93600 
1274 93600 
1275 93600 
1276 93600 
1277 93600 
1278 93600 
1279 93600 
1280 93600 
1281 93600 
1282 93600 
1283 93600 
1284 93600 
1285 93600 
1286 93600 
1287 93600 
1288 93600 
1289 93600 
1290 93600 
1291 93600 
1292 93600 
1293 93600 
1294 93600 
1295 93600 
1296 93600 
1297 93600 
1298 93600 
1299 93600 
1300 93600 
1301 93600 
1302 93600 
1303 93600 
1304 93600 
1305 93600 
1306 93600 
1307 93600 
1308 93600 
1309 93600 
1310 93600 
1311 93600 
1312 93600 
1313 93600 
1314 93600 
1315 93600 
1316 93600 
1317 93600 
1318 93600 
1319 93600 
1320 93600 
1321 93600 
1322 93600 
1323 93600 
1324 93600 
1325 93600 
1326 93600 
1327 93600 
1328 93600 
1329 93600 
1330 93600 
1331 93600 
1332 93600 
1333 93600 
1334 93600 
1335 93600 
1336 93600 
1337 93600 
1338 93600 
1339 93600 
1340 93600 
1341 93600 
1342 93600 
1343 93600 
1344 93600 
1345 93600 
1346 93600 
1347 93600 
1348 93600 
1349 93600 
1350 93600 
1351 93600 
1352 93600 
1353 93600 
1354 93600 
1355 93600 
1356 93600 
1357 93600 
1358 93600 
1359 93600 
1360 93600 
1361 93600 
1362 93600 
1363 93600 
1364 93600 
1365 93600 
1366 93600 
1367 93600 
1368 93600 
1369 93600 
1370 93600 
1371 93600 
1372 93600 
1373 93600 
1374 93600 
1375 93600 
1376 93600 
1377 93600 
1378 93600 
1379 93600 
1380 93600 
1381 93600 
1382 93600 
1383 93600 
1384 93600 
1385 93600 
1386 93600 
1387 93600 
1388 93600 
1389 93600 
1390 93600 
1391 93600 
1392 93600 
1393 93600 
1394 93600 
1395 93600 
1396 93600 
1397 93600 
1398 93600 
1399 93600 
1400 93600 
1401 93600 
1402 93600 
1403 93600 
1404 93600 
1405 93600 
1406 93600 
1407 93600 
1408 93600 
1409 93600 
1410 93600 
1411 93600 
1412 93600 
1413 93600 
1414 93600 
1415 93600 
1416 93600 
1417 93600 
1418 93600 
1419 93600 
1420 93600 
1421 93600 
1422 93600 
1423 93600 
1424 93600 
1425 93600 
1426 93600 
1427 93600 
1428 93600 
1429 93600 
1430 93600 
1431 93600 
1432 93600 
1433 93600 
1434 93600 
1435 93600 
1436 93600 
1437 93600 
1438 93600 
1439 93600 
1440 93600 
1441 93600 
1442 93600 
1443 93600 
1444 93600 
1445 93600 
1446 93600 
1447 93600 
1448 93600 
1449 93600 
1450 93600 
1451 93600 
1452 93600 
1453 93600 
1454 93600 
1455 93600 
1456 93600 
1457 93600 
1458 93600 
1459 93600 
1460 93600 
1461 93600 
1462 93600 
1463 93600 
1464 93600 
1465 93600 
1466 93600 
1467 93600 
1468 93600 
1469 93600 
1470 93600 
1471 93600 
1472 93600 
1473 93600 
1474 93600 
1475 93600 
1476 93600 
1477 93600 
1478 93600 
1479 93600 
1480 93600 
1481 93600 
1482 93600 
1483 93600 
1484 93600 
1485 93600 
1486 93600 
1487 93600 
1488 93600 
1489 93600 
1490 93600 
1491 93600 
1492 93600 
1493 93600 
1494 93600 
1495 93600 
1496 93600 
1497 93600 
1498 93600 
1499 93600 
1500 93600 
1501 93600 
1502 93600 
1503 93600 
1504 93600 
1505 93600 
1506 93600 
1507 93600 
1508 93600 
1509 93600 
1510 93600 
1511 93600 
1512 93600 
1513 93600 
1514 93600 
1515 93600 
1516 93600 
1517 93600 
1518 93600 
1519 93600 
1520 93600 
1521 93600 
1522 93600 
1523 93600 
1524 93600 
1525 93600 
1526 93600 
1527 93600 
1528 93600 
1529 93600 
1530 93600 
1531 93600 
1532 93600 
1533 93600 
1534 93600 
1535 93600 
1536 93600 
1537 93600 
1538 93600 
1539 93600 
1540 93600 
1541 93600 
1542 93600 
1543 93600 
1544 93600 
1545 93600 
1546 93600 
1547 93600 
1548 93600 
1549 93600 
1550 93600 
1551 93600 
1552 93600 
1553 93600 
1554 93600 
1555 93600 
1556 93600 
1557 93600 
1558 93600 
1559 93600 
1560 93600 
1561 93600 
1562 93600 
1563 93600 
1564 93600 
1565 93600 
1566 93600 
1567 93600 
1568 93600 
1569 93600 
1570 93600 
1571 93600 
1572 93600 
1573 93600 
1574 93600 
1575 93600 
1576 93600 
1577 93600 
1578 93600 
1579 93600 
1580 93600 
1581 93600 
1582 93600 
1583 93600 
1584 93600 
1585 93600 
1586 93600 
1587 93600 
1588 93600 
1589 93600 
1590 93600 
1591 93600 
1592 93600 
1593 93600 
1594 93600 
1595 93600 
1596 93600 
1597 93600 
1598 93600 
1599 93600 
1600 93600 
1601 93600 
1602 93600 
1603 93600 
1604 93600 
1605 93600 
1606 93600 
1607 93600 
1608 93600 
1609 93600 
1610 93600 
1611 93600 
1612 93600 
1613 93600 
1614 93600 
1615 93600 
1616 93600 
1617 93600 
1618 93600 
1619 93600 
1620 93600 
1621 93600 
1622 93600 
1623 93600 
1624 93600 
1625 93600 
1626 93600 
1627 93600 
1628 93600 
1629 93600 
1630 93600 
1631 93600 
1632 93600 
1633 93600 
1634 93600 
1635 93600 
1636 93600 
1637 93600 
1638 93600 
1639 93600 
1640 93600 
1641 93600 
1642 93600 
1643 93600 
1644 93600 
1645 93600 
1646 93600 
1647 93600 
1648 93600 
1649 93600 
1650 93600 
1651 93600 
1652 93600 
1653 93600 
1654 93600 
1655 93600 
1656 93600 
1657 93600 
1658 93600 
1659 93600 
1660 93600 
1661 93600 
1662 93600 
1663 93600 
1664 93600 
1665 93600 
1666 93600 
1667 93600 
1668 93600 
1669 93600 
1670 93600 
1671 93600 
1672 93600 
1673 93600 
1674 93600 
1675 93600 
1676 93600 
1677 93600 
1678 93600 
1679 93600 
1680 93600 
1681 93600 
1682 93600 
1683 93600 
1684 93600 
1685 93600 
1686 93600 
1687 93600 
1688 93600 
1689 93600 
1690 93600 
1691 93600 
1692 93600 
1693 93600 
1694 93600 
1695 93600 
1696 93600 
1697 93600 
1698 93600 
1699 93600 
1700 93600 
1701 93600 
1702 93600 
1703 93600 
1704 93600 
1705 93600 
1706 93600 
1707 93600 
1708 93600 
1709 93600 
1710 93600 
1711 93600 
1712 93600 
1713 93600 
1714 93600 
1715 93600 
1716 93600 
1717 93600 
1718 93600 
1719 93600 
1720 93600 
1721 93600 
1722 93600 
1723 93600 
1724 93600 
1725 93600 
1726 93600 
1727 93600 
1728 93600 
1729 93600 
1730 93600 
1731 93600 
1732 93600 
1733 93600 
1734 93600 
1735 93600 
1736 93600 
1737 93600 
1738 93600 
1739 93600 
1740 93600 
1741 93600 
1742 93600 
1743 93600 
1744 93600 
1745 93600 
1746 93600 
1747 93600 
1748 93600 
1749 93600 
1750 93600 
1751 93600 
1752 93600 
1753 93600 
1754 93600 
1755 93600 
1756 93600 
1757 93600 
1758 93600 
1759 93600 
1760 93600 
1761 93600 
1762 93600 
1763 93600 
1764 93600 
1765 93600 
1766 93600 
1767 93600 
1768 93600 
1769 93600 
1770 93600 
1771 93600 
1772 93600 
1773 93600 
1774 93600 
1775 93600 
1776 93600 
1777 93600 
1778 93600 
1779 93600 
1780 93600 
1781 93600 
1782 93600 
1783 93600 
1784 93600 
1785 93600 
1786 93600 
1787 93600 
1788 93600 
1789 93600 
1790 93600 
1791 93600 
1792 93600 
1793 93600 
1794 93600 
1795 93600 
1796 93600 
1797 93600 
1798 93600 
1799 93600 
1800 93600 
1801 93600 
1802 93600 
1803 93600 
1804 93600 
1805 93600 
1806 93600 
1807 93600 
1808 93600 
1809 93600 
1810 93600 
1811 93600 
1812 93600 
1813 93600 
1814 93600 
1815 93600 
1816 93600 
1817 93600 
1818 93600 
1819 93600 
1820 93600 
1821 93600 
1822 93600 
1823 93600 
1824 93600 
1825 93600 
1826 93600 
1827 93600 
1828 93600 
1829 93600 
1830 93600 
1831 93600 
1832 93600 
1833 93600 
1834 93600 
1835 93600 
1836 93600 
1837 93600 
1838 93600 
1839 93600 
1840 93600 
1841 93600 
1842 93600 
1843 93600 
1844 93600 
1845 93600 
1846 93600 
1847 93600 
1848 93600 
1849 93600 
1850 93600 
1851 93600 
1852 93600 
1853 93600 
1854 93600 
1855 93600 
1856 93600 
1857 93600 
1858 93600 
1859 93600 
1860 93600 
1861 93600 
1862 93600 
1863 93600 
1864 93600 
1865 93600 
1866 93600 
1867 93600 
1868 93600 
1869 93600 
1870 93600 
1871 93600 
1872 93600 
1873 93600 
1874 93600 
1875 93600 
1876 93600 
1877 93600 
1878 93600 
1879 93600 
1880 93600 
1881 93600 
1882 93600 
1883 93600 
1884 93600 
1885 93600 
1886 93600 
1887 93600 
1888 93600 
1889 93600 
1890 93600 
1891 93600 
1892 93600 
1893 93600 
1894 93600 
1895 93600 
1896 93600 
1897 93600 
1898 93600 
1899 93600 
1900 93600 
1901 93600 
1902 93600 
1903 93600 
1904 93600 
1905 93600 
1906 93600 
1907 93600 
1908 93600 
1909 93600 
1910 93600 
1911 93600 
1912 93600 
1913 93600 
1914 93600 
1915 93600 
1916 93600 
1917 93600 
1918 93600 
1919 93600 
1920 93600 
1921 93600 
1922 93600 
1923 93600 
1924 93600 
1925 93600 
1926 93600 
1927 93600 
1928 93600 
1929 93600 
1930 93600 
1931 93600 
1932 93600 
1933 93600 
1934 93600 
1935 93600 
1936 93600 
1937 93600 
1938 93600 
1939 93600 
1940 93600 
1941 93600 
1942 93600 
1943 93600 
1944 93600 
1945 93600 
1946 93600 
1947 93600 
1948 93600 
1949 93600 
1950 93600 
1951 93600 
1952 93600 
1953 93600 
1954 93600 
1955 93600 
1956 93600 
1957 93600 
1958 93600 
1959 93600 
1960 93600 
1961 93600 
1962 93600 
1963 93600 
1964 93600 
1965 93600 
1966 93600 
1967 93600 
1968 93600 
1969 93600 
1970 93600 
1971 93600 
1972 93600 
1973 93600 
1974 93600 
1975 93600 
1976 93600 
1977 93600 
1978 93600 
1979 93600 
1980 93600 
1981 93600 
1982 93600 
1983 93600 
1984 93600 
1985 93600 
1986 93600 
1987 93600 
1988 93600 
1989 93600 
1990 93600 
1991 93600 
1992 93600 
1993 93600 
1994 93600 
1995 93600 
1996 93600 
1997 93600 
1998 93600 
1999 93600 
2000 93600 
2001 93600 
2002 93600 
2003 93600 
2004 93600 
2005 93600 
2006 93600 
2007 93600 
2008 93600 
2009 93600 
2010 93600 
2011 93600 
2012 93600 
2013 93600 
2014 93600 
2015 93600 
2016 93600 
2017 93600 
2018 93600 
2019 93600 
2020 93600 
2021 93600 
2022 93600 
2023 93600 
2024 93600 
2025 93600 
2026 93600 
2027 93600 
2028 93600 
2029 93600 
2030 93600 
2031 93600 
2032 93600 
2033 93600 
2034 93600 
2035 93600 
2036 93600 
2037 93600 
2038 93600 
2039 93600 
2040 93600 
2041 93600 
2042 93600 
2043 93600 
2044 93600 
2045 93600 
2046 93600 
2047 93600 
2048 93600 
2049 93600 
2050 93600 
2051 93600 
2052 93600 
2053 93600 
2054 93600 
2055 93600 
2056 93600 
2057 93600 
2058 93600 
2059 93600 
2060 93600 
2061 93600 
2062 93600 
2063 93600 
2064 93600 
2065 93600 
2066 93600 
2067 93600 
2068 93600 
2069 93600 
2070 93600 
2071 93600 
2072 93600 
2073 93600 
2074 93600 
2075 93600 
2076 93600 
2077 93600 
2078 93600 
2079 93600 
2080 93600 
2081 93600 
2082 93600 
2083 93600 
2084 93600 
2085 93600 
2086 93600 
2087 93600 
2088 93600 
2089 93600 
2090 93600 
2091 93600 
2092 93600 
2093 93600 
2094 93600 
2095 93600 
2096 93600 
2097 93600 
2098 93600 
2099 93600 
2100 93600 
2101 93600 
2102 93600 
2103 93600 
2104 93600 
2105 93600 
2106 93600 
2107 93600 
2108 93600 
2109 93600 
2110 93600 
2111 93600 
2112 93600 
2113 93600 
2114 93600 
2115 93600 
2116 93600 
2117 93600 
2118 93600 
2119 93600 
2120 93600 
2121 93600 
2122 93600 
2123 93600 
2124 93600 
2125 93600 
2126 93600 
2127 93600 
2128 93600 
2129 93600 
2130 93600 
2131 93600 
2132 93600 
2133 93600 
2134 93600 
2135 93600 
2136 93600 
2137 93600 
2138 93600 
2139 93600 
2140 93600 
2141 93600 
2142 93600 
2143 93600 
2144 93600 
2145 93600 
2146 93600 
2147 93600 
2148 93600 
2149 93600 
2150 93600 
2151 93600 
2152 93600 
2153 93600 
2154 93600 
2155 93600 
2156 93600 
2157 93600 
2158 93600 
2159 93600 
2160 93600 
2161 93600 
2162 93600 
2163 93600 
2164 93600 
2165 93600 
2166 93600 
2167 93600 
2168 93600 
2169 93600 
2170 93600 
2171 93600 
2172 93600 
2173 93600 
2174 93600 
2175 93600 
2176 93600 
2177 93600 
2178 93600 
2179 93600 
2180 93600 
2181 93600 
2182 93600 
2183 93600 
2184 93600 
2185 93600 
2186 93600 
2187 93600 
2188 93600 
2189 93600 
2190 93600 
2191 93600 
2192 93600 
2193 93600 
2194 93600 
2195 93600 
2196 93600 
2197 93600 
2198 93600 
2199 93600 
2200 93600 
2201 93600 
2202 93600 
2203 93600 
2204 93600 
2205 93600 
2206 93600 
2207 93600 
2208 93600 
2209 93600 
2210 93600 
2211 93600 
2212 93600 
2213 93600 
2214 93600 
2215 93600 
2216 93600 
2217 93600 
2218 93600 
2219 93600 
2220 93600 
2221 93600 
2222 93600 
2223 93600 
2224 93600 
2225 93600 
2226 93600 
2227 93600 
2228 93600 
2229 93600 
2230 93600 
2231 93600 
2232 93600 
2233 93600 
2234 93600 
2235 93600 
2236 93600 
2237 93600 
2238 93600 
2239 93600 
2240 93600 
2241 93600 
2242 93600 
2243 93600 
2244 93600 
2245 93600 
2246 93600 
2247 93600 
2248 93600 
2249 93600 
2250 93600 
2251 93600 
2252 93600 
2253 93600 
2254 93600 
2255 93600 
2256 93600 
2257 93600 
2258 93600 
2259 93600 
2260 93600 
2261 93600 
2262 93600 
2263 93600 
2264 93600 
2265 93600 
2266 93600 
2267 93600 
2268 93600 
2269 93600 
2270 93600 
2271 93600 
2272 93600 
2273 93600 
2274 93600 
2275 93600 
2276 93600 
2277 93600 
2278 93600 
2279 93600 
2280 93600 
2281 93600 
2282 93600 
2283 93600 
2284 93600 
2285 93600 
2286 93600 
2287 93600 
2288 93600 
2289 93600 
2290 93600 
2291 93600 
2292 93600 
2293 93600 
2294 93600 
2295 93600 
2296 93600 
2297 93600 
2298 93600 
2299 93600 
2300 93600 
2301 93600 
2302 93600 
2303 93600 
2304 93600 
2305 93600 
2306 93600 
2307 93600 
2308 93600 
2309 93600 
2310 93600 
2311 93600 
2312 93600 
2313 93600 
2314 93600 
2315 93600 
2316 93600 
2317 93600 
2318 93600 
2319 93600 
2320 93600 
2321 93600 
2322 93600 
2323 93600 
2324 93600 
2325 93600 
2326 93600 
2327 93600 
2328 93600 
2329 93600 
2330 93600 
2331 93600 
2332 93600 
2333 93600 
2334 93600 
2335 93600 
2336 93600 
2337 93600 
2338 93600 
2339 93600 
2340 93600 
2341 93600 
2342 93600 
2343 93600 
2344 93600 
2345 93600 
2346 93600 
2347 93600 
2348 93600 
2349 93600 
2350 93600 
2351 93600 
2352 93600 
2353 93600 
2354 93600 
2355 93600 
2356 93600 
2357 93600 
2358 93600 
2359 93600 
2360 93600 
2361 93600 
2362 93600 
2363 93600 
2364 93600 
2365 93600 
2366 93600 
2367 93600 
2368 93600 
2369 93600 
2370 93600 
2371 93600 
2372 93600 
2373 93600 
2374 93600 
2375 93600 
2376 93600 
2377 93600 
2378 93600 
2379 93600 
2380 93600 
2381 93600 
2382 93600 
2383 93600 
2384 93600 
2385 93600 
2386 93600 
2387 93600 
2388 93600 
2389 93600 
2390 93600 
2391 93600 
2392 93600 
2393 93600 
2394 93600 
2395 93600 
2396 93600 
2397 93600 
2398 93600 
2399 93600 
2400 93600 
2401 93600 
2402 93600 
2403 93600 
2404 93600 
2405 93600 
2406 93600 
2407 93600 
2408 93600 
2409 93600 
2410 93600 
2411 93600 
2412 93600 
2413 93600 
2414 93600 
2415 93600 
2416 93600 
2417 93600 
2418 93600 
2419 93600 
2420 93600 
2421 93600 
2422 93600 
2423 93600 
2424 93600 
2425 93600 
2426 93600 
2427 93600 
2428 93600 
2429 93600 
2430 93600 
2431 93600 
2432 93600 
2433 93600 
2434 93600 
2435 93600 
2436 93600 
2437 93600 
2438 93600 
2439 93600 
2440 93600 
2441 93600 
2442 93600 
2443 93600 
2444 93600 
2445 93600 
2446 93600 
2447 93600 
2448 93600 
2449 93600 
2450 93600 
2451 93600 
2452 93600 
2453 93600 
2454 93600 
2455 93600 
2456 93600 
2457 93600 
2458 93600 
2459 93600 
2460 93600 
2461 93600 
2462 93600 
2463 93600 
2464 93600 
2465 93600 
2466 93600 
2467 93600 
2468 93600 
2469 93600 
2470 93600 
2471 93600 
2472 93600 
2473 93600 
2474 93600 
2475 93600 
2476 93600 
2477 93600 
2478 93600 
2479 93600 
2480 93600 
2481 93600 
2482 93600 
2483 93600 
2484 93600 
2485 93600 
2486 93600 
2487 93600 
2488 93600 
2489 93600 
2490 93600 
2491 93600 
2492 93600 
2493 93600 
2494 93600 
2495 93600 
2496 93600 
2497 93600 
2498 93600 
2499 93600 
2500 93600 
2501 93600 
2502 93600 
2503 93600 
2504 93600 
2505 93600 
2506 93600 
2507 93600 
2508 93600 
2509 93600 
2510 93600 
2511 93600 
2512 93600 
2513 93600 
2514 93600 
2515 93600 
2516 93600 
2517 93600 
2518 93600 
2519 93600 
2520 93600 
2521 93600 
2522 93600 
2523 93600 
2524 93600 
2525 93600 
2526 93600 
2527 93600 
2528 93600 
2529 93600 
2530 93600 
2531 93600 
2532 93600 
2533 93600 
2534 93600 
2535 93600 
2536 93600 
2537 93600 
2538 93600 
2539 93600 
2540 93600 
2541 93600 
2542 93600 
2543 93600 
2544 93600 
2545 93600 
2546 93600 
2547 93600 
2548 93600 
2549 93600 
2550 93600 
2551 93600 
2552 93600 
2553 93600 
2554 93600 
2555 93600 
2556 93600 
2557 93600 
2558 93600 
2559 93600 
2560 93600 
2561 93600 
2562 93600 
2563 93600 
2564 93600 
2565 93600 
2566 93600 
2567 93600 
2568 93600 
2569 93600 
2570 93600 
2571 93600 
2572 93600 
2573 93600 
2574 93600 
2575 93600 
2576 93600 
2577 93600 
2578 93600 
2579 93600 
2580 93600 
2581 93600 
2582 93600 
2583 93600 
2584 93600 
2585 93600 
2586 93600 
2587 93600 
2588 93600 
2589 93600 
2590 93600 
2591 93600 
2592 93600 
2593 93600 
2594 93600 
2595 93600 
2596 93600 
2597 93600 
2598 93600 
2599 93600 
2600 93600 
2601 93600 
2602 93600 
2603 93600 
2604 93600 
2605 93600 
2606 93600 
2607 93600 
2608 93600 
2609 93600 
2610 93600 
2611 93600 
2612 93600 
2613 93600 
2614 93600 
2615 93600 
2616 93600 
2617 93600 
2618 93600 
2619 93600 
2620 93600 
2621 93600 
2622 93600 
2623 93600 
2624 93600 
2625 93600 
2626 93600 
2627 93600 
2628 93600 
2629 93600 
2630 93600 
2631 93600 
2632 93600 
2633 93600 
2634 93600 
2635 93600 
2636 93600 
2637 93600 
2638 93600 
2639 93600 
2640 93600 
2641 93600 
2642 93600 
2643 93600 
2644 93600 
2645 93600 
2646 93600 
2647 93600 
2648 93600 
2649 93600 
2650 93600 
2651 93600 
2652 93600 
2653 93600 
2654 93600 
2655 93600 
2656 93600 
2657 93600 
2658 93600 
2659 93600 
2660 93600 
2661 93600 
2662 93600 
2663 93600 
2664 93600 
2665 93600 
2666 93600 
2667 93600 
2668 93600 
2669 93600 
2670 93600 
2671 93600 
2672 93600 
2673 93600 
2674 93600 
2675 93600 
2676 93600 
2677 93600 
2678 93600 
2679 93600 
2680 93600 
2681 93600 
2682 93600 
2683 93600 
2684 93600 
2685 93600 
2686 93600 
2687 93600 
2688 93600 
2689 93600 
2690 93600 
2691 93600 
2692 93600 
2693 93600 
2694 93600 
2695 93600 
2696 93600 
2697 93600 
2698 93600 
2699 93600 
2700 93600 
2701 93600 
2702 93600 
2703 93600 
2704 93600 
2705 93600 
2706 93600 
2707 93600 
2708 93600 
2709 93600 
2710 93600 
2711 93600 
2712 93600 
2713 93600 
2714 93600 
2715 93600 
2716 93600 
2717 93600 
2718 93600 
2719 93600 
2720 93600 
2721 93600 
2722 93600 
2723 93600 
2724 93600 
2725 93600 
2726 93600 
2727 93600 
2728 93600 
2729 93600 
2730 93600 
2731 93600 
2732 93600 
2733 93600 
2734 93600 
2735 93600 
2736 93600 
2737 93600 
2738 93600 
2739 93600 
2740 93600 
2741 93600 
2742 93600 
2743 93600 
2744 93600 
2745 93600 
2746 93600 
2747 93600 
2748 93600 
2749 93600 
2750 93600 
2751 93600 
2752 93600 
2753 93600 
2754 93600 
2755 93600 
2756 93600 
2757 93600 
2758 93600 
2759 93600 
2760 93600 
2761 93600 
2762 93600 
2763 93600 
2764 93600 
2765 93600 
2766 93600 
2767 93600 
2768 93600 
2769 93600 
2770 93600 
2771 93600 
2772 93600 
2773 93600 
2774 93600 
2775 93600 
2776 93600 
2777 93600 
2778 93600 
2779 93600 
2780 93600 
2781 93600 
2782 93600 
2783 93600 
2784 93600 
2785 93600 
2786 93600 
2787 93600 
2788 93600 
2789 93600 
2790 93600 
2791 93600 
2792 93600 
2793 93600 
2794 93600 
2795 93600 
2796 93600 
2797 93600 
2798 93600 
2799 93600 
2800 93600 
2801 93600 
2802 93600 
2803 93600 
2804 93600 
2805 93600 
2806 93600 
2807 93600 
2808 93600 
2809 93600 
2810 93600 
2811 93600 
2812 93600 
2813 93600 
2814 93600 
2815 93600 
2816 93600 
2817 93600 
2818 93600 
2819 93600 
2820 93600 
2821 93600 
2822 93600 
2823 93600 
2824 93600 
2825 93600 
2826 93600 
2827 93600 
2828 93600 
2829 93600 
2830 93600 
2831 93600 
2832 93600 
2833 93600 
2834 93600 
2835 93600 
2836 93600 
2837 93600 
2838 93600 
2839 93600 
2840 93600 
2841 93600 
2842 93600 
2843 93600 
2844 93600 
2845 93600 
2846 93600 
2847 93600 
2848 93600 
2849 93600 
2850 93600 
2851 93600 
2852 93600 
2853 93600 
2854 93600 
2855 93600 
2856 93600 
2857 93600 
2858 93600 
2859 93600 
2860 93600 
2861 93600 
2862 93600 
2863 93600 
2864 93600 
2865 93600 
2866 93600 
2867 93600 
2868 93600 
2869 93600 
2870 93600 
2871 93600 
2872 93600 
2873 93600 
2874 93600 
2875 93600 
2876 93600 
2877 93600 
2878 93600 
2879 93600 
2880 93600 
2881 93600 
2882 93600 
2883 93600 
2884 93600 
2885 93600 
2886 93600 
2887 93600 
2888 93600 
2889 93600 
2890 93600 
2891 93600 
2892 93600 
2893 93600 
2894 93600 
2895 93600 
2896 93600 
2897 93600 
2898 93600 
2899 93600 
2900 93600 
2901 93600 
2902 93600 
2903 93600 
2904 93600 
2905 93600 
2906 93600 
2907 93600 
2908 93600 
2909 93600 
2910 93600 
2911 93600 
2912 93600 
2913 93600 
2914 93600 
2915 93600 
2916 93600 
2917 93600 
2918 93600 
2919 93600 
2920 93600 
2921 93600 
2922 93600 
2923 93600 
2924 93600 
2925 93600 
2926 93600 
2927 93600 
2928 93600 
2929 93600 
2930 93600 
2931 93600 
2932 93600 
2933 93600 
2934 93600 
2935 93600 
2936 93600 
2937 93600 
2938 93600 
2939 93600 
2940 93600 
2941 93600 
2942 93600 
2943 93600 
2944 93600 
2945 93600 
2946 93600 
2947 93600 
2948 93600 
2949 93600 
2950 93600 
2951 93600 
2952 93600 
2953 93600 
2954 93600 
2955 93600 
2956 93600 
2957 93600 
2958 93600 
2959 93600 
2960 93600 
2961 93600 
2962 93600 
2963 93600 
2964 93600 
2965 93600 
2966 93600 
2967 93600 
2968 93600 
2969 93600 
2970 93600 
2971 93600 
2972 93600 
2973 93600 
2974 93600 
2975 93600 
2976 93600 
2977 93600 
2978 93600 
2979 93600 
2980 93600 
2981 93600 
2982 93600 
2983 93600 
2984 93600 
2985 93600 
2986 93600 
2987 93600 
2988 93600 
2989 93600 
2990 93600 
2991 93600 
2992 93600 
2993 93600 
2994 93600 
2995 93600 
2996 93600 
2997 93600 
2998 93600 
2999 93600 
3000 93600 
3001 93600 
3002 93600 
3003 93600 
3004 93600 
3005 93600 
3006 93600 
3007 93600 
3008 93600 
3009 93600 
3010 93600 
3011 93600 
3012 93600 
3013 93600 
3014 93600 
3015 93600 
3016 93600 
3017 93600 
3018 93600 
3019 93600 
3020 93600 
3021 93600 
3022 93600 
3023 93600 
3024 93600 
3025 93600 
3026 93600 
3027 93600 
3028 93600 
3029 93600 
3030 93600 
3031 93600 
3032 93600 
3033 93600 
3034 93600 
3035 93600 
3036 93600 
3037 93600 
3038 93600 
3039 93600 
3040 93600 
3041 93600 
3042 93600 
3043 93600 
3044 93600 
3045 93600 
3046 93600 
3047 93600 
3048 93600 
3049 93600 
3050 93600 
3051 93600 
3052 93600 
3053 93600 
3054 93600 
3055 93600 
3056 93600 
3057 93600 
3058 93600 
3059 93600 
3060 93600 
3061 93600 
3062 93600 
3063 93600 
3064 93600 
3065 93600 
3066 93600 
3067 93600 
3068 93600 
3069 93600 
3070 93600 
3071 93600 
3072 93600 
3073 93600 
3074 93600 
3075 93600 
3076 93600 
3077 93600 
3078 93600 
3079 93600 
3080 93600 
3081 93600 
3082 93600 
3083 93600 
3084 93600 
3085 93600 
3086 93600 
3087 93600 
3088 93600 
3089 93600 
3090 93600 
3091 93600 
3092 93600 
3093 93600 
3094 93600 
3095 93600 
3096 93600 
3097 93600 
3098 93600 
3099 93600 
3100 93600 
3101 93600 
3102 93600 
3103 93600 
3104 93600 
3105 93600 
3106 93600 
3107 93600 
3108 93600 
3109 93600 
3110 93600 
3111 93600 
3112 93600 
3113 93600 
3114 93600 
3115 93600 
3116 93600 
3117 93600 
3118 93600 
3119 93600 
3120 93600 
3121 93600 
3122 93600 
3123 93600 
3124 93600 
3125 93600 
3126 93600 
3127 93600 
3128 93600 
3129 93600 
3130 93600 
3131 93600 
3132 93600 
3133 93600 
3134 93600 
3135 93600 
3136 93600 
3137 93600 
3138 93600 
3139 93600 
3140 93600 
3141 93600 
3142 93600 
3143 93600 
3144 93600 
3145 93600 
3146 93600 
3147 93600 
3148 93600 
3149 93600 
3150 93600 
3151 93600 
3152 93600 
3153 93600 
3154 93600 
3155 93600 
3156 93600 
3157 93600 
3158 93600 
3159 93600 
3160 93600 
3161 93600 
3162 93600 
3163 93600 
3164 93600 
3165 93600 
3166 93600 
3167 93600 
3168 93600 
3169 93600 
3170 93600 
3171 93600 
3172 93600 
3173 93600 
3174 93600 
3175 93600 
3176 93600 
3177 93600 
3178 93600 
3179 93600 
3180 93600 
3181 93600 
3182 93600 
3183 93600 
3184 93600 
3185 93600 
3186 93600 
3187 93600 
3188 93600 
3189 93600 
3190 93600 
3191 93600 
3192 93600 
3193 93600 
3194 93600 
3195 93600 
3196 93600 
3197 93600 
3198 93600 
3199 93600 
3200 93600 
3201 93600 
3202 93600 
3203 93600 
3204 93600 
3205 93600 
3206 93600 
3207 93600 
3208 93600 
3209 93600 
3210 93600 
3211 93600 
3212 93600 
3213 93600 
3214 93600 
3215 93600 
3216 93600 
3217 93600 
3218 93600 
3219 93600 
3220 93600 
3221 93600 
3222 93600 
3223 93600 
3224 93600 
3225 93600 
3226 93600 
3227 93600 
3228 93600 
3229 93600 
3230 93600 

