0 138120 
1 137720 
2 137520 
3 137320 
4 137120 
5 136890 
6 136740 
7 136140 
8 135740 
9 135610 
10 135410 
11 135210 
12 135110 
13 134980 
14 134440 
15 134340 
16 134140 
17 133540 
18 133540 
19 132940 
20 132740 
21 132540 
22 132340 
23 132040 
24 131440 
25 131340 
26 131140 
27 130740 
28 130640 
29 130540 
30 130440 
31 130240 
32 130040 
33 129940 
34 129640 
35 129340 
36 129140 
37 128940 
38 128540 
39 128440 
40 127940 
41 127740 
42 127640 
43 127540 
44 127240 
45 127140 
46 126740 
47 126540 
48 126340 
49 126140 
50 125940 
51 125640 
52 125440 
53 125340 
54 125240 
55 125040 
56 124940 
57 124810 
58 124270 
59 124070 
60 124010 
61 123910 
62 123810 
63 123800 
64 123600 
65 123500 
66 123100 
67 122640 
68 122520 
69 122320 
70 122180 
71 122010 
72 121880 
73 121680 
74 121680 
75 121620 
76 121420 
77 120820 
78 120520 
79 120520 
80 120520 
81 120320 
82 120180 
83 119680 
84 119280 
85 119080 
86 118960 
87 118860 
88 118660 
89 118460 
90 118400 
91 118170 
92 118070 
93 117870 
94 117770 
95 117390 
96 117160 
97 116430 
98 116340 
99 116310 
100 116210 
101 116010 
102 115910 
103 115860 
104 115860 
105 115760 
106 115640 
107 115030 
108 114830 
109 114130 
110 114030 
111 114030 
112 113630 
113 113530 
114 113430 
115 112890 
116 112490 
117 112190 
118 111990 
119 111300 
120 111300 
121 111130 
122 110930 
123 110630 
124 110530 
125 110530 
126 110330 
127 110230 
128 110230 
129 109830 
130 109750 
131 109550 
132 109350 
133 109350 
134 109350 
135 108960 
136 108760 
137 108560 
138 108360 
139 108300 
140 107610 
141 107210 
142 106810 
143 106810 
144 106410 
145 106140 
146 106040 
147 105840 
148 105580 
149 105380 
150 104580 
151 104580 
152 104580 
153 104450 
154 104250 
155 104250 
156 104050 
157 103850 
158 103750 
159 103550 
160 103490 
161 103140 
162 102840 
163 102540 
164 102340 
165 102140 
166 102110 
167 102110 
168 101710 
169 101340 
170 101340 
171 101140 
172 101040 
173 100640 
174 100440 
175 100440 
176 99520 
177 99320 
178 98720 
179 98180 
180 97380 
181 97180 
182 96340 
183 96240 
184 96240 
185 96240 
186 96040 
187 96040 
188 96040 
189 95940 
190 95940 
191 95940 
192 95540 
193 95540 
194 95540 
195 95540 
196 95540 
197 95540 
198 95540 
199 95240 
200 95240 
201 95240 
202 94240 
203 94240 
204 94240 
205 94240 
206 94240 
207 93840 
208 93840 
209 93840 
210 93840 
211 93840 
212 93840 
213 93840 
214 93840 
215 93840 
216 93840 
217 93840 
218 93840 
219 93840 
220 93840 
221 93840 
222 93840 
223 93840 
224 93840 
225 93840 
226 93840 
227 93840 
228 93840 
229 93840 
230 93840 
231 93840 
232 93840 
233 93840 
234 93840 
235 93840 
236 93840 
237 93840 
238 93840 
239 93840 
240 93840 
241 93840 
242 93840 
243 93840 
244 93840 
245 93840 
246 93840 
247 93840 
248 93840 
249 93840 
250 93840 
251 93840 
252 93840 
253 93840 
254 93840 
255 93840 
256 93840 
257 93840 
258 93840 
259 93840 
260 93840 
261 93840 
262 93840 
263 93840 
264 93840 
265 93840 
266 93840 
267 93840 
268 93840 
269 93840 
270 93840 
271 93840 
272 93840 
273 93840 
274 93840 
275 93840 
276 93840 
277 93840 
278 93840 
279 93840 
280 93840 
281 93840 
282 93840 
283 93840 
284 93840 
285 93840 
286 93840 
287 93840 
288 93840 
289 93840 
290 93840 
291 93840 
292 93840 
293 93840 
294 93840 
295 93840 
296 93840 
297 93840 
298 93840 
299 93840 
300 93840 
301 93840 
302 93840 
303 93840 
304 93840 
305 93840 
306 93840 
307 93840 
308 93840 
309 93840 
310 93840 
311 93840 
312 93840 
313 93840 
314 93840 
315 93840 
316 93840 
317 93840 
318 93840 
319 93840 
320 93840 
321 93840 
322 93840 
323 93840 
324 93840 
325 93840 
326 93840 
327 93840 
328 93840 
329 93840 
330 93840 
331 93840 
332 93840 
333 93840 
334 93840 
335 93840 
336 93840 
337 93840 
338 93840 
339 93840 
340 93840 
341 93840 
342 93840 
343 93840 
344 93840 
345 93840 
346 93840 
347 93840 
348 93840 
349 93840 
350 93840 
351 93840 
352 93840 
353 93840 
354 93840 
355 93840 
356 93840 
357 93840 
358 93840 
359 93840 
360 93840 
361 93840 
362 93840 
363 93840 
364 93840 
365 93840 
366 93840 
367 93840 
368 93840 
369 93840 
370 93840 
371 93840 
372 93840 
373 93840 
374 93840 
375 93840 
376 93840 
377 93840 
378 93840 
379 93840 
380 93840 
381 93840 
382 93840 
383 93840 
384 93840 
385 93840 
386 93840 
387 93840 
388 93840 
389 93840 
390 93840 
391 93840 
392 93840 
393 93840 
394 93840 
395 93840 
396 93840 
397 93840 
398 93840 
399 93840 
400 93840 
401 93840 
402 93840 
403 93840 
404 93840 
405 93840 
406 93840 
407 93840 
408 93840 
409 93840 
410 93840 
411 93840 
412 93840 
413 93840 
414 93840 
415 93840 
416 93840 
417 93840 
418 93840 
419 93840 
420 93840 
421 93840 
422 93840 
423 93840 
424 93840 
425 93840 
426 93840 
427 93840 
428 93840 
429 93840 
430 93840 
431 93840 
432 93840 
433 93840 
434 93840 
435 93840 
436 93840 
437 93840 
438 93840 
439 93840 
440 93840 
441 93840 
442 93840 
443 93840 
444 93840 
445 93840 
446 93840 
447 93840 
448 93840 
449 93840 
450 93840 
451 93840 
452 93840 
453 93840 
454 93840 
455 93840 
456 93840 
457 93840 
458 93840 
459 93840 
460 93840 
461 93840 
462 93840 
463 93840 
464 93840 
465 93840 
466 93840 
467 93840 
468 93840 
469 93840 
470 93840 
471 93840 
472 93840 
473 93840 
474 93840 
475 93840 
476 93840 
477 93840 
478 93840 
479 93840 
480 93840 
481 93840 
482 93840 
483 93840 
484 93840 
485 93840 
486 93840 
487 93840 
488 93840 
489 93840 
490 93840 
491 93840 
492 93840 
493 93840 
494 93840 
495 93840 
496 93840 
497 93840 
498 93840 
499 93840 
500 93840 
501 93840 
502 93840 
503 93840 
504 93840 
505 93840 
506 93840 
507 93840 
508 93840 
509 93840 
510 93840 
511 93840 
512 93840 
513 93840 
514 93840 
515 93840 
516 93840 
517 93840 
518 93840 
519 93840 
520 93840 
521 93840 
522 93840 
523 93840 
524 93840 
525 93840 
526 93840 
527 93840 
528 93840 
529 93840 
530 93840 
531 93840 
532 93840 
533 93840 
534 93840 
535 93840 
536 93840 
537 93840 
538 93840 
539 93840 
540 93840 
541 93840 
542 93840 
543 93840 
544 93840 
545 93840 
546 93840 
547 93840 
548 93840 
549 93840 
550 93840 
551 93840 
552 93840 
553 93840 
554 93840 
555 93840 
556 93840 
557 93840 
558 93840 
559 93840 
560 93840 
561 93840 
562 93840 
563 93840 
564 93840 
565 93840 
566 93840 
567 93840 
568 93840 
569 93840 
570 93840 
571 93840 
572 93840 
573 93840 
574 93840 
575 93840 
576 93840 
577 93840 
578 93840 
579 93840 
580 93840 
581 93840 
582 93840 
583 93840 
584 93840 
585 93840 
586 93840 
587 93840 
588 93840 
589 93840 
590 93840 
591 93840 
592 93840 
593 93840 
594 93840 
595 93840 
596 93840 
597 93840 
598 93840 
599 93840 
600 93840 
601 93840 
602 93840 
603 93840 
604 93840 
605 93840 
606 93840 
607 93840 
608 93840 
609 93840 
610 93840 
611 93840 
612 93840 
613 93840 
614 93840 
615 93840 
616 93840 
617 93840 
618 93840 
619 93840 
620 93840 
621 93840 
622 93840 
623 93840 
624 93840 
625 93840 
626 93840 
627 93840 
628 93840 
629 93840 
630 93840 
631 93840 
632 93840 
633 93840 
634 93840 
635 93840 
636 93840 
637 93840 
638 93840 
639 93840 
640 93840 
641 93840 
642 93840 
643 93840 
644 93840 
645 93840 
646 93840 
647 93840 
648 93840 
649 93840 
650 93840 
651 93840 
652 93840 
653 93840 
654 93840 
655 93840 
656 93840 
657 93840 
658 93840 
659 93840 
660 93840 
661 93840 
662 93840 
663 93840 
664 93840 
665 93840 
666 93840 
667 93840 
668 93840 
669 93840 
670 93840 
671 93840 
672 93840 
673 93840 
674 93840 
675 93840 
676 93840 
677 93840 
678 93840 
679 93840 
680 93840 
681 93840 
682 93840 
683 93840 
684 93840 
685 93840 
686 93840 
687 93840 
688 93840 
689 93840 
690 93840 
691 93840 
692 93840 
693 93840 
694 93840 
695 93840 
696 93840 
697 93840 
698 93840 
699 93840 
700 93840 
701 93840 
702 93840 
703 93840 
704 93840 
705 93840 
706 93840 
707 93840 
708 93840 
709 93840 
710 93840 
711 93840 
712 93840 
713 93840 
714 93840 
715 93840 
716 93840 
717 93840 
718 93840 
719 93840 
720 93840 
721 93840 
722 93840 
723 93840 
724 93840 
725 93840 
726 93840 
727 93840 
728 93840 
729 93840 
730 93840 
731 93840 
732 93840 
733 93840 
734 93840 
735 93840 
736 93840 
737 93840 
738 93840 
739 93840 
740 93840 
741 93840 
742 93840 
743 93840 
744 93840 
745 93840 
746 93840 
747 93840 
748 93840 
749 93840 
750 93840 
751 93840 
752 93840 
753 93840 
754 93840 
755 93840 
756 93840 
757 93840 
758 93840 
759 93840 
760 93840 
761 93840 
762 93840 
763 93840 
764 93840 
765 93840 
766 93840 
767 93840 
768 93840 
769 93840 
770 93840 
771 93840 
772 93840 
773 93840 
774 93840 
775 93840 
776 93840 
777 93840 
778 93840 
779 93840 
780 93840 
781 93840 
782 93840 
783 93840 
784 93840 
785 93840 
786 93840 
787 93840 
788 93840 
789 93840 
790 93840 
791 93840 
792 93840 
793 93840 
794 93840 
795 93840 
796 93840 
797 93840 
798 93840 
799 93840 
800 93840 
801 93840 
802 93840 
803 93840 
804 93840 
805 93840 
806 93840 
807 93840 
808 93840 
809 93840 
810 93840 
811 93840 
812 93840 
813 93840 
814 93840 
815 93840 
816 93840 
817 93840 
818 93840 
819 93840 
820 93840 
821 93840 
822 93840 
823 93840 
824 93840 
825 93840 
826 93840 
827 93840 
828 93840 
829 93840 
830 93840 
831 93840 
832 93840 
833 93840 
834 93840 
835 93840 
836 93840 
837 93840 
838 93840 
839 93840 
840 93840 
841 93840 
842 93840 
843 93840 
844 93840 
845 93840 
846 93840 
847 93840 
848 93840 
849 93840 
850 93840 
851 93840 
852 93840 
853 93840 
854 93840 
855 93840 
856 93840 
857 93840 
858 93840 
859 93840 
860 93840 
861 93840 
862 93840 
863 93840 
864 93840 
865 93840 
866 93840 
867 93840 
868 93840 
869 93840 
870 93840 
871 93840 
872 93840 
873 93840 
874 93840 
875 93840 
876 93840 
877 93840 
878 93840 
879 93840 
880 93840 
881 93840 
882 93840 
883 93840 
884 93840 
885 93840 
886 93840 
887 93840 
888 93840 
889 93840 
890 93840 
891 93840 
892 93840 
893 93840 
894 93840 
895 93840 
896 93840 
897 93840 
898 93840 
899 93840 
900 93840 
901 93840 
902 93840 
903 93840 
904 93840 
905 93840 
906 93840 
907 93840 
908 93840 
909 93840 
910 93840 
911 93840 
912 93840 
913 93840 
914 93840 
915 93840 
916 93840 
917 93840 
918 93840 
919 93840 
920 93840 
921 93840 
922 93840 
923 93840 
924 93840 
925 93840 
926 93840 
927 93840 
928 93840 
929 93840 
930 93840 
931 93840 
932 93840 
933 93840 
934 93840 
935 93840 
936 93840 
937 93840 
938 93840 
939 93840 
940 93840 
941 93840 
942 93840 
943 93840 
944 93840 
945 93840 
946 93840 
947 93840 
948 93840 
949 93840 
950 93840 
951 93840 
952 93840 
953 93840 
954 93840 
955 93840 
956 93840 
957 93840 
958 93840 
959 93840 
960 93840 
961 93840 
962 93840 
963 93840 
964 93840 
965 93840 
966 93840 
967 93840 
968 93840 
969 93840 
970 93840 
971 93840 
972 93840 
973 93840 
974 93840 
975 93840 
976 93840 
977 93840 
978 93840 
979 93840 
980 93840 
981 93840 
982 93840 
983 93840 
984 93840 
985 93840 
986 93840 
987 93840 
988 93840 
989 93840 
990 93840 
991 93840 
992 93840 
993 93840 
994 93840 
995 93840 
996 93840 
997 93840 
998 93840 
999 93840 
1000 93840 
1001 93840 
1002 93840 
1003 93840 
1004 93840 
1005 93840 
1006 93840 
1007 93840 
1008 93840 
1009 93840 
1010 93840 
1011 93840 
1012 93840 
1013 93840 
1014 93840 
1015 93840 
1016 93840 
1017 93840 
1018 93840 
1019 93840 
1020 93840 
1021 93840 
1022 93840 
1023 93840 
1024 93840 
1025 93840 
1026 93840 
1027 93840 
1028 93840 
1029 93840 
1030 93840 
1031 93840 
1032 93840 
1033 93840 
1034 93840 
1035 93840 
1036 93840 
1037 93840 
1038 93840 
1039 93840 
1040 93840 
1041 93840 
1042 93840 
1043 93840 
1044 93840 
1045 93840 
1046 93840 
1047 93840 
1048 93840 
1049 93840 
1050 93840 
1051 93840 
1052 93840 
1053 93840 
1054 93840 
1055 93840 
1056 93840 
1057 93840 
1058 93840 
1059 93840 
1060 93840 
1061 93840 
1062 93840 
1063 93840 
1064 93840 
1065 93840 
1066 93840 
1067 93840 
1068 93840 
1069 93840 
1070 93840 
1071 93840 
1072 93840 
1073 93840 
1074 93840 
1075 93840 
1076 93840 
1077 93840 
1078 93840 
1079 93840 
1080 93840 
1081 93840 
1082 93840 
1083 93840 
1084 93840 
1085 93840 
1086 93840 
1087 93840 
1088 93840 
1089 93840 
1090 93840 
1091 93840 
1092 93840 
1093 93840 
1094 93840 
1095 93840 
1096 93840 
1097 93840 
1098 93840 
1099 93840 
1100 93840 
1101 93840 
1102 93840 
1103 93840 
1104 93840 
1105 93840 
1106 93840 
1107 93840 
1108 93840 
1109 93840 
1110 93840 
1111 93840 
1112 93840 
1113 93840 
1114 93840 
1115 93840 
1116 93840 
1117 93840 
1118 93840 
1119 93840 
1120 93840 
1121 93840 
1122 93840 
1123 93840 
1124 93840 
1125 93840 
1126 93840 
1127 93840 
1128 93840 
1129 93840 
1130 93840 
1131 93840 
1132 93840 
1133 93840 
1134 93840 
1135 93840 
1136 93840 
1137 93840 
1138 93840 
1139 93840 
1140 93840 
1141 93840 
1142 93840 
1143 93840 
1144 93840 
1145 93840 
1146 93840 
1147 93840 
1148 93840 
1149 93840 
1150 93840 
1151 93840 
1152 93840 
1153 93840 
1154 93840 
1155 93840 
1156 93840 
1157 93840 
1158 93840 
1159 93840 
1160 93840 
1161 93840 
1162 93840 
1163 93840 
1164 93840 
1165 93840 
1166 93840 
1167 93840 
1168 93840 
1169 93840 
1170 93840 
1171 93840 
1172 93840 
1173 93840 
1174 93840 
1175 93840 
1176 93840 
1177 93840 
1178 93840 
1179 93840 
1180 93840 
1181 93840 
1182 93840 
1183 93840 
1184 93840 
1185 93840 
1186 93840 
1187 93840 
1188 93840 
1189 93840 
1190 93840 
1191 93840 
1192 93840 
1193 93840 
1194 93840 
1195 93840 
1196 93840 
1197 93840 
1198 93840 
1199 93840 
1200 93840 
1201 93840 
1202 93840 
1203 93840 
1204 93840 
1205 93840 
1206 93840 
1207 93840 
1208 93840 
1209 93840 
1210 93840 
1211 93840 
1212 93840 
1213 93840 
1214 93840 
1215 93840 
1216 93840 
1217 93840 
1218 93840 
1219 93840 
1220 93840 
1221 93840 
1222 93840 
1223 93840 
1224 93840 
1225 93840 
1226 93840 
1227 93840 
1228 93840 
1229 93840 
1230 93840 
1231 93840 
1232 93840 
1233 93840 
1234 93840 
1235 93840 
1236 93840 
1237 93840 
1238 93840 
1239 93840 
1240 93840 
1241 93840 
1242 93840 
1243 93840 
1244 93840 
1245 93840 
1246 93840 
1247 93840 
1248 93840 
1249 93840 
1250 93840 
1251 93840 
1252 93840 
1253 93840 
1254 93840 
1255 93840 
1256 93840 
1257 93840 
1258 93840 
1259 93840 
1260 93840 
1261 93840 
1262 93840 
1263 93840 
1264 93840 
1265 93840 
1266 93840 
1267 93840 
1268 93840 
1269 93840 
1270 93840 
1271 93840 
1272 93840 
1273 93840 
1274 93840 
1275 93840 
1276 93840 
1277 93840 
1278 93840 
1279 93840 
1280 93840 
1281 93840 
1282 93840 
1283 93840 
1284 93840 
1285 93840 
1286 93840 
1287 93840 
1288 93840 
1289 93840 
1290 93840 
1291 93840 
1292 93840 
1293 93840 
1294 93840 
1295 93840 
1296 93840 
1297 93840 
1298 93840 
1299 93840 
1300 93840 
1301 93840 
1302 93840 
1303 93840 
1304 93840 
1305 93840 
1306 93840 
1307 93840 
1308 93840 
1309 93840 
1310 93840 
1311 93840 
1312 93840 
1313 93840 
1314 93840 
1315 93840 
1316 93840 
1317 93840 
1318 93840 
1319 93840 
1320 93840 
1321 93840 
1322 93840 
1323 93840 
1324 93840 
1325 93840 
1326 93840 
1327 93840 
1328 93840 
1329 93840 
1330 93840 
1331 93840 
1332 93840 
1333 93840 
1334 93840 
1335 93840 
1336 93840 
1337 93840 
1338 93840 
1339 93840 
1340 93840 
1341 93840 
1342 93840 
1343 93840 
1344 93840 
1345 93840 
1346 93840 
1347 93840 
1348 93840 
1349 93840 
1350 93840 
1351 93840 
1352 93840 
1353 93840 
1354 93840 
1355 93840 
1356 93840 
1357 93840 
1358 93840 
1359 93840 
1360 93840 
1361 93840 
1362 93840 
1363 93840 
1364 93840 
1365 93840 
1366 93840 
1367 93840 
1368 93840 
1369 93840 
1370 93840 
1371 93840 
1372 93840 
1373 93840 
1374 93840 
1375 93840 
1376 93840 
1377 93840 
1378 93840 
1379 93840 
1380 93840 
1381 93840 
1382 93840 
1383 93840 
1384 93840 
1385 93840 
1386 93840 
1387 93840 
1388 93840 
1389 93840 
1390 93840 
1391 93840 
1392 93840 
1393 93840 
1394 93840 
1395 93840 
1396 93840 
1397 93840 
1398 93840 
1399 93840 
1400 93840 
1401 93840 
1402 93840 
1403 93840 
1404 93840 
1405 93840 
1406 93840 
1407 93840 
1408 93840 
1409 93840 
1410 93840 
1411 93840 
1412 93840 
1413 93840 
1414 93840 
1415 93840 
1416 93840 
1417 93840 
1418 93840 
1419 93840 
1420 93840 
1421 93840 
1422 93840 
1423 93840 
1424 93840 
1425 93840 
1426 93840 
1427 93840 
1428 93840 
1429 93840 
1430 93840 
1431 93840 
1432 93840 
1433 93840 
1434 93840 
1435 93840 
1436 93840 
1437 93840 
1438 93840 
1439 93840 
1440 93840 
1441 93840 
1442 93840 
1443 93840 
1444 93840 
1445 93840 
1446 93840 
1447 93840 
1448 93840 
1449 93840 
1450 93840 
1451 93840 
1452 93840 
1453 93840 
1454 93840 
1455 93840 
1456 93840 
1457 93840 
1458 93840 
1459 93840 
1460 93840 
1461 93840 
1462 93840 
1463 93840 
1464 93840 
1465 93840 
1466 93840 
1467 93840 
1468 93840 
1469 93840 
1470 93840 
1471 93840 
1472 93840 
1473 93840 
1474 93840 
1475 93840 
1476 93840 
1477 93840 
1478 93840 
1479 93840 
1480 93840 
1481 93840 
1482 93840 
1483 93840 
1484 93840 
1485 93840 
1486 93840 
1487 93840 
1488 93840 
1489 93840 
1490 93840 
1491 93840 
1492 93840 
1493 93840 
1494 93840 
1495 93840 
1496 93840 
1497 93840 
1498 93840 
1499 93840 
1500 93840 
1501 93840 
1502 93840 
1503 93840 
1504 93840 
1505 93840 
1506 93840 
1507 93840 
1508 93840 
1509 93840 
1510 93840 
1511 93840 
1512 93840 
1513 93840 
1514 93840 
1515 93840 
1516 93840 
1517 93840 
1518 93840 
1519 93840 
1520 93840 
1521 93840 
1522 93840 
1523 93840 
1524 93840 
1525 93840 
1526 93840 
1527 93840 
1528 93840 
1529 93840 
1530 93840 
1531 93840 
1532 93840 
1533 93840 
1534 93840 
1535 93840 
1536 93840 
1537 93840 
1538 93840 
1539 93840 
1540 93840 
1541 93840 
1542 93840 
1543 93840 
1544 93840 
1545 93840 
1546 93840 
1547 93840 
1548 93840 
1549 93840 
1550 93840 
1551 93840 
1552 93840 
1553 93840 
1554 93840 
1555 93840 
1556 93840 
1557 93840 
1558 93840 
1559 93840 
1560 93840 
1561 93840 
1562 93840 
1563 93840 
1564 93840 
1565 93840 
1566 93840 
1567 93840 
1568 93840 
1569 93840 
1570 93840 
1571 93840 
1572 93840 
1573 93840 
1574 93840 
1575 93840 
1576 93840 
1577 93840 
1578 93840 
1579 93840 
1580 93840 
1581 93840 
1582 93840 
1583 93840 
1584 93840 
1585 93840 
1586 93840 
1587 93840 
1588 93840 
1589 93840 
1590 93840 
1591 93840 
1592 93840 
1593 93840 
1594 93840 
1595 93840 
1596 93840 
1597 93840 
1598 93840 
1599 93840 
1600 93840 
1601 93840 
1602 93840 
1603 93840 
1604 93840 
1605 93840 
1606 93840 
1607 93840 
1608 93840 
1609 93840 
1610 93840 
1611 93840 
1612 93840 
1613 93840 
1614 93840 
1615 93840 
1616 93840 
1617 93840 
1618 93840 
1619 93840 
1620 93840 
1621 93840 
1622 93840 
1623 93840 
1624 93840 
1625 93840 
1626 93840 
1627 93840 
1628 93840 
1629 93840 
1630 93840 
1631 93840 
1632 93840 
1633 93840 
1634 93840 
1635 93840 
1636 93840 
1637 93840 
1638 93840 
1639 93840 
1640 93840 
1641 93840 
1642 93840 
1643 93840 
1644 93840 
1645 93840 
1646 93840 
1647 93840 
1648 93840 
1649 93840 
1650 93840 
1651 93840 
1652 93840 
1653 93840 
1654 93840 
1655 93840 
1656 93840 
1657 93840 
1658 93840 
1659 93840 
1660 93840 
1661 93840 
1662 93840 
1663 93840 
1664 93840 
1665 93840 
1666 93840 
1667 93840 
1668 93840 
1669 93840 
1670 93840 
1671 93840 
1672 93840 
1673 93840 
1674 93840 
1675 93840 
1676 93840 
1677 93840 
1678 93840 
1679 93840 
1680 93840 
1681 93840 
1682 93840 
1683 93840 
1684 93840 
1685 93840 
1686 93840 
1687 93840 
1688 93840 
1689 93840 
1690 93840 
1691 93840 
1692 93840 
1693 93840 
1694 93840 
1695 93840 
1696 93840 
1697 93840 
1698 93840 
1699 93840 
1700 93840 
1701 93840 
1702 93840 
1703 93840 
1704 93840 
1705 93840 
1706 93840 
1707 93840 
1708 93840 
1709 93840 
1710 93840 
1711 93840 
1712 93840 
1713 93840 
1714 93840 
1715 93840 
1716 93840 
1717 93840 
1718 93840 
1719 93840 
1720 93840 
1721 93840 
1722 93840 
1723 93840 
1724 93840 
1725 93840 
1726 93840 
1727 93840 
1728 93840 
1729 93840 
1730 93840 
1731 93840 
1732 93840 
1733 93840 
1734 93840 
1735 93840 
1736 93840 
1737 93840 
1738 93840 
1739 93840 
1740 93840 
1741 93840 
1742 93840 
1743 93840 
1744 93840 
1745 93840 
1746 93840 
1747 93840 
1748 93840 
1749 93840 
1750 93840 
1751 93840 
1752 93840 
1753 93840 
1754 93840 
1755 93840 
1756 93840 
1757 93840 
1758 93840 
1759 93840 
1760 93840 
1761 93840 
1762 93840 
1763 93840 
1764 93840 
1765 93840 
1766 93840 
1767 93840 
1768 93840 
1769 93840 
1770 93840 
1771 93840 
1772 93840 
1773 93840 
1774 93840 
1775 93840 
1776 93840 
1777 93840 
1778 93840 
1779 93840 
1780 93840 
1781 93840 
1782 93840 
1783 93840 
1784 93840 
1785 93840 
1786 93840 
1787 93840 
1788 93840 
1789 93840 
1790 93840 
1791 93840 
1792 93840 
1793 93840 
1794 93840 
1795 93840 
1796 93840 
1797 93840 
1798 93840 
1799 93840 
1800 93840 
1801 93840 
1802 93840 
1803 93840 
1804 93840 
1805 93840 
1806 93840 
1807 93840 
1808 93840 
1809 93840 
1810 93840 
1811 93840 
1812 93840 
1813 93840 
1814 93840 
1815 93840 
1816 93840 
1817 93840 
1818 93840 
1819 93840 
1820 93840 
1821 93840 
1822 93840 
1823 93840 
1824 93840 
1825 93840 
1826 93840 
1827 93840 
1828 93840 
1829 93840 
1830 93840 
1831 93840 
1832 93840 
1833 93840 
1834 93840 
1835 93840 
1836 93840 
1837 93840 
1838 93840 
1839 93840 
1840 93840 
1841 93840 
1842 93840 
1843 93840 
1844 93840 
1845 93840 
1846 93840 
1847 93840 
1848 93840 
1849 93840 
1850 93840 
1851 93840 
1852 93840 
1853 93840 
1854 93840 
1855 93840 
1856 93840 
1857 93840 
1858 93840 
1859 93840 
1860 93840 
1861 93840 
1862 93840 
1863 93840 
1864 93840 
1865 93840 
1866 93840 
1867 93840 
1868 93840 
1869 93840 
1870 93840 
1871 93840 
1872 93840 
1873 93840 
1874 93840 
1875 93840 
1876 93840 
1877 93840 
1878 93840 
1879 93840 
1880 93840 
1881 93840 
1882 93840 
1883 93840 
1884 93840 
1885 93840 
1886 93840 
1887 93840 
1888 93840 
1889 93840 
1890 93840 
1891 93840 
1892 93840 
1893 93840 
1894 93840 
1895 93840 
1896 93840 
1897 93840 
1898 93840 
1899 93840 
1900 93840 
1901 93840 
1902 93840 
1903 93840 
1904 93840 
1905 93840 
1906 93840 
1907 93840 
1908 93840 
1909 93840 
1910 93840 
1911 93840 
1912 93840 
1913 93840 
1914 93840 
1915 93840 
1916 93840 
1917 93840 
1918 93840 
1919 93840 
1920 93840 
1921 93840 
1922 93840 
1923 93840 
1924 93840 
1925 93840 
1926 93840 
1927 93840 
1928 93840 
1929 93840 
1930 93840 
1931 93840 
1932 93840 
1933 93840 
1934 93840 
1935 93840 
1936 93840 
1937 93840 
1938 93840 
1939 93840 
1940 93840 
1941 93840 
1942 93840 
1943 93840 
1944 93840 
1945 93840 
1946 93840 
1947 93840 
1948 93840 
1949 93840 
1950 93840 
1951 93840 
1952 93840 
1953 93840 
1954 93840 
1955 93840 
1956 93840 
1957 93840 
1958 93840 
1959 93840 
1960 93840 
1961 93840 
1962 93840 
1963 93840 
1964 93840 
1965 93840 
1966 93840 
1967 93840 
1968 93840 
1969 93840 
1970 93840 
1971 93840 
1972 93840 
1973 93840 
1974 93840 
1975 93840 
1976 93840 
1977 93840 
1978 93840 
1979 93840 
1980 93840 
1981 93840 
1982 93840 
1983 93840 
1984 93840 
1985 93840 
1986 93840 
1987 93840 
1988 93840 
1989 93840 
1990 93840 
1991 93840 
1992 93840 
1993 93840 
1994 93840 
1995 93840 
1996 93840 
1997 93840 
1998 93840 
1999 93840 
2000 93840 
2001 93840 
2002 93840 
2003 93840 
2004 93840 
2005 93840 
2006 93840 
2007 93840 
2008 93840 
2009 93840 
2010 93840 
2011 93840 
2012 93840 
2013 93840 
2014 93840 
2015 93840 
2016 93840 
2017 93840 
2018 93840 
2019 93840 
2020 93840 
2021 93840 
2022 93840 
2023 93840 
2024 93840 
2025 93840 
2026 93840 
2027 93840 
2028 93840 
2029 93840 
2030 93840 
2031 93840 
2032 93840 
2033 93840 
2034 93840 
2035 93840 
2036 93840 
2037 93840 
2038 93840 
2039 93840 
2040 93840 
2041 93840 
2042 93840 
2043 93840 
2044 93840 
2045 93840 
2046 93840 
2047 93840 
2048 93840 
2049 93840 
2050 93840 
2051 93840 
2052 93840 
2053 93840 
2054 93840 
2055 93840 
2056 93840 
2057 93840 
2058 93840 
2059 93840 
2060 93840 
2061 93840 
2062 93840 
2063 93840 
2064 93840 
2065 93840 
2066 93840 
2067 93840 
2068 93840 
2069 93840 
2070 93840 
2071 93840 
2072 93840 
2073 93840 
2074 93840 
2075 93840 
2076 93840 
2077 93840 
2078 93840 
2079 93840 
2080 93840 
2081 93840 
2082 93840 
2083 93840 
2084 93840 
2085 93840 
2086 93840 
2087 93840 
2088 93840 
2089 93840 
2090 93840 
2091 93840 
2092 93840 
2093 93840 
2094 93840 
2095 93840 
2096 93840 
2097 93840 
2098 93840 
2099 93840 
2100 93840 
2101 93840 
2102 93840 
2103 93840 
2104 93840 
2105 93840 
2106 93840 
2107 93840 
2108 93840 
2109 93840 
2110 93840 
2111 93840 
2112 93840 
2113 93840 
2114 93840 
2115 93840 
2116 93840 
2117 93840 
2118 93840 
2119 93840 
2120 93840 
2121 93840 
2122 93840 
2123 93840 
2124 93840 
2125 93840 
2126 93840 
2127 93840 
2128 93840 
2129 93840 
2130 93840 
2131 93840 
2132 93840 
2133 93840 
2134 93840 
2135 93840 
2136 93840 
2137 93840 
2138 93840 
2139 93840 
2140 93840 
2141 93840 
2142 93840 
2143 93840 
2144 93840 
2145 93840 
2146 93840 
2147 93840 
2148 93840 
2149 93840 
2150 93840 
2151 93840 
2152 93840 
2153 93840 
2154 93840 
2155 93840 
2156 93840 
2157 93840 
2158 93840 
2159 93840 
2160 93840 
2161 93840 
2162 93840 
2163 93840 
2164 93840 
2165 93840 
2166 93840 
2167 93840 
2168 93840 
2169 93840 
2170 93840 
2171 93840 
2172 93840 
2173 93840 
2174 93840 
2175 93840 
2176 93840 
2177 93840 
2178 93840 
2179 93840 
2180 93840 
2181 93840 
2182 93840 
2183 93840 
2184 93840 
2185 93840 
2186 93840 
2187 93840 
2188 93840 
2189 93840 
2190 93840 
2191 93840 
2192 93840 
2193 93840 
2194 93840 
2195 93840 
2196 93840 
2197 93840 
2198 93840 
2199 93840 
2200 93840 
2201 93840 
2202 93840 
2203 93840 
2204 93840 
2205 93840 
2206 93840 
2207 93840 
2208 93840 
2209 93840 
2210 93840 
2211 93840 
2212 93840 
2213 93840 
2214 93840 
2215 93840 
2216 93840 
2217 93840 
2218 93840 
2219 93840 
2220 93840 
2221 93840 
2222 93840 
2223 93840 
2224 93840 
2225 93840 
2226 93840 
2227 93840 
2228 93840 
2229 93840 
2230 93840 
2231 93840 
2232 93840 
2233 93840 
2234 93840 
2235 93840 
2236 93840 
2237 93840 
2238 93840 
2239 93840 
2240 93840 
2241 93840 
2242 93840 
2243 93840 
2244 93840 
2245 93840 
2246 93840 
2247 93840 
2248 93840 
2249 93840 
2250 93840 
2251 93840 
2252 93840 
2253 93840 
2254 93840 
2255 93840 
2256 93840 
2257 93840 
2258 93840 
2259 93840 
2260 93840 
2261 93840 
2262 93840 
2263 93840 
2264 93840 
2265 93840 
2266 93840 
2267 93840 
2268 93840 
2269 93840 
2270 93840 
2271 93840 
2272 93840 
2273 93840 
2274 93840 
2275 93840 
2276 93840 
2277 93840 
2278 93840 
2279 93840 
2280 93840 
2281 93840 
2282 93840 
2283 93840 
2284 93840 
2285 93840 
2286 93840 
2287 93840 
2288 93840 
2289 93840 
2290 93840 
2291 93840 
2292 93840 
2293 93840 
2294 93840 
2295 93840 
2296 93840 
2297 93840 
2298 93840 
2299 93840 
2300 93840 
2301 93840 
2302 93840 
2303 93840 
2304 93840 
2305 93840 
2306 93840 
2307 93840 
2308 93840 
2309 93840 
2310 93840 
2311 93840 
2312 93840 
2313 93840 
2314 93840 
2315 93840 
2316 93840 
2317 93840 
2318 93840 
2319 93840 
2320 93840 
2321 93840 
2322 93840 
2323 93840 
2324 93840 
2325 93840 
2326 93840 
2327 93840 
2328 93840 
2329 93840 
2330 93840 
2331 93840 
2332 93840 
2333 93840 
2334 93840 
2335 93840 
2336 93840 
2337 93840 
2338 93840 
2339 93840 
2340 93840 
2341 93840 
2342 93840 
2343 93840 
2344 93840 
2345 93840 
2346 93840 
2347 93840 
2348 93840 
2349 93840 
2350 93840 
2351 93840 
2352 93840 
2353 93840 
2354 93840 
2355 93840 
2356 93840 
2357 93840 
2358 93840 
2359 93840 
2360 93840 
2361 93840 
2362 93840 
2363 93840 
2364 93840 
2365 93840 
2366 93840 
2367 93840 
2368 93840 
2369 93840 
2370 93840 
2371 93840 
2372 93840 
2373 93840 
2374 93840 
2375 93840 
2376 93840 
2377 93840 
2378 93840 
2379 93840 
2380 93840 
2381 93840 
2382 93840 
2383 93840 
2384 93840 
2385 93840 
2386 93840 
2387 93840 
2388 93840 
2389 93840 
2390 93840 
2391 93840 
2392 93840 
2393 93840 
2394 93840 
2395 93840 
2396 93840 
2397 93840 
2398 93840 
2399 93840 
2400 93840 
2401 93840 
2402 93840 
2403 93840 
2404 93840 
2405 93840 
2406 93840 
2407 93840 
2408 93840 
2409 93840 
2410 93840 
2411 93840 
2412 93840 
2413 93840 
2414 93840 
2415 93840 
2416 93840 
2417 93840 
2418 93840 
2419 93840 
2420 93840 
2421 93840 
2422 93840 
2423 93840 
2424 93840 
2425 93840 
2426 93840 
2427 93840 
2428 93840 
2429 93840 
2430 93840 
2431 93840 
2432 93840 
2433 93840 
2434 93840 
2435 93840 
2436 93840 
2437 93840 
2438 93840 
2439 93840 
2440 93840 
2441 93840 
2442 93840 
2443 93840 
2444 93840 
2445 93840 
2446 93840 
2447 93840 
2448 93840 
2449 93840 
2450 93840 
2451 93840 
2452 93840 
2453 93840 
2454 93840 
2455 93840 
2456 93840 
2457 93840 
2458 93840 
2459 93840 
2460 93840 
2461 93840 
2462 93840 
2463 93840 
2464 93840 
2465 93840 
2466 93840 
2467 93840 
2468 93840 
2469 93840 
2470 93840 
2471 93840 
2472 93840 
2473 93840 
2474 93840 
2475 93840 
2476 93840 
2477 93840 
2478 93840 
2479 93840 
2480 93840 
2481 93840 
2482 93840 
2483 93840 
2484 93840 
2485 93840 
2486 93840 
2487 93840 
2488 93840 
2489 93840 
2490 93840 
2491 93840 
2492 93840 
2493 93840 
2494 93840 
2495 93840 
2496 93840 
2497 93840 
2498 93840 
2499 93840 
2500 93840 
2501 93840 
2502 93840 
2503 93840 
2504 93840 
2505 93840 
2506 93840 
2507 93840 
2508 93840 
2509 93840 
2510 93840 
2511 93840 
2512 93840 
2513 93840 
2514 93840 
2515 93840 
2516 93840 
2517 93840 
2518 93840 
2519 93840 
2520 93840 
2521 93840 
2522 93840 
2523 93840 
2524 93840 
2525 93840 
2526 93840 
2527 93840 
2528 93840 
2529 93840 
2530 93840 
2531 93840 
2532 93840 
2533 93840 
2534 93840 
2535 93840 
2536 93840 
2537 93840 
2538 93840 
2539 93840 
2540 93840 
2541 93840 
2542 93840 
2543 93840 
2544 93840 
2545 93840 
2546 93840 
2547 93840 
2548 93840 
2549 93840 
2550 93840 
2551 93840 
2552 93840 
2553 93840 
2554 93840 
2555 93840 
2556 93840 
2557 93840 
2558 93840 
2559 93840 
2560 93840 
2561 93840 
2562 93840 
2563 93840 
2564 93840 
2565 93840 
2566 93840 
2567 93840 
2568 93840 
2569 93840 
2570 93840 
2571 93840 
2572 93840 
2573 93840 
2574 93840 
2575 93840 
2576 93840 
2577 93840 
2578 93840 
2579 93840 
2580 93840 
2581 93840 
2582 93840 
2583 93840 
2584 93840 
2585 93840 
2586 93840 
2587 93840 
2588 93840 
2589 93840 
2590 93840 
2591 93840 
2592 93840 
2593 93840 
2594 93840 
2595 93840 
2596 93840 
2597 93840 
2598 93840 
2599 93840 
2600 93840 
2601 93840 
2602 93840 
2603 93840 
2604 93840 
2605 93840 
2606 93840 
2607 93840 
2608 93840 
2609 93840 
2610 93840 
2611 93840 
2612 93840 
2613 93840 
2614 93840 
2615 93840 
2616 93840 
2617 93840 
2618 93840 
2619 93840 
2620 93840 
2621 93840 
2622 93840 
2623 93840 
2624 93840 
2625 93840 
2626 93840 
2627 93840 
2628 93840 
2629 93840 
2630 93840 
2631 93840 
2632 93840 
2633 93840 
2634 93840 
2635 93840 
2636 93840 
2637 93840 
2638 93840 
2639 93840 
2640 93840 
2641 93840 
2642 93840 
2643 93840 
2644 93840 
2645 93840 
2646 93840 
2647 93840 
2648 93840 
2649 93840 
2650 93840 
2651 93840 
2652 93840 
2653 93840 
2654 93840 
2655 93840 
2656 93840 
2657 93840 
2658 93840 
2659 93840 
2660 93840 
2661 93840 
2662 93840 
2663 93840 
2664 93840 
2665 93840 
2666 93840 
2667 93840 
2668 93840 
2669 93840 
2670 93840 
2671 93840 
2672 93840 
2673 93840 
2674 93840 
2675 93840 
2676 93840 
2677 93840 
2678 93840 
2679 93840 
2680 93840 
2681 93840 
2682 93840 
2683 93840 
2684 93840 
2685 93840 
2686 93840 
2687 93840 
2688 93840 
2689 93840 
2690 93840 
2691 93840 
2692 93840 
2693 93840 
2694 93840 
2695 93840 
2696 93840 
2697 93840 
2698 93840 
2699 93840 
2700 93840 
2701 93840 
2702 93840 
2703 93840 
2704 93840 
2705 93840 
2706 93840 
2707 93840 
2708 93840 
2709 93840 
2710 93840 
2711 93840 
2712 93840 
2713 93840 
2714 93840 
2715 93840 
2716 93840 
2717 93840 
2718 93840 
2719 93840 
2720 93840 
2721 93840 
2722 93840 
2723 93840 
2724 93840 
2725 93840 
2726 93840 
2727 93840 
2728 93840 
2729 93840 
2730 93840 
2731 93840 
2732 93840 
2733 93840 
2734 93840 
2735 93840 
2736 93840 
2737 93840 
2738 93840 
2739 93840 
2740 93840 
2741 93840 
2742 93840 
2743 93840 
2744 93840 
2745 93840 
2746 93840 
2747 93840 
2748 93840 
2749 93840 
2750 93840 
2751 93840 
2752 93840 
2753 93840 
2754 93840 
2755 93840 
2756 93840 
2757 93840 
2758 93840 
2759 93840 
2760 93840 
2761 93840 
2762 93840 
2763 93840 
2764 93840 
2765 93840 
2766 93840 
2767 93840 
2768 93840 
2769 93840 
2770 93840 
2771 93840 
2772 93840 
2773 93840 
2774 93840 
2775 93840 
2776 93840 
2777 93840 
2778 93840 
2779 93840 
2780 93840 
2781 93840 
2782 93840 
2783 93840 
2784 93840 
2785 93840 
2786 93840 
2787 93840 
2788 93840 
2789 93840 
2790 93840 
2791 93840 
2792 93840 
2793 93840 
2794 93840 
2795 93840 
2796 93840 
2797 93840 
2798 93840 
2799 93840 
2800 93840 
2801 93840 
2802 93840 
2803 93840 
2804 93840 
2805 93840 
2806 93840 
2807 93840 
2808 93840 
2809 93840 
2810 93840 
2811 93840 
2812 93840 
2813 93840 
2814 93840 
2815 93840 
2816 93840 
2817 93840 
2818 93840 
2819 93840 
2820 93840 
2821 93840 
2822 93840 
2823 93840 
2824 93840 
2825 93840 
2826 93840 
2827 93840 
2828 93840 
2829 93840 
2830 93840 
2831 93840 
2832 93840 
2833 93840 
2834 93840 
2835 93840 
2836 93840 
2837 93840 
2838 93840 
2839 93840 
2840 93840 
2841 93840 
2842 93840 
2843 93840 
2844 93840 
2845 93840 
2846 93840 
2847 93840 
2848 93840 
2849 93840 
2850 93840 
2851 93840 
2852 93840 
2853 93840 
2854 93840 
2855 93840 
2856 93840 
2857 93840 
2858 93840 
2859 93840 
2860 93840 
2861 93840 
2862 93840 
2863 93840 
2864 93840 
2865 93840 
2866 93840 
2867 93840 
2868 93840 
2869 93840 
2870 93840 
2871 93840 
2872 93840 
2873 93840 
2874 93840 
2875 93840 
2876 93840 
2877 93840 
2878 93840 
2879 93840 
2880 93840 
2881 93840 
2882 93840 
2883 93840 
2884 93840 
2885 93840 
2886 93840 
2887 93840 
2888 93840 
2889 93840 
2890 93840 
2891 93840 
2892 93840 
2893 93840 
2894 93840 
2895 93840 
2896 93840 
2897 93840 
2898 93840 
2899 93840 
2900 93840 
2901 93840 
2902 93840 
2903 93840 
2904 93840 
2905 93840 
2906 93840 
2907 93840 
2908 93840 
2909 93840 
2910 93840 
2911 93840 
2912 93840 
2913 93840 
2914 93840 
2915 93840 
2916 93840 
2917 93840 
2918 93840 
2919 93840 
2920 93840 
2921 93840 
2922 93840 
2923 93840 
2924 93840 
2925 93840 
2926 93840 
2927 93840 
2928 93840 
2929 93840 
2930 93840 
2931 93840 
2932 93840 
2933 93840 
2934 93840 
2935 93840 
2936 93840 
2937 93840 
2938 93840 
2939 93840 
2940 93840 
2941 93840 
2942 93840 
2943 93840 
2944 93840 
2945 93840 
2946 93840 
2947 93840 
2948 93840 
2949 93840 
2950 93840 
2951 93840 
2952 93840 
2953 93840 
2954 93840 
2955 93840 
2956 93840 
2957 93840 
2958 93840 
2959 93840 
2960 93840 
2961 93840 
2962 93840 
2963 93840 
2964 93840 
2965 93840 
2966 93840 
2967 93840 
2968 93840 
2969 93840 
2970 93840 
2971 93840 
2972 93840 
2973 93840 
2974 93840 
2975 93840 
2976 93840 
2977 93840 
2978 93840 
2979 93840 
2980 93840 
2981 93840 
2982 93840 
2983 93840 
2984 93840 
2985 93840 
2986 93840 
2987 93840 
2988 93840 
2989 93840 
2990 93840 
2991 93840 
2992 93840 
2993 93840 
2994 93840 
2995 93840 
2996 93840 
2997 93840 
2998 93840 
2999 93840 
3000 93840 
3001 93840 
3002 93840 
3003 93840 
3004 93840 
3005 93840 
3006 93840 
3007 93840 
3008 93840 
3009 93840 
3010 93840 
3011 93840 
3012 93840 
3013 93840 
3014 93840 
3015 93840 
3016 93840 
3017 93840 
3018 93840 
3019 93840 
3020 93840 
3021 93840 
3022 93840 
3023 93840 
3024 93840 
3025 93840 
3026 93840 
3027 93840 
3028 93840 
3029 93840 
3030 93840 
3031 93840 
3032 93840 
3033 93840 
3034 93840 
3035 93840 
3036 93840 
3037 93840 
3038 93840 
3039 93840 
3040 93840 
3041 93840 
3042 93840 
3043 93840 
3044 93840 
3045 93840 
3046 93840 
3047 93840 
3048 93840 
3049 93840 
3050 93840 
3051 93840 
3052 93840 
3053 93840 
3054 93840 
3055 93840 
3056 93840 
3057 93840 
3058 93840 
3059 93840 
3060 93840 
3061 93840 
3062 93840 
3063 93840 
3064 93840 
3065 93840 
3066 93840 
3067 93840 
3068 93840 
3069 93840 
3070 93840 
3071 93840 
3072 93840 
3073 93840 
3074 93840 
3075 93840 
3076 93840 
3077 93840 
3078 93840 
3079 93840 
3080 93840 
3081 93840 
3082 93840 
3083 93840 
3084 93840 
3085 93840 
3086 93840 
3087 93840 
3088 93840 
3089 93840 
3090 93840 
3091 93840 
3092 93840 
3093 93840 
3094 93840 
3095 93840 
3096 93840 
3097 93840 
3098 93840 
3099 93840 
3100 93840 
3101 93840 
3102 93840 
3103 93840 
3104 93840 
3105 93840 
3106 93840 
3107 93840 
3108 93840 
3109 93840 
3110 93840 
3111 93840 
3112 93840 
3113 93840 
3114 93840 
3115 93840 
3116 93840 
3117 93840 
3118 93840 
3119 93840 
3120 93840 
3121 93840 
3122 93840 
3123 93840 
3124 93840 
3125 93840 
3126 93840 
3127 93840 
3128 93840 
3129 93840 
3130 93840 
3131 93840 
3132 93840 
3133 93840 
3134 93840 
3135 93840 
3136 93840 
3137 93840 
3138 93840 
3139 93840 
3140 93840 
3141 93840 
3142 93840 
3143 93840 
3144 93840 
3145 93840 
3146 93840 
3147 93840 
3148 93840 
3149 93840 
3150 93840 
3151 93840 
3152 93840 
3153 93840 
3154 93840 
3155 93840 
3156 93840 
3157 93840 
3158 93840 
3159 93840 
3160 93840 
3161 93840 
3162 93840 
3163 93840 
3164 93840 
3165 93840 
3166 93840 
3167 93840 
3168 93840 
3169 93840 
3170 93840 
3171 93840 
3172 93840 
3173 93840 
3174 93840 
3175 93840 
3176 93840 
3177 93840 
3178 93840 
3179 93840 
3180 93840 
3181 93840 
3182 93840 
3183 93840 
3184 93840 
3185 93840 
3186 93840 
3187 93840 
3188 93840 
3189 93840 
3190 93840 
3191 93840 
3192 93840 
3193 93840 
3194 93840 
3195 93840 
3196 93840 
3197 93840 
3198 93840 
3199 93840 
3200 93840 
3201 93840 
3202 93840 
3203 93840 
3204 93840 
3205 93840 
3206 93840 
3207 93840 

