0 138750 
1 138550 
2 138540 
3 137920 
4 137420 
5 137220 
6 136620 
7 136320 
8 135220 
9 135020 
10 134990 
11 134190 
12 133990 
13 133790 
14 133090 
15 132990 
16 132860 
17 132760 
18 132760 
19 132560 
20 132190 
21 132190 
22 131890 
23 131590 
24 131460 
25 131360 
26 130960 
27 130760 
28 130360 
29 130160 
30 130060 
31 129460 
32 129360 
33 128580 
34 128380 
35 128240 
36 127890 
37 127690 
38 127590 
39 127490 
40 127290 
41 126960 
42 126760 
43 126660 
44 126610 
45 126490 
46 126390 
47 126290 
48 125830 
49 124880 
50 124480 
51 124480 
52 124180 
53 123810 
54 123410 
55 123110 
56 123010 
57 122930 
58 122730 
59 122630 
60 121830 
61 121770 
62 121670 
63 121270 
64 121210 
65 120910 
66 120810 
67 120410 
68 120360 
69 120160 
70 120060 
71 120010 
72 119810 
73 119760 
74 119660 
75 119360 
76 119260 
77 119160 
78 118660 
79 118350 
80 117900 
81 117800 
82 117570 
83 117570 
84 117340 
85 116330 
86 116150 
87 115950 
88 115750 
89 115650 
90 115450 
91 115050 
92 114750 
93 114350 
94 114150 
95 113950 
96 113620 
97 113320 
98 113120 
99 113120 
100 113020 
101 112520 
102 112420 
103 112140 
104 112140 
105 111250 
106 111130 
107 111030 
108 110830 
109 110630 
110 110630 
111 110030 
112 109930 
113 109530 
114 109290 
115 109090 
116 109090 
117 109000 
118 108900 
119 108900 
120 108600 
121 108400 
122 108200 
123 107900 
124 107800 
125 107400 
126 107200 
127 107000 
128 106950 
129 106750 
130 106350 
131 105950 
132 105930 
133 105530 
134 105330 
135 105230 
136 105030 
137 104830 
138 104530 
139 104430 
140 104430 
141 104330 
142 104210 
143 104210 
144 104010 
145 103810 
146 103610 
147 103410 
148 102510 
149 102410 
150 102210 
151 101710 
152 101510 
153 101510 
154 101510 
155 101110 
156 100510 
157 100410 
158 100040 
159 99840 
160 99640 
161 99440 
162 99380 
163 99180 
164 98980 
165 98780 
166 98580 
167 98580 
168 98380 
169 98190 
170 98150 
171 98150 
172 98050 
173 97850 
174 97850 
175 97850 
176 97850 
177 97750 
178 97550 
179 97550 
180 97350 
181 97250 
182 97250 
183 97250 
184 97150 
185 96750 
186 96550 
187 96550 
188 96550 
189 96550 
190 96350 
191 96250 
192 96250 
193 96050 
194 96050 
195 95550 
196 95450 
197 95450 
198 95450 
199 95450 
200 95450 
201 95450 
202 95050 
203 95050 
204 95050 
205 95050 
206 95050 
207 95050 
208 95050 
209 95050 
210 94750 
211 94750 
212 94750 
213 94750 
214 94750 
215 94750 
216 94750 
217 94750 
218 94750 
219 94750 
220 94750 
221 94750 
222 94750 
223 94750 
224 94750 
225 94750 
226 94750 
227 94750 
228 94750 
229 94750 
230 94750 
231 94750 
232 94750 
233 94750 
234 94750 
235 94750 
236 94750 
237 94750 
238 94750 
239 94750 
240 94750 
241 94750 
242 94750 
243 94750 
244 94750 
245 94750 
246 94750 
247 94750 
248 94750 
249 94750 
250 94750 
251 94750 
252 94750 
253 94750 
254 94750 
255 94750 
256 94750 
257 94750 
258 94750 
259 94750 
260 94750 
261 94750 
262 94750 
263 94750 
264 94750 
265 94750 
266 94750 
267 94750 
268 94750 
269 94750 
270 94750 
271 94750 
272 94750 
273 94750 
274 94750 
275 94750 
276 94750 
277 94750 
278 94750 
279 94750 
280 94750 
281 94750 
282 94750 
283 94750 
284 94750 
285 94750 
286 94750 
287 94750 
288 94750 
289 94750 
290 94750 
291 94750 
292 94750 
293 94750 
294 94750 
295 94750 
296 94750 
297 94750 
298 94750 
299 94750 
300 94750 
301 94750 
302 94750 
303 94750 
304 94750 
305 94750 
306 94750 
307 94750 
308 94750 
309 94750 
310 94750 
311 94750 
312 94750 
313 94750 
314 94750 
315 94750 
316 94750 
317 94750 
318 94750 
319 94750 
320 94750 
321 94750 
322 94750 
323 94750 
324 94750 
325 94750 
326 94750 
327 94750 
328 94750 
329 94750 
330 94750 
331 94750 
332 94750 
333 94750 
334 94750 
335 94750 
336 94750 
337 94750 
338 94750 
339 94750 
340 94750 
341 94750 
342 94750 
343 94750 
344 94750 
345 94750 
346 94750 
347 94750 
348 94750 
349 94750 
350 94750 
351 94750 
352 94750 
353 94750 
354 94750 
355 94750 
356 94750 
357 94750 
358 94750 
359 94750 
360 94750 
361 94750 
362 94750 
363 94750 
364 94750 
365 94750 
366 94750 
367 94750 
368 94750 
369 94750 
370 94750 
371 94750 
372 94750 
373 94750 
374 94750 
375 94750 
376 94750 
377 94750 
378 94750 
379 94750 
380 94750 
381 94750 
382 94750 
383 94750 
384 94750 
385 94750 
386 94750 
387 94750 
388 94750 
389 94750 
390 94750 
391 94750 
392 94750 
393 94750 
394 94750 
395 94750 
396 94750 
397 94750 
398 94750 
399 94750 
400 94750 
401 94750 
402 94750 
403 94750 
404 94750 
405 94750 
406 94750 
407 94750 
408 94750 
409 94750 
410 94750 
411 94750 
412 94750 
413 94750 
414 94750 
415 94750 
416 94750 
417 94750 
418 94750 
419 94750 
420 94750 
421 94750 
422 94750 
423 94750 
424 94750 
425 94750 
426 94750 
427 94750 
428 94750 
429 94750 
430 94750 
431 94750 
432 94750 
433 94750 
434 94750 
435 94750 
436 94750 
437 94750 
438 94750 
439 94750 
440 94750 
441 94750 
442 94750 
443 94750 
444 94750 
445 94750 
446 94750 
447 94750 
448 94750 
449 94750 
450 94750 
451 94750 
452 94750 
453 94750 
454 94750 
455 94750 
456 94750 
457 94750 
458 94750 
459 94750 
460 94750 
461 94750 
462 94750 
463 94750 
464 94750 
465 94750 
466 94750 
467 94750 
468 94750 
469 94750 
470 94750 
471 94750 
472 94750 
473 94750 
474 94750 
475 94750 
476 94750 
477 94750 
478 94750 
479 94750 
480 94750 
481 94750 
482 94750 
483 94750 
484 94750 
485 94750 
486 94750 
487 94750 
488 94750 
489 94750 
490 94750 
491 94750 
492 94750 
493 94750 
494 94750 
495 94750 
496 94750 
497 94750 
498 94750 
499 94750 
500 94750 
501 94750 
502 94750 
503 94750 
504 94750 
505 94750 
506 94750 
507 94750 
508 94750 
509 94750 
510 94750 
511 94750 
512 94750 
513 94750 
514 94750 
515 94750 
516 94750 
517 94750 
518 94750 
519 94750 
520 94750 
521 94750 
522 94750 
523 94750 
524 94750 
525 94750 
526 94750 
527 94750 
528 94750 
529 94750 
530 94750 
531 94750 
532 94750 
533 94750 
534 94750 
535 94750 
536 94750 
537 94750 
538 94750 
539 94750 
540 94750 
541 94750 
542 94750 
543 94750 
544 94750 
545 94750 
546 94750 
547 94750 
548 94750 
549 94750 
550 94750 
551 94750 
552 94750 
553 94750 
554 94750 
555 94750 
556 94750 
557 94750 
558 94750 
559 94750 
560 94750 
561 94750 
562 94750 
563 94750 
564 94750 
565 94750 
566 94750 
567 94750 
568 94750 
569 94750 
570 94750 
571 94750 
572 94750 
573 94750 
574 94750 
575 94750 
576 94750 
577 94750 
578 94750 
579 94750 
580 94750 
581 94750 
582 94750 
583 94750 
584 94750 
585 94750 
586 94750 
587 94750 
588 94750 
589 94750 
590 94750 
591 94750 
592 94750 
593 94750 
594 94750 
595 94750 
596 94750 
597 94750 
598 94750 
599 94750 
600 94750 
601 94750 
602 94750 
603 94750 
604 94750 
605 94750 
606 94750 
607 94750 
608 94750 
609 94750 
610 94750 
611 94750 
612 94750 
613 94750 
614 94750 
615 94750 
616 94750 
617 94750 
618 94750 
619 94750 
620 94750 
621 94750 
622 94750 
623 94750 
624 94750 
625 94750 
626 94750 
627 94750 
628 94750 
629 94750 
630 94750 
631 94750 
632 94750 
633 94750 
634 94750 
635 94750 
636 94750 
637 94750 
638 94750 
639 94750 
640 94750 
641 94750 
642 94750 
643 94750 
644 94750 
645 94750 
646 94750 
647 94750 
648 94750 
649 94750 
650 94750 
651 94750 
652 94750 
653 94750 
654 94750 
655 94750 
656 94750 
657 94750 
658 94750 
659 94750 
660 94750 
661 94750 
662 94750 
663 94750 
664 94750 
665 94750 
666 94750 
667 94750 
668 94750 
669 94750 
670 94750 
671 94750 
672 94750 
673 94750 
674 94750 
675 94750 
676 94750 
677 94750 
678 94750 
679 94750 
680 94750 
681 94750 
682 94750 
683 94750 
684 94750 
685 94750 
686 94750 
687 94750 
688 94750 
689 94750 
690 94750 
691 94750 
692 94750 
693 94750 
694 94750 
695 94750 
696 94750 
697 94750 
698 94750 
699 94750 
700 94750 
701 94750 
702 94750 
703 94750 
704 94750 
705 94750 
706 94750 
707 94750 
708 94750 
709 94750 
710 94750 
711 94750 
712 94750 
713 94750 
714 94750 
715 94750 
716 94750 
717 94750 
718 94750 
719 94750 
720 94750 
721 94750 
722 94750 
723 94750 
724 94750 
725 94750 
726 94750 
727 94750 
728 94750 
729 94750 
730 94750 
731 94750 
732 94750 
733 94750 
734 94750 
735 94750 
736 94750 
737 94750 
738 94750 
739 94750 
740 94750 
741 94750 
742 94750 
743 94750 
744 94750 
745 94750 
746 94750 
747 94750 
748 94750 
749 94750 
750 94750 
751 94750 
752 94750 
753 94750 
754 94750 
755 94750 
756 94750 
757 94750 
758 94750 
759 94750 
760 94750 
761 94750 
762 94750 
763 94750 
764 94750 
765 94750 
766 94750 
767 94750 
768 94750 
769 94750 
770 94750 
771 94750 
772 94750 
773 94750 
774 94750 
775 94750 
776 94750 
777 94750 
778 94750 
779 94750 
780 94750 
781 94750 
782 94750 
783 94750 
784 94750 
785 94750 
786 94750 
787 94750 
788 94750 
789 94750 
790 94750 
791 94750 
792 94750 
793 94750 
794 94750 
795 94750 
796 94750 
797 94750 
798 94750 
799 94750 
800 94750 
801 94750 
802 94750 
803 94750 
804 94750 
805 94750 
806 94750 
807 94750 
808 94750 
809 94750 
810 94750 
811 94750 
812 94750 
813 94750 
814 94750 
815 94750 
816 94750 
817 94750 
818 94750 
819 94750 
820 94750 
821 94750 
822 94750 
823 94750 
824 94750 
825 94750 
826 94750 
827 94750 
828 94750 
829 94750 
830 94750 
831 94750 
832 94750 
833 94750 
834 94750 
835 94750 
836 94750 
837 94750 
838 94750 
839 94750 
840 94750 
841 94750 
842 94750 
843 94750 
844 94750 
845 94750 
846 94750 
847 94750 
848 94750 
849 94750 
850 94750 
851 94750 
852 94750 
853 94750 
854 94750 
855 94750 
856 94750 
857 94750 
858 94750 
859 94750 
860 94750 
861 94750 
862 94750 
863 94750 
864 94750 
865 94750 
866 94750 
867 94750 
868 94750 
869 94750 
870 94750 
871 94750 
872 94750 
873 94750 
874 94750 
875 94750 
876 94750 
877 94750 
878 94750 
879 94750 
880 94750 
881 94750 
882 94750 
883 94750 
884 94750 
885 94750 
886 94750 
887 94750 
888 94750 
889 94750 
890 94750 
891 94750 
892 94750 
893 94750 
894 94750 
895 94750 
896 94750 
897 94750 
898 94750 
899 94750 
900 94750 
901 94750 
902 94750 
903 94750 
904 94750 
905 94750 
906 94750 
907 94750 
908 94750 
909 94750 
910 94750 
911 94750 
912 94750 
913 94750 
914 94750 
915 94750 
916 94750 
917 94750 
918 94750 
919 94750 
920 94750 
921 94750 
922 94750 
923 94750 
924 94750 
925 94750 
926 94750 
927 94750 
928 94750 
929 94750 
930 94750 
931 94750 
932 94750 
933 94750 
934 94750 
935 94750 
936 94750 
937 94750 
938 94750 
939 94750 
940 94750 
941 94750 
942 94750 
943 94750 
944 94750 
945 94750 
946 94750 
947 94750 
948 94750 
949 94750 
950 94750 
951 94750 
952 94750 
953 94750 
954 94750 
955 94750 
956 94750 
957 94750 
958 94750 
959 94750 
960 94750 
961 94750 
962 94750 
963 94750 
964 94750 
965 94750 
966 94750 
967 94750 
968 94750 
969 94750 
970 94750 
971 94750 
972 94750 
973 94750 
974 94750 
975 94750 
976 94750 
977 94750 
978 94750 
979 94750 
980 94750 
981 94750 
982 94750 
983 94750 
984 94750 
985 94750 
986 94750 
987 94750 
988 94750 
989 94750 
990 94750 
991 94750 
992 94750 
993 94750 
994 94750 
995 94750 
996 94750 
997 94750 
998 94750 
999 94750 
1000 94750 
1001 94750 
1002 94750 
1003 94750 
1004 94750 
1005 94750 
1006 94750 
1007 94750 
1008 94750 
1009 94750 
1010 94750 
1011 94750 
1012 94750 
1013 94750 
1014 94750 
1015 94750 
1016 94750 
1017 94750 
1018 94750 
1019 94750 
1020 94750 
1021 94750 
1022 94750 
1023 94750 
1024 94750 
1025 94750 
1026 94750 
1027 94750 
1028 94750 
1029 94750 
1030 94750 
1031 94750 
1032 94750 
1033 94750 
1034 94750 
1035 94750 
1036 94750 
1037 94750 
1038 94750 
1039 94750 
1040 94750 
1041 94750 
1042 94750 
1043 94750 
1044 94750 
1045 94750 
1046 94750 
1047 94750 
1048 94750 
1049 94750 
1050 94750 
1051 94750 
1052 94750 
1053 94750 
1054 94750 
1055 94750 
1056 94750 
1057 94750 
1058 94750 
1059 94750 
1060 94750 
1061 94750 
1062 94750 
1063 94750 
1064 94750 
1065 94750 
1066 94750 
1067 94750 
1068 94750 
1069 94750 
1070 94750 
1071 94750 
1072 94750 
1073 94750 
1074 94750 
1075 94750 
1076 94750 
1077 94750 
1078 94750 
1079 94750 
1080 94750 
1081 94750 
1082 94750 
1083 94750 
1084 94750 
1085 94750 
1086 94750 
1087 94750 
1088 94750 
1089 94750 
1090 94750 
1091 94750 
1092 94750 
1093 94750 
1094 94750 
1095 94750 
1096 94750 
1097 94750 
1098 94750 
1099 94750 
1100 94750 
1101 94750 
1102 94750 
1103 94750 
1104 94750 
1105 94750 
1106 94750 
1107 94750 
1108 94750 
1109 94750 
1110 94750 
1111 94750 
1112 94750 
1113 94750 
1114 94750 
1115 94750 
1116 94750 
1117 94750 
1118 94750 
1119 94750 
1120 94750 
1121 94750 
1122 94750 
1123 94750 
1124 94750 
1125 94750 
1126 94750 
1127 94750 
1128 94750 
1129 94750 
1130 94750 
1131 94750 
1132 94750 
1133 94750 
1134 94750 
1135 94750 
1136 94750 
1137 94750 
1138 94750 
1139 94750 
1140 94750 
1141 94750 
1142 94750 
1143 94750 
1144 94750 
1145 94750 
1146 94750 
1147 94750 
1148 94750 
1149 94750 
1150 94750 
1151 94750 
1152 94750 
1153 94750 
1154 94750 
1155 94750 
1156 94750 
1157 94750 
1158 94750 
1159 94750 
1160 94750 
1161 94750 
1162 94750 
1163 94750 
1164 94750 
1165 94750 
1166 94750 
1167 94750 
1168 94750 
1169 94750 
1170 94750 
1171 94750 
1172 94750 
1173 94750 
1174 94750 
1175 94750 
1176 94750 
1177 94750 
1178 94750 
1179 94750 
1180 94750 
1181 94750 
1182 94750 
1183 94750 
1184 94750 
1185 94750 
1186 94750 
1187 94750 
1188 94750 
1189 94750 
1190 94750 
1191 94750 
1192 94750 
1193 94750 
1194 94750 
1195 94750 
1196 94750 
1197 94750 
1198 94750 
1199 94750 
1200 94750 
1201 94750 
1202 94750 
1203 94750 
1204 94750 
1205 94750 
1206 94750 
1207 94750 
1208 94750 
1209 94750 
1210 94750 
1211 94750 
1212 94750 
1213 94750 
1214 94750 
1215 94750 
1216 94750 
1217 94750 
1218 94750 
1219 94750 
1220 94750 
1221 94750 
1222 94750 
1223 94750 
1224 94750 
1225 94750 
1226 94750 
1227 94750 
1228 94750 
1229 94750 
1230 94750 
1231 94750 
1232 94750 
1233 94750 
1234 94750 
1235 94750 
1236 94750 
1237 94750 
1238 94750 
1239 94750 
1240 94750 
1241 94750 
1242 94750 
1243 94750 
1244 94750 
1245 94750 
1246 94750 
1247 94750 
1248 94750 
1249 94750 
1250 94750 
1251 94750 
1252 94750 
1253 94750 
1254 94750 
1255 94750 
1256 94750 
1257 94750 
1258 94750 
1259 94750 
1260 94750 
1261 94750 
1262 94750 
1263 94750 
1264 94750 
1265 94750 
1266 94750 
1267 94750 
1268 94750 
1269 94750 
1270 94750 
1271 94750 
1272 94750 
1273 94750 
1274 94750 
1275 94750 
1276 94750 
1277 94750 
1278 94750 
1279 94750 
1280 94750 
1281 94750 
1282 94750 
1283 94750 
1284 94750 
1285 94750 
1286 94750 
1287 94750 
1288 94750 
1289 94750 
1290 94750 
1291 94750 
1292 94750 
1293 94750 
1294 94750 
1295 94750 
1296 94750 
1297 94750 
1298 94750 
1299 94750 
1300 94750 
1301 94750 
1302 94750 
1303 94750 
1304 94750 
1305 94750 
1306 94750 
1307 94750 
1308 94750 
1309 94750 
1310 94750 
1311 94750 
1312 94750 
1313 94750 
1314 94750 
1315 94750 
1316 94750 
1317 94750 
1318 94750 
1319 94750 
1320 94750 
1321 94750 
1322 94750 
1323 94750 
1324 94750 
1325 94750 
1326 94750 
1327 94750 
1328 94750 
1329 94750 
1330 94750 
1331 94750 
1332 94750 
1333 94750 
1334 94750 
1335 94750 
1336 94750 
1337 94750 
1338 94750 
1339 94750 
1340 94750 
1341 94750 
1342 94750 
1343 94750 
1344 94750 
1345 94750 
1346 94750 
1347 94750 
1348 94750 
1349 94750 
1350 94750 
1351 94750 
1352 94750 
1353 94750 
1354 94750 
1355 94750 
1356 94750 
1357 94750 
1358 94750 
1359 94750 
1360 94750 
1361 94750 
1362 94750 
1363 94750 
1364 94750 
1365 94750 
1366 94750 
1367 94750 
1368 94750 
1369 94750 
1370 94750 
1371 94750 
1372 94750 
1373 94750 
1374 94750 
1375 94750 
1376 94750 
1377 94750 
1378 94750 
1379 94750 
1380 94750 
1381 94750 
1382 94750 
1383 94750 
1384 94750 
1385 94750 
1386 94750 
1387 94750 
1388 94750 
1389 94750 
1390 94750 
1391 94750 
1392 94750 
1393 94750 
1394 94750 
1395 94750 
1396 94750 
1397 94750 
1398 94750 
1399 94750 
1400 94750 
1401 94750 
1402 94750 
1403 94750 
1404 94750 
1405 94750 
1406 94750 
1407 94750 
1408 94750 
1409 94750 
1410 94750 
1411 94750 
1412 94750 
1413 94750 
1414 94750 
1415 94750 
1416 94750 
1417 94750 
1418 94750 
1419 94750 
1420 94750 
1421 94750 
1422 94750 
1423 94750 
1424 94750 
1425 94750 
1426 94750 
1427 94750 
1428 94750 
1429 94750 
1430 94750 
1431 94750 
1432 94750 
1433 94750 
1434 94750 
1435 94750 
1436 94750 
1437 94750 
1438 94750 
1439 94750 
1440 94750 
1441 94750 
1442 94750 
1443 94750 
1444 94750 
1445 94750 
1446 94750 
1447 94750 
1448 94750 
1449 94750 
1450 94750 
1451 94750 
1452 94750 
1453 94750 
1454 94750 
1455 94750 
1456 94750 
1457 94750 
1458 94750 
1459 94750 
1460 94750 
1461 94750 
1462 94750 
1463 94750 
1464 94750 
1465 94750 
1466 94750 
1467 94750 
1468 94750 
1469 94750 
1470 94750 
1471 94750 
1472 94750 
1473 94750 
1474 94750 
1475 94750 
1476 94750 
1477 94750 
1478 94750 
1479 94750 
1480 94750 
1481 94750 
1482 94750 
1483 94750 
1484 94750 
1485 94750 
1486 94750 
1487 94750 
1488 94750 
1489 94750 
1490 94750 
1491 94750 
1492 94750 
1493 94750 
1494 94750 
1495 94750 
1496 94750 
1497 94750 
1498 94750 
1499 94750 
1500 94750 
1501 94750 
1502 94750 
1503 94750 
1504 94750 
1505 94750 
1506 94750 
1507 94750 
1508 94750 
1509 94750 
1510 94750 
1511 94750 
1512 94750 
1513 94750 
1514 94750 
1515 94750 
1516 94750 
1517 94750 
1518 94750 
1519 94750 
1520 94750 
1521 94750 
1522 94750 
1523 94750 
1524 94750 
1525 94750 
1526 94750 
1527 94750 
1528 94750 
1529 94750 
1530 94750 
1531 94750 
1532 94750 
1533 94750 
1534 94750 
1535 94750 
1536 94750 
1537 94750 
1538 94750 
1539 94750 
1540 94750 
1541 94750 
1542 94750 
1543 94750 
1544 94750 
1545 94750 
1546 94750 
1547 94750 
1548 94750 
1549 94750 
1550 94750 
1551 94750 
1552 94750 
1553 94750 
1554 94750 
1555 94750 
1556 94750 
1557 94750 
1558 94750 
1559 94750 
1560 94750 
1561 94750 
1562 94750 
1563 94750 
1564 94750 
1565 94750 
1566 94750 
1567 94750 
1568 94750 
1569 94750 
1570 94750 
1571 94750 
1572 94750 
1573 94750 
1574 94750 
1575 94750 
1576 94750 
1577 94750 
1578 94750 
1579 94750 
1580 94750 
1581 94750 
1582 94750 
1583 94750 
1584 94750 
1585 94750 
1586 94750 
1587 94750 
1588 94750 
1589 94750 
1590 94750 
1591 94750 
1592 94750 
1593 94750 
1594 94750 
1595 94750 
1596 94750 
1597 94750 
1598 94750 
1599 94750 
1600 94750 
1601 94750 
1602 94750 
1603 94750 
1604 94750 
1605 94750 
1606 94750 
1607 94750 
1608 94750 
1609 94750 
1610 94750 
1611 94750 
1612 94750 
1613 94750 
1614 94750 
1615 94750 
1616 94750 
1617 94750 
1618 94750 
1619 94750 
1620 94750 
1621 94750 
1622 94750 
1623 94750 
1624 94750 
1625 94750 
1626 94750 
1627 94750 
1628 94750 
1629 94750 
1630 94750 
1631 94750 
1632 94750 
1633 94750 
1634 94750 
1635 94750 
1636 94750 
1637 94750 
1638 94750 
1639 94750 
1640 94750 
1641 94750 
1642 94750 
1643 94750 
1644 94750 
1645 94750 
1646 94750 
1647 94750 
1648 94750 
1649 94750 
1650 94750 
1651 94750 
1652 94750 
1653 94750 
1654 94750 
1655 94750 
1656 94750 
1657 94750 
1658 94750 
1659 94750 
1660 94750 
1661 94750 
1662 94750 
1663 94750 
1664 94750 
1665 94750 
1666 94750 
1667 94750 
1668 94750 
1669 94750 
1670 94750 
1671 94750 
1672 94750 
1673 94750 
1674 94750 
1675 94750 
1676 94750 
1677 94750 
1678 94750 
1679 94750 
1680 94750 
1681 94750 
1682 94750 
1683 94750 
1684 94750 
1685 94750 
1686 94750 
1687 94750 
1688 94750 
1689 94750 
1690 94750 
1691 94750 
1692 94750 
1693 94750 
1694 94750 
1695 94750 
1696 94750 
1697 94750 
1698 94750 
1699 94750 
1700 94750 
1701 94750 
1702 94750 
1703 94750 
1704 94750 
1705 94750 
1706 94750 
1707 94750 
1708 94750 
1709 94750 
1710 94750 
1711 94750 
1712 94750 
1713 94750 
1714 94750 
1715 94750 
1716 94750 
1717 94750 
1718 94750 
1719 94750 
1720 94750 
1721 94750 
1722 94750 
1723 94750 
1724 94750 
1725 94750 
1726 94750 
1727 94750 
1728 94750 
1729 94750 
1730 94750 
1731 94750 
1732 94750 
1733 94750 
1734 94750 
1735 94750 
1736 94750 
1737 94750 
1738 94750 
1739 94750 
1740 94750 
1741 94750 
1742 94750 
1743 94750 
1744 94750 
1745 94750 
1746 94750 
1747 94750 
1748 94750 
1749 94750 
1750 94750 
1751 94750 
1752 94750 
1753 94750 
1754 94750 
1755 94750 
1756 94750 
1757 94750 
1758 94750 
1759 94750 
1760 94750 
1761 94750 
1762 94750 
1763 94750 
1764 94750 
1765 94750 
1766 94750 
1767 94750 
1768 94750 
1769 94750 
1770 94750 
1771 94750 
1772 94750 
1773 94750 
1774 94750 
1775 94750 
1776 94750 
1777 94750 
1778 94750 
1779 94750 
1780 94750 
1781 94750 
1782 94750 
1783 94750 
1784 94750 
1785 94750 
1786 94750 
1787 94750 
1788 94750 
1789 94750 
1790 94750 
1791 94750 
1792 94750 
1793 94750 
1794 94750 
1795 94750 
1796 94750 
1797 94750 
1798 94750 
1799 94750 
1800 94750 
1801 94750 
1802 94750 
1803 94750 
1804 94750 
1805 94750 
1806 94750 
1807 94750 
1808 94750 
1809 94750 
1810 94750 
1811 94750 
1812 94750 
1813 94750 
1814 94750 
1815 94750 
1816 94750 
1817 94750 
1818 94750 
1819 94750 
1820 94750 
1821 94750 
1822 94750 
1823 94750 
1824 94750 
1825 94750 
1826 94750 
1827 94750 
1828 94750 
1829 94750 
1830 94750 
1831 94750 
1832 94750 
1833 94750 
1834 94750 
1835 94750 
1836 94750 
1837 94750 
1838 94750 
1839 94750 
1840 94750 
1841 94750 
1842 94750 
1843 94750 
1844 94750 
1845 94750 
1846 94750 
1847 94750 
1848 94750 
1849 94750 
1850 94750 
1851 94750 
1852 94750 
1853 94750 
1854 94750 
1855 94750 
1856 94750 
1857 94750 
1858 94750 
1859 94750 
1860 94750 
1861 94750 
1862 94750 
1863 94750 
1864 94750 
1865 94750 
1866 94750 
1867 94750 
1868 94750 
1869 94750 
1870 94750 
1871 94750 
1872 94750 
1873 94750 
1874 94750 
1875 94750 
1876 94750 
1877 94750 
1878 94750 
1879 94750 
1880 94750 
1881 94750 
1882 94750 
1883 94750 
1884 94750 
1885 94750 
1886 94750 
1887 94750 
1888 94750 
1889 94750 
1890 94750 
1891 94750 
1892 94750 
1893 94750 
1894 94750 
1895 94750 
1896 94750 
1897 94750 
1898 94750 
1899 94750 
1900 94750 
1901 94750 
1902 94750 
1903 94750 
1904 94750 
1905 94750 
1906 94750 
1907 94750 
1908 94750 
1909 94750 
1910 94750 
1911 94750 
1912 94750 
1913 94750 
1914 94750 
1915 94750 
1916 94750 
1917 94750 
1918 94750 
1919 94750 
1920 94750 
1921 94750 
1922 94750 
1923 94750 
1924 94750 
1925 94750 
1926 94750 
1927 94750 
1928 94750 
1929 94750 
1930 94750 
1931 94750 
1932 94750 
1933 94750 
1934 94750 
1935 94750 
1936 94750 
1937 94750 
1938 94750 
1939 94750 
1940 94750 
1941 94750 
1942 94750 
1943 94750 
1944 94750 
1945 94750 
1946 94750 
1947 94750 
1948 94750 
1949 94750 
1950 94750 
1951 94750 
1952 94750 
1953 94750 
1954 94750 
1955 94750 
1956 94750 
1957 94750 
1958 94750 
1959 94750 
1960 94750 
1961 94750 
1962 94750 
1963 94750 
1964 94750 
1965 94750 
1966 94750 
1967 94750 
1968 94750 
1969 94750 
1970 94750 
1971 94750 
1972 94750 
1973 94750 
1974 94750 
1975 94750 
1976 94750 
1977 94750 
1978 94750 
1979 94750 
1980 94750 
1981 94750 
1982 94750 
1983 94750 
1984 94750 
1985 94750 
1986 94750 
1987 94750 
1988 94750 
1989 94750 
1990 94750 
1991 94750 
1992 94750 
1993 94750 
1994 94750 
1995 94750 
1996 94750 
1997 94750 
1998 94750 
1999 94750 
2000 94750 
2001 94750 
2002 94750 
2003 94750 
2004 94750 
2005 94750 
2006 94750 
2007 94750 
2008 94750 
2009 94750 
2010 94750 
2011 94750 
2012 94750 
2013 94750 
2014 94750 
2015 94750 
2016 94750 
2017 94750 
2018 94750 
2019 94750 
2020 94750 
2021 94750 
2022 94750 
2023 94750 
2024 94750 
2025 94750 
2026 94750 
2027 94750 
2028 94750 
2029 94750 
2030 94750 
2031 94750 
2032 94750 
2033 94750 
2034 94750 
2035 94750 
2036 94750 
2037 94750 
2038 94750 
2039 94750 
2040 94750 
2041 94750 
2042 94750 
2043 94750 
2044 94750 
2045 94750 
2046 94750 
2047 94750 
2048 94750 
2049 94750 
2050 94750 
2051 94750 
2052 94750 
2053 94750 
2054 94750 
2055 94750 
2056 94750 
2057 94750 
2058 94750 
2059 94750 
2060 94750 
2061 94750 
2062 94750 
2063 94750 
2064 94750 
2065 94750 
2066 94750 
2067 94750 
2068 94750 
2069 94750 
2070 94750 
2071 94750 
2072 94750 
2073 94750 
2074 94750 
2075 94750 
2076 94750 
2077 94750 
2078 94750 
2079 94750 
2080 94750 
2081 94750 
2082 94750 
2083 94750 
2084 94750 
2085 94750 
2086 94750 
2087 94750 
2088 94750 
2089 94750 
2090 94750 
2091 94750 
2092 94750 
2093 94750 
2094 94750 
2095 94750 
2096 94750 
2097 94750 
2098 94750 
2099 94750 
2100 94750 
2101 94750 
2102 94750 
2103 94750 
2104 94750 
2105 94750 
2106 94750 
2107 94750 
2108 94750 
2109 94750 
2110 94750 
2111 94750 
2112 94750 
2113 94750 
2114 94750 
2115 94750 
2116 94750 
2117 94750 
2118 94750 
2119 94750 
2120 94750 
2121 94750 
2122 94750 
2123 94750 
2124 94750 
2125 94750 
2126 94750 
2127 94750 
2128 94750 
2129 94750 
2130 94750 
2131 94750 
2132 94750 
2133 94750 
2134 94750 
2135 94750 
2136 94750 
2137 94750 
2138 94750 
2139 94750 
2140 94750 
2141 94750 
2142 94750 
2143 94750 
2144 94750 
2145 94750 
2146 94750 
2147 94750 
2148 94750 
2149 94750 
2150 94750 
2151 94750 
2152 94750 
2153 94750 
2154 94750 
2155 94750 
2156 94750 
2157 94750 
2158 94750 
2159 94750 
2160 94750 
2161 94750 
2162 94750 
2163 94750 
2164 94750 
2165 94750 
2166 94750 
2167 94750 
2168 94750 
2169 94750 
2170 94750 
2171 94750 
2172 94750 
2173 94750 
2174 94750 
2175 94750 
2176 94750 
2177 94750 
2178 94750 
2179 94750 
2180 94750 
2181 94750 
2182 94750 
2183 94750 
2184 94750 
2185 94750 
2186 94750 
2187 94750 
2188 94750 
2189 94750 
2190 94750 
2191 94750 
2192 94750 
2193 94750 
2194 94750 
2195 94750 
2196 94750 
2197 94750 
2198 94750 
2199 94750 
2200 94750 
2201 94750 
2202 94750 
2203 94750 
2204 94750 
2205 94750 
2206 94750 
2207 94750 
2208 94750 
2209 94750 
2210 94750 
2211 94750 
2212 94750 
2213 94750 
2214 94750 
2215 94750 
2216 94750 
2217 94750 
2218 94750 
2219 94750 
2220 94750 
2221 94750 
2222 94750 
2223 94750 
2224 94750 
2225 94750 
2226 94750 
2227 94750 
2228 94750 
2229 94750 
2230 94750 
2231 94750 
2232 94750 
2233 94750 
2234 94750 
2235 94750 
2236 94750 
2237 94750 
2238 94750 
2239 94750 
2240 94750 
2241 94750 
2242 94750 
2243 94750 
2244 94750 
2245 94750 
2246 94750 
2247 94750 
2248 94750 
2249 94750 
2250 94750 
2251 94750 
2252 94750 
2253 94750 
2254 94750 
2255 94750 
2256 94750 
2257 94750 
2258 94750 
2259 94750 
2260 94750 
2261 94750 
2262 94750 
2263 94750 
2264 94750 
2265 94750 
2266 94750 
2267 94750 
2268 94750 
2269 94750 
2270 94750 
2271 94750 
2272 94750 
2273 94750 
2274 94750 
2275 94750 
2276 94750 
2277 94750 
2278 94750 
2279 94750 
2280 94750 
2281 94750 
2282 94750 
2283 94750 
2284 94750 
2285 94750 
2286 94750 
2287 94750 
2288 94750 
2289 94750 
2290 94750 
2291 94750 
2292 94750 
2293 94750 
2294 94750 
2295 94750 
2296 94750 
2297 94750 
2298 94750 
2299 94750 
2300 94750 
2301 94750 
2302 94750 
2303 94750 
2304 94750 
2305 94750 
2306 94750 
2307 94750 
2308 94750 
2309 94750 
2310 94750 
2311 94750 
2312 94750 
2313 94750 
2314 94750 
2315 94750 
2316 94750 
2317 94750 
2318 94750 
2319 94750 
2320 94750 
2321 94750 
2322 94750 
2323 94750 
2324 94750 
2325 94750 
2326 94750 
2327 94750 
2328 94750 
2329 94750 
2330 94750 
2331 94750 
2332 94750 
2333 94750 
2334 94750 
2335 94750 
2336 94750 
2337 94750 
2338 94750 
2339 94750 
2340 94750 
2341 94750 
2342 94750 
2343 94750 
2344 94750 
2345 94750 
2346 94750 
2347 94750 
2348 94750 
2349 94750 
2350 94750 
2351 94750 
2352 94750 
2353 94750 
2354 94750 
2355 94750 
2356 94750 
2357 94750 
2358 94750 
2359 94750 
2360 94750 
2361 94750 
2362 94750 
2363 94750 
2364 94750 
2365 94750 
2366 94750 
2367 94750 
2368 94750 
2369 94750 
2370 94750 
2371 94750 
2372 94750 
2373 94750 
2374 94750 
2375 94750 
2376 94750 
2377 94750 
2378 94750 
2379 94750 
2380 94750 
2381 94750 
2382 94750 
2383 94750 
2384 94750 
2385 94750 
2386 94750 
2387 94750 
2388 94750 
2389 94750 
2390 94750 
2391 94750 
2392 94750 
2393 94750 
2394 94750 
2395 94750 
2396 94750 
2397 94750 
2398 94750 
2399 94750 
2400 94750 
2401 94750 
2402 94750 
2403 94750 
2404 94750 
2405 94750 
2406 94750 
2407 94750 
2408 94750 
2409 94750 
2410 94750 
2411 94750 
2412 94750 
2413 94750 
2414 94750 
2415 94750 
2416 94750 
2417 94750 
2418 94750 
2419 94750 
2420 94750 
2421 94750 
2422 94750 
2423 94750 
2424 94750 
2425 94750 
2426 94750 
2427 94750 
2428 94750 
2429 94750 
2430 94750 
2431 94750 
2432 94750 
2433 94750 
2434 94750 
2435 94750 
2436 94750 
2437 94750 
2438 94750 
2439 94750 
2440 94750 
2441 94750 
2442 94750 
2443 94750 
2444 94750 
2445 94750 
2446 94750 
2447 94750 
2448 94750 
2449 94750 
2450 94750 
2451 94750 
2452 94750 
2453 94750 
2454 94750 
2455 94750 
2456 94750 
2457 94750 
2458 94750 
2459 94750 
2460 94750 
2461 94750 
2462 94750 
2463 94750 
2464 94750 
2465 94750 
2466 94750 
2467 94750 
2468 94750 
2469 94750 
2470 94750 
2471 94750 
2472 94750 
2473 94750 
2474 94750 
2475 94750 
2476 94750 
2477 94750 
2478 94750 
2479 94750 
2480 94750 
2481 94750 
2482 94750 
2483 94750 
2484 94750 
2485 94750 
2486 94750 
2487 94750 
2488 94750 
2489 94750 
2490 94750 
2491 94750 
2492 94750 
2493 94750 
2494 94750 
2495 94750 
2496 94750 
2497 94750 
2498 94750 
2499 94750 
2500 94750 
2501 94750 
2502 94750 
2503 94750 
2504 94750 
2505 94750 
2506 94750 
2507 94750 
2508 94750 
2509 94750 
2510 94750 
2511 94750 
2512 94750 
2513 94750 
2514 94750 
2515 94750 
2516 94750 
2517 94750 
2518 94750 
2519 94750 
2520 94750 
2521 94750 
2522 94750 
2523 94750 
2524 94750 
2525 94750 
2526 94750 
2527 94750 
2528 94750 
2529 94750 
2530 94750 
2531 94750 
2532 94750 
2533 94750 
2534 94750 
2535 94750 
2536 94750 
2537 94750 
2538 94750 
2539 94750 
2540 94750 
2541 94750 
2542 94750 
2543 94750 
2544 94750 
2545 94750 
2546 94750 
2547 94750 
2548 94750 
2549 94750 
2550 94750 
2551 94750 
2552 94750 
2553 94750 
2554 94750 
2555 94750 
2556 94750 
2557 94750 
2558 94750 
2559 94750 
2560 94750 
2561 94750 
2562 94750 
2563 94750 
2564 94750 
2565 94750 
2566 94750 
2567 94750 
2568 94750 
2569 94750 
2570 94750 
2571 94750 
2572 94750 
2573 94750 
2574 94750 
2575 94750 
2576 94750 
2577 94750 
2578 94750 
2579 94750 
2580 94750 
2581 94750 
2582 94750 
2583 94750 
2584 94750 
2585 94750 
2586 94750 
2587 94750 
2588 94750 
2589 94750 
2590 94750 
2591 94750 
2592 94750 
2593 94750 
2594 94750 
2595 94750 
2596 94750 
2597 94750 
2598 94750 
2599 94750 
2600 94750 
2601 94750 
2602 94750 
2603 94750 
2604 94750 
2605 94750 
2606 94750 
2607 94750 
2608 94750 
2609 94750 
2610 94750 
2611 94750 
2612 94750 
2613 94750 
2614 94750 
2615 94750 
2616 94750 
2617 94750 
2618 94750 
2619 94750 
2620 94750 
2621 94750 
2622 94750 
2623 94750 
2624 94750 
2625 94750 
2626 94750 
2627 94750 
2628 94750 
2629 94750 
2630 94750 
2631 94750 
2632 94750 
2633 94750 
2634 94750 
2635 94750 
2636 94750 
2637 94750 
2638 94750 
2639 94750 
2640 94750 
2641 94750 
2642 94750 
2643 94750 
2644 94750 
2645 94750 
2646 94750 
2647 94750 
2648 94750 
2649 94750 
2650 94750 
2651 94750 
2652 94750 
2653 94750 
2654 94750 
2655 94750 
2656 94750 
2657 94750 
2658 94750 
2659 94750 
2660 94750 
2661 94750 
2662 94750 
2663 94750 
2664 94750 
2665 94750 
2666 94750 
2667 94750 
2668 94750 
2669 94750 
2670 94750 
2671 94750 
2672 94750 
2673 94750 
2674 94750 
2675 94750 
2676 94750 
2677 94750 
2678 94750 
2679 94750 
2680 94750 
2681 94750 
2682 94750 
2683 94750 
2684 94750 
2685 94750 
2686 94750 
2687 94750 
2688 94750 
2689 94750 
2690 94750 
2691 94750 
2692 94750 
2693 94750 
2694 94750 
2695 94750 
2696 94750 
2697 94750 
2698 94750 
2699 94750 
2700 94750 
2701 94750 
2702 94750 
2703 94750 
2704 94750 
2705 94750 
2706 94750 
2707 94750 
2708 94750 
2709 94750 
2710 94750 
2711 94750 
2712 94750 
2713 94750 
2714 94750 
2715 94750 
2716 94750 
2717 94750 
2718 94750 
2719 94750 
2720 94750 
2721 94750 
2722 94750 
2723 94750 
2724 94750 
2725 94750 
2726 94750 
2727 94750 
2728 94750 
2729 94750 
2730 94750 
2731 94750 
2732 94750 
2733 94750 
2734 94750 
2735 94750 
2736 94750 
2737 94750 
2738 94750 
2739 94750 
2740 94750 
2741 94750 
2742 94750 
2743 94750 
2744 94750 
2745 94750 
2746 94750 
2747 94750 
2748 94750 
2749 94750 
2750 94750 
2751 94750 
2752 94750 
2753 94750 
2754 94750 
2755 94750 
2756 94750 
2757 94750 
2758 94750 
2759 94750 
2760 94750 
2761 94750 
2762 94750 
2763 94750 
2764 94750 
2765 94750 
2766 94750 
2767 94750 
2768 94750 
2769 94750 
2770 94750 
2771 94750 
2772 94750 
2773 94750 
2774 94750 
2775 94750 
2776 94750 
2777 94750 
2778 94750 
2779 94750 
2780 94750 
2781 94750 
2782 94750 
2783 94750 
2784 94750 
2785 94750 
2786 94750 
2787 94750 
2788 94750 
2789 94750 
2790 94750 
2791 94750 
2792 94750 
2793 94750 
2794 94750 
2795 94750 
2796 94750 
2797 94750 
2798 94750 
2799 94750 
2800 94750 
2801 94750 
2802 94750 
2803 94750 
2804 94750 
2805 94750 
2806 94750 
2807 94750 
2808 94750 
2809 94750 
2810 94750 
2811 94750 
2812 94750 
2813 94750 
2814 94750 
2815 94750 
2816 94750 
2817 94750 
2818 94750 
2819 94750 
2820 94750 
2821 94750 
2822 94750 
2823 94750 
2824 94750 
2825 94750 
2826 94750 
2827 94750 
2828 94750 
2829 94750 
2830 94750 
2831 94750 
2832 94750 
2833 94750 
2834 94750 
2835 94750 
2836 94750 
2837 94750 
2838 94750 
2839 94750 
2840 94750 
2841 94750 
2842 94750 
2843 94750 
2844 94750 
2845 94750 
2846 94750 
2847 94750 
2848 94750 
2849 94750 
2850 94750 
2851 94750 
2852 94750 
2853 94750 
2854 94750 
2855 94750 
2856 94750 
2857 94750 
2858 94750 
2859 94750 
2860 94750 
2861 94750 
2862 94750 
2863 94750 
2864 94750 
2865 94750 
2866 94750 
2867 94750 
2868 94750 
2869 94750 
2870 94750 
2871 94750 
2872 94750 
2873 94750 
2874 94750 
2875 94750 
2876 94750 
2877 94750 
2878 94750 
2879 94750 
2880 94750 
2881 94750 
2882 94750 
2883 94750 
2884 94750 
2885 94750 
2886 94750 
2887 94750 
2888 94750 
2889 94750 
2890 94750 
2891 94750 
2892 94750 
2893 94750 
2894 94750 
2895 94750 
2896 94750 
2897 94750 
2898 94750 
2899 94750 
2900 94750 
2901 94750 
2902 94750 
2903 94750 
2904 94750 
2905 94750 
2906 94750 
2907 94750 
2908 94750 
2909 94750 
2910 94750 
2911 94750 
2912 94750 
2913 94750 
2914 94750 
2915 94750 
2916 94750 
2917 94750 
2918 94750 
2919 94750 
2920 94750 
2921 94750 
2922 94750 
2923 94750 
2924 94750 
2925 94750 
2926 94750 
2927 94750 
2928 94750 
2929 94750 
2930 94750 
2931 94750 
2932 94750 
2933 94750 
2934 94750 
2935 94750 
2936 94750 
2937 94750 
2938 94750 
2939 94750 
2940 94750 
2941 94750 
2942 94750 
2943 94750 
2944 94750 
2945 94750 
2946 94750 
2947 94750 
2948 94750 
2949 94750 
2950 94750 
2951 94750 
2952 94750 
2953 94750 
2954 94750 
2955 94750 
2956 94750 
2957 94750 
2958 94750 
2959 94750 
2960 94750 
2961 94750 
2962 94750 
2963 94750 
2964 94750 
2965 94750 
2966 94750 
2967 94750 
2968 94750 
2969 94750 
2970 94750 
2971 94750 
2972 94750 
2973 94750 
2974 94750 
2975 94750 
2976 94750 
2977 94750 
2978 94750 
2979 94750 
2980 94750 
2981 94750 
2982 94750 
2983 94750 
2984 94750 
2985 94750 
2986 94750 
2987 94750 
2988 94750 
2989 94750 
2990 94750 
2991 94750 
2992 94750 
2993 94750 
2994 94750 
2995 94750 
2996 94750 
2997 94750 
2998 94750 
2999 94750 
3000 94750 
3001 94750 
3002 94750 
3003 94750 
3004 94750 
3005 94750 
3006 94750 
3007 94750 
3008 94750 
3009 94750 
3010 94750 
3011 94750 
3012 94750 
3013 94750 
3014 94750 
3015 94750 
3016 94750 
3017 94750 
3018 94750 
3019 94750 
3020 94750 
3021 94750 
3022 94750 
3023 94750 
3024 94750 
3025 94750 
3026 94750 
3027 94750 
3028 94750 
3029 94750 
3030 94750 
3031 94750 
3032 94750 
3033 94750 
3034 94750 
3035 94750 
3036 94750 
3037 94750 
3038 94750 
3039 94750 
3040 94750 
3041 94750 
3042 94750 
3043 94750 
3044 94750 
3045 94750 
3046 94750 
3047 94750 
3048 94750 
3049 94750 
3050 94750 
3051 94750 
3052 94750 
3053 94750 
3054 94750 
3055 94750 
3056 94750 
3057 94750 
3058 94750 
3059 94750 
3060 94750 
3061 94750 
3062 94750 
3063 94750 
3064 94750 
3065 94750 
3066 94750 
3067 94750 
3068 94750 
3069 94750 
3070 94750 
3071 94750 
3072 94750 
3073 94750 
3074 94750 
3075 94750 
3076 94750 
3077 94750 
3078 94750 
3079 94750 
3080 94750 
3081 94750 
3082 94750 
3083 94750 
3084 94750 
3085 94750 
3086 94750 
3087 94750 
3088 94750 
3089 94750 
3090 94750 
3091 94750 
3092 94750 
3093 94750 
3094 94750 
3095 94750 
3096 94750 
3097 94750 
3098 94750 
3099 94750 
3100 94750 
3101 94750 
3102 94750 
3103 94750 
3104 94750 
3105 94750 
3106 94750 
3107 94750 
3108 94750 
3109 94750 
3110 94750 
3111 94750 
3112 94750 
3113 94750 
3114 94750 
3115 94750 
3116 94750 
3117 94750 
3118 94750 
3119 94750 
3120 94750 
3121 94750 
3122 94750 
3123 94750 
3124 94750 
3125 94750 
3126 94750 
3127 94750 
3128 94750 
3129 94750 
3130 94750 
3131 94750 
3132 94750 
3133 94750 
3134 94750 
3135 94750 
3136 94750 
3137 94750 
3138 94750 
3139 94750 
3140 94750 
3141 94750 
3142 94750 
3143 94750 
3144 94750 
3145 94750 
3146 94750 
3147 94750 
3148 94750 
3149 94750 
3150 94750 
3151 94750 
3152 94750 
3153 94750 
3154 94750 
3155 94750 
3156 94750 
3157 94750 
3158 94750 
3159 94750 
3160 94750 
3161 94750 
3162 94750 
3163 94750 
3164 94750 
3165 94750 
3166 94750 
3167 94750 
3168 94750 
3169 94750 
3170 94750 
3171 94750 
3172 94750 
3173 94750 
3174 94750 
3175 94750 
3176 94750 
3177 94750 
3178 94750 
3179 94750 
3180 94750 
3181 94750 
3182 94750 
3183 94750 
3184 94750 
3185 94750 
3186 94750 
3187 94750 
3188 94750 
3189 94750 
3190 94750 
3191 94750 
3192 94750 
3193 94750 
3194 94750 
3195 94750 
3196 94750 
3197 94750 
3198 94750 
3199 94750 
3200 94750 
3201 94750 
3202 94750 
3203 94750 
3204 94750 
3205 94750 
3206 94750 
3207 94750 
3208 94750 
3209 94750 
3210 94750 

