0 131050 
1 130830 
2 130830 
3 130730 
4 130560 
5 130440 
6 130440 
7 130130 
8 129820 
9 129550 
10 129250 
11 129150 
12 128950 
13 128850 
14 128750 
15 128450 
16 128050 
17 128040 
18 128040 
19 127810 
20 127610 
21 127020 
22 126520 
23 126320 
24 126020 
25 125620 
26 125420 
27 125020 
28 124820 
29 124620 
30 123770 
31 123570 
32 123480 
33 122780 
34 122680 
35 122480 
36 122480 
37 122180 
38 121800 
39 121300 
40 121100 
41 121000 
42 120800 
43 120500 
44 119900 
45 119500 
46 119300 
47 118600 
48 118300 
49 118100 
50 117710 
51 117600 
52 117300 
53 117100 
54 117100 
55 116900 
56 116500 
57 116100 
58 115700 
59 115620 
60 115520 
61 115520 
62 115320 
63 114820 
64 114620 
65 114210 
66 113930 
67 113820 
68 113620 
69 113020 
70 112820 
71 112620 
72 112320 
73 112120 
74 112020 
75 111820 
76 111720 
77 111620 
78 110420 
79 110220 
80 110020 
81 110020 
82 109620 
83 109420 
84 109020 
85 108920 
86 108520 
87 108320 
88 108120 
89 107920 
90 107910 
91 107710 
92 107710 
93 107610 
94 107510 
95 107310 
96 106910 
97 106710 
98 106410 
99 106210 
100 106110 
101 105910 
102 105810 
103 105510 
104 104410 
105 104210 
106 104210 
107 104110 
108 104110 
109 104110 
110 104010 
111 103710 
112 103610 
113 103610 
114 103510 
115 103310 
116 103110 
117 102910 
118 102310 
119 102310 
120 102210 
121 102010 
122 101810 
123 101510 
124 101510 
125 101310 
126 101210 
127 101110 
128 100910 
129 100810 
130 100510 
131 100310 
132 100110 
133 99600 
134 99400 
135 99100 
136 98900 
137 98400 
138 98400 
139 98400 
140 98200 
141 98000 
142 97900 
143 97800 
144 97400 
145 97100 
146 96900 
147 96700 
148 96600 
149 96400 
150 96400 
151 96300 
152 96200 
153 96200 
154 95000 
155 94900 
156 94900 
157 94700 
158 94600 
159 94200 
160 93600 
161 93500 
162 93400 
163 93120 
164 93120 
165 92990 
166 92790 
167 92790 
168 92790 
169 92590 
170 92190 
171 92190 
172 92190 
173 92190 
174 92190 
175 91890 
176 91890 
177 91890 
178 91890 
179 91890 
180 91890 
181 91890 
182 91890 
183 91890 
184 91890 
185 91890 
186 91890 
187 91890 
188 91890 
189 91890 
190 91890 
191 91890 
192 91690 
193 91690 
194 91490 
195 91290 
196 91290 
197 91290 
198 91290 
199 91290 
200 91290 
201 91290 
202 91290 
203 91290 
204 91290 
205 91290 
206 91290 
207 91290 
208 91290 
209 91290 
210 91290 
211 91290 
212 91290 
213 91290 
214 91290 
215 91290 
216 91290 
217 91290 
218 91290 
219 91290 
220 91290 
221 91290 
222 91290 
223 91290 
224 91290 
225 91290 
226 91290 
227 91290 
228 91290 
229 91290 
230 91290 
231 91290 
232 91290 
233 91290 
234 91290 
235 91290 
236 91290 
237 91290 
238 91290 
239 91290 
240 91290 
241 91290 
242 91290 
243 91290 
244 91290 
245 91290 
246 91290 
247 91290 
248 91290 
249 91290 
250 91290 
251 91290 
252 91290 
253 91290 
254 91290 
255 91290 
256 91290 
257 91290 
258 91290 
259 91290 
260 91290 
261 91290 
262 91290 
263 91290 
264 91290 
265 91290 
266 91290 
267 91290 
268 91290 
269 91290 
270 91290 
271 91290 
272 91290 
273 91290 
274 91290 
275 91290 
276 91290 
277 91290 
278 91290 
279 91290 
280 91290 
281 91290 
282 91290 
283 91290 
284 91290 
285 91290 
286 91290 
287 91290 
288 91290 
289 91290 
290 91290 
291 91290 
292 91290 
293 91290 
294 91290 
295 91290 
296 91290 
297 91290 
298 91290 
299 91290 
300 91290 
301 91290 
302 91290 
303 91290 
304 91290 
305 91290 
306 91290 
307 91290 
308 91290 
309 91290 
310 91290 
311 91290 
312 91290 
313 91290 
314 91290 
315 91290 
316 91290 
317 91290 
318 91290 
319 91290 
320 91290 
321 91290 
322 91290 
323 91290 
324 91290 
325 91290 
326 91290 
327 91290 
328 91290 
329 91290 
330 91290 
331 91290 
332 91290 
333 91290 
334 91290 
335 91290 
336 91290 
337 91290 
338 91290 
339 91290 
340 91290 
341 91290 
342 91290 
343 91290 
344 91290 
345 91290 
346 91290 
347 91290 
348 91290 
349 91290 
350 91290 
351 91290 
352 91290 
353 91290 
354 91290 
355 91290 
356 91290 
357 91290 
358 91290 
359 91290 
360 91290 
361 91290 
362 91290 
363 91290 
364 91290 
365 91290 
366 91290 
367 91290 
368 91290 
369 91290 
370 91290 
371 91290 
372 91290 
373 91290 
374 91290 
375 91290 
376 91290 
377 91290 
378 91290 
379 91290 
380 91290 
381 91290 
382 91290 
383 91290 
384 91290 
385 91290 
386 91290 
387 91290 
388 91290 
389 91290 
390 91290 
391 91290 
392 91290 
393 91290 
394 91290 
395 91290 
396 91290 
397 91290 
398 91290 
399 91290 
400 91290 
401 91290 
402 91290 
403 91290 
404 91290 
405 91290 
406 91290 
407 91290 
408 91290 
409 91290 
410 91290 
411 91290 
412 91290 
413 91290 
414 91290 
415 91290 
416 91290 
417 91290 
418 91290 
419 91290 
420 91290 
421 91290 
422 91290 
423 91290 
424 91290 
425 91290 
426 91290 
427 91290 
428 91290 
429 91290 
430 91290 
431 91290 
432 91290 
433 91290 
434 91290 
435 91290 
436 91290 
437 91290 
438 91290 
439 91290 
440 91290 
441 91290 
442 91290 
443 91290 
444 91290 
445 91290 
446 91290 
447 91290 
448 91290 
449 91290 
450 91290 
451 91290 
452 91290 
453 91290 
454 91290 
455 91290 
456 91290 
457 91290 
458 91290 
459 91290 
460 91290 
461 91290 
462 91290 
463 91290 
464 91290 
465 91290 
466 91290 
467 91290 
468 91290 
469 91290 
470 91290 
471 91290 
472 91290 
473 91290 
474 91290 
475 91290 
476 91290 
477 91290 
478 91290 
479 91290 
480 91290 
481 91290 
482 91290 
483 91290 
484 91290 
485 91290 
486 91290 
487 91290 
488 91290 
489 91290 
490 91290 
491 91290 
492 91290 
493 91290 
494 91290 
495 91290 
496 91290 
497 91290 
498 91290 
499 91290 
500 91290 
501 91290 
502 91290 
503 91290 
504 91290 
505 91290 
506 91290 
507 91290 
508 91290 
509 91290 
510 91290 
511 91290 
512 91290 
513 91290 
514 91290 
515 91290 
516 91290 
517 91290 
518 91290 
519 91290 
520 91290 
521 91290 
522 91290 
523 91290 
524 91290 
525 91290 
526 91290 
527 91290 
528 91290 
529 91290 
530 91290 
531 91290 
532 91290 
533 91290 
534 91290 
535 91290 
536 91290 
537 91290 
538 91290 
539 91290 
540 91290 
541 91290 
542 91290 
543 91290 
544 91290 
545 91290 
546 91290 
547 91290 
548 91290 
549 91290 
550 91290 
551 91290 
552 91290 
553 91290 
554 91290 
555 91290 
556 91290 
557 91290 
558 91290 
559 91290 
560 91290 
561 91290 
562 91290 
563 91290 
564 91290 
565 91290 
566 91290 
567 91290 
568 91290 
569 91290 
570 91290 
571 91290 
572 91290 
573 91290 
574 91290 
575 91290 
576 91290 
577 91290 
578 91290 
579 91290 
580 91290 
581 91290 
582 91290 
583 91290 
584 91290 
585 91290 
586 91290 
587 91290 
588 91290 
589 91290 
590 91290 
591 91290 
592 91290 
593 91290 
594 91290 
595 91290 
596 91290 
597 91290 
598 91290 
599 91290 
600 91290 
601 91290 
602 91290 
603 91290 
604 91290 
605 91290 
606 91290 
607 91290 
608 91290 
609 91290 
610 91290 
611 91290 
612 91290 
613 91290 
614 91290 
615 91290 
616 91290 
617 91290 
618 91290 
619 91290 
620 91290 
621 91290 
622 91290 
623 91290 
624 91290 
625 91290 
626 91290 
627 91290 
628 91290 
629 91290 
630 91290 
631 91290 
632 91290 
633 91290 
634 91290 
635 91290 
636 91290 
637 91290 
638 91290 
639 91290 
640 91290 
641 91290 
642 91290 
643 91290 
644 91290 
645 91290 
646 91290 
647 91290 
648 91290 
649 91290 
650 91290 
651 91290 
652 91290 
653 91290 
654 91290 
655 91290 
656 91290 
657 91290 
658 91290 
659 91290 
660 91290 
661 91290 
662 91290 
663 91290 
664 91290 
665 91290 
666 91290 
667 91290 
668 91290 
669 91290 
670 91290 
671 91290 
672 91290 
673 91290 
674 91290 
675 91290 
676 91290 
677 91290 
678 91290 
679 91290 
680 91290 
681 91290 
682 91290 
683 91290 
684 91290 
685 91290 
686 91290 
687 91290 
688 91290 
689 91290 
690 91290 
691 91290 
692 91290 
693 91290 
694 91290 
695 91290 
696 91290 
697 91290 
698 91290 
699 91290 
700 91290 
701 91290 
702 91290 
703 91290 
704 91290 
705 91290 
706 91290 
707 91290 
708 91290 
709 91290 
710 91290 
711 91290 
712 91290 
713 91290 
714 91290 
715 91290 
716 91290 
717 91290 
718 91290 
719 91290 
720 91290 
721 91290 
722 91290 
723 91290 
724 91290 
725 91290 
726 91290 
727 91290 
728 91290 
729 91290 
730 91290 
731 91290 
732 91290 
733 91290 
734 91290 
735 91290 
736 91290 
737 91290 
738 91290 
739 91290 
740 91290 
741 91290 
742 91290 
743 91290 
744 91290 
745 91290 
746 91290 
747 91290 
748 91290 
749 91290 
750 91290 
751 91290 
752 91290 
753 91290 
754 91290 
755 91290 
756 91290 
757 91290 
758 91290 
759 91290 
760 91290 
761 91290 
762 91290 
763 91290 
764 91290 
765 91290 
766 91290 
767 91290 
768 91290 
769 91290 
770 91290 
771 91290 
772 91290 
773 91290 
774 91290 
775 91290 
776 91290 
777 91290 
778 91290 
779 91290 
780 91290 
781 91290 
782 91290 
783 91290 
784 91290 
785 91290 
786 91290 
787 91290 
788 91290 
789 91290 
790 91290 
791 91290 
792 91290 
793 91290 
794 91290 
795 91290 
796 91290 
797 91290 
798 91290 
799 91290 
800 91290 
801 91290 
802 91290 
803 91290 
804 91290 
805 91290 
806 91290 
807 91290 
808 91290 
809 91290 
810 91290 
811 91290 
812 91290 
813 91290 
814 91290 
815 91290 
816 91290 
817 91290 
818 91290 
819 91290 
820 91290 
821 91290 
822 91290 
823 91290 
824 91290 
825 91290 
826 91290 
827 91290 
828 91290 
829 91290 
830 91290 
831 91290 
832 91290 
833 91290 
834 91290 
835 91290 
836 91290 
837 91290 
838 91290 
839 91290 
840 91290 
841 91290 
842 91290 
843 91290 
844 91290 
845 91290 
846 91290 
847 91290 
848 91290 
849 91290 
850 91290 
851 91290 
852 91290 
853 91290 
854 91290 
855 91290 
856 91290 
857 91290 
858 91290 
859 91290 
860 91290 
861 91290 
862 91290 
863 91290 
864 91290 
865 91290 
866 91290 
867 91290 
868 91290 
869 91290 
870 91290 
871 91290 
872 91290 
873 91290 
874 91290 
875 91290 
876 91290 
877 91290 
878 91290 
879 91290 
880 91290 
881 91290 
882 91290 
883 91290 
884 91290 
885 91290 
886 91290 
887 91290 
888 91290 
889 91290 
890 91290 
891 91290 
892 91290 
893 91290 
894 91290 
895 91290 
896 91290 
897 91290 
898 91290 
899 91290 
900 91290 
901 91290 
902 91290 
903 91290 
904 91290 
905 91290 
906 91290 
907 91290 
908 91290 
909 91290 
910 91290 
911 91290 
912 91290 
913 91290 
914 91290 
915 91290 
916 91290 
917 91290 
918 91290 
919 91290 
920 91290 
921 91290 
922 91290 
923 91290 
924 91290 
925 91290 
926 91290 
927 91290 
928 91290 
929 91290 
930 91290 
931 91290 
932 91290 
933 91290 
934 91290 
935 91290 
936 91290 
937 91290 
938 91290 
939 91290 
940 91290 
941 91290 
942 91290 
943 91290 
944 91290 
945 91290 
946 91290 
947 91290 
948 91290 
949 91290 
950 91290 
951 91290 
952 91290 
953 91290 
954 91290 
955 91290 
956 91290 
957 91290 
958 91290 
959 91290 
960 91290 
961 91290 
962 91290 
963 91290 
964 91290 
965 91290 
966 91290 
967 91290 
968 91290 
969 91290 
970 91290 
971 91290 
972 91290 
973 91290 
974 91290 
975 91290 
976 91290 
977 91290 
978 91290 
979 91290 
980 91290 
981 91290 
982 91290 
983 91290 
984 91290 
985 91290 
986 91290 
987 91290 
988 91290 
989 91290 
990 91290 
991 91290 
992 91290 
993 91290 
994 91290 
995 91290 
996 91290 
997 91290 
998 91290 
999 91290 
1000 91290 
1001 91290 
1002 91290 
1003 91290 
1004 91290 
1005 91290 
1006 91290 
1007 91290 
1008 91290 
1009 91290 
1010 91290 
1011 91290 
1012 91290 
1013 91290 
1014 91290 
1015 91290 
1016 91290 
1017 91290 
1018 91290 
1019 91290 
1020 91290 
1021 91290 
1022 91290 
1023 91290 
1024 91290 
1025 91290 
1026 91290 
1027 91290 
1028 91290 
1029 91290 
1030 91290 
1031 91290 
1032 91290 
1033 91290 
1034 91290 
1035 91290 
1036 91290 
1037 91290 
1038 91290 
1039 91290 
1040 91290 
1041 91290 
1042 91290 
1043 91290 
1044 91290 
1045 91290 
1046 91290 
1047 91290 
1048 91290 
1049 91290 
1050 91290 
1051 91290 
1052 91290 
1053 91290 
1054 91290 
1055 91290 
1056 91290 
1057 91290 
1058 91290 
1059 91290 
1060 91290 
1061 91290 
1062 91290 
1063 91290 
1064 91290 
1065 91290 
1066 91290 
1067 91290 
1068 91290 
1069 91290 
1070 91290 
1071 91290 
1072 91290 
1073 91290 
1074 91290 
1075 91290 
1076 91290 
1077 91290 
1078 91290 
1079 91290 
1080 91290 
1081 91290 
1082 91290 
1083 91290 
1084 91290 
1085 91290 
1086 91290 
1087 91290 
1088 91290 
1089 91290 
1090 91290 
1091 91290 
1092 91290 
1093 91290 
1094 91290 
1095 91290 
1096 91290 
1097 91290 
1098 91290 
1099 91290 
1100 91290 
1101 91290 
1102 91290 
1103 91290 
1104 91290 
1105 91290 
1106 91290 
1107 91290 
1108 91290 
1109 91290 
1110 91290 
1111 91290 
1112 91290 
1113 91290 
1114 91290 
1115 91290 
1116 91290 
1117 91290 
1118 91290 
1119 91290 
1120 91290 
1121 91290 
1122 91290 
1123 91290 
1124 91290 
1125 91290 
1126 91290 
1127 91290 
1128 91290 
1129 91290 
1130 91290 
1131 91290 
1132 91290 
1133 91290 
1134 91290 
1135 91290 
1136 91290 
1137 91290 
1138 91290 
1139 91290 
1140 91290 
1141 91290 
1142 91290 
1143 91290 
1144 91290 
1145 91290 
1146 91290 
1147 91290 
1148 91290 
1149 91290 
1150 91290 
1151 91290 
1152 91290 
1153 91290 
1154 91290 
1155 91290 
1156 91290 
1157 91290 
1158 91290 
1159 91290 
1160 91290 
1161 91290 
1162 91290 
1163 91290 
1164 91290 
1165 91290 
1166 91290 
1167 91290 
1168 91290 
1169 91290 
1170 91290 
1171 91290 
1172 91290 
1173 91290 
1174 91290 
1175 91290 
1176 91290 
1177 91290 
1178 91290 
1179 91290 
1180 91290 
1181 91290 
1182 91290 
1183 91290 
1184 91290 
1185 91290 
1186 91290 
1187 91290 
1188 91290 
1189 91290 
1190 91290 
1191 91290 
1192 91290 
1193 91290 
1194 91290 
1195 91290 
1196 91290 
1197 91290 
1198 91290 
1199 91290 
1200 91290 
1201 91290 
1202 91290 
1203 91290 
1204 91290 
1205 91290 
1206 91290 
1207 91290 
1208 91290 
1209 91290 
1210 91290 
1211 91290 
1212 91290 
1213 91290 
1214 91290 
1215 91290 
1216 91290 
1217 91290 
1218 91290 
1219 91290 
1220 91290 
1221 91290 
1222 91290 
1223 91290 
1224 91290 
1225 91290 
1226 91290 
1227 91290 
1228 91290 
1229 91290 
1230 91290 
1231 91290 
1232 91290 
1233 91290 
1234 91290 
1235 91290 
1236 91290 
1237 91290 
1238 91290 
1239 91290 
1240 91290 
1241 91290 
1242 91290 
1243 91290 
1244 91290 
1245 91290 
1246 91290 
1247 91290 
1248 91290 
1249 91290 
1250 91290 
1251 91290 
1252 91290 
1253 91290 
1254 91290 
1255 91290 
1256 91290 
1257 91290 
1258 91290 
1259 91290 
1260 91290 
1261 91290 
1262 91290 
1263 91290 
1264 91290 
1265 91290 
1266 91290 
1267 91290 
1268 91290 
1269 91290 
1270 91290 
1271 91290 
1272 91290 
1273 91290 
1274 91290 
1275 91290 
1276 91290 
1277 91290 
1278 91290 
1279 91290 
1280 91290 
1281 91290 
1282 91290 
1283 91290 
1284 91290 
1285 91290 
1286 91290 
1287 91290 
1288 91290 
1289 91290 
1290 91290 
1291 91290 
1292 91290 
1293 91290 
1294 91290 
1295 91290 
1296 91290 
1297 91290 
1298 91290 
1299 91290 
1300 91290 
1301 91290 
1302 91290 
1303 91290 
1304 91290 
1305 91290 
1306 91290 
1307 91290 
1308 91290 
1309 91290 
1310 91290 
1311 91290 
1312 91290 
1313 91290 
1314 91290 
1315 91290 
1316 91290 
1317 91290 
1318 91290 
1319 91290 
1320 91290 
1321 91290 
1322 91290 
1323 91290 
1324 91290 
1325 91290 
1326 91290 
1327 91290 
1328 91290 
1329 91290 
1330 91290 
1331 91290 
1332 91290 
1333 91290 
1334 91290 
1335 91290 
1336 91290 
1337 91290 
1338 91290 
1339 91290 
1340 91290 
1341 91290 
1342 91290 
1343 91290 
1344 91290 
1345 91290 
1346 91290 
1347 91290 
1348 91290 
1349 91290 
1350 91290 
1351 91290 
1352 91290 
1353 91290 
1354 91290 
1355 91290 
1356 91290 
1357 91290 
1358 91290 
1359 91290 
1360 91290 
1361 91290 
1362 91290 
1363 91290 
1364 91290 
1365 91290 
1366 91290 
1367 91290 
1368 91290 
1369 91290 
1370 91290 
1371 91290 
1372 91290 
1373 91290 
1374 91290 
1375 91290 
1376 91290 
1377 91290 
1378 91290 
1379 91290 
1380 91290 
1381 91290 
1382 91290 
1383 91290 
1384 91290 
1385 91290 
1386 91290 
1387 91290 
1388 91290 
1389 91290 
1390 91290 
1391 91290 
1392 91290 
1393 91290 
1394 91290 
1395 91290 
1396 91290 
1397 91290 
1398 91290 
1399 91290 
1400 91290 
1401 91290 
1402 91290 
1403 91290 
1404 91290 
1405 91290 
1406 91290 
1407 91290 
1408 91290 
1409 91290 
1410 91290 
1411 91290 
1412 91290 
1413 91290 
1414 91290 
1415 91290 
1416 91290 
1417 91290 
1418 91290 
1419 91290 
1420 91290 
1421 91290 
1422 91290 
1423 91290 
1424 91290 
1425 91290 
1426 91290 
1427 91290 
1428 91290 
1429 91290 
1430 91290 
1431 91290 
1432 91290 
1433 91290 
1434 91290 
1435 91290 
1436 91290 
1437 91290 
1438 91290 
1439 91290 
1440 91290 
1441 91290 
1442 91290 
1443 91290 
1444 91290 
1445 91290 
1446 91290 
1447 91290 
1448 91290 
1449 91290 
1450 91290 
1451 91290 
1452 91290 
1453 91290 
1454 91290 
1455 91290 
1456 91290 
1457 91290 
1458 91290 
1459 91290 
1460 91290 
1461 91290 
1462 91290 
1463 91290 
1464 91290 
1465 91290 
1466 91290 
1467 91290 
1468 91290 
1469 91290 
1470 91290 
1471 91290 
1472 91290 
1473 91290 
1474 91290 
1475 91290 
1476 91290 
1477 91290 
1478 91290 
1479 91290 
1480 91290 
1481 91290 
1482 91290 
1483 91290 
1484 91290 
1485 91290 
1486 91290 
1487 91290 
1488 91290 
1489 91290 
1490 91290 
1491 91290 
1492 91290 
1493 91290 
1494 91290 
1495 91290 
1496 91290 
1497 91290 
1498 91290 
1499 91290 
1500 91290 
1501 91290 
1502 91290 
1503 91290 
1504 91290 
1505 91290 
1506 91290 
1507 91290 
1508 91290 
1509 91290 
1510 91290 
1511 91290 
1512 91290 
1513 91290 
1514 91290 
1515 91290 
1516 91290 
1517 91290 
1518 91290 
1519 91290 
1520 91290 
1521 91290 
1522 91290 
1523 91290 
1524 91290 
1525 91290 
1526 91290 
1527 91290 
1528 91290 
1529 91290 
1530 91290 
1531 91290 
1532 91290 
1533 91290 
1534 91290 
1535 91290 
1536 91290 
1537 91290 
1538 91290 
1539 91290 
1540 91290 
1541 91290 
1542 91290 
1543 91290 
1544 91290 
1545 91290 
1546 91290 
1547 91290 
1548 91290 
1549 91290 
1550 91290 
1551 91290 
1552 91290 
1553 91290 
1554 91290 
1555 91290 
1556 91290 
1557 91290 
1558 91290 
1559 91290 
1560 91290 
1561 91290 
1562 91290 
1563 91290 
1564 91290 
1565 91290 
1566 91290 
1567 91290 
1568 91290 
1569 91290 
1570 91290 
1571 91290 
1572 91290 
1573 91290 
1574 91290 
1575 91290 
1576 91290 
1577 91290 
1578 91290 
1579 91290 
1580 91290 
1581 91290 
1582 91290 
1583 91290 
1584 91290 
1585 91290 
1586 91290 
1587 91290 
1588 91290 
1589 91290 
1590 91290 
1591 91290 
1592 91290 
1593 91290 
1594 91290 
1595 91290 
1596 91290 
1597 91290 
1598 91290 
1599 91290 
1600 91290 
1601 91290 
1602 91290 
1603 91290 
1604 91290 
1605 91290 
1606 91290 
1607 91290 
1608 91290 
1609 91290 
1610 91290 
1611 91290 
1612 91290 
1613 91290 
1614 91290 
1615 91290 
1616 91290 
1617 91290 
1618 91290 
1619 91290 
1620 91290 
1621 91290 
1622 91290 
1623 91290 
1624 91290 
1625 91290 
1626 91290 
1627 91290 
1628 91290 
1629 91290 
1630 91290 
1631 91290 
1632 91290 
1633 91290 
1634 91290 
1635 91290 
1636 91290 
1637 91290 
1638 91290 
1639 91290 
1640 91290 
1641 91290 
1642 91290 
1643 91290 
1644 91290 
1645 91290 
1646 91290 
1647 91290 
1648 91290 
1649 91290 
1650 91290 
1651 91290 
1652 91290 
1653 91290 
1654 91290 
1655 91290 
1656 91290 
1657 91290 
1658 91290 
1659 91290 
1660 91290 
1661 91290 
1662 91290 
1663 91290 
1664 91290 
1665 91290 
1666 91290 
1667 91290 
1668 91290 
1669 91290 
1670 91290 
1671 91290 
1672 91290 
1673 91290 
1674 91290 
1675 91290 
1676 91290 
1677 91290 
1678 91290 
1679 91290 
1680 91290 
1681 91290 
1682 91290 
1683 91290 
1684 91290 
1685 91290 
1686 91290 
1687 91290 
1688 91290 
1689 91290 
1690 91290 
1691 91290 
1692 91290 
1693 91290 
1694 91290 
1695 91290 
1696 91290 
1697 91290 
1698 91290 
1699 91290 
1700 91290 
1701 91290 
1702 91290 
1703 91290 
1704 91290 
1705 91290 
1706 91290 
1707 91290 
1708 91290 
1709 91290 
1710 91290 
1711 91290 
1712 91290 
1713 91290 
1714 91290 
1715 91290 
1716 91290 
1717 91290 
1718 91290 
1719 91290 
1720 91290 
1721 91290 
1722 91290 
1723 91290 
1724 91290 
1725 91290 
1726 91290 
1727 91290 
1728 91290 
1729 91290 
1730 91290 
1731 91290 
1732 91290 
1733 91290 
1734 91290 
1735 91290 
1736 91290 
1737 91290 
1738 91290 
1739 91290 
1740 91290 
1741 91290 
1742 91290 
1743 91290 
1744 91290 
1745 91290 
1746 91290 
1747 91290 
1748 91290 
1749 91290 
1750 91290 
1751 91290 
1752 91290 
1753 91290 
1754 91290 
1755 91290 
1756 91290 
1757 91290 
1758 91290 
1759 91290 
1760 91290 
1761 91290 
1762 91290 
1763 91290 
1764 91290 
1765 91290 
1766 91290 
1767 91290 
1768 91290 
1769 91290 
1770 91290 
1771 91290 
1772 91290 
1773 91290 
1774 91290 
1775 91290 
1776 91290 
1777 91290 
1778 91290 
1779 91290 
1780 91290 
1781 91290 
1782 91290 
1783 91290 
1784 91290 
1785 91290 
1786 91290 
1787 91290 
1788 91290 
1789 91290 
1790 91290 
1791 91290 
1792 91290 
1793 91290 
1794 91290 
1795 91290 
1796 91290 
1797 91290 
1798 91290 
1799 91290 
1800 91290 
1801 91290 
1802 91290 
1803 91290 
1804 91290 
1805 91290 
1806 91290 
1807 91290 
1808 91290 
1809 91290 
1810 91290 
1811 91290 
1812 91290 
1813 91290 
1814 91290 
1815 91290 
1816 91290 
1817 91290 
1818 91290 
1819 91290 
1820 91290 
1821 91290 
1822 91290 
1823 91290 
1824 91290 
1825 91290 
1826 91290 
1827 91290 
1828 91290 
1829 91290 
1830 91290 
1831 91290 
1832 91290 
1833 91290 
1834 91290 
1835 91290 
1836 91290 
1837 91290 
1838 91290 
1839 91290 
1840 91290 
1841 91290 
1842 91290 
1843 91290 
1844 91290 
1845 91290 
1846 91290 
1847 91290 
1848 91290 
1849 91290 
1850 91290 
1851 91290 
1852 91290 
1853 91290 
1854 91290 
1855 91290 
1856 91290 
1857 91290 
1858 91290 
1859 91290 
1860 91290 
1861 91290 
1862 91290 
1863 91290 
1864 91290 
1865 91290 
1866 91290 
1867 91290 
1868 91290 
1869 91290 
1870 91290 
1871 91290 
1872 91290 
1873 91290 
1874 91290 
1875 91290 
1876 91290 
1877 91290 
1878 91290 
1879 91290 
1880 91290 
1881 91290 
1882 91290 
1883 91290 
1884 91290 
1885 91290 
1886 91290 
1887 91290 
1888 91290 
1889 91290 
1890 91290 
1891 91290 
1892 91290 
1893 91290 
1894 91290 
1895 91290 
1896 91290 
1897 91290 
1898 91290 
1899 91290 
1900 91290 
1901 91290 
1902 91290 
1903 91290 
1904 91290 
1905 91290 
1906 91290 
1907 91290 
1908 91290 
1909 91290 
1910 91290 
1911 91290 
1912 91290 
1913 91290 
1914 91290 
1915 91290 
1916 91290 
1917 91290 
1918 91290 
1919 91290 
1920 91290 
1921 91290 
1922 91290 
1923 91290 
1924 91290 
1925 91290 
1926 91290 
1927 91290 
1928 91290 
1929 91290 
1930 91290 
1931 91290 
1932 91290 
1933 91290 
1934 91290 
1935 91290 
1936 91290 
1937 91290 
1938 91290 
1939 91290 
1940 91290 
1941 91290 
1942 91290 
1943 91290 
1944 91290 
1945 91290 
1946 91290 
1947 91290 
1948 91290 
1949 91290 
1950 91290 
1951 91290 
1952 91290 
1953 91290 
1954 91290 
1955 91290 
1956 91290 
1957 91290 
1958 91290 
1959 91290 
1960 91290 
1961 91290 
1962 91290 
1963 91290 
1964 91290 
1965 91290 
1966 91290 
1967 91290 
1968 91290 
1969 91290 
1970 91290 
1971 91290 
1972 91290 
1973 91290 
1974 91290 
1975 91290 
1976 91290 
1977 91290 
1978 91290 
1979 91290 
1980 91290 
1981 91290 
1982 91290 
1983 91290 
1984 91290 
1985 91290 
1986 91290 
1987 91290 
1988 91290 
1989 91290 
1990 91290 
1991 91290 
1992 91290 
1993 91290 
1994 91290 
1995 91290 
1996 91290 
1997 91290 
1998 91290 
1999 91290 
2000 91290 
2001 91290 
2002 91290 
2003 91290 
2004 91290 
2005 91290 
2006 91290 
2007 91290 
2008 91290 
2009 91290 
2010 91290 
2011 91290 
2012 91290 
2013 91290 
2014 91290 
2015 91290 
2016 91290 
2017 91290 
2018 91290 
2019 91290 
2020 91290 
2021 91290 
2022 91290 
2023 91290 
2024 91290 
2025 91290 
2026 91290 
2027 91290 
2028 91290 
2029 91290 
2030 91290 
2031 91290 
2032 91290 
2033 91290 
2034 91290 
2035 91290 
2036 91290 
2037 91290 
2038 91290 
2039 91290 
2040 91290 
2041 91290 
2042 91290 
2043 91290 
2044 91290 
2045 91290 
2046 91290 
2047 91290 
2048 91290 
2049 91290 
2050 91290 
2051 91290 
2052 91290 
2053 91290 
2054 91290 
2055 91290 
2056 91290 
2057 91290 
2058 91290 
2059 91290 
2060 91290 
2061 91290 
2062 91290 
2063 91290 
2064 91290 
2065 91290 
2066 91290 
2067 91290 
2068 91290 
2069 91290 
2070 91290 
2071 91290 
2072 91290 
2073 91290 
2074 91290 
2075 91290 
2076 91290 
2077 91290 
2078 91290 
2079 91290 
2080 91290 
2081 91290 
2082 91290 
2083 91290 
2084 91290 
2085 91290 
2086 91290 
2087 91290 
2088 91290 
2089 91290 
2090 91290 
2091 91290 
2092 91290 
2093 91290 
2094 91290 
2095 91290 
2096 91290 
2097 91290 
2098 91290 
2099 91290 
2100 91290 
2101 91290 
2102 91290 
2103 91290 
2104 91290 
2105 91290 
2106 91290 
2107 91290 
2108 91290 
2109 91290 
2110 91290 
2111 91290 
2112 91290 
2113 91290 
2114 91290 
2115 91290 
2116 91290 
2117 91290 
2118 91290 
2119 91290 
2120 91290 
2121 91290 
2122 91290 
2123 91290 
2124 91290 
2125 91290 
2126 91290 
2127 91290 
2128 91290 
2129 91290 
2130 91290 
2131 91290 
2132 91290 
2133 91290 
2134 91290 
2135 91290 
2136 91290 
2137 91290 
2138 91290 
2139 91290 
2140 91290 
2141 91290 
2142 91290 
2143 91290 
2144 91290 
2145 91290 
2146 91290 
2147 91290 
2148 91290 
2149 91290 
2150 91290 
2151 91290 
2152 91290 
2153 91290 
2154 91290 
2155 91290 
2156 91290 
2157 91290 
2158 91290 
2159 91290 
2160 91290 
2161 91290 
2162 91290 
2163 91290 
2164 91290 
2165 91290 
2166 91290 
2167 91290 
2168 91290 
2169 91290 
2170 91290 
2171 91290 
2172 91290 
2173 91290 
2174 91290 
2175 91290 
2176 91290 
2177 91290 
2178 91290 
2179 91290 
2180 91290 
2181 91290 
2182 91290 
2183 91290 
2184 91290 
2185 91290 
2186 91290 
2187 91290 
2188 91290 
2189 91290 
2190 91290 
2191 91290 
2192 91290 
2193 91290 
2194 91290 
2195 91290 
2196 91290 
2197 91290 
2198 91290 
2199 91290 
2200 91290 
2201 91290 
2202 91290 
2203 91290 
2204 91290 
2205 91290 
2206 91290 
2207 91290 
2208 91290 
2209 91290 
2210 91290 
2211 91290 
2212 91290 
2213 91290 
2214 91290 
2215 91290 
2216 91290 
2217 91290 
2218 91290 
2219 91290 
2220 91290 
2221 91290 
2222 91290 
2223 91290 
2224 91290 
2225 91290 
2226 91290 
2227 91290 
2228 91290 
2229 91290 
2230 91290 
2231 91290 
2232 91290 
2233 91290 
2234 91290 
2235 91290 
2236 91290 
2237 91290 
2238 91290 
2239 91290 
2240 91290 
2241 91290 
2242 91290 
2243 91290 
2244 91290 
2245 91290 
2246 91290 
2247 91290 
2248 91290 
2249 91290 
2250 91290 
2251 91290 
2252 91290 
2253 91290 
2254 91290 
2255 91290 
2256 91290 
2257 91290 
2258 91290 
2259 91290 
2260 91290 
2261 91290 
2262 91290 
2263 91290 
2264 91290 
2265 91290 
2266 91290 
2267 91290 
2268 91290 
2269 91290 
2270 91290 
2271 91290 
2272 91290 
2273 91290 
2274 91290 
2275 91290 
2276 91290 
2277 91290 
2278 91290 
2279 91290 
2280 91290 
2281 91290 
2282 91290 
2283 91290 
2284 91290 
2285 91290 
2286 91290 
2287 91290 
2288 91290 
2289 91290 
2290 91290 
2291 91290 
2292 91290 
2293 91290 
2294 91290 
2295 91290 
2296 91290 
2297 91290 
2298 91290 
2299 91290 
2300 91290 
2301 91290 
2302 91290 
2303 91290 
2304 91290 
2305 91290 
2306 91290 
2307 91290 
2308 91290 
2309 91290 
2310 91290 
2311 91290 
2312 91290 
2313 91290 
2314 91290 
2315 91290 
2316 91290 
2317 91290 
2318 91290 
2319 91290 
2320 91290 
2321 91290 
2322 91290 
2323 91290 
2324 91290 
2325 91290 
2326 91290 
2327 91290 
2328 91290 
2329 91290 
2330 91290 
2331 91290 
2332 91290 
2333 91290 
2334 91290 
2335 91290 
2336 91290 
2337 91290 
2338 91290 
2339 91290 
2340 91290 
2341 91290 
2342 91290 
2343 91290 
2344 91290 
2345 91290 
2346 91290 
2347 91290 
2348 91290 
2349 91290 
2350 91290 
2351 91290 
2352 91290 
2353 91290 
2354 91290 
2355 91290 
2356 91290 
2357 91290 
2358 91290 
2359 91290 
2360 91290 
2361 91290 
2362 91290 
2363 91290 
2364 91290 
2365 91290 
2366 91290 
2367 91290 
2368 91290 
2369 91290 
2370 91290 
2371 91290 
2372 91290 
2373 91290 
2374 91290 
2375 91290 
2376 91290 
2377 91290 
2378 91290 
2379 91290 
2380 91290 
2381 91290 
2382 91290 
2383 91290 
2384 91290 
2385 91290 
2386 91290 
2387 91290 
2388 91290 
2389 91290 
2390 91290 
2391 91290 
2392 91290 
2393 91290 
2394 91290 
2395 91290 
2396 91290 
2397 91290 
2398 91290 
2399 91290 
2400 91290 
2401 91290 
2402 91290 
2403 91290 
2404 91290 
2405 91290 
2406 91290 
2407 91290 
2408 91290 
2409 91290 
2410 91290 
2411 91290 
2412 91290 
2413 91290 
2414 91290 
2415 91290 
2416 91290 
2417 91290 
2418 91290 
2419 91290 
2420 91290 
2421 91290 
2422 91290 
2423 91290 
2424 91290 
2425 91290 
2426 91290 
2427 91290 
2428 91290 
2429 91290 
2430 91290 
2431 91290 
2432 91290 
2433 91290 
2434 91290 
2435 91290 
2436 91290 
2437 91290 
2438 91290 
2439 91290 
2440 91290 
2441 91290 
2442 91290 
2443 91290 
2444 91290 
2445 91290 
2446 91290 
2447 91290 
2448 91290 
2449 91290 
2450 91290 
2451 91290 
2452 91290 
2453 91290 
2454 91290 
2455 91290 
2456 91290 
2457 91290 
2458 91290 
2459 91290 
2460 91290 
2461 91290 
2462 91290 
2463 91290 
2464 91290 
2465 91290 
2466 91290 
2467 91290 
2468 91290 
2469 91290 
2470 91290 
2471 91290 
2472 91290 
2473 91290 
2474 91290 
2475 91290 
2476 91290 
2477 91290 
2478 91290 
2479 91290 
2480 91290 
2481 91290 
2482 91290 
2483 91290 
2484 91290 
2485 91290 
2486 91290 
2487 91290 
2488 91290 
2489 91290 
2490 91290 
2491 91290 
2492 91290 
2493 91290 
2494 91290 
2495 91290 
2496 91290 
2497 91290 
2498 91290 
2499 91290 
2500 91290 
2501 91290 
2502 91290 
2503 91290 
2504 91290 
2505 91290 
2506 91290 
2507 91290 
2508 91290 
2509 91290 
2510 91290 
2511 91290 
2512 91290 
2513 91290 
2514 91290 
2515 91290 
2516 91290 
2517 91290 
2518 91290 
2519 91290 
2520 91290 
2521 91290 
2522 91290 
2523 91290 
2524 91290 
2525 91290 
2526 91290 
2527 91290 
2528 91290 
2529 91290 
2530 91290 
2531 91290 
2532 91290 
2533 91290 
2534 91290 
2535 91290 
2536 91290 
2537 91290 
2538 91290 
2539 91290 
2540 91290 
2541 91290 
2542 91290 
2543 91290 
2544 91290 
2545 91290 
2546 91290 
2547 91290 
2548 91290 
2549 91290 
2550 91290 
2551 91290 
2552 91290 
2553 91290 
2554 91290 
2555 91290 
2556 91290 
2557 91290 
2558 91290 
2559 91290 
2560 91290 
2561 91290 
2562 91290 
2563 91290 
2564 91290 
2565 91290 
2566 91290 
2567 91290 
2568 91290 
2569 91290 
2570 91290 
2571 91290 
2572 91290 
2573 91290 
2574 91290 
2575 91290 
2576 91290 
2577 91290 
2578 91290 
2579 91290 
2580 91290 
2581 91290 
2582 91290 
2583 91290 
2584 91290 
2585 91290 
2586 91290 
2587 91290 
2588 91290 
2589 91290 
2590 91290 
2591 91290 
2592 91290 
2593 91290 
2594 91290 
2595 91290 
2596 91290 
2597 91290 
2598 91290 
2599 91290 
2600 91290 
2601 91290 
2602 91290 
2603 91290 
2604 91290 
2605 91290 
2606 91290 
2607 91290 
2608 91290 
2609 91290 
2610 91290 
2611 91290 
2612 91290 
2613 91290 
2614 91290 
2615 91290 
2616 91290 
2617 91290 
2618 91290 
2619 91290 
2620 91290 
2621 91290 
2622 91290 
2623 91290 
2624 91290 
2625 91290 
2626 91290 
2627 91290 
2628 91290 
2629 91290 
2630 91290 
2631 91290 
2632 91290 
2633 91290 
2634 91290 
2635 91290 
2636 91290 
2637 91290 
2638 91290 
2639 91290 
2640 91290 
2641 91290 
2642 91290 
2643 91290 
2644 91290 
2645 91290 
2646 91290 
2647 91290 
2648 91290 
2649 91290 
2650 91290 
2651 91290 
2652 91290 
2653 91290 
2654 91290 
2655 91290 
2656 91290 
2657 91290 
2658 91290 
2659 91290 
2660 91290 
2661 91290 
2662 91290 
2663 91290 
2664 91290 
2665 91290 
2666 91290 
2667 91290 
2668 91290 
2669 91290 
2670 91290 
2671 91290 
2672 91290 
2673 91290 
2674 91290 
2675 91290 
2676 91290 
2677 91290 
2678 91290 
2679 91290 
2680 91290 
2681 91290 
2682 91290 
2683 91290 
2684 91290 
2685 91290 
2686 91290 
2687 91290 
2688 91290 
2689 91290 
2690 91290 
2691 91290 
2692 91290 
2693 91290 
2694 91290 
2695 91290 
2696 91290 
2697 91290 
2698 91290 
2699 91290 
2700 91290 
2701 91290 
2702 91290 
2703 91290 
2704 91290 
2705 91290 
2706 91290 
2707 91290 
2708 91290 
2709 91290 
2710 91290 
2711 91290 
2712 91290 
2713 91290 
2714 91290 
2715 91290 
2716 91290 
2717 91290 
2718 91290 
2719 91290 
2720 91290 
2721 91290 
2722 91290 
2723 91290 
2724 91290 
2725 91290 
2726 91290 
2727 91290 
2728 91290 
2729 91290 
2730 91290 
2731 91290 
2732 91290 
2733 91290 
2734 91290 
2735 91290 
2736 91290 
2737 91290 
2738 91290 
2739 91290 
2740 91290 
2741 91290 
2742 91290 
2743 91290 
2744 91290 
2745 91290 
2746 91290 
2747 91290 
2748 91290 
2749 91290 
2750 91290 
2751 91290 
2752 91290 
2753 91290 
2754 91290 
2755 91290 
2756 91290 
2757 91290 
2758 91290 
2759 91290 
2760 91290 
2761 91290 
2762 91290 
2763 91290 
2764 91290 
2765 91290 
2766 91290 
2767 91290 
2768 91290 
2769 91290 
2770 91290 
2771 91290 
2772 91290 
2773 91290 
2774 91290 
2775 91290 
2776 91290 
2777 91290 
2778 91290 
2779 91290 
2780 91290 
2781 91290 
2782 91290 
2783 91290 
2784 91290 
2785 91290 
2786 91290 
2787 91290 
2788 91290 
2789 91290 
2790 91290 
2791 91290 
2792 91290 
2793 91290 
2794 91290 
2795 91290 
2796 91290 
2797 91290 
2798 91290 
2799 91290 
2800 91290 
2801 91290 
2802 91290 
2803 91290 
2804 91290 
2805 91290 
2806 91290 
2807 91290 
2808 91290 
2809 91290 
2810 91290 
2811 91290 
2812 91290 
2813 91290 
2814 91290 
2815 91290 
2816 91290 
2817 91290 
2818 91290 
2819 91290 
2820 91290 
2821 91290 
2822 91290 
2823 91290 
2824 91290 
2825 91290 
2826 91290 
2827 91290 
2828 91290 
2829 91290 
2830 91290 
2831 91290 
2832 91290 
2833 91290 
2834 91290 
2835 91290 
2836 91290 
2837 91290 
2838 91290 
2839 91290 
2840 91290 
2841 91290 
2842 91290 
2843 91290 
2844 91290 
2845 91290 
2846 91290 
2847 91290 
2848 91290 
2849 91290 
2850 91290 
2851 91290 
2852 91290 
2853 91290 
2854 91290 
2855 91290 
2856 91290 
2857 91290 
2858 91290 
2859 91290 
2860 91290 
2861 91290 
2862 91290 
2863 91290 
2864 91290 
2865 91290 
2866 91290 
2867 91290 
2868 91290 
2869 91290 
2870 91290 
2871 91290 
2872 91290 
2873 91290 
2874 91290 
2875 91290 
2876 91290 
2877 91290 
2878 91290 
2879 91290 
2880 91290 
2881 91290 
2882 91290 
2883 91290 
2884 91290 
2885 91290 
2886 91290 
2887 91290 
2888 91290 
2889 91290 
2890 91290 
2891 91290 
2892 91290 
2893 91290 
2894 91290 
2895 91290 
2896 91290 
2897 91290 
2898 91290 
2899 91290 
2900 91290 
2901 91290 
2902 91290 
2903 91290 
2904 91290 
2905 91290 
2906 91290 
2907 91290 
2908 91290 
2909 91290 
2910 91290 
2911 91290 
2912 91290 
2913 91290 
2914 91290 
2915 91290 
2916 91290 
2917 91290 
2918 91290 
2919 91290 
2920 91290 
2921 91290 
2922 91290 
2923 91290 
2924 91290 
2925 91290 
2926 91290 
2927 91290 
2928 91290 
2929 91290 
2930 91290 
2931 91290 
2932 91290 
2933 91290 
2934 91290 
2935 91290 
2936 91290 
2937 91290 
2938 91290 
2939 91290 
2940 91290 
2941 91290 
2942 91290 
2943 91290 
2944 91290 
2945 91290 
2946 91290 
2947 91290 
2948 91290 
2949 91290 
2950 91290 
2951 91290 
2952 91290 
2953 91290 
2954 91290 
2955 91290 
2956 91290 
2957 91290 
2958 91290 
2959 91290 
2960 91290 
2961 91290 
2962 91290 
2963 91290 
2964 91290 
2965 91290 
2966 91290 
2967 91290 
2968 91290 
2969 91290 
2970 91290 
2971 91290 
2972 91290 
2973 91290 
2974 91290 
2975 91290 
2976 91290 
2977 91290 
2978 91290 
2979 91290 
2980 91290 
2981 91290 
2982 91290 
2983 91290 
2984 91290 
2985 91290 
2986 91290 
2987 91290 
2988 91290 
2989 91290 
2990 91290 
2991 91290 
2992 91290 
2993 91290 
2994 91290 
2995 91290 
2996 91290 
2997 91290 
2998 91290 
2999 91290 
3000 91290 
3001 91290 
3002 91290 
3003 91290 
3004 91290 
3005 91290 
3006 91290 
3007 91290 
3008 91290 
3009 91290 
3010 91290 
3011 91290 
3012 91290 
3013 91290 
3014 91290 
3015 91290 
3016 91290 
3017 91290 
3018 91290 
3019 91290 
3020 91290 
3021 91290 
3022 91290 
3023 91290 
3024 91290 
3025 91290 
3026 91290 
3027 91290 
3028 91290 
3029 91290 
3030 91290 
3031 91290 
3032 91290 
3033 91290 
3034 91290 
3035 91290 
3036 91290 
3037 91290 
3038 91290 
3039 91290 
3040 91290 
3041 91290 
3042 91290 
3043 91290 
3044 91290 
3045 91290 
3046 91290 
3047 91290 
3048 91290 
3049 91290 
3050 91290 
3051 91290 
3052 91290 
3053 91290 
3054 91290 
3055 91290 
3056 91290 
3057 91290 
3058 91290 
3059 91290 
3060 91290 
3061 91290 
3062 91290 
3063 91290 
3064 91290 
3065 91290 
3066 91290 
3067 91290 
3068 91290 
3069 91290 
3070 91290 
3071 91290 
3072 91290 
3073 91290 
3074 91290 
3075 91290 
3076 91290 
3077 91290 
3078 91290 
3079 91290 
3080 91290 
3081 91290 
3082 91290 
3083 91290 
3084 91290 
3085 91290 
3086 91290 
3087 91290 
3088 91290 
3089 91290 
3090 91290 
3091 91290 
3092 91290 
3093 91290 
3094 91290 
3095 91290 
3096 91290 
3097 91290 
3098 91290 
3099 91290 
3100 91290 
3101 91290 
3102 91290 
3103 91290 
3104 91290 
3105 91290 
3106 91290 
3107 91290 
3108 91290 
3109 91290 
3110 91290 
3111 91290 
3112 91290 
3113 91290 
3114 91290 
3115 91290 
3116 91290 
3117 91290 
3118 91290 
3119 91290 
3120 91290 
3121 91290 
3122 91290 
3123 91290 
3124 91290 
3125 91290 
3126 91290 
3127 91290 
3128 91290 
3129 91290 
3130 91290 
3131 91290 
3132 91290 
3133 91290 
3134 91290 
3135 91290 
3136 91290 
3137 91290 
3138 91290 
3139 91290 
3140 91290 
3141 91290 
3142 91290 
3143 91290 
3144 91290 
3145 91290 
3146 91290 
3147 91290 
3148 91290 
3149 91290 
3150 91290 
3151 91290 
3152 91290 
3153 91290 
3154 91290 
3155 91290 
3156 91290 
3157 91290 
3158 91290 
3159 91290 
3160 91290 
3161 91290 
3162 91290 
3163 91290 
3164 91290 
3165 91290 
3166 91290 
3167 91290 
3168 91290 
3169 91290 
3170 91290 
3171 91290 
3172 91290 
3173 91290 
3174 91290 
3175 91290 
3176 91290 
3177 91290 
3178 91290 
3179 91290 
3180 91290 
3181 91290 
3182 91290 
3183 91290 
3184 91290 
3185 91290 
3186 91290 
3187 91290 
3188 91290 
3189 91290 
3190 91290 
3191 91290 
3192 91290 
3193 91290 
3194 91290 
3195 91290 

