0 132180 
1 131880 
2 131480 
3 130970 
4 130880 
5 130680 
6 130280 
7 130170 
8 129360 
9 129060 
10 128060 
11 127960 
12 127760 
13 127560 
14 126520 
15 126270 
16 126170 
17 125970 
18 125770 
19 125570 
20 125170 
21 124970 
22 124970 
23 124710 
24 124640 
25 124250 
26 124150 
27 124090 
28 123990 
29 123790 
30 123590 
31 123390 
32 123190 
33 122290 
34 122090 
35 122080 
36 121380 
37 121180 
38 120980 
39 120980 
40 120780 
41 120380 
42 120180 
43 120080 
44 119880 
45 119280 
46 119080 
47 118780 
48 118340 
49 118340 
50 118140 
51 117940 
52 117940 
53 117840 
54 117640 
55 117440 
56 117340 
57 116940 
58 116780 
59 116380 
60 116080 
61 115880 
62 115580 
63 114780 
64 114680 
65 113880 
66 113780 
67 113580 
68 113380 
69 113380 
70 113250 
71 113200 
72 112800 
73 112280 
74 112180 
75 112080 
76 111980 
77 111980 
78 111880 
79 111680 
80 111280 
81 111170 
82 110970 
83 110770 
84 110570 
85 110470 
86 110070 
87 109670 
88 109470 
89 109270 
90 109070 
91 108670 
92 108570 
93 108370 
94 108170 
95 108070 
96 107870 
97 107470 
98 107270 
99 107270 
100 106870 
101 106670 
102 106270 
103 105970 
104 105870 
105 105670 
106 105270 
107 104750 
108 104450 
109 104450 
110 104050 
111 103850 
112 103750 
113 103750 
114 103550 
115 103550 
116 103450 
117 103250 
118 102550 
119 102550 
120 102150 
121 101950 
122 101550 
123 101150 
124 100950 
125 100050 
126 99950 
127 99850 
128 99650 
129 99450 
130 99450 
131 99350 
132 98750 
133 98550 
134 98350 
135 98150 
136 98050 
137 97950 
138 97650 
139 97650 
140 97550 
141 97450 
142 97050 
143 97050 
144 96850 
145 96580 
146 96380 
147 96280 
148 96280 
149 95480 
150 95480 
151 95280 
152 95080 
153 95080 
154 94680 
155 94480 
156 94480 
157 94480 
158 94080 
159 93880 
160 93480 
161 93480 
162 93480 
163 93480 
164 93280 
165 92480 
166 92480 
167 92480 
168 92480 
169 92480 
170 92280 
171 92280 
172 92280 
173 92280 
174 92280 
175 92280 
176 92280 
177 92280 
178 92280 
179 92280 
180 92280 
181 92280 
182 92280 
183 91680 
184 91680 
185 91680 
186 91680 
187 91680 
188 91680 
189 91680 
190 91680 
191 91680 
192 91680 
193 91680 
194 91680 
195 91680 
196 91680 
197 91680 
198 91680 
199 91680 
200 91680 
201 91680 
202 91680 
203 91680 
204 91680 
205 91680 
206 91680 
207 91680 
208 91680 
209 91680 
210 91680 
211 91680 
212 91680 
213 91680 
214 91680 
215 91680 
216 91680 
217 91680 
218 91680 
219 91680 
220 91680 
221 91680 
222 91680 
223 91680 
224 91680 
225 91680 
226 91680 
227 91680 
228 91680 
229 91680 
230 91680 
231 91680 
232 91680 
233 91680 
234 91680 
235 91680 
236 91680 
237 91680 
238 91680 
239 91680 
240 91680 
241 91680 
242 91680 
243 91680 
244 91680 
245 91680 
246 91680 
247 91680 
248 91680 
249 91680 
250 91680 
251 91680 
252 91680 
253 91680 
254 91680 
255 91680 
256 91680 
257 91680 
258 91680 
259 91680 
260 91680 
261 91680 
262 91680 
263 91680 
264 91680 
265 91680 
266 91680 
267 91680 
268 91680 
269 91680 
270 91680 
271 91680 
272 91680 
273 91680 
274 91680 
275 91680 
276 91680 
277 91680 
278 91680 
279 91680 
280 91680 
281 91680 
282 91680 
283 91680 
284 91680 
285 91680 
286 91680 
287 91680 
288 91680 
289 91680 
290 91680 
291 91680 
292 91680 
293 91680 
294 91680 
295 91680 
296 91680 
297 91680 
298 91680 
299 91680 
300 91680 
301 91680 
302 91680 
303 91680 
304 91680 
305 91680 
306 91680 
307 91680 
308 91680 
309 91680 
310 91680 
311 91680 
312 91680 
313 91680 
314 91680 
315 91680 
316 91680 
317 91680 
318 91680 
319 91680 
320 91680 
321 91680 
322 91680 
323 91680 
324 91680 
325 91680 
326 91680 
327 91680 
328 91680 
329 91680 
330 91680 
331 91680 
332 91680 
333 91680 
334 91680 
335 91680 
336 91680 
337 91680 
338 91680 
339 91680 
340 91680 
341 91680 
342 91680 
343 91680 
344 91680 
345 91680 
346 91680 
347 91680 
348 91680 
349 91680 
350 91680 
351 91680 
352 91680 
353 91680 
354 91680 
355 91680 
356 91680 
357 91680 
358 91680 
359 91680 
360 91680 
361 91680 
362 91680 
363 91680 
364 91680 
365 91680 
366 91680 
367 91680 
368 91680 
369 91680 
370 91680 
371 91680 
372 91680 
373 91680 
374 91680 
375 91680 
376 91680 
377 91680 
378 91680 
379 91680 
380 91680 
381 91680 
382 91680 
383 91680 
384 91680 
385 91680 
386 91680 
387 91680 
388 91680 
389 91680 
390 91680 
391 91680 
392 91680 
393 91680 
394 91680 
395 91680 
396 91680 
397 91680 
398 91680 
399 91680 
400 91680 
401 91680 
402 91680 
403 91680 
404 91680 
405 91680 
406 91680 
407 91680 
408 91680 
409 91680 
410 91680 
411 91680 
412 91680 
413 91680 
414 91680 
415 91680 
416 91680 
417 91680 
418 91680 
419 91680 
420 91680 
421 91680 
422 91680 
423 91680 
424 91680 
425 91680 
426 91680 
427 91680 
428 91680 
429 91680 
430 91680 
431 91680 
432 91680 
433 91680 
434 91680 
435 91680 
436 91680 
437 91680 
438 91680 
439 91680 
440 91680 
441 91680 
442 91680 
443 91680 
444 91680 
445 91680 
446 91680 
447 91680 
448 91680 
449 91680 
450 91680 
451 91680 
452 91680 
453 91680 
454 91680 
455 91680 
456 91680 
457 91680 
458 91680 
459 91680 
460 91680 
461 91680 
462 91680 
463 91680 
464 91680 
465 91680 
466 91680 
467 91680 
468 91680 
469 91680 
470 91680 
471 91680 
472 91680 
473 91680 
474 91680 
475 91680 
476 91680 
477 91680 
478 91680 
479 91680 
480 91680 
481 91680 
482 91680 
483 91680 
484 91680 
485 91680 
486 91680 
487 91680 
488 91680 
489 91680 
490 91680 
491 91680 
492 91680 
493 91680 
494 91680 
495 91680 
496 91680 
497 91680 
498 91680 
499 91680 
500 91680 
501 91680 
502 91680 
503 91680 
504 91680 
505 91680 
506 91680 
507 91680 
508 91680 
509 91680 
510 91680 
511 91680 
512 91680 
513 91680 
514 91680 
515 91680 
516 91680 
517 91680 
518 91680 
519 91680 
520 91680 
521 91680 
522 91680 
523 91680 
524 91680 
525 91680 
526 91680 
527 91680 
528 91680 
529 91680 
530 91680 
531 91680 
532 91680 
533 91680 
534 91680 
535 91680 
536 91680 
537 91680 
538 91680 
539 91680 
540 91680 
541 91680 
542 91680 
543 91680 
544 91680 
545 91680 
546 91680 
547 91680 
548 91680 
549 91680 
550 91680 
551 91680 
552 91680 
553 91680 
554 91680 
555 91680 
556 91680 
557 91680 
558 91680 
559 91680 
560 91680 
561 91680 
562 91680 
563 91680 
564 91680 
565 91680 
566 91680 
567 91680 
568 91680 
569 91680 
570 91680 
571 91680 
572 91680 
573 91680 
574 91680 
575 91680 
576 91680 
577 91680 
578 91680 
579 91680 
580 91680 
581 91680 
582 91680 
583 91680 
584 91680 
585 91680 
586 91680 
587 91680 
588 91680 
589 91680 
590 91680 
591 91680 
592 91680 
593 91680 
594 91680 
595 91680 
596 91680 
597 91680 
598 91680 
599 91680 
600 91680 
601 91680 
602 91680 
603 91680 
604 91680 
605 91680 
606 91680 
607 91680 
608 91680 
609 91680 
610 91680 
611 91680 
612 91680 
613 91680 
614 91680 
615 91680 
616 91680 
617 91680 
618 91680 
619 91680 
620 91680 
621 91680 
622 91680 
623 91680 
624 91680 
625 91680 
626 91680 
627 91680 
628 91680 
629 91680 
630 91680 
631 91680 
632 91680 
633 91680 
634 91680 
635 91680 
636 91680 
637 91680 
638 91680 
639 91680 
640 91680 
641 91680 
642 91680 
643 91680 
644 91680 
645 91680 
646 91680 
647 91680 
648 91680 
649 91680 
650 91680 
651 91680 
652 91680 
653 91680 
654 91680 
655 91680 
656 91680 
657 91680 
658 91680 
659 91680 
660 91680 
661 91680 
662 91680 
663 91680 
664 91680 
665 91680 
666 91680 
667 91680 
668 91680 
669 91680 
670 91680 
671 91680 
672 91680 
673 91680 
674 91680 
675 91680 
676 91680 
677 91680 
678 91680 
679 91680 
680 91680 
681 91680 
682 91680 
683 91680 
684 91680 
685 91680 
686 91680 
687 91680 
688 91680 
689 91680 
690 91680 
691 91680 
692 91680 
693 91680 
694 91680 
695 91680 
696 91680 
697 91680 
698 91680 
699 91680 
700 91680 
701 91680 
702 91680 
703 91680 
704 91680 
705 91680 
706 91680 
707 91680 
708 91680 
709 91680 
710 91680 
711 91680 
712 91680 
713 91680 
714 91680 
715 91680 
716 91680 
717 91680 
718 91680 
719 91680 
720 91680 
721 91680 
722 91680 
723 91680 
724 91680 
725 91680 
726 91680 
727 91680 
728 91680 
729 91680 
730 91680 
731 91680 
732 91680 
733 91680 
734 91680 
735 91680 
736 91680 
737 91680 
738 91680 
739 91680 
740 91680 
741 91680 
742 91680 
743 91680 
744 91680 
745 91680 
746 91680 
747 91680 
748 91680 
749 91680 
750 91680 
751 91680 
752 91680 
753 91680 
754 91680 
755 91680 
756 91680 
757 91680 
758 91680 
759 91680 
760 91680 
761 91680 
762 91680 
763 91680 
764 91680 
765 91680 
766 91680 
767 91680 
768 91680 
769 91680 
770 91680 
771 91680 
772 91680 
773 91680 
774 91680 
775 91680 
776 91680 
777 91680 
778 91680 
779 91680 
780 91680 
781 91680 
782 91680 
783 91680 
784 91680 
785 91680 
786 91680 
787 91680 
788 91680 
789 91680 
790 91680 
791 91680 
792 91680 
793 91680 
794 91680 
795 91680 
796 91680 
797 91680 
798 91680 
799 91680 
800 91680 
801 91680 
802 91680 
803 91680 
804 91680 
805 91680 
806 91680 
807 91680 
808 91680 
809 91680 
810 91680 
811 91680 
812 91680 
813 91680 
814 91680 
815 91680 
816 91680 
817 91680 
818 91680 
819 91680 
820 91680 
821 91680 
822 91680 
823 91680 
824 91680 
825 91680 
826 91680 
827 91680 
828 91680 
829 91680 
830 91680 
831 91680 
832 91680 
833 91680 
834 91680 
835 91680 
836 91680 
837 91680 
838 91680 
839 91680 
840 91680 
841 91680 
842 91680 
843 91680 
844 91680 
845 91680 
846 91680 
847 91680 
848 91680 
849 91680 
850 91680 
851 91680 
852 91680 
853 91680 
854 91680 
855 91680 
856 91680 
857 91680 
858 91680 
859 91680 
860 91680 
861 91680 
862 91680 
863 91680 
864 91680 
865 91680 
866 91680 
867 91680 
868 91680 
869 91680 
870 91680 
871 91680 
872 91680 
873 91680 
874 91680 
875 91680 
876 91680 
877 91680 
878 91680 
879 91680 
880 91680 
881 91680 
882 91680 
883 91680 
884 91680 
885 91680 
886 91680 
887 91680 
888 91680 
889 91680 
890 91680 
891 91680 
892 91680 
893 91680 
894 91680 
895 91680 
896 91680 
897 91680 
898 91680 
899 91680 
900 91680 
901 91680 
902 91680 
903 91680 
904 91680 
905 91680 
906 91680 
907 91680 
908 91680 
909 91680 
910 91680 
911 91680 
912 91680 
913 91680 
914 91680 
915 91680 
916 91680 
917 91680 
918 91680 
919 91680 
920 91680 
921 91680 
922 91680 
923 91680 
924 91680 
925 91680 
926 91680 
927 91680 
928 91680 
929 91680 
930 91680 
931 91680 
932 91680 
933 91680 
934 91680 
935 91680 
936 91680 
937 91680 
938 91680 
939 91680 
940 91680 
941 91680 
942 91680 
943 91680 
944 91680 
945 91680 
946 91680 
947 91680 
948 91680 
949 91680 
950 91680 
951 91680 
952 91680 
953 91680 
954 91680 
955 91680 
956 91680 
957 91680 
958 91680 
959 91680 
960 91680 
961 91680 
962 91680 
963 91680 
964 91680 
965 91680 
966 91680 
967 91680 
968 91680 
969 91680 
970 91680 
971 91680 
972 91680 
973 91680 
974 91680 
975 91680 
976 91680 
977 91680 
978 91680 
979 91680 
980 91680 
981 91680 
982 91680 
983 91680 
984 91680 
985 91680 
986 91680 
987 91680 
988 91680 
989 91680 
990 91680 
991 91680 
992 91680 
993 91680 
994 91680 
995 91680 
996 91680 
997 91680 
998 91680 
999 91680 
1000 91680 
1001 91680 
1002 91680 
1003 91680 
1004 91680 
1005 91680 
1006 91680 
1007 91680 
1008 91680 
1009 91680 
1010 91680 
1011 91680 
1012 91680 
1013 91680 
1014 91680 
1015 91680 
1016 91680 
1017 91680 
1018 91680 
1019 91680 
1020 91680 
1021 91680 
1022 91680 
1023 91680 
1024 91680 
1025 91680 
1026 91680 
1027 91680 
1028 91680 
1029 91680 
1030 91680 
1031 91680 
1032 91680 
1033 91680 
1034 91680 
1035 91680 
1036 91680 
1037 91680 
1038 91680 
1039 91680 
1040 91680 
1041 91680 
1042 91680 
1043 91680 
1044 91680 
1045 91680 
1046 91680 
1047 91680 
1048 91680 
1049 91680 
1050 91680 
1051 91680 
1052 91680 
1053 91680 
1054 91680 
1055 91680 
1056 91680 
1057 91680 
1058 91680 
1059 91680 
1060 91680 
1061 91680 
1062 91680 
1063 91680 
1064 91680 
1065 91680 
1066 91680 
1067 91680 
1068 91680 
1069 91680 
1070 91680 
1071 91680 
1072 91680 
1073 91680 
1074 91680 
1075 91680 
1076 91680 
1077 91680 
1078 91680 
1079 91680 
1080 91680 
1081 91680 
1082 91680 
1083 91680 
1084 91680 
1085 91680 
1086 91680 
1087 91680 
1088 91680 
1089 91680 
1090 91680 
1091 91680 
1092 91680 
1093 91680 
1094 91680 
1095 91680 
1096 91680 
1097 91680 
1098 91680 
1099 91680 
1100 91680 
1101 91680 
1102 91680 
1103 91680 
1104 91680 
1105 91680 
1106 91680 
1107 91680 
1108 91680 
1109 91680 
1110 91680 
1111 91680 
1112 91680 
1113 91680 
1114 91680 
1115 91680 
1116 91680 
1117 91680 
1118 91680 
1119 91680 
1120 91680 
1121 91680 
1122 91680 
1123 91680 
1124 91680 
1125 91680 
1126 91680 
1127 91680 
1128 91680 
1129 91680 
1130 91680 
1131 91680 
1132 91680 
1133 91680 
1134 91680 
1135 91680 
1136 91680 
1137 91680 
1138 91680 
1139 91680 
1140 91680 
1141 91680 
1142 91680 
1143 91680 
1144 91680 
1145 91680 
1146 91680 
1147 91680 
1148 91680 
1149 91680 
1150 91680 
1151 91680 
1152 91680 
1153 91680 
1154 91680 
1155 91680 
1156 91680 
1157 91680 
1158 91680 
1159 91680 
1160 91680 
1161 91680 
1162 91680 
1163 91680 
1164 91680 
1165 91680 
1166 91680 
1167 91680 
1168 91680 
1169 91680 
1170 91680 
1171 91680 
1172 91680 
1173 91680 
1174 91680 
1175 91680 
1176 91680 
1177 91680 
1178 91680 
1179 91680 
1180 91680 
1181 91680 
1182 91680 
1183 91680 
1184 91680 
1185 91680 
1186 91680 
1187 91680 
1188 91680 
1189 91680 
1190 91680 
1191 91680 
1192 91680 
1193 91680 
1194 91680 
1195 91680 
1196 91680 
1197 91680 
1198 91680 
1199 91680 
1200 91680 
1201 91680 
1202 91680 
1203 91680 
1204 91680 
1205 91680 
1206 91680 
1207 91680 
1208 91680 
1209 91680 
1210 91680 
1211 91680 
1212 91680 
1213 91680 
1214 91680 
1215 91680 
1216 91680 
1217 91680 
1218 91680 
1219 91680 
1220 91680 
1221 91680 
1222 91680 
1223 91680 
1224 91680 
1225 91680 
1226 91680 
1227 91680 
1228 91680 
1229 91680 
1230 91680 
1231 91680 
1232 91680 
1233 91680 
1234 91680 
1235 91680 
1236 91680 
1237 91680 
1238 91680 
1239 91680 
1240 91680 
1241 91680 
1242 91680 
1243 91680 
1244 91680 
1245 91680 
1246 91680 
1247 91680 
1248 91680 
1249 91680 
1250 91680 
1251 91680 
1252 91680 
1253 91680 
1254 91680 
1255 91680 
1256 91680 
1257 91680 
1258 91680 
1259 91680 
1260 91680 
1261 91680 
1262 91680 
1263 91680 
1264 91680 
1265 91680 
1266 91680 
1267 91680 
1268 91680 
1269 91680 
1270 91680 
1271 91680 
1272 91680 
1273 91680 
1274 91680 
1275 91680 
1276 91680 
1277 91680 
1278 91680 
1279 91680 
1280 91680 
1281 91680 
1282 91680 
1283 91680 
1284 91680 
1285 91680 
1286 91680 
1287 91680 
1288 91680 
1289 91680 
1290 91680 
1291 91680 
1292 91680 
1293 91680 
1294 91680 
1295 91680 
1296 91680 
1297 91680 
1298 91680 
1299 91680 
1300 91680 
1301 91680 
1302 91680 
1303 91680 
1304 91680 
1305 91680 
1306 91680 
1307 91680 
1308 91680 
1309 91680 
1310 91680 
1311 91680 
1312 91680 
1313 91680 
1314 91680 
1315 91680 
1316 91680 
1317 91680 
1318 91680 
1319 91680 
1320 91680 
1321 91680 
1322 91680 
1323 91680 
1324 91680 
1325 91680 
1326 91680 
1327 91680 
1328 91680 
1329 91680 
1330 91680 
1331 91680 
1332 91680 
1333 91680 
1334 91680 
1335 91680 
1336 91680 
1337 91680 
1338 91680 
1339 91680 
1340 91680 
1341 91680 
1342 91680 
1343 91680 
1344 91680 
1345 91680 
1346 91680 
1347 91680 
1348 91680 
1349 91680 
1350 91680 
1351 91680 
1352 91680 
1353 91680 
1354 91680 
1355 91680 
1356 91680 
1357 91680 
1358 91680 
1359 91680 
1360 91680 
1361 91680 
1362 91680 
1363 91680 
1364 91680 
1365 91680 
1366 91680 
1367 91680 
1368 91680 
1369 91680 
1370 91680 
1371 91680 
1372 91680 
1373 91680 
1374 91680 
1375 91680 
1376 91680 
1377 91680 
1378 91680 
1379 91680 
1380 91680 
1381 91680 
1382 91680 
1383 91680 
1384 91680 
1385 91680 
1386 91680 
1387 91680 
1388 91680 
1389 91680 
1390 91680 
1391 91680 
1392 91680 
1393 91680 
1394 91680 
1395 91680 
1396 91680 
1397 91680 
1398 91680 
1399 91680 
1400 91680 
1401 91680 
1402 91680 
1403 91680 
1404 91680 
1405 91680 
1406 91680 
1407 91680 
1408 91680 
1409 91680 
1410 91680 
1411 91680 
1412 91680 
1413 91680 
1414 91680 
1415 91680 
1416 91680 
1417 91680 
1418 91680 
1419 91680 
1420 91680 
1421 91680 
1422 91680 
1423 91680 
1424 91680 
1425 91680 
1426 91680 
1427 91680 
1428 91680 
1429 91680 
1430 91680 
1431 91680 
1432 91680 
1433 91680 
1434 91680 
1435 91680 
1436 91680 
1437 91680 
1438 91680 
1439 91680 
1440 91680 
1441 91680 
1442 91680 
1443 91680 
1444 91680 
1445 91680 
1446 91680 
1447 91680 
1448 91680 
1449 91680 
1450 91680 
1451 91680 
1452 91680 
1453 91680 
1454 91680 
1455 91680 
1456 91680 
1457 91680 
1458 91680 
1459 91680 
1460 91680 
1461 91680 
1462 91680 
1463 91680 
1464 91680 
1465 91680 
1466 91680 
1467 91680 
1468 91680 
1469 91680 
1470 91680 
1471 91680 
1472 91680 
1473 91680 
1474 91680 
1475 91680 
1476 91680 
1477 91680 
1478 91680 
1479 91680 
1480 91680 
1481 91680 
1482 91680 
1483 91680 
1484 91680 
1485 91680 
1486 91680 
1487 91680 
1488 91680 
1489 91680 
1490 91680 
1491 91680 
1492 91680 
1493 91680 
1494 91680 
1495 91680 
1496 91680 
1497 91680 
1498 91680 
1499 91680 
1500 91680 
1501 91680 
1502 91680 
1503 91680 
1504 91680 
1505 91680 
1506 91680 
1507 91680 
1508 91680 
1509 91680 
1510 91680 
1511 91680 
1512 91680 
1513 91680 
1514 91680 
1515 91680 
1516 91680 
1517 91680 
1518 91680 
1519 91680 
1520 91680 
1521 91680 
1522 91680 
1523 91680 
1524 91680 
1525 91680 
1526 91680 
1527 91680 
1528 91680 
1529 91680 
1530 91680 
1531 91680 
1532 91680 
1533 91680 
1534 91680 
1535 91680 
1536 91680 
1537 91680 
1538 91680 
1539 91680 
1540 91680 
1541 91680 
1542 91680 
1543 91680 
1544 91680 
1545 91680 
1546 91680 
1547 91680 
1548 91680 
1549 91680 
1550 91680 
1551 91680 
1552 91680 
1553 91680 
1554 91680 
1555 91680 
1556 91680 
1557 91680 
1558 91680 
1559 91680 
1560 91680 
1561 91680 
1562 91680 
1563 91680 
1564 91680 
1565 91680 
1566 91680 
1567 91680 
1568 91680 
1569 91680 
1570 91680 
1571 91680 
1572 91680 
1573 91680 
1574 91680 
1575 91680 
1576 91680 
1577 91680 
1578 91680 
1579 91680 
1580 91680 
1581 91680 
1582 91680 
1583 91680 
1584 91680 
1585 91680 
1586 91680 
1587 91680 
1588 91680 
1589 91680 
1590 91680 
1591 91680 
1592 91680 
1593 91680 
1594 91680 
1595 91680 
1596 91680 
1597 91680 
1598 91680 
1599 91680 
1600 91680 
1601 91680 
1602 91680 
1603 91680 
1604 91680 
1605 91680 
1606 91680 
1607 91680 
1608 91680 
1609 91680 
1610 91680 
1611 91680 
1612 91680 
1613 91680 
1614 91680 
1615 91680 
1616 91680 
1617 91680 
1618 91680 
1619 91680 
1620 91680 
1621 91680 
1622 91680 
1623 91680 
1624 91680 
1625 91680 
1626 91680 
1627 91680 
1628 91680 
1629 91680 
1630 91680 
1631 91680 
1632 91680 
1633 91680 
1634 91680 
1635 91680 
1636 91680 
1637 91680 
1638 91680 
1639 91680 
1640 91680 
1641 91680 
1642 91680 
1643 91680 
1644 91680 
1645 91680 
1646 91680 
1647 91680 
1648 91680 
1649 91680 
1650 91680 
1651 91680 
1652 91680 
1653 91680 
1654 91680 
1655 91680 
1656 91680 
1657 91680 
1658 91680 
1659 91680 
1660 91680 
1661 91680 
1662 91680 
1663 91680 
1664 91680 
1665 91680 
1666 91680 
1667 91680 
1668 91680 
1669 91680 
1670 91680 
1671 91680 
1672 91680 
1673 91680 
1674 91680 
1675 91680 
1676 91680 
1677 91680 
1678 91680 
1679 91680 
1680 91680 
1681 91680 
1682 91680 
1683 91680 
1684 91680 
1685 91680 
1686 91680 
1687 91680 
1688 91680 
1689 91680 
1690 91680 
1691 91680 
1692 91680 
1693 91680 
1694 91680 
1695 91680 
1696 91680 
1697 91680 
1698 91680 
1699 91680 
1700 91680 
1701 91680 
1702 91680 
1703 91680 
1704 91680 
1705 91680 
1706 91680 
1707 91680 
1708 91680 
1709 91680 
1710 91680 
1711 91680 
1712 91680 
1713 91680 
1714 91680 
1715 91680 
1716 91680 
1717 91680 
1718 91680 
1719 91680 
1720 91680 
1721 91680 
1722 91680 
1723 91680 
1724 91680 
1725 91680 
1726 91680 
1727 91680 
1728 91680 
1729 91680 
1730 91680 
1731 91680 
1732 91680 
1733 91680 
1734 91680 
1735 91680 
1736 91680 
1737 91680 
1738 91680 
1739 91680 
1740 91680 
1741 91680 
1742 91680 
1743 91680 
1744 91680 
1745 91680 
1746 91680 
1747 91680 
1748 91680 
1749 91680 
1750 91680 
1751 91680 
1752 91680 
1753 91680 
1754 91680 
1755 91680 
1756 91680 
1757 91680 
1758 91680 
1759 91680 
1760 91680 
1761 91680 
1762 91680 
1763 91680 
1764 91680 
1765 91680 
1766 91680 
1767 91680 
1768 91680 
1769 91680 
1770 91680 
1771 91680 
1772 91680 
1773 91680 
1774 91680 
1775 91680 
1776 91680 
1777 91680 
1778 91680 
1779 91680 
1780 91680 
1781 91680 
1782 91680 
1783 91680 
1784 91680 
1785 91680 
1786 91680 
1787 91680 
1788 91680 
1789 91680 
1790 91680 
1791 91680 
1792 91680 
1793 91680 
1794 91680 
1795 91680 
1796 91680 
1797 91680 
1798 91680 
1799 91680 
1800 91680 
1801 91680 
1802 91680 
1803 91680 
1804 91680 
1805 91680 
1806 91680 
1807 91680 
1808 91680 
1809 91680 
1810 91680 
1811 91680 
1812 91680 
1813 91680 
1814 91680 
1815 91680 
1816 91680 
1817 91680 
1818 91680 
1819 91680 
1820 91680 
1821 91680 
1822 91680 
1823 91680 
1824 91680 
1825 91680 
1826 91680 
1827 91680 
1828 91680 
1829 91680 
1830 91680 
1831 91680 
1832 91680 
1833 91680 
1834 91680 
1835 91680 
1836 91680 
1837 91680 
1838 91680 
1839 91680 
1840 91680 
1841 91680 
1842 91680 
1843 91680 
1844 91680 
1845 91680 
1846 91680 
1847 91680 
1848 91680 
1849 91680 
1850 91680 
1851 91680 
1852 91680 
1853 91680 
1854 91680 
1855 91680 
1856 91680 
1857 91680 
1858 91680 
1859 91680 
1860 91680 
1861 91680 
1862 91680 
1863 91680 
1864 91680 
1865 91680 
1866 91680 
1867 91680 
1868 91680 
1869 91680 
1870 91680 
1871 91680 
1872 91680 
1873 91680 
1874 91680 
1875 91680 
1876 91680 
1877 91680 
1878 91680 
1879 91680 
1880 91680 
1881 91680 
1882 91680 
1883 91680 
1884 91680 
1885 91680 
1886 91680 
1887 91680 
1888 91680 
1889 91680 
1890 91680 
1891 91680 
1892 91680 
1893 91680 
1894 91680 
1895 91680 
1896 91680 
1897 91680 
1898 91680 
1899 91680 
1900 91680 
1901 91680 
1902 91680 
1903 91680 
1904 91680 
1905 91680 
1906 91680 
1907 91680 
1908 91680 
1909 91680 
1910 91680 
1911 91680 
1912 91680 
1913 91680 
1914 91680 
1915 91680 
1916 91680 
1917 91680 
1918 91680 
1919 91680 
1920 91680 
1921 91680 
1922 91680 
1923 91680 
1924 91680 
1925 91680 
1926 91680 
1927 91680 
1928 91680 
1929 91680 
1930 91680 
1931 91680 
1932 91680 
1933 91680 
1934 91680 
1935 91680 
1936 91680 
1937 91680 
1938 91680 
1939 91680 
1940 91680 
1941 91680 
1942 91680 
1943 91680 
1944 91680 
1945 91680 
1946 91680 
1947 91680 
1948 91680 
1949 91680 
1950 91680 
1951 91680 
1952 91680 
1953 91680 
1954 91680 
1955 91680 
1956 91680 
1957 91680 
1958 91680 
1959 91680 
1960 91680 
1961 91680 
1962 91680 
1963 91680 
1964 91680 
1965 91680 
1966 91680 
1967 91680 
1968 91680 
1969 91680 
1970 91680 
1971 91680 
1972 91680 
1973 91680 
1974 91680 
1975 91680 
1976 91680 
1977 91680 
1978 91680 
1979 91680 
1980 91680 
1981 91680 
1982 91680 
1983 91680 
1984 91680 
1985 91680 
1986 91680 
1987 91680 
1988 91680 
1989 91680 
1990 91680 
1991 91680 
1992 91680 
1993 91680 
1994 91680 
1995 91680 
1996 91680 
1997 91680 
1998 91680 
1999 91680 
2000 91680 
2001 91680 
2002 91680 
2003 91680 
2004 91680 
2005 91680 
2006 91680 
2007 91680 
2008 91680 
2009 91680 
2010 91680 
2011 91680 
2012 91680 
2013 91680 
2014 91680 
2015 91680 
2016 91680 
2017 91680 
2018 91680 
2019 91680 
2020 91680 
2021 91680 
2022 91680 
2023 91680 
2024 91680 
2025 91680 
2026 91680 
2027 91680 
2028 91680 
2029 91680 
2030 91680 
2031 91680 
2032 91680 
2033 91680 
2034 91680 
2035 91680 
2036 91680 
2037 91680 
2038 91680 
2039 91680 
2040 91680 
2041 91680 
2042 91680 
2043 91680 
2044 91680 
2045 91680 
2046 91680 
2047 91680 
2048 91680 
2049 91680 
2050 91680 
2051 91680 
2052 91680 
2053 91680 
2054 91680 
2055 91680 
2056 91680 
2057 91680 
2058 91680 
2059 91680 
2060 91680 
2061 91680 
2062 91680 
2063 91680 
2064 91680 
2065 91680 
2066 91680 
2067 91680 
2068 91680 
2069 91680 
2070 91680 
2071 91680 
2072 91680 
2073 91680 
2074 91680 
2075 91680 
2076 91680 
2077 91680 
2078 91680 
2079 91680 
2080 91680 
2081 91680 
2082 91680 
2083 91680 
2084 91680 
2085 91680 
2086 91680 
2087 91680 
2088 91680 
2089 91680 
2090 91680 
2091 91680 
2092 91680 
2093 91680 
2094 91680 
2095 91680 
2096 91680 
2097 91680 
2098 91680 
2099 91680 
2100 91680 
2101 91680 
2102 91680 
2103 91680 
2104 91680 
2105 91680 
2106 91680 
2107 91680 
2108 91680 
2109 91680 
2110 91680 
2111 91680 
2112 91680 
2113 91680 
2114 91680 
2115 91680 
2116 91680 
2117 91680 
2118 91680 
2119 91680 
2120 91680 
2121 91680 
2122 91680 
2123 91680 
2124 91680 
2125 91680 
2126 91680 
2127 91680 
2128 91680 
2129 91680 
2130 91680 
2131 91680 
2132 91680 
2133 91680 
2134 91680 
2135 91680 
2136 91680 
2137 91680 
2138 91680 
2139 91680 
2140 91680 
2141 91680 
2142 91680 
2143 91680 
2144 91680 
2145 91680 
2146 91680 
2147 91680 
2148 91680 
2149 91680 
2150 91680 
2151 91680 
2152 91680 
2153 91680 
2154 91680 
2155 91680 
2156 91680 
2157 91680 
2158 91680 
2159 91680 
2160 91680 
2161 91680 
2162 91680 
2163 91680 
2164 91680 
2165 91680 
2166 91680 
2167 91680 
2168 91680 
2169 91680 
2170 91680 
2171 91680 
2172 91680 
2173 91680 
2174 91680 
2175 91680 
2176 91680 
2177 91680 
2178 91680 
2179 91680 
2180 91680 
2181 91680 
2182 91680 
2183 91680 
2184 91680 
2185 91680 
2186 91680 
2187 91680 
2188 91680 
2189 91680 
2190 91680 
2191 91680 
2192 91680 
2193 91680 
2194 91680 
2195 91680 
2196 91680 
2197 91680 
2198 91680 
2199 91680 
2200 91680 
2201 91680 
2202 91680 
2203 91680 
2204 91680 
2205 91680 
2206 91680 
2207 91680 
2208 91680 
2209 91680 
2210 91680 
2211 91680 
2212 91680 
2213 91680 
2214 91680 
2215 91680 
2216 91680 
2217 91680 
2218 91680 
2219 91680 
2220 91680 
2221 91680 
2222 91680 
2223 91680 
2224 91680 
2225 91680 
2226 91680 
2227 91680 
2228 91680 
2229 91680 
2230 91680 
2231 91680 
2232 91680 
2233 91680 
2234 91680 
2235 91680 
2236 91680 
2237 91680 
2238 91680 
2239 91680 
2240 91680 
2241 91680 
2242 91680 
2243 91680 
2244 91680 
2245 91680 
2246 91680 
2247 91680 
2248 91680 
2249 91680 
2250 91680 
2251 91680 
2252 91680 
2253 91680 
2254 91680 
2255 91680 
2256 91680 
2257 91680 
2258 91680 
2259 91680 
2260 91680 
2261 91680 
2262 91680 
2263 91680 
2264 91680 
2265 91680 
2266 91680 
2267 91680 
2268 91680 
2269 91680 
2270 91680 
2271 91680 
2272 91680 
2273 91680 
2274 91680 
2275 91680 
2276 91680 
2277 91680 
2278 91680 
2279 91680 
2280 91680 
2281 91680 
2282 91680 
2283 91680 
2284 91680 
2285 91680 
2286 91680 
2287 91680 
2288 91680 
2289 91680 
2290 91680 
2291 91680 
2292 91680 
2293 91680 
2294 91680 
2295 91680 
2296 91680 
2297 91680 
2298 91680 
2299 91680 
2300 91680 
2301 91680 
2302 91680 
2303 91680 
2304 91680 
2305 91680 
2306 91680 
2307 91680 
2308 91680 
2309 91680 
2310 91680 
2311 91680 
2312 91680 
2313 91680 
2314 91680 
2315 91680 
2316 91680 
2317 91680 
2318 91680 
2319 91680 
2320 91680 
2321 91680 
2322 91680 
2323 91680 
2324 91680 
2325 91680 
2326 91680 
2327 91680 
2328 91680 
2329 91680 
2330 91680 
2331 91680 
2332 91680 
2333 91680 
2334 91680 
2335 91680 
2336 91680 
2337 91680 
2338 91680 
2339 91680 
2340 91680 
2341 91680 
2342 91680 
2343 91680 
2344 91680 
2345 91680 
2346 91680 
2347 91680 
2348 91680 
2349 91680 
2350 91680 
2351 91680 
2352 91680 
2353 91680 
2354 91680 
2355 91680 
2356 91680 
2357 91680 
2358 91680 
2359 91680 
2360 91680 
2361 91680 
2362 91680 
2363 91680 
2364 91680 
2365 91680 
2366 91680 
2367 91680 
2368 91680 
2369 91680 
2370 91680 
2371 91680 
2372 91680 
2373 91680 
2374 91680 
2375 91680 
2376 91680 
2377 91680 
2378 91680 
2379 91680 
2380 91680 
2381 91680 
2382 91680 
2383 91680 
2384 91680 
2385 91680 
2386 91680 
2387 91680 
2388 91680 
2389 91680 
2390 91680 
2391 91680 
2392 91680 
2393 91680 
2394 91680 
2395 91680 
2396 91680 
2397 91680 
2398 91680 
2399 91680 
2400 91680 
2401 91680 
2402 91680 
2403 91680 
2404 91680 
2405 91680 
2406 91680 
2407 91680 
2408 91680 
2409 91680 
2410 91680 
2411 91680 
2412 91680 
2413 91680 
2414 91680 
2415 91680 
2416 91680 
2417 91680 
2418 91680 
2419 91680 
2420 91680 
2421 91680 
2422 91680 
2423 91680 
2424 91680 
2425 91680 
2426 91680 
2427 91680 
2428 91680 
2429 91680 
2430 91680 
2431 91680 
2432 91680 
2433 91680 
2434 91680 
2435 91680 
2436 91680 
2437 91680 
2438 91680 
2439 91680 
2440 91680 
2441 91680 
2442 91680 
2443 91680 
2444 91680 
2445 91680 
2446 91680 
2447 91680 
2448 91680 
2449 91680 
2450 91680 
2451 91680 
2452 91680 
2453 91680 
2454 91680 
2455 91680 
2456 91680 
2457 91680 
2458 91680 
2459 91680 
2460 91680 
2461 91680 
2462 91680 
2463 91680 
2464 91680 
2465 91680 
2466 91680 
2467 91680 
2468 91680 
2469 91680 
2470 91680 
2471 91680 
2472 91680 
2473 91680 
2474 91680 
2475 91680 
2476 91680 
2477 91680 
2478 91680 
2479 91680 
2480 91680 
2481 91680 
2482 91680 
2483 91680 
2484 91680 
2485 91680 
2486 91680 
2487 91680 
2488 91680 
2489 91680 
2490 91680 
2491 91680 
2492 91680 
2493 91680 
2494 91680 
2495 91680 
2496 91680 
2497 91680 
2498 91680 
2499 91680 
2500 91680 
2501 91680 
2502 91680 
2503 91680 
2504 91680 
2505 91680 
2506 91680 
2507 91680 
2508 91680 
2509 91680 
2510 91680 
2511 91680 
2512 91680 
2513 91680 
2514 91680 
2515 91680 
2516 91680 
2517 91680 
2518 91680 
2519 91680 
2520 91680 
2521 91680 
2522 91680 
2523 91680 
2524 91680 
2525 91680 
2526 91680 
2527 91680 
2528 91680 
2529 91680 
2530 91680 
2531 91680 
2532 91680 
2533 91680 
2534 91680 
2535 91680 
2536 91680 
2537 91680 
2538 91680 
2539 91680 
2540 91680 
2541 91680 
2542 91680 
2543 91680 
2544 91680 
2545 91680 
2546 91680 
2547 91680 
2548 91680 
2549 91680 
2550 91680 
2551 91680 
2552 91680 
2553 91680 
2554 91680 
2555 91680 
2556 91680 
2557 91680 
2558 91680 
2559 91680 
2560 91680 
2561 91680 
2562 91680 
2563 91680 
2564 91680 
2565 91680 
2566 91680 
2567 91680 
2568 91680 
2569 91680 
2570 91680 
2571 91680 
2572 91680 
2573 91680 
2574 91680 
2575 91680 
2576 91680 
2577 91680 
2578 91680 
2579 91680 
2580 91680 
2581 91680 
2582 91680 
2583 91680 
2584 91680 
2585 91680 
2586 91680 
2587 91680 
2588 91680 
2589 91680 
2590 91680 
2591 91680 
2592 91680 
2593 91680 
2594 91680 
2595 91680 
2596 91680 
2597 91680 
2598 91680 
2599 91680 
2600 91680 
2601 91680 
2602 91680 
2603 91680 
2604 91680 
2605 91680 
2606 91680 
2607 91680 
2608 91680 
2609 91680 
2610 91680 
2611 91680 
2612 91680 
2613 91680 
2614 91680 
2615 91680 
2616 91680 
2617 91680 
2618 91680 
2619 91680 
2620 91680 
2621 91680 
2622 91680 
2623 91680 
2624 91680 
2625 91680 
2626 91680 
2627 91680 
2628 91680 
2629 91680 
2630 91680 
2631 91680 
2632 91680 
2633 91680 
2634 91680 
2635 91680 
2636 91680 
2637 91680 
2638 91680 
2639 91680 
2640 91680 
2641 91680 
2642 91680 
2643 91680 
2644 91680 
2645 91680 
2646 91680 
2647 91680 
2648 91680 
2649 91680 
2650 91680 
2651 91680 
2652 91680 
2653 91680 
2654 91680 
2655 91680 
2656 91680 
2657 91680 
2658 91680 
2659 91680 
2660 91680 
2661 91680 
2662 91680 
2663 91680 
2664 91680 
2665 91680 
2666 91680 
2667 91680 
2668 91680 
2669 91680 
2670 91680 
2671 91680 
2672 91680 
2673 91680 
2674 91680 
2675 91680 
2676 91680 
2677 91680 
2678 91680 
2679 91680 
2680 91680 
2681 91680 
2682 91680 
2683 91680 
2684 91680 
2685 91680 
2686 91680 
2687 91680 
2688 91680 
2689 91680 
2690 91680 
2691 91680 
2692 91680 
2693 91680 
2694 91680 
2695 91680 
2696 91680 
2697 91680 
2698 91680 
2699 91680 
2700 91680 
2701 91680 
2702 91680 
2703 91680 
2704 91680 
2705 91680 
2706 91680 
2707 91680 
2708 91680 
2709 91680 
2710 91680 
2711 91680 
2712 91680 
2713 91680 
2714 91680 
2715 91680 
2716 91680 
2717 91680 
2718 91680 
2719 91680 
2720 91680 
2721 91680 
2722 91680 
2723 91680 
2724 91680 
2725 91680 
2726 91680 
2727 91680 
2728 91680 
2729 91680 
2730 91680 
2731 91680 
2732 91680 
2733 91680 
2734 91680 
2735 91680 
2736 91680 
2737 91680 
2738 91680 
2739 91680 
2740 91680 
2741 91680 
2742 91680 
2743 91680 
2744 91680 
2745 91680 
2746 91680 
2747 91680 
2748 91680 
2749 91680 
2750 91680 
2751 91680 
2752 91680 
2753 91680 
2754 91680 
2755 91680 
2756 91680 
2757 91680 
2758 91680 
2759 91680 
2760 91680 
2761 91680 
2762 91680 
2763 91680 
2764 91680 
2765 91680 
2766 91680 
2767 91680 
2768 91680 
2769 91680 
2770 91680 
2771 91680 
2772 91680 
2773 91680 
2774 91680 
2775 91680 
2776 91680 
2777 91680 
2778 91680 
2779 91680 
2780 91680 
2781 91680 
2782 91680 
2783 91680 
2784 91680 
2785 91680 
2786 91680 
2787 91680 
2788 91680 
2789 91680 
2790 91680 
2791 91680 
2792 91680 
2793 91680 
2794 91680 
2795 91680 
2796 91680 
2797 91680 
2798 91680 
2799 91680 
2800 91680 
2801 91680 
2802 91680 
2803 91680 
2804 91680 
2805 91680 
2806 91680 
2807 91680 
2808 91680 
2809 91680 
2810 91680 
2811 91680 
2812 91680 
2813 91680 
2814 91680 
2815 91680 
2816 91680 
2817 91680 
2818 91680 
2819 91680 
2820 91680 
2821 91680 
2822 91680 
2823 91680 
2824 91680 
2825 91680 
2826 91680 
2827 91680 
2828 91680 
2829 91680 
2830 91680 
2831 91680 
2832 91680 
2833 91680 
2834 91680 
2835 91680 
2836 91680 
2837 91680 
2838 91680 
2839 91680 
2840 91680 
2841 91680 
2842 91680 
2843 91680 
2844 91680 
2845 91680 
2846 91680 
2847 91680 
2848 91680 
2849 91680 
2850 91680 
2851 91680 
2852 91680 
2853 91680 
2854 91680 
2855 91680 
2856 91680 
2857 91680 
2858 91680 
2859 91680 
2860 91680 
2861 91680 
2862 91680 
2863 91680 
2864 91680 
2865 91680 
2866 91680 
2867 91680 
2868 91680 
2869 91680 
2870 91680 
2871 91680 
2872 91680 
2873 91680 
2874 91680 
2875 91680 
2876 91680 
2877 91680 
2878 91680 
2879 91680 
2880 91680 
2881 91680 
2882 91680 
2883 91680 
2884 91680 
2885 91680 
2886 91680 
2887 91680 
2888 91680 
2889 91680 
2890 91680 
2891 91680 
2892 91680 
2893 91680 
2894 91680 
2895 91680 
2896 91680 
2897 91680 
2898 91680 
2899 91680 
2900 91680 
2901 91680 
2902 91680 
2903 91680 
2904 91680 
2905 91680 
2906 91680 
2907 91680 
2908 91680 
2909 91680 
2910 91680 
2911 91680 
2912 91680 
2913 91680 
2914 91680 
2915 91680 
2916 91680 
2917 91680 
2918 91680 
2919 91680 
2920 91680 
2921 91680 
2922 91680 
2923 91680 
2924 91680 
2925 91680 
2926 91680 
2927 91680 
2928 91680 
2929 91680 
2930 91680 
2931 91680 
2932 91680 
2933 91680 
2934 91680 
2935 91680 
2936 91680 
2937 91680 
2938 91680 
2939 91680 
2940 91680 
2941 91680 
2942 91680 
2943 91680 
2944 91680 
2945 91680 
2946 91680 
2947 91680 
2948 91680 
2949 91680 
2950 91680 
2951 91680 
2952 91680 
2953 91680 
2954 91680 
2955 91680 
2956 91680 
2957 91680 
2958 91680 
2959 91680 
2960 91680 
2961 91680 
2962 91680 
2963 91680 
2964 91680 
2965 91680 
2966 91680 
2967 91680 
2968 91680 
2969 91680 
2970 91680 
2971 91680 
2972 91680 
2973 91680 
2974 91680 
2975 91680 
2976 91680 
2977 91680 
2978 91680 
2979 91680 
2980 91680 
2981 91680 
2982 91680 
2983 91680 
2984 91680 
2985 91680 
2986 91680 
2987 91680 
2988 91680 
2989 91680 
2990 91680 
2991 91680 
2992 91680 
2993 91680 
2994 91680 
2995 91680 
2996 91680 
2997 91680 
2998 91680 
2999 91680 
3000 91680 
3001 91680 
3002 91680 
3003 91680 
3004 91680 
3005 91680 
3006 91680 
3007 91680 
3008 91680 
3009 91680 
3010 91680 
3011 91680 
3012 91680 
3013 91680 
3014 91680 
3015 91680 
3016 91680 
3017 91680 
3018 91680 
3019 91680 
3020 91680 
3021 91680 
3022 91680 
3023 91680 
3024 91680 
3025 91680 
3026 91680 
3027 91680 
3028 91680 
3029 91680 
3030 91680 
3031 91680 
3032 91680 
3033 91680 
3034 91680 
3035 91680 
3036 91680 
3037 91680 
3038 91680 
3039 91680 
3040 91680 
3041 91680 
3042 91680 
3043 91680 
3044 91680 
3045 91680 
3046 91680 
3047 91680 
3048 91680 
3049 91680 
3050 91680 
3051 91680 
3052 91680 
3053 91680 
3054 91680 
3055 91680 
3056 91680 
3057 91680 
3058 91680 
3059 91680 
3060 91680 
3061 91680 
3062 91680 
3063 91680 
3064 91680 
3065 91680 
3066 91680 
3067 91680 
3068 91680 
3069 91680 
3070 91680 
3071 91680 
3072 91680 
3073 91680 
3074 91680 
3075 91680 
3076 91680 
3077 91680 
3078 91680 
3079 91680 
3080 91680 
3081 91680 
3082 91680 
3083 91680 
3084 91680 
3085 91680 
3086 91680 
3087 91680 
3088 91680 
3089 91680 
3090 91680 
3091 91680 
3092 91680 
3093 91680 
3094 91680 
3095 91680 
3096 91680 
3097 91680 
3098 91680 
3099 91680 
3100 91680 
3101 91680 
3102 91680 
3103 91680 
3104 91680 
3105 91680 
3106 91680 
3107 91680 
3108 91680 
3109 91680 
3110 91680 
3111 91680 
3112 91680 
3113 91680 
3114 91680 
3115 91680 
3116 91680 
3117 91680 
3118 91680 
3119 91680 
3120 91680 
3121 91680 
3122 91680 
3123 91680 
3124 91680 
3125 91680 
3126 91680 
3127 91680 
3128 91680 
3129 91680 
3130 91680 
3131 91680 
3132 91680 
3133 91680 
3134 91680 
3135 91680 
3136 91680 
3137 91680 
3138 91680 
3139 91680 
3140 91680 
3141 91680 
3142 91680 
3143 91680 
3144 91680 
3145 91680 
3146 91680 
3147 91680 
3148 91680 
3149 91680 
3150 91680 
3151 91680 
3152 91680 
3153 91680 
3154 91680 
3155 91680 
3156 91680 
3157 91680 
3158 91680 
3159 91680 
3160 91680 
3161 91680 
3162 91680 
3163 91680 
3164 91680 
3165 91680 
3166 91680 
3167 91680 
3168 91680 
3169 91680 
3170 91680 
3171 91680 
3172 91680 
3173 91680 
3174 91680 
3175 91680 
3176 91680 
3177 91680 
3178 91680 
3179 91680 
3180 91680 
3181 91680 
3182 91680 
3183 91680 

