0 137620 
1 137560 
2 137360 
3 136560 
4 136360 
5 135700 
6 135600 
7 135400 
8 134700 
9 133600 
10 133200 
11 132600 
12 132400 
13 132100 
14 131900 
15 131800 
16 131410 
17 130950 
18 130550 
19 129950 
20 129750 
21 129250 
22 129250 
23 129000 
24 128690 
25 128520 
26 128220 
27 128110 
28 127310 
29 127230 
30 126910 
31 126510 
32 126410 
33 126310 
34 126210 
35 126110 
36 125810 
37 125310 
38 125110 
39 124810 
40 124610 
41 124210 
42 124130 
43 123430 
44 123330 
45 123210 
46 123110 
47 122950 
48 122910 
49 122710 
50 122630 
51 122430 
52 122330 
53 122130 
54 121730 
55 121730 
56 121530 
57 121230 
58 121230 
59 121130 
60 121030 
61 120950 
62 120950 
63 120490 
64 119980 
65 119980 
66 119880 
67 119680 
68 119680 
69 119580 
70 119480 
71 119280 
72 119080 
73 118980 
74 118910 
75 118710 
76 118510 
77 118390 
78 118090 
79 118090 
80 117690 
81 116690 
82 116190 
83 115960 
84 115890 
85 115660 
86 115360 
87 115160 
88 114760 
89 114490 
90 114290 
91 114190 
92 113990 
93 113940 
94 113640 
95 113340 
96 113140 
97 112740 
98 112740 
99 112540 
100 112070 
101 111570 
102 111370 
103 111270 
104 110970 
105 110370 
106 110270 
107 110270 
108 109870 
109 109070 
110 108960 
111 108560 
112 108470 
113 108410 
114 108350 
115 107950 
116 107750 
117 107550 
118 107350 
119 107050 
120 107050 
121 106950 
122 106450 
123 106250 
124 106150 
125 106050 
126 105750 
127 104820 
128 104520 
129 104320 
130 103920 
131 103720 
132 103320 
133 103120 
134 103120 
135 102920 
136 102920 
137 102720 
138 102520 
139 102320 
140 102320 
141 102120 
142 101920 
143 101620 
144 101420 
145 101020 
146 100920 
147 100620 
148 100420 
149 100320 
150 100320 
151 100120 
152 99720 
153 99320 
154 98920 
155 98720 
156 98520 
157 97520 
158 97520 
159 97320 
160 97320 
161 97320 
162 96620 
163 96220 
164 95620 
165 95320 
166 95320 
167 95120 
168 95120 
169 95120 
170 95120 
171 94720 
172 94320 
173 94220 
174 94020 
175 93920 
176 93720 
177 93620 
178 93620 
179 93620 
180 93420 
181 93420 
182 93420 
183 93120 
184 93120 
185 93020 
186 93020 
187 93020 
188 93020 
189 92920 
190 92920 
191 92920 
192 92920 
193 92920 
194 92920 
195 92920 
196 92920 
197 92920 
198 92920 
199 92920 
200 92920 
201 92920 
202 92920 
203 92920 
204 92920 
205 92920 
206 92920 
207 92920 
208 92920 
209 92920 
210 92920 
211 92920 
212 92920 
213 92920 
214 92920 
215 92920 
216 92920 
217 92920 
218 92920 
219 92920 
220 92920 
221 92920 
222 92920 
223 92920 
224 92920 
225 92920 
226 92920 
227 92920 
228 92920 
229 92920 
230 92920 
231 92920 
232 92920 
233 92920 
234 92920 
235 92920 
236 92920 
237 92920 
238 92920 
239 92920 
240 92920 
241 92920 
242 92920 
243 92920 
244 92920 
245 92920 
246 92920 
247 92920 
248 92920 
249 92920 
250 92920 
251 92920 
252 92920 
253 92920 
254 92920 
255 92920 
256 92920 
257 92920 
258 92920 
259 92920 
260 92920 
261 92920 
262 92920 
263 92920 
264 92920 
265 92920 
266 92920 
267 92920 
268 92920 
269 92920 
270 92920 
271 92920 
272 92920 
273 92920 
274 92920 
275 92920 
276 92920 
277 92920 
278 92920 
279 92920 
280 92920 
281 92920 
282 92920 
283 92920 
284 92920 
285 92920 
286 92920 
287 92920 
288 92920 
289 92920 
290 92920 
291 92920 
292 92920 
293 92920 
294 92920 
295 92920 
296 92920 
297 92920 
298 92920 
299 92920 
300 92920 
301 92920 
302 92920 
303 92920 
304 92920 
305 92920 
306 92920 
307 92920 
308 92920 
309 92920 
310 92920 
311 92920 
312 92920 
313 92920 
314 92920 
315 92920 
316 92920 
317 92920 
318 92920 
319 92920 
320 92920 
321 92920 
322 92920 
323 92920 
324 92920 
325 92920 
326 92920 
327 92920 
328 92920 
329 92920 
330 92920 
331 92920 
332 92920 
333 92920 
334 92920 
335 92920 
336 92920 
337 92920 
338 92920 
339 92920 
340 92920 
341 92920 
342 92920 
343 92920 
344 92920 
345 92920 
346 92920 
347 92920 
348 92920 
349 92920 
350 92920 
351 92920 
352 92920 
353 92920 
354 92920 
355 92920 
356 92920 
357 92920 
358 92920 
359 92920 
360 92920 
361 92920 
362 92920 
363 92920 
364 92920 
365 92920 
366 92920 
367 92920 
368 92920 
369 92920 
370 92920 
371 92920 
372 92920 
373 92920 
374 92920 
375 92920 
376 92920 
377 92920 
378 92920 
379 92920 
380 92920 
381 92920 
382 92920 
383 92920 
384 92920 
385 92920 
386 92920 
387 92920 
388 92920 
389 92920 
390 92920 
391 92920 
392 92920 
393 92920 
394 92920 
395 92920 
396 92920 
397 92920 
398 92920 
399 92920 
400 92920 
401 92920 
402 92920 
403 92920 
404 92920 
405 92920 
406 92920 
407 92920 
408 92920 
409 92920 
410 92920 
411 92920 
412 92920 
413 92920 
414 92920 
415 92920 
416 92920 
417 92920 
418 92920 
419 92920 
420 92920 
421 92920 
422 92920 
423 92920 
424 92920 
425 92920 
426 92920 
427 92920 
428 92920 
429 92920 
430 92920 
431 92920 
432 92920 
433 92920 
434 92920 
435 92920 
436 92920 
437 92920 
438 92920 
439 92920 
440 92920 
441 92920 
442 92920 
443 92920 
444 92920 
445 92920 
446 92920 
447 92920 
448 92920 
449 92920 
450 92920 
451 92920 
452 92920 
453 92920 
454 92920 
455 92920 
456 92920 
457 92920 
458 92920 
459 92920 
460 92920 
461 92920 
462 92920 
463 92920 
464 92920 
465 92920 
466 92920 
467 92920 
468 92920 
469 92920 
470 92920 
471 92920 
472 92920 
473 92920 
474 92920 
475 92920 
476 92920 
477 92920 
478 92920 
479 92920 
480 92920 
481 92920 
482 92920 
483 92920 
484 92920 
485 92920 
486 92920 
487 92920 
488 92920 
489 92920 
490 92920 
491 92920 
492 92920 
493 92920 
494 92920 
495 92920 
496 92920 
497 92920 
498 92920 
499 92920 
500 92920 
501 92920 
502 92920 
503 92920 
504 92920 
505 92920 
506 92920 
507 92920 
508 92920 
509 92920 
510 92920 
511 92920 
512 92920 
513 92920 
514 92920 
515 92920 
516 92920 
517 92920 
518 92920 
519 92920 
520 92920 
521 92920 
522 92920 
523 92920 
524 92920 
525 92920 
526 92920 
527 92920 
528 92920 
529 92920 
530 92920 
531 92920 
532 92920 
533 92920 
534 92920 
535 92920 
536 92920 
537 92920 
538 92920 
539 92920 
540 92920 
541 92920 
542 92920 
543 92920 
544 92920 
545 92920 
546 92920 
547 92920 
548 92920 
549 92920 
550 92920 
551 92920 
552 92920 
553 92920 
554 92920 
555 92920 
556 92920 
557 92920 
558 92920 
559 92920 
560 92920 
561 92920 
562 92920 
563 92920 
564 92920 
565 92920 
566 92920 
567 92920 
568 92920 
569 92920 
570 92920 
571 92920 
572 92920 
573 92920 
574 92920 
575 92920 
576 92920 
577 92920 
578 92920 
579 92920 
580 92920 
581 92920 
582 92920 
583 92920 
584 92920 
585 92920 
586 92920 
587 92920 
588 92920 
589 92920 
590 92920 
591 92920 
592 92920 
593 92920 
594 92920 
595 92920 
596 92920 
597 92920 
598 92920 
599 92920 
600 92920 
601 92920 
602 92920 
603 92920 
604 92920 
605 92920 
606 92920 
607 92920 
608 92920 
609 92920 
610 92920 
611 92920 
612 92920 
613 92920 
614 92920 
615 92920 
616 92920 
617 92920 
618 92920 
619 92920 
620 92920 
621 92920 
622 92920 
623 92920 
624 92920 
625 92920 
626 92920 
627 92920 
628 92920 
629 92920 
630 92920 
631 92920 
632 92920 
633 92920 
634 92920 
635 92920 
636 92920 
637 92920 
638 92920 
639 92920 
640 92920 
641 92920 
642 92920 
643 92920 
644 92920 
645 92920 
646 92920 
647 92920 
648 92920 
649 92920 
650 92920 
651 92920 
652 92920 
653 92920 
654 92920 
655 92920 
656 92920 
657 92920 
658 92920 
659 92920 
660 92920 
661 92920 
662 92920 
663 92920 
664 92920 
665 92920 
666 92920 
667 92920 
668 92920 
669 92920 
670 92920 
671 92920 
672 92920 
673 92920 
674 92920 
675 92920 
676 92920 
677 92920 
678 92920 
679 92920 
680 92920 
681 92920 
682 92920 
683 92920 
684 92920 
685 92920 
686 92920 
687 92920 
688 92920 
689 92920 
690 92920 
691 92920 
692 92920 
693 92920 
694 92920 
695 92920 
696 92920 
697 92920 
698 92920 
699 92920 
700 92920 
701 92920 
702 92920 
703 92920 
704 92920 
705 92920 
706 92920 
707 92920 
708 92920 
709 92920 
710 92920 
711 92920 
712 92920 
713 92920 
714 92920 
715 92920 
716 92920 
717 92920 
718 92920 
719 92920 
720 92920 
721 92920 
722 92920 
723 92920 
724 92920 
725 92920 
726 92920 
727 92920 
728 92920 
729 92920 
730 92920 
731 92920 
732 92920 
733 92920 
734 92920 
735 92920 
736 92920 
737 92920 
738 92920 
739 92920 
740 92920 
741 92920 
742 92920 
743 92920 
744 92920 
745 92920 
746 92920 
747 92920 
748 92920 
749 92920 
750 92920 
751 92920 
752 92920 
753 92920 
754 92920 
755 92920 
756 92920 
757 92920 
758 92920 
759 92920 
760 92920 
761 92920 
762 92920 
763 92920 
764 92920 
765 92920 
766 92920 
767 92920 
768 92920 
769 92920 
770 92920 
771 92920 
772 92920 
773 92920 
774 92920 
775 92920 
776 92920 
777 92920 
778 92920 
779 92920 
780 92920 
781 92920 
782 92920 
783 92920 
784 92920 
785 92920 
786 92920 
787 92920 
788 92920 
789 92920 
790 92920 
791 92920 
792 92920 
793 92920 
794 92920 
795 92920 
796 92920 
797 92920 
798 92920 
799 92920 
800 92920 
801 92920 
802 92920 
803 92920 
804 92920 
805 92920 
806 92920 
807 92920 
808 92920 
809 92920 
810 92920 
811 92920 
812 92920 
813 92920 
814 92920 
815 92920 
816 92920 
817 92920 
818 92920 
819 92920 
820 92920 
821 92920 
822 92920 
823 92920 
824 92920 
825 92920 
826 92920 
827 92920 
828 92920 
829 92920 
830 92920 
831 92920 
832 92920 
833 92920 
834 92920 
835 92920 
836 92920 
837 92920 
838 92920 
839 92920 
840 92920 
841 92920 
842 92920 
843 92920 
844 92920 
845 92920 
846 92920 
847 92920 
848 92920 
849 92920 
850 92920 
851 92920 
852 92920 
853 92920 
854 92920 
855 92920 
856 92920 
857 92920 
858 92920 
859 92920 
860 92920 
861 92920 
862 92920 
863 92920 
864 92920 
865 92920 
866 92920 
867 92920 
868 92920 
869 92920 
870 92920 
871 92920 
872 92920 
873 92920 
874 92920 
875 92920 
876 92920 
877 92920 
878 92920 
879 92920 
880 92920 
881 92920 
882 92920 
883 92920 
884 92920 
885 92920 
886 92920 
887 92920 
888 92920 
889 92920 
890 92920 
891 92920 
892 92920 
893 92920 
894 92920 
895 92920 
896 92920 
897 92920 
898 92920 
899 92920 
900 92920 
901 92920 
902 92920 
903 92920 
904 92920 
905 92920 
906 92920 
907 92920 
908 92920 
909 92920 
910 92920 
911 92920 
912 92920 
913 92920 
914 92920 
915 92920 
916 92920 
917 92920 
918 92920 
919 92920 
920 92920 
921 92920 
922 92920 
923 92920 
924 92920 
925 92920 
926 92920 
927 92920 
928 92920 
929 92920 
930 92920 
931 92920 
932 92920 
933 92920 
934 92920 
935 92920 
936 92920 
937 92920 
938 92920 
939 92920 
940 92920 
941 92920 
942 92920 
943 92920 
944 92920 
945 92920 
946 92920 
947 92920 
948 92920 
949 92920 
950 92920 
951 92920 
952 92920 
953 92920 
954 92920 
955 92920 
956 92920 
957 92920 
958 92920 
959 92920 
960 92920 
961 92920 
962 92920 
963 92920 
964 92920 
965 92920 
966 92920 
967 92920 
968 92920 
969 92920 
970 92920 
971 92920 
972 92920 
973 92920 
974 92920 
975 92920 
976 92920 
977 92920 
978 92920 
979 92920 
980 92920 
981 92920 
982 92920 
983 92920 
984 92920 
985 92920 
986 92920 
987 92920 
988 92920 
989 92920 
990 92920 
991 92920 
992 92920 
993 92920 
994 92920 
995 92920 
996 92920 
997 92920 
998 92920 
999 92920 
1000 92920 
1001 92920 
1002 92920 
1003 92920 
1004 92920 
1005 92920 
1006 92920 
1007 92920 
1008 92920 
1009 92920 
1010 92920 
1011 92920 
1012 92920 
1013 92920 
1014 92920 
1015 92920 
1016 92920 
1017 92920 
1018 92920 
1019 92920 
1020 92920 
1021 92920 
1022 92920 
1023 92920 
1024 92920 
1025 92920 
1026 92920 
1027 92920 
1028 92920 
1029 92920 
1030 92920 
1031 92920 
1032 92920 
1033 92920 
1034 92920 
1035 92920 
1036 92920 
1037 92920 
1038 92920 
1039 92920 
1040 92920 
1041 92920 
1042 92920 
1043 92920 
1044 92920 
1045 92920 
1046 92920 
1047 92920 
1048 92920 
1049 92920 
1050 92920 
1051 92920 
1052 92920 
1053 92920 
1054 92920 
1055 92920 
1056 92920 
1057 92920 
1058 92920 
1059 92920 
1060 92920 
1061 92920 
1062 92920 
1063 92920 
1064 92920 
1065 92920 
1066 92920 
1067 92920 
1068 92920 
1069 92920 
1070 92920 
1071 92920 
1072 92920 
1073 92920 
1074 92920 
1075 92920 
1076 92920 
1077 92920 
1078 92920 
1079 92920 
1080 92920 
1081 92920 
1082 92920 
1083 92920 
1084 92920 
1085 92920 
1086 92920 
1087 92920 
1088 92920 
1089 92920 
1090 92920 
1091 92920 
1092 92920 
1093 92920 
1094 92920 
1095 92920 
1096 92920 
1097 92920 
1098 92920 
1099 92920 
1100 92920 
1101 92920 
1102 92920 
1103 92920 
1104 92920 
1105 92920 
1106 92920 
1107 92920 
1108 92920 
1109 92920 
1110 92920 
1111 92920 
1112 92920 
1113 92920 
1114 92920 
1115 92920 
1116 92920 
1117 92920 
1118 92920 
1119 92920 
1120 92920 
1121 92920 
1122 92920 
1123 92920 
1124 92920 
1125 92920 
1126 92920 
1127 92920 
1128 92920 
1129 92920 
1130 92920 
1131 92920 
1132 92920 
1133 92920 
1134 92920 
1135 92920 
1136 92920 
1137 92920 
1138 92920 
1139 92920 
1140 92920 
1141 92920 
1142 92920 
1143 92920 
1144 92920 
1145 92920 
1146 92920 
1147 92920 
1148 92920 
1149 92920 
1150 92920 
1151 92920 
1152 92920 
1153 92920 
1154 92920 
1155 92920 
1156 92920 
1157 92920 
1158 92920 
1159 92920 
1160 92920 
1161 92920 
1162 92920 
1163 92920 
1164 92920 
1165 92920 
1166 92920 
1167 92920 
1168 92920 
1169 92920 
1170 92920 
1171 92920 
1172 92920 
1173 92920 
1174 92920 
1175 92920 
1176 92920 
1177 92920 
1178 92920 
1179 92920 
1180 92920 
1181 92920 
1182 92920 
1183 92920 
1184 92920 
1185 92920 
1186 92920 
1187 92920 
1188 92920 
1189 92920 
1190 92920 
1191 92920 
1192 92920 
1193 92920 
1194 92920 
1195 92920 
1196 92920 
1197 92920 
1198 92920 
1199 92920 
1200 92920 
1201 92920 
1202 92920 
1203 92920 
1204 92920 
1205 92920 
1206 92920 
1207 92920 
1208 92920 
1209 92920 
1210 92920 
1211 92920 
1212 92920 
1213 92920 
1214 92920 
1215 92920 
1216 92920 
1217 92920 
1218 92920 
1219 92920 
1220 92920 
1221 92920 
1222 92920 
1223 92920 
1224 92920 
1225 92920 
1226 92920 
1227 92920 
1228 92920 
1229 92920 
1230 92920 
1231 92920 
1232 92920 
1233 92920 
1234 92920 
1235 92920 
1236 92920 
1237 92920 
1238 92920 
1239 92920 
1240 92920 
1241 92920 
1242 92920 
1243 92920 
1244 92920 
1245 92920 
1246 92920 
1247 92920 
1248 92920 
1249 92920 
1250 92920 
1251 92920 
1252 92920 
1253 92920 
1254 92920 
1255 92920 
1256 92920 
1257 92920 
1258 92920 
1259 92920 
1260 92920 
1261 92920 
1262 92920 
1263 92920 
1264 92920 
1265 92920 
1266 92920 
1267 92920 
1268 92920 
1269 92920 
1270 92920 
1271 92920 
1272 92920 
1273 92920 
1274 92920 
1275 92920 
1276 92920 
1277 92920 
1278 92920 
1279 92920 
1280 92920 
1281 92920 
1282 92920 
1283 92920 
1284 92920 
1285 92920 
1286 92920 
1287 92920 
1288 92920 
1289 92920 
1290 92920 
1291 92920 
1292 92920 
1293 92920 
1294 92920 
1295 92920 
1296 92920 
1297 92920 
1298 92920 
1299 92920 
1300 92920 
1301 92920 
1302 92920 
1303 92920 
1304 92920 
1305 92920 
1306 92920 
1307 92920 
1308 92920 
1309 92920 
1310 92920 
1311 92920 
1312 92920 
1313 92920 
1314 92920 
1315 92920 
1316 92920 
1317 92920 
1318 92920 
1319 92920 
1320 92920 
1321 92920 
1322 92920 
1323 92920 
1324 92920 
1325 92920 
1326 92920 
1327 92920 
1328 92920 
1329 92920 
1330 92920 
1331 92920 
1332 92920 
1333 92920 
1334 92920 
1335 92920 
1336 92920 
1337 92920 
1338 92920 
1339 92920 
1340 92920 
1341 92920 
1342 92920 
1343 92920 
1344 92920 
1345 92920 
1346 92920 
1347 92920 
1348 92920 
1349 92920 
1350 92920 
1351 92920 
1352 92920 
1353 92920 
1354 92920 
1355 92920 
1356 92920 
1357 92920 
1358 92920 
1359 92920 
1360 92920 
1361 92920 
1362 92920 
1363 92920 
1364 92920 
1365 92920 
1366 92920 
1367 92920 
1368 92920 
1369 92920 
1370 92920 
1371 92920 
1372 92920 
1373 92920 
1374 92920 
1375 92920 
1376 92920 
1377 92920 
1378 92920 
1379 92920 
1380 92920 
1381 92920 
1382 92920 
1383 92920 
1384 92920 
1385 92920 
1386 92920 
1387 92920 
1388 92920 
1389 92920 
1390 92920 
1391 92920 
1392 92920 
1393 92920 
1394 92920 
1395 92920 
1396 92920 
1397 92920 
1398 92920 
1399 92920 
1400 92920 
1401 92920 
1402 92920 
1403 92920 
1404 92920 
1405 92920 
1406 92920 
1407 92920 
1408 92920 
1409 92920 
1410 92920 
1411 92920 
1412 92920 
1413 92920 
1414 92920 
1415 92920 
1416 92920 
1417 92920 
1418 92920 
1419 92920 
1420 92920 
1421 92920 
1422 92920 
1423 92920 
1424 92920 
1425 92920 
1426 92920 
1427 92920 
1428 92920 
1429 92920 
1430 92920 
1431 92920 
1432 92920 
1433 92920 
1434 92920 
1435 92920 
1436 92920 
1437 92920 
1438 92920 
1439 92920 
1440 92920 
1441 92920 
1442 92920 
1443 92920 
1444 92920 
1445 92920 
1446 92920 
1447 92920 
1448 92920 
1449 92920 
1450 92920 
1451 92920 
1452 92920 
1453 92920 
1454 92920 
1455 92920 
1456 92920 
1457 92920 
1458 92920 
1459 92920 
1460 92920 
1461 92920 
1462 92920 
1463 92920 
1464 92920 
1465 92920 
1466 92920 
1467 92920 
1468 92920 
1469 92920 
1470 92920 
1471 92920 
1472 92920 
1473 92920 
1474 92920 
1475 92920 
1476 92920 
1477 92920 
1478 92920 
1479 92920 
1480 92920 
1481 92920 
1482 92920 
1483 92920 
1484 92920 
1485 92920 
1486 92920 
1487 92920 
1488 92920 
1489 92920 
1490 92920 
1491 92920 
1492 92920 
1493 92920 
1494 92920 
1495 92920 
1496 92920 
1497 92920 
1498 92920 
1499 92920 
1500 92920 
1501 92920 
1502 92920 
1503 92920 
1504 92920 
1505 92920 
1506 92920 
1507 92920 
1508 92920 
1509 92920 
1510 92920 
1511 92920 
1512 92920 
1513 92920 
1514 92920 
1515 92920 
1516 92920 
1517 92920 
1518 92920 
1519 92920 
1520 92920 
1521 92920 
1522 92920 
1523 92920 
1524 92920 
1525 92920 
1526 92920 
1527 92920 
1528 92920 
1529 92920 
1530 92920 
1531 92920 
1532 92920 
1533 92920 
1534 92920 
1535 92920 
1536 92920 
1537 92920 
1538 92920 
1539 92920 
1540 92920 
1541 92920 
1542 92920 
1543 92920 
1544 92920 
1545 92920 
1546 92920 
1547 92920 
1548 92920 
1549 92920 
1550 92920 
1551 92920 
1552 92920 
1553 92920 
1554 92920 
1555 92920 
1556 92920 
1557 92920 
1558 92920 
1559 92920 
1560 92920 
1561 92920 
1562 92920 
1563 92920 
1564 92920 
1565 92920 
1566 92920 
1567 92920 
1568 92920 
1569 92920 
1570 92920 
1571 92920 
1572 92920 
1573 92920 
1574 92920 
1575 92920 
1576 92920 
1577 92920 
1578 92920 
1579 92920 
1580 92920 
1581 92920 
1582 92920 
1583 92920 
1584 92920 
1585 92920 
1586 92920 
1587 92920 
1588 92920 
1589 92920 
1590 92920 
1591 92920 
1592 92920 
1593 92920 
1594 92920 
1595 92920 
1596 92920 
1597 92920 
1598 92920 
1599 92920 
1600 92920 
1601 92920 
1602 92920 
1603 92920 
1604 92920 
1605 92920 
1606 92920 
1607 92920 
1608 92920 
1609 92920 
1610 92920 
1611 92920 
1612 92920 
1613 92920 
1614 92920 
1615 92920 
1616 92920 
1617 92920 
1618 92920 
1619 92920 
1620 92920 
1621 92920 
1622 92920 
1623 92920 
1624 92920 
1625 92920 
1626 92920 
1627 92920 
1628 92920 
1629 92920 
1630 92920 
1631 92920 
1632 92920 
1633 92920 
1634 92920 
1635 92920 
1636 92920 
1637 92920 
1638 92920 
1639 92920 
1640 92920 
1641 92920 
1642 92920 
1643 92920 
1644 92920 
1645 92920 
1646 92920 
1647 92920 
1648 92920 
1649 92920 
1650 92920 
1651 92920 
1652 92920 
1653 92920 
1654 92920 
1655 92920 
1656 92920 
1657 92920 
1658 92920 
1659 92920 
1660 92920 
1661 92920 
1662 92920 
1663 92920 
1664 92920 
1665 92920 
1666 92920 
1667 92920 
1668 92920 
1669 92920 
1670 92920 
1671 92920 
1672 92920 
1673 92920 
1674 92920 
1675 92920 
1676 92920 
1677 92920 
1678 92920 
1679 92920 
1680 92920 
1681 92920 
1682 92920 
1683 92920 
1684 92920 
1685 92920 
1686 92920 
1687 92920 
1688 92920 
1689 92920 
1690 92920 
1691 92920 
1692 92920 
1693 92920 
1694 92920 
1695 92920 
1696 92920 
1697 92920 
1698 92920 
1699 92920 
1700 92920 
1701 92920 
1702 92920 
1703 92920 
1704 92920 
1705 92920 
1706 92920 
1707 92920 
1708 92920 
1709 92920 
1710 92920 
1711 92920 
1712 92920 
1713 92920 
1714 92920 
1715 92920 
1716 92920 
1717 92920 
1718 92920 
1719 92920 
1720 92920 
1721 92920 
1722 92920 
1723 92920 
1724 92920 
1725 92920 
1726 92920 
1727 92920 
1728 92920 
1729 92920 
1730 92920 
1731 92920 
1732 92920 
1733 92920 
1734 92920 
1735 92920 
1736 92920 
1737 92920 
1738 92920 
1739 92920 
1740 92920 
1741 92920 
1742 92920 
1743 92920 
1744 92920 
1745 92920 
1746 92920 
1747 92920 
1748 92920 
1749 92920 
1750 92920 
1751 92920 
1752 92920 
1753 92920 
1754 92920 
1755 92920 
1756 92920 
1757 92920 
1758 92920 
1759 92920 
1760 92920 
1761 92920 
1762 92920 
1763 92920 
1764 92920 
1765 92920 
1766 92920 
1767 92920 
1768 92920 
1769 92920 
1770 92920 
1771 92920 
1772 92920 
1773 92920 
1774 92920 
1775 92920 
1776 92920 
1777 92920 
1778 92920 
1779 92920 
1780 92920 
1781 92920 
1782 92920 
1783 92920 
1784 92920 
1785 92920 
1786 92920 
1787 92920 
1788 92920 
1789 92920 
1790 92920 
1791 92920 
1792 92920 
1793 92920 
1794 92920 
1795 92920 
1796 92920 
1797 92920 
1798 92920 
1799 92920 
1800 92920 
1801 92920 
1802 92920 
1803 92920 
1804 92920 
1805 92920 
1806 92920 
1807 92920 
1808 92920 
1809 92920 
1810 92920 
1811 92920 
1812 92920 
1813 92920 
1814 92920 
1815 92920 
1816 92920 
1817 92920 
1818 92920 
1819 92920 
1820 92920 
1821 92920 
1822 92920 
1823 92920 
1824 92920 
1825 92920 
1826 92920 
1827 92920 
1828 92920 
1829 92920 
1830 92920 
1831 92920 
1832 92920 
1833 92920 
1834 92920 
1835 92920 
1836 92920 
1837 92920 
1838 92920 
1839 92920 
1840 92920 
1841 92920 
1842 92920 
1843 92920 
1844 92920 
1845 92920 
1846 92920 
1847 92920 
1848 92920 
1849 92920 
1850 92920 
1851 92920 
1852 92920 
1853 92920 
1854 92920 
1855 92920 
1856 92920 
1857 92920 
1858 92920 
1859 92920 
1860 92920 
1861 92920 
1862 92920 
1863 92920 
1864 92920 
1865 92920 
1866 92920 
1867 92920 
1868 92920 
1869 92920 
1870 92920 
1871 92920 
1872 92920 
1873 92920 
1874 92920 
1875 92920 
1876 92920 
1877 92920 
1878 92920 
1879 92920 
1880 92920 
1881 92920 
1882 92920 
1883 92920 
1884 92920 
1885 92920 
1886 92920 
1887 92920 
1888 92920 
1889 92920 
1890 92920 
1891 92920 
1892 92920 
1893 92920 
1894 92920 
1895 92920 
1896 92920 
1897 92920 
1898 92920 
1899 92920 
1900 92920 
1901 92920 
1902 92920 
1903 92920 
1904 92920 
1905 92920 
1906 92920 
1907 92920 
1908 92920 
1909 92920 
1910 92920 
1911 92920 
1912 92920 
1913 92920 
1914 92920 
1915 92920 
1916 92920 
1917 92920 
1918 92920 
1919 92920 
1920 92920 
1921 92920 
1922 92920 
1923 92920 
1924 92920 
1925 92920 
1926 92920 
1927 92920 
1928 92920 
1929 92920 
1930 92920 
1931 92920 
1932 92920 
1933 92920 
1934 92920 
1935 92920 
1936 92920 
1937 92920 
1938 92920 
1939 92920 
1940 92920 
1941 92920 
1942 92920 
1943 92920 
1944 92920 
1945 92920 
1946 92920 
1947 92920 
1948 92920 
1949 92920 
1950 92920 
1951 92920 
1952 92920 
1953 92920 
1954 92920 
1955 92920 
1956 92920 
1957 92920 
1958 92920 
1959 92920 
1960 92920 
1961 92920 
1962 92920 
1963 92920 
1964 92920 
1965 92920 
1966 92920 
1967 92920 
1968 92920 
1969 92920 
1970 92920 
1971 92920 
1972 92920 
1973 92920 
1974 92920 
1975 92920 
1976 92920 
1977 92920 
1978 92920 
1979 92920 
1980 92920 
1981 92920 
1982 92920 
1983 92920 
1984 92920 
1985 92920 
1986 92920 
1987 92920 
1988 92920 
1989 92920 
1990 92920 
1991 92920 
1992 92920 
1993 92920 
1994 92920 
1995 92920 
1996 92920 
1997 92920 
1998 92920 
1999 92920 
2000 92920 
2001 92920 
2002 92920 
2003 92920 
2004 92920 
2005 92920 
2006 92920 
2007 92920 
2008 92920 
2009 92920 
2010 92920 
2011 92920 
2012 92920 
2013 92920 
2014 92920 
2015 92920 
2016 92920 
2017 92920 
2018 92920 
2019 92920 
2020 92920 
2021 92920 
2022 92920 
2023 92920 
2024 92920 
2025 92920 
2026 92920 
2027 92920 
2028 92920 
2029 92920 
2030 92920 
2031 92920 
2032 92920 
2033 92920 
2034 92920 
2035 92920 
2036 92920 
2037 92920 
2038 92920 
2039 92920 
2040 92920 
2041 92920 
2042 92920 
2043 92920 
2044 92920 
2045 92920 
2046 92920 
2047 92920 
2048 92920 
2049 92920 
2050 92920 
2051 92920 
2052 92920 
2053 92920 
2054 92920 
2055 92920 
2056 92920 
2057 92920 
2058 92920 
2059 92920 
2060 92920 
2061 92920 
2062 92920 
2063 92920 
2064 92920 
2065 92920 
2066 92920 
2067 92920 
2068 92920 
2069 92920 
2070 92920 
2071 92920 
2072 92920 
2073 92920 
2074 92920 
2075 92920 
2076 92920 
2077 92920 
2078 92920 
2079 92920 
2080 92920 
2081 92920 
2082 92920 
2083 92920 
2084 92920 
2085 92920 
2086 92920 
2087 92920 
2088 92920 
2089 92920 
2090 92920 
2091 92920 
2092 92920 
2093 92920 
2094 92920 
2095 92920 
2096 92920 
2097 92920 
2098 92920 
2099 92920 
2100 92920 
2101 92920 
2102 92920 
2103 92920 
2104 92920 
2105 92920 
2106 92920 
2107 92920 
2108 92920 
2109 92920 
2110 92920 
2111 92920 
2112 92920 
2113 92920 
2114 92920 
2115 92920 
2116 92920 
2117 92920 
2118 92920 
2119 92920 
2120 92920 
2121 92920 
2122 92920 
2123 92920 
2124 92920 
2125 92920 
2126 92920 
2127 92920 
2128 92920 
2129 92920 
2130 92920 
2131 92920 
2132 92920 
2133 92920 
2134 92920 
2135 92920 
2136 92920 
2137 92920 
2138 92920 
2139 92920 
2140 92920 
2141 92920 
2142 92920 
2143 92920 
2144 92920 
2145 92920 
2146 92920 
2147 92920 
2148 92920 
2149 92920 
2150 92920 
2151 92920 
2152 92920 
2153 92920 
2154 92920 
2155 92920 
2156 92920 
2157 92920 
2158 92920 
2159 92920 
2160 92920 
2161 92920 
2162 92920 
2163 92920 
2164 92920 
2165 92920 
2166 92920 
2167 92920 
2168 92920 
2169 92920 
2170 92920 
2171 92920 
2172 92920 
2173 92920 
2174 92920 
2175 92920 
2176 92920 
2177 92920 
2178 92920 
2179 92920 
2180 92920 
2181 92920 
2182 92920 
2183 92920 
2184 92920 
2185 92920 
2186 92920 
2187 92920 
2188 92920 
2189 92920 
2190 92920 
2191 92920 
2192 92920 
2193 92920 
2194 92920 
2195 92920 
2196 92920 
2197 92920 
2198 92920 
2199 92920 
2200 92920 
2201 92920 
2202 92920 
2203 92920 
2204 92920 
2205 92920 
2206 92920 
2207 92920 
2208 92920 
2209 92920 
2210 92920 
2211 92920 
2212 92920 
2213 92920 
2214 92920 
2215 92920 
2216 92920 
2217 92920 
2218 92920 
2219 92920 
2220 92920 
2221 92920 
2222 92920 
2223 92920 
2224 92920 
2225 92920 
2226 92920 
2227 92920 
2228 92920 
2229 92920 
2230 92920 
2231 92920 
2232 92920 
2233 92920 
2234 92920 
2235 92920 
2236 92920 
2237 92920 
2238 92920 
2239 92920 
2240 92920 
2241 92920 
2242 92920 
2243 92920 
2244 92920 
2245 92920 
2246 92920 
2247 92920 
2248 92920 
2249 92920 
2250 92920 
2251 92920 
2252 92920 
2253 92920 
2254 92920 
2255 92920 
2256 92920 
2257 92920 
2258 92920 
2259 92920 
2260 92920 
2261 92920 
2262 92920 
2263 92920 
2264 92920 
2265 92920 
2266 92920 
2267 92920 
2268 92920 
2269 92920 
2270 92920 
2271 92920 
2272 92920 
2273 92920 
2274 92920 
2275 92920 
2276 92920 
2277 92920 
2278 92920 
2279 92920 
2280 92920 
2281 92920 
2282 92920 
2283 92920 
2284 92920 
2285 92920 
2286 92920 
2287 92920 
2288 92920 
2289 92920 
2290 92920 
2291 92920 
2292 92920 
2293 92920 
2294 92920 
2295 92920 
2296 92920 
2297 92920 
2298 92920 
2299 92920 
2300 92920 
2301 92920 
2302 92920 
2303 92920 
2304 92920 
2305 92920 
2306 92920 
2307 92920 
2308 92920 
2309 92920 
2310 92920 
2311 92920 
2312 92920 
2313 92920 
2314 92920 
2315 92920 
2316 92920 
2317 92920 
2318 92920 
2319 92920 
2320 92920 
2321 92920 
2322 92920 
2323 92920 
2324 92920 
2325 92920 
2326 92920 
2327 92920 
2328 92920 
2329 92920 
2330 92920 
2331 92920 
2332 92920 
2333 92920 
2334 92920 
2335 92920 
2336 92920 
2337 92920 
2338 92920 
2339 92920 
2340 92920 
2341 92920 
2342 92920 
2343 92920 
2344 92920 
2345 92920 
2346 92920 
2347 92920 
2348 92920 
2349 92920 
2350 92920 
2351 92920 
2352 92920 
2353 92920 
2354 92920 
2355 92920 
2356 92920 
2357 92920 
2358 92920 
2359 92920 
2360 92920 
2361 92920 
2362 92920 
2363 92920 
2364 92920 
2365 92920 
2366 92920 
2367 92920 
2368 92920 
2369 92920 
2370 92920 
2371 92920 
2372 92920 
2373 92920 
2374 92920 
2375 92920 
2376 92920 
2377 92920 
2378 92920 
2379 92920 
2380 92920 
2381 92920 
2382 92920 
2383 92920 
2384 92920 
2385 92920 
2386 92920 
2387 92920 
2388 92920 
2389 92920 
2390 92920 
2391 92920 
2392 92920 
2393 92920 
2394 92920 
2395 92920 
2396 92920 
2397 92920 
2398 92920 
2399 92920 
2400 92920 
2401 92920 
2402 92920 
2403 92920 
2404 92920 
2405 92920 
2406 92920 
2407 92920 
2408 92920 
2409 92920 
2410 92920 
2411 92920 
2412 92920 
2413 92920 
2414 92920 
2415 92920 
2416 92920 
2417 92920 
2418 92920 
2419 92920 
2420 92920 
2421 92920 
2422 92920 
2423 92920 
2424 92920 
2425 92920 
2426 92920 
2427 92920 
2428 92920 
2429 92920 
2430 92920 
2431 92920 
2432 92920 
2433 92920 
2434 92920 
2435 92920 
2436 92920 
2437 92920 
2438 92920 
2439 92920 
2440 92920 
2441 92920 
2442 92920 
2443 92920 
2444 92920 
2445 92920 
2446 92920 
2447 92920 
2448 92920 
2449 92920 
2450 92920 
2451 92920 
2452 92920 
2453 92920 
2454 92920 
2455 92920 
2456 92920 
2457 92920 
2458 92920 
2459 92920 
2460 92920 
2461 92920 
2462 92920 
2463 92920 
2464 92920 
2465 92920 
2466 92920 
2467 92920 
2468 92920 
2469 92920 
2470 92920 
2471 92920 
2472 92920 
2473 92920 
2474 92920 
2475 92920 
2476 92920 
2477 92920 
2478 92920 
2479 92920 
2480 92920 
2481 92920 
2482 92920 
2483 92920 
2484 92920 
2485 92920 
2486 92920 
2487 92920 
2488 92920 
2489 92920 
2490 92920 
2491 92920 
2492 92920 
2493 92920 
2494 92920 
2495 92920 
2496 92920 
2497 92920 
2498 92920 
2499 92920 
2500 92920 
2501 92920 
2502 92920 
2503 92920 
2504 92920 
2505 92920 
2506 92920 
2507 92920 
2508 92920 
2509 92920 
2510 92920 
2511 92920 
2512 92920 
2513 92920 
2514 92920 
2515 92920 
2516 92920 
2517 92920 
2518 92920 
2519 92920 
2520 92920 
2521 92920 
2522 92920 
2523 92920 
2524 92920 
2525 92920 
2526 92920 
2527 92920 
2528 92920 
2529 92920 
2530 92920 
2531 92920 
2532 92920 
2533 92920 
2534 92920 
2535 92920 
2536 92920 
2537 92920 
2538 92920 
2539 92920 
2540 92920 
2541 92920 
2542 92920 
2543 92920 
2544 92920 
2545 92920 
2546 92920 
2547 92920 
2548 92920 
2549 92920 
2550 92920 
2551 92920 
2552 92920 
2553 92920 
2554 92920 
2555 92920 
2556 92920 
2557 92920 
2558 92920 
2559 92920 
2560 92920 
2561 92920 
2562 92920 
2563 92920 
2564 92920 
2565 92920 
2566 92920 
2567 92920 
2568 92920 
2569 92920 
2570 92920 
2571 92920 
2572 92920 
2573 92920 
2574 92920 
2575 92920 
2576 92920 
2577 92920 
2578 92920 
2579 92920 
2580 92920 
2581 92920 
2582 92920 
2583 92920 
2584 92920 
2585 92920 
2586 92920 
2587 92920 
2588 92920 
2589 92920 
2590 92920 
2591 92920 
2592 92920 
2593 92920 
2594 92920 
2595 92920 
2596 92920 
2597 92920 
2598 92920 
2599 92920 
2600 92920 
2601 92920 
2602 92920 
2603 92920 
2604 92920 
2605 92920 
2606 92920 
2607 92920 
2608 92920 
2609 92920 
2610 92920 
2611 92920 
2612 92920 
2613 92920 
2614 92920 
2615 92920 
2616 92920 
2617 92920 
2618 92920 
2619 92920 
2620 92920 
2621 92920 
2622 92920 
2623 92920 
2624 92920 
2625 92920 
2626 92920 
2627 92920 
2628 92920 
2629 92920 
2630 92920 
2631 92920 
2632 92920 
2633 92920 
2634 92920 
2635 92920 
2636 92920 
2637 92920 
2638 92920 
2639 92920 
2640 92920 
2641 92920 
2642 92920 
2643 92920 
2644 92920 
2645 92920 
2646 92920 
2647 92920 
2648 92920 
2649 92920 
2650 92920 
2651 92920 
2652 92920 
2653 92920 
2654 92920 
2655 92920 
2656 92920 
2657 92920 
2658 92920 
2659 92920 
2660 92920 
2661 92920 
2662 92920 
2663 92920 
2664 92920 
2665 92920 
2666 92920 
2667 92920 
2668 92920 
2669 92920 
2670 92920 
2671 92920 
2672 92920 
2673 92920 
2674 92920 
2675 92920 
2676 92920 
2677 92920 
2678 92920 
2679 92920 
2680 92920 
2681 92920 
2682 92920 
2683 92920 
2684 92920 
2685 92920 
2686 92920 
2687 92920 
2688 92920 
2689 92920 
2690 92920 
2691 92920 
2692 92920 
2693 92920 
2694 92920 
2695 92920 
2696 92920 
2697 92920 
2698 92920 
2699 92920 
2700 92920 
2701 92920 
2702 92920 
2703 92920 
2704 92920 
2705 92920 
2706 92920 
2707 92920 
2708 92920 
2709 92920 
2710 92920 
2711 92920 
2712 92920 
2713 92920 
2714 92920 
2715 92920 
2716 92920 
2717 92920 
2718 92920 
2719 92920 
2720 92920 
2721 92920 
2722 92920 
2723 92920 
2724 92920 
2725 92920 
2726 92920 
2727 92920 
2728 92920 
2729 92920 
2730 92920 
2731 92920 
2732 92920 
2733 92920 
2734 92920 
2735 92920 
2736 92920 
2737 92920 
2738 92920 
2739 92920 
2740 92920 
2741 92920 
2742 92920 
2743 92920 
2744 92920 
2745 92920 
2746 92920 
2747 92920 
2748 92920 
2749 92920 
2750 92920 
2751 92920 
2752 92920 
2753 92920 
2754 92920 
2755 92920 
2756 92920 
2757 92920 
2758 92920 
2759 92920 
2760 92920 
2761 92920 
2762 92920 
2763 92920 
2764 92920 
2765 92920 
2766 92920 
2767 92920 
2768 92920 
2769 92920 
2770 92920 
2771 92920 
2772 92920 
2773 92920 
2774 92920 
2775 92920 
2776 92920 
2777 92920 
2778 92920 
2779 92920 
2780 92920 
2781 92920 
2782 92920 
2783 92920 
2784 92920 
2785 92920 
2786 92920 
2787 92920 
2788 92920 
2789 92920 
2790 92920 
2791 92920 
2792 92920 
2793 92920 
2794 92920 
2795 92920 
2796 92920 
2797 92920 
2798 92920 
2799 92920 
2800 92920 
2801 92920 
2802 92920 
2803 92920 
2804 92920 
2805 92920 
2806 92920 
2807 92920 
2808 92920 
2809 92920 
2810 92920 
2811 92920 
2812 92920 
2813 92920 
2814 92920 
2815 92920 
2816 92920 
2817 92920 
2818 92920 
2819 92920 
2820 92920 
2821 92920 
2822 92920 
2823 92920 
2824 92920 
2825 92920 
2826 92920 
2827 92920 
2828 92920 
2829 92920 
2830 92920 
2831 92920 
2832 92920 
2833 92920 
2834 92920 
2835 92920 
2836 92920 
2837 92920 
2838 92920 
2839 92920 
2840 92920 
2841 92920 
2842 92920 
2843 92920 
2844 92920 
2845 92920 
2846 92920 
2847 92920 
2848 92920 
2849 92920 
2850 92920 
2851 92920 
2852 92920 
2853 92920 
2854 92920 
2855 92920 
2856 92920 
2857 92920 
2858 92920 
2859 92920 
2860 92920 
2861 92920 
2862 92920 
2863 92920 
2864 92920 
2865 92920 
2866 92920 
2867 92920 
2868 92920 
2869 92920 
2870 92920 
2871 92920 
2872 92920 
2873 92920 
2874 92920 
2875 92920 
2876 92920 
2877 92920 
2878 92920 
2879 92920 
2880 92920 
2881 92920 
2882 92920 
2883 92920 
2884 92920 
2885 92920 
2886 92920 
2887 92920 
2888 92920 
2889 92920 
2890 92920 
2891 92920 
2892 92920 
2893 92920 
2894 92920 
2895 92920 
2896 92920 
2897 92920 
2898 92920 
2899 92920 
2900 92920 
2901 92920 
2902 92920 
2903 92920 
2904 92920 
2905 92920 
2906 92920 
2907 92920 
2908 92920 
2909 92920 
2910 92920 
2911 92920 
2912 92920 
2913 92920 
2914 92920 
2915 92920 
2916 92920 
2917 92920 
2918 92920 
2919 92920 
2920 92920 
2921 92920 
2922 92920 
2923 92920 
2924 92920 
2925 92920 
2926 92920 
2927 92920 
2928 92920 
2929 92920 
2930 92920 
2931 92920 
2932 92920 
2933 92920 
2934 92920 
2935 92920 
2936 92920 
2937 92920 
2938 92920 
2939 92920 
2940 92920 
2941 92920 
2942 92920 
2943 92920 
2944 92920 
2945 92920 
2946 92920 
2947 92920 
2948 92920 
2949 92920 
2950 92920 
2951 92920 
2952 92920 
2953 92920 
2954 92920 
2955 92920 
2956 92920 
2957 92920 
2958 92920 
2959 92920 
2960 92920 
2961 92920 
2962 92920 
2963 92920 
2964 92920 
2965 92920 
2966 92920 
2967 92920 
2968 92920 
2969 92920 
2970 92920 
2971 92920 
2972 92920 
2973 92920 
2974 92920 
2975 92920 
2976 92920 
2977 92920 
2978 92920 
2979 92920 
2980 92920 
2981 92920 
2982 92920 
2983 92920 
2984 92920 
2985 92920 
2986 92920 
2987 92920 
2988 92920 
2989 92920 
2990 92920 
2991 92920 
2992 92920 
2993 92920 
2994 92920 
2995 92920 
2996 92920 
2997 92920 
2998 92920 
2999 92920 
3000 92920 
3001 92920 
3002 92920 
3003 92920 
3004 92920 
3005 92920 
3006 92920 
3007 92920 
3008 92920 
3009 92920 
3010 92920 
3011 92920 
3012 92920 
3013 92920 
3014 92920 
3015 92920 
3016 92920 
3017 92920 
3018 92920 
3019 92920 
3020 92920 
3021 92920 
3022 92920 
3023 92920 
3024 92920 
3025 92920 
3026 92920 
3027 92920 
3028 92920 
3029 92920 
3030 92920 
3031 92920 
3032 92920 
3033 92920 
3034 92920 
3035 92920 
3036 92920 
3037 92920 
3038 92920 
3039 92920 
3040 92920 
3041 92920 
3042 92920 
3043 92920 
3044 92920 
3045 92920 
3046 92920 
3047 92920 
3048 92920 
3049 92920 
3050 92920 
3051 92920 
3052 92920 
3053 92920 
3054 92920 
3055 92920 
3056 92920 
3057 92920 
3058 92920 
3059 92920 
3060 92920 
3061 92920 
3062 92920 
3063 92920 
3064 92920 
3065 92920 
3066 92920 
3067 92920 
3068 92920 
3069 92920 
3070 92920 
3071 92920 
3072 92920 
3073 92920 
3074 92920 
3075 92920 
3076 92920 
3077 92920 
3078 92920 
3079 92920 
3080 92920 
3081 92920 
3082 92920 
3083 92920 
3084 92920 
3085 92920 
3086 92920 
3087 92920 
3088 92920 
3089 92920 
3090 92920 
3091 92920 
3092 92920 
3093 92920 
3094 92920 
3095 92920 
3096 92920 
3097 92920 
3098 92920 
3099 92920 
3100 92920 
3101 92920 
3102 92920 
3103 92920 
3104 92920 
3105 92920 
3106 92920 
3107 92920 
3108 92920 
3109 92920 
3110 92920 
3111 92920 
3112 92920 
3113 92920 
3114 92920 
3115 92920 
3116 92920 
3117 92920 
3118 92920 
3119 92920 
3120 92920 
3121 92920 
3122 92920 
3123 92920 
3124 92920 
3125 92920 
3126 92920 
3127 92920 
3128 92920 
3129 92920 
3130 92920 
3131 92920 
3132 92920 
3133 92920 
3134 92920 
3135 92920 
3136 92920 
3137 92920 
3138 92920 
3139 92920 
3140 92920 
3141 92920 
3142 92920 
3143 92920 
3144 92920 
3145 92920 
3146 92920 
3147 92920 
3148 92920 
3149 92920 
3150 92920 
3151 92920 
3152 92920 
3153 92920 
3154 92920 
3155 92920 
3156 92920 
3157 92920 
3158 92920 
3159 92920 
3160 92920 
3161 92920 
3162 92920 
3163 92920 
3164 92920 
3165 92920 
3166 92920 
3167 92920 
3168 92920 
3169 92920 
3170 92920 
3171 92920 
3172 92920 
3173 92920 
3174 92920 
3175 92920 
3176 92920 
3177 92920 
3178 92920 
3179 92920 
3180 92920 
3181 92920 
3182 92920 
3183 92920 
3184 92920 
3185 92920 
3186 92920 
3187 92920 
3188 92920 
3189 92920 

