0 135680 
1 135580 
2 135130 
3 134730 
4 134230 
5 134030 
6 133930 
7 133700 
8 133390 
9 133290 
10 132660 
11 132460 
12 132400 
13 132200 
14 131880 
15 131420 
16 131320 
17 131220 
18 130820 
19 130620 
20 129520 
21 129320 
22 128920 
23 128720 
24 128420 
25 128120 
26 128000 
27 127900 
28 127670 
29 127610 
30 127110 
31 126800 
32 126790 
33 126490 
34 125890 
35 125890 
36 125490 
37 124700 
38 124500 
39 124300 
40 124100 
41 123500 
42 122900 
43 122400 
44 122290 
45 122140 
46 121910 
47 121520 
48 121020 
49 120990 
50 120890 
51 120810 
52 120710 
53 120650 
54 120350 
55 120150 
56 119950 
57 119650 
58 119250 
59 119050 
60 118850 
61 118750 
62 118550 
63 118350 
64 118050 
65 117650 
66 117300 
67 117100 
68 117000 
69 116600 
70 116600 
71 116400 
72 116200 
73 116130 
74 116030 
75 116030 
76 115630 
77 115630 
78 113220 
79 113020 
80 112820 
81 112620 
82 112520 
83 112520 
84 112420 
85 112220 
86 112020 
87 111720 
88 111520 
89 111120 
90 110820 
91 110620 
92 110420 
93 109920 
94 109920 
95 109920 
96 109420 
97 109120 
98 109020 
99 108620 
100 108620 
101 108220 
102 107920 
103 107720 
104 107520 
105 106920 
106 106420 
107 106320 
108 106220 
109 105620 
110 105320 
111 105220 
112 104620 
113 104520 
114 104320 
115 104120 
116 103920 
117 103520 
118 103520 
119 103320 
120 102720 
121 102620 
122 102520 
123 101920 
124 101720 
125 101320 
126 101320 
127 101120 
128 101120 
129 101120 
130 101120 
131 100720 
132 100420 
133 100220 
134 99920 
135 99900 
136 99700 
137 99600 
138 99200 
139 99100 
140 98900 
141 98900 
142 98400 
143 98400 
144 97900 
145 97500 
146 97500 
147 97300 
148 97300 
149 97100 
150 96900 
151 96900 
152 96550 
153 96150 
154 95750 
155 95350 
156 94950 
157 94850 
158 94650 
159 94650 
160 94250 
161 94050 
162 93850 
163 93250 
164 93050 
165 93050 
166 93050 
167 93050 
168 93050 
169 93050 
170 92850 
171 92850 
172 92850 
173 92850 
174 92850 
175 92850 
176 92850 
177 92850 
178 92850 
179 92850 
180 92850 
181 92850 
182 92850 
183 92850 
184 92850 
185 92850 
186 92850 
187 92850 
188 92850 
189 92850 
190 92850 
191 92850 
192 92850 
193 92850 
194 92850 
195 92850 
196 92850 
197 92850 
198 92850 
199 92850 
200 92850 
201 92850 
202 92850 
203 92850 
204 92850 
205 92850 
206 92850 
207 92850 
208 92850 
209 92850 
210 92850 
211 92850 
212 92850 
213 92850 
214 92850 
215 92850 
216 92850 
217 92850 
218 92850 
219 92850 
220 92850 
221 92850 
222 92850 
223 92850 
224 92850 
225 92850 
226 92850 
227 92850 
228 92850 
229 92850 
230 92850 
231 92850 
232 92850 
233 92850 
234 92850 
235 92850 
236 92850 
237 92850 
238 92850 
239 92850 
240 92850 
241 92850 
242 92850 
243 92850 
244 92850 
245 92850 
246 92850 
247 92850 
248 92850 
249 92850 
250 92850 
251 92850 
252 92850 
253 92850 
254 92850 
255 92850 
256 92850 
257 92850 
258 92850 
259 92850 
260 92850 
261 92850 
262 92850 
263 92850 
264 92850 
265 92850 
266 92850 
267 92850 
268 92850 
269 92850 
270 92850 
271 92850 
272 92850 
273 92850 
274 92850 
275 92850 
276 92850 
277 92850 
278 92850 
279 92850 
280 92850 
281 92850 
282 92850 
283 92850 
284 92850 
285 92850 
286 92850 
287 92850 
288 92850 
289 92850 
290 92850 
291 92850 
292 92850 
293 92850 
294 92850 
295 92850 
296 92850 
297 92850 
298 92850 
299 92850 
300 92850 
301 92850 
302 92850 
303 92850 
304 92850 
305 92850 
306 92850 
307 92850 
308 92850 
309 92850 
310 92850 
311 92850 
312 92850 
313 92850 
314 92850 
315 92850 
316 92850 
317 92850 
318 92850 
319 92850 
320 92850 
321 92850 
322 92850 
323 92850 
324 92850 
325 92850 
326 92850 
327 92850 
328 92850 
329 92850 
330 92850 
331 92850 
332 92850 
333 92850 
334 92850 
335 92850 
336 92850 
337 92850 
338 92850 
339 92850 
340 92850 
341 92850 
342 92850 
343 92850 
344 92850 
345 92850 
346 92850 
347 92850 
348 92850 
349 92850 
350 92850 
351 92850 
352 92850 
353 92850 
354 92850 
355 92850 
356 92850 
357 92850 
358 92850 
359 92850 
360 92850 
361 92850 
362 92850 
363 92850 
364 92850 
365 92850 
366 92850 
367 92850 
368 92850 
369 92850 
370 92850 
371 92850 
372 92850 
373 92850 
374 92850 
375 92850 
376 92850 
377 92850 
378 92850 
379 92850 
380 92850 
381 92850 
382 92850 
383 92850 
384 92850 
385 92850 
386 92850 
387 92850 
388 92850 
389 92850 
390 92850 
391 92850 
392 92850 
393 92850 
394 92850 
395 92850 
396 92850 
397 92850 
398 92850 
399 92850 
400 92850 
401 92850 
402 92850 
403 92850 
404 92850 
405 92850 
406 92850 
407 92850 
408 92850 
409 92850 
410 92850 
411 92850 
412 92850 
413 92850 
414 92850 
415 92850 
416 92850 
417 92850 
418 92850 
419 92850 
420 92850 
421 92850 
422 92850 
423 92850 
424 92850 
425 92850 
426 92850 
427 92850 
428 92850 
429 92850 
430 92850 
431 92850 
432 92850 
433 92850 
434 92850 
435 92850 
436 92850 
437 92850 
438 92850 
439 92850 
440 92850 
441 92850 
442 92850 
443 92850 
444 92850 
445 92850 
446 92850 
447 92850 
448 92850 
449 92850 
450 92850 
451 92850 
452 92850 
453 92850 
454 92850 
455 92850 
456 92850 
457 92850 
458 92850 
459 92850 
460 92850 
461 92850 
462 92850 
463 92850 
464 92850 
465 92850 
466 92850 
467 92850 
468 92850 
469 92850 
470 92850 
471 92850 
472 92850 
473 92850 
474 92850 
475 92850 
476 92850 
477 92850 
478 92850 
479 92850 
480 92850 
481 92850 
482 92850 
483 92850 
484 92850 
485 92850 
486 92850 
487 92850 
488 92850 
489 92850 
490 92850 
491 92850 
492 92850 
493 92850 
494 92850 
495 92850 
496 92850 
497 92850 
498 92850 
499 92850 
500 92850 
501 92850 
502 92850 
503 92850 
504 92850 
505 92850 
506 92850 
507 92850 
508 92850 
509 92850 
510 92850 
511 92850 
512 92850 
513 92850 
514 92850 
515 92850 
516 92850 
517 92850 
518 92850 
519 92850 
520 92850 
521 92850 
522 92850 
523 92850 
524 92850 
525 92850 
526 92850 
527 92850 
528 92850 
529 92850 
530 92850 
531 92850 
532 92850 
533 92850 
534 92850 
535 92850 
536 92850 
537 92850 
538 92850 
539 92850 
540 92850 
541 92850 
542 92850 
543 92850 
544 92850 
545 92850 
546 92850 
547 92850 
548 92850 
549 92850 
550 92850 
551 92850 
552 92850 
553 92850 
554 92850 
555 92850 
556 92850 
557 92850 
558 92850 
559 92850 
560 92850 
561 92850 
562 92850 
563 92850 
564 92850 
565 92850 
566 92850 
567 92850 
568 92850 
569 92850 
570 92850 
571 92850 
572 92850 
573 92850 
574 92850 
575 92850 
576 92850 
577 92850 
578 92850 
579 92850 
580 92850 
581 92850 
582 92850 
583 92850 
584 92850 
585 92850 
586 92850 
587 92850 
588 92850 
589 92850 
590 92850 
591 92850 
592 92850 
593 92850 
594 92850 
595 92850 
596 92850 
597 92850 
598 92850 
599 92850 
600 92850 
601 92850 
602 92850 
603 92850 
604 92850 
605 92850 
606 92850 
607 92850 
608 92850 
609 92850 
610 92850 
611 92850 
612 92850 
613 92850 
614 92850 
615 92850 
616 92850 
617 92850 
618 92850 
619 92850 
620 92850 
621 92850 
622 92850 
623 92850 
624 92850 
625 92850 
626 92850 
627 92850 
628 92850 
629 92850 
630 92850 
631 92850 
632 92850 
633 92850 
634 92850 
635 92850 
636 92850 
637 92850 
638 92850 
639 92850 
640 92850 
641 92850 
642 92850 
643 92850 
644 92850 
645 92850 
646 92850 
647 92850 
648 92850 
649 92850 
650 92850 
651 92850 
652 92850 
653 92850 
654 92850 
655 92850 
656 92850 
657 92850 
658 92850 
659 92850 
660 92850 
661 92850 
662 92850 
663 92850 
664 92850 
665 92850 
666 92850 
667 92850 
668 92850 
669 92850 
670 92850 
671 92850 
672 92850 
673 92850 
674 92850 
675 92850 
676 92850 
677 92850 
678 92850 
679 92850 
680 92850 
681 92850 
682 92850 
683 92850 
684 92850 
685 92850 
686 92850 
687 92850 
688 92850 
689 92850 
690 92850 
691 92850 
692 92850 
693 92850 
694 92850 
695 92850 
696 92850 
697 92850 
698 92850 
699 92850 
700 92850 
701 92850 
702 92850 
703 92850 
704 92850 
705 92850 
706 92850 
707 92850 
708 92850 
709 92850 
710 92850 
711 92850 
712 92850 
713 92850 
714 92850 
715 92850 
716 92850 
717 92850 
718 92850 
719 92850 
720 92850 
721 92850 
722 92850 
723 92850 
724 92850 
725 92850 
726 92850 
727 92850 
728 92850 
729 92850 
730 92850 
731 92850 
732 92850 
733 92850 
734 92850 
735 92850 
736 92850 
737 92850 
738 92850 
739 92850 
740 92850 
741 92850 
742 92850 
743 92850 
744 92850 
745 92850 
746 92850 
747 92850 
748 92850 
749 92850 
750 92850 
751 92850 
752 92850 
753 92850 
754 92850 
755 92850 
756 92850 
757 92850 
758 92850 
759 92850 
760 92850 
761 92850 
762 92850 
763 92850 
764 92850 
765 92850 
766 92850 
767 92850 
768 92850 
769 92850 
770 92850 
771 92850 
772 92850 
773 92850 
774 92850 
775 92850 
776 92850 
777 92850 
778 92850 
779 92850 
780 92850 
781 92850 
782 92850 
783 92850 
784 92850 
785 92850 
786 92850 
787 92850 
788 92850 
789 92850 
790 92850 
791 92850 
792 92850 
793 92850 
794 92850 
795 92850 
796 92850 
797 92850 
798 92850 
799 92850 
800 92850 
801 92850 
802 92850 
803 92850 
804 92850 
805 92850 
806 92850 
807 92850 
808 92850 
809 92850 
810 92850 
811 92850 
812 92850 
813 92850 
814 92850 
815 92850 
816 92850 
817 92850 
818 92850 
819 92850 
820 92850 
821 92850 
822 92850 
823 92850 
824 92850 
825 92850 
826 92850 
827 92850 
828 92850 
829 92850 
830 92850 
831 92850 
832 92850 
833 92850 
834 92850 
835 92850 
836 92850 
837 92850 
838 92850 
839 92850 
840 92850 
841 92850 
842 92850 
843 92850 
844 92850 
845 92850 
846 92850 
847 92850 
848 92850 
849 92850 
850 92850 
851 92850 
852 92850 
853 92850 
854 92850 
855 92850 
856 92850 
857 92850 
858 92850 
859 92850 
860 92850 
861 92850 
862 92850 
863 92850 
864 92850 
865 92850 
866 92850 
867 92850 
868 92850 
869 92850 
870 92850 
871 92850 
872 92850 
873 92850 
874 92850 
875 92850 
876 92850 
877 92850 
878 92850 
879 92850 
880 92850 
881 92850 
882 92850 
883 92850 
884 92850 
885 92850 
886 92850 
887 92850 
888 92850 
889 92850 
890 92850 
891 92850 
892 92850 
893 92850 
894 92850 
895 92850 
896 92850 
897 92850 
898 92850 
899 92850 
900 92850 
901 92850 
902 92850 
903 92850 
904 92850 
905 92850 
906 92850 
907 92850 
908 92850 
909 92850 
910 92850 
911 92850 
912 92850 
913 92850 
914 92850 
915 92850 
916 92850 
917 92850 
918 92850 
919 92850 
920 92850 
921 92850 
922 92850 
923 92850 
924 92850 
925 92850 
926 92850 
927 92850 
928 92850 
929 92850 
930 92850 
931 92850 
932 92850 
933 92850 
934 92850 
935 92850 
936 92850 
937 92850 
938 92850 
939 92850 
940 92850 
941 92850 
942 92850 
943 92850 
944 92850 
945 92850 
946 92850 
947 92850 
948 92850 
949 92850 
950 92850 
951 92850 
952 92850 
953 92850 
954 92850 
955 92850 
956 92850 
957 92850 
958 92850 
959 92850 
960 92850 
961 92850 
962 92850 
963 92850 
964 92850 
965 92850 
966 92850 
967 92850 
968 92850 
969 92850 
970 92850 
971 92850 
972 92850 
973 92850 
974 92850 
975 92850 
976 92850 
977 92850 
978 92850 
979 92850 
980 92850 
981 92850 
982 92850 
983 92850 
984 92850 
985 92850 
986 92850 
987 92850 
988 92850 
989 92850 
990 92850 
991 92850 
992 92850 
993 92850 
994 92850 
995 92850 
996 92850 
997 92850 
998 92850 
999 92850 
1000 92850 
1001 92850 
1002 92850 
1003 92850 
1004 92850 
1005 92850 
1006 92850 
1007 92850 
1008 92850 
1009 92850 
1010 92850 
1011 92850 
1012 92850 
1013 92850 
1014 92850 
1015 92850 
1016 92850 
1017 92850 
1018 92850 
1019 92850 
1020 92850 
1021 92850 
1022 92850 
1023 92850 
1024 92850 
1025 92850 
1026 92850 
1027 92850 
1028 92850 
1029 92850 
1030 92850 
1031 92850 
1032 92850 
1033 92850 
1034 92850 
1035 92850 
1036 92850 
1037 92850 
1038 92850 
1039 92850 
1040 92850 
1041 92850 
1042 92850 
1043 92850 
1044 92850 
1045 92850 
1046 92850 
1047 92850 
1048 92850 
1049 92850 
1050 92850 
1051 92850 
1052 92850 
1053 92850 
1054 92850 
1055 92850 
1056 92850 
1057 92850 
1058 92850 
1059 92850 
1060 92850 
1061 92850 
1062 92850 
1063 92850 
1064 92850 
1065 92850 
1066 92850 
1067 92850 
1068 92850 
1069 92850 
1070 92850 
1071 92850 
1072 92850 
1073 92850 
1074 92850 
1075 92850 
1076 92850 
1077 92850 
1078 92850 
1079 92850 
1080 92850 
1081 92850 
1082 92850 
1083 92850 
1084 92850 
1085 92850 
1086 92850 
1087 92850 
1088 92850 
1089 92850 
1090 92850 
1091 92850 
1092 92850 
1093 92850 
1094 92850 
1095 92850 
1096 92850 
1097 92850 
1098 92850 
1099 92850 
1100 92850 
1101 92850 
1102 92850 
1103 92850 
1104 92850 
1105 92850 
1106 92850 
1107 92850 
1108 92850 
1109 92850 
1110 92850 
1111 92850 
1112 92850 
1113 92850 
1114 92850 
1115 92850 
1116 92850 
1117 92850 
1118 92850 
1119 92850 
1120 92850 
1121 92850 
1122 92850 
1123 92850 
1124 92850 
1125 92850 
1126 92850 
1127 92850 
1128 92850 
1129 92850 
1130 92850 
1131 92850 
1132 92850 
1133 92850 
1134 92850 
1135 92850 
1136 92850 
1137 92850 
1138 92850 
1139 92850 
1140 92850 
1141 92850 
1142 92850 
1143 92850 
1144 92850 
1145 92850 
1146 92850 
1147 92850 
1148 92850 
1149 92850 
1150 92850 
1151 92850 
1152 92850 
1153 92850 
1154 92850 
1155 92850 
1156 92850 
1157 92850 
1158 92850 
1159 92850 
1160 92850 
1161 92850 
1162 92850 
1163 92850 
1164 92850 
1165 92850 
1166 92850 
1167 92850 
1168 92850 
1169 92850 
1170 92850 
1171 92850 
1172 92850 
1173 92850 
1174 92850 
1175 92850 
1176 92850 
1177 92850 
1178 92850 
1179 92850 
1180 92850 
1181 92850 
1182 92850 
1183 92850 
1184 92850 
1185 92850 
1186 92850 
1187 92850 
1188 92850 
1189 92850 
1190 92850 
1191 92850 
1192 92850 
1193 92850 
1194 92850 
1195 92850 
1196 92850 
1197 92850 
1198 92850 
1199 92850 
1200 92850 
1201 92850 
1202 92850 
1203 92850 
1204 92850 
1205 92850 
1206 92850 
1207 92850 
1208 92850 
1209 92850 
1210 92850 
1211 92850 
1212 92850 
1213 92850 
1214 92850 
1215 92850 
1216 92850 
1217 92850 
1218 92850 
1219 92850 
1220 92850 
1221 92850 
1222 92850 
1223 92850 
1224 92850 
1225 92850 
1226 92850 
1227 92850 
1228 92850 
1229 92850 
1230 92850 
1231 92850 
1232 92850 
1233 92850 
1234 92850 
1235 92850 
1236 92850 
1237 92850 
1238 92850 
1239 92850 
1240 92850 
1241 92850 
1242 92850 
1243 92850 
1244 92850 
1245 92850 
1246 92850 
1247 92850 
1248 92850 
1249 92850 
1250 92850 
1251 92850 
1252 92850 
1253 92850 
1254 92850 
1255 92850 
1256 92850 
1257 92850 
1258 92850 
1259 92850 
1260 92850 
1261 92850 
1262 92850 
1263 92850 
1264 92850 
1265 92850 
1266 92850 
1267 92850 
1268 92850 
1269 92850 
1270 92850 
1271 92850 
1272 92850 
1273 92850 
1274 92850 
1275 92850 
1276 92850 
1277 92850 
1278 92850 
1279 92850 
1280 92850 
1281 92850 
1282 92850 
1283 92850 
1284 92850 
1285 92850 
1286 92850 
1287 92850 
1288 92850 
1289 92850 
1290 92850 
1291 92850 
1292 92850 
1293 92850 
1294 92850 
1295 92850 
1296 92850 
1297 92850 
1298 92850 
1299 92850 
1300 92850 
1301 92850 
1302 92850 
1303 92850 
1304 92850 
1305 92850 
1306 92850 
1307 92850 
1308 92850 
1309 92850 
1310 92850 
1311 92850 
1312 92850 
1313 92850 
1314 92850 
1315 92850 
1316 92850 
1317 92850 
1318 92850 
1319 92850 
1320 92850 
1321 92850 
1322 92850 
1323 92850 
1324 92850 
1325 92850 
1326 92850 
1327 92850 
1328 92850 
1329 92850 
1330 92850 
1331 92850 
1332 92850 
1333 92850 
1334 92850 
1335 92850 
1336 92850 
1337 92850 
1338 92850 
1339 92850 
1340 92850 
1341 92850 
1342 92850 
1343 92850 
1344 92850 
1345 92850 
1346 92850 
1347 92850 
1348 92850 
1349 92850 
1350 92850 
1351 92850 
1352 92850 
1353 92850 
1354 92850 
1355 92850 
1356 92850 
1357 92850 
1358 92850 
1359 92850 
1360 92850 
1361 92850 
1362 92850 
1363 92850 
1364 92850 
1365 92850 
1366 92850 
1367 92850 
1368 92850 
1369 92850 
1370 92850 
1371 92850 
1372 92850 
1373 92850 
1374 92850 
1375 92850 
1376 92850 
1377 92850 
1378 92850 
1379 92850 
1380 92850 
1381 92850 
1382 92850 
1383 92850 
1384 92850 
1385 92850 
1386 92850 
1387 92850 
1388 92850 
1389 92850 
1390 92850 
1391 92850 
1392 92850 
1393 92850 
1394 92850 
1395 92850 
1396 92850 
1397 92850 
1398 92850 
1399 92850 
1400 92850 
1401 92850 
1402 92850 
1403 92850 
1404 92850 
1405 92850 
1406 92850 
1407 92850 
1408 92850 
1409 92850 
1410 92850 
1411 92850 
1412 92850 
1413 92850 
1414 92850 
1415 92850 
1416 92850 
1417 92850 
1418 92850 
1419 92850 
1420 92850 
1421 92850 
1422 92850 
1423 92850 
1424 92850 
1425 92850 
1426 92850 
1427 92850 
1428 92850 
1429 92850 
1430 92850 
1431 92850 
1432 92850 
1433 92850 
1434 92850 
1435 92850 
1436 92850 
1437 92850 
1438 92850 
1439 92850 
1440 92850 
1441 92850 
1442 92850 
1443 92850 
1444 92850 
1445 92850 
1446 92850 
1447 92850 
1448 92850 
1449 92850 
1450 92850 
1451 92850 
1452 92850 
1453 92850 
1454 92850 
1455 92850 
1456 92850 
1457 92850 
1458 92850 
1459 92850 
1460 92850 
1461 92850 
1462 92850 
1463 92850 
1464 92850 
1465 92850 
1466 92850 
1467 92850 
1468 92850 
1469 92850 
1470 92850 
1471 92850 
1472 92850 
1473 92850 
1474 92850 
1475 92850 
1476 92850 
1477 92850 
1478 92850 
1479 92850 
1480 92850 
1481 92850 
1482 92850 
1483 92850 
1484 92850 
1485 92850 
1486 92850 
1487 92850 
1488 92850 
1489 92850 
1490 92850 
1491 92850 
1492 92850 
1493 92850 
1494 92850 
1495 92850 
1496 92850 
1497 92850 
1498 92850 
1499 92850 
1500 92850 
1501 92850 
1502 92850 
1503 92850 
1504 92850 
1505 92850 
1506 92850 
1507 92850 
1508 92850 
1509 92850 
1510 92850 
1511 92850 
1512 92850 
1513 92850 
1514 92850 
1515 92850 
1516 92850 
1517 92850 
1518 92850 
1519 92850 
1520 92850 
1521 92850 
1522 92850 
1523 92850 
1524 92850 
1525 92850 
1526 92850 
1527 92850 
1528 92850 
1529 92850 
1530 92850 
1531 92850 
1532 92850 
1533 92850 
1534 92850 
1535 92850 
1536 92850 
1537 92850 
1538 92850 
1539 92850 
1540 92850 
1541 92850 
1542 92850 
1543 92850 
1544 92850 
1545 92850 
1546 92850 
1547 92850 
1548 92850 
1549 92850 
1550 92850 
1551 92850 
1552 92850 
1553 92850 
1554 92850 
1555 92850 
1556 92850 
1557 92850 
1558 92850 
1559 92850 
1560 92850 
1561 92850 
1562 92850 
1563 92850 
1564 92850 
1565 92850 
1566 92850 
1567 92850 
1568 92850 
1569 92850 
1570 92850 
1571 92850 
1572 92850 
1573 92850 
1574 92850 
1575 92850 
1576 92850 
1577 92850 
1578 92850 
1579 92850 
1580 92850 
1581 92850 
1582 92850 
1583 92850 
1584 92850 
1585 92850 
1586 92850 
1587 92850 
1588 92850 
1589 92850 
1590 92850 
1591 92850 
1592 92850 
1593 92850 
1594 92850 
1595 92850 
1596 92850 
1597 92850 
1598 92850 
1599 92850 
1600 92850 
1601 92850 
1602 92850 
1603 92850 
1604 92850 
1605 92850 
1606 92850 
1607 92850 
1608 92850 
1609 92850 
1610 92850 
1611 92850 
1612 92850 
1613 92850 
1614 92850 
1615 92850 
1616 92850 
1617 92850 
1618 92850 
1619 92850 
1620 92850 
1621 92850 
1622 92850 
1623 92850 
1624 92850 
1625 92850 
1626 92850 
1627 92850 
1628 92850 
1629 92850 
1630 92850 
1631 92850 
1632 92850 
1633 92850 
1634 92850 
1635 92850 
1636 92850 
1637 92850 
1638 92850 
1639 92850 
1640 92850 
1641 92850 
1642 92850 
1643 92850 
1644 92850 
1645 92850 
1646 92850 
1647 92850 
1648 92850 
1649 92850 
1650 92850 
1651 92850 
1652 92850 
1653 92850 
1654 92850 
1655 92850 
1656 92850 
1657 92850 
1658 92850 
1659 92850 
1660 92850 
1661 92850 
1662 92850 
1663 92850 
1664 92850 
1665 92850 
1666 92850 
1667 92850 
1668 92850 
1669 92850 
1670 92850 
1671 92850 
1672 92850 
1673 92850 
1674 92850 
1675 92850 
1676 92850 
1677 92850 
1678 92850 
1679 92850 
1680 92850 
1681 92850 
1682 92850 
1683 92850 
1684 92850 
1685 92850 
1686 92850 
1687 92850 
1688 92850 
1689 92850 
1690 92850 
1691 92850 
1692 92850 
1693 92850 
1694 92850 
1695 92850 
1696 92850 
1697 92850 
1698 92850 
1699 92850 
1700 92850 
1701 92850 
1702 92850 
1703 92850 
1704 92850 
1705 92850 
1706 92850 
1707 92850 
1708 92850 
1709 92850 
1710 92850 
1711 92850 
1712 92850 
1713 92850 
1714 92850 
1715 92850 
1716 92850 
1717 92850 
1718 92850 
1719 92850 
1720 92850 
1721 92850 
1722 92850 
1723 92850 
1724 92850 
1725 92850 
1726 92850 
1727 92850 
1728 92850 
1729 92850 
1730 92850 
1731 92850 
1732 92850 
1733 92850 
1734 92850 
1735 92850 
1736 92850 
1737 92850 
1738 92850 
1739 92850 
1740 92850 
1741 92850 
1742 92850 
1743 92850 
1744 92850 
1745 92850 
1746 92850 
1747 92850 
1748 92850 
1749 92850 
1750 92850 
1751 92850 
1752 92850 
1753 92850 
1754 92850 
1755 92850 
1756 92850 
1757 92850 
1758 92850 
1759 92850 
1760 92850 
1761 92850 
1762 92850 
1763 92850 
1764 92850 
1765 92850 
1766 92850 
1767 92850 
1768 92850 
1769 92850 
1770 92850 
1771 92850 
1772 92850 
1773 92850 
1774 92850 
1775 92850 
1776 92850 
1777 92850 
1778 92850 
1779 92850 
1780 92850 
1781 92850 
1782 92850 
1783 92850 
1784 92850 
1785 92850 
1786 92850 
1787 92850 
1788 92850 
1789 92850 
1790 92850 
1791 92850 
1792 92850 
1793 92850 
1794 92850 
1795 92850 
1796 92850 
1797 92850 
1798 92850 
1799 92850 
1800 92850 
1801 92850 
1802 92850 
1803 92850 
1804 92850 
1805 92850 
1806 92850 
1807 92850 
1808 92850 
1809 92850 
1810 92850 
1811 92850 
1812 92850 
1813 92850 
1814 92850 
1815 92850 
1816 92850 
1817 92850 
1818 92850 
1819 92850 
1820 92850 
1821 92850 
1822 92850 
1823 92850 
1824 92850 
1825 92850 
1826 92850 
1827 92850 
1828 92850 
1829 92850 
1830 92850 
1831 92850 
1832 92850 
1833 92850 
1834 92850 
1835 92850 
1836 92850 
1837 92850 
1838 92850 
1839 92850 
1840 92850 
1841 92850 
1842 92850 
1843 92850 
1844 92850 
1845 92850 
1846 92850 
1847 92850 
1848 92850 
1849 92850 
1850 92850 
1851 92850 
1852 92850 
1853 92850 
1854 92850 
1855 92850 
1856 92850 
1857 92850 
1858 92850 
1859 92850 
1860 92850 
1861 92850 
1862 92850 
1863 92850 
1864 92850 
1865 92850 
1866 92850 
1867 92850 
1868 92850 
1869 92850 
1870 92850 
1871 92850 
1872 92850 
1873 92850 
1874 92850 
1875 92850 
1876 92850 
1877 92850 
1878 92850 
1879 92850 
1880 92850 
1881 92850 
1882 92850 
1883 92850 
1884 92850 
1885 92850 
1886 92850 
1887 92850 
1888 92850 
1889 92850 
1890 92850 
1891 92850 
1892 92850 
1893 92850 
1894 92850 
1895 92850 
1896 92850 
1897 92850 
1898 92850 
1899 92850 
1900 92850 
1901 92850 
1902 92850 
1903 92850 
1904 92850 
1905 92850 
1906 92850 
1907 92850 
1908 92850 
1909 92850 
1910 92850 
1911 92850 
1912 92850 
1913 92850 
1914 92850 
1915 92850 
1916 92850 
1917 92850 
1918 92850 
1919 92850 
1920 92850 
1921 92850 
1922 92850 
1923 92850 
1924 92850 
1925 92850 
1926 92850 
1927 92850 
1928 92850 
1929 92850 
1930 92850 
1931 92850 
1932 92850 
1933 92850 
1934 92850 
1935 92850 
1936 92850 
1937 92850 
1938 92850 
1939 92850 
1940 92850 
1941 92850 
1942 92850 
1943 92850 
1944 92850 
1945 92850 
1946 92850 
1947 92850 
1948 92850 
1949 92850 
1950 92850 
1951 92850 
1952 92850 
1953 92850 
1954 92850 
1955 92850 
1956 92850 
1957 92850 
1958 92850 
1959 92850 
1960 92850 
1961 92850 
1962 92850 
1963 92850 
1964 92850 
1965 92850 
1966 92850 
1967 92850 
1968 92850 
1969 92850 
1970 92850 
1971 92850 
1972 92850 
1973 92850 
1974 92850 
1975 92850 
1976 92850 
1977 92850 
1978 92850 
1979 92850 
1980 92850 
1981 92850 
1982 92850 
1983 92850 
1984 92850 
1985 92850 
1986 92850 
1987 92850 
1988 92850 
1989 92850 
1990 92850 
1991 92850 
1992 92850 
1993 92850 
1994 92850 
1995 92850 
1996 92850 
1997 92850 
1998 92850 
1999 92850 
2000 92850 
2001 92850 
2002 92850 
2003 92850 
2004 92850 
2005 92850 
2006 92850 
2007 92850 
2008 92850 
2009 92850 
2010 92850 
2011 92850 
2012 92850 
2013 92850 
2014 92850 
2015 92850 
2016 92850 
2017 92850 
2018 92850 
2019 92850 
2020 92850 
2021 92850 
2022 92850 
2023 92850 
2024 92850 
2025 92850 
2026 92850 
2027 92850 
2028 92850 
2029 92850 
2030 92850 
2031 92850 
2032 92850 
2033 92850 
2034 92850 
2035 92850 
2036 92850 
2037 92850 
2038 92850 
2039 92850 
2040 92850 
2041 92850 
2042 92850 
2043 92850 
2044 92850 
2045 92850 
2046 92850 
2047 92850 
2048 92850 
2049 92850 
2050 92850 
2051 92850 
2052 92850 
2053 92850 
2054 92850 
2055 92850 
2056 92850 
2057 92850 
2058 92850 
2059 92850 
2060 92850 
2061 92850 
2062 92850 
2063 92850 
2064 92850 
2065 92850 
2066 92850 
2067 92850 
2068 92850 
2069 92850 
2070 92850 
2071 92850 
2072 92850 
2073 92850 
2074 92850 
2075 92850 
2076 92850 
2077 92850 
2078 92850 
2079 92850 
2080 92850 
2081 92850 
2082 92850 
2083 92850 
2084 92850 
2085 92850 
2086 92850 
2087 92850 
2088 92850 
2089 92850 
2090 92850 
2091 92850 
2092 92850 
2093 92850 
2094 92850 
2095 92850 
2096 92850 
2097 92850 
2098 92850 
2099 92850 
2100 92850 
2101 92850 
2102 92850 
2103 92850 
2104 92850 
2105 92850 
2106 92850 
2107 92850 
2108 92850 
2109 92850 
2110 92850 
2111 92850 
2112 92850 
2113 92850 
2114 92850 
2115 92850 
2116 92850 
2117 92850 
2118 92850 
2119 92850 
2120 92850 
2121 92850 
2122 92850 
2123 92850 
2124 92850 
2125 92850 
2126 92850 
2127 92850 
2128 92850 
2129 92850 
2130 92850 
2131 92850 
2132 92850 
2133 92850 
2134 92850 
2135 92850 
2136 92850 
2137 92850 
2138 92850 
2139 92850 
2140 92850 
2141 92850 
2142 92850 
2143 92850 
2144 92850 
2145 92850 
2146 92850 
2147 92850 
2148 92850 
2149 92850 
2150 92850 
2151 92850 
2152 92850 
2153 92850 
2154 92850 
2155 92850 
2156 92850 
2157 92850 
2158 92850 
2159 92850 
2160 92850 
2161 92850 
2162 92850 
2163 92850 
2164 92850 
2165 92850 
2166 92850 
2167 92850 
2168 92850 
2169 92850 
2170 92850 
2171 92850 
2172 92850 
2173 92850 
2174 92850 
2175 92850 
2176 92850 
2177 92850 
2178 92850 
2179 92850 
2180 92850 
2181 92850 
2182 92850 
2183 92850 
2184 92850 
2185 92850 
2186 92850 
2187 92850 
2188 92850 
2189 92850 
2190 92850 
2191 92850 
2192 92850 
2193 92850 
2194 92850 
2195 92850 
2196 92850 
2197 92850 
2198 92850 
2199 92850 
2200 92850 
2201 92850 
2202 92850 
2203 92850 
2204 92850 
2205 92850 
2206 92850 
2207 92850 
2208 92850 
2209 92850 
2210 92850 
2211 92850 
2212 92850 
2213 92850 
2214 92850 
2215 92850 
2216 92850 
2217 92850 
2218 92850 
2219 92850 
2220 92850 
2221 92850 
2222 92850 
2223 92850 
2224 92850 
2225 92850 
2226 92850 
2227 92850 
2228 92850 
2229 92850 
2230 92850 
2231 92850 
2232 92850 
2233 92850 
2234 92850 
2235 92850 
2236 92850 
2237 92850 
2238 92850 
2239 92850 
2240 92850 
2241 92850 
2242 92850 
2243 92850 
2244 92850 
2245 92850 
2246 92850 
2247 92850 
2248 92850 
2249 92850 
2250 92850 
2251 92850 
2252 92850 
2253 92850 
2254 92850 
2255 92850 
2256 92850 
2257 92850 
2258 92850 
2259 92850 
2260 92850 
2261 92850 
2262 92850 
2263 92850 
2264 92850 
2265 92850 
2266 92850 
2267 92850 
2268 92850 
2269 92850 
2270 92850 
2271 92850 
2272 92850 
2273 92850 
2274 92850 
2275 92850 
2276 92850 
2277 92850 
2278 92850 
2279 92850 
2280 92850 
2281 92850 
2282 92850 
2283 92850 
2284 92850 
2285 92850 
2286 92850 
2287 92850 
2288 92850 
2289 92850 
2290 92850 
2291 92850 
2292 92850 
2293 92850 
2294 92850 
2295 92850 
2296 92850 
2297 92850 
2298 92850 
2299 92850 
2300 92850 
2301 92850 
2302 92850 
2303 92850 
2304 92850 
2305 92850 
2306 92850 
2307 92850 
2308 92850 
2309 92850 
2310 92850 
2311 92850 
2312 92850 
2313 92850 
2314 92850 
2315 92850 
2316 92850 
2317 92850 
2318 92850 
2319 92850 
2320 92850 
2321 92850 
2322 92850 
2323 92850 
2324 92850 
2325 92850 
2326 92850 
2327 92850 
2328 92850 
2329 92850 
2330 92850 
2331 92850 
2332 92850 
2333 92850 
2334 92850 
2335 92850 
2336 92850 
2337 92850 
2338 92850 
2339 92850 
2340 92850 
2341 92850 
2342 92850 
2343 92850 
2344 92850 
2345 92850 
2346 92850 
2347 92850 
2348 92850 
2349 92850 
2350 92850 
2351 92850 
2352 92850 
2353 92850 
2354 92850 
2355 92850 
2356 92850 
2357 92850 
2358 92850 
2359 92850 
2360 92850 
2361 92850 
2362 92850 
2363 92850 
2364 92850 
2365 92850 
2366 92850 
2367 92850 
2368 92850 
2369 92850 
2370 92850 
2371 92850 
2372 92850 
2373 92850 
2374 92850 
2375 92850 
2376 92850 
2377 92850 
2378 92850 
2379 92850 
2380 92850 
2381 92850 
2382 92850 
2383 92850 
2384 92850 
2385 92850 
2386 92850 
2387 92850 
2388 92850 
2389 92850 
2390 92850 
2391 92850 
2392 92850 
2393 92850 
2394 92850 
2395 92850 
2396 92850 
2397 92850 
2398 92850 
2399 92850 
2400 92850 
2401 92850 
2402 92850 
2403 92850 
2404 92850 
2405 92850 
2406 92850 
2407 92850 
2408 92850 
2409 92850 
2410 92850 
2411 92850 
2412 92850 
2413 92850 
2414 92850 
2415 92850 
2416 92850 
2417 92850 
2418 92850 
2419 92850 
2420 92850 
2421 92850 
2422 92850 
2423 92850 
2424 92850 
2425 92850 
2426 92850 
2427 92850 
2428 92850 
2429 92850 
2430 92850 
2431 92850 
2432 92850 
2433 92850 
2434 92850 
2435 92850 
2436 92850 
2437 92850 
2438 92850 
2439 92850 
2440 92850 
2441 92850 
2442 92850 
2443 92850 
2444 92850 
2445 92850 
2446 92850 
2447 92850 
2448 92850 
2449 92850 
2450 92850 
2451 92850 
2452 92850 
2453 92850 
2454 92850 
2455 92850 
2456 92850 
2457 92850 
2458 92850 
2459 92850 
2460 92850 
2461 92850 
2462 92850 
2463 92850 
2464 92850 
2465 92850 
2466 92850 
2467 92850 
2468 92850 
2469 92850 
2470 92850 
2471 92850 
2472 92850 
2473 92850 
2474 92850 
2475 92850 
2476 92850 
2477 92850 
2478 92850 
2479 92850 
2480 92850 
2481 92850 
2482 92850 
2483 92850 
2484 92850 
2485 92850 
2486 92850 
2487 92850 
2488 92850 
2489 92850 
2490 92850 
2491 92850 
2492 92850 
2493 92850 
2494 92850 
2495 92850 
2496 92850 
2497 92850 
2498 92850 
2499 92850 
2500 92850 
2501 92850 
2502 92850 
2503 92850 
2504 92850 
2505 92850 
2506 92850 
2507 92850 
2508 92850 
2509 92850 
2510 92850 
2511 92850 
2512 92850 
2513 92850 
2514 92850 
2515 92850 
2516 92850 
2517 92850 
2518 92850 
2519 92850 
2520 92850 
2521 92850 
2522 92850 
2523 92850 
2524 92850 
2525 92850 
2526 92850 
2527 92850 
2528 92850 
2529 92850 
2530 92850 
2531 92850 
2532 92850 
2533 92850 
2534 92850 
2535 92850 
2536 92850 
2537 92850 
2538 92850 
2539 92850 
2540 92850 
2541 92850 
2542 92850 
2543 92850 
2544 92850 
2545 92850 
2546 92850 
2547 92850 
2548 92850 
2549 92850 
2550 92850 
2551 92850 
2552 92850 
2553 92850 
2554 92850 
2555 92850 
2556 92850 
2557 92850 
2558 92850 
2559 92850 
2560 92850 
2561 92850 
2562 92850 
2563 92850 
2564 92850 
2565 92850 
2566 92850 
2567 92850 
2568 92850 
2569 92850 
2570 92850 
2571 92850 
2572 92850 
2573 92850 
2574 92850 
2575 92850 
2576 92850 
2577 92850 
2578 92850 
2579 92850 
2580 92850 
2581 92850 
2582 92850 
2583 92850 
2584 92850 
2585 92850 
2586 92850 
2587 92850 
2588 92850 
2589 92850 
2590 92850 
2591 92850 
2592 92850 
2593 92850 
2594 92850 
2595 92850 
2596 92850 
2597 92850 
2598 92850 
2599 92850 
2600 92850 
2601 92850 
2602 92850 
2603 92850 
2604 92850 
2605 92850 
2606 92850 
2607 92850 
2608 92850 
2609 92850 
2610 92850 
2611 92850 
2612 92850 
2613 92850 
2614 92850 
2615 92850 
2616 92850 
2617 92850 
2618 92850 
2619 92850 
2620 92850 
2621 92850 
2622 92850 
2623 92850 
2624 92850 
2625 92850 
2626 92850 
2627 92850 
2628 92850 
2629 92850 
2630 92850 
2631 92850 
2632 92850 
2633 92850 
2634 92850 
2635 92850 
2636 92850 
2637 92850 
2638 92850 
2639 92850 
2640 92850 
2641 92850 
2642 92850 
2643 92850 
2644 92850 
2645 92850 
2646 92850 
2647 92850 
2648 92850 
2649 92850 
2650 92850 
2651 92850 
2652 92850 
2653 92850 
2654 92850 
2655 92850 
2656 92850 
2657 92850 
2658 92850 
2659 92850 
2660 92850 
2661 92850 
2662 92850 
2663 92850 
2664 92850 
2665 92850 
2666 92850 
2667 92850 
2668 92850 
2669 92850 
2670 92850 
2671 92850 
2672 92850 
2673 92850 
2674 92850 
2675 92850 
2676 92850 
2677 92850 
2678 92850 
2679 92850 
2680 92850 
2681 92850 
2682 92850 
2683 92850 
2684 92850 
2685 92850 
2686 92850 
2687 92850 
2688 92850 
2689 92850 
2690 92850 
2691 92850 
2692 92850 
2693 92850 
2694 92850 
2695 92850 
2696 92850 
2697 92850 
2698 92850 
2699 92850 
2700 92850 
2701 92850 
2702 92850 
2703 92850 
2704 92850 
2705 92850 
2706 92850 
2707 92850 
2708 92850 
2709 92850 
2710 92850 
2711 92850 
2712 92850 
2713 92850 
2714 92850 
2715 92850 
2716 92850 
2717 92850 
2718 92850 
2719 92850 
2720 92850 
2721 92850 
2722 92850 
2723 92850 
2724 92850 
2725 92850 
2726 92850 
2727 92850 
2728 92850 
2729 92850 
2730 92850 
2731 92850 
2732 92850 
2733 92850 
2734 92850 
2735 92850 
2736 92850 
2737 92850 
2738 92850 
2739 92850 
2740 92850 
2741 92850 
2742 92850 
2743 92850 
2744 92850 
2745 92850 
2746 92850 
2747 92850 
2748 92850 
2749 92850 
2750 92850 
2751 92850 
2752 92850 
2753 92850 
2754 92850 
2755 92850 
2756 92850 
2757 92850 
2758 92850 
2759 92850 
2760 92850 
2761 92850 
2762 92850 
2763 92850 
2764 92850 
2765 92850 
2766 92850 
2767 92850 
2768 92850 
2769 92850 
2770 92850 
2771 92850 
2772 92850 
2773 92850 
2774 92850 
2775 92850 
2776 92850 
2777 92850 
2778 92850 
2779 92850 
2780 92850 
2781 92850 
2782 92850 
2783 92850 
2784 92850 
2785 92850 
2786 92850 
2787 92850 
2788 92850 
2789 92850 
2790 92850 
2791 92850 
2792 92850 
2793 92850 
2794 92850 
2795 92850 
2796 92850 
2797 92850 
2798 92850 
2799 92850 
2800 92850 
2801 92850 
2802 92850 
2803 92850 
2804 92850 
2805 92850 
2806 92850 
2807 92850 
2808 92850 
2809 92850 
2810 92850 
2811 92850 
2812 92850 
2813 92850 
2814 92850 
2815 92850 
2816 92850 
2817 92850 
2818 92850 
2819 92850 
2820 92850 
2821 92850 
2822 92850 
2823 92850 
2824 92850 
2825 92850 
2826 92850 
2827 92850 
2828 92850 
2829 92850 
2830 92850 
2831 92850 
2832 92850 
2833 92850 
2834 92850 
2835 92850 
2836 92850 
2837 92850 
2838 92850 
2839 92850 
2840 92850 
2841 92850 
2842 92850 
2843 92850 
2844 92850 
2845 92850 
2846 92850 
2847 92850 
2848 92850 
2849 92850 
2850 92850 
2851 92850 
2852 92850 
2853 92850 
2854 92850 
2855 92850 
2856 92850 
2857 92850 
2858 92850 
2859 92850 
2860 92850 
2861 92850 
2862 92850 
2863 92850 
2864 92850 
2865 92850 
2866 92850 
2867 92850 
2868 92850 
2869 92850 
2870 92850 
2871 92850 
2872 92850 
2873 92850 
2874 92850 
2875 92850 
2876 92850 
2877 92850 
2878 92850 
2879 92850 
2880 92850 
2881 92850 
2882 92850 
2883 92850 
2884 92850 
2885 92850 
2886 92850 
2887 92850 
2888 92850 
2889 92850 
2890 92850 
2891 92850 
2892 92850 
2893 92850 
2894 92850 
2895 92850 
2896 92850 
2897 92850 
2898 92850 
2899 92850 
2900 92850 
2901 92850 
2902 92850 
2903 92850 
2904 92850 
2905 92850 
2906 92850 
2907 92850 
2908 92850 
2909 92850 
2910 92850 
2911 92850 
2912 92850 
2913 92850 
2914 92850 
2915 92850 
2916 92850 
2917 92850 
2918 92850 
2919 92850 
2920 92850 
2921 92850 
2922 92850 
2923 92850 
2924 92850 
2925 92850 
2926 92850 
2927 92850 
2928 92850 
2929 92850 
2930 92850 
2931 92850 
2932 92850 
2933 92850 
2934 92850 
2935 92850 
2936 92850 
2937 92850 
2938 92850 
2939 92850 
2940 92850 
2941 92850 
2942 92850 
2943 92850 
2944 92850 
2945 92850 
2946 92850 
2947 92850 
2948 92850 
2949 92850 
2950 92850 
2951 92850 
2952 92850 
2953 92850 
2954 92850 
2955 92850 
2956 92850 
2957 92850 
2958 92850 
2959 92850 
2960 92850 
2961 92850 
2962 92850 
2963 92850 
2964 92850 
2965 92850 
2966 92850 
2967 92850 
2968 92850 
2969 92850 
2970 92850 
2971 92850 
2972 92850 
2973 92850 
2974 92850 
2975 92850 
2976 92850 
2977 92850 
2978 92850 
2979 92850 
2980 92850 
2981 92850 
2982 92850 
2983 92850 
2984 92850 
2985 92850 
2986 92850 
2987 92850 
2988 92850 
2989 92850 
2990 92850 
2991 92850 
2992 92850 
2993 92850 
2994 92850 
2995 92850 
2996 92850 
2997 92850 
2998 92850 
2999 92850 
3000 92850 
3001 92850 
3002 92850 
3003 92850 
3004 92850 
3005 92850 
3006 92850 
3007 92850 
3008 92850 
3009 92850 
3010 92850 
3011 92850 
3012 92850 
3013 92850 
3014 92850 
3015 92850 
3016 92850 
3017 92850 
3018 92850 
3019 92850 
3020 92850 
3021 92850 
3022 92850 
3023 92850 
3024 92850 
3025 92850 
3026 92850 
3027 92850 
3028 92850 
3029 92850 
3030 92850 
3031 92850 
3032 92850 
3033 92850 
3034 92850 
3035 92850 
3036 92850 
3037 92850 
3038 92850 
3039 92850 
3040 92850 
3041 92850 
3042 92850 
3043 92850 
3044 92850 
3045 92850 
3046 92850 
3047 92850 
3048 92850 
3049 92850 
3050 92850 
3051 92850 
3052 92850 
3053 92850 
3054 92850 
3055 92850 
3056 92850 
3057 92850 
3058 92850 
3059 92850 
3060 92850 
3061 92850 
3062 92850 
3063 92850 
3064 92850 
3065 92850 
3066 92850 
3067 92850 
3068 92850 
3069 92850 
3070 92850 
3071 92850 
3072 92850 
3073 92850 
3074 92850 
3075 92850 
3076 92850 
3077 92850 
3078 92850 
3079 92850 
3080 92850 
3081 92850 
3082 92850 
3083 92850 
3084 92850 
3085 92850 
3086 92850 
3087 92850 
3088 92850 
3089 92850 
3090 92850 
3091 92850 
3092 92850 
3093 92850 
3094 92850 
3095 92850 
3096 92850 
3097 92850 
3098 92850 
3099 92850 
3100 92850 
3101 92850 
3102 92850 
3103 92850 
3104 92850 
3105 92850 
3106 92850 
3107 92850 
3108 92850 
3109 92850 
3110 92850 
3111 92850 
3112 92850 
3113 92850 
3114 92850 
3115 92850 
3116 92850 
3117 92850 
3118 92850 
3119 92850 
3120 92850 
3121 92850 
3122 92850 
3123 92850 
3124 92850 
3125 92850 
3126 92850 
3127 92850 
3128 92850 
3129 92850 
3130 92850 
3131 92850 
3132 92850 
3133 92850 
3134 92850 
3135 92850 
3136 92850 
3137 92850 
3138 92850 
3139 92850 
3140 92850 
3141 92850 
3142 92850 
3143 92850 
3144 92850 
3145 92850 
3146 92850 
3147 92850 
3148 92850 
3149 92850 
3150 92850 
3151 92850 
3152 92850 
3153 92850 
3154 92850 
3155 92850 
3156 92850 
3157 92850 
3158 92850 
3159 92850 
3160 92850 
3161 92850 
3162 92850 
3163 92850 
3164 92850 
3165 92850 
3166 92850 
3167 92850 
3168 92850 
3169 92850 
3170 92850 

