0 142790 
1 142730 
2 142510 
3 142310 
4 142290 
5 142190 
6 141990 
7 141960 
8 141760 
9 141430 
10 141130 
11 141030 
12 140830 
13 140530 
14 140330 
15 139930 
16 139730 
17 139710 
18 139450 
19 139250 
20 139150 
21 139050 
22 138850 
23 138750 
24 138450 
25 138390 
26 137790 
27 137690 
28 137490 
29 137290 
30 137060 
31 136860 
32 136720 
33 136620 
34 136020 
35 135920 
36 135720 
37 135320 
38 135120 
39 135020 
40 134620 
41 134480 
42 134190 
43 133890 
44 133690 
45 133590 
46 133390 
47 133090 
48 132890 
49 132630 
50 132530 
51 132330 
52 131990 
53 131490 
54 131290 
55 130890 
56 130290 
57 130190 
58 130050 
59 129990 
60 129790 
61 129390 
62 129190 
63 129090 
64 128590 
65 128400 
66 128260 
67 128060 
68 127860 
69 127560 
70 127360 
71 127290 
72 127210 
73 127010 
74 126950 
75 126750 
76 126150 
77 125750 
78 125550 
79 125350 
80 125290 
81 125090 
82 124890 
83 124290 
84 124280 
85 124220 
86 123420 
87 123320 
88 123320 
89 122940 
90 122840 
91 122640 
92 122240 
93 122240 
94 121930 
95 121530 
96 120950 
97 120840 
98 120340 
99 119890 
100 119790 
101 119390 
102 118730 
103 118530 
104 118130 
105 117670 
106 117670 
107 117580 
108 117560 
109 117510 
110 117110 
111 117010 
112 116810 
113 116610 
114 116150 
115 115750 
116 115650 
117 115550 
118 115350 
119 115250 
120 114900 
121 114300 
122 113980 
123 113380 
124 112980 
125 112780 
126 112580 
127 112480 
128 111680 
129 111580 
130 111380 
131 111280 
132 111280 
133 111180 
134 110980 
135 110780 
136 110580 
137 110380 
138 110080 
139 109980 
140 109780 
141 109580 
142 108980 
143 108380 
144 108240 
145 108080 
146 107680 
147 107380 
148 107180 
149 107180 
150 106980 
151 106780 
152 106480 
153 106080 
154 105880 
155 105680 
156 105580 
157 105580 
158 105480 
159 105280 
160 104880 
161 104480 
162 104380 
163 104180 
164 104030 
165 104030 
166 103730 
167 103630 
168 103490 
169 103190 
170 102990 
171 102930 
172 102730 
173 102640 
174 102630 
175 102530 
176 102060 
177 101760 
178 101060 
179 100560 
180 100360 
181 100160 
182 100060 
183 99860 
184 99460 
185 99360 
186 99320 
187 99100 
188 97100 
189 97000 
190 96400 
191 96000 
192 95800 
193 95600 
194 95000 
195 94600 
196 94400 
197 94400 
198 94400 
199 94400 
200 94200 
201 94000 
202 94000 
203 94000 
204 94000 
205 93500 
206 93500 
207 93500 
208 93500 
209 93500 
210 93500 
211 93500 
212 93500 
213 93500 
214 93500 
215 93500 
216 93500 
217 93500 
218 93300 
219 93300 
220 93300 
221 93300 
222 93300 
223 93300 
224 93300 
225 93300 
226 93300 
227 93300 
228 93300 
229 93300 
230 93300 
231 93300 
232 93300 
233 93300 
234 93300 
235 93300 
236 93300 
237 93300 
238 93300 
239 93300 
240 93300 
241 93300 
242 93300 
243 93300 
244 93300 
245 93300 
246 93300 
247 93300 
248 93300 
249 93300 
250 93300 
251 93300 
252 93300 
253 93300 
254 93300 
255 93300 
256 93300 
257 93300 
258 93300 
259 93300 
260 93300 
261 93300 
262 93300 
263 93300 
264 93300 
265 93300 
266 93300 
267 93300 
268 93300 
269 93300 
270 93300 
271 93300 
272 93300 
273 93300 
274 93300 
275 93300 
276 93300 
277 93300 
278 93300 
279 93300 
280 93300 
281 93300 
282 93300 
283 93300 
284 93300 
285 93300 
286 93300 
287 93300 
288 93300 
289 93300 
290 93300 
291 93300 
292 93300 
293 93300 
294 93300 
295 93300 
296 93300 
297 93300 
298 93300 
299 93300 
300 93300 
301 93300 
302 93300 
303 93300 
304 93300 
305 93300 
306 93300 
307 93300 
308 93300 
309 93300 
310 93300 
311 93300 
312 93300 
313 93300 
314 93300 
315 93300 
316 93300 
317 93300 
318 93300 
319 93300 
320 93300 
321 93300 
322 93300 
323 93300 
324 93300 
325 93300 
326 93300 
327 93300 
328 93300 
329 93300 
330 93300 
331 93300 
332 93300 
333 93300 
334 93300 
335 93300 
336 93300 
337 93300 
338 93300 
339 93300 
340 93300 
341 93300 
342 93300 
343 93300 
344 93300 
345 93300 
346 93300 
347 93300 
348 93300 
349 93300 
350 93300 
351 93300 
352 93300 
353 93300 
354 93300 
355 93300 
356 93300 
357 93300 
358 93300 
359 93300 
360 93300 
361 93300 
362 93300 
363 93300 
364 93300 
365 93300 
366 93300 
367 93300 
368 93300 
369 93300 
370 93300 
371 93300 
372 93300 
373 93300 
374 93300 
375 93300 
376 93300 
377 93300 
378 93300 
379 93300 
380 93300 
381 93300 
382 93300 
383 93300 
384 93300 
385 93300 
386 93300 
387 93300 
388 93300 
389 93300 
390 93300 
391 93300 
392 93300 
393 93300 
394 93300 
395 93300 
396 93300 
397 93300 
398 93300 
399 93300 
400 93300 
401 93300 
402 93300 
403 93300 
404 93300 
405 93300 
406 93300 
407 93300 
408 93300 
409 93300 
410 93300 
411 93300 
412 93300 
413 93300 
414 93300 
415 93300 
416 93300 
417 93300 
418 93300 
419 93300 
420 93300 
421 93300 
422 93300 
423 93300 
424 93300 
425 93300 
426 93300 
427 93300 
428 93300 
429 93300 
430 93300 
431 93300 
432 93300 
433 93300 
434 93300 
435 93300 
436 93300 
437 93300 
438 93300 
439 93300 
440 93300 
441 93300 
442 93300 
443 93300 
444 93300 
445 93300 
446 93300 
447 93300 
448 93300 
449 93300 
450 93300 
451 93300 
452 93300 
453 93300 
454 93300 
455 93300 
456 93300 
457 93300 
458 93300 
459 93300 
460 93300 
461 93300 
462 93300 
463 93300 
464 93300 
465 93300 
466 93300 
467 93300 
468 93300 
469 93300 
470 93300 
471 93300 
472 93300 
473 93300 
474 93300 
475 93300 
476 93300 
477 93300 
478 93300 
479 93300 
480 93300 
481 93300 
482 93300 
483 93300 
484 93300 
485 93300 
486 93300 
487 93300 
488 93300 
489 93300 
490 93300 
491 93300 
492 93300 
493 93300 
494 93300 
495 93300 
496 93300 
497 93300 
498 93300 
499 93300 
500 93300 
501 93300 
502 93300 
503 93300 
504 93300 
505 93300 
506 93300 
507 93300 
508 93300 
509 93300 
510 93300 
511 93300 
512 93300 
513 93300 
514 93300 
515 93300 
516 93300 
517 93300 
518 93300 
519 93300 
520 93300 
521 93300 
522 93300 
523 93300 
524 93300 
525 93300 
526 93300 
527 93300 
528 93300 
529 93300 
530 93300 
531 93300 
532 93300 
533 93300 
534 93300 
535 93300 
536 93300 
537 93300 
538 93300 
539 93300 
540 93300 
541 93300 
542 93300 
543 93300 
544 93300 
545 93300 
546 93300 
547 93300 
548 93300 
549 93300 
550 93300 
551 93300 
552 93300 
553 93300 
554 93300 
555 93300 
556 93300 
557 93300 
558 93300 
559 93300 
560 93300 
561 93300 
562 93300 
563 93300 
564 93300 
565 93300 
566 93300 
567 93300 
568 93300 
569 93300 
570 93300 
571 93300 
572 93300 
573 93300 
574 93300 
575 93300 
576 93300 
577 93300 
578 93300 
579 93300 
580 93300 
581 93300 
582 93300 
583 93300 
584 93300 
585 93300 
586 93300 
587 93300 
588 93300 
589 93300 
590 93300 
591 93300 
592 93300 
593 93300 
594 93300 
595 93300 
596 93300 
597 93300 
598 93300 
599 93300 
600 93300 
601 93300 
602 93300 
603 93300 
604 93300 
605 93300 
606 93300 
607 93300 
608 93300 
609 93300 
610 93300 
611 93300 
612 93300 
613 93300 
614 93300 
615 93300 
616 93300 
617 93300 
618 93300 
619 93300 
620 93300 
621 93300 
622 93300 
623 93300 
624 93300 
625 93300 
626 93300 
627 93300 
628 93300 
629 93300 
630 93300 
631 93300 
632 93300 
633 93300 
634 93300 
635 93300 
636 93300 
637 93300 
638 93300 
639 93300 
640 93300 
641 93300 
642 93300 
643 93300 
644 93300 
645 93300 
646 93300 
647 93300 
648 93300 
649 93300 
650 93300 
651 93300 
652 93300 
653 93300 
654 93300 
655 93300 
656 93300 
657 93300 
658 93300 
659 93300 
660 93300 
661 93300 
662 93300 
663 93300 
664 93300 
665 93300 
666 93300 
667 93300 
668 93300 
669 93300 
670 93300 
671 93300 
672 93300 
673 93300 
674 93300 
675 93300 
676 93300 
677 93300 
678 93300 
679 93300 
680 93300 
681 93300 
682 93300 
683 93300 
684 93300 
685 93300 
686 93300 
687 93300 
688 93300 
689 93300 
690 93300 
691 93300 
692 93300 
693 93300 
694 93300 
695 93300 
696 93300 
697 93300 
698 93300 
699 93300 
700 93300 
701 93300 
702 93300 
703 93300 
704 93300 
705 93300 
706 93300 
707 93300 
708 93300 
709 93300 
710 93300 
711 93300 
712 93300 
713 93300 
714 93300 
715 93300 
716 93300 
717 93300 
718 93300 
719 93300 
720 93300 
721 93300 
722 93300 
723 93300 
724 93300 
725 93300 
726 93300 
727 93300 
728 93300 
729 93300 
730 93300 
731 93300 
732 93300 
733 93300 
734 93300 
735 93300 
736 93300 
737 93300 
738 93300 
739 93300 
740 93300 
741 93300 
742 93300 
743 93300 
744 93300 
745 93300 
746 93300 
747 93300 
748 93300 
749 93300 
750 93300 
751 93300 
752 93300 
753 93300 
754 93300 
755 93300 
756 93300 
757 93300 
758 93300 
759 93300 
760 93300 
761 93300 
762 93300 
763 93300 
764 93300 
765 93300 
766 93300 
767 93300 
768 93300 
769 93300 
770 93300 
771 93300 
772 93300 
773 93300 
774 93300 
775 93300 
776 93300 
777 93300 
778 93300 
779 93300 
780 93300 
781 93300 
782 93300 
783 93300 
784 93300 
785 93300 
786 93300 
787 93300 
788 93300 
789 93300 
790 93300 
791 93300 
792 93300 
793 93300 
794 93300 
795 93300 
796 93300 
797 93300 
798 93300 
799 93300 
800 93300 
801 93300 
802 93300 
803 93300 
804 93300 
805 93300 
806 93300 
807 93300 
808 93300 
809 93300 
810 93300 
811 93300 
812 93300 
813 93300 
814 93300 
815 93300 
816 93300 
817 93300 
818 93300 
819 93300 
820 93300 
821 93300 
822 93300 
823 93300 
824 93300 
825 93300 
826 93300 
827 93300 
828 93300 
829 93300 
830 93300 
831 93300 
832 93300 
833 93300 
834 93300 
835 93300 
836 93300 
837 93300 
838 93300 
839 93300 
840 93300 
841 93300 
842 93300 
843 93300 
844 93300 
845 93300 
846 93300 
847 93300 
848 93300 
849 93300 
850 93300 
851 93300 
852 93300 
853 93300 
854 93300 
855 93300 
856 93300 
857 93300 
858 93300 
859 93300 
860 93300 
861 93300 
862 93300 
863 93300 
864 93300 
865 93300 
866 93300 
867 93300 
868 93300 
869 93300 
870 93300 
871 93300 
872 93300 
873 93300 
874 93300 
875 93300 
876 93300 
877 93300 
878 93300 
879 93300 
880 93300 
881 93300 
882 93300 
883 93300 
884 93300 
885 93300 
886 93300 
887 93300 
888 93300 
889 93300 
890 93300 
891 93300 
892 93300 
893 93300 
894 93300 
895 93300 
896 93300 
897 93300 
898 93300 
899 93300 
900 93300 
901 93300 
902 93300 
903 93300 
904 93300 
905 93300 
906 93300 
907 93300 
908 93300 
909 93300 
910 93300 
911 93300 
912 93300 
913 93300 
914 93300 
915 93300 
916 93300 
917 93300 
918 93300 
919 93300 
920 93300 
921 93300 
922 93300 
923 93300 
924 93300 
925 93300 
926 93300 
927 93300 
928 93300 
929 93300 
930 93300 
931 93300 
932 93300 
933 93300 
934 93300 
935 93300 
936 93300 
937 93300 
938 93300 
939 93300 
940 93300 
941 93300 
942 93300 
943 93300 
944 93300 
945 93300 
946 93300 
947 93300 
948 93300 
949 93300 
950 93300 
951 93300 
952 93300 
953 93300 
954 93300 
955 93300 
956 93300 
957 93300 
958 93300 
959 93300 
960 93300 
961 93300 
962 93300 
963 93300 
964 93300 
965 93300 
966 93300 
967 93300 
968 93300 
969 93300 
970 93300 
971 93300 
972 93300 
973 93300 
974 93300 
975 93300 
976 93300 
977 93300 
978 93300 
979 93300 
980 93300 
981 93300 
982 93300 
983 93300 
984 93300 
985 93300 
986 93300 
987 93300 
988 93300 
989 93300 
990 93300 
991 93300 
992 93300 
993 93300 
994 93300 
995 93300 
996 93300 
997 93300 
998 93300 
999 93300 
1000 93300 
1001 93300 
1002 93300 
1003 93300 
1004 93300 
1005 93300 
1006 93300 
1007 93300 
1008 93300 
1009 93300 
1010 93300 
1011 93300 
1012 93300 
1013 93300 
1014 93300 
1015 93300 
1016 93300 
1017 93300 
1018 93300 
1019 93300 
1020 93300 
1021 93300 
1022 93300 
1023 93300 
1024 93300 
1025 93300 
1026 93300 
1027 93300 
1028 93300 
1029 93300 
1030 93300 
1031 93300 
1032 93300 
1033 93300 
1034 93300 
1035 93300 
1036 93300 
1037 93300 
1038 93300 
1039 93300 
1040 93300 
1041 93300 
1042 93300 
1043 93300 
1044 93300 
1045 93300 
1046 93300 
1047 93300 
1048 93300 
1049 93300 
1050 93300 
1051 93300 
1052 93300 
1053 93300 
1054 93300 
1055 93300 
1056 93300 
1057 93300 
1058 93300 
1059 93300 
1060 93300 
1061 93300 
1062 93300 
1063 93300 
1064 93300 
1065 93300 
1066 93300 
1067 93300 
1068 93300 
1069 93300 
1070 93300 
1071 93300 
1072 93300 
1073 93300 
1074 93300 
1075 93300 
1076 93300 
1077 93300 
1078 93300 
1079 93300 
1080 93300 
1081 93300 
1082 93300 
1083 93300 
1084 93300 
1085 93300 
1086 93300 
1087 93300 
1088 93300 
1089 93300 
1090 93300 
1091 93300 
1092 93300 
1093 93300 
1094 93300 
1095 93300 
1096 93300 
1097 93300 
1098 93300 
1099 93300 
1100 93300 
1101 93300 
1102 93300 
1103 93300 
1104 93300 
1105 93300 
1106 93300 
1107 93300 
1108 93300 
1109 93300 
1110 93300 
1111 93300 
1112 93300 
1113 93300 
1114 93300 
1115 93300 
1116 93300 
1117 93300 
1118 93300 
1119 93300 
1120 93300 
1121 93300 
1122 93300 
1123 93300 
1124 93300 
1125 93300 
1126 93300 
1127 93300 
1128 93300 
1129 93300 
1130 93300 
1131 93300 
1132 93300 
1133 93300 
1134 93300 
1135 93300 
1136 93300 
1137 93300 
1138 93300 
1139 93300 
1140 93300 
1141 93300 
1142 93300 
1143 93300 
1144 93300 
1145 93300 
1146 93300 
1147 93300 
1148 93300 
1149 93300 
1150 93300 
1151 93300 
1152 93300 
1153 93300 
1154 93300 
1155 93300 
1156 93300 
1157 93300 
1158 93300 
1159 93300 
1160 93300 
1161 93300 
1162 93300 
1163 93300 
1164 93300 
1165 93300 
1166 93300 
1167 93300 
1168 93300 
1169 93300 
1170 93300 
1171 93300 
1172 93300 
1173 93300 
1174 93300 
1175 93300 
1176 93300 
1177 93300 
1178 93300 
1179 93300 
1180 93300 
1181 93300 
1182 93300 
1183 93300 
1184 93300 
1185 93300 
1186 93300 
1187 93300 
1188 93300 
1189 93300 
1190 93300 
1191 93300 
1192 93300 
1193 93300 
1194 93300 
1195 93300 
1196 93300 
1197 93300 
1198 93300 
1199 93300 
1200 93300 
1201 93300 
1202 93300 
1203 93300 
1204 93300 
1205 93300 
1206 93300 
1207 93300 
1208 93300 
1209 93300 
1210 93300 
1211 93300 
1212 93300 
1213 93300 
1214 93300 
1215 93300 
1216 93300 
1217 93300 
1218 93300 
1219 93300 
1220 93300 
1221 93300 
1222 93300 
1223 93300 
1224 93300 
1225 93300 
1226 93300 
1227 93300 
1228 93300 
1229 93300 
1230 93300 
1231 93300 
1232 93300 
1233 93300 
1234 93300 
1235 93300 
1236 93300 
1237 93300 
1238 93300 
1239 93300 
1240 93300 
1241 93300 
1242 93300 
1243 93300 
1244 93300 
1245 93300 
1246 93300 
1247 93300 
1248 93300 
1249 93300 
1250 93300 
1251 93300 
1252 93300 
1253 93300 
1254 93300 
1255 93300 
1256 93300 
1257 93300 
1258 93300 
1259 93300 
1260 93300 
1261 93300 
1262 93300 
1263 93300 
1264 93300 
1265 93300 
1266 93300 
1267 93300 
1268 93300 
1269 93300 
1270 93300 
1271 93300 
1272 93300 
1273 93300 
1274 93300 
1275 93300 
1276 93300 
1277 93300 
1278 93300 
1279 93300 
1280 93300 
1281 93300 
1282 93300 
1283 93300 
1284 93300 
1285 93300 
1286 93300 
1287 93300 
1288 93300 
1289 93300 
1290 93300 
1291 93300 
1292 93300 
1293 93300 
1294 93300 
1295 93300 
1296 93300 
1297 93300 
1298 93300 
1299 93300 
1300 93300 
1301 93300 
1302 93300 
1303 93300 
1304 93300 
1305 93300 
1306 93300 
1307 93300 
1308 93300 
1309 93300 
1310 93300 
1311 93300 
1312 93300 
1313 93300 
1314 93300 
1315 93300 
1316 93300 
1317 93300 
1318 93300 
1319 93300 
1320 93300 
1321 93300 
1322 93300 
1323 93300 
1324 93300 
1325 93300 
1326 93300 
1327 93300 
1328 93300 
1329 93300 
1330 93300 
1331 93300 
1332 93300 
1333 93300 
1334 93300 
1335 93300 
1336 93300 
1337 93300 
1338 93300 
1339 93300 
1340 93300 
1341 93300 
1342 93300 
1343 93300 
1344 93300 
1345 93300 
1346 93300 
1347 93300 
1348 93300 
1349 93300 
1350 93300 
1351 93300 
1352 93300 
1353 93300 
1354 93300 
1355 93300 
1356 93300 
1357 93300 
1358 93300 
1359 93300 
1360 93300 
1361 93300 
1362 93300 
1363 93300 
1364 93300 
1365 93300 
1366 93300 
1367 93300 
1368 93300 
1369 93300 
1370 93300 
1371 93300 
1372 93300 
1373 93300 
1374 93300 
1375 93300 
1376 93300 
1377 93300 
1378 93300 
1379 93300 
1380 93300 
1381 93300 
1382 93300 
1383 93300 
1384 93300 
1385 93300 
1386 93300 
1387 93300 
1388 93300 
1389 93300 
1390 93300 
1391 93300 
1392 93300 
1393 93300 
1394 93300 
1395 93300 
1396 93300 
1397 93300 
1398 93300 
1399 93300 
1400 93300 
1401 93300 
1402 93300 
1403 93300 
1404 93300 
1405 93300 
1406 93300 
1407 93300 
1408 93300 
1409 93300 
1410 93300 
1411 93300 
1412 93300 
1413 93300 
1414 93300 
1415 93300 
1416 93300 
1417 93300 
1418 93300 
1419 93300 
1420 93300 
1421 93300 
1422 93300 
1423 93300 
1424 93300 
1425 93300 
1426 93300 
1427 93300 
1428 93300 
1429 93300 
1430 93300 
1431 93300 
1432 93300 
1433 93300 
1434 93300 
1435 93300 
1436 93300 
1437 93300 
1438 93300 
1439 93300 
1440 93300 
1441 93300 
1442 93300 
1443 93300 
1444 93300 
1445 93300 
1446 93300 
1447 93300 
1448 93300 
1449 93300 
1450 93300 
1451 93300 
1452 93300 
1453 93300 
1454 93300 
1455 93300 
1456 93300 
1457 93300 
1458 93300 
1459 93300 
1460 93300 
1461 93300 
1462 93300 
1463 93300 
1464 93300 
1465 93300 
1466 93300 
1467 93300 
1468 93300 
1469 93300 
1470 93300 
1471 93300 
1472 93300 
1473 93300 
1474 93300 
1475 93300 
1476 93300 
1477 93300 
1478 93300 
1479 93300 
1480 93300 
1481 93300 
1482 93300 
1483 93300 
1484 93300 
1485 93300 
1486 93300 
1487 93300 
1488 93300 
1489 93300 
1490 93300 
1491 93300 
1492 93300 
1493 93300 
1494 93300 
1495 93300 
1496 93300 
1497 93300 
1498 93300 
1499 93300 
1500 93300 
1501 93300 
1502 93300 
1503 93300 
1504 93300 
1505 93300 
1506 93300 
1507 93300 
1508 93300 
1509 93300 
1510 93300 
1511 93300 
1512 93300 
1513 93300 
1514 93300 
1515 93300 
1516 93300 
1517 93300 
1518 93300 
1519 93300 
1520 93300 
1521 93300 
1522 93300 
1523 93300 
1524 93300 
1525 93300 
1526 93300 
1527 93300 
1528 93300 
1529 93300 
1530 93300 
1531 93300 
1532 93300 
1533 93300 
1534 93300 
1535 93300 
1536 93300 
1537 93300 
1538 93300 
1539 93300 
1540 93300 
1541 93300 
1542 93300 
1543 93300 
1544 93300 
1545 93300 
1546 93300 
1547 93300 
1548 93300 
1549 93300 
1550 93300 
1551 93300 
1552 93300 
1553 93300 
1554 93300 
1555 93300 
1556 93300 
1557 93300 
1558 93300 
1559 93300 
1560 93300 
1561 93300 
1562 93300 
1563 93300 
1564 93300 
1565 93300 
1566 93300 
1567 93300 
1568 93300 
1569 93300 
1570 93300 
1571 93300 
1572 93300 
1573 93300 
1574 93300 
1575 93300 
1576 93300 
1577 93300 
1578 93300 
1579 93300 
1580 93300 
1581 93300 
1582 93300 
1583 93300 
1584 93300 
1585 93300 
1586 93300 
1587 93300 
1588 93300 
1589 93300 
1590 93300 
1591 93300 
1592 93300 
1593 93300 
1594 93300 
1595 93300 
1596 93300 
1597 93300 
1598 93300 
1599 93300 
1600 93300 
1601 93300 
1602 93300 
1603 93300 
1604 93300 
1605 93300 
1606 93300 
1607 93300 
1608 93300 
1609 93300 
1610 93300 
1611 93300 
1612 93300 
1613 93300 
1614 93300 
1615 93300 
1616 93300 
1617 93300 
1618 93300 
1619 93300 
1620 93300 
1621 93300 
1622 93300 
1623 93300 
1624 93300 
1625 93300 
1626 93300 
1627 93300 
1628 93300 
1629 93300 
1630 93300 
1631 93300 
1632 93300 
1633 93300 
1634 93300 
1635 93300 
1636 93300 
1637 93300 
1638 93300 
1639 93300 
1640 93300 
1641 93300 
1642 93300 
1643 93300 
1644 93300 
1645 93300 
1646 93300 
1647 93300 
1648 93300 
1649 93300 
1650 93300 
1651 93300 
1652 93300 
1653 93300 
1654 93300 
1655 93300 
1656 93300 
1657 93300 
1658 93300 
1659 93300 
1660 93300 
1661 93300 
1662 93300 
1663 93300 
1664 93300 
1665 93300 
1666 93300 
1667 93300 
1668 93300 
1669 93300 
1670 93300 
1671 93300 
1672 93300 
1673 93300 
1674 93300 
1675 93300 
1676 93300 
1677 93300 
1678 93300 
1679 93300 
1680 93300 
1681 93300 
1682 93300 
1683 93300 
1684 93300 
1685 93300 
1686 93300 
1687 93300 
1688 93300 
1689 93300 
1690 93300 
1691 93300 
1692 93300 
1693 93300 
1694 93300 
1695 93300 
1696 93300 
1697 93300 
1698 93300 
1699 93300 
1700 93300 
1701 93300 
1702 93300 
1703 93300 
1704 93300 
1705 93300 
1706 93300 
1707 93300 
1708 93300 
1709 93300 
1710 93300 
1711 93300 
1712 93300 
1713 93300 
1714 93300 
1715 93300 
1716 93300 
1717 93300 
1718 93300 
1719 93300 
1720 93300 
1721 93300 
1722 93300 
1723 93300 
1724 93300 
1725 93300 
1726 93300 
1727 93300 
1728 93300 
1729 93300 
1730 93300 
1731 93300 
1732 93300 
1733 93300 
1734 93300 
1735 93300 
1736 93300 
1737 93300 
1738 93300 
1739 93300 
1740 93300 
1741 93300 
1742 93300 
1743 93300 
1744 93300 
1745 93300 
1746 93300 
1747 93300 
1748 93300 
1749 93300 
1750 93300 
1751 93300 
1752 93300 
1753 93300 
1754 93300 
1755 93300 
1756 93300 
1757 93300 
1758 93300 
1759 93300 
1760 93300 
1761 93300 
1762 93300 
1763 93300 
1764 93300 
1765 93300 
1766 93300 
1767 93300 
1768 93300 
1769 93300 
1770 93300 
1771 93300 
1772 93300 
1773 93300 
1774 93300 
1775 93300 
1776 93300 
1777 93300 
1778 93300 
1779 93300 
1780 93300 
1781 93300 
1782 93300 
1783 93300 
1784 93300 
1785 93300 
1786 93300 
1787 93300 
1788 93300 
1789 93300 
1790 93300 
1791 93300 
1792 93300 
1793 93300 
1794 93300 
1795 93300 
1796 93300 
1797 93300 
1798 93300 
1799 93300 
1800 93300 
1801 93300 
1802 93300 
1803 93300 
1804 93300 
1805 93300 
1806 93300 
1807 93300 
1808 93300 
1809 93300 
1810 93300 
1811 93300 
1812 93300 
1813 93300 
1814 93300 
1815 93300 
1816 93300 
1817 93300 
1818 93300 
1819 93300 
1820 93300 
1821 93300 
1822 93300 
1823 93300 
1824 93300 
1825 93300 
1826 93300 
1827 93300 
1828 93300 
1829 93300 
1830 93300 
1831 93300 
1832 93300 
1833 93300 
1834 93300 
1835 93300 
1836 93300 
1837 93300 
1838 93300 
1839 93300 
1840 93300 
1841 93300 
1842 93300 
1843 93300 
1844 93300 
1845 93300 
1846 93300 
1847 93300 
1848 93300 
1849 93300 
1850 93300 
1851 93300 
1852 93300 
1853 93300 
1854 93300 
1855 93300 
1856 93300 
1857 93300 
1858 93300 
1859 93300 
1860 93300 
1861 93300 
1862 93300 
1863 93300 
1864 93300 
1865 93300 
1866 93300 
1867 93300 
1868 93300 
1869 93300 
1870 93300 
1871 93300 
1872 93300 
1873 93300 
1874 93300 
1875 93300 
1876 93300 
1877 93300 
1878 93300 
1879 93300 
1880 93300 
1881 93300 
1882 93300 
1883 93300 
1884 93300 
1885 93300 
1886 93300 
1887 93300 
1888 93300 
1889 93300 
1890 93300 
1891 93300 
1892 93300 
1893 93300 
1894 93300 
1895 93300 
1896 93300 
1897 93300 
1898 93300 
1899 93300 
1900 93300 
1901 93300 
1902 93300 
1903 93300 
1904 93300 
1905 93300 
1906 93300 
1907 93300 
1908 93300 
1909 93300 
1910 93300 
1911 93300 
1912 93300 
1913 93300 
1914 93300 
1915 93300 
1916 93300 
1917 93300 
1918 93300 
1919 93300 
1920 93300 
1921 93300 
1922 93300 
1923 93300 
1924 93300 
1925 93300 
1926 93300 
1927 93300 
1928 93300 
1929 93300 
1930 93300 
1931 93300 
1932 93300 
1933 93300 
1934 93300 
1935 93300 
1936 93300 
1937 93300 
1938 93300 
1939 93300 
1940 93300 
1941 93300 
1942 93300 
1943 93300 
1944 93300 
1945 93300 
1946 93300 
1947 93300 
1948 93300 
1949 93300 
1950 93300 
1951 93300 
1952 93300 
1953 93300 
1954 93300 
1955 93300 
1956 93300 
1957 93300 
1958 93300 
1959 93300 
1960 93300 
1961 93300 
1962 93300 
1963 93300 
1964 93300 
1965 93300 
1966 93300 
1967 93300 
1968 93300 
1969 93300 
1970 93300 
1971 93300 
1972 93300 
1973 93300 
1974 93300 
1975 93300 
1976 93300 
1977 93300 
1978 93300 
1979 93300 
1980 93300 
1981 93300 
1982 93300 
1983 93300 
1984 93300 
1985 93300 
1986 93300 
1987 93300 
1988 93300 
1989 93300 
1990 93300 
1991 93300 
1992 93300 
1993 93300 
1994 93300 
1995 93300 
1996 93300 
1997 93300 
1998 93300 
1999 93300 
2000 93300 
2001 93300 
2002 93300 
2003 93300 
2004 93300 
2005 93300 
2006 93300 
2007 93300 
2008 93300 
2009 93300 
2010 93300 
2011 93300 
2012 93300 
2013 93300 
2014 93300 
2015 93300 
2016 93300 
2017 93300 
2018 93300 
2019 93300 
2020 93300 
2021 93300 
2022 93300 
2023 93300 
2024 93300 
2025 93300 
2026 93300 
2027 93300 
2028 93300 
2029 93300 
2030 93300 
2031 93300 
2032 93300 
2033 93300 
2034 93300 
2035 93300 
2036 93300 
2037 93300 
2038 93300 
2039 93300 
2040 93300 
2041 93300 
2042 93300 
2043 93300 
2044 93300 
2045 93300 
2046 93300 
2047 93300 
2048 93300 
2049 93300 
2050 93300 
2051 93300 
2052 93300 
2053 93300 
2054 93300 
2055 93300 
2056 93300 
2057 93300 
2058 93300 
2059 93300 
2060 93300 
2061 93300 
2062 93300 
2063 93300 
2064 93300 
2065 93300 
2066 93300 
2067 93300 
2068 93300 
2069 93300 
2070 93300 
2071 93300 
2072 93300 
2073 93300 
2074 93300 
2075 93300 
2076 93300 
2077 93300 
2078 93300 
2079 93300 
2080 93300 
2081 93300 
2082 93300 
2083 93300 
2084 93300 
2085 93300 
2086 93300 
2087 93300 
2088 93300 
2089 93300 
2090 93300 
2091 93300 
2092 93300 
2093 93300 
2094 93300 
2095 93300 
2096 93300 
2097 93300 
2098 93300 
2099 93300 
2100 93300 
2101 93300 
2102 93300 
2103 93300 
2104 93300 
2105 93300 
2106 93300 
2107 93300 
2108 93300 
2109 93300 
2110 93300 
2111 93300 
2112 93300 
2113 93300 
2114 93300 
2115 93300 
2116 93300 
2117 93300 
2118 93300 
2119 93300 
2120 93300 
2121 93300 
2122 93300 
2123 93300 
2124 93300 
2125 93300 
2126 93300 
2127 93300 
2128 93300 
2129 93300 
2130 93300 
2131 93300 
2132 93300 
2133 93300 
2134 93300 
2135 93300 
2136 93300 
2137 93300 
2138 93300 
2139 93300 
2140 93300 
2141 93300 
2142 93300 
2143 93300 
2144 93300 
2145 93300 
2146 93300 
2147 93300 
2148 93300 
2149 93300 
2150 93300 
2151 93300 
2152 93300 
2153 93300 
2154 93300 
2155 93300 
2156 93300 
2157 93300 
2158 93300 
2159 93300 
2160 93300 
2161 93300 
2162 93300 
2163 93300 
2164 93300 
2165 93300 
2166 93300 
2167 93300 
2168 93300 
2169 93300 
2170 93300 
2171 93300 
2172 93300 
2173 93300 
2174 93300 
2175 93300 
2176 93300 
2177 93300 
2178 93300 
2179 93300 
2180 93300 
2181 93300 
2182 93300 
2183 93300 
2184 93300 
2185 93300 
2186 93300 
2187 93300 
2188 93300 
2189 93300 
2190 93300 
2191 93300 
2192 93300 
2193 93300 
2194 93300 
2195 93300 
2196 93300 
2197 93300 
2198 93300 
2199 93300 
2200 93300 
2201 93300 
2202 93300 
2203 93300 
2204 93300 
2205 93300 
2206 93300 
2207 93300 
2208 93300 
2209 93300 
2210 93300 
2211 93300 
2212 93300 
2213 93300 
2214 93300 
2215 93300 
2216 93300 
2217 93300 
2218 93300 
2219 93300 
2220 93300 
2221 93300 
2222 93300 
2223 93300 
2224 93300 
2225 93300 
2226 93300 
2227 93300 
2228 93300 
2229 93300 
2230 93300 
2231 93300 
2232 93300 
2233 93300 
2234 93300 
2235 93300 
2236 93300 
2237 93300 
2238 93300 
2239 93300 
2240 93300 
2241 93300 
2242 93300 
2243 93300 
2244 93300 
2245 93300 
2246 93300 
2247 93300 
2248 93300 
2249 93300 
2250 93300 
2251 93300 
2252 93300 
2253 93300 
2254 93300 
2255 93300 
2256 93300 
2257 93300 
2258 93300 
2259 93300 
2260 93300 
2261 93300 
2262 93300 
2263 93300 
2264 93300 
2265 93300 
2266 93300 
2267 93300 
2268 93300 
2269 93300 
2270 93300 
2271 93300 
2272 93300 
2273 93300 
2274 93300 
2275 93300 
2276 93300 
2277 93300 
2278 93300 
2279 93300 
2280 93300 
2281 93300 
2282 93300 
2283 93300 
2284 93300 
2285 93300 
2286 93300 
2287 93300 
2288 93300 
2289 93300 
2290 93300 
2291 93300 
2292 93300 
2293 93300 
2294 93300 
2295 93300 
2296 93300 
2297 93300 
2298 93300 
2299 93300 
2300 93300 
2301 93300 
2302 93300 
2303 93300 
2304 93300 
2305 93300 
2306 93300 
2307 93300 
2308 93300 
2309 93300 
2310 93300 
2311 93300 
2312 93300 
2313 93300 
2314 93300 
2315 93300 
2316 93300 
2317 93300 
2318 93300 
2319 93300 
2320 93300 
2321 93300 
2322 93300 
2323 93300 
2324 93300 
2325 93300 
2326 93300 
2327 93300 
2328 93300 
2329 93300 
2330 93300 
2331 93300 
2332 93300 
2333 93300 
2334 93300 
2335 93300 
2336 93300 
2337 93300 
2338 93300 
2339 93300 
2340 93300 
2341 93300 
2342 93300 
2343 93300 
2344 93300 
2345 93300 
2346 93300 
2347 93300 
2348 93300 
2349 93300 
2350 93300 
2351 93300 
2352 93300 
2353 93300 
2354 93300 
2355 93300 
2356 93300 
2357 93300 
2358 93300 
2359 93300 
2360 93300 
2361 93300 
2362 93300 
2363 93300 
2364 93300 
2365 93300 
2366 93300 
2367 93300 
2368 93300 
2369 93300 
2370 93300 
2371 93300 
2372 93300 
2373 93300 
2374 93300 
2375 93300 
2376 93300 
2377 93300 
2378 93300 
2379 93300 
2380 93300 
2381 93300 
2382 93300 
2383 93300 
2384 93300 
2385 93300 
2386 93300 
2387 93300 
2388 93300 
2389 93300 
2390 93300 
2391 93300 
2392 93300 
2393 93300 
2394 93300 
2395 93300 
2396 93300 
2397 93300 
2398 93300 
2399 93300 
2400 93300 
2401 93300 
2402 93300 
2403 93300 
2404 93300 
2405 93300 
2406 93300 
2407 93300 
2408 93300 
2409 93300 
2410 93300 
2411 93300 
2412 93300 
2413 93300 
2414 93300 
2415 93300 
2416 93300 
2417 93300 
2418 93300 
2419 93300 
2420 93300 
2421 93300 
2422 93300 
2423 93300 
2424 93300 
2425 93300 
2426 93300 
2427 93300 
2428 93300 
2429 93300 
2430 93300 
2431 93300 
2432 93300 
2433 93300 
2434 93300 
2435 93300 
2436 93300 
2437 93300 
2438 93300 
2439 93300 
2440 93300 
2441 93300 
2442 93300 
2443 93300 
2444 93300 
2445 93300 
2446 93300 
2447 93300 
2448 93300 
2449 93300 
2450 93300 
2451 93300 
2452 93300 
2453 93300 
2454 93300 
2455 93300 
2456 93300 
2457 93300 
2458 93300 
2459 93300 
2460 93300 
2461 93300 
2462 93300 
2463 93300 
2464 93300 
2465 93300 
2466 93300 
2467 93300 
2468 93300 
2469 93300 
2470 93300 
2471 93300 
2472 93300 
2473 93300 
2474 93300 
2475 93300 
2476 93300 
2477 93300 
2478 93300 
2479 93300 
2480 93300 
2481 93300 
2482 93300 
2483 93300 
2484 93300 
2485 93300 
2486 93300 
2487 93300 
2488 93300 
2489 93300 
2490 93300 
2491 93300 
2492 93300 
2493 93300 
2494 93300 
2495 93300 
2496 93300 
2497 93300 
2498 93300 
2499 93300 
2500 93300 
2501 93300 
2502 93300 
2503 93300 
2504 93300 
2505 93300 
2506 93300 
2507 93300 
2508 93300 
2509 93300 
2510 93300 
2511 93300 
2512 93300 
2513 93300 
2514 93300 
2515 93300 
2516 93300 
2517 93300 
2518 93300 
2519 93300 
2520 93300 
2521 93300 
2522 93300 
2523 93300 
2524 93300 
2525 93300 
2526 93300 
2527 93300 
2528 93300 
2529 93300 
2530 93300 
2531 93300 
2532 93300 
2533 93300 
2534 93300 
2535 93300 
2536 93300 
2537 93300 
2538 93300 
2539 93300 
2540 93300 
2541 93300 
2542 93300 
2543 93300 
2544 93300 
2545 93300 
2546 93300 
2547 93300 
2548 93300 
2549 93300 
2550 93300 
2551 93300 
2552 93300 
2553 93300 
2554 93300 
2555 93300 
2556 93300 
2557 93300 
2558 93300 
2559 93300 
2560 93300 
2561 93300 
2562 93300 
2563 93300 
2564 93300 
2565 93300 
2566 93300 
2567 93300 
2568 93300 
2569 93300 
2570 93300 
2571 93300 
2572 93300 
2573 93300 
2574 93300 
2575 93300 
2576 93300 
2577 93300 
2578 93300 
2579 93300 
2580 93300 
2581 93300 
2582 93300 
2583 93300 
2584 93300 
2585 93300 
2586 93300 
2587 93300 
2588 93300 
2589 93300 
2590 93300 
2591 93300 
2592 93300 
2593 93300 
2594 93300 
2595 93300 
2596 93300 
2597 93300 
2598 93300 
2599 93300 
2600 93300 
2601 93300 
2602 93300 
2603 93300 
2604 93300 
2605 93300 
2606 93300 
2607 93300 
2608 93300 
2609 93300 
2610 93300 
2611 93300 
2612 93300 
2613 93300 
2614 93300 
2615 93300 
2616 93300 
2617 93300 
2618 93300 
2619 93300 
2620 93300 
2621 93300 
2622 93300 
2623 93300 
2624 93300 
2625 93300 
2626 93300 
2627 93300 
2628 93300 
2629 93300 
2630 93300 
2631 93300 
2632 93300 
2633 93300 
2634 93300 
2635 93300 
2636 93300 
2637 93300 
2638 93300 
2639 93300 
2640 93300 
2641 93300 
2642 93300 
2643 93300 
2644 93300 
2645 93300 
2646 93300 
2647 93300 
2648 93300 
2649 93300 
2650 93300 
2651 93300 
2652 93300 
2653 93300 
2654 93300 
2655 93300 
2656 93300 
2657 93300 
2658 93300 
2659 93300 
2660 93300 
2661 93300 
2662 93300 
2663 93300 
2664 93300 
2665 93300 
2666 93300 
2667 93300 
2668 93300 
2669 93300 
2670 93300 
2671 93300 
2672 93300 
2673 93300 
2674 93300 
2675 93300 
2676 93300 
2677 93300 
2678 93300 
2679 93300 
2680 93300 
2681 93300 
2682 93300 
2683 93300 
2684 93300 
2685 93300 
2686 93300 
2687 93300 
2688 93300 
2689 93300 
2690 93300 
2691 93300 
2692 93300 
2693 93300 
2694 93300 
2695 93300 
2696 93300 
2697 93300 
2698 93300 
2699 93300 
2700 93300 
2701 93300 
2702 93300 
2703 93300 
2704 93300 
2705 93300 
2706 93300 
2707 93300 
2708 93300 
2709 93300 
2710 93300 
2711 93300 
2712 93300 
2713 93300 
2714 93300 
2715 93300 
2716 93300 
2717 93300 
2718 93300 
2719 93300 
2720 93300 
2721 93300 
2722 93300 
2723 93300 
2724 93300 
2725 93300 
2726 93300 
2727 93300 
2728 93300 
2729 93300 
2730 93300 
2731 93300 
2732 93300 
2733 93300 
2734 93300 
2735 93300 
2736 93300 
2737 93300 
2738 93300 
2739 93300 
2740 93300 
2741 93300 
2742 93300 
2743 93300 
2744 93300 
2745 93300 
2746 93300 
2747 93300 
2748 93300 
2749 93300 
2750 93300 
2751 93300 
2752 93300 
2753 93300 
2754 93300 
2755 93300 
2756 93300 
2757 93300 
2758 93300 
2759 93300 
2760 93300 
2761 93300 
2762 93300 
2763 93300 
2764 93300 
2765 93300 
2766 93300 
2767 93300 
2768 93300 
2769 93300 
2770 93300 
2771 93300 
2772 93300 
2773 93300 
2774 93300 
2775 93300 
2776 93300 
2777 93300 
2778 93300 
2779 93300 
2780 93300 
2781 93300 
2782 93300 
2783 93300 
2784 93300 
2785 93300 
2786 93300 
2787 93300 
2788 93300 
2789 93300 
2790 93300 
2791 93300 
2792 93300 
2793 93300 
2794 93300 
2795 93300 
2796 93300 
2797 93300 
2798 93300 
2799 93300 
2800 93300 
2801 93300 
2802 93300 
2803 93300 
2804 93300 
2805 93300 
2806 93300 
2807 93300 
2808 93300 
2809 93300 
2810 93300 
2811 93300 
2812 93300 
2813 93300 
2814 93300 
2815 93300 
2816 93300 
2817 93300 
2818 93300 
2819 93300 
2820 93300 
2821 93300 
2822 93300 
2823 93300 
2824 93300 
2825 93300 
2826 93300 
2827 93300 
2828 93300 
2829 93300 
2830 93300 
2831 93300 
2832 93300 
2833 93300 
2834 93300 
2835 93300 
2836 93300 
2837 93300 
2838 93300 
2839 93300 
2840 93300 
2841 93300 
2842 93300 
2843 93300 
2844 93300 
2845 93300 
2846 93300 
2847 93300 
2848 93300 
2849 93300 
2850 93300 
2851 93300 
2852 93300 
2853 93300 
2854 93300 
2855 93300 
2856 93300 
2857 93300 
2858 93300 
2859 93300 
2860 93300 
2861 93300 
2862 93300 
2863 93300 
2864 93300 
2865 93300 
2866 93300 
2867 93300 
2868 93300 
2869 93300 
2870 93300 
2871 93300 
2872 93300 
2873 93300 
2874 93300 
2875 93300 
2876 93300 
2877 93300 
2878 93300 
2879 93300 
2880 93300 
2881 93300 
2882 93300 
2883 93300 
2884 93300 
2885 93300 
2886 93300 
2887 93300 
2888 93300 
2889 93300 
2890 93300 
2891 93300 
2892 93300 
2893 93300 
2894 93300 
2895 93300 
2896 93300 
2897 93300 
2898 93300 
2899 93300 
2900 93300 
2901 93300 
2902 93300 
2903 93300 
2904 93300 
2905 93300 
2906 93300 
2907 93300 
2908 93300 
2909 93300 
2910 93300 
2911 93300 
2912 93300 
2913 93300 
2914 93300 
2915 93300 
2916 93300 
2917 93300 
2918 93300 
2919 93300 
2920 93300 
2921 93300 
2922 93300 
2923 93300 
2924 93300 
2925 93300 
2926 93300 
2927 93300 
2928 93300 
2929 93300 
2930 93300 
2931 93300 
2932 93300 
2933 93300 
2934 93300 
2935 93300 
2936 93300 
2937 93300 
2938 93300 
2939 93300 
2940 93300 
2941 93300 
2942 93300 
2943 93300 
2944 93300 
2945 93300 
2946 93300 
2947 93300 
2948 93300 
2949 93300 
2950 93300 
2951 93300 
2952 93300 
2953 93300 
2954 93300 
2955 93300 
2956 93300 
2957 93300 
2958 93300 
2959 93300 
2960 93300 
2961 93300 
2962 93300 
2963 93300 
2964 93300 
2965 93300 
2966 93300 
2967 93300 
2968 93300 
2969 93300 
2970 93300 
2971 93300 
2972 93300 
2973 93300 
2974 93300 
2975 93300 
2976 93300 
2977 93300 
2978 93300 
2979 93300 
2980 93300 
2981 93300 
2982 93300 
2983 93300 
2984 93300 
2985 93300 
2986 93300 
2987 93300 
2988 93300 
2989 93300 
2990 93300 
2991 93300 
2992 93300 
2993 93300 
2994 93300 
2995 93300 
2996 93300 
2997 93300 
2998 93300 
2999 93300 
3000 93300 
3001 93300 
3002 93300 
3003 93300 
3004 93300 
3005 93300 
3006 93300 
3007 93300 
3008 93300 
3009 93300 
3010 93300 
3011 93300 
3012 93300 
3013 93300 
3014 93300 
3015 93300 
3016 93300 
3017 93300 
3018 93300 
3019 93300 
3020 93300 
3021 93300 
3022 93300 
3023 93300 
3024 93300 
3025 93300 
3026 93300 
3027 93300 
3028 93300 
3029 93300 
3030 93300 
3031 93300 
3032 93300 
3033 93300 
3034 93300 
3035 93300 
3036 93300 
3037 93300 
3038 93300 
3039 93300 
3040 93300 
3041 93300 
3042 93300 
3043 93300 
3044 93300 
3045 93300 
3046 93300 
3047 93300 
3048 93300 
3049 93300 
3050 93300 
3051 93300 
3052 93300 
3053 93300 
3054 93300 
3055 93300 
3056 93300 
3057 93300 
3058 93300 
3059 93300 
3060 93300 
3061 93300 
3062 93300 
3063 93300 
3064 93300 
3065 93300 
3066 93300 
3067 93300 
3068 93300 
3069 93300 
3070 93300 
3071 93300 
3072 93300 
3073 93300 
3074 93300 
3075 93300 
3076 93300 
3077 93300 
3078 93300 
3079 93300 
3080 93300 
3081 93300 
3082 93300 
3083 93300 
3084 93300 
3085 93300 
3086 93300 
3087 93300 
3088 93300 
3089 93300 
3090 93300 
3091 93300 
3092 93300 
3093 93300 
3094 93300 
3095 93300 
3096 93300 
3097 93300 
3098 93300 
3099 93300 
3100 93300 
3101 93300 
3102 93300 
3103 93300 
3104 93300 
3105 93300 
3106 93300 
3107 93300 
3108 93300 
3109 93300 
3110 93300 
3111 93300 
3112 93300 
3113 93300 
3114 93300 
3115 93300 
3116 93300 
3117 93300 
3118 93300 
3119 93300 
3120 93300 
3121 93300 
3122 93300 
3123 93300 
3124 93300 
3125 93300 
3126 93300 
3127 93300 
3128 93300 
3129 93300 
3130 93300 
3131 93300 
3132 93300 
3133 93300 
3134 93300 
3135 93300 
3136 93300 
3137 93300 
3138 93300 
3139 93300 
3140 93300 
3141 93300 
3142 93300 
3143 93300 
3144 93300 
3145 93300 
3146 93300 
3147 93300 
3148 93300 
3149 93300 
3150 93300 
3151 93300 
3152 93300 
3153 93300 
3154 93300 
3155 93300 
3156 93300 
3157 93300 
3158 93300 
3159 93300 
3160 93300 
3161 93300 
3162 93300 
3163 93300 
3164 93300 
3165 93300 
3166 93300 
3167 93300 
3168 93300 
3169 93300 
3170 93300 
3171 93300 
3172 93300 
3173 93300 
3174 93300 
3175 93300 
3176 93300 
3177 93300 
3178 93300 
3179 93300 
3180 93300 
3181 93300 
3182 93300 
3183 93300 
3184 93300 
3185 93300 
3186 93300 
3187 93300 
3188 93300 
3189 93300 
3190 93300 
3191 93300 
3192 93300 
3193 93300 
3194 93300 
3195 93300 
3196 93300 
3197 93300 
3198 93300 
3199 93300 
3200 93300 
3201 93300 
3202 93300 
3203 93300 
3204 93300 
3205 93300 
3206 93300 
3207 93300 
3208 93300 
3209 93300 
3210 93300 
3211 93300 
3212 93300 
3213 93300 
3214 93300 
3215 93300 
3216 93300 
3217 93300 
3218 93300 

