0 129020 
1 129020 
2 128590 
3 128470 
4 128300 
5 128230 
6 128030 
7 127630 
8 127430 
9 127420 
10 127410 
11 127150 
12 127150 
13 126960 
14 126960 
15 126820 
16 126620 
17 126320 
18 126120 
19 125920 
20 125850 
21 125650 
22 125450 
23 124850 
24 124550 
25 124450 
26 124350 
27 124250 
28 124050 
29 123850 
30 123250 
31 122850 
32 122350 
33 122270 
34 122070 
35 121870 
36 121670 
37 121670 
38 121270 
39 121070 
40 120670 
41 120370 
42 120170 
43 119970 
44 119650 
45 119550 
46 118950 
47 118650 
48 118550 
49 118550 
50 118450 
51 118370 
52 118350 
53 117670 
54 117370 
55 117170 
56 116680 
57 116380 
58 116080 
59 115680 
60 115420 
61 114920 
62 114820 
63 114820 
64 114720 
65 114270 
66 114070 
67 113870 
68 113770 
69 113170 
70 112770 
71 112670 
72 112470 
73 112070 
74 111720 
75 111620 
76 111420 
77 111020 
78 110870 
79 110520 
80 110460 
81 110360 
82 110270 
83 110040 
84 109640 
85 109240 
86 108940 
87 108640 
88 108520 
89 108470 
90 108370 
91 107470 
92 107370 
93 107170 
94 106670 
95 106570 
96 106170 
97 106070 
98 106070 
99 105470 
100 105170 
101 104770 
102 104770 
103 104430 
104 104130 
105 103930 
106 103540 
107 103460 
108 103160 
109 103000 
110 102800 
111 102600 
112 102400 
113 102300 
114 102300 
115 102040 
116 101840 
117 101540 
118 101140 
119 100640 
120 100640 
121 100640 
122 100500 
123 100400 
124 100390 
125 100390 
126 99840 
127 99840 
128 99440 
129 99340 
130 98940 
131 98740 
132 98740 
133 98740 
134 98540 
135 98480 
136 98480 
137 98480 
138 98280 
139 98280 
140 98160 
141 97980 
142 97780 
143 97580 
144 97380 
145 96890 
146 96890 
147 96730 
148 96730 
149 96430 
150 96160 
151 95960 
152 95960 
153 95860 
154 95660 
155 95660 
156 95060 
157 94660 
158 94360 
159 94060 
160 94060 
161 94060 
162 93860 
163 93660 
164 93460 
165 93060 
166 92860 
167 92860 
168 92860 
169 92660 
170 92560 
171 92560 
172 92460 
173 92460 
174 91860 
175 91660 
176 91660 
177 91560 
178 91560 
179 91360 
180 91160 
181 91160 
182 91160 
183 91160 
184 91160 
185 91160 
186 91160 
187 90960 
188 90960 
189 90960 
190 90960 
191 90960 
192 90560 
193 90560 
194 90560 
195 90260 
196 90260 
197 90260 
198 90260 
199 90260 
200 90260 
201 90260 
202 90260 
203 90260 
204 90260 
205 90260 
206 90260 
207 90260 
208 90260 
209 90260 
210 90260 
211 90260 
212 90260 
213 90260 
214 90260 
215 90260 
216 90260 
217 90260 
218 90260 
219 90260 
220 90260 
221 90260 
222 90260 
223 90260 
224 90260 
225 90260 
226 90260 
227 90260 
228 90260 
229 90260 
230 90260 
231 90260 
232 90260 
233 90260 
234 90260 
235 90260 
236 90260 
237 90260 
238 90260 
239 90260 
240 90260 
241 90260 
242 90260 
243 90260 
244 90260 
245 90260 
246 90260 
247 90260 
248 90260 
249 90260 
250 90260 
251 90260 
252 90260 
253 90260 
254 90260 
255 90260 
256 90260 
257 90260 
258 90260 
259 90260 
260 90260 
261 90260 
262 90260 
263 90260 
264 90260 
265 90260 
266 90260 
267 90260 
268 90260 
269 90260 
270 90260 
271 90260 
272 90260 
273 90260 
274 90260 
275 90260 
276 90260 
277 90260 
278 90260 
279 90260 
280 90260 
281 90260 
282 90260 
283 90260 
284 90260 
285 90260 
286 90260 
287 90260 
288 90260 
289 90260 
290 90260 
291 90260 
292 90260 
293 90260 
294 90260 
295 90260 
296 90260 
297 90260 
298 90260 
299 90260 
300 90260 
301 90260 
302 90260 
303 90260 
304 90260 
305 90260 
306 90260 
307 90260 
308 90260 
309 90260 
310 90260 
311 90260 
312 90260 
313 90260 
314 90260 
315 90260 
316 90260 
317 90260 
318 90260 
319 90260 
320 90260 
321 90260 
322 90260 
323 90260 
324 90260 
325 90260 
326 90260 
327 90260 
328 90260 
329 90260 
330 90260 
331 90260 
332 90260 
333 90260 
334 90260 
335 90260 
336 90260 
337 90260 
338 90260 
339 90260 
340 90260 
341 90260 
342 90260 
343 90260 
344 90260 
345 90260 
346 90260 
347 90260 
348 90260 
349 90260 
350 90260 
351 90260 
352 90260 
353 90260 
354 90260 
355 90260 
356 90260 
357 90260 
358 90260 
359 90260 
360 90260 
361 90260 
362 90260 
363 90260 
364 90260 
365 90260 
366 90260 
367 90260 
368 90260 
369 90260 
370 90260 
371 90260 
372 90260 
373 90260 
374 90260 
375 90260 
376 90260 
377 90260 
378 90260 
379 90260 
380 90260 
381 90260 
382 90260 
383 90260 
384 90260 
385 90260 
386 90260 
387 90260 
388 90260 
389 90260 
390 90260 
391 90260 
392 90260 
393 90260 
394 90260 
395 90260 
396 90260 
397 90260 
398 90260 
399 90260 
400 90260 
401 90260 
402 90260 
403 90260 
404 90260 
405 90260 
406 90260 
407 90260 
408 90260 
409 90260 
410 90260 
411 90260 
412 90260 
413 90260 
414 90260 
415 90260 
416 90260 
417 90260 
418 90260 
419 90260 
420 90260 
421 90260 
422 90260 
423 90260 
424 90260 
425 90260 
426 90260 
427 90260 
428 90260 
429 90260 
430 90260 
431 90260 
432 90260 
433 90260 
434 90260 
435 90260 
436 90260 
437 90260 
438 90260 
439 90260 
440 90260 
441 90260 
442 90260 
443 90260 
444 90260 
445 90260 
446 90260 
447 90260 
448 90260 
449 90260 
450 90260 
451 90260 
452 90260 
453 90260 
454 90260 
455 90260 
456 90260 
457 90260 
458 90260 
459 90260 
460 90260 
461 90260 
462 90260 
463 90260 
464 90260 
465 90260 
466 90260 
467 90260 
468 90260 
469 90260 
470 90260 
471 90260 
472 90260 
473 90260 
474 90260 
475 90260 
476 90260 
477 90260 
478 90260 
479 90260 
480 90260 
481 90260 
482 90260 
483 90260 
484 90260 
485 90260 
486 90260 
487 90260 
488 90260 
489 90260 
490 90260 
491 90260 
492 90260 
493 90260 
494 90260 
495 90260 
496 90260 
497 90260 
498 90260 
499 90260 
500 90260 
501 90260 
502 90260 
503 90260 
504 90260 
505 90260 
506 90260 
507 90260 
508 90260 
509 90260 
510 90260 
511 90260 
512 90260 
513 90260 
514 90260 
515 90260 
516 90260 
517 90260 
518 90260 
519 90260 
520 90260 
521 90260 
522 90260 
523 90260 
524 90260 
525 90260 
526 90260 
527 90260 
528 90260 
529 90260 
530 90260 
531 90260 
532 90260 
533 90260 
534 90260 
535 90260 
536 90260 
537 90260 
538 90260 
539 90260 
540 90260 
541 90260 
542 90260 
543 90260 
544 90260 
545 90260 
546 90260 
547 90260 
548 90260 
549 90260 
550 90260 
551 90260 
552 90260 
553 90260 
554 90260 
555 90260 
556 90260 
557 90260 
558 90260 
559 90260 
560 90260 
561 90260 
562 90260 
563 90260 
564 90260 
565 90260 
566 90260 
567 90260 
568 90260 
569 90260 
570 90260 
571 90260 
572 90260 
573 90260 
574 90260 
575 90260 
576 90260 
577 90260 
578 90260 
579 90260 
580 90260 
581 90260 
582 90260 
583 90260 
584 90260 
585 90260 
586 90260 
587 90260 
588 90260 
589 90260 
590 90260 
591 90260 
592 90260 
593 90260 
594 90260 
595 90260 
596 90260 
597 90260 
598 90260 
599 90260 
600 90260 
601 90260 
602 90260 
603 90260 
604 90260 
605 90260 
606 90260 
607 90260 
608 90260 
609 90260 
610 90260 
611 90260 
612 90260 
613 90260 
614 90260 
615 90260 
616 90260 
617 90260 
618 90260 
619 90260 
620 90260 
621 90260 
622 90260 
623 90260 
624 90260 
625 90260 
626 90260 
627 90260 
628 90260 
629 90260 
630 90260 
631 90260 
632 90260 
633 90260 
634 90260 
635 90260 
636 90260 
637 90260 
638 90260 
639 90260 
640 90260 
641 90260 
642 90260 
643 90260 
644 90260 
645 90260 
646 90260 
647 90260 
648 90260 
649 90260 
650 90260 
651 90260 
652 90260 
653 90260 
654 90260 
655 90260 
656 90260 
657 90260 
658 90260 
659 90260 
660 90260 
661 90260 
662 90260 
663 90260 
664 90260 
665 90260 
666 90260 
667 90260 
668 90260 
669 90260 
670 90260 
671 90260 
672 90260 
673 90260 
674 90260 
675 90260 
676 90260 
677 90260 
678 90260 
679 90260 
680 90260 
681 90260 
682 90260 
683 90260 
684 90260 
685 90260 
686 90260 
687 90260 
688 90260 
689 90260 
690 90260 
691 90260 
692 90260 
693 90260 
694 90260 
695 90260 
696 90260 
697 90260 
698 90260 
699 90260 
700 90260 
701 90260 
702 90260 
703 90260 
704 90260 
705 90260 
706 90260 
707 90260 
708 90260 
709 90260 
710 90260 
711 90260 
712 90260 
713 90260 
714 90260 
715 90260 
716 90260 
717 90260 
718 90260 
719 90260 
720 90260 
721 90260 
722 90260 
723 90260 
724 90260 
725 90260 
726 90260 
727 90260 
728 90260 
729 90260 
730 90260 
731 90260 
732 90260 
733 90260 
734 90260 
735 90260 
736 90260 
737 90260 
738 90260 
739 90260 
740 90260 
741 90260 
742 90260 
743 90260 
744 90260 
745 90260 
746 90260 
747 90260 
748 90260 
749 90260 
750 90260 
751 90260 
752 90260 
753 90260 
754 90260 
755 90260 
756 90260 
757 90260 
758 90260 
759 90260 
760 90260 
761 90260 
762 90260 
763 90260 
764 90260 
765 90260 
766 90260 
767 90260 
768 90260 
769 90260 
770 90260 
771 90260 
772 90260 
773 90260 
774 90260 
775 90260 
776 90260 
777 90260 
778 90260 
779 90260 
780 90260 
781 90260 
782 90260 
783 90260 
784 90260 
785 90260 
786 90260 
787 90260 
788 90260 
789 90260 
790 90260 
791 90260 
792 90260 
793 90260 
794 90260 
795 90260 
796 90260 
797 90260 
798 90260 
799 90260 
800 90260 
801 90260 
802 90260 
803 90260 
804 90260 
805 90260 
806 90260 
807 90260 
808 90260 
809 90260 
810 90260 
811 90260 
812 90260 
813 90260 
814 90260 
815 90260 
816 90260 
817 90260 
818 90260 
819 90260 
820 90260 
821 90260 
822 90260 
823 90260 
824 90260 
825 90260 
826 90260 
827 90260 
828 90260 
829 90260 
830 90260 
831 90260 
832 90260 
833 90260 
834 90260 
835 90260 
836 90260 
837 90260 
838 90260 
839 90260 
840 90260 
841 90260 
842 90260 
843 90260 
844 90260 
845 90260 
846 90260 
847 90260 
848 90260 
849 90260 
850 90260 
851 90260 
852 90260 
853 90260 
854 90260 
855 90260 
856 90260 
857 90260 
858 90260 
859 90260 
860 90260 
861 90260 
862 90260 
863 90260 
864 90260 
865 90260 
866 90260 
867 90260 
868 90260 
869 90260 
870 90260 
871 90260 
872 90260 
873 90260 
874 90260 
875 90260 
876 90260 
877 90260 
878 90260 
879 90260 
880 90260 
881 90260 
882 90260 
883 90260 
884 90260 
885 90260 
886 90260 
887 90260 
888 90260 
889 90260 
890 90260 
891 90260 
892 90260 
893 90260 
894 90260 
895 90260 
896 90260 
897 90260 
898 90260 
899 90260 
900 90260 
901 90260 
902 90260 
903 90260 
904 90260 
905 90260 
906 90260 
907 90260 
908 90260 
909 90260 
910 90260 
911 90260 
912 90260 
913 90260 
914 90260 
915 90260 
916 90260 
917 90260 
918 90260 
919 90260 
920 90260 
921 90260 
922 90260 
923 90260 
924 90260 
925 90260 
926 90260 
927 90260 
928 90260 
929 90260 
930 90260 
931 90260 
932 90260 
933 90260 
934 90260 
935 90260 
936 90260 
937 90260 
938 90260 
939 90260 
940 90260 
941 90260 
942 90260 
943 90260 
944 90260 
945 90260 
946 90260 
947 90260 
948 90260 
949 90260 
950 90260 
951 90260 
952 90260 
953 90260 
954 90260 
955 90260 
956 90260 
957 90260 
958 90260 
959 90260 
960 90260 
961 90260 
962 90260 
963 90260 
964 90260 
965 90260 
966 90260 
967 90260 
968 90260 
969 90260 
970 90260 
971 90260 
972 90260 
973 90260 
974 90260 
975 90260 
976 90260 
977 90260 
978 90260 
979 90260 
980 90260 
981 90260 
982 90260 
983 90260 
984 90260 
985 90260 
986 90260 
987 90260 
988 90260 
989 90260 
990 90260 
991 90260 
992 90260 
993 90260 
994 90260 
995 90260 
996 90260 
997 90260 
998 90260 
999 90260 
1000 90260 
1001 90260 
1002 90260 
1003 90260 
1004 90260 
1005 90260 
1006 90260 
1007 90260 
1008 90260 
1009 90260 
1010 90260 
1011 90260 
1012 90260 
1013 90260 
1014 90260 
1015 90260 
1016 90260 
1017 90260 
1018 90260 
1019 90260 
1020 90260 
1021 90260 
1022 90260 
1023 90260 
1024 90260 
1025 90260 
1026 90260 
1027 90260 
1028 90260 
1029 90260 
1030 90260 
1031 90260 
1032 90260 
1033 90260 
1034 90260 
1035 90260 
1036 90260 
1037 90260 
1038 90260 
1039 90260 
1040 90260 
1041 90260 
1042 90260 
1043 90260 
1044 90260 
1045 90260 
1046 90260 
1047 90260 
1048 90260 
1049 90260 
1050 90260 
1051 90260 
1052 90260 
1053 90260 
1054 90260 
1055 90260 
1056 90260 
1057 90260 
1058 90260 
1059 90260 
1060 90260 
1061 90260 
1062 90260 
1063 90260 
1064 90260 
1065 90260 
1066 90260 
1067 90260 
1068 90260 
1069 90260 
1070 90260 
1071 90260 
1072 90260 
1073 90260 
1074 90260 
1075 90260 
1076 90260 
1077 90260 
1078 90260 
1079 90260 
1080 90260 
1081 90260 
1082 90260 
1083 90260 
1084 90260 
1085 90260 
1086 90260 
1087 90260 
1088 90260 
1089 90260 
1090 90260 
1091 90260 
1092 90260 
1093 90260 
1094 90260 
1095 90260 
1096 90260 
1097 90260 
1098 90260 
1099 90260 
1100 90260 
1101 90260 
1102 90260 
1103 90260 
1104 90260 
1105 90260 
1106 90260 
1107 90260 
1108 90260 
1109 90260 
1110 90260 
1111 90260 
1112 90260 
1113 90260 
1114 90260 
1115 90260 
1116 90260 
1117 90260 
1118 90260 
1119 90260 
1120 90260 
1121 90260 
1122 90260 
1123 90260 
1124 90260 
1125 90260 
1126 90260 
1127 90260 
1128 90260 
1129 90260 
1130 90260 
1131 90260 
1132 90260 
1133 90260 
1134 90260 
1135 90260 
1136 90260 
1137 90260 
1138 90260 
1139 90260 
1140 90260 
1141 90260 
1142 90260 
1143 90260 
1144 90260 
1145 90260 
1146 90260 
1147 90260 
1148 90260 
1149 90260 
1150 90260 
1151 90260 
1152 90260 
1153 90260 
1154 90260 
1155 90260 
1156 90260 
1157 90260 
1158 90260 
1159 90260 
1160 90260 
1161 90260 
1162 90260 
1163 90260 
1164 90260 
1165 90260 
1166 90260 
1167 90260 
1168 90260 
1169 90260 
1170 90260 
1171 90260 
1172 90260 
1173 90260 
1174 90260 
1175 90260 
1176 90260 
1177 90260 
1178 90260 
1179 90260 
1180 90260 
1181 90260 
1182 90260 
1183 90260 
1184 90260 
1185 90260 
1186 90260 
1187 90260 
1188 90260 
1189 90260 
1190 90260 
1191 90260 
1192 90260 
1193 90260 
1194 90260 
1195 90260 
1196 90260 
1197 90260 
1198 90260 
1199 90260 
1200 90260 
1201 90260 
1202 90260 
1203 90260 
1204 90260 
1205 90260 
1206 90260 
1207 90260 
1208 90260 
1209 90260 
1210 90260 
1211 90260 
1212 90260 
1213 90260 
1214 90260 
1215 90260 
1216 90260 
1217 90260 
1218 90260 
1219 90260 
1220 90260 
1221 90260 
1222 90260 
1223 90260 
1224 90260 
1225 90260 
1226 90260 
1227 90260 
1228 90260 
1229 90260 
1230 90260 
1231 90260 
1232 90260 
1233 90260 
1234 90260 
1235 90260 
1236 90260 
1237 90260 
1238 90260 
1239 90260 
1240 90260 
1241 90260 
1242 90260 
1243 90260 
1244 90260 
1245 90260 
1246 90260 
1247 90260 
1248 90260 
1249 90260 
1250 90260 
1251 90260 
1252 90260 
1253 90260 
1254 90260 
1255 90260 
1256 90260 
1257 90260 
1258 90260 
1259 90260 
1260 90260 
1261 90260 
1262 90260 
1263 90260 
1264 90260 
1265 90260 
1266 90260 
1267 90260 
1268 90260 
1269 90260 
1270 90260 
1271 90260 
1272 90260 
1273 90260 
1274 90260 
1275 90260 
1276 90260 
1277 90260 
1278 90260 
1279 90260 
1280 90260 
1281 90260 
1282 90260 
1283 90260 
1284 90260 
1285 90260 
1286 90260 
1287 90260 
1288 90260 
1289 90260 
1290 90260 
1291 90260 
1292 90260 
1293 90260 
1294 90260 
1295 90260 
1296 90260 
1297 90260 
1298 90260 
1299 90260 
1300 90260 
1301 90260 
1302 90260 
1303 90260 
1304 90260 
1305 90260 
1306 90260 
1307 90260 
1308 90260 
1309 90260 
1310 90260 
1311 90260 
1312 90260 
1313 90260 
1314 90260 
1315 90260 
1316 90260 
1317 90260 
1318 90260 
1319 90260 
1320 90260 
1321 90260 
1322 90260 
1323 90260 
1324 90260 
1325 90260 
1326 90260 
1327 90260 
1328 90260 
1329 90260 
1330 90260 
1331 90260 
1332 90260 
1333 90260 
1334 90260 
1335 90260 
1336 90260 
1337 90260 
1338 90260 
1339 90260 
1340 90260 
1341 90260 
1342 90260 
1343 90260 
1344 90260 
1345 90260 
1346 90260 
1347 90260 
1348 90260 
1349 90260 
1350 90260 
1351 90260 
1352 90260 
1353 90260 
1354 90260 
1355 90260 
1356 90260 
1357 90260 
1358 90260 
1359 90260 
1360 90260 
1361 90260 
1362 90260 
1363 90260 
1364 90260 
1365 90260 
1366 90260 
1367 90260 
1368 90260 
1369 90260 
1370 90260 
1371 90260 
1372 90260 
1373 90260 
1374 90260 
1375 90260 
1376 90260 
1377 90260 
1378 90260 
1379 90260 
1380 90260 
1381 90260 
1382 90260 
1383 90260 
1384 90260 
1385 90260 
1386 90260 
1387 90260 
1388 90260 
1389 90260 
1390 90260 
1391 90260 
1392 90260 
1393 90260 
1394 90260 
1395 90260 
1396 90260 
1397 90260 
1398 90260 
1399 90260 
1400 90260 
1401 90260 
1402 90260 
1403 90260 
1404 90260 
1405 90260 
1406 90260 
1407 90260 
1408 90260 
1409 90260 
1410 90260 
1411 90260 
1412 90260 
1413 90260 
1414 90260 
1415 90260 
1416 90260 
1417 90260 
1418 90260 
1419 90260 
1420 90260 
1421 90260 
1422 90260 
1423 90260 
1424 90260 
1425 90260 
1426 90260 
1427 90260 
1428 90260 
1429 90260 
1430 90260 
1431 90260 
1432 90260 
1433 90260 
1434 90260 
1435 90260 
1436 90260 
1437 90260 
1438 90260 
1439 90260 
1440 90260 
1441 90260 
1442 90260 
1443 90260 
1444 90260 
1445 90260 
1446 90260 
1447 90260 
1448 90260 
1449 90260 
1450 90260 
1451 90260 
1452 90260 
1453 90260 
1454 90260 
1455 90260 
1456 90260 
1457 90260 
1458 90260 
1459 90260 
1460 90260 
1461 90260 
1462 90260 
1463 90260 
1464 90260 
1465 90260 
1466 90260 
1467 90260 
1468 90260 
1469 90260 
1470 90260 
1471 90260 
1472 90260 
1473 90260 
1474 90260 
1475 90260 
1476 90260 
1477 90260 
1478 90260 
1479 90260 
1480 90260 
1481 90260 
1482 90260 
1483 90260 
1484 90260 
1485 90260 
1486 90260 
1487 90260 
1488 90260 
1489 90260 
1490 90260 
1491 90260 
1492 90260 
1493 90260 
1494 90260 
1495 90260 
1496 90260 
1497 90260 
1498 90260 
1499 90260 
1500 90260 
1501 90260 
1502 90260 
1503 90260 
1504 90260 
1505 90260 
1506 90260 
1507 90260 
1508 90260 
1509 90260 
1510 90260 
1511 90260 
1512 90260 
1513 90260 
1514 90260 
1515 90260 
1516 90260 
1517 90260 
1518 90260 
1519 90260 
1520 90260 
1521 90260 
1522 90260 
1523 90260 
1524 90260 
1525 90260 
1526 90260 
1527 90260 
1528 90260 
1529 90260 
1530 90260 
1531 90260 
1532 90260 
1533 90260 
1534 90260 
1535 90260 
1536 90260 
1537 90260 
1538 90260 
1539 90260 
1540 90260 
1541 90260 
1542 90260 
1543 90260 
1544 90260 
1545 90260 
1546 90260 
1547 90260 
1548 90260 
1549 90260 
1550 90260 
1551 90260 
1552 90260 
1553 90260 
1554 90260 
1555 90260 
1556 90260 
1557 90260 
1558 90260 
1559 90260 
1560 90260 
1561 90260 
1562 90260 
1563 90260 
1564 90260 
1565 90260 
1566 90260 
1567 90260 
1568 90260 
1569 90260 
1570 90260 
1571 90260 
1572 90260 
1573 90260 
1574 90260 
1575 90260 
1576 90260 
1577 90260 
1578 90260 
1579 90260 
1580 90260 
1581 90260 
1582 90260 
1583 90260 
1584 90260 
1585 90260 
1586 90260 
1587 90260 
1588 90260 
1589 90260 
1590 90260 
1591 90260 
1592 90260 
1593 90260 
1594 90260 
1595 90260 
1596 90260 
1597 90260 
1598 90260 
1599 90260 
1600 90260 
1601 90260 
1602 90260 
1603 90260 
1604 90260 
1605 90260 
1606 90260 
1607 90260 
1608 90260 
1609 90260 
1610 90260 
1611 90260 
1612 90260 
1613 90260 
1614 90260 
1615 90260 
1616 90260 
1617 90260 
1618 90260 
1619 90260 
1620 90260 
1621 90260 
1622 90260 
1623 90260 
1624 90260 
1625 90260 
1626 90260 
1627 90260 
1628 90260 
1629 90260 
1630 90260 
1631 90260 
1632 90260 
1633 90260 
1634 90260 
1635 90260 
1636 90260 
1637 90260 
1638 90260 
1639 90260 
1640 90260 
1641 90260 
1642 90260 
1643 90260 
1644 90260 
1645 90260 
1646 90260 
1647 90260 
1648 90260 
1649 90260 
1650 90260 
1651 90260 
1652 90260 
1653 90260 
1654 90260 
1655 90260 
1656 90260 
1657 90260 
1658 90260 
1659 90260 
1660 90260 
1661 90260 
1662 90260 
1663 90260 
1664 90260 
1665 90260 
1666 90260 
1667 90260 
1668 90260 
1669 90260 
1670 90260 
1671 90260 
1672 90260 
1673 90260 
1674 90260 
1675 90260 
1676 90260 
1677 90260 
1678 90260 
1679 90260 
1680 90260 
1681 90260 
1682 90260 
1683 90260 
1684 90260 
1685 90260 
1686 90260 
1687 90260 
1688 90260 
1689 90260 
1690 90260 
1691 90260 
1692 90260 
1693 90260 
1694 90260 
1695 90260 
1696 90260 
1697 90260 
1698 90260 
1699 90260 
1700 90260 
1701 90260 
1702 90260 
1703 90260 
1704 90260 
1705 90260 
1706 90260 
1707 90260 
1708 90260 
1709 90260 
1710 90260 
1711 90260 
1712 90260 
1713 90260 
1714 90260 
1715 90260 
1716 90260 
1717 90260 
1718 90260 
1719 90260 
1720 90260 
1721 90260 
1722 90260 
1723 90260 
1724 90260 
1725 90260 
1726 90260 
1727 90260 
1728 90260 
1729 90260 
1730 90260 
1731 90260 
1732 90260 
1733 90260 
1734 90260 
1735 90260 
1736 90260 
1737 90260 
1738 90260 
1739 90260 
1740 90260 
1741 90260 
1742 90260 
1743 90260 
1744 90260 
1745 90260 
1746 90260 
1747 90260 
1748 90260 
1749 90260 
1750 90260 
1751 90260 
1752 90260 
1753 90260 
1754 90260 
1755 90260 
1756 90260 
1757 90260 
1758 90260 
1759 90260 
1760 90260 
1761 90260 
1762 90260 
1763 90260 
1764 90260 
1765 90260 
1766 90260 
1767 90260 
1768 90260 
1769 90260 
1770 90260 
1771 90260 
1772 90260 
1773 90260 
1774 90260 
1775 90260 
1776 90260 
1777 90260 
1778 90260 
1779 90260 
1780 90260 
1781 90260 
1782 90260 
1783 90260 
1784 90260 
1785 90260 
1786 90260 
1787 90260 
1788 90260 
1789 90260 
1790 90260 
1791 90260 
1792 90260 
1793 90260 
1794 90260 
1795 90260 
1796 90260 
1797 90260 
1798 90260 
1799 90260 
1800 90260 
1801 90260 
1802 90260 
1803 90260 
1804 90260 
1805 90260 
1806 90260 
1807 90260 
1808 90260 
1809 90260 
1810 90260 
1811 90260 
1812 90260 
1813 90260 
1814 90260 
1815 90260 
1816 90260 
1817 90260 
1818 90260 
1819 90260 
1820 90260 
1821 90260 
1822 90260 
1823 90260 
1824 90260 
1825 90260 
1826 90260 
1827 90260 
1828 90260 
1829 90260 
1830 90260 
1831 90260 
1832 90260 
1833 90260 
1834 90260 
1835 90260 
1836 90260 
1837 90260 
1838 90260 
1839 90260 
1840 90260 
1841 90260 
1842 90260 
1843 90260 
1844 90260 
1845 90260 
1846 90260 
1847 90260 
1848 90260 
1849 90260 
1850 90260 
1851 90260 
1852 90260 
1853 90260 
1854 90260 
1855 90260 
1856 90260 
1857 90260 
1858 90260 
1859 90260 
1860 90260 
1861 90260 
1862 90260 
1863 90260 
1864 90260 
1865 90260 
1866 90260 
1867 90260 
1868 90260 
1869 90260 
1870 90260 
1871 90260 
1872 90260 
1873 90260 
1874 90260 
1875 90260 
1876 90260 
1877 90260 
1878 90260 
1879 90260 
1880 90260 
1881 90260 
1882 90260 
1883 90260 
1884 90260 
1885 90260 
1886 90260 
1887 90260 
1888 90260 
1889 90260 
1890 90260 
1891 90260 
1892 90260 
1893 90260 
1894 90260 
1895 90260 
1896 90260 
1897 90260 
1898 90260 
1899 90260 
1900 90260 
1901 90260 
1902 90260 
1903 90260 
1904 90260 
1905 90260 
1906 90260 
1907 90260 
1908 90260 
1909 90260 
1910 90260 
1911 90260 
1912 90260 
1913 90260 
1914 90260 
1915 90260 
1916 90260 
1917 90260 
1918 90260 
1919 90260 
1920 90260 
1921 90260 
1922 90260 
1923 90260 
1924 90260 
1925 90260 
1926 90260 
1927 90260 
1928 90260 
1929 90260 
1930 90260 
1931 90260 
1932 90260 
1933 90260 
1934 90260 
1935 90260 
1936 90260 
1937 90260 
1938 90260 
1939 90260 
1940 90260 
1941 90260 
1942 90260 
1943 90260 
1944 90260 
1945 90260 
1946 90260 
1947 90260 
1948 90260 
1949 90260 
1950 90260 
1951 90260 
1952 90260 
1953 90260 
1954 90260 
1955 90260 
1956 90260 
1957 90260 
1958 90260 
1959 90260 
1960 90260 
1961 90260 
1962 90260 
1963 90260 
1964 90260 
1965 90260 
1966 90260 
1967 90260 
1968 90260 
1969 90260 
1970 90260 
1971 90260 
1972 90260 
1973 90260 
1974 90260 
1975 90260 
1976 90260 
1977 90260 
1978 90260 
1979 90260 
1980 90260 
1981 90260 
1982 90260 
1983 90260 
1984 90260 
1985 90260 
1986 90260 
1987 90260 
1988 90260 
1989 90260 
1990 90260 
1991 90260 
1992 90260 
1993 90260 
1994 90260 
1995 90260 
1996 90260 
1997 90260 
1998 90260 
1999 90260 
2000 90260 
2001 90260 
2002 90260 
2003 90260 
2004 90260 
2005 90260 
2006 90260 
2007 90260 
2008 90260 
2009 90260 
2010 90260 
2011 90260 
2012 90260 
2013 90260 
2014 90260 
2015 90260 
2016 90260 
2017 90260 
2018 90260 
2019 90260 
2020 90260 
2021 90260 
2022 90260 
2023 90260 
2024 90260 
2025 90260 
2026 90260 
2027 90260 
2028 90260 
2029 90260 
2030 90260 
2031 90260 
2032 90260 
2033 90260 
2034 90260 
2035 90260 
2036 90260 
2037 90260 
2038 90260 
2039 90260 
2040 90260 
2041 90260 
2042 90260 
2043 90260 
2044 90260 
2045 90260 
2046 90260 
2047 90260 
2048 90260 
2049 90260 
2050 90260 
2051 90260 
2052 90260 
2053 90260 
2054 90260 
2055 90260 
2056 90260 
2057 90260 
2058 90260 
2059 90260 
2060 90260 
2061 90260 
2062 90260 
2063 90260 
2064 90260 
2065 90260 
2066 90260 
2067 90260 
2068 90260 
2069 90260 
2070 90260 
2071 90260 
2072 90260 
2073 90260 
2074 90260 
2075 90260 
2076 90260 
2077 90260 
2078 90260 
2079 90260 
2080 90260 
2081 90260 
2082 90260 
2083 90260 
2084 90260 
2085 90260 
2086 90260 
2087 90260 
2088 90260 
2089 90260 
2090 90260 
2091 90260 
2092 90260 
2093 90260 
2094 90260 
2095 90260 
2096 90260 
2097 90260 
2098 90260 
2099 90260 
2100 90260 
2101 90260 
2102 90260 
2103 90260 
2104 90260 
2105 90260 
2106 90260 
2107 90260 
2108 90260 
2109 90260 
2110 90260 
2111 90260 
2112 90260 
2113 90260 
2114 90260 
2115 90260 
2116 90260 
2117 90260 
2118 90260 
2119 90260 
2120 90260 
2121 90260 
2122 90260 
2123 90260 
2124 90260 
2125 90260 
2126 90260 
2127 90260 
2128 90260 
2129 90260 
2130 90260 
2131 90260 
2132 90260 
2133 90260 
2134 90260 
2135 90260 
2136 90260 
2137 90260 
2138 90260 
2139 90260 
2140 90260 
2141 90260 
2142 90260 
2143 90260 
2144 90260 
2145 90260 
2146 90260 
2147 90260 
2148 90260 
2149 90260 
2150 90260 
2151 90260 
2152 90260 
2153 90260 
2154 90260 
2155 90260 
2156 90260 
2157 90260 
2158 90260 
2159 90260 
2160 90260 
2161 90260 
2162 90260 
2163 90260 
2164 90260 
2165 90260 
2166 90260 
2167 90260 
2168 90260 
2169 90260 
2170 90260 
2171 90260 
2172 90260 
2173 90260 
2174 90260 
2175 90260 
2176 90260 
2177 90260 
2178 90260 
2179 90260 
2180 90260 
2181 90260 
2182 90260 
2183 90260 
2184 90260 
2185 90260 
2186 90260 
2187 90260 
2188 90260 
2189 90260 
2190 90260 
2191 90260 
2192 90260 
2193 90260 
2194 90260 
2195 90260 
2196 90260 
2197 90260 
2198 90260 
2199 90260 
2200 90260 
2201 90260 
2202 90260 
2203 90260 
2204 90260 
2205 90260 
2206 90260 
2207 90260 
2208 90260 
2209 90260 
2210 90260 
2211 90260 
2212 90260 
2213 90260 
2214 90260 
2215 90260 
2216 90260 
2217 90260 
2218 90260 
2219 90260 
2220 90260 
2221 90260 
2222 90260 
2223 90260 
2224 90260 
2225 90260 
2226 90260 
2227 90260 
2228 90260 
2229 90260 
2230 90260 
2231 90260 
2232 90260 
2233 90260 
2234 90260 
2235 90260 
2236 90260 
2237 90260 
2238 90260 
2239 90260 
2240 90260 
2241 90260 
2242 90260 
2243 90260 
2244 90260 
2245 90260 
2246 90260 
2247 90260 
2248 90260 
2249 90260 
2250 90260 
2251 90260 
2252 90260 
2253 90260 
2254 90260 
2255 90260 
2256 90260 
2257 90260 
2258 90260 
2259 90260 
2260 90260 
2261 90260 
2262 90260 
2263 90260 
2264 90260 
2265 90260 
2266 90260 
2267 90260 
2268 90260 
2269 90260 
2270 90260 
2271 90260 
2272 90260 
2273 90260 
2274 90260 
2275 90260 
2276 90260 
2277 90260 
2278 90260 
2279 90260 
2280 90260 
2281 90260 
2282 90260 
2283 90260 
2284 90260 
2285 90260 
2286 90260 
2287 90260 
2288 90260 
2289 90260 
2290 90260 
2291 90260 
2292 90260 
2293 90260 
2294 90260 
2295 90260 
2296 90260 
2297 90260 
2298 90260 
2299 90260 
2300 90260 
2301 90260 
2302 90260 
2303 90260 
2304 90260 
2305 90260 
2306 90260 
2307 90260 
2308 90260 
2309 90260 
2310 90260 
2311 90260 
2312 90260 
2313 90260 
2314 90260 
2315 90260 
2316 90260 
2317 90260 
2318 90260 
2319 90260 
2320 90260 
2321 90260 
2322 90260 
2323 90260 
2324 90260 
2325 90260 
2326 90260 
2327 90260 
2328 90260 
2329 90260 
2330 90260 
2331 90260 
2332 90260 
2333 90260 
2334 90260 
2335 90260 
2336 90260 
2337 90260 
2338 90260 
2339 90260 
2340 90260 
2341 90260 
2342 90260 
2343 90260 
2344 90260 
2345 90260 
2346 90260 
2347 90260 
2348 90260 
2349 90260 
2350 90260 
2351 90260 
2352 90260 
2353 90260 
2354 90260 
2355 90260 
2356 90260 
2357 90260 
2358 90260 
2359 90260 
2360 90260 
2361 90260 
2362 90260 
2363 90260 
2364 90260 
2365 90260 
2366 90260 
2367 90260 
2368 90260 
2369 90260 
2370 90260 
2371 90260 
2372 90260 
2373 90260 
2374 90260 
2375 90260 
2376 90260 
2377 90260 
2378 90260 
2379 90260 
2380 90260 
2381 90260 
2382 90260 
2383 90260 
2384 90260 
2385 90260 
2386 90260 
2387 90260 
2388 90260 
2389 90260 
2390 90260 
2391 90260 
2392 90260 
2393 90260 
2394 90260 
2395 90260 
2396 90260 
2397 90260 
2398 90260 
2399 90260 
2400 90260 
2401 90260 
2402 90260 
2403 90260 
2404 90260 
2405 90260 
2406 90260 
2407 90260 
2408 90260 
2409 90260 
2410 90260 
2411 90260 
2412 90260 
2413 90260 
2414 90260 
2415 90260 
2416 90260 
2417 90260 
2418 90260 
2419 90260 
2420 90260 
2421 90260 
2422 90260 
2423 90260 
2424 90260 
2425 90260 
2426 90260 
2427 90260 
2428 90260 
2429 90260 
2430 90260 
2431 90260 
2432 90260 
2433 90260 
2434 90260 
2435 90260 
2436 90260 
2437 90260 
2438 90260 
2439 90260 
2440 90260 
2441 90260 
2442 90260 
2443 90260 
2444 90260 
2445 90260 
2446 90260 
2447 90260 
2448 90260 
2449 90260 
2450 90260 
2451 90260 
2452 90260 
2453 90260 
2454 90260 
2455 90260 
2456 90260 
2457 90260 
2458 90260 
2459 90260 
2460 90260 
2461 90260 
2462 90260 
2463 90260 
2464 90260 
2465 90260 
2466 90260 
2467 90260 
2468 90260 
2469 90260 
2470 90260 
2471 90260 
2472 90260 
2473 90260 
2474 90260 
2475 90260 
2476 90260 
2477 90260 
2478 90260 
2479 90260 
2480 90260 
2481 90260 
2482 90260 
2483 90260 
2484 90260 
2485 90260 
2486 90260 
2487 90260 
2488 90260 
2489 90260 
2490 90260 
2491 90260 
2492 90260 
2493 90260 
2494 90260 
2495 90260 
2496 90260 
2497 90260 
2498 90260 
2499 90260 
2500 90260 
2501 90260 
2502 90260 
2503 90260 
2504 90260 
2505 90260 
2506 90260 
2507 90260 
2508 90260 
2509 90260 
2510 90260 
2511 90260 
2512 90260 
2513 90260 
2514 90260 
2515 90260 
2516 90260 
2517 90260 
2518 90260 
2519 90260 
2520 90260 
2521 90260 
2522 90260 
2523 90260 
2524 90260 
2525 90260 
2526 90260 
2527 90260 
2528 90260 
2529 90260 
2530 90260 
2531 90260 
2532 90260 
2533 90260 
2534 90260 
2535 90260 
2536 90260 
2537 90260 
2538 90260 
2539 90260 
2540 90260 
2541 90260 
2542 90260 
2543 90260 
2544 90260 
2545 90260 
2546 90260 
2547 90260 
2548 90260 
2549 90260 
2550 90260 
2551 90260 
2552 90260 
2553 90260 
2554 90260 
2555 90260 
2556 90260 
2557 90260 
2558 90260 
2559 90260 
2560 90260 
2561 90260 
2562 90260 
2563 90260 
2564 90260 
2565 90260 
2566 90260 
2567 90260 
2568 90260 
2569 90260 
2570 90260 
2571 90260 
2572 90260 
2573 90260 
2574 90260 
2575 90260 
2576 90260 
2577 90260 
2578 90260 
2579 90260 
2580 90260 
2581 90260 
2582 90260 
2583 90260 
2584 90260 
2585 90260 
2586 90260 
2587 90260 
2588 90260 
2589 90260 
2590 90260 
2591 90260 
2592 90260 
2593 90260 
2594 90260 
2595 90260 
2596 90260 
2597 90260 
2598 90260 
2599 90260 
2600 90260 
2601 90260 
2602 90260 
2603 90260 
2604 90260 
2605 90260 
2606 90260 
2607 90260 
2608 90260 
2609 90260 
2610 90260 
2611 90260 
2612 90260 
2613 90260 
2614 90260 
2615 90260 
2616 90260 
2617 90260 
2618 90260 
2619 90260 
2620 90260 
2621 90260 
2622 90260 
2623 90260 
2624 90260 
2625 90260 
2626 90260 
2627 90260 
2628 90260 
2629 90260 
2630 90260 
2631 90260 
2632 90260 
2633 90260 
2634 90260 
2635 90260 
2636 90260 
2637 90260 
2638 90260 
2639 90260 
2640 90260 
2641 90260 
2642 90260 
2643 90260 
2644 90260 
2645 90260 
2646 90260 
2647 90260 
2648 90260 
2649 90260 
2650 90260 
2651 90260 
2652 90260 
2653 90260 
2654 90260 
2655 90260 
2656 90260 
2657 90260 
2658 90260 
2659 90260 
2660 90260 
2661 90260 
2662 90260 
2663 90260 
2664 90260 
2665 90260 
2666 90260 
2667 90260 
2668 90260 
2669 90260 
2670 90260 
2671 90260 
2672 90260 
2673 90260 
2674 90260 
2675 90260 
2676 90260 
2677 90260 
2678 90260 
2679 90260 
2680 90260 
2681 90260 
2682 90260 
2683 90260 
2684 90260 
2685 90260 
2686 90260 
2687 90260 
2688 90260 
2689 90260 
2690 90260 
2691 90260 
2692 90260 
2693 90260 
2694 90260 
2695 90260 
2696 90260 
2697 90260 
2698 90260 
2699 90260 
2700 90260 
2701 90260 
2702 90260 
2703 90260 
2704 90260 
2705 90260 
2706 90260 
2707 90260 
2708 90260 
2709 90260 
2710 90260 
2711 90260 
2712 90260 
2713 90260 
2714 90260 
2715 90260 
2716 90260 
2717 90260 
2718 90260 
2719 90260 
2720 90260 
2721 90260 
2722 90260 
2723 90260 
2724 90260 
2725 90260 
2726 90260 
2727 90260 
2728 90260 
2729 90260 
2730 90260 
2731 90260 
2732 90260 
2733 90260 
2734 90260 
2735 90260 
2736 90260 
2737 90260 
2738 90260 
2739 90260 
2740 90260 
2741 90260 
2742 90260 
2743 90260 
2744 90260 
2745 90260 
2746 90260 
2747 90260 
2748 90260 
2749 90260 
2750 90260 
2751 90260 
2752 90260 
2753 90260 
2754 90260 
2755 90260 
2756 90260 
2757 90260 
2758 90260 
2759 90260 
2760 90260 
2761 90260 
2762 90260 
2763 90260 
2764 90260 
2765 90260 
2766 90260 
2767 90260 
2768 90260 
2769 90260 
2770 90260 
2771 90260 
2772 90260 
2773 90260 
2774 90260 
2775 90260 
2776 90260 
2777 90260 
2778 90260 
2779 90260 
2780 90260 
2781 90260 
2782 90260 
2783 90260 
2784 90260 
2785 90260 
2786 90260 
2787 90260 
2788 90260 
2789 90260 
2790 90260 
2791 90260 
2792 90260 
2793 90260 
2794 90260 
2795 90260 
2796 90260 
2797 90260 
2798 90260 
2799 90260 
2800 90260 
2801 90260 
2802 90260 
2803 90260 
2804 90260 
2805 90260 
2806 90260 
2807 90260 
2808 90260 
2809 90260 
2810 90260 
2811 90260 
2812 90260 
2813 90260 
2814 90260 
2815 90260 
2816 90260 
2817 90260 
2818 90260 
2819 90260 
2820 90260 
2821 90260 
2822 90260 
2823 90260 
2824 90260 
2825 90260 
2826 90260 
2827 90260 
2828 90260 
2829 90260 
2830 90260 
2831 90260 
2832 90260 
2833 90260 
2834 90260 
2835 90260 
2836 90260 
2837 90260 
2838 90260 
2839 90260 
2840 90260 
2841 90260 
2842 90260 
2843 90260 
2844 90260 
2845 90260 
2846 90260 
2847 90260 
2848 90260 
2849 90260 
2850 90260 
2851 90260 
2852 90260 
2853 90260 
2854 90260 
2855 90260 
2856 90260 
2857 90260 
2858 90260 
2859 90260 
2860 90260 
2861 90260 
2862 90260 
2863 90260 
2864 90260 
2865 90260 
2866 90260 
2867 90260 
2868 90260 
2869 90260 
2870 90260 
2871 90260 
2872 90260 
2873 90260 
2874 90260 
2875 90260 
2876 90260 
2877 90260 
2878 90260 
2879 90260 
2880 90260 
2881 90260 
2882 90260 
2883 90260 
2884 90260 
2885 90260 
2886 90260 
2887 90260 
2888 90260 
2889 90260 
2890 90260 
2891 90260 
2892 90260 
2893 90260 
2894 90260 
2895 90260 
2896 90260 
2897 90260 
2898 90260 
2899 90260 
2900 90260 
2901 90260 
2902 90260 
2903 90260 
2904 90260 
2905 90260 
2906 90260 
2907 90260 
2908 90260 
2909 90260 
2910 90260 
2911 90260 
2912 90260 
2913 90260 
2914 90260 
2915 90260 
2916 90260 
2917 90260 
2918 90260 
2919 90260 
2920 90260 
2921 90260 
2922 90260 
2923 90260 
2924 90260 
2925 90260 
2926 90260 
2927 90260 
2928 90260 
2929 90260 
2930 90260 
2931 90260 
2932 90260 
2933 90260 
2934 90260 
2935 90260 
2936 90260 
2937 90260 
2938 90260 
2939 90260 
2940 90260 
2941 90260 
2942 90260 
2943 90260 
2944 90260 
2945 90260 
2946 90260 
2947 90260 
2948 90260 
2949 90260 
2950 90260 
2951 90260 
2952 90260 
2953 90260 
2954 90260 
2955 90260 
2956 90260 
2957 90260 
2958 90260 
2959 90260 
2960 90260 
2961 90260 
2962 90260 
2963 90260 
2964 90260 
2965 90260 
2966 90260 
2967 90260 
2968 90260 
2969 90260 
2970 90260 
2971 90260 
2972 90260 
2973 90260 
2974 90260 
2975 90260 
2976 90260 
2977 90260 
2978 90260 
2979 90260 
2980 90260 
2981 90260 
2982 90260 
2983 90260 
2984 90260 
2985 90260 
2986 90260 
2987 90260 
2988 90260 
2989 90260 
2990 90260 
2991 90260 
2992 90260 
2993 90260 
2994 90260 
2995 90260 
2996 90260 
2997 90260 
2998 90260 
2999 90260 
3000 90260 
3001 90260 
3002 90260 
3003 90260 
3004 90260 
3005 90260 
3006 90260 
3007 90260 
3008 90260 
3009 90260 
3010 90260 
3011 90260 
3012 90260 
3013 90260 
3014 90260 
3015 90260 
3016 90260 
3017 90260 
3018 90260 
3019 90260 
3020 90260 
3021 90260 
3022 90260 
3023 90260 
3024 90260 
3025 90260 
3026 90260 
3027 90260 
3028 90260 
3029 90260 
3030 90260 
3031 90260 
3032 90260 
3033 90260 
3034 90260 
3035 90260 
3036 90260 
3037 90260 
3038 90260 
3039 90260 
3040 90260 
3041 90260 
3042 90260 
3043 90260 
3044 90260 
3045 90260 
3046 90260 
3047 90260 
3048 90260 
3049 90260 
3050 90260 
3051 90260 
3052 90260 
3053 90260 
3054 90260 
3055 90260 
3056 90260 
3057 90260 
3058 90260 
3059 90260 
3060 90260 
3061 90260 
3062 90260 
3063 90260 
3064 90260 
3065 90260 
3066 90260 
3067 90260 
3068 90260 
3069 90260 
3070 90260 
3071 90260 
3072 90260 
3073 90260 
3074 90260 
3075 90260 
3076 90260 
3077 90260 
3078 90260 
3079 90260 
3080 90260 
3081 90260 
3082 90260 
3083 90260 
3084 90260 
3085 90260 
3086 90260 
3087 90260 
3088 90260 
3089 90260 
3090 90260 
3091 90260 
3092 90260 
3093 90260 
3094 90260 
3095 90260 
3096 90260 
3097 90260 
3098 90260 
3099 90260 
3100 90260 
3101 90260 
3102 90260 
3103 90260 
3104 90260 
3105 90260 
3106 90260 
3107 90260 
3108 90260 
3109 90260 
3110 90260 
3111 90260 
3112 90260 
3113 90260 
3114 90260 
3115 90260 
3116 90260 
3117 90260 
3118 90260 
3119 90260 
3120 90260 
3121 90260 
3122 90260 
3123 90260 
3124 90260 
3125 90260 
3126 90260 
3127 90260 
3128 90260 
3129 90260 
3130 90260 
3131 90260 
3132 90260 
3133 90260 
3134 90260 
3135 90260 
3136 90260 
3137 90260 
3138 90260 
3139 90260 
3140 90260 
3141 90260 
3142 90260 
3143 90260 
3144 90260 
3145 90260 
3146 90260 
3147 90260 
3148 90260 
3149 90260 
3150 90260 
3151 90260 
3152 90260 
3153 90260 
3154 90260 
3155 90260 
3156 90260 
3157 90260 
3158 90260 
3159 90260 
3160 90260 
3161 90260 
3162 90260 
3163 90260 
3164 90260 
3165 90260 
3166 90260 
3167 90260 
3168 90260 
3169 90260 
3170 90260 
3171 90260 
3172 90260 
3173 90260 
3174 90260 
3175 90260 
3176 90260 
3177 90260 
3178 90260 
3179 90260 
3180 90260 
3181 90260 
3182 90260 
3183 90260 
3184 90260 
3185 90260 
3186 90260 
3187 90260 
3188 90260 
3189 90260 
3190 90260 
3191 90260 
3192 90260 
3193 90260 
3194 90260 
3195 90260 

