0 133320 
1 133220 
2 133120 
3 133120 
4 132920 
5 132840 
6 132400 
7 132300 
8 132100 
9 132080 
10 131350 
11 131150 
12 131000 
13 130800 
14 130600 
15 130400 
16 130400 
17 130200 
18 130000 
19 129800 
20 129500 
21 129300 
22 129100 
23 128900 
24 128880 
25 128680 
26 128050 
27 127750 
28 127650 
29 127050 
30 126560 
31 126500 
32 125980 
33 125880 
34 125820 
35 125720 
36 125420 
37 125080 
38 124880 
39 124580 
40 124380 
41 124150 
42 123950 
43 123950 
44 123750 
45 123680 
46 123580 
47 123380 
48 122920 
49 122520 
50 122320 
51 122220 
52 121220 
53 120880 
54 120580 
55 120580 
56 120380 
57 120380 
58 119980 
59 119880 
60 119780 
61 119780 
62 119650 
63 119550 
64 119350 
65 119150 
66 119050 
67 118850 
68 118750 
69 118650 
70 118580 
71 118380 
72 117920 
73 117820 
74 117620 
75 117420 
76 116700 
77 116600 
78 116400 
79 116340 
80 116240 
81 116180 
82 115780 
83 115680 
84 115480 
85 115380 
86 115300 
87 114900 
88 114900 
89 114600 
90 114100 
91 113600 
92 113600 
93 113310 
94 113250 
95 113190 
96 112980 
97 112980 
98 112880 
99 112580 
100 112380 
101 112150 
102 111850 
103 111850 
104 111640 
105 111640 
106 111540 
107 111140 
108 110570 
109 110370 
110 109970 
111 109870 
112 109640 
113 109440 
114 109140 
115 108840 
116 108640 
117 108540 
118 108340 
119 108140 
120 108040 
121 107340 
122 106740 
123 106640 
124 106440 
125 106340 
126 105880 
127 105370 
128 104970 
129 104670 
130 104270 
131 104070 
132 103770 
133 103770 
134 103570 
135 103470 
136 103170 
137 102670 
138 102370 
139 102170 
140 102070 
141 102070 
142 101870 
143 101770 
144 101050 
145 100650 
146 100450 
147 100050 
148 99840 
149 99540 
150 99540 
151 99540 
152 98850 
153 98750 
154 98650 
155 98310 
156 98110 
157 98010 
158 98010 
159 98010 
160 97910 
161 97910 
162 97910 
163 97800 
164 97800 
165 97570 
166 97570 
167 97470 
168 97270 
169 97270 
170 96870 
171 96870 
172 96470 
173 96370 
174 96370 
175 96270 
176 96270 
177 96070 
178 95970 
179 95870 
180 95470 
181 95470 
182 95370 
183 95370 
184 94970 
185 94970 
186 94970 
187 94670 
188 94570 
189 94470 
190 94470 
191 94370 
192 94370 
193 94370 
194 94370 
195 94370 
196 94370 
197 93870 
198 93770 
199 93770 
200 93770 
201 93770 
202 93770 
203 93770 
204 93770 
205 93770 
206 93770 
207 93770 
208 93770 
209 93770 
210 93770 
211 93770 
212 93770 
213 93770 
214 93770 
215 93770 
216 93770 
217 93770 
218 93770 
219 93770 
220 93770 
221 93770 
222 93770 
223 93770 
224 93770 
225 93770 
226 93770 
227 93770 
228 93770 
229 93770 
230 93770 
231 93770 
232 93770 
233 93770 
234 93770 
235 93770 
236 93770 
237 93770 
238 93770 
239 93770 
240 93770 
241 93770 
242 93770 
243 93770 
244 93770 
245 93770 
246 93770 
247 93770 
248 93770 
249 93770 
250 93770 
251 93770 
252 93770 
253 93770 
254 93770 
255 93770 
256 93770 
257 93770 
258 93770 
259 93770 
260 93770 
261 93770 
262 93770 
263 93770 
264 93770 
265 93770 
266 93770 
267 93770 
268 93770 
269 93770 
270 93770 
271 93770 
272 93770 
273 93770 
274 93770 
275 93770 
276 93770 
277 93770 
278 93770 
279 93770 
280 93770 
281 93770 
282 93770 
283 93770 
284 93770 
285 93770 
286 93770 
287 93770 
288 93770 
289 93770 
290 93770 
291 93770 
292 93770 
293 93770 
294 93770 
295 93770 
296 93770 
297 93770 
298 93770 
299 93770 
300 93770 
301 93770 
302 93770 
303 93770 
304 93770 
305 93770 
306 93770 
307 93770 
308 93770 
309 93770 
310 93770 
311 93770 
312 93770 
313 93770 
314 93770 
315 93770 
316 93770 
317 93770 
318 93770 
319 93770 
320 93770 
321 93770 
322 93770 
323 93770 
324 93770 
325 93770 
326 93770 
327 93770 
328 93770 
329 93770 
330 93770 
331 93770 
332 93770 
333 93770 
334 93770 
335 93770 
336 93770 
337 93770 
338 93770 
339 93770 
340 93770 
341 93770 
342 93770 
343 93770 
344 93770 
345 93770 
346 93770 
347 93770 
348 93770 
349 93770 
350 93770 
351 93770 
352 93770 
353 93770 
354 93770 
355 93770 
356 93770 
357 93770 
358 93770 
359 93770 
360 93770 
361 93770 
362 93770 
363 93770 
364 93770 
365 93770 
366 93770 
367 93770 
368 93770 
369 93770 
370 93770 
371 93770 
372 93770 
373 93770 
374 93770 
375 93770 
376 93770 
377 93770 
378 93770 
379 93770 
380 93770 
381 93770 
382 93770 
383 93770 
384 93770 
385 93770 
386 93770 
387 93770 
388 93770 
389 93770 
390 93770 
391 93770 
392 93770 
393 93770 
394 93770 
395 93770 
396 93770 
397 93770 
398 93770 
399 93770 
400 93770 
401 93770 
402 93770 
403 93770 
404 93770 
405 93770 
406 93770 
407 93770 
408 93770 
409 93770 
410 93770 
411 93770 
412 93770 
413 93770 
414 93770 
415 93770 
416 93770 
417 93770 
418 93770 
419 93770 
420 93770 
421 93770 
422 93770 
423 93770 
424 93770 
425 93770 
426 93770 
427 93770 
428 93770 
429 93770 
430 93770 
431 93770 
432 93770 
433 93770 
434 93770 
435 93770 
436 93770 
437 93770 
438 93770 
439 93770 
440 93770 
441 93770 
442 93770 
443 93770 
444 93770 
445 93770 
446 93770 
447 93770 
448 93770 
449 93770 
450 93770 
451 93770 
452 93770 
453 93770 
454 93770 
455 93770 
456 93770 
457 93770 
458 93770 
459 93770 
460 93770 
461 93770 
462 93770 
463 93770 
464 93770 
465 93770 
466 93770 
467 93770 
468 93770 
469 93770 
470 93770 
471 93770 
472 93770 
473 93770 
474 93770 
475 93770 
476 93770 
477 93770 
478 93770 
479 93770 
480 93770 
481 93770 
482 93770 
483 93770 
484 93770 
485 93770 
486 93770 
487 93770 
488 93770 
489 93770 
490 93770 
491 93770 
492 93770 
493 93770 
494 93770 
495 93770 
496 93770 
497 93770 
498 93770 
499 93770 
500 93770 
501 93770 
502 93770 
503 93770 
504 93770 
505 93770 
506 93770 
507 93770 
508 93770 
509 93770 
510 93770 
511 93770 
512 93770 
513 93770 
514 93770 
515 93770 
516 93770 
517 93770 
518 93770 
519 93770 
520 93770 
521 93770 
522 93770 
523 93770 
524 93770 
525 93770 
526 93770 
527 93770 
528 93770 
529 93770 
530 93770 
531 93770 
532 93770 
533 93770 
534 93770 
535 93770 
536 93770 
537 93770 
538 93770 
539 93770 
540 93770 
541 93770 
542 93770 
543 93770 
544 93770 
545 93770 
546 93770 
547 93770 
548 93770 
549 93770 
550 93770 
551 93770 
552 93770 
553 93770 
554 93770 
555 93770 
556 93770 
557 93770 
558 93770 
559 93770 
560 93770 
561 93770 
562 93770 
563 93770 
564 93770 
565 93770 
566 93770 
567 93770 
568 93770 
569 93770 
570 93770 
571 93770 
572 93770 
573 93770 
574 93770 
575 93770 
576 93770 
577 93770 
578 93770 
579 93770 
580 93770 
581 93770 
582 93770 
583 93770 
584 93770 
585 93770 
586 93770 
587 93770 
588 93770 
589 93770 
590 93770 
591 93770 
592 93770 
593 93770 
594 93770 
595 93770 
596 93770 
597 93770 
598 93770 
599 93770 
600 93770 
601 93770 
602 93770 
603 93770 
604 93770 
605 93770 
606 93770 
607 93770 
608 93770 
609 93770 
610 93770 
611 93770 
612 93770 
613 93770 
614 93770 
615 93770 
616 93770 
617 93770 
618 93770 
619 93770 
620 93770 
621 93770 
622 93770 
623 93770 
624 93770 
625 93770 
626 93770 
627 93770 
628 93770 
629 93770 
630 93770 
631 93770 
632 93770 
633 93770 
634 93770 
635 93770 
636 93770 
637 93770 
638 93770 
639 93770 
640 93770 
641 93770 
642 93770 
643 93770 
644 93770 
645 93770 
646 93770 
647 93770 
648 93770 
649 93770 
650 93770 
651 93770 
652 93770 
653 93770 
654 93770 
655 93770 
656 93770 
657 93770 
658 93770 
659 93770 
660 93770 
661 93770 
662 93770 
663 93770 
664 93770 
665 93770 
666 93770 
667 93770 
668 93770 
669 93770 
670 93770 
671 93770 
672 93770 
673 93770 
674 93770 
675 93770 
676 93770 
677 93770 
678 93770 
679 93770 
680 93770 
681 93770 
682 93770 
683 93770 
684 93770 
685 93770 
686 93770 
687 93770 
688 93770 
689 93770 
690 93770 
691 93770 
692 93770 
693 93770 
694 93770 
695 93770 
696 93770 
697 93770 
698 93770 
699 93770 
700 93770 
701 93770 
702 93770 
703 93770 
704 93770 
705 93770 
706 93770 
707 93770 
708 93770 
709 93770 
710 93770 
711 93770 
712 93770 
713 93770 
714 93770 
715 93770 
716 93770 
717 93770 
718 93770 
719 93770 
720 93770 
721 93770 
722 93770 
723 93770 
724 93770 
725 93770 
726 93770 
727 93770 
728 93770 
729 93770 
730 93770 
731 93770 
732 93770 
733 93770 
734 93770 
735 93770 
736 93770 
737 93770 
738 93770 
739 93770 
740 93770 
741 93770 
742 93770 
743 93770 
744 93770 
745 93770 
746 93770 
747 93770 
748 93770 
749 93770 
750 93770 
751 93770 
752 93770 
753 93770 
754 93770 
755 93770 
756 93770 
757 93770 
758 93770 
759 93770 
760 93770 
761 93770 
762 93770 
763 93770 
764 93770 
765 93770 
766 93770 
767 93770 
768 93770 
769 93770 
770 93770 
771 93770 
772 93770 
773 93770 
774 93770 
775 93770 
776 93770 
777 93770 
778 93770 
779 93770 
780 93770 
781 93770 
782 93770 
783 93770 
784 93770 
785 93770 
786 93770 
787 93770 
788 93770 
789 93770 
790 93770 
791 93770 
792 93770 
793 93770 
794 93770 
795 93770 
796 93770 
797 93770 
798 93770 
799 93770 
800 93770 
801 93770 
802 93770 
803 93770 
804 93770 
805 93770 
806 93770 
807 93770 
808 93770 
809 93770 
810 93770 
811 93770 
812 93770 
813 93770 
814 93770 
815 93770 
816 93770 
817 93770 
818 93770 
819 93770 
820 93770 
821 93770 
822 93770 
823 93770 
824 93770 
825 93770 
826 93770 
827 93770 
828 93770 
829 93770 
830 93770 
831 93770 
832 93770 
833 93770 
834 93770 
835 93770 
836 93770 
837 93770 
838 93770 
839 93770 
840 93770 
841 93770 
842 93770 
843 93770 
844 93770 
845 93770 
846 93770 
847 93770 
848 93770 
849 93770 
850 93770 
851 93770 
852 93770 
853 93770 
854 93770 
855 93770 
856 93770 
857 93770 
858 93770 
859 93770 
860 93770 
861 93770 
862 93770 
863 93770 
864 93770 
865 93770 
866 93770 
867 93770 
868 93770 
869 93770 
870 93770 
871 93770 
872 93770 
873 93770 
874 93770 
875 93770 
876 93770 
877 93770 
878 93770 
879 93770 
880 93770 
881 93770 
882 93770 
883 93770 
884 93770 
885 93770 
886 93770 
887 93770 
888 93770 
889 93770 
890 93770 
891 93770 
892 93770 
893 93770 
894 93770 
895 93770 
896 93770 
897 93770 
898 93770 
899 93770 
900 93770 
901 93770 
902 93770 
903 93770 
904 93770 
905 93770 
906 93770 
907 93770 
908 93770 
909 93770 
910 93770 
911 93770 
912 93770 
913 93770 
914 93770 
915 93770 
916 93770 
917 93770 
918 93770 
919 93770 
920 93770 
921 93770 
922 93770 
923 93770 
924 93770 
925 93770 
926 93770 
927 93770 
928 93770 
929 93770 
930 93770 
931 93770 
932 93770 
933 93770 
934 93770 
935 93770 
936 93770 
937 93770 
938 93770 
939 93770 
940 93770 
941 93770 
942 93770 
943 93770 
944 93770 
945 93770 
946 93770 
947 93770 
948 93770 
949 93770 
950 93770 
951 93770 
952 93770 
953 93770 
954 93770 
955 93770 
956 93770 
957 93770 
958 93770 
959 93770 
960 93770 
961 93770 
962 93770 
963 93770 
964 93770 
965 93770 
966 93770 
967 93770 
968 93770 
969 93770 
970 93770 
971 93770 
972 93770 
973 93770 
974 93770 
975 93770 
976 93770 
977 93770 
978 93770 
979 93770 
980 93770 
981 93770 
982 93770 
983 93770 
984 93770 
985 93770 
986 93770 
987 93770 
988 93770 
989 93770 
990 93770 
991 93770 
992 93770 
993 93770 
994 93770 
995 93770 
996 93770 
997 93770 
998 93770 
999 93770 
1000 93770 
1001 93770 
1002 93770 
1003 93770 
1004 93770 
1005 93770 
1006 93770 
1007 93770 
1008 93770 
1009 93770 
1010 93770 
1011 93770 
1012 93770 
1013 93770 
1014 93770 
1015 93770 
1016 93770 
1017 93770 
1018 93770 
1019 93770 
1020 93770 
1021 93770 
1022 93770 
1023 93770 
1024 93770 
1025 93770 
1026 93770 
1027 93770 
1028 93770 
1029 93770 
1030 93770 
1031 93770 
1032 93770 
1033 93770 
1034 93770 
1035 93770 
1036 93770 
1037 93770 
1038 93770 
1039 93770 
1040 93770 
1041 93770 
1042 93770 
1043 93770 
1044 93770 
1045 93770 
1046 93770 
1047 93770 
1048 93770 
1049 93770 
1050 93770 
1051 93770 
1052 93770 
1053 93770 
1054 93770 
1055 93770 
1056 93770 
1057 93770 
1058 93770 
1059 93770 
1060 93770 
1061 93770 
1062 93770 
1063 93770 
1064 93770 
1065 93770 
1066 93770 
1067 93770 
1068 93770 
1069 93770 
1070 93770 
1071 93770 
1072 93770 
1073 93770 
1074 93770 
1075 93770 
1076 93770 
1077 93770 
1078 93770 
1079 93770 
1080 93770 
1081 93770 
1082 93770 
1083 93770 
1084 93770 
1085 93770 
1086 93770 
1087 93770 
1088 93770 
1089 93770 
1090 93770 
1091 93770 
1092 93770 
1093 93770 
1094 93770 
1095 93770 
1096 93770 
1097 93770 
1098 93770 
1099 93770 
1100 93770 
1101 93770 
1102 93770 
1103 93770 
1104 93770 
1105 93770 
1106 93770 
1107 93770 
1108 93770 
1109 93770 
1110 93770 
1111 93770 
1112 93770 
1113 93770 
1114 93770 
1115 93770 
1116 93770 
1117 93770 
1118 93770 
1119 93770 
1120 93770 
1121 93770 
1122 93770 
1123 93770 
1124 93770 
1125 93770 
1126 93770 
1127 93770 
1128 93770 
1129 93770 
1130 93770 
1131 93770 
1132 93770 
1133 93770 
1134 93770 
1135 93770 
1136 93770 
1137 93770 
1138 93770 
1139 93770 
1140 93770 
1141 93770 
1142 93770 
1143 93770 
1144 93770 
1145 93770 
1146 93770 
1147 93770 
1148 93770 
1149 93770 
1150 93770 
1151 93770 
1152 93770 
1153 93770 
1154 93770 
1155 93770 
1156 93770 
1157 93770 
1158 93770 
1159 93770 
1160 93770 
1161 93770 
1162 93770 
1163 93770 
1164 93770 
1165 93770 
1166 93770 
1167 93770 
1168 93770 
1169 93770 
1170 93770 
1171 93770 
1172 93770 
1173 93770 
1174 93770 
1175 93770 
1176 93770 
1177 93770 
1178 93770 
1179 93770 
1180 93770 
1181 93770 
1182 93770 
1183 93770 
1184 93770 
1185 93770 
1186 93770 
1187 93770 
1188 93770 
1189 93770 
1190 93770 
1191 93770 
1192 93770 
1193 93770 
1194 93770 
1195 93770 
1196 93770 
1197 93770 
1198 93770 
1199 93770 
1200 93770 
1201 93770 
1202 93770 
1203 93770 
1204 93770 
1205 93770 
1206 93770 
1207 93770 
1208 93770 
1209 93770 
1210 93770 
1211 93770 
1212 93770 
1213 93770 
1214 93770 
1215 93770 
1216 93770 
1217 93770 
1218 93770 
1219 93770 
1220 93770 
1221 93770 
1222 93770 
1223 93770 
1224 93770 
1225 93770 
1226 93770 
1227 93770 
1228 93770 
1229 93770 
1230 93770 
1231 93770 
1232 93770 
1233 93770 
1234 93770 
1235 93770 
1236 93770 
1237 93770 
1238 93770 
1239 93770 
1240 93770 
1241 93770 
1242 93770 
1243 93770 
1244 93770 
1245 93770 
1246 93770 
1247 93770 
1248 93770 
1249 93770 
1250 93770 
1251 93770 
1252 93770 
1253 93770 
1254 93770 
1255 93770 
1256 93770 
1257 93770 
1258 93770 
1259 93770 
1260 93770 
1261 93770 
1262 93770 
1263 93770 
1264 93770 
1265 93770 
1266 93770 
1267 93770 
1268 93770 
1269 93770 
1270 93770 
1271 93770 
1272 93770 
1273 93770 
1274 93770 
1275 93770 
1276 93770 
1277 93770 
1278 93770 
1279 93770 
1280 93770 
1281 93770 
1282 93770 
1283 93770 
1284 93770 
1285 93770 
1286 93770 
1287 93770 
1288 93770 
1289 93770 
1290 93770 
1291 93770 
1292 93770 
1293 93770 
1294 93770 
1295 93770 
1296 93770 
1297 93770 
1298 93770 
1299 93770 
1300 93770 
1301 93770 
1302 93770 
1303 93770 
1304 93770 
1305 93770 
1306 93770 
1307 93770 
1308 93770 
1309 93770 
1310 93770 
1311 93770 
1312 93770 
1313 93770 
1314 93770 
1315 93770 
1316 93770 
1317 93770 
1318 93770 
1319 93770 
1320 93770 
1321 93770 
1322 93770 
1323 93770 
1324 93770 
1325 93770 
1326 93770 
1327 93770 
1328 93770 
1329 93770 
1330 93770 
1331 93770 
1332 93770 
1333 93770 
1334 93770 
1335 93770 
1336 93770 
1337 93770 
1338 93770 
1339 93770 
1340 93770 
1341 93770 
1342 93770 
1343 93770 
1344 93770 
1345 93770 
1346 93770 
1347 93770 
1348 93770 
1349 93770 
1350 93770 
1351 93770 
1352 93770 
1353 93770 
1354 93770 
1355 93770 
1356 93770 
1357 93770 
1358 93770 
1359 93770 
1360 93770 
1361 93770 
1362 93770 
1363 93770 
1364 93770 
1365 93770 
1366 93770 
1367 93770 
1368 93770 
1369 93770 
1370 93770 
1371 93770 
1372 93770 
1373 93770 
1374 93770 
1375 93770 
1376 93770 
1377 93770 
1378 93770 
1379 93770 
1380 93770 
1381 93770 
1382 93770 
1383 93770 
1384 93770 
1385 93770 
1386 93770 
1387 93770 
1388 93770 
1389 93770 
1390 93770 
1391 93770 
1392 93770 
1393 93770 
1394 93770 
1395 93770 
1396 93770 
1397 93770 
1398 93770 
1399 93770 
1400 93770 
1401 93770 
1402 93770 
1403 93770 
1404 93770 
1405 93770 
1406 93770 
1407 93770 
1408 93770 
1409 93770 
1410 93770 
1411 93770 
1412 93770 
1413 93770 
1414 93770 
1415 93770 
1416 93770 
1417 93770 
1418 93770 
1419 93770 
1420 93770 
1421 93770 
1422 93770 
1423 93770 
1424 93770 
1425 93770 
1426 93770 
1427 93770 
1428 93770 
1429 93770 
1430 93770 
1431 93770 
1432 93770 
1433 93770 
1434 93770 
1435 93770 
1436 93770 
1437 93770 
1438 93770 
1439 93770 
1440 93770 
1441 93770 
1442 93770 
1443 93770 
1444 93770 
1445 93770 
1446 93770 
1447 93770 
1448 93770 
1449 93770 
1450 93770 
1451 93770 
1452 93770 
1453 93770 
1454 93770 
1455 93770 
1456 93770 
1457 93770 
1458 93770 
1459 93770 
1460 93770 
1461 93770 
1462 93770 
1463 93770 
1464 93770 
1465 93770 
1466 93770 
1467 93770 
1468 93770 
1469 93770 
1470 93770 
1471 93770 
1472 93770 
1473 93770 
1474 93770 
1475 93770 
1476 93770 
1477 93770 
1478 93770 
1479 93770 
1480 93770 
1481 93770 
1482 93770 
1483 93770 
1484 93770 
1485 93770 
1486 93770 
1487 93770 
1488 93770 
1489 93770 
1490 93770 
1491 93770 
1492 93770 
1493 93770 
1494 93770 
1495 93770 
1496 93770 
1497 93770 
1498 93770 
1499 93770 
1500 93770 
1501 93770 
1502 93770 
1503 93770 
1504 93770 
1505 93770 
1506 93770 
1507 93770 
1508 93770 
1509 93770 
1510 93770 
1511 93770 
1512 93770 
1513 93770 
1514 93770 
1515 93770 
1516 93770 
1517 93770 
1518 93770 
1519 93770 
1520 93770 
1521 93770 
1522 93770 
1523 93770 
1524 93770 
1525 93770 
1526 93770 
1527 93770 
1528 93770 
1529 93770 
1530 93770 
1531 93770 
1532 93770 
1533 93770 
1534 93770 
1535 93770 
1536 93770 
1537 93770 
1538 93770 
1539 93770 
1540 93770 
1541 93770 
1542 93770 
1543 93770 
1544 93770 
1545 93770 
1546 93770 
1547 93770 
1548 93770 
1549 93770 
1550 93770 
1551 93770 
1552 93770 
1553 93770 
1554 93770 
1555 93770 
1556 93770 
1557 93770 
1558 93770 
1559 93770 
1560 93770 
1561 93770 
1562 93770 
1563 93770 
1564 93770 
1565 93770 
1566 93770 
1567 93770 
1568 93770 
1569 93770 
1570 93770 
1571 93770 
1572 93770 
1573 93770 
1574 93770 
1575 93770 
1576 93770 
1577 93770 
1578 93770 
1579 93770 
1580 93770 
1581 93770 
1582 93770 
1583 93770 
1584 93770 
1585 93770 
1586 93770 
1587 93770 
1588 93770 
1589 93770 
1590 93770 
1591 93770 
1592 93770 
1593 93770 
1594 93770 
1595 93770 
1596 93770 
1597 93770 
1598 93770 
1599 93770 
1600 93770 
1601 93770 
1602 93770 
1603 93770 
1604 93770 
1605 93770 
1606 93770 
1607 93770 
1608 93770 
1609 93770 
1610 93770 
1611 93770 
1612 93770 
1613 93770 
1614 93770 
1615 93770 
1616 93770 
1617 93770 
1618 93770 
1619 93770 
1620 93770 
1621 93770 
1622 93770 
1623 93770 
1624 93770 
1625 93770 
1626 93770 
1627 93770 
1628 93770 
1629 93770 
1630 93770 
1631 93770 
1632 93770 
1633 93770 
1634 93770 
1635 93770 
1636 93770 
1637 93770 
1638 93770 
1639 93770 
1640 93770 
1641 93770 
1642 93770 
1643 93770 
1644 93770 
1645 93770 
1646 93770 
1647 93770 
1648 93770 
1649 93770 
1650 93770 
1651 93770 
1652 93770 
1653 93770 
1654 93770 
1655 93770 
1656 93770 
1657 93770 
1658 93770 
1659 93770 
1660 93770 
1661 93770 
1662 93770 
1663 93770 
1664 93770 
1665 93770 
1666 93770 
1667 93770 
1668 93770 
1669 93770 
1670 93770 
1671 93770 
1672 93770 
1673 93770 
1674 93770 
1675 93770 
1676 93770 
1677 93770 
1678 93770 
1679 93770 
1680 93770 
1681 93770 
1682 93770 
1683 93770 
1684 93770 
1685 93770 
1686 93770 
1687 93770 
1688 93770 
1689 93770 
1690 93770 
1691 93770 
1692 93770 
1693 93770 
1694 93770 
1695 93770 
1696 93770 
1697 93770 
1698 93770 
1699 93770 
1700 93770 
1701 93770 
1702 93770 
1703 93770 
1704 93770 
1705 93770 
1706 93770 
1707 93770 
1708 93770 
1709 93770 
1710 93770 
1711 93770 
1712 93770 
1713 93770 
1714 93770 
1715 93770 
1716 93770 
1717 93770 
1718 93770 
1719 93770 
1720 93770 
1721 93770 
1722 93770 
1723 93770 
1724 93770 
1725 93770 
1726 93770 
1727 93770 
1728 93770 
1729 93770 
1730 93770 
1731 93770 
1732 93770 
1733 93770 
1734 93770 
1735 93770 
1736 93770 
1737 93770 
1738 93770 
1739 93770 
1740 93770 
1741 93770 
1742 93770 
1743 93770 
1744 93770 
1745 93770 
1746 93770 
1747 93770 
1748 93770 
1749 93770 
1750 93770 
1751 93770 
1752 93770 
1753 93770 
1754 93770 
1755 93770 
1756 93770 
1757 93770 
1758 93770 
1759 93770 
1760 93770 
1761 93770 
1762 93770 
1763 93770 
1764 93770 
1765 93770 
1766 93770 
1767 93770 
1768 93770 
1769 93770 
1770 93770 
1771 93770 
1772 93770 
1773 93770 
1774 93770 
1775 93770 
1776 93770 
1777 93770 
1778 93770 
1779 93770 
1780 93770 
1781 93770 
1782 93770 
1783 93770 
1784 93770 
1785 93770 
1786 93770 
1787 93770 
1788 93770 
1789 93770 
1790 93770 
1791 93770 
1792 93770 
1793 93770 
1794 93770 
1795 93770 
1796 93770 
1797 93770 
1798 93770 
1799 93770 
1800 93770 
1801 93770 
1802 93770 
1803 93770 
1804 93770 
1805 93770 
1806 93770 
1807 93770 
1808 93770 
1809 93770 
1810 93770 
1811 93770 
1812 93770 
1813 93770 
1814 93770 
1815 93770 
1816 93770 
1817 93770 
1818 93770 
1819 93770 
1820 93770 
1821 93770 
1822 93770 
1823 93770 
1824 93770 
1825 93770 
1826 93770 
1827 93770 
1828 93770 
1829 93770 
1830 93770 
1831 93770 
1832 93770 
1833 93770 
1834 93770 
1835 93770 
1836 93770 
1837 93770 
1838 93770 
1839 93770 
1840 93770 
1841 93770 
1842 93770 
1843 93770 
1844 93770 
1845 93770 
1846 93770 
1847 93770 
1848 93770 
1849 93770 
1850 93770 
1851 93770 
1852 93770 
1853 93770 
1854 93770 
1855 93770 
1856 93770 
1857 93770 
1858 93770 
1859 93770 
1860 93770 
1861 93770 
1862 93770 
1863 93770 
1864 93770 
1865 93770 
1866 93770 
1867 93770 
1868 93770 
1869 93770 
1870 93770 
1871 93770 
1872 93770 
1873 93770 
1874 93770 
1875 93770 
1876 93770 
1877 93770 
1878 93770 
1879 93770 
1880 93770 
1881 93770 
1882 93770 
1883 93770 
1884 93770 
1885 93770 
1886 93770 
1887 93770 
1888 93770 
1889 93770 
1890 93770 
1891 93770 
1892 93770 
1893 93770 
1894 93770 
1895 93770 
1896 93770 
1897 93770 
1898 93770 
1899 93770 
1900 93770 
1901 93770 
1902 93770 
1903 93770 
1904 93770 
1905 93770 
1906 93770 
1907 93770 
1908 93770 
1909 93770 
1910 93770 
1911 93770 
1912 93770 
1913 93770 
1914 93770 
1915 93770 
1916 93770 
1917 93770 
1918 93770 
1919 93770 
1920 93770 
1921 93770 
1922 93770 
1923 93770 
1924 93770 
1925 93770 
1926 93770 
1927 93770 
1928 93770 
1929 93770 
1930 93770 
1931 93770 
1932 93770 
1933 93770 
1934 93770 
1935 93770 
1936 93770 
1937 93770 
1938 93770 
1939 93770 
1940 93770 
1941 93770 
1942 93770 
1943 93770 
1944 93770 
1945 93770 
1946 93770 
1947 93770 
1948 93770 
1949 93770 
1950 93770 
1951 93770 
1952 93770 
1953 93770 
1954 93770 
1955 93770 
1956 93770 
1957 93770 
1958 93770 
1959 93770 
1960 93770 
1961 93770 
1962 93770 
1963 93770 
1964 93770 
1965 93770 
1966 93770 
1967 93770 
1968 93770 
1969 93770 
1970 93770 
1971 93770 
1972 93770 
1973 93770 
1974 93770 
1975 93770 
1976 93770 
1977 93770 
1978 93770 
1979 93770 
1980 93770 
1981 93770 
1982 93770 
1983 93770 
1984 93770 
1985 93770 
1986 93770 
1987 93770 
1988 93770 
1989 93770 
1990 93770 
1991 93770 
1992 93770 
1993 93770 
1994 93770 
1995 93770 
1996 93770 
1997 93770 
1998 93770 
1999 93770 
2000 93770 
2001 93770 
2002 93770 
2003 93770 
2004 93770 
2005 93770 
2006 93770 
2007 93770 
2008 93770 
2009 93770 
2010 93770 
2011 93770 
2012 93770 
2013 93770 
2014 93770 
2015 93770 
2016 93770 
2017 93770 
2018 93770 
2019 93770 
2020 93770 
2021 93770 
2022 93770 
2023 93770 
2024 93770 
2025 93770 
2026 93770 
2027 93770 
2028 93770 
2029 93770 
2030 93770 
2031 93770 
2032 93770 
2033 93770 
2034 93770 
2035 93770 
2036 93770 
2037 93770 
2038 93770 
2039 93770 
2040 93770 
2041 93770 
2042 93770 
2043 93770 
2044 93770 
2045 93770 
2046 93770 
2047 93770 
2048 93770 
2049 93770 
2050 93770 
2051 93770 
2052 93770 
2053 93770 
2054 93770 
2055 93770 
2056 93770 
2057 93770 
2058 93770 
2059 93770 
2060 93770 
2061 93770 
2062 93770 
2063 93770 
2064 93770 
2065 93770 
2066 93770 
2067 93770 
2068 93770 
2069 93770 
2070 93770 
2071 93770 
2072 93770 
2073 93770 
2074 93770 
2075 93770 
2076 93770 
2077 93770 
2078 93770 
2079 93770 
2080 93770 
2081 93770 
2082 93770 
2083 93770 
2084 93770 
2085 93770 
2086 93770 
2087 93770 
2088 93770 
2089 93770 
2090 93770 
2091 93770 
2092 93770 
2093 93770 
2094 93770 
2095 93770 
2096 93770 
2097 93770 
2098 93770 
2099 93770 
2100 93770 
2101 93770 
2102 93770 
2103 93770 
2104 93770 
2105 93770 
2106 93770 
2107 93770 
2108 93770 
2109 93770 
2110 93770 
2111 93770 
2112 93770 
2113 93770 
2114 93770 
2115 93770 
2116 93770 
2117 93770 
2118 93770 
2119 93770 
2120 93770 
2121 93770 
2122 93770 
2123 93770 
2124 93770 
2125 93770 
2126 93770 
2127 93770 
2128 93770 
2129 93770 
2130 93770 
2131 93770 
2132 93770 
2133 93770 
2134 93770 
2135 93770 
2136 93770 
2137 93770 
2138 93770 
2139 93770 
2140 93770 
2141 93770 
2142 93770 
2143 93770 
2144 93770 
2145 93770 
2146 93770 
2147 93770 
2148 93770 
2149 93770 
2150 93770 
2151 93770 
2152 93770 
2153 93770 
2154 93770 
2155 93770 
2156 93770 
2157 93770 
2158 93770 
2159 93770 
2160 93770 
2161 93770 
2162 93770 
2163 93770 
2164 93770 
2165 93770 
2166 93770 
2167 93770 
2168 93770 
2169 93770 
2170 93770 
2171 93770 
2172 93770 
2173 93770 
2174 93770 
2175 93770 
2176 93770 
2177 93770 
2178 93770 
2179 93770 
2180 93770 
2181 93770 
2182 93770 
2183 93770 
2184 93770 
2185 93770 
2186 93770 
2187 93770 
2188 93770 
2189 93770 
2190 93770 
2191 93770 
2192 93770 
2193 93770 
2194 93770 
2195 93770 
2196 93770 
2197 93770 
2198 93770 
2199 93770 
2200 93770 
2201 93770 
2202 93770 
2203 93770 
2204 93770 
2205 93770 
2206 93770 
2207 93770 
2208 93770 
2209 93770 
2210 93770 
2211 93770 
2212 93770 
2213 93770 
2214 93770 
2215 93770 
2216 93770 
2217 93770 
2218 93770 
2219 93770 
2220 93770 
2221 93770 
2222 93770 
2223 93770 
2224 93770 
2225 93770 
2226 93770 
2227 93770 
2228 93770 
2229 93770 
2230 93770 
2231 93770 
2232 93770 
2233 93770 
2234 93770 
2235 93770 
2236 93770 
2237 93770 
2238 93770 
2239 93770 
2240 93770 
2241 93770 
2242 93770 
2243 93770 
2244 93770 
2245 93770 
2246 93770 
2247 93770 
2248 93770 
2249 93770 
2250 93770 
2251 93770 
2252 93770 
2253 93770 
2254 93770 
2255 93770 
2256 93770 
2257 93770 
2258 93770 
2259 93770 
2260 93770 
2261 93770 
2262 93770 
2263 93770 
2264 93770 
2265 93770 
2266 93770 
2267 93770 
2268 93770 
2269 93770 
2270 93770 
2271 93770 
2272 93770 
2273 93770 
2274 93770 
2275 93770 
2276 93770 
2277 93770 
2278 93770 
2279 93770 
2280 93770 
2281 93770 
2282 93770 
2283 93770 
2284 93770 
2285 93770 
2286 93770 
2287 93770 
2288 93770 
2289 93770 
2290 93770 
2291 93770 
2292 93770 
2293 93770 
2294 93770 
2295 93770 
2296 93770 
2297 93770 
2298 93770 
2299 93770 
2300 93770 
2301 93770 
2302 93770 
2303 93770 
2304 93770 
2305 93770 
2306 93770 
2307 93770 
2308 93770 
2309 93770 
2310 93770 
2311 93770 
2312 93770 
2313 93770 
2314 93770 
2315 93770 
2316 93770 
2317 93770 
2318 93770 
2319 93770 
2320 93770 
2321 93770 
2322 93770 
2323 93770 
2324 93770 
2325 93770 
2326 93770 
2327 93770 
2328 93770 
2329 93770 
2330 93770 
2331 93770 
2332 93770 
2333 93770 
2334 93770 
2335 93770 
2336 93770 
2337 93770 
2338 93770 
2339 93770 
2340 93770 
2341 93770 
2342 93770 
2343 93770 
2344 93770 
2345 93770 
2346 93770 
2347 93770 
2348 93770 
2349 93770 
2350 93770 
2351 93770 
2352 93770 
2353 93770 
2354 93770 
2355 93770 
2356 93770 
2357 93770 
2358 93770 
2359 93770 
2360 93770 
2361 93770 
2362 93770 
2363 93770 
2364 93770 
2365 93770 
2366 93770 
2367 93770 
2368 93770 
2369 93770 
2370 93770 
2371 93770 
2372 93770 
2373 93770 
2374 93770 
2375 93770 
2376 93770 
2377 93770 
2378 93770 
2379 93770 
2380 93770 
2381 93770 
2382 93770 
2383 93770 
2384 93770 
2385 93770 
2386 93770 
2387 93770 
2388 93770 
2389 93770 
2390 93770 
2391 93770 
2392 93770 
2393 93770 
2394 93770 
2395 93770 
2396 93770 
2397 93770 
2398 93770 
2399 93770 
2400 93770 
2401 93770 
2402 93770 
2403 93770 
2404 93770 
2405 93770 
2406 93770 
2407 93770 
2408 93770 
2409 93770 
2410 93770 
2411 93770 
2412 93770 
2413 93770 
2414 93770 
2415 93770 
2416 93770 
2417 93770 
2418 93770 
2419 93770 
2420 93770 
2421 93770 
2422 93770 
2423 93770 
2424 93770 
2425 93770 
2426 93770 
2427 93770 
2428 93770 
2429 93770 
2430 93770 
2431 93770 
2432 93770 
2433 93770 
2434 93770 
2435 93770 
2436 93770 
2437 93770 
2438 93770 
2439 93770 
2440 93770 
2441 93770 
2442 93770 
2443 93770 
2444 93770 
2445 93770 
2446 93770 
2447 93770 
2448 93770 
2449 93770 
2450 93770 
2451 93770 
2452 93770 
2453 93770 
2454 93770 
2455 93770 
2456 93770 
2457 93770 
2458 93770 
2459 93770 
2460 93770 
2461 93770 
2462 93770 
2463 93770 
2464 93770 
2465 93770 
2466 93770 
2467 93770 
2468 93770 
2469 93770 
2470 93770 
2471 93770 
2472 93770 
2473 93770 
2474 93770 
2475 93770 
2476 93770 
2477 93770 
2478 93770 
2479 93770 
2480 93770 
2481 93770 
2482 93770 
2483 93770 
2484 93770 
2485 93770 
2486 93770 
2487 93770 
2488 93770 
2489 93770 
2490 93770 
2491 93770 
2492 93770 
2493 93770 
2494 93770 
2495 93770 
2496 93770 
2497 93770 
2498 93770 
2499 93770 
2500 93770 
2501 93770 
2502 93770 
2503 93770 
2504 93770 
2505 93770 
2506 93770 
2507 93770 
2508 93770 
2509 93770 
2510 93770 
2511 93770 
2512 93770 
2513 93770 
2514 93770 
2515 93770 
2516 93770 
2517 93770 
2518 93770 
2519 93770 
2520 93770 
2521 93770 
2522 93770 
2523 93770 
2524 93770 
2525 93770 
2526 93770 
2527 93770 
2528 93770 
2529 93770 
2530 93770 
2531 93770 
2532 93770 
2533 93770 
2534 93770 
2535 93770 
2536 93770 
2537 93770 
2538 93770 
2539 93770 
2540 93770 
2541 93770 
2542 93770 
2543 93770 
2544 93770 
2545 93770 
2546 93770 
2547 93770 
2548 93770 
2549 93770 
2550 93770 
2551 93770 
2552 93770 
2553 93770 
2554 93770 
2555 93770 
2556 93770 
2557 93770 
2558 93770 
2559 93770 
2560 93770 
2561 93770 
2562 93770 
2563 93770 
2564 93770 
2565 93770 
2566 93770 
2567 93770 
2568 93770 
2569 93770 
2570 93770 
2571 93770 
2572 93770 
2573 93770 
2574 93770 
2575 93770 
2576 93770 
2577 93770 
2578 93770 
2579 93770 
2580 93770 
2581 93770 
2582 93770 
2583 93770 
2584 93770 
2585 93770 
2586 93770 
2587 93770 
2588 93770 
2589 93770 
2590 93770 
2591 93770 
2592 93770 
2593 93770 
2594 93770 
2595 93770 
2596 93770 
2597 93770 
2598 93770 
2599 93770 
2600 93770 
2601 93770 
2602 93770 
2603 93770 
2604 93770 
2605 93770 
2606 93770 
2607 93770 
2608 93770 
2609 93770 
2610 93770 
2611 93770 
2612 93770 
2613 93770 
2614 93770 
2615 93770 
2616 93770 
2617 93770 
2618 93770 
2619 93770 
2620 93770 
2621 93770 
2622 93770 
2623 93770 
2624 93770 
2625 93770 
2626 93770 
2627 93770 
2628 93770 
2629 93770 
2630 93770 
2631 93770 
2632 93770 
2633 93770 
2634 93770 
2635 93770 
2636 93770 
2637 93770 
2638 93770 
2639 93770 
2640 93770 
2641 93770 
2642 93770 
2643 93770 
2644 93770 
2645 93770 
2646 93770 
2647 93770 
2648 93770 
2649 93770 
2650 93770 
2651 93770 
2652 93770 
2653 93770 
2654 93770 
2655 93770 
2656 93770 
2657 93770 
2658 93770 
2659 93770 
2660 93770 
2661 93770 
2662 93770 
2663 93770 
2664 93770 
2665 93770 
2666 93770 
2667 93770 
2668 93770 
2669 93770 
2670 93770 
2671 93770 
2672 93770 
2673 93770 
2674 93770 
2675 93770 
2676 93770 
2677 93770 
2678 93770 
2679 93770 
2680 93770 
2681 93770 
2682 93770 
2683 93770 
2684 93770 
2685 93770 
2686 93770 
2687 93770 
2688 93770 
2689 93770 
2690 93770 
2691 93770 
2692 93770 
2693 93770 
2694 93770 
2695 93770 
2696 93770 
2697 93770 
2698 93770 
2699 93770 
2700 93770 
2701 93770 
2702 93770 
2703 93770 
2704 93770 
2705 93770 
2706 93770 
2707 93770 
2708 93770 
2709 93770 
2710 93770 
2711 93770 
2712 93770 
2713 93770 
2714 93770 
2715 93770 
2716 93770 
2717 93770 
2718 93770 
2719 93770 
2720 93770 
2721 93770 
2722 93770 
2723 93770 
2724 93770 
2725 93770 
2726 93770 
2727 93770 
2728 93770 
2729 93770 
2730 93770 
2731 93770 
2732 93770 
2733 93770 
2734 93770 
2735 93770 
2736 93770 
2737 93770 
2738 93770 
2739 93770 
2740 93770 
2741 93770 
2742 93770 
2743 93770 
2744 93770 
2745 93770 
2746 93770 
2747 93770 
2748 93770 
2749 93770 
2750 93770 
2751 93770 
2752 93770 
2753 93770 
2754 93770 
2755 93770 
2756 93770 
2757 93770 
2758 93770 
2759 93770 
2760 93770 
2761 93770 
2762 93770 
2763 93770 
2764 93770 
2765 93770 
2766 93770 
2767 93770 
2768 93770 
2769 93770 
2770 93770 
2771 93770 
2772 93770 
2773 93770 
2774 93770 
2775 93770 
2776 93770 
2777 93770 
2778 93770 
2779 93770 
2780 93770 
2781 93770 
2782 93770 
2783 93770 
2784 93770 
2785 93770 
2786 93770 
2787 93770 
2788 93770 
2789 93770 
2790 93770 
2791 93770 
2792 93770 
2793 93770 
2794 93770 
2795 93770 
2796 93770 
2797 93770 
2798 93770 
2799 93770 
2800 93770 
2801 93770 
2802 93770 
2803 93770 
2804 93770 
2805 93770 
2806 93770 
2807 93770 
2808 93770 
2809 93770 
2810 93770 
2811 93770 
2812 93770 
2813 93770 
2814 93770 
2815 93770 
2816 93770 
2817 93770 
2818 93770 
2819 93770 
2820 93770 
2821 93770 
2822 93770 
2823 93770 
2824 93770 
2825 93770 
2826 93770 
2827 93770 
2828 93770 
2829 93770 
2830 93770 
2831 93770 
2832 93770 
2833 93770 
2834 93770 
2835 93770 
2836 93770 
2837 93770 
2838 93770 
2839 93770 
2840 93770 
2841 93770 
2842 93770 
2843 93770 
2844 93770 
2845 93770 
2846 93770 
2847 93770 
2848 93770 
2849 93770 
2850 93770 
2851 93770 
2852 93770 
2853 93770 
2854 93770 
2855 93770 
2856 93770 
2857 93770 
2858 93770 
2859 93770 
2860 93770 
2861 93770 
2862 93770 
2863 93770 
2864 93770 
2865 93770 
2866 93770 
2867 93770 
2868 93770 
2869 93770 
2870 93770 
2871 93770 
2872 93770 
2873 93770 
2874 93770 
2875 93770 
2876 93770 
2877 93770 
2878 93770 
2879 93770 
2880 93770 
2881 93770 
2882 93770 
2883 93770 
2884 93770 
2885 93770 
2886 93770 
2887 93770 
2888 93770 
2889 93770 
2890 93770 
2891 93770 
2892 93770 
2893 93770 
2894 93770 
2895 93770 
2896 93770 
2897 93770 
2898 93770 
2899 93770 
2900 93770 
2901 93770 
2902 93770 
2903 93770 
2904 93770 
2905 93770 
2906 93770 
2907 93770 
2908 93770 
2909 93770 
2910 93770 
2911 93770 
2912 93770 
2913 93770 
2914 93770 
2915 93770 
2916 93770 
2917 93770 
2918 93770 
2919 93770 
2920 93770 
2921 93770 
2922 93770 
2923 93770 
2924 93770 
2925 93770 
2926 93770 
2927 93770 
2928 93770 
2929 93770 
2930 93770 
2931 93770 
2932 93770 
2933 93770 
2934 93770 
2935 93770 
2936 93770 
2937 93770 
2938 93770 
2939 93770 
2940 93770 
2941 93770 
2942 93770 
2943 93770 
2944 93770 
2945 93770 
2946 93770 
2947 93770 
2948 93770 
2949 93770 
2950 93770 
2951 93770 
2952 93770 
2953 93770 
2954 93770 
2955 93770 
2956 93770 
2957 93770 
2958 93770 
2959 93770 
2960 93770 
2961 93770 
2962 93770 
2963 93770 
2964 93770 
2965 93770 
2966 93770 
2967 93770 
2968 93770 
2969 93770 
2970 93770 
2971 93770 
2972 93770 
2973 93770 
2974 93770 
2975 93770 
2976 93770 
2977 93770 
2978 93770 
2979 93770 
2980 93770 
2981 93770 
2982 93770 
2983 93770 
2984 93770 
2985 93770 
2986 93770 
2987 93770 
2988 93770 
2989 93770 
2990 93770 
2991 93770 
2992 93770 
2993 93770 
2994 93770 
2995 93770 
2996 93770 
2997 93770 
2998 93770 
2999 93770 
3000 93770 
3001 93770 
3002 93770 
3003 93770 
3004 93770 
3005 93770 
3006 93770 
3007 93770 
3008 93770 
3009 93770 
3010 93770 
3011 93770 
3012 93770 
3013 93770 
3014 93770 
3015 93770 
3016 93770 
3017 93770 
3018 93770 
3019 93770 
3020 93770 
3021 93770 
3022 93770 
3023 93770 
3024 93770 
3025 93770 
3026 93770 
3027 93770 
3028 93770 
3029 93770 
3030 93770 
3031 93770 
3032 93770 
3033 93770 
3034 93770 
3035 93770 
3036 93770 
3037 93770 
3038 93770 
3039 93770 
3040 93770 
3041 93770 
3042 93770 
3043 93770 
3044 93770 
3045 93770 
3046 93770 
3047 93770 
3048 93770 
3049 93770 
3050 93770 
3051 93770 
3052 93770 
3053 93770 
3054 93770 
3055 93770 
3056 93770 
3057 93770 
3058 93770 
3059 93770 
3060 93770 
3061 93770 
3062 93770 
3063 93770 
3064 93770 
3065 93770 
3066 93770 
3067 93770 
3068 93770 
3069 93770 
3070 93770 
3071 93770 
3072 93770 
3073 93770 
3074 93770 
3075 93770 
3076 93770 
3077 93770 
3078 93770 
3079 93770 
3080 93770 
3081 93770 
3082 93770 
3083 93770 
3084 93770 
3085 93770 
3086 93770 
3087 93770 
3088 93770 
3089 93770 
3090 93770 
3091 93770 
3092 93770 
3093 93770 
3094 93770 
3095 93770 
3096 93770 
3097 93770 
3098 93770 
3099 93770 
3100 93770 
3101 93770 
3102 93770 
3103 93770 
3104 93770 
3105 93770 
3106 93770 
3107 93770 
3108 93770 
3109 93770 
3110 93770 
3111 93770 
3112 93770 
3113 93770 
3114 93770 
3115 93770 
3116 93770 
3117 93770 
3118 93770 
3119 93770 
3120 93770 
3121 93770 
3122 93770 
3123 93770 
3124 93770 
3125 93770 
3126 93770 
3127 93770 
3128 93770 
3129 93770 
3130 93770 
3131 93770 
3132 93770 
3133 93770 
3134 93770 
3135 93770 
3136 93770 
3137 93770 
3138 93770 
3139 93770 
3140 93770 
3141 93770 
3142 93770 
3143 93770 
3144 93770 
3145 93770 
3146 93770 
3147 93770 
3148 93770 
3149 93770 
3150 93770 
3151 93770 
3152 93770 
3153 93770 
3154 93770 
3155 93770 
3156 93770 
3157 93770 
3158 93770 
3159 93770 
3160 93770 
3161 93770 
3162 93770 
3163 93770 
3164 93770 
3165 93770 
3166 93770 
3167 93770 
3168 93770 
3169 93770 
3170 93770 
3171 93770 
3172 93770 
3173 93770 
3174 93770 
3175 93770 
3176 93770 
3177 93770 
3178 93770 
3179 93770 
3180 93770 
3181 93770 
3182 93770 
3183 93770 
3184 93770 
3185 93770 
3186 93770 
3187 93770 
3188 93770 
3189 93770 
3190 93770 
3191 93770 
3192 93770 
3193 93770 
3194 93770 
3195 93770 
3196 93770 
3197 93770 
3198 93770 

