0 35224 
1 35209 
2 35164 
3 35114 
4 34998 
5 34995 
6 34991 
7 34985 
8 34969 
9 34946 
10 34920 
11 34899 
12 34886 
13 34796 
14 34780 
15 34777 
16 34770 
17 34748 
18 34744 
19 34697 
20 34671 
21 34592 
22 34511 
23 34392 
24 34301 
25 34298 
26 34284 
27 34255 
28 34012 
29 33849 
30 33834 
31 33644 
32 33560 
33 33541 
34 33460 
35 33331 
36 33282 
37 33160 
38 32975 
39 32879 
40 32836 
41 32836 
42 32834 
43 32714 
44 32607 
45 32533 
46 32492 
47 32489 
48 32406 
49 32372 
50 32362 
51 32201 
52 32184 
53 32080 
54 31965 
55 31824 
56 31800 
57 31756 
58 31723 
59 31722 
60 31642 
61 31418 
62 31236 
63 31204 
64 31133 
65 31048 
66 30684 
67 30649 
68 30434 
69 30432 
70 30357 
71 30204 
72 30018 
73 29819 
74 29699 
75 29681 
76 29363 
77 28946 
78 28220 
79 27076 
80 27076 

