0 35715 
1 35605 
2 35466 
3 35457 
4 35411 
5 35379 
6 35290 
7 35236 
8 35224 
9 35222 
10 35213 
11 35200 
12 35183 
13 35175 
14 35168 
15 35148 
16 35144 
17 35063 
18 34950 
19 34934 
20 34925 
21 34823 
22 34819 
23 34815 
24 34698 
25 34688 
26 34616 
27 34589 
28 34511 
29 34484 
30 34445 
31 34349 
32 34327 
33 34284 
34 34246 
35 34174 
36 34134 
37 34100 
38 34086 
39 34049 
40 34048 
41 34033 
42 33962 
43 33806 
44 33785 
45 33749 
46 33723 
47 33722 
48 33645 
49 33574 
50 33520 
51 33444 
52 33436 
53 33395 
54 33383 
55 33377 
56 33329 
57 33298 
58 33271 
59 33201 
60 33174 
61 33127 
62 33013 
63 32991 
64 32818 
65 32787 
66 32635 
67 32619 
68 32523 
69 32501 
70 32369 
71 32361 
72 32222 
73 32216 
74 32212 
75 32152 
76 32152 
77 32090 
78 32048 
79 31970 
80 31864 
81 31803 
82 31753 
83 31752 
84 31700 
85 31568 
86 31476 
87 31437 
88 31321 
89 31260 
90 31224 
91 31195 
92 31178 
93 31076 
94 31017 
95 30776 
96 30776 

