0 13810 
1 13810 
2 13809 
3 13805 
4 13805 
5 13801 
6 13800 
7 13798 
8 13796 
9 13795 
10 13791 
11 13787 
12 13785 
13 13784 
14 13779 
15 13777 
16 13773 
17 13770 
18 13768 
19 13764 
20 13762 
21 13761 
22 13760 
23 13756 
24 13754 
25 13749 
26 13748 
27 13747 
28 13746 
29 13744 
30 13743 
31 13742 
32 13740 
33 13737 
34 13735 
35 13727 
36 13724 
37 13719 
38 13716 
39 13705 
40 13702 
41 13697 
42 13691 
43 13687 
44 13685 
45 13683 
46 13681 
47 13679 
48 13674 
49 13673 
50 13671 
51 13664 
52 13653 
53 13651 
54 13648 
55 13646 
56 13643 
57 13640 
58 13638 
59 13636 
60 13629 
61 13619 
62 13618 
63 13617 
64 13617 
65 13617 
66 13616 
67 13611 
68 13607 
69 13606 
70 13602 
71 13599 
72 13594 
73 13593 
74 13589 
75 13583 
76 13577 
77 13576 
78 13566 
79 13565 
80 13564 
81 13564 
82 13564 
83 13560 
84 13556 
85 13552 
86 13551 
87 13538 
88 13537 
89 13532 
90 13532 
91 13531 
92 13530 
93 13527 
94 13526 
95 13525 
96 13519 
97 13517 
98 13516 
99 13511 
100 13510 
101 13509 
102 13501 
103 13492 
104 13487 
105 13486 
106 13481 
107 13478 
108 13473 
109 13472 
110 13464 
111 13458 
112 13456 
113 13456 
114 13451 
115 13450 
116 13450 
117 13449 
118 13446 
119 13444 
120 13444 
121 13441 
122 13441 
123 13441 
124 13438 
125 13437 
126 13437 
127 13437 
128 13437 
129 13437 
130 13437 
131 13437 
132 13437 
133 13437 
134 13437 
135 13437 
136 13437 
137 13437 
138 13437 
139 13437 
140 13437 
141 13437 
142 13437 
143 13437 
144 13437 
145 13437 
146 13437 
147 13437 
148 13437 
149 13437 
150 13437 
151 13437 
152 13437 
153 13437 
154 13437 
155 13437 
156 13437 
157 13437 
158 13437 
159 13437 
160 13437 
161 13437 
162 13437 
163 13437 
164 13437 
165 13437 
166 13437 
167 13437 
168 13437 
169 13437 
170 13437 
171 13437 
172 13437 
173 13437 
174 13437 
175 13437 
176 13437 
177 13437 
178 13437 
179 13437 
180 13437 
181 13437 
182 13437 
183 13437 
184 13437 
185 13437 
186 13437 
187 13437 
188 13437 
189 13437 
190 13437 
191 13437 
192 13437 
193 13437 
194 13437 
195 13437 
196 13437 
197 13437 
198 13437 
199 13437 
200 13437 
201 13437 
202 13437 
203 13437 
204 13437 
205 13437 
206 13437 
207 13437 
208 13437 
209 13437 
210 13437 
211 13437 
212 13437 
213 13437 
214 13437 
215 13437 
216 13437 
217 13437 
218 13437 
219 13437 
220 13437 
221 13437 
222 13437 
223 13437 
224 13437 
225 13437 
226 13437 
227 13437 
228 13437 
229 13437 
230 13437 
231 13437 
232 13437 
233 13437 
234 13437 
235 13437 
236 13437 
237 13437 
238 13437 
239 13437 
240 13437 
241 13437 
242 13437 
243 13437 
244 13437 
245 13437 
246 13437 
247 13437 
248 13437 
249 13437 
250 13437 
251 13437 
252 13437 
253 13437 
254 13437 
255 13437 
256 13437 
257 13437 
258 13437 
259 13437 
260 13437 
261 13437 
262 13437 
263 13437 
264 13437 
265 13437 
266 13437 
267 13437 
268 13437 
269 13437 
270 13437 
271 13437 
272 13437 
273 13437 
274 13437 
275 13437 
276 13437 
277 13437 
278 13437 
279 13437 
280 13437 
281 13437 
282 13437 
283 13437 
284 13437 
285 13437 
286 13437 
287 13437 
288 13437 
289 13437 
290 13437 
291 13437 
292 13437 
293 13437 
294 13437 
295 13437 
296 13437 
297 13437 
298 13437 
299 13437 
300 13437 
301 13437 
302 13437 
303 13437 
304 13437 
305 13437 
306 13437 
307 13437 
308 13437 
309 13437 
310 13437 
311 13437 
312 13437 
313 13437 
314 13437 
315 13437 
316 13437 
317 13437 
318 13437 
319 13437 
320 13437 
321 13437 
322 13437 
323 13437 
324 13437 
325 13437 
326 13437 
327 13437 
328 13437 
329 13437 
330 13437 
331 13437 
332 13437 
333 13437 
334 13437 
335 13437 
336 13437 
337 13437 
338 13437 
339 13437 
340 13437 
341 13437 
342 13437 
343 13437 
344 13437 
345 13437 
346 13437 
347 13437 
348 13437 
349 13437 
350 13437 
351 13437 
352 13437 
353 13437 
354 13437 
355 13437 
356 13437 
357 13437 
358 13437 
359 13437 
360 13437 
361 13437 
362 13437 
363 13437 
364 13437 
365 13437 
366 13437 
367 13437 
368 13437 
369 13437 
370 13437 
371 13437 
372 13437 
373 13437 
374 13437 
375 13437 
376 13437 
377 13437 
378 13437 
379 13437 
380 13437 
381 13437 
382 13437 
383 13437 
384 13437 
385 13437 
386 13437 
387 13437 
388 13437 
389 13437 
390 13437 
391 13437 
392 13437 
393 13437 
394 13437 
395 13437 
396 13437 
397 13437 
398 13437 
399 13437 
400 13437 
401 13437 
402 13437 
403 13437 
404 13437 
405 13437 
406 13437 
407 13437 
408 13437 
409 13437 
410 13437 
411 13437 
412 13437 
413 13437 
414 13437 
415 13437 
416 13437 
417 13437 
418 13437 
419 13437 
420 13437 
421 13437 
422 13437 
423 13437 
424 13437 
425 13437 
426 13437 
427 13437 
428 13437 
429 13437 
430 13437 
431 13437 
432 13437 
433 13437 
434 13437 
435 13437 
436 13437 
437 13437 
438 13437 
439 13437 
440 13437 
441 13437 
442 13437 
443 13437 
444 13437 
445 13437 
446 13437 
447 13437 
448 13437 
449 13437 
450 13437 
451 13437 
452 13437 
453 13437 
454 13437 
455 13437 
456 13437 
457 13437 
458 13437 
459 13437 
460 13437 
461 13437 
462 13437 
463 13437 
464 13437 
465 13437 
466 13437 
467 13437 
468 13437 
469 13437 
470 13437 
471 13437 
472 13437 
473 13437 
474 13437 
475 13437 
476 13437 
477 13437 
478 13437 
479 13437 
480 13437 
481 13437 
482 13437 
483 13437 
484 13437 
485 13437 
486 13437 
487 13437 
488 13437 
489 13437 
490 13437 
491 13437 
492 13437 
493 13437 
494 13437 
495 13437 
496 13437 
497 13437 
498 13437 
499 13437 
500 13437 
501 13437 
502 13437 
503 13437 
504 13437 
505 13437 
506 13437 
507 13437 
508 13437 
509 13437 
510 13437 
511 13437 
512 13437 
513 13437 
514 13437 
515 13437 
516 13437 
517 13437 
518 13437 
519 13437 
520 13437 
521 13437 
522 13437 
523 13437 
524 13437 
525 13437 
526 13437 
527 13437 
528 13437 
529 13437 
530 13437 
531 13437 
532 13437 
533 13437 
534 13437 
535 13437 
536 13437 
537 13437 
538 13437 
539 13437 
540 13437 
541 13437 
542 13437 
543 13437 
544 13437 
545 13437 
546 13437 
547 13437 
548 13437 
549 13437 
550 13437 
551 13437 
552 13437 
553 13437 
554 13437 
555 13437 
556 13437 
557 13437 
558 13437 
559 13437 
560 13437 
561 13437 
562 13437 
563 13437 
564 13437 
565 13437 
566 13437 
567 13437 
568 13437 
569 13437 
570 13437 
571 13437 
572 13437 
573 13437 
574 13437 
575 13437 
576 13437 
577 13437 
578 13437 
579 13437 
580 13437 
581 13437 
582 13437 
583 13437 
584 13437 
585 13437 
586 13437 
587 13437 
588 13437 
589 13437 
590 13437 
591 13437 
592 13437 
593 13437 
594 13437 
595 13437 
596 13437 
597 13437 
598 13437 
599 13437 
600 13437 
601 13437 
602 13437 
603 13437 
604 13437 
605 13437 
606 13437 
607 13437 
608 13437 
609 13437 
610 13437 
611 13437 
612 13437 
613 13437 
614 13437 
615 13437 
616 13437 
617 13437 
618 13437 
619 13437 
620 13437 
621 13437 
622 13437 
623 13437 
624 13437 
625 13437 
626 13437 
627 13437 
628 13437 
629 13437 
630 13437 
631 13437 
632 13437 
633 13437 
634 13437 
635 13437 
636 13437 
637 13437 
638 13437 
639 13437 
640 13437 
641 13437 
642 13437 
643 13437 
644 13437 
645 13437 
646 13437 
647 13437 
648 13437 
649 13437 
650 13437 
651 13437 
652 13437 
653 13437 
654 13437 
655 13437 
656 13437 
657 13437 
658 13437 
659 13437 
660 13437 
661 13437 
662 13437 
663 13437 
664 13437 
665 13437 
666 13437 
667 13437 
668 13437 
669 13437 
670 13437 
671 13437 
672 13437 
673 13437 
674 13437 
675 13437 
676 13437 
677 13437 
678 13437 
679 13437 
680 13437 
681 13437 
682 13437 
683 13437 
684 13437 
685 13437 
686 13437 
687 13437 
688 13437 
689 13437 
690 13437 
691 13437 
692 13437 
693 13437 
694 13437 
695 13437 
696 13437 
697 13437 
698 13437 
699 13437 
700 13437 
701 13437 
702 13437 
703 13437 
704 13437 
705 13437 
706 13437 
707 13437 
708 13437 
709 13437 
710 13437 
711 13437 
712 13437 
713 13437 
714 13437 
715 13437 
716 13437 
717 13437 
718 13437 
719 13437 
720 13437 
721 13437 
722 13437 
723 13437 
724 13437 
725 13437 
726 13437 
727 13437 
728 13437 
729 13437 
730 13437 
731 13437 
732 13437 
733 13437 
734 13437 
735 13437 
736 13437 
737 13437 
738 13437 
739 13437 
740 13437 
741 13437 
742 13437 
743 13437 
744 13437 
745 13437 
746 13437 
747 13437 
748 13437 
749 13437 
750 13437 
751 13437 
752 13437 
753 13437 
754 13437 
755 13437 
756 13437 
757 13437 
758 13437 
759 13437 
760 13437 
761 13437 
762 13437 
763 13437 
764 13437 
765 13437 
766 13437 
767 13437 
768 13437 
769 13437 
770 13437 
771 13437 
772 13437 
773 13437 
774 13437 
775 13437 
776 13437 
777 13437 
778 13437 
779 13437 
780 13437 
781 13437 
782 13437 
783 13437 
784 13437 
785 13437 
786 13437 
787 13437 
788 13437 
789 13437 
790 13437 
791 13437 
792 13437 
793 13437 
794 13437 
795 13437 
796 13437 
797 13437 
798 13437 
799 13437 
800 13437 
801 13437 
802 13437 
803 13437 
804 13437 
805 13437 
806 13437 
807 13437 
808 13437 
809 13437 
810 13437 
811 13437 
812 13437 
813 13437 
814 13437 
815 13437 
816 13437 
817 13437 
818 13437 
819 13437 
820 13437 
821 13437 
822 13437 
823 13437 
824 13437 
825 13437 
826 13437 
827 13437 
828 13437 
829 13437 
830 13437 
831 13437 
832 13437 
833 13437 
834 13437 
835 13437 
836 13437 
837 13437 
838 13437 
839 13437 
840 13437 
841 13437 
842 13437 
843 13437 
844 13437 
845 13437 
846 13437 
847 13437 
848 13437 
849 13437 
850 13437 
851 13437 
852 13437 
853 13437 
854 13437 
855 13437 
856 13437 
857 13437 
858 13437 
859 13437 
860 13437 
861 13437 
862 13437 
863 13437 
864 13437 
865 13437 
866 13437 
867 13437 
868 13437 
869 13437 
870 13437 
871 13437 
872 13437 
873 13437 
874 13437 
875 13437 
876 13437 
877 13437 
878 13437 
879 13437 
880 13437 
881 13437 
882 13437 
883 13437 
884 13437 
885 13437 
886 13437 
887 13437 
888 13437 
889 13437 
890 13437 
891 13437 
892 13437 
893 13437 
894 13437 
895 13437 
896 13437 
897 13437 
898 13437 
899 13437 
900 13437 
901 13437 
902 13437 
903 13437 
904 13437 
905 13437 
906 13437 
907 13437 
908 13437 
909 13437 
910 13437 
911 13437 
912 13437 
913 13437 
914 13437 
915 13437 
916 13437 
917 13437 
918 13437 
919 13437 
920 13437 
921 13437 
922 13437 
923 13437 
924 13437 
925 13437 
926 13437 
927 13437 
928 13437 
929 13437 
930 13437 
931 13437 
932 13437 
933 13437 
934 13437 
935 13437 
936 13437 
937 13437 
938 13437 
939 13437 
940 13437 
941 13437 
942 13437 
943 13437 
944 13437 
945 13437 
946 13437 
947 13437 
948 13437 
949 13437 
950 13437 
951 13437 
952 13437 
953 13437 
954 13437 
955 13437 
956 13437 
957 13437 
958 13437 
959 13437 
960 13437 
961 13437 
962 13437 
963 13437 
964 13437 
965 13437 
966 13437 
967 13437 
968 13437 
969 13437 
970 13437 
971 13437 
972 13437 
973 13437 
974 13437 
975 13437 
976 13437 
977 13437 
978 13437 
979 13437 
980 13437 
981 13437 
982 13437 
983 13437 
984 13437 
985 13437 
986 13437 
987 13437 
988 13437 
989 13437 
990 13437 
991 13437 
992 13437 
993 13437 
994 13437 
995 13437 
996 13437 
997 13437 
998 13437 
999 13437 
1000 13437 
1001 13437 
1002 13437 
1003 13437 
1004 13437 
1005 13437 
1006 13437 
1007 13437 
1008 13437 
1009 13437 
1010 13437 
1011 13437 
1012 13437 
1013 13437 
1014 13437 
1015 13437 
1016 13437 
1017 13437 
1018 13437 
1019 13437 
1020 13437 
1021 13437 
1022 13437 
1023 13437 
1024 13437 
1025 13437 
1026 13437 
1027 13437 
1028 13437 
1029 13437 
1030 13437 
1031 13437 
1032 13437 
1033 13437 
1034 13437 
1035 13437 
1036 13437 
1037 13437 
1038 13437 
1039 13437 
1040 13437 
1041 13437 
1042 13437 
1043 13437 
1044 13437 
1045 13437 
1046 13437 
1047 13437 
1048 13437 
1049 13437 
1050 13437 
1051 13437 
1052 13437 
1053 13437 
1054 13437 
1055 13437 
1056 13437 
1057 13437 
1058 13437 
1059 13437 
1060 13437 
1061 13437 
1062 13437 
1063 13437 
1064 13437 
1065 13437 
1066 13437 
1067 13437 
1068 13437 
1069 13437 
1070 13437 
1071 13437 
1072 13437 
1073 13437 
1074 13437 
1075 13437 
1076 13437 
1077 13437 
1078 13437 
1079 13437 
1080 13437 
1081 13437 
1082 13437 
1083 13437 
1084 13437 
1085 13437 
1086 13437 
1087 13437 
1088 13437 
1089 13437 
1090 13437 
1091 13437 
1092 13437 
1093 13437 
1094 13437 
1095 13437 
1096 13437 
1097 13437 
1098 13437 
1099 13437 
1100 13437 
1101 13437 
1102 13437 
1103 13437 
1104 13437 
1105 13437 
1106 13437 
1107 13437 
1108 13437 
1109 13437 
1110 13437 
1111 13437 
1112 13437 
1113 13437 
1114 13437 
1115 13437 
1116 13437 
1117 13437 
1118 13437 
1119 13437 
1120 13437 
1121 13437 
1122 13437 
1123 13437 
1124 13437 
1125 13437 
1126 13437 
1127 13437 
1128 13437 
1129 13437 
1130 13437 
1131 13437 
1132 13437 
1133 13437 
1134 13437 
1135 13437 
1136 13437 
1137 13437 
1138 13437 
1139 13437 
1140 13437 
1141 13437 
1142 13437 
1143 13437 
1144 13437 
1145 13437 
1146 13437 
1147 13437 
1148 13437 
1149 13437 
1150 13437 
1151 13437 
1152 13437 
1153 13437 
1154 13437 
1155 13437 
1156 13437 
1157 13437 
1158 13437 
1159 13437 
1160 13437 
1161 13437 
1162 13437 
1163 13437 
1164 13437 
1165 13437 
1166 13437 
1167 13437 
1168 13437 
1169 13437 
1170 13437 
1171 13437 
1172 13437 
1173 13437 
1174 13437 
1175 13437 
1176 13437 
1177 13437 
1178 13437 
1179 13437 
1180 13437 
1181 13437 
1182 13437 
1183 13437 
1184 13437 
1185 13437 
1186 13437 
1187 13437 
1188 13437 
1189 13437 
1190 13437 
1191 13437 
1192 13437 
1193 13437 
1194 13437 
1195 13437 
1196 13437 
1197 13437 
1198 13437 
1199 13437 
1200 13437 
1201 13437 
1202 13437 
1203 13437 
1204 13437 
1205 13437 
1206 13437 
1207 13437 
1208 13437 
1209 13437 
1210 13437 
1211 13437 
1212 13437 
1213 13437 
1214 13437 
1215 13437 
1216 13437 
1217 13437 
1218 13437 
1219 13437 
1220 13437 
1221 13437 
1222 13437 
1223 13437 
1224 13437 
1225 13437 
1226 13437 
1227 13437 
1228 13437 
1229 13437 
1230 13437 
1231 13437 
1232 13437 
1233 13437 
1234 13437 
1235 13437 
1236 13437 
1237 13437 
1238 13437 
1239 13437 
1240 13437 
1241 13437 
1242 13437 
1243 13437 
1244 13437 
1245 13437 
1246 13437 
1247 13437 
1248 13437 
1249 13437 
1250 13437 
1251 13437 
1252 13437 
1253 13437 
1254 13437 
1255 13437 
1256 13437 
1257 13437 
1258 13437 
1259 13437 
1260 13437 
1261 13437 
1262 13437 
1263 13437 
1264 13437 
1265 13437 
1266 13437 
1267 13437 
1268 13437 
1269 13437 
1270 13437 
1271 13437 
1272 13437 
1273 13437 
1274 13437 
1275 13437 
1276 13437 
1277 13437 
1278 13437 
1279 13437 
1280 13437 
1281 13437 
1282 13437 
1283 13437 
1284 13437 
1285 13437 
1286 13437 
1287 13437 
1288 13437 
1289 13437 
1290 13437 
1291 13437 
1292 13437 
1293 13437 
1294 13437 
1295 13437 
1296 13437 
1297 13437 
1298 13437 
1299 13437 
1300 13437 
1301 13437 
1302 13437 
1303 13437 
1304 13437 
1305 13437 
1306 13437 
1307 13437 
1308 13437 
1309 13437 
1310 13437 
1311 13437 
1312 13437 
1313 13437 
1314 13437 
1315 13437 
1316 13437 
1317 13437 
1318 13437 
1319 13437 
1320 13437 
1321 13437 
1322 13437 
1323 13437 
1324 13437 
1325 13437 
1326 13437 
1327 13437 
1328 13437 
1329 13437 
1330 13437 
1331 13437 
1332 13437 
1333 13437 
1334 13437 
1335 13437 
1336 13437 
1337 13437 
1338 13437 
1339 13437 
1340 13437 
1341 13437 
1342 13437 
1343 13437 
1344 13437 
1345 13437 
1346 13437 
1347 13437 
1348 13437 
1349 13437 
1350 13437 
1351 13437 
1352 13437 
1353 13437 
1354 13437 
1355 13437 
1356 13437 
1357 13437 
1358 13437 
1359 13437 
1360 13437 
1361 13437 
1362 13437 
1363 13437 
1364 13437 
1365 13437 
1366 13437 
1367 13437 
1368 13437 
1369 13437 
1370 13437 
1371 13437 
1372 13437 
1373 13437 
1374 13437 
1375 13437 
1376 13437 
1377 13437 
1378 13437 
1379 13437 
1380 13437 
1381 13437 
1382 13437 
1383 13437 
1384 13437 
1385 13437 
1386 13437 
1387 13437 
1388 13437 
1389 13437 
1390 13437 
1391 13437 
1392 13437 
1393 13437 
1394 13437 
1395 13437 
1396 13437 
1397 13437 
1398 13437 
1399 13437 
1400 13437 
1401 13437 
1402 13437 
1403 13437 
1404 13437 
1405 13437 
1406 13437 
1407 13437 
1408 13437 
1409 13437 
1410 13437 
1411 13437 
1412 13437 
1413 13437 
1414 13437 
1415 13437 
1416 13437 
1417 13437 
1418 13437 
1419 13437 
1420 13437 
1421 13437 
1422 13437 
1423 13437 
1424 13437 
1425 13437 
1426 13437 
1427 13437 
1428 13437 
1429 13437 
1430 13437 
1431 13437 
1432 13437 
1433 13437 
1434 13437 
1435 13437 
1436 13437 
1437 13437 
1438 13437 
1439 13437 
1440 13437 
1441 13437 
1442 13437 
1443 13437 
1444 13437 
1445 13437 
1446 13437 
1447 13437 
1448 13437 
1449 13437 
1450 13437 
1451 13437 
1452 13437 
1453 13437 
1454 13437 
1455 13437 
1456 13437 
1457 13437 
1458 13437 
1459 13437 
1460 13437 
1461 13437 
1462 13437 
1463 13437 
1464 13437 
1465 13437 
1466 13437 
1467 13437 
1468 13437 
1469 13437 
1470 13437 
1471 13437 
1472 13437 
1473 13437 
1474 13437 
1475 13437 
1476 13437 
1477 13437 
1478 13437 
1479 13437 
1480 13437 
1481 13437 
1482 13437 
1483 13437 
1484 13437 
1485 13437 
1486 13437 
1487 13437 
1488 13437 
1489 13437 
1490 13437 
1491 13437 
1492 13437 
1493 13437 
1494 13437 
1495 13437 
1496 13437 
1497 13437 
1498 13437 
1499 13437 
1500 13437 
1501 13437 
1502 13437 
1503 13437 
1504 13437 
1505 13437 
1506 13437 
1507 13437 
1508 13437 
1509 13437 
1510 13437 
1511 13437 
1512 13437 
1513 13437 
1514 13437 
1515 13437 
1516 13437 
1517 13437 
1518 13437 
1519 13437 
1520 13437 
1521 13437 
1522 13437 
1523 13437 
1524 13437 
1525 13437 
1526 13437 
1527 13437 
1528 13437 
1529 13437 
1530 13437 
1531 13437 
1532 13437 
1533 13437 
1534 13437 
1535 13437 
1536 13437 
1537 13437 
1538 13437 
1539 13437 
1540 13437 
1541 13437 
1542 13437 
1543 13437 
1544 13437 
1545 13437 
1546 13437 
1547 13437 
1548 13437 
1549 13437 
1550 13437 
1551 13437 
1552 13437 
1553 13437 
1554 13437 
1555 13437 
1556 13437 
1557 13437 
1558 13437 
1559 13437 
1560 13437 
1561 13437 
1562 13437 
1563 13437 
1564 13437 
1565 13437 
1566 13437 
1567 13437 
1568 13437 
1569 13437 
1570 13437 
1571 13437 
1572 13437 
1573 13437 
1574 13437 
1575 13437 
1576 13437 
1577 13437 
1578 13437 
1579 13437 
1580 13437 
1581 13437 
1582 13437 
1583 13437 
1584 13437 
1585 13437 
1586 13437 
1587 13437 
1588 13437 
1589 13437 
1590 13437 
1591 13437 
1592 13437 
1593 13437 
1594 13437 
1595 13437 
1596 13437 
1597 13437 
1598 13437 
1599 13437 
1600 13437 
1601 13437 
1602 13437 
1603 13437 
1604 13437 
1605 13437 
1606 13437 
1607 13437 
1608 13437 
1609 13437 
1610 13437 
1611 13437 
1612 13437 
1613 13437 
1614 13437 
1615 13437 
1616 13437 
1617 13437 
1618 13437 
1619 13437 
1620 13437 
1621 13437 
1622 13437 
1623 13437 
1624 13437 
1625 13437 
1626 13437 
1627 13437 
1628 13437 
1629 13437 
1630 13437 
1631 13437 
1632 13437 
1633 13437 
1634 13437 
1635 13437 
1636 13437 
1637 13437 
1638 13437 
1639 13437 
1640 13437 
1641 13437 
1642 13437 
1643 13437 
1644 13437 
1645 13437 
1646 13437 
1647 13437 
1648 13437 
1649 13437 
1650 13437 
1651 13437 
1652 13437 
1653 13437 
1654 13437 
1655 13437 
1656 13437 
1657 13437 
1658 13437 
1659 13437 
1660 13437 
1661 13437 
1662 13437 
1663 13437 
1664 13437 
1665 13437 
1666 13437 
1667 13437 
1668 13437 
1669 13437 
1670 13437 
1671 13437 
1672 13437 
1673 13437 
1674 13437 
1675 13437 
1676 13437 
1677 13437 
1678 13437 
1679 13437 
1680 13437 
1681 13437 
1682 13437 
1683 13437 
1684 13437 
1685 13437 
1686 13437 
1687 13437 
1688 13437 
1689 13437 
1690 13437 
1691 13437 
1692 13437 
1693 13437 
1694 13437 
1695 13437 
1696 13437 
1697 13437 
1698 13437 
1699 13437 
1700 13437 
1701 13437 
1702 13437 
1703 13437 
1704 13437 
1705 13437 
1706 13437 
1707 13437 
1708 13437 
1709 13437 
1710 13437 
1711 13437 
1712 13437 
1713 13437 
1714 13437 
1715 13437 
1716 13437 
1717 13437 
1718 13437 
1719 13437 
1720 13437 
1721 13437 
1722 13437 
1723 13437 
1724 13437 
1725 13437 
1726 13437 
1727 13437 
1728 13437 
1729 13437 
1730 13437 
1731 13437 
1732 13437 
1733 13437 
1734 13437 
1735 13437 
1736 13437 
1737 13437 
1738 13437 
1739 13437 
1740 13437 
1741 13437 
1742 13437 
1743 13437 
1744 13437 
1745 13437 
1746 13437 
1747 13437 
1748 13437 
1749 13437 
1750 13437 
1751 13437 
1752 13437 
1753 13437 
1754 13437 
1755 13437 
1756 13437 
1757 13437 
1758 13437 
1759 13437 
1760 13437 
1761 13437 
1762 13437 
1763 13437 
1764 13437 
1765 13437 
1766 13437 
1767 13437 
1768 13437 
1769 13437 
1770 13437 
1771 13437 
1772 13437 
1773 13437 
1774 13437 
1775 13437 
1776 13437 
1777 13437 
1778 13437 
1779 13437 
1780 13437 
1781 13437 
1782 13437 
1783 13437 
1784 13437 
1785 13437 
1786 13437 
1787 13437 
1788 13437 
1789 13437 
1790 13437 
1791 13437 
1792 13437 
1793 13437 
1794 13437 
1795 13437 
1796 13437 
1797 13437 
1798 13437 
1799 13437 
1800 13437 
1801 13437 
1802 13437 
1803 13437 
1804 13437 
1805 13437 
1806 13437 
1807 13437 
1808 13437 
1809 13437 
1810 13437 
1811 13437 
1812 13437 
1813 13437 
1814 13437 
1815 13437 
1816 13437 
1817 13437 
1818 13437 
1819 13437 
1820 13437 
1821 13437 
1822 13437 
1823 13437 
1824 13437 
1825 13437 
1826 13437 
1827 13437 
1828 13437 
1829 13437 
1830 13437 
1831 13437 
1832 13437 
1833 13437 
1834 13437 
1835 13437 
1836 13437 
1837 13437 
1838 13437 
1839 13437 
1840 13437 
1841 13437 
1842 13437 
1843 13437 
1844 13437 
1845 13437 
1846 13437 
1847 13437 
1848 13437 
1849 13437 
1850 13437 
1851 13437 
1852 13437 
1853 13437 
1854 13437 
1855 13437 
1856 13437 
1857 13437 
1858 13437 
1859 13437 
1860 13437 
1861 13437 
1862 13437 
1863 13437 
1864 13437 
1865 13437 
1866 13437 
1867 13437 
1868 13437 
1869 13437 
1870 13437 
1871 13437 
1872 13437 
1873 13437 
1874 13437 
1875 13437 
1876 13437 
1877 13437 
1878 13437 
1879 13437 
1880 13437 
1881 13437 
1882 13437 
1883 13437 
1884 13437 
1885 13437 
1886 13437 
1887 13437 
1888 13437 
1889 13437 
1890 13437 
1891 13437 
1892 13437 
1893 13437 
1894 13437 
1895 13437 
1896 13437 
1897 13437 
1898 13437 
1899 13437 
1900 13437 
1901 13437 
1902 13437 
1903 13437 
1904 13437 
1905 13437 
1906 13437 
1907 13437 
1908 13437 
1909 13437 
1910 13437 
1911 13437 
1912 13437 
1913 13437 
1914 13437 
1915 13437 
1916 13437 
1917 13437 
1918 13437 
1919 13437 
1920 13437 
1921 13437 
1922 13437 
1923 13437 
1924 13437 
1925 13437 
1926 13437 
1927 13437 
1928 13437 
1929 13437 
1930 13437 
1931 13437 
1932 13437 
1933 13437 
1934 13437 
1935 13437 
1936 13437 
1937 13437 
1938 13437 
1939 13437 
1940 13437 
1941 13437 
1942 13437 
1943 13437 
1944 13437 
1945 13437 
1946 13437 
1947 13437 
1948 13437 
1949 13437 
1950 13437 
1951 13437 
1952 13437 
1953 13437 
1954 13437 
1955 13437 
1956 13437 
1957 13437 
1958 13437 
1959 13437 
1960 13437 
1961 13437 
1962 13437 
1963 13437 
1964 13437 
1965 13437 
1966 13437 
1967 13437 
1968 13437 
1969 13437 
1970 13437 
1971 13437 
1972 13437 
1973 13437 
1974 13437 
1975 13437 
1976 13437 
1977 13437 
1978 13437 
1979 13437 
1980 13437 
1981 13437 
1982 13437 
1983 13437 
1984 13437 
1985 13437 
1986 13437 
1987 13437 
1988 13437 
1989 13437 
1990 13437 
1991 13437 
1992 13437 
1993 13437 
1994 13437 
1995 13437 
1996 13437 
1997 13437 
1998 13437 
1999 13437 
2000 13437 
2001 13437 
2002 13437 
2003 13437 
2004 13437 
2005 13437 
2006 13437 
2007 13437 
2008 13437 
2009 13437 
2010 13437 
2011 13437 
2012 13437 
2013 13437 
2014 13437 
2015 13437 
2016 13437 
2017 13437 
2018 13437 
2019 13437 
2020 13437 
2021 13437 
2022 13437 
2023 13437 
2024 13437 
2025 13437 
2026 13437 
2027 13437 
2028 13437 
2029 13437 
2030 13437 
2031 13437 
2032 13437 
2033 13437 
2034 13437 
2035 13437 
2036 13437 
2037 13437 
2038 13437 
2039 13437 
2040 13437 
2041 13437 
2042 13437 
2043 13437 
2044 13437 
2045 13437 
2046 13437 
2047 13437 
2048 13437 
2049 13437 
2050 13437 
2051 13437 
2052 13437 
2053 13437 
2054 13437 
2055 13437 
2056 13437 
2057 13437 
2058 13437 
2059 13437 
2060 13437 
2061 13437 
2062 13437 
2063 13437 
2064 13437 
2065 13437 
2066 13437 
2067 13437 
2068 13437 
2069 13437 
2070 13437 
2071 13437 
2072 13437 
2073 13437 
2074 13437 
2075 13437 
2076 13437 
2077 13437 
2078 13437 
2079 13437 
2080 13437 
2081 13437 
2082 13437 
2083 13437 
2084 13437 
2085 13437 
2086 13437 
2087 13437 
2088 13437 
2089 13437 
2090 13437 
2091 13437 
2092 13437 
2093 13437 
2094 13437 
2095 13437 
2096 13437 
2097 13437 
2098 13437 
2099 13437 
2100 13437 
2101 13437 
2102 13437 
2103 13437 
2104 13437 
2105 13437 
2106 13437 
2107 13437 
2108 13437 
2109 13437 
2110 13437 
2111 13437 
2112 13437 
2113 13437 
2114 13437 
2115 13437 
2116 13437 
2117 13437 
2118 13437 
2119 13437 
2120 13437 
2121 13437 
2122 13437 
2123 13437 
2124 13437 
2125 13437 
2126 13437 
2127 13437 
2128 13437 
2129 13437 
2130 13437 
2131 13437 
2132 13437 
2133 13437 
2134 13437 
2135 13437 
2136 13437 
2137 13437 
2138 13437 
2139 13437 
2140 13437 
2141 13437 
2142 13437 
2143 13437 
2144 13437 
2145 13437 
2146 13437 
2147 13437 
2148 13437 
2149 13437 
2150 13437 
2151 13437 
2152 13437 
2153 13437 
2154 13437 
2155 13437 
2156 13437 
2157 13437 
2158 13437 
2159 13437 
2160 13437 
2161 13437 
2162 13437 
2163 13437 
2164 13437 
2165 13437 
2166 13437 
2167 13437 
2168 13437 
2169 13437 
2170 13437 
2171 13437 
2172 13437 
2173 13437 
2174 13437 
2175 13437 
2176 13437 
2177 13437 
2178 13437 
2179 13437 
2180 13437 
2181 13437 
2182 13437 
2183 13437 
2184 13437 
2185 13437 
2186 13437 
2187 13437 
2188 13437 
2189 13437 
2190 13437 
2191 13437 
2192 13437 
2193 13437 
2194 13437 
2195 13437 
2196 13437 
2197 13437 
2198 13437 
2199 13437 
2200 13437 
2201 13437 
2202 13437 
2203 13437 
2204 13437 
2205 13437 
2206 13437 
2207 13437 
2208 13437 
2209 13437 
2210 13437 
2211 13437 
2212 13437 
2213 13437 
2214 13437 
2215 13437 
2216 13437 
2217 13437 
2218 13437 
2219 13437 
2220 13437 
2221 13437 
2222 13437 
2223 13437 
2224 13437 
2225 13437 
2226 13437 
2227 13437 
2228 13437 
2229 13437 
2230 13437 
2231 13437 
2232 13437 
2233 13437 
2234 13437 
2235 13437 
2236 13437 
2237 13437 
2238 13437 
2239 13437 
2240 13437 
2241 13437 
2242 13437 
2243 13437 
2244 13437 
2245 13437 
2246 13437 
2247 13437 
2248 13437 
2249 13437 
2250 13437 
2251 13437 
2252 13437 
2253 13437 
2254 13437 
2255 13437 
2256 13437 
2257 13437 
2258 13437 
2259 13437 
2260 13437 
2261 13437 
2262 13437 
2263 13437 
2264 13437 
2265 13437 
2266 13437 
2267 13437 
2268 13437 
2269 13437 
2270 13437 
2271 13437 
2272 13437 
2273 13437 
2274 13437 
2275 13437 
2276 13437 
2277 13437 
2278 13437 
2279 13437 
2280 13437 
2281 13437 
2282 13437 
2283 13437 
2284 13437 
2285 13437 
2286 13437 
2287 13437 
2288 13437 
2289 13437 
2290 13437 
2291 13437 
2292 13437 
2293 13437 
2294 13437 
2295 13437 
2296 13437 
2297 13437 
2298 13437 
2299 13437 
2300 13437 
2301 13437 
2302 13437 
2303 13437 
2304 13437 
2305 13437 
2306 13437 
2307 13437 
2308 13437 
2309 13437 
2310 13437 
2311 13437 
2312 13437 
2313 13437 
2314 13437 
2315 13437 
2316 13437 
2317 13437 
2318 13437 
2319 13437 
2320 13437 
2321 13437 
2322 13437 
2323 13437 
2324 13437 
2325 13437 
2326 13437 
2327 13437 
2328 13437 
2329 13437 
2330 13437 
2331 13437 
2332 13437 
2333 13437 
2334 13437 
2335 13437 
2336 13437 
2337 13437 
2338 13437 
2339 13437 
2340 13437 
2341 13437 
2342 13437 
2343 13437 
2344 13437 
2345 13437 
2346 13437 
2347 13437 
2348 13437 
2349 13437 
2350 13437 
2351 13437 
2352 13437 
2353 13437 
2354 13437 
2355 13437 
2356 13437 
2357 13437 
2358 13437 
2359 13437 
2360 13437 
2361 13437 
2362 13437 
2363 13437 
2364 13437 
2365 13437 
2366 13437 
2367 13437 
2368 13437 
2369 13437 
2370 13437 
2371 13437 
2372 13437 
2373 13437 
2374 13437 
2375 13437 
2376 13437 
2377 13437 
2378 13437 
2379 13437 
2380 13437 
2381 13437 
2382 13437 
2383 13437 
2384 13437 
2385 13437 
2386 13437 
2387 13437 
2388 13437 
2389 13437 
2390 13437 
2391 13437 
2392 13437 
2393 13437 
2394 13437 
2395 13437 
2396 13437 
2397 13437 
2398 13437 
2399 13437 
2400 13437 
2401 13437 
2402 13437 
2403 13437 
2404 13437 
2405 13437 
2406 13437 
2407 13437 
2408 13437 
2409 13437 
2410 13437 
2411 13437 
2412 13437 
2413 13437 
2414 13437 
2415 13437 
2416 13437 
2417 13437 
2418 13437 
2419 13437 
2420 13437 
2421 13437 
2422 13437 
2423 13437 
2424 13437 
2425 13437 
2426 13437 
2427 13437 
2428 13437 
2429 13437 
2430 13437 
2431 13437 
2432 13437 
2433 13437 
2434 13437 
2435 13437 
2436 13437 
2437 13437 
2438 13437 
2439 13437 
2440 13437 
2441 13437 
2442 13437 
2443 13437 
2444 13437 
2445 13437 
2446 13437 
2447 13437 
2448 13437 
2449 13437 
2450 13437 
2451 13437 
2452 13437 
2453 13437 
2454 13437 
2455 13437 
2456 13437 
2457 13437 
2458 13437 
2459 13437 
2460 13437 
2461 13437 
2462 13437 
2463 13437 
2464 13437 
2465 13437 
2466 13437 
2467 13437 
2468 13437 
2469 13437 
2470 13437 
2471 13437 
2472 13437 
2473 13437 
2474 13437 
2475 13437 
2476 13437 
2477 13437 
2478 13437 
2479 13437 
2480 13437 
2481 13437 
2482 13437 
2483 13437 
2484 13437 
2485 13437 
2486 13437 
2487 13437 
2488 13437 
2489 13437 
2490 13437 
2491 13437 
2492 13437 
2493 13437 
2494 13437 
2495 13437 
2496 13437 
2497 13437 
2498 13437 
2499 13437 
2500 13437 
2501 13437 
2502 13437 
2503 13437 
2504 13437 
2505 13437 
2506 13437 
2507 13437 
2508 13437 
2509 13437 
2510 13437 
2511 13437 
2512 13437 
2513 13437 
2514 13437 
2515 13437 
2516 13437 
2517 13437 
2518 13437 
2519 13437 
2520 13437 
2521 13437 
2522 13437 
2523 13437 
2524 13437 
2525 13437 
2526 13437 
2527 13437 
2528 13437 
2529 13437 
2530 13437 
2531 13437 
2532 13437 
2533 13437 
2534 13437 
2535 13437 
2536 13437 
2537 13437 
2538 13437 
2539 13437 
2540 13437 
2541 13437 
2542 13437 
2543 13437 
2544 13437 
2545 13437 
2546 13437 
2547 13437 
2548 13437 
2549 13437 
2550 13437 
2551 13437 
2552 13437 
2553 13437 
2554 13437 
2555 13437 
2556 13437 
2557 13437 
2558 13437 
2559 13437 
2560 13437 
2561 13437 
2562 13437 
2563 13437 
2564 13437 
2565 13437 
2566 13437 
2567 13437 
2568 13437 
2569 13437 
2570 13437 
2571 13437 
2572 13437 
2573 13437 
2574 13437 
2575 13437 
2576 13437 
2577 13437 
2578 13437 
2579 13437 
2580 13437 
2581 13437 
2582 13437 
2583 13437 
2584 13437 
2585 13437 
2586 13437 
2587 13437 
2588 13437 
2589 13437 
2590 13437 
2591 13437 
2592 13437 
2593 13437 
2594 13437 
2595 13437 
2596 13437 
2597 13437 
2598 13437 
2599 13437 
2600 13437 
2601 13437 
2602 13437 
2603 13437 
2604 13437 
2605 13437 
2606 13437 
2607 13437 
2608 13437 
2609 13437 
2610 13437 
2611 13437 
2612 13437 
2613 13437 
2614 13437 
2615 13437 
2616 13437 
2617 13437 
2618 13437 
2619 13437 
2620 13437 
2621 13437 
2622 13437 
2623 13437 
2624 13437 
2625 13437 
2626 13437 
2627 13437 
2628 13437 
2629 13437 
2630 13437 
2631 13437 
2632 13437 
2633 13437 
2634 13437 
2635 13437 
2636 13437 
2637 13437 
2638 13437 
2639 13437 
2640 13437 
2641 13437 
2642 13437 
2643 13437 
2644 13437 
2645 13437 
2646 13437 
2647 13437 
2648 13437 
2649 13437 
2650 13437 
2651 13437 
2652 13437 
2653 13437 
2654 13437 
2655 13437 
2656 13437 
2657 13437 
2658 13437 
2659 13437 
2660 13437 
2661 13437 
2662 13437 
2663 13437 
2664 13437 
2665 13437 
2666 13437 
2667 13437 
2668 13437 
2669 13437 
2670 13437 
2671 13437 
2672 13437 
2673 13437 
2674 13437 
2675 13437 
2676 13437 
2677 13437 
2678 13437 
2679 13437 
2680 13437 
2681 13437 
2682 13437 
2683 13437 
2684 13437 
2685 13437 
2686 13437 
2687 13437 
2688 13437 
2689 13437 
2690 13437 
2691 13437 
2692 13437 
2693 13437 
2694 13437 
2695 13437 
2696 13437 
2697 13437 
2698 13437 
2699 13437 
2700 13437 
2701 13437 
2702 13437 
2703 13437 
2704 13437 
2705 13437 
2706 13437 
2707 13437 
2708 13437 
2709 13437 
2710 13437 
2711 13437 
2712 13437 
2713 13437 
2714 13437 
2715 13437 
2716 13437 
2717 13437 
2718 13437 
2719 13437 
2720 13437 
2721 13437 
2722 13437 
2723 13437 
2724 13437 
2725 13437 
2726 13437 
2727 13437 
2728 13437 
2729 13437 
2730 13437 
2731 13437 
2732 13437 
2733 13437 
2734 13437 
2735 13437 
2736 13437 
2737 13437 
2738 13437 
2739 13437 
2740 13437 
2741 13437 
2742 13437 
2743 13437 
2744 13437 
2745 13437 
2746 13437 
2747 13437 
2748 13437 
2749 13437 
2750 13437 
2751 13437 
2752 13437 
2753 13437 
2754 13437 
2755 13437 
2756 13437 
2757 13437 
2758 13437 
2759 13437 
2760 13437 
2761 13437 
2762 13437 
2763 13437 
2764 13437 
2765 13437 
2766 13437 
2767 13437 
2768 13437 
2769 13437 
2770 13437 
2771 13437 
2772 13437 
2773 13437 
2774 13437 
2775 13437 
2776 13437 
2777 13437 
2778 13437 
2779 13437 
2780 13437 
2781 13437 
2782 13437 
2783 13437 
2784 13437 
2785 13437 
2786 13437 
2787 13437 
2788 13437 
2789 13437 
2790 13437 
2791 13437 
2792 13437 
2793 13437 
2794 13437 
2795 13437 
2796 13437 
2797 13437 
2798 13437 
2799 13437 
2800 13437 
2801 13437 
2802 13437 
2803 13437 
2804 13437 
2805 13437 
2806 13437 
2807 13437 
2808 13437 
2809 13437 
2810 13437 
2811 13437 
2812 13437 
2813 13437 
2814 13437 
2815 13437 
2816 13437 
2817 13437 
2818 13437 
2819 13437 
2820 13437 
2821 13437 
2822 13437 
2823 13437 
2824 13437 
2825 13437 
2826 13437 
2827 13437 
2828 13437 
2829 13437 
2830 13437 
2831 13437 
2832 13437 
2833 13437 
2834 13437 
2835 13437 
2836 13437 
2837 13437 
2838 13437 
2839 13437 
2840 13437 
2841 13437 
2842 13437 
2843 13437 
2844 13437 
2845 13437 
2846 13437 
2847 13437 
2848 13437 
2849 13437 
2850 13437 
2851 13437 
2852 13437 
2853 13437 
2854 13437 
2855 13437 
2856 13437 
2857 13437 
2858 13437 
2859 13437 
2860 13437 
2861 13437 
2862 13437 
2863 13437 
2864 13437 
2865 13437 
2866 13437 
2867 13437 
2868 13437 
2869 13437 
2870 13437 
2871 13437 
2872 13437 
2873 13437 
2874 13437 
2875 13437 
2876 13437 
2877 13437 
2878 13437 
2879 13437 
2880 13437 
2881 13437 
2882 13437 
2883 13437 
2884 13437 
2885 13437 
2886 13437 
2887 13437 
2888 13437 
2889 13437 
2890 13437 
2891 13437 
2892 13437 
2893 13437 
2894 13437 
2895 13437 
2896 13437 
2897 13437 
2898 13437 
2899 13437 
2900 13437 
2901 13437 
2902 13437 
2903 13437 
2904 13437 
2905 13437 
2906 13437 
2907 13437 
2908 13437 
2909 13437 
2910 13437 
2911 13437 
2912 13437 
2913 13437 
2914 13437 
2915 13437 
2916 13437 
2917 13437 
2918 13437 
2919 13437 
2920 13437 
2921 13437 
2922 13437 
2923 13437 
2924 13437 
2925 13437 
2926 13437 
2927 13437 
2928 13437 
2929 13437 
2930 13437 
2931 13437 
2932 13437 
2933 13437 
2934 13437 
2935 13437 
2936 13437 
2937 13437 
2938 13437 
2939 13437 
2940 13437 
2941 13437 
2942 13437 
2943 13437 
2944 13437 
2945 13437 
2946 13437 
2947 13437 
2948 13437 
2949 13437 
2950 13437 
2951 13437 
2952 13437 
2953 13437 
2954 13437 
2955 13437 
2956 13437 
2957 13437 
2958 13437 
2959 13437 
2960 13437 
2961 13437 
2962 13437 
2963 13437 
2964 13437 
2965 13437 
2966 13437 
2967 13437 
2968 13437 
2969 13437 
2970 13437 
2971 13437 
2972 13437 
2973 13437 
2974 13437 
2975 13437 
2976 13437 
2977 13437 
2978 13437 
2979 13437 
2980 13437 
2981 13437 
2982 13437 
2983 13437 
2984 13437 
2985 13437 
2986 13437 
2987 13437 
2988 13437 
2989 13437 
2990 13437 
2991 13437 
2992 13437 
2993 13437 
2994 13437 
2995 13437 
2996 13437 
2997 13437 
2998 13437 
2999 13437 
3000 13437 
3001 13437 
3002 13437 
3003 13437 
3004 13437 
3005 13437 
3006 13437 
3007 13437 
3008 13437 
3009 13437 
3010 13437 
3011 13437 
3012 13437 
3013 13437 
3014 13437 
3015 13437 
3016 13437 
3017 13437 
3018 13437 
3019 13437 
3020 13437 
3021 13437 
3022 13437 
3023 13437 
3024 13437 
3025 13437 
3026 13437 
3027 13437 
3028 13437 
3029 13437 
3030 13437 
3031 13437 
3032 13437 
3033 13437 
3034 13437 
3035 13437 
3036 13437 
3037 13437 
3038 13437 
3039 13437 
3040 13437 
3041 13437 
3042 13437 
3043 13437 
3044 13437 
3045 13437 
3046 13437 
3047 13437 
3048 13437 
3049 13437 
3050 13437 
3051 13437 
3052 13437 
3053 13437 
3054 13437 
3055 13437 
3056 13437 
3057 13437 
3058 13437 
3059 13437 
3060 13437 
3061 13437 
3062 13437 
3063 13437 
3064 13437 
3065 13437 
3066 13437 
3067 13437 
3068 13437 
3069 13437 
3070 13437 
3071 13437 
3072 13437 
3073 13437 
3074 13437 
3075 13437 
3076 13437 
3077 13437 
3078 13437 
3079 13437 
3080 13437 
3081 13437 
3082 13437 
3083 13437 
3084 13437 
3085 13437 
3086 13437 
3087 13437 
3088 13437 
3089 13437 
3090 13437 
3091 13437 
3092 13437 
3093 13437 
3094 13437 
3095 13437 
3096 13437 
3097 13437 
3098 13437 
3099 13437 
3100 13437 
3101 13437 
3102 13437 
3103 13437 
3104 13437 
3105 13437 
3106 13437 
3107 13437 
3108 13437 
3109 13437 
3110 13437 
3111 13437 
3112 13437 
3113 13437 
3114 13437 
3115 13437 
3116 13437 
3117 13437 
3118 13437 
3119 13437 
3120 13437 
3121 13437 
3122 13437 
3123 13437 
3124 13437 
3125 13437 

