0 3962 
1 3961 
2 3960 
3 3959 
4 3958 
5 3956 
6 3949 
7 3945 
8 3944 
9 3943 
10 3942 
11 3940 
12 3936 
13 3935 
14 3933 
15 3931 
16 3929 
17 3925 
18 3924 
19 3918 
20 3917 
21 3914 
22 3913 
23 3909 
24 3904 
25 3903 
26 3902 
27 3898 
28 3897 
29 3895 
30 3894 
31 3890 
32 3889 
33 3888 
34 3885 
35 3883 
36 3881 
37 3873 
38 3868 
39 3867 
40 3866 
41 3863 
42 3861 
43 3861 
44 3858 
45 3849 
46 3844 
47 3841 
48 3838 
49 3834 
50 3825 
51 3824 
52 3820 
53 3807 
54 3799 
55 3790 
56 3790 
57 3789 
58 3788 
59 3780 
60 3780 
61 3779 
62 3779 
63 3779 
64 3779 
65 3779 
66 3779 
67 3779 
68 3774 
69 3774 
70 3774 
71 3774 
72 3768 
73 3767 
74 3761 
75 3761 

