0 3964 
1 3963 
2 3962 
3 3962 
4 3959 
5 3956 
6 3954 
7 3954 
8 3951 
9 3950 
10 3950 
11 3948 
12 3946 
13 3945 
14 3944 
15 3943 
16 3940 
17 3937 
18 3936 
19 3935 
20 3930 
21 3929 
22 3928 
23 3926 
24 3924 
25 3923 
26 3922 
27 3921 
28 3919 
29 3918 
30 3915 
31 3914 
32 3910 
33 3907 
34 3906 
35 3903 
36 3899 
37 3898 
38 3897 
39 3895 
40 3892 
41 3890 
42 3887 
43 3886 
44 3882 
45 3881 
46 3879 
47 3875 
48 3871 
49 3866 
50 3863 
51 3861 
52 3860 
53 3859 
54 3855 
55 3854 
56 3853 
57 3846 
58 3843 
59 3842 
60 3840 
61 3839 
62 3837 
63 3833 
64 3831 
65 3825 
66 3823 
67 3817 
68 3816 
69 3814 
70 3813 
71 3811 
72 3810 
73 3808 
74 3807 
75 3807 
76 3806 
77 3799 
78 3792 
79 3789 
80 3786 
81 3785 
82 3784 
83 3784 
84 3781 
85 3781 

