0 198853 
1 198794 
2 198752 
3 198626 
4 198551 
5 198534 
6 198508 
7 198392 
8 198183 
9 198162 
10 197875 
11 197848 
12 197791 
13 197758 
14 197543 
15 197433 
16 197179 
17 196915 
18 196912 
19 196691 
20 196536 
21 196499 
22 196478 
23 196379 
24 196330 
25 196255 
26 196121 
27 196072 
28 195900 
29 195847 
30 195811 
31 195799 
32 195768 
33 195671 
34 195667 
35 195578 
36 195441 
37 195403 
38 195381 
39 195335 
40 195324 
41 195249 
42 195149 
43 194937 
44 194891 
45 194882 
46 194844 
47 194837 
48 194770 
49 194659 
50 194614 
51 194573 
52 194504 
53 194494 
54 194414 
55 194361 
56 194220 
57 194156 
58 194044 
59 193904 
60 193860 
61 193786 
62 193784 
63 193745 
64 193744 
65 193627 
66 193620 
67 193534 
68 193531 
69 193526 
70 193496 
71 193323 
72 193295 
73 193281 
74 193138 
75 193109 
76 193056 
77 192965 
78 192710 
79 192654 
80 192639 
81 192548 
82 192460 
83 192296 
84 191921 
85 191862 
86 191781 
87 191767 
88 191611 
89 191552 
90 191444 
91 191435 
92 191414 
93 191239 
94 191100 
95 191024 
96 190950 
97 190943 
98 190930 
99 190760 
100 190706 
101 190528 
102 190514 
103 190366 
104 190180 
105 189874 
106 189672 
107 189513 
108 189378 
109 189314 
110 189006 
111 188924 
112 188882 
113 188857 
114 188610 
115 188534 
116 188510 
117 188489 
118 188376 
119 188286 
120 188247 
121 188227 
122 187940 
123 187693 
124 187206 
125 187173 
126 187126 
127 187066 
128 187011 
129 186937 
130 186491 
131 186418 
132 186410 
133 186291 
134 186227 
135 185957 
136 185943 
137 185620 
138 185530 
139 185393 
140 185331 
141 185251 
142 185163 
143 184793 
144 184767 
145 184761 
146 184409 
147 184396 
148 184390 
149 184130 
150 184033 
151 183790 
152 183698 
153 183688 
154 183643 
155 183299 
156 183113 
157 182983 
158 182929 
159 182725 
160 182693 
161 182566 
162 182073 
163 181915 
164 181843 
165 181826 
166 181722 
167 181635 
168 181537 
169 181337 
170 181195 
171 181036 
172 180944 
173 180884 
174 180540 
175 180380 
176 180218 
177 179866 
178 179586 
179 178719 
180 178688 
181 178631 
182 178521 
183 178508 
184 178151 
185 178022 
186 177889 
187 177434 
188 177335 
189 177207 
190 177048 
191 176957 
192 176657 
193 176514 
194 176197 
195 176161 
196 176109 
197 175912 
198 175912 

