0 195396 
1 195365 
2 194875 
3 194874 
4 194853 
5 194636 
6 194623 
7 194383 
8 194229 
9 194199 
10 194107 
11 194032 
12 194012 
13 193889 
14 193860 
15 193784 
16 193747 
17 193727 
18 193662 
19 193571 
20 193538 
21 193512 
22 193331 
23 193292 
24 193203 
25 193081 
26 192975 
27 192818 
28 192713 
29 192479 
30 192460 
31 192355 
32 192204 
33 192019 
34 192012 
35 191907 
36 191749 
37 191673 
38 191294 
39 191276 
40 191172 
41 191063 
42 190941 
43 190876 
44 190714 
45 190627 
46 190350 
47 190319 
48 190268 
49 190261 
50 190208 
51 190188 
52 190153 
53 189964 
54 189889 
55 189575 
56 189471 
57 189430 
58 189301 
59 189025 
60 188922 
61 188850 
62 188827 
63 188701 
64 188677 
65 188509 
66 188203 
67 188080 
68 188028 
69 187958 
70 187636 
71 187558 
72 187461 
73 187411 
74 187191 
75 186919 
76 186813 
77 186714 
78 186664 
79 186571 
80 186231 
81 186181 
82 186074 
83 185708 
84 185644 
85 185521 
86 185514 
87 185269 
88 185202 
89 185077 
90 184976 
91 184884 
92 184403 
93 184272 
94 184184 
95 184179 
96 184009 
97 183971 
98 183851 
99 183707 
100 183226 
101 182593 
102 182344 
103 182191 
104 181767 
105 181703 
106 181534 
107 181209 
108 181132 
109 181097 
110 180708 
111 180692 
112 180558 
113 180392 
114 180087 
115 179856 
116 179491 
117 178590 
118 178220 
119 178004 
120 177064 
121 177058 
122 176859 
123 176852 
124 176425 
125 176246 
126 175989 
127 175975 
128 175334 
129 175327 
130 175319 
131 175217 
132 174875 
133 174452 
134 174382 
135 174143 
136 173839 
137 173530 
138 173480 
139 173463 
140 171915 
141 171447 
142 171368 
143 171361 
144 171053 
145 170650 
146 170400 
147 170386 
148 170155 
149 169602 
150 169158 
151 166457 
152 166444 
153 165597 
154 164160 
155 161517 
156 159564 
157 158105 
158 151426 
159 151426 

