0 36820 
1 36794 
2 36665 
3 36602 
4 36575 
5 36549 
6 36506 
7 36483 
8 36476 
9 36475 
10 36447 
11 36379 
12 36302 
13 36205 
14 36201 
15 36176 
16 36097 
17 36094 
18 35983 
19 35968 
20 35958 
21 35909 
22 35772 
23 35712 
24 35695 
25 35654 
26 35626 
27 35614 
28 35561 
29 35548 
30 35500 
31 35486 
32 35467 
33 35465 
34 35402 
35 35308 
36 35301 
37 35288 
38 35090 
39 35084 
40 35082 
41 34946 
42 34866 
43 34794 
44 34758 
45 34734 
46 34710 
47 34660 
48 34656 
49 34645 
50 34605 
51 34576 
52 34517 
53 34352 
54 34259 
55 34177 
56 34146 
57 34070 
58 34050 
59 34015 
60 33995 
61 33994 
62 33915 
63 33876 
64 33803 
65 33682 
66 33615 
67 33576 
68 33507 
69 33402 
70 33356 
71 33353 
72 33342 
73 33326 
74 33182 
75 33181 
76 33144 
77 33113 
78 33112 
79 33078 
80 33074 
81 33055 
82 33024 
83 32990 
84 32946 
85 32940 
86 32827 
87 32687 
88 32661 
89 32424 
90 32363 
91 32213 
92 32163 
93 32052 
94 31955 
95 31931 
96 31910 
97 31894 
98 31768 
99 31733 
100 31631 
101 31595 
102 31529 
103 31401 
104 31355 
105 31291 
106 31254 
107 31214 
108 31168 
109 31032 
110 31010 
111 31010 

