0 34879 
1 34825 
2 34805 
3 34786 
4 34641 
5 34631 
6 34630 
7 34598 
8 34523 
9 34498 
10 34396 
11 34364 
12 34101 
13 34078 
14 34074 
15 34045 
16 33997 
17 33903 
18 33888 
19 33887 
20 33711 
21 33592 
22 33568 
23 33550 
24 33523 
25 33515 
26 33485 
27 33459 
28 33447 
29 33386 
30 33316 
31 33265 
32 33263 
33 33209 
34 33181 
35 33174 
36 33133 
37 33109 
38 33033 
39 33003 
40 32936 
41 32885 
42 32857 
43 32749 
44 32708 
45 32658 
46 32577 
47 32573 
48 32537 
49 32514 
50 32424 
51 32413 
52 32264 
53 32211 
54 32140 
55 32090 
56 31965 
57 31953 
58 31919 
59 31840 
60 31831 
61 31717 
62 31541 
63 31515 
64 31505 
65 31455 
66 31446 
67 31319 
68 31317 
69 31250 
70 31179 
71 30706 
72 30705 
73 30690 
74 30500 
75 30471 
76 30413 
77 30379 
78 30317 
79 30275 
80 30223 
81 29756 
82 28798 
83 28589 
84 28258 
85 27076 
86 27076 

