0 3941 
1 3940 
2 3938 
3 3937 
4 3936 
5 3935 
6 3934 
7 3932 
8 3929 
9 3928 
10 3922 
11 3921 
12 3917 
13 3915 
14 3914 
15 3910 
16 3907 
17 3904 
18 3901 
19 3900 
20 3899 
21 3898 
22 3896 
23 3895 
24 3893 
25 3892 
26 3891 
27 3890 
28 3889 
29 3889 
30 3887 
31 3883 
32 3881 
33 3880 
34 3878 
35 3877 
36 3876 
37 3875 
38 3873 
39 3872 
40 3871 
41 3870 
42 3867 
43 3865 
44 3860 
45 3858 
46 3857 
47 3854 
48 3851 
49 3847 
50 3845 
51 3836 
52 3834 
53 3829 
54 3828 
55 3827 
56 3826 
57 3821 
58 3817 
59 3816 
60 3812 
61 3811 
62 3806 
63 3795 
64 3792 
65 3791 
66 3789 
67 3782 
68 3781 
69 3779 
70 3778 
71 3774 
72 3774 

