0 13712 
1 13708 
2 13707 
3 13705 
4 13704 
5 13704 
6 13702 
7 13701 
8 13699 
9 13694 
10 13684 
11 13677 
12 13673 
13 13671 
14 13667 
15 13661 
16 13660 
17 13658 
18 13658 
19 13655 
20 13654 
21 13643 
22 13631 
23 13628 
24 13626 
25 13625 
26 13621 
27 13619 
28 13615 
29 13612 
30 13610 
31 13603 
32 13600 
33 13598 
34 13597 
35 13594 
36 13593 
37 13589 
38 13586 
39 13585 
40 13581 
41 13581 
42 13577 
43 13575 
44 13571 
45 13567 
46 13564 
47 13558 
48 13557 
49 13554 
50 13552 
51 13546 
52 13543 
53 13542 
54 13541 
55 13537 
56 13534 
57 13530 
58 13528 
59 13527 
60 13525 
61 13522 
62 13514 
63 13510 
64 13509 
65 13509 
66 13508 
67 13507 
68 13503 
69 13496 
70 13495 
71 13490 
72 13486 
73 13484 
74 13479 
75 13476 
76 13472 
77 13466 
78 13463 
79 13460 
80 13457 
81 13453 
82 13447 
83 13440 
84 13438 
85 13431 
86 13431 
87 13423 
88 13418 
89 13418 
90 13418 
91 13418 
92 13418 
93 13418 
94 13418 
95 13418 
96 13418 
97 13418 
98 13418 
99 13418 
100 13418 
101 13418 
102 13418 
103 13418 
104 13418 
105 13418 
106 13418 
107 13418 
108 13418 
109 13418 
110 13418 
111 13418 
112 13418 
113 13418 
114 13418 
115 13418 
116 13418 
117 13418 
118 13418 
119 13418 
120 13418 
121 13418 
122 13418 
123 13418 
124 13418 
125 13418 
126 13418 
127 13418 
128 13418 
129 13418 
130 13418 
131 13418 
132 13418 
133 13418 
134 13418 
135 13418 
136 13418 
137 13418 
138 13418 
139 13418 
140 13418 
141 13418 
142 13418 
143 13418 
144 13418 
145 13418 
146 13418 
147 13418 
148 13418 
149 13418 
150 13418 
151 13418 
152 13418 
153 13418 
154 13418 
155 13418 
156 13418 
157 13418 
158 13418 
159 13418 
160 13418 
161 13418 
162 13418 
163 13418 
164 13418 
165 13418 
166 13418 
167 13418 
168 13418 
169 13418 
170 13418 
171 13418 
172 13418 
173 13418 
174 13418 
175 13418 
176 13418 
177 13418 
178 13418 
179 13418 
180 13418 
181 13418 
182 13418 
183 13418 
184 13418 
185 13418 
186 13418 
187 13418 
188 13418 
189 13418 
190 13418 
191 13418 
192 13418 
193 13418 
194 13418 
195 13418 
196 13418 
197 13418 
198 13418 
199 13418 
200 13418 
201 13418 
202 13418 
203 13418 
204 13418 
205 13418 
206 13418 
207 13418 
208 13418 
209 13418 
210 13418 
211 13418 
212 13418 
213 13418 
214 13418 
215 13418 
216 13418 
217 13418 
218 13418 
219 13418 
220 13418 
221 13418 
222 13418 
223 13418 
224 13418 
225 13418 
226 13418 
227 13418 
228 13418 
229 13418 
230 13418 
231 13418 
232 13418 
233 13418 
234 13418 
235 13418 
236 13418 
237 13418 
238 13418 
239 13418 
240 13418 
241 13418 
242 13418 
243 13418 
244 13418 
245 13418 
246 13418 
247 13418 
248 13418 
249 13418 
250 13418 
251 13418 
252 13418 
253 13418 
254 13418 
255 13418 
256 13418 
257 13418 
258 13418 
259 13418 
260 13418 
261 13418 
262 13418 
263 13418 
264 13418 
265 13418 
266 13418 
267 13418 
268 13418 
269 13418 
270 13418 
271 13418 
272 13418 
273 13418 
274 13418 
275 13418 
276 13418 
277 13418 
278 13418 
279 13418 
280 13418 
281 13418 
282 13418 
283 13418 
284 13418 
285 13418 
286 13418 
287 13418 
288 13418 
289 13418 
290 13418 
291 13418 
292 13418 
293 13418 
294 13418 
295 13418 
296 13418 
297 13418 
298 13418 
299 13418 
300 13418 
301 13418 
302 13418 
303 13418 
304 13418 
305 13418 
306 13418 
307 13418 
308 13418 
309 13418 
310 13418 
311 13418 
312 13418 
313 13418 
314 13418 
315 13418 
316 13418 
317 13418 
318 13418 
319 13418 
320 13418 
321 13418 
322 13418 
323 13418 
324 13418 
325 13418 
326 13418 
327 13418 
328 13418 
329 13418 
330 13418 
331 13418 
332 13418 
333 13418 
334 13418 
335 13418 
336 13418 
337 13418 
338 13418 
339 13418 
340 13418 
341 13418 
342 13418 
343 13418 
344 13418 
345 13418 
346 13418 
347 13418 
348 13418 
349 13418 
350 13418 
351 13418 
352 13418 
353 13418 
354 13418 
355 13418 
356 13418 
357 13418 
358 13418 
359 13418 
360 13418 
361 13418 
362 13418 
363 13418 
364 13418 
365 13418 
366 13418 
367 13418 
368 13418 
369 13418 
370 13418 
371 13418 
372 13418 
373 13418 
374 13418 
375 13418 
376 13418 
377 13418 
378 13418 
379 13418 
380 13418 
381 13418 
382 13418 
383 13418 
384 13418 
385 13418 
386 13418 
387 13418 
388 13418 
389 13418 
390 13418 
391 13418 
392 13418 
393 13418 
394 13418 
395 13418 
396 13418 
397 13418 
398 13418 
399 13418 
400 13418 
401 13418 
402 13418 
403 13418 
404 13418 
405 13418 
406 13418 
407 13418 
408 13418 
409 13418 
410 13418 
411 13418 
412 13418 
413 13418 
414 13418 
415 13418 
416 13418 
417 13418 
418 13418 
419 13418 
420 13418 
421 13418 
422 13418 
423 13418 
424 13418 
425 13418 
426 13418 
427 13418 
428 13418 
429 13418 
430 13418 
431 13418 
432 13418 
433 13418 
434 13418 
435 13418 
436 13418 
437 13418 
438 13418 
439 13418 
440 13418 
441 13418 
442 13418 
443 13418 
444 13418 
445 13418 
446 13418 
447 13418 
448 13418 
449 13418 
450 13418 
451 13418 
452 13418 
453 13418 
454 13418 
455 13418 
456 13418 
457 13418 
458 13418 
459 13418 
460 13418 
461 13418 
462 13418 
463 13418 
464 13418 
465 13418 
466 13418 
467 13418 
468 13418 
469 13418 
470 13418 
471 13418 
472 13418 
473 13418 
474 13418 
475 13418 
476 13418 
477 13418 
478 13418 
479 13418 
480 13418 
481 13418 
482 13418 
483 13418 
484 13418 
485 13418 
486 13418 
487 13418 
488 13418 
489 13418 
490 13418 
491 13418 
492 13418 
493 13418 
494 13418 
495 13418 
496 13418 
497 13418 
498 13418 
499 13418 
500 13418 
501 13418 
502 13418 
503 13418 
504 13418 
505 13418 
506 13418 
507 13418 
508 13418 
509 13418 
510 13418 
511 13418 
512 13418 
513 13418 
514 13418 
515 13418 
516 13418 
517 13418 
518 13418 
519 13418 
520 13418 
521 13418 
522 13418 
523 13418 
524 13418 
525 13418 
526 13418 
527 13418 
528 13418 
529 13418 
530 13418 
531 13418 
532 13418 
533 13418 
534 13418 
535 13418 
536 13418 
537 13418 
538 13418 
539 13418 
540 13418 
541 13418 
542 13418 
543 13418 
544 13418 
545 13418 
546 13418 
547 13418 
548 13418 
549 13418 
550 13418 
551 13418 
552 13418 
553 13418 
554 13418 
555 13418 
556 13418 
557 13418 
558 13418 
559 13418 
560 13418 
561 13418 
562 13418 
563 13418 
564 13418 
565 13418 
566 13418 
567 13418 
568 13418 
569 13418 
570 13418 
571 13418 
572 13418 
573 13418 
574 13418 
575 13418 
576 13418 
577 13418 
578 13418 
579 13418 
580 13418 
581 13418 
582 13418 
583 13418 
584 13418 
585 13418 
586 13418 
587 13418 
588 13418 
589 13418 
590 13418 
591 13418 
592 13418 
593 13418 
594 13418 
595 13418 
596 13418 
597 13418 
598 13418 
599 13418 
600 13418 
601 13418 
602 13418 
603 13418 
604 13418 
605 13418 
606 13418 
607 13418 
608 13418 
609 13418 
610 13418 
611 13418 
612 13418 
613 13418 
614 13418 
615 13418 
616 13418 
617 13418 
618 13418 
619 13418 
620 13418 
621 13418 
622 13418 
623 13418 
624 13418 
625 13418 
626 13418 
627 13418 
628 13418 
629 13418 
630 13418 
631 13418 
632 13418 
633 13418 
634 13418 
635 13418 
636 13418 
637 13418 
638 13418 
639 13418 
640 13418 
641 13418 
642 13418 
643 13418 
644 13418 
645 13418 
646 13418 
647 13418 
648 13418 
649 13418 
650 13418 
651 13418 
652 13418 
653 13418 
654 13418 
655 13418 
656 13418 
657 13418 
658 13418 
659 13418 
660 13418 
661 13418 
662 13418 
663 13418 
664 13418 
665 13418 
666 13418 
667 13418 
668 13418 
669 13418 
670 13418 
671 13418 
672 13418 
673 13418 
674 13418 
675 13418 
676 13418 
677 13418 
678 13418 
679 13418 
680 13418 
681 13418 
682 13418 
683 13418 
684 13418 
685 13418 
686 13418 
687 13418 
688 13418 
689 13418 
690 13418 
691 13418 
692 13418 
693 13418 
694 13418 
695 13418 
696 13418 
697 13418 
698 13418 
699 13418 
700 13418 
701 13418 
702 13418 
703 13418 
704 13418 
705 13418 
706 13418 
707 13418 
708 13418 
709 13418 
710 13418 
711 13418 
712 13418 
713 13418 
714 13418 
715 13418 
716 13418 
717 13418 
718 13418 
719 13418 
720 13418 
721 13418 
722 13418 
723 13418 
724 13418 
725 13418 
726 13418 
727 13418 
728 13418 
729 13418 
730 13418 
731 13418 
732 13418 
733 13418 
734 13418 
735 13418 
736 13418 
737 13418 
738 13418 
739 13418 
740 13418 
741 13418 
742 13418 
743 13418 
744 13418 
745 13418 
746 13418 
747 13418 
748 13418 
749 13418 
750 13418 
751 13418 
752 13418 
753 13418 
754 13418 
755 13418 
756 13418 
757 13418 
758 13418 
759 13418 
760 13418 
761 13418 
762 13418 
763 13418 
764 13418 
765 13418 
766 13418 
767 13418 
768 13418 
769 13418 
770 13418 
771 13418 
772 13418 
773 13418 
774 13418 
775 13418 
776 13418 
777 13418 
778 13418 
779 13418 
780 13418 
781 13418 
782 13418 
783 13418 
784 13418 
785 13418 
786 13418 
787 13418 
788 13418 
789 13418 
790 13418 
791 13418 
792 13418 
793 13418 
794 13418 
795 13418 
796 13418 
797 13418 
798 13418 
799 13418 
800 13418 
801 13418 
802 13418 
803 13418 
804 13418 
805 13418 
806 13418 
807 13418 
808 13418 
809 13418 
810 13418 
811 13418 
812 13418 
813 13418 
814 13418 
815 13418 
816 13418 
817 13418 
818 13418 
819 13418 
820 13418 
821 13418 
822 13418 
823 13418 
824 13418 
825 13418 
826 13418 
827 13418 
828 13418 
829 13418 
830 13418 
831 13418 
832 13418 
833 13418 
834 13418 
835 13418 
836 13418 
837 13418 
838 13418 
839 13418 
840 13418 
841 13418 
842 13418 
843 13418 
844 13418 
845 13418 
846 13418 
847 13418 
848 13418 
849 13418 
850 13418 
851 13418 
852 13418 
853 13418 
854 13418 
855 13418 
856 13418 
857 13418 
858 13418 
859 13418 
860 13418 
861 13418 
862 13418 
863 13418 
864 13418 
865 13418 
866 13418 
867 13418 
868 13418 
869 13418 
870 13418 
871 13418 
872 13418 
873 13418 
874 13418 
875 13418 
876 13418 
877 13418 
878 13418 
879 13418 
880 13418 
881 13418 
882 13418 
883 13418 
884 13418 
885 13418 
886 13418 
887 13418 
888 13418 
889 13418 
890 13418 
891 13418 
892 13418 
893 13418 
894 13418 
895 13418 
896 13418 
897 13418 
898 13418 
899 13418 
900 13418 
901 13418 
902 13418 
903 13418 
904 13418 
905 13418 
906 13418 
907 13418 
908 13418 
909 13418 
910 13418 
911 13418 
912 13418 
913 13418 
914 13418 
915 13418 
916 13418 
917 13418 
918 13418 
919 13418 
920 13418 
921 13418 
922 13418 
923 13418 
924 13418 
925 13418 
926 13418 
927 13418 
928 13418 
929 13418 
930 13418 
931 13418 
932 13418 
933 13418 
934 13418 
935 13418 
936 13418 
937 13418 
938 13418 
939 13418 
940 13418 
941 13418 
942 13418 
943 13418 
944 13418 
945 13418 
946 13418 
947 13418 
948 13418 
949 13418 
950 13418 
951 13418 
952 13418 
953 13418 
954 13418 
955 13418 
956 13418 
957 13418 
958 13418 
959 13418 
960 13418 
961 13418 
962 13418 
963 13418 
964 13418 
965 13418 
966 13418 
967 13418 
968 13418 
969 13418 
970 13418 
971 13418 
972 13418 
973 13418 
974 13418 
975 13418 
976 13418 
977 13418 
978 13418 
979 13418 
980 13418 
981 13418 
982 13418 
983 13418 
984 13418 
985 13418 
986 13418 
987 13418 
988 13418 
989 13418 
990 13418 
991 13418 
992 13418 
993 13418 
994 13418 
995 13418 
996 13418 
997 13418 
998 13418 
999 13418 
1000 13418 
1001 13418 
1002 13418 
1003 13418 
1004 13418 
1005 13418 
1006 13418 
1007 13418 
1008 13418 
1009 13418 
1010 13418 
1011 13418 
1012 13418 
1013 13418 
1014 13418 
1015 13418 
1016 13418 
1017 13418 
1018 13418 
1019 13418 
1020 13418 
1021 13418 
1022 13418 
1023 13418 
1024 13418 
1025 13418 
1026 13418 
1027 13418 
1028 13418 
1029 13418 
1030 13418 
1031 13418 
1032 13418 
1033 13418 
1034 13418 
1035 13418 
1036 13418 
1037 13418 
1038 13418 
1039 13418 
1040 13418 
1041 13418 
1042 13418 
1043 13418 
1044 13418 
1045 13418 
1046 13418 
1047 13418 
1048 13418 
1049 13418 
1050 13418 
1051 13418 
1052 13418 
1053 13418 
1054 13418 
1055 13418 
1056 13418 
1057 13418 
1058 13418 
1059 13418 
1060 13418 
1061 13418 
1062 13418 
1063 13418 
1064 13418 
1065 13418 
1066 13418 
1067 13418 
1068 13418 
1069 13418 
1070 13418 
1071 13418 
1072 13418 
1073 13418 
1074 13418 
1075 13418 
1076 13418 
1077 13418 
1078 13418 
1079 13418 
1080 13418 
1081 13418 
1082 13418 
1083 13418 
1084 13418 
1085 13418 
1086 13418 
1087 13418 
1088 13418 
1089 13418 
1090 13418 
1091 13418 
1092 13418 
1093 13418 
1094 13418 
1095 13418 
1096 13418 
1097 13418 
1098 13418 
1099 13418 
1100 13418 
1101 13418 
1102 13418 
1103 13418 
1104 13418 
1105 13418 
1106 13418 
1107 13418 
1108 13418 
1109 13418 
1110 13418 
1111 13418 
1112 13418 
1113 13418 
1114 13418 
1115 13418 
1116 13418 
1117 13418 
1118 13418 
1119 13418 
1120 13418 
1121 13418 
1122 13418 
1123 13418 
1124 13418 
1125 13418 
1126 13418 
1127 13418 
1128 13418 
1129 13418 
1130 13418 
1131 13418 
1132 13418 
1133 13418 
1134 13418 
1135 13418 
1136 13418 
1137 13418 
1138 13418 
1139 13418 
1140 13418 
1141 13418 
1142 13418 
1143 13418 
1144 13418 
1145 13418 
1146 13418 
1147 13418 
1148 13418 
1149 13418 
1150 13418 
1151 13418 
1152 13418 
1153 13418 
1154 13418 
1155 13418 
1156 13418 
1157 13418 
1158 13418 
1159 13418 
1160 13418 
1161 13418 
1162 13418 
1163 13418 
1164 13418 
1165 13418 
1166 13418 
1167 13418 
1168 13418 
1169 13418 
1170 13418 
1171 13418 
1172 13418 
1173 13418 
1174 13418 
1175 13418 
1176 13418 
1177 13418 
1178 13418 
1179 13418 
1180 13418 
1181 13418 
1182 13418 
1183 13418 
1184 13418 
1185 13418 
1186 13418 
1187 13418 
1188 13418 
1189 13418 
1190 13418 
1191 13418 
1192 13418 
1193 13418 
1194 13418 
1195 13418 
1196 13418 
1197 13418 
1198 13418 
1199 13418 
1200 13418 
1201 13418 
1202 13418 
1203 13418 
1204 13418 
1205 13418 
1206 13418 
1207 13418 
1208 13418 
1209 13418 
1210 13418 
1211 13418 
1212 13418 
1213 13418 
1214 13418 
1215 13418 
1216 13418 
1217 13418 
1218 13418 
1219 13418 
1220 13418 
1221 13418 
1222 13418 
1223 13418 
1224 13418 
1225 13418 
1226 13418 
1227 13418 
1228 13418 
1229 13418 
1230 13418 
1231 13418 
1232 13418 
1233 13418 
1234 13418 
1235 13418 
1236 13418 
1237 13418 
1238 13418 
1239 13418 
1240 13418 
1241 13418 
1242 13418 
1243 13418 
1244 13418 
1245 13418 
1246 13418 
1247 13418 
1248 13418 
1249 13418 
1250 13418 
1251 13418 
1252 13418 
1253 13418 
1254 13418 
1255 13418 
1256 13418 
1257 13418 
1258 13418 
1259 13418 
1260 13418 
1261 13418 
1262 13418 
1263 13418 
1264 13418 
1265 13418 
1266 13418 
1267 13418 
1268 13418 
1269 13418 
1270 13418 
1271 13418 
1272 13418 
1273 13418 
1274 13418 
1275 13418 
1276 13418 
1277 13418 
1278 13418 
1279 13418 
1280 13418 
1281 13418 
1282 13418 
1283 13418 
1284 13418 
1285 13418 
1286 13418 
1287 13418 
1288 13418 
1289 13418 
1290 13418 
1291 13418 
1292 13418 
1293 13418 
1294 13418 
1295 13418 
1296 13418 
1297 13418 
1298 13418 
1299 13418 
1300 13418 
1301 13418 
1302 13418 
1303 13418 
1304 13418 
1305 13418 
1306 13418 
1307 13418 
1308 13418 
1309 13418 
1310 13418 
1311 13418 
1312 13418 
1313 13418 
1314 13418 
1315 13418 
1316 13418 
1317 13418 
1318 13418 
1319 13418 
1320 13418 
1321 13418 
1322 13418 
1323 13418 
1324 13418 
1325 13418 
1326 13418 
1327 13418 
1328 13418 
1329 13418 
1330 13418 
1331 13418 
1332 13418 
1333 13418 
1334 13418 
1335 13418 
1336 13418 
1337 13418 
1338 13418 
1339 13418 
1340 13418 
1341 13418 
1342 13418 
1343 13418 
1344 13418 
1345 13418 
1346 13418 
1347 13418 
1348 13418 
1349 13418 
1350 13418 
1351 13418 
1352 13418 
1353 13418 
1354 13418 
1355 13418 
1356 13418 
1357 13418 
1358 13418 
1359 13418 
1360 13418 
1361 13418 
1362 13418 
1363 13418 
1364 13418 
1365 13418 
1366 13418 
1367 13418 
1368 13418 
1369 13418 
1370 13418 
1371 13418 
1372 13418 
1373 13418 
1374 13418 
1375 13418 
1376 13418 
1377 13418 
1378 13418 
1379 13418 
1380 13418 
1381 13418 
1382 13418 
1383 13418 
1384 13418 
1385 13418 
1386 13418 
1387 13418 
1388 13418 
1389 13418 
1390 13418 
1391 13418 
1392 13418 
1393 13418 
1394 13418 
1395 13418 
1396 13418 
1397 13418 
1398 13418 
1399 13418 
1400 13418 
1401 13418 
1402 13418 
1403 13418 
1404 13418 
1405 13418 
1406 13418 
1407 13418 
1408 13418 
1409 13418 
1410 13418 
1411 13418 
1412 13418 
1413 13418 
1414 13418 
1415 13418 
1416 13418 
1417 13418 
1418 13418 
1419 13418 
1420 13418 
1421 13418 
1422 13418 
1423 13418 
1424 13418 
1425 13418 
1426 13418 
1427 13418 
1428 13418 
1429 13418 
1430 13418 
1431 13418 
1432 13418 
1433 13418 
1434 13418 
1435 13418 
1436 13418 
1437 13418 
1438 13418 
1439 13418 
1440 13418 
1441 13418 
1442 13418 
1443 13418 
1444 13418 
1445 13418 
1446 13418 
1447 13418 
1448 13418 
1449 13418 
1450 13418 
1451 13418 
1452 13418 
1453 13418 
1454 13418 
1455 13418 
1456 13418 
1457 13418 
1458 13418 
1459 13418 
1460 13418 
1461 13418 
1462 13418 
1463 13418 
1464 13418 
1465 13418 
1466 13418 
1467 13418 
1468 13418 
1469 13418 
1470 13418 
1471 13418 
1472 13418 
1473 13418 
1474 13418 
1475 13418 
1476 13418 
1477 13418 
1478 13418 
1479 13418 
1480 13418 
1481 13418 
1482 13418 
1483 13418 
1484 13418 
1485 13418 
1486 13418 
1487 13418 
1488 13418 
1489 13418 
1490 13418 
1491 13418 
1492 13418 
1493 13418 
1494 13418 
1495 13418 
1496 13418 
1497 13418 
1498 13418 
1499 13418 
1500 13418 
1501 13418 
1502 13418 
1503 13418 
1504 13418 
1505 13418 
1506 13418 
1507 13418 
1508 13418 
1509 13418 
1510 13418 
1511 13418 
1512 13418 
1513 13418 
1514 13418 
1515 13418 
1516 13418 
1517 13418 
1518 13418 
1519 13418 
1520 13418 
1521 13418 
1522 13418 
1523 13418 
1524 13418 
1525 13418 
1526 13418 
1527 13418 
1528 13418 
1529 13418 
1530 13418 
1531 13418 
1532 13418 
1533 13418 
1534 13418 
1535 13418 
1536 13418 
1537 13418 
1538 13418 
1539 13418 
1540 13418 
1541 13418 
1542 13418 
1543 13418 
1544 13418 
1545 13418 
1546 13418 
1547 13418 
1548 13418 
1549 13418 
1550 13418 
1551 13418 
1552 13418 
1553 13418 
1554 13418 
1555 13418 
1556 13418 
1557 13418 
1558 13418 
1559 13418 
1560 13418 
1561 13418 
1562 13418 
1563 13418 
1564 13418 
1565 13418 
1566 13418 
1567 13418 
1568 13418 
1569 13418 
1570 13418 
1571 13418 
1572 13418 
1573 13418 
1574 13418 
1575 13418 
1576 13418 
1577 13418 
1578 13418 
1579 13418 
1580 13418 
1581 13418 
1582 13418 
1583 13418 
1584 13418 
1585 13418 
1586 13418 
1587 13418 
1588 13418 
1589 13418 
1590 13418 
1591 13418 
1592 13418 
1593 13418 
1594 13418 
1595 13418 
1596 13418 
1597 13418 
1598 13418 
1599 13418 
1600 13418 
1601 13418 
1602 13418 
1603 13418 
1604 13418 
1605 13418 
1606 13418 
1607 13418 
1608 13418 
1609 13418 
1610 13418 
1611 13418 
1612 13418 
1613 13418 
1614 13418 
1615 13418 
1616 13418 
1617 13418 
1618 13418 
1619 13418 
1620 13418 
1621 13418 
1622 13418 
1623 13418 
1624 13418 
1625 13418 
1626 13418 
1627 13418 
1628 13418 
1629 13418 
1630 13418 
1631 13418 
1632 13418 
1633 13418 
1634 13418 
1635 13418 
1636 13418 
1637 13418 
1638 13418 
1639 13418 
1640 13418 
1641 13418 
1642 13418 
1643 13418 
1644 13418 
1645 13418 
1646 13418 
1647 13418 
1648 13418 
1649 13418 
1650 13418 
1651 13418 
1652 13418 
1653 13418 
1654 13418 
1655 13418 
1656 13418 
1657 13418 
1658 13418 
1659 13418 
1660 13418 
1661 13418 
1662 13418 
1663 13418 
1664 13418 
1665 13418 
1666 13418 
1667 13418 
1668 13418 
1669 13418 
1670 13418 
1671 13418 
1672 13418 
1673 13418 
1674 13418 
1675 13418 
1676 13418 
1677 13418 
1678 13418 
1679 13418 
1680 13418 
1681 13418 
1682 13418 
1683 13418 
1684 13418 
1685 13418 
1686 13418 
1687 13418 
1688 13418 
1689 13418 
1690 13418 
1691 13418 
1692 13418 
1693 13418 
1694 13418 
1695 13418 
1696 13418 
1697 13418 
1698 13418 
1699 13418 
1700 13418 
1701 13418 
1702 13418 
1703 13418 
1704 13418 
1705 13418 
1706 13418 
1707 13418 
1708 13418 
1709 13418 
1710 13418 
1711 13418 
1712 13418 
1713 13418 
1714 13418 
1715 13418 
1716 13418 
1717 13418 
1718 13418 
1719 13418 
1720 13418 
1721 13418 
1722 13418 
1723 13418 
1724 13418 
1725 13418 
1726 13418 
1727 13418 
1728 13418 
1729 13418 
1730 13418 
1731 13418 
1732 13418 
1733 13418 
1734 13418 
1735 13418 
1736 13418 
1737 13418 
1738 13418 
1739 13418 
1740 13418 
1741 13418 
1742 13418 
1743 13418 
1744 13418 
1745 13418 
1746 13418 
1747 13418 
1748 13418 
1749 13418 
1750 13418 
1751 13418 
1752 13418 
1753 13418 
1754 13418 
1755 13418 
1756 13418 
1757 13418 
1758 13418 
1759 13418 
1760 13418 
1761 13418 
1762 13418 
1763 13418 
1764 13418 
1765 13418 
1766 13418 
1767 13418 
1768 13418 
1769 13418 
1770 13418 
1771 13418 
1772 13418 
1773 13418 
1774 13418 
1775 13418 
1776 13418 
1777 13418 
1778 13418 
1779 13418 
1780 13418 
1781 13418 
1782 13418 
1783 13418 
1784 13418 
1785 13418 
1786 13418 
1787 13418 
1788 13418 
1789 13418 
1790 13418 
1791 13418 
1792 13418 
1793 13418 
1794 13418 
1795 13418 
1796 13418 
1797 13418 
1798 13418 
1799 13418 
1800 13418 
1801 13418 
1802 13418 
1803 13418 
1804 13418 
1805 13418 
1806 13418 
1807 13418 
1808 13418 
1809 13418 
1810 13418 
1811 13418 
1812 13418 
1813 13418 
1814 13418 
1815 13418 
1816 13418 
1817 13418 
1818 13418 
1819 13418 
1820 13418 
1821 13418 
1822 13418 
1823 13418 
1824 13418 
1825 13418 
1826 13418 
1827 13418 
1828 13418 
1829 13418 
1830 13418 
1831 13418 
1832 13418 
1833 13418 
1834 13418 
1835 13418 
1836 13418 
1837 13418 
1838 13418 
1839 13418 
1840 13418 
1841 13418 
1842 13418 
1843 13418 
1844 13418 
1845 13418 
1846 13418 
1847 13418 
1848 13418 
1849 13418 
1850 13418 
1851 13418 
1852 13418 
1853 13418 
1854 13418 
1855 13418 
1856 13418 
1857 13418 
1858 13418 
1859 13418 
1860 13418 
1861 13418 
1862 13418 
1863 13418 
1864 13418 
1865 13418 
1866 13418 
1867 13418 
1868 13418 
1869 13418 
1870 13418 
1871 13418 
1872 13418 
1873 13418 
1874 13418 
1875 13418 
1876 13418 
1877 13418 
1878 13418 
1879 13418 
1880 13418 
1881 13418 
1882 13418 
1883 13418 
1884 13418 
1885 13418 
1886 13418 
1887 13418 
1888 13418 
1889 13418 
1890 13418 
1891 13418 
1892 13418 
1893 13418 
1894 13418 
1895 13418 
1896 13418 
1897 13418 
1898 13418 
1899 13418 
1900 13418 
1901 13418 
1902 13418 
1903 13418 
1904 13418 
1905 13418 
1906 13418 
1907 13418 
1908 13418 
1909 13418 
1910 13418 
1911 13418 
1912 13418 
1913 13418 
1914 13418 
1915 13418 
1916 13418 
1917 13418 
1918 13418 
1919 13418 
1920 13418 
1921 13418 
1922 13418 
1923 13418 
1924 13418 
1925 13418 
1926 13418 
1927 13418 
1928 13418 
1929 13418 
1930 13418 
1931 13418 
1932 13418 
1933 13418 
1934 13418 
1935 13418 
1936 13418 
1937 13418 
1938 13418 
1939 13418 
1940 13418 
1941 13418 
1942 13418 
1943 13418 
1944 13418 
1945 13418 
1946 13418 
1947 13418 
1948 13418 
1949 13418 
1950 13418 
1951 13418 
1952 13418 
1953 13418 
1954 13418 
1955 13418 
1956 13418 
1957 13418 
1958 13418 
1959 13418 
1960 13418 
1961 13418 
1962 13418 
1963 13418 
1964 13418 
1965 13418 
1966 13418 
1967 13418 
1968 13418 
1969 13418 
1970 13418 
1971 13418 
1972 13418 
1973 13418 
1974 13418 
1975 13418 
1976 13418 
1977 13418 
1978 13418 
1979 13418 
1980 13418 
1981 13418 
1982 13418 
1983 13418 
1984 13418 
1985 13418 
1986 13418 
1987 13418 
1988 13418 
1989 13418 
1990 13418 
1991 13418 
1992 13418 
1993 13418 
1994 13418 
1995 13418 
1996 13418 
1997 13418 
1998 13418 
1999 13418 
2000 13418 
2001 13418 
2002 13418 
2003 13418 
2004 13418 
2005 13418 
2006 13418 
2007 13418 
2008 13418 
2009 13418 
2010 13418 
2011 13418 
2012 13418 
2013 13418 
2014 13418 
2015 13418 
2016 13418 
2017 13418 
2018 13418 
2019 13418 
2020 13418 
2021 13418 
2022 13418 
2023 13418 
2024 13418 
2025 13418 
2026 13418 
2027 13418 
2028 13418 
2029 13418 
2030 13418 
2031 13418 
2032 13418 
2033 13418 
2034 13418 
2035 13418 
2036 13418 
2037 13418 
2038 13418 
2039 13418 
2040 13418 
2041 13418 
2042 13418 
2043 13418 
2044 13418 
2045 13418 
2046 13418 
2047 13418 
2048 13418 
2049 13418 
2050 13418 
2051 13418 
2052 13418 
2053 13418 
2054 13418 
2055 13418 
2056 13418 
2057 13418 
2058 13418 
2059 13418 
2060 13418 
2061 13418 
2062 13418 
2063 13418 
2064 13418 
2065 13418 
2066 13418 
2067 13418 
2068 13418 
2069 13418 
2070 13418 
2071 13418 
2072 13418 
2073 13418 
2074 13418 
2075 13418 
2076 13418 
2077 13418 
2078 13418 
2079 13418 
2080 13418 
2081 13418 
2082 13418 
2083 13418 
2084 13418 
2085 13418 
2086 13418 
2087 13418 
2088 13418 
2089 13418 
2090 13418 
2091 13418 
2092 13418 
2093 13418 
2094 13418 
2095 13418 
2096 13418 
2097 13418 
2098 13418 
2099 13418 
2100 13418 
2101 13418 
2102 13418 
2103 13418 
2104 13418 
2105 13418 
2106 13418 
2107 13418 
2108 13418 
2109 13418 
2110 13418 
2111 13418 
2112 13418 
2113 13418 
2114 13418 
2115 13418 
2116 13418 
2117 13418 
2118 13418 
2119 13418 
2120 13418 
2121 13418 
2122 13418 
2123 13418 
2124 13418 
2125 13418 
2126 13418 
2127 13418 
2128 13418 
2129 13418 
2130 13418 
2131 13418 
2132 13418 
2133 13418 
2134 13418 
2135 13418 
2136 13418 
2137 13418 
2138 13418 
2139 13418 
2140 13418 
2141 13418 
2142 13418 
2143 13418 
2144 13418 
2145 13418 
2146 13418 
2147 13418 
2148 13418 
2149 13418 
2150 13418 
2151 13418 
2152 13418 
2153 13418 
2154 13418 
2155 13418 
2156 13418 
2157 13418 
2158 13418 
2159 13418 
2160 13418 
2161 13418 
2162 13418 
2163 13418 
2164 13418 
2165 13418 
2166 13418 
2167 13418 
2168 13418 
2169 13418 
2170 13418 
2171 13418 
2172 13418 
2173 13418 
2174 13418 
2175 13418 
2176 13418 
2177 13418 
2178 13418 
2179 13418 
2180 13418 
2181 13418 
2182 13418 
2183 13418 
2184 13418 
2185 13418 
2186 13418 
2187 13418 
2188 13418 
2189 13418 
2190 13418 
2191 13418 
2192 13418 
2193 13418 
2194 13418 
2195 13418 
2196 13418 
2197 13418 
2198 13418 
2199 13418 
2200 13418 
2201 13418 
2202 13418 
2203 13418 
2204 13418 
2205 13418 
2206 13418 
2207 13418 
2208 13418 
2209 13418 
2210 13418 
2211 13418 
2212 13418 
2213 13418 
2214 13418 
2215 13418 
2216 13418 
2217 13418 
2218 13418 
2219 13418 
2220 13418 
2221 13418 
2222 13418 
2223 13418 
2224 13418 
2225 13418 
2226 13418 
2227 13418 
2228 13418 
2229 13418 
2230 13418 
2231 13418 
2232 13418 
2233 13418 
2234 13418 
2235 13418 
2236 13418 
2237 13418 
2238 13418 
2239 13418 
2240 13418 
2241 13418 
2242 13418 
2243 13418 
2244 13418 
2245 13418 
2246 13418 
2247 13418 
2248 13418 
2249 13418 
2250 13418 
2251 13418 
2252 13418 
2253 13418 
2254 13418 
2255 13418 
2256 13418 
2257 13418 
2258 13418 
2259 13418 
2260 13418 
2261 13418 
2262 13418 
2263 13418 
2264 13418 
2265 13418 
2266 13418 
2267 13418 
2268 13418 
2269 13418 
2270 13418 
2271 13418 
2272 13418 
2273 13418 
2274 13418 
2275 13418 
2276 13418 
2277 13418 
2278 13418 
2279 13418 
2280 13418 
2281 13418 
2282 13418 
2283 13418 
2284 13418 
2285 13418 
2286 13418 
2287 13418 
2288 13418 
2289 13418 
2290 13418 
2291 13418 
2292 13418 
2293 13418 
2294 13418 
2295 13418 
2296 13418 
2297 13418 
2298 13418 
2299 13418 
2300 13418 
2301 13418 
2302 13418 
2303 13418 
2304 13418 
2305 13418 
2306 13418 
2307 13418 
2308 13418 
2309 13418 
2310 13418 
2311 13418 
2312 13418 
2313 13418 
2314 13418 
2315 13418 
2316 13418 
2317 13418 
2318 13418 
2319 13418 
2320 13418 
2321 13418 
2322 13418 
2323 13418 
2324 13418 
2325 13418 
2326 13418 
2327 13418 
2328 13418 
2329 13418 
2330 13418 
2331 13418 
2332 13418 
2333 13418 
2334 13418 
2335 13418 
2336 13418 
2337 13418 
2338 13418 
2339 13418 
2340 13418 
2341 13418 
2342 13418 
2343 13418 
2344 13418 
2345 13418 
2346 13418 
2347 13418 
2348 13418 
2349 13418 
2350 13418 
2351 13418 
2352 13418 
2353 13418 
2354 13418 
2355 13418 
2356 13418 
2357 13418 
2358 13418 
2359 13418 
2360 13418 
2361 13418 
2362 13418 
2363 13418 
2364 13418 
2365 13418 
2366 13418 
2367 13418 
2368 13418 
2369 13418 
2370 13418 
2371 13418 
2372 13418 
2373 13418 
2374 13418 
2375 13418 
2376 13418 
2377 13418 
2378 13418 
2379 13418 
2380 13418 
2381 13418 
2382 13418 
2383 13418 
2384 13418 
2385 13418 
2386 13418 
2387 13418 
2388 13418 
2389 13418 
2390 13418 
2391 13418 
2392 13418 
2393 13418 
2394 13418 
2395 13418 
2396 13418 
2397 13418 
2398 13418 
2399 13418 
2400 13418 
2401 13418 
2402 13418 
2403 13418 
2404 13418 
2405 13418 
2406 13418 
2407 13418 
2408 13418 
2409 13418 
2410 13418 
2411 13418 
2412 13418 
2413 13418 
2414 13418 
2415 13418 
2416 13418 
2417 13418 
2418 13418 
2419 13418 
2420 13418 
2421 13418 
2422 13418 
2423 13418 
2424 13418 
2425 13418 
2426 13418 
2427 13418 
2428 13418 
2429 13418 
2430 13418 
2431 13418 
2432 13418 
2433 13418 
2434 13418 
2435 13418 
2436 13418 
2437 13418 
2438 13418 
2439 13418 
2440 13418 
2441 13418 
2442 13418 
2443 13418 
2444 13418 
2445 13418 
2446 13418 
2447 13418 
2448 13418 
2449 13418 
2450 13418 
2451 13418 
2452 13418 
2453 13418 
2454 13418 
2455 13418 
2456 13418 
2457 13418 
2458 13418 
2459 13418 
2460 13418 
2461 13418 
2462 13418 
2463 13418 
2464 13418 
2465 13418 
2466 13418 
2467 13418 
2468 13418 
2469 13418 
2470 13418 
2471 13418 
2472 13418 
2473 13418 
2474 13418 
2475 13418 
2476 13418 
2477 13418 
2478 13418 
2479 13418 
2480 13418 
2481 13418 
2482 13418 
2483 13418 
2484 13418 
2485 13418 
2486 13418 
2487 13418 
2488 13418 
2489 13418 
2490 13418 
2491 13418 
2492 13418 
2493 13418 
2494 13418 
2495 13418 
2496 13418 
2497 13418 
2498 13418 
2499 13418 
2500 13418 
2501 13418 
2502 13418 
2503 13418 
2504 13418 
2505 13418 
2506 13418 
2507 13418 
2508 13418 
2509 13418 
2510 13418 
2511 13418 
2512 13418 
2513 13418 
2514 13418 
2515 13418 
2516 13418 
2517 13418 
2518 13418 
2519 13418 
2520 13418 
2521 13418 
2522 13418 
2523 13418 
2524 13418 
2525 13418 
2526 13418 
2527 13418 
2528 13418 
2529 13418 
2530 13418 
2531 13418 
2532 13418 
2533 13418 
2534 13418 
2535 13418 
2536 13418 
2537 13418 
2538 13418 
2539 13418 
2540 13418 
2541 13418 
2542 13418 
2543 13418 
2544 13418 
2545 13418 
2546 13418 
2547 13418 
2548 13418 
2549 13418 
2550 13418 
2551 13418 
2552 13418 
2553 13418 
2554 13418 
2555 13418 
2556 13418 
2557 13418 
2558 13418 
2559 13418 
2560 13418 
2561 13418 
2562 13418 
2563 13418 
2564 13418 
2565 13418 
2566 13418 
2567 13418 
2568 13418 
2569 13418 
2570 13418 
2571 13418 
2572 13418 
2573 13418 
2574 13418 
2575 13418 
2576 13418 
2577 13418 
2578 13418 
2579 13418 
2580 13418 
2581 13418 
2582 13418 
2583 13418 
2584 13418 
2585 13418 
2586 13418 
2587 13418 
2588 13418 
2589 13418 
2590 13418 
2591 13418 
2592 13418 
2593 13418 
2594 13418 
2595 13418 
2596 13418 
2597 13418 
2598 13418 
2599 13418 
2600 13418 
2601 13418 
2602 13418 
2603 13418 
2604 13418 
2605 13418 
2606 13418 
2607 13418 
2608 13418 
2609 13418 
2610 13418 
2611 13418 
2612 13418 
2613 13418 
2614 13418 
2615 13418 
2616 13418 
2617 13418 
2618 13418 
2619 13418 
2620 13418 
2621 13418 
2622 13418 
2623 13418 
2624 13418 
2625 13418 
2626 13418 
2627 13418 
2628 13418 
2629 13418 
2630 13418 
2631 13418 
2632 13418 
2633 13418 
2634 13418 
2635 13418 
2636 13418 
2637 13418 
2638 13418 
2639 13418 
2640 13418 
2641 13418 
2642 13418 
2643 13418 
2644 13418 
2645 13418 
2646 13418 
2647 13418 
2648 13418 
2649 13418 
2650 13418 
2651 13418 
2652 13418 
2653 13418 
2654 13418 
2655 13418 
2656 13418 
2657 13418 
2658 13418 
2659 13418 
2660 13418 
2661 13418 
2662 13418 
2663 13418 
2664 13418 
2665 13418 
2666 13418 
2667 13418 
2668 13418 
2669 13418 
2670 13418 
2671 13418 
2672 13418 
2673 13418 
2674 13418 
2675 13418 
2676 13418 
2677 13418 
2678 13418 
2679 13418 
2680 13418 
2681 13418 
2682 13418 
2683 13418 
2684 13418 
2685 13418 
2686 13418 
2687 13418 
2688 13418 
2689 13418 
2690 13418 
2691 13418 
2692 13418 
2693 13418 
2694 13418 
2695 13418 
2696 13418 
2697 13418 
2698 13418 
2699 13418 
2700 13418 
2701 13418 
2702 13418 
2703 13418 
2704 13418 
2705 13418 
2706 13418 
2707 13418 
2708 13418 
2709 13418 
2710 13418 
2711 13418 
2712 13418 
2713 13418 
2714 13418 
2715 13418 
2716 13418 
2717 13418 
2718 13418 
2719 13418 
2720 13418 
2721 13418 
2722 13418 
2723 13418 
2724 13418 
2725 13418 
2726 13418 
2727 13418 
2728 13418 
2729 13418 
2730 13418 
2731 13418 
2732 13418 
2733 13418 
2734 13418 
2735 13418 
2736 13418 
2737 13418 
2738 13418 
2739 13418 
2740 13418 
2741 13418 
2742 13418 
2743 13418 
2744 13418 
2745 13418 
2746 13418 
2747 13418 
2748 13418 
2749 13418 
2750 13418 
2751 13418 
2752 13418 
2753 13418 
2754 13418 
2755 13418 
2756 13418 
2757 13418 
2758 13418 
2759 13418 
2760 13418 
2761 13418 
2762 13418 
2763 13418 
2764 13418 
2765 13418 
2766 13418 
2767 13418 
2768 13418 
2769 13418 
2770 13418 
2771 13418 
2772 13418 
2773 13418 
2774 13418 
2775 13418 
2776 13418 
2777 13418 
2778 13418 
2779 13418 
2780 13418 
2781 13418 
2782 13418 
2783 13418 
2784 13418 
2785 13418 
2786 13418 
2787 13418 
2788 13418 
2789 13418 
2790 13418 
2791 13418 
2792 13418 
2793 13418 
2794 13418 
2795 13418 
2796 13418 
2797 13418 
2798 13418 
2799 13418 
2800 13418 
2801 13418 
2802 13418 
2803 13418 
2804 13418 
2805 13418 
2806 13418 
2807 13418 
2808 13418 
2809 13418 
2810 13418 
2811 13418 
2812 13418 
2813 13418 
2814 13418 
2815 13418 
2816 13418 
2817 13418 
2818 13418 
2819 13418 
2820 13418 
2821 13418 
2822 13418 
2823 13418 
2824 13418 
2825 13418 
2826 13418 
2827 13418 
2828 13418 
2829 13418 
2830 13418 
2831 13418 
2832 13418 
2833 13418 
2834 13418 
2835 13418 
2836 13418 
2837 13418 
2838 13418 
2839 13418 
2840 13418 
2841 13418 
2842 13418 
2843 13418 
2844 13418 
2845 13418 
2846 13418 
2847 13418 
2848 13418 
2849 13418 
2850 13418 
2851 13418 
2852 13418 
2853 13418 
2854 13418 
2855 13418 
2856 13418 
2857 13418 
2858 13418 
2859 13418 
2860 13418 
2861 13418 
2862 13418 
2863 13418 
2864 13418 
2865 13418 
2866 13418 
2867 13418 
2868 13418 
2869 13418 
2870 13418 
2871 13418 
2872 13418 
2873 13418 
2874 13418 
2875 13418 
2876 13418 
2877 13418 
2878 13418 
2879 13418 
2880 13418 
2881 13418 
2882 13418 
2883 13418 
2884 13418 
2885 13418 
2886 13418 
2887 13418 
2888 13418 
2889 13418 
2890 13418 
2891 13418 
2892 13418 
2893 13418 
2894 13418 
2895 13418 
2896 13418 
2897 13418 
2898 13418 
2899 13418 
2900 13418 
2901 13418 
2902 13418 
2903 13418 
2904 13418 
2905 13418 
2906 13418 
2907 13418 
2908 13418 
2909 13418 
2910 13418 
2911 13418 
2912 13418 
2913 13418 
2914 13418 
2915 13418 
2916 13418 
2917 13418 
2918 13418 
2919 13418 
2920 13418 
2921 13418 
2922 13418 
2923 13418 
2924 13418 
2925 13418 
2926 13418 
2927 13418 
2928 13418 
2929 13418 
2930 13418 
2931 13418 
2932 13418 
2933 13418 
2934 13418 
2935 13418 
2936 13418 
2937 13418 
2938 13418 
2939 13418 
2940 13418 
2941 13418 
2942 13418 
2943 13418 
2944 13418 
2945 13418 
2946 13418 
2947 13418 
2948 13418 
2949 13418 
2950 13418 
2951 13418 
2952 13418 
2953 13418 
2954 13418 
2955 13418 
2956 13418 
2957 13418 
2958 13418 
2959 13418 
2960 13418 
2961 13418 
2962 13418 
2963 13418 
2964 13418 
2965 13418 
2966 13418 
2967 13418 
2968 13418 
2969 13418 
2970 13418 
2971 13418 
2972 13418 
2973 13418 
2974 13418 
2975 13418 
2976 13418 
2977 13418 
2978 13418 
2979 13418 
2980 13418 
2981 13418 
2982 13418 
2983 13418 
2984 13418 
2985 13418 
2986 13418 
2987 13418 
2988 13418 
2989 13418 
2990 13418 
2991 13418 
2992 13418 
2993 13418 
2994 13418 
2995 13418 
2996 13418 
2997 13418 
2998 13418 
2999 13418 
3000 13418 
3001 13418 
3002 13418 
3003 13418 
3004 13418 
3005 13418 
3006 13418 
3007 13418 
3008 13418 
3009 13418 
3010 13418 
3011 13418 
3012 13418 
3013 13418 
3014 13418 
3015 13418 
3016 13418 
3017 13418 
3018 13418 
3019 13418 
3020 13418 
3021 13418 
3022 13418 
3023 13418 
3024 13418 
3025 13418 
3026 13418 
3027 13418 
3028 13418 
3029 13418 
3030 13418 
3031 13418 
3032 13418 
3033 13418 
3034 13418 
3035 13418 
3036 13418 
3037 13418 
3038 13418 
3039 13418 
3040 13418 
3041 13418 
3042 13418 
3043 13418 
3044 13418 
3045 13418 
3046 13418 
3047 13418 
3048 13418 
3049 13418 
3050 13418 
3051 13418 
3052 13418 
3053 13418 
3054 13418 
3055 13418 
3056 13418 
3057 13418 
3058 13418 
3059 13418 
3060 13418 
3061 13418 
3062 13418 
3063 13418 
3064 13418 
3065 13418 
3066 13418 
3067 13418 
3068 13418 
3069 13418 
3070 13418 
3071 13418 
3072 13418 
3073 13418 
3074 13418 
3075 13418 
3076 13418 
3077 13418 
3078 13418 
3079 13418 
3080 13418 
3081 13418 
3082 13418 
3083 13418 
3084 13418 
3085 13418 
3086 13418 
3087 13418 
3088 13418 

