0 196927 
1 196881 
2 196798 
3 196548 
4 196391 
5 196354 
6 196249 
7 196199 
8 196133 
9 196090 
10 196061 
11 195999 
12 195765 
13 195646 
14 195583 
15 195557 
16 195488 
17 195310 
18 195289 
19 195184 
20 195108 
21 194865 
22 194772 
23 194739 
24 194705 
25 194611 
26 194468 
27 194422 
28 194255 
29 194181 
30 193945 
31 193774 
32 193604 
33 193457 
34 193305 
35 193241 
36 193191 
37 193161 
38 193152 
39 193083 
40 193045 
41 192980 
42 192944 
43 192849 
44 192848 
45 192383 
46 192347 
47 192300 
48 192207 
49 191937 
50 191878 
51 191819 
52 191665 
53 191229 
54 191161 
55 191005 
56 190963 
57 190874 
58 190643 
59 190337 
60 190205 
61 190084 
62 190035 
63 189780 
64 189542 
65 189508 
66 189468 
67 189169 
68 189113 
69 188942 
70 188897 
71 188885 
72 188312 
73 187973 
74 187833 
75 187703 
76 187617 
77 187524 
78 187332 
79 187226 
80 187141 
81 187070 
82 186834 
83 186729 
84 186529 
85 186500 
86 186197 
87 186187 
88 186155 
89 185945 
90 185933 
91 185778 
92 185758 
93 185617 
94 185602 
95 185531 
96 185088 
97 184986 
98 184805 
99 184716 
100 184693 
101 184670 
102 184660 
103 184618 
104 184601 
105 184328 
106 184327 
107 184129 
108 183997 
109 183995 
110 183869 
111 183848 
112 183540 
113 183233 
114 182965 
115 182854 
116 182806 
117 182799 
118 182681 
119 182527 
120 182441 
121 182418 
122 182407 
123 182066 
124 182033 
125 181953 
126 181590 
127 181382 
128 181353 
129 181336 
130 181133 
131 181100 
132 180831 
133 180720 
134 180615 
135 180606 
136 180562 
137 180533 
138 180462 
139 180135 
140 180056 
141 179837 
142 179563 
143 179277 
144 179107 
145 179104 
146 179084 
147 178845 
148 178623 
149 178581 
150 178569 
151 178515 
152 177628 
153 177533 
154 177323 
155 177296 
156 177293 
157 177061 
158 176799 
159 176590 
160 176553 
161 176250 
162 176116 
163 175867 
164 175716 
165 175060 
166 174609 
167 174609 

