0 193051 
1 193015 
2 193009 
3 192904 
4 192808 
5 192802 
6 192768 
7 192748 
8 192527 
9 192056 
10 191862 
11 191567 
12 191429 
13 191407 
14 191282 
15 191135 
16 191029 
17 190969 
18 190827 
19 190747 
20 190648 
21 190564 
22 190505 
23 190415 
24 190397 
25 190316 
26 190277 
27 190020 
28 189942 
29 189791 
30 189686 
31 189552 
32 189494 
33 189380 
34 189352 
35 189328 
36 189289 
37 189276 
38 189009 
39 188813 
40 188806 
41 188664 
42 188443 
43 188438 
44 188285 
45 188282 
46 188106 
47 187958 
48 187885 
49 187862 
50 187817 
51 187754 
52 187631 
53 187023 
54 186812 
55 186700 
56 186699 
57 186688 
58 186536 
59 186357 
60 186246 
61 186034 
62 185894 
63 185845 
64 185803 
65 185734 
66 185389 
67 185284 
68 185253 
69 185083 
70 184939 
71 184828 
72 184761 
73 184728 
74 184710 
75 184461 
76 184342 
77 184329 
78 184195 
79 184139 
80 183904 
81 183814 
82 183794 
83 183651 
84 183303 
85 183239 
86 183068 
87 182986 
88 182973 
89 182778 
90 182712 
91 182625 
92 182481 
93 182234 
94 182186 
95 182018 
96 181529 
97 181257 
98 181122 
99 181061 
100 180894 
101 180745 
102 180271 
103 180047 
104 179699 
105 179457 
106 179280 
107 179214 
108 179143 
109 179075 
110 178998 
111 178960 
112 178922 
113 178894 
114 178888 
115 178341 
116 177790 
117 177751 
118 177540 
119 177280 
120 177188 
121 177004 
122 176022 
123 175223 
124 174367 
125 173185 
126 172614 
127 172356 
128 172290 
129 171964 
130 170253 
131 169935 
132 168185 
133 168149 
134 168093 
135 167876 
136 167813 
137 167515 
138 167332 
139 165501 
140 165414 
141 165093 
142 164798 
143 163830 
144 163480 
145 163406 
146 161769 
147 160130 
148 157361 
149 156435 
150 151426 
151 151426 

