0 199406 
1 199249 
2 199117 
3 199074 
4 198883 
5 198861 
6 198835 
7 198651 
8 198508 
9 198460 
10 198448 
11 198411 
12 198361 
13 198261 
14 198226 
15 198174 
16 198106 
17 197915 
18 197841 
19 197801 
20 197701 
21 197590 
22 197509 
23 197433 
24 197394 
25 197312 
26 197304 
27 197293 
28 197217 
29 197073 
30 196970 
31 196955 
32 196604 
33 196463 
34 196280 
35 196049 
36 195891 
37 195881 
38 195818 
39 195769 
40 195762 
41 195623 
42 195442 
43 195422 
44 195283 
45 195243 
46 195109 
47 195040 
48 195027 
49 194911 
50 194730 
51 194685 
52 194578 
53 194527 
54 194337 
55 194257 
56 194186 
57 193959 
58 193923 
59 193897 
60 193854 
61 193732 
62 193653 
63 193481 
64 193438 
65 193426 
66 193247 
67 193174 
68 193162 
69 192953 
70 192950 
71 192866 
72 192794 
73 192751 
74 192533 
75 192325 
76 192275 
77 192253 
78 192246 
79 191854 
80 191720 
81 191669 
82 191482 
83 191324 
84 191257 
85 191128 
86 191009 
87 190872 
88 190558 
89 190417 
90 190244 
91 189879 
92 189859 
93 189780 
94 189541 
95 189437 
96 189394 
97 189321 
98 189194 
99 189093 
100 189073 
101 188987 
102 188548 
103 188448 
104 188413 
105 188396 
106 188333 
107 188293 
108 188009 
109 187950 
110 187889 
111 187779 
112 187696 
113 187610 
114 187409 
115 186955 
116 186949 
117 186945 
118 186801 
119 186602 
120 186576 
121 186524 
122 186437 
123 186325 
124 186176 
125 186129 
126 186120 
127 186045 
128 185548 
129 185479 
130 185194 
131 185074 
132 184819 
133 184571 
134 184512 
135 184456 
136 184311 
137 184285 
138 184081 
139 183952 
140 183756 
141 183581 
142 183455 
143 183371 
144 183261 
145 183057 
146 182785 
147 182703 
148 182618 
149 182586 
150 182507 
151 182472 
152 182394 
153 182305 
154 182191 
155 182109 
156 181936 
157 181837 
158 181483 
159 181166 
160 181035 
161 180854 
162 180717 
163 180572 
164 180349 
165 180092 
166 180063 
167 179981 
168 179867 
169 179675 
170 179261 
171 179202 
172 179081 
173 179053 
174 178877 
175 178856 
176 178595 
177 178485 
178 178464 
179 177807 
180 177708 
181 177512 
182 177177 
183 177156 
184 177133 
185 176822 
186 176743 
187 176708 
188 176640 
189 176635 
190 176635 

