0 35271 
1 35178 
2 35106 
3 35089 
4 35071 
5 35029 
6 34973 
7 34959 
8 34906 
9 34869 
10 34861 
11 34831 
12 34795 
13 34723 
14 34664 
15 34573 
16 34523 
17 34505 
18 34498 
19 34496 
20 34476 
21 34411 
22 34360 
23 34337 
24 34336 
25 34322 
26 34291 
27 34284 
28 34268 
29 34231 
30 34199 
31 34058 
32 34038 
33 33939 
34 33928 
35 33883 
36 33831 
37 33825 
38 33806 
39 33727 
40 33689 
41 33658 
42 33595 
43 33587 
44 33551 
45 33538 
46 33503 
47 33441 
48 33439 
49 33367 
50 33331 
51 33283 
52 33264 
53 33256 
54 33227 
55 33212 
56 33181 
57 33111 
58 33078 
59 32981 
60 32967 
61 32964 
62 32937 
63 32931 
64 32755 
65 32699 
66 32671 
67 32635 
68 32557 
69 32380 
70 32349 
71 32255 
72 32221 
73 32216 
74 32192 
75 32066 
76 31920 
77 31864 
78 31804 
79 31755 
80 31695 
81 31567 
82 31388 
83 31356 
84 31351 
85 31287 
86 31133 
87 30913 
88 30858 
89 30718 
90 30498 
91 30167 
92 29518 
93 29380 
94 29146 
95 29135 
96 28827 
97 28187 
98 27076 
99 27076 

