0 3956 
1 3955 
2 3952 
3 3948 
4 3947 
5 3945 
6 3944 
7 3940 
8 3937 
9 3936 
10 3935 
11 3934 
12 3929 
13 3928 
14 3924 
15 3923 
16 3918 
17 3913 
18 3908 
19 3907 
20 3905 
21 3902 
22 3901 
23 3899 
24 3896 
25 3895 
26 3892 
27 3890 
28 3889 
29 3884 
30 3883 
31 3883 
32 3882 
33 3882 
34 3875 
35 3869 
36 3868 
37 3867 
38 3866 
39 3863 
40 3862 
41 3861 
42 3861 
43 3860 
44 3859 
45 3857 
46 3856 
47 3849 
48 3846 
49 3844 
50 3843 
51 3833 
52 3831 
53 3826 
54 3823 
55 3822 
56 3821 
57 3819 
58 3818 
59 3816 
60 3814 
61 3813 
62 3812 
63 3804 
64 3802 
65 3796 
66 3794 
67 3794 
68 3790 
69 3790 
70 3785 
71 3777 
72 3776 
73 3776 

