0 192153 
1 192089 
2 192073 
3 191949 
4 191844 
5 191714 
6 191707 
7 191303 
8 191189 
9 191049 
10 190973 
11 190826 
12 190539 
13 190495 
14 190293 
15 190290 
16 190285 
17 190265 
18 190104 
19 190093 
20 189850 
21 189736 
22 189478 
23 189314 
24 189302 
25 189195 
26 189154 
27 189001 
28 188635 
29 188634 
30 188573 
31 188503 
32 188461 
33 188351 
34 188323 
35 188227 
36 188099 
37 187755 
38 187552 
39 187406 
40 187252 
41 186916 
42 186524 
43 186459 
44 186411 
45 186338 
46 186148 
47 185834 
48 185660 
49 185603 
50 185586 
51 185564 
52 185556 
53 185134 
54 185131 
55 184996 
56 184954 
57 184479 
58 184304 
59 184249 
60 184208 
61 184125 
62 183896 
63 183463 
64 183320 
65 183247 
66 182891 
67 182688 
68 182624 
69 182573 
70 182386 
71 182270 
72 182157 
73 181385 
74 181200 
75 181178 
76 181113 
77 181047 
78 180666 
79 180523 
80 180174 
81 180070 
82 179971 
83 179944 
84 179838 
85 179708 
86 179671 
87 179227 
88 179123 
89 178978 
90 178542 
91 178076 
92 177992 
93 177822 
94 177137 
95 177116 
96 176752 
97 176712 
98 176701 
99 176645 
100 176609 
101 176548 
102 176228 
103 176126 
104 175993 
105 175603 
106 175504 
107 175500 
108 175413 
109 174710 
110 174617 
111 174405 
112 174404 
113 174373 
114 174344 
115 174011 
116 173685 
117 173586 
118 172454 
119 172354 
120 171539 
121 171430 
122 171099 
123 171087 
124 171008 
125 170945 
126 170803 
127 169922 
128 169649 
129 169446 
130 169038 
131 169025 
132 168714 
133 168198 
134 168063 
135 167808 
136 167595 
137 166305 
138 165866 
139 165646 
140 164329 
141 164298 
142 163810 
143 162485 
144 162259 
145 161103 
146 159889 
147 159376 
148 158543 
149 156332 
150 151426 
151 151426 

