0 195266 
1 195185 
2 195135 
3 195072 
4 195043 
5 194877 
6 194860 
7 194716 
8 194435 
9 194389 
10 194359 
11 194233 
12 194125 
13 193947 
14 193944 
15 193831 
16 193810 
17 193596 
18 193446 
19 193254 
20 193253 
21 193118 
22 193076 
23 193063 
24 192902 
25 192808 
26 192742 
27 192487 
28 192474 
29 192413 
30 192277 
31 192225 
32 192170 
33 192101 
34 192083 
35 191962 
36 191923 
37 191851 
38 191789 
39 191723 
40 191545 
41 190713 
42 190706 
43 190482 
44 190262 
45 189896 
46 189781 
47 189668 
48 189619 
49 189542 
50 189278 
51 189239 
52 189198 
53 189064 
54 189029 
55 188881 
56 188812 
57 188705 
58 188676 
59 188540 
60 188213 
61 188098 
62 187954 
63 187927 
64 187881 
65 187642 
66 187557 
67 187447 
68 187419 
69 187385 
70 186983 
71 186773 
72 186606 
73 186203 
74 185991 
75 185819 
76 185731 
77 185715 
78 185679 
79 185436 
80 185362 
81 185300 
82 185218 
83 185187 
84 185054 
85 185032 
86 184920 
87 184832 
88 184816 
89 184670 
90 184581 
91 184349 
92 184091 
93 183854 
94 183788 
95 183662 
96 183529 
97 183457 
98 183250 
99 183087 
100 182945 
101 182685 
102 182604 
103 182284 
104 182251 
105 181892 
106 181882 
107 181574 
108 181372 
109 181150 
110 181069 
111 180878 
112 180847 
113 180589 
114 180549 
115 180254 
116 180225 
117 179958 
118 179760 
119 179480 
120 179357 
121 179284 
122 179202 
123 178792 
124 178286 
125 178045 
126 177614 
127 175819 
128 175812 
129 175724 
130 175495 
131 175303 
132 174415 
133 174389 
134 174270 
135 174186 
136 173671 
137 173161 
138 172778 
139 172748 
140 172398 
141 172215 
142 172099 
143 171509 
144 171160 
145 170989 
146 170046 
147 169979 
148 169841 
149 169226 
150 169187 
151 168789 
152 168143 
153 168082 
154 167999 
155 167814 
156 166849 
157 166717 
158 165528 
159 164767 
160 164104 
161 163279 
162 162559 
163 159796 
164 158702 
165 156925 
166 151426 
167 151426 

