0 197077 
1 196975 
2 196972 
3 196945 
4 196756 
5 196753 
6 196661 
7 196627 
8 196547 
9 196364 
10 196116 
11 196030 
12 195986 
13 195931 
14 195610 
15 195408 
16 195400 
17 195308 
18 195292 
19 195291 
20 195239 
21 195205 
22 195143 
23 194759 
24 194726 
25 194667 
26 194637 
27 194542 
28 194510 
29 194397 
30 194359 
31 194135 
32 194120 
33 193906 
34 193898 
35 193885 
36 193836 
37 193805 
38 193752 
39 193741 
40 193664 
41 193544 
42 193531 
43 193280 
44 193273 
45 193214 
46 193212 
47 193092 
48 193041 
49 192580 
50 192486 
51 192477 
52 192227 
53 192168 
54 192139 
55 192086 
56 192035 
57 191914 
58 191895 
59 191886 
60 191350 
61 190964 
62 190886 
63 190861 
64 190631 
65 190499 
66 190475 
67 190196 
68 190029 
69 190026 
70 189949 
71 189786 
72 189549 
73 189466 
74 189357 
75 189308 
76 188908 
77 188861 
78 188815 
79 187966 
80 187883 
81 187735 
82 187343 
83 187276 
84 186854 
85 186707 
86 186643 
87 186499 
88 186396 
89 185906 
90 185750 
91 185492 
92 185429 
93 185284 
94 185154 
95 185003 
96 184993 
97 184782 
98 184650 
99 184334 
100 184030 
101 183835 
102 183820 
103 183632 
104 183328 
105 182988 
106 182879 
107 182619 
108 182191 
109 181722 
110 181667 
111 181567 
112 181457 
113 181223 
114 181198 
115 181197 
116 180376 
117 180323 
118 180305 
119 180202 
120 179582 
121 179221 
122 179080 
123 178958 
124 178793 
125 178706 
126 178702 
127 178549 
128 178450 
129 178354 
130 178106 
131 177954 
132 177503 
133 177460 
134 177087 
135 176340 
136 175810 
137 175740 
138 175717 
139 175668 
140 175592 
141 175171 
142 174836 
143 174797 
144 174093 
145 173844 
146 173644 
147 173399 
148 172695 
149 172172 
150 172088 
151 171928 
152 171566 
153 171548 
154 171280 
155 170978 
156 170807 
157 169963 
158 169887 
159 169444 
160 169096 
161 168001 
162 167788 
163 167723 
164 167629 
165 167166 
166 166680 
167 166233 
168 165013 
169 164774 
170 163172 
171 162867 
172 162862 
173 160863 
174 159481 
175 156304 
176 151426 
177 151426 

