0 195099 
1 195073 
2 195020 
3 194970 
4 194932 
5 194894 
6 194842 
7 194781 
8 194699 
9 194635 
10 194615 
11 194517 
12 194242 
13 194156 
14 194132 
15 193989 
16 193724 
17 193581 
18 193559 
19 193535 
20 193514 
21 193296 
22 193276 
23 193096 
24 193035 
25 193003 
26 192930 
27 192695 
28 192454 
29 192427 
30 192404 
31 192396 
32 192223 
33 192185 
34 192165 
35 192118 
36 192087 
37 191785 
38 191695 
39 191689 
40 191605 
41 191559 
42 191522 
43 191441 
44 191319 
45 191227 
46 191041 
47 190967 
48 190721 
49 190632 
50 190622 
51 190466 
52 190351 
53 190350 
54 190016 
55 189921 
56 189721 
57 189617 
58 189355 
59 189239 
60 189235 
61 189130 
62 188935 
63 188814 
64 188767 
65 188537 
66 188494 
67 188479 
68 188417 
69 188379 
70 188235 
71 187807 
72 187518 
73 187508 
74 187374 
75 187115 
76 187078 
77 187010 
78 186842 
79 186839 
80 186756 
81 186535 
82 186304 
83 185645 
84 185448 
85 185159 
86 185010 
87 184685 
88 184661 
89 184546 
90 184363 
91 184136 
92 183679 
93 183668 
94 183587 
95 183311 
96 183020 
97 182936 
98 182865 
99 182751 
100 182665 
101 182625 
102 182623 
103 182216 
104 181930 
105 181661 
106 181642 
107 181341 
108 181275 
109 181176 
110 181009 
111 180574 
112 180420 
113 180329 
114 180117 
115 180077 
116 180027 
117 179931 
118 179880 
119 179656 
120 179645 
121 179484 
122 179451 
123 179342 
124 179079 
125 179028 
126 178835 
127 178681 
128 178584 
129 178225 
130 178130 
131 178064 
132 177569 
133 177369 
134 177106 
135 176731 
136 176442 
137 176412 
138 176362 
139 176150 
140 176130 
141 175967 
142 175895 
143 175553 
144 175064 
145 174825 
146 174797 
147 174559 
148 174451 
149 174253 
150 174253 

