0 192373 
1 192188 
2 191989 
3 191898 
4 191701 
5 191626 
6 191568 
7 191485 
8 191447 
9 191444 
10 191168 
11 190999 
12 190906 
13 190871 
14 190598 
15 190553 
16 190430 
17 190237 
18 190236 
19 189910 
20 189869 
21 189506 
22 189376 
23 189264 
24 188952 
25 188855 
26 188764 
27 188661 
28 188620 
29 188617 
30 188502 
31 188325 
32 188289 
33 188157 
34 187841 
35 187831 
36 187796 
37 187790 
38 187607 
39 187383 
40 187186 
41 187073 
42 187070 
43 187030 
44 187005 
45 186952 
46 186866 
47 186827 
48 186689 
49 186677 
50 186379 
51 186277 
52 185792 
53 185648 
54 185252 
55 185165 
56 185043 
57 184881 
58 184824 
59 184374 
60 184197 
61 184146 
62 184084 
63 183894 
64 183839 
65 183632 
66 183445 
67 183350 
68 183335 
69 183301 
70 183191 
71 183134 
72 183009 
73 182560 
74 182487 
75 182446 
76 182337 
77 182267 
78 182153 
79 182129 
80 182089 
81 181796 
82 181717 
83 181703 
84 181663 
85 181486 
86 181299 
87 180717 
88 180495 
89 180460 
90 180425 
91 180262 
92 180177 
93 180092 
94 179698 
95 179214 
96 179008 
97 178938 
98 178896 
99 178584 
100 178537 
101 178301 
102 177937 
103 177861 
104 177345 
105 177343 
106 177230 
107 177118 
108 176989 
109 176945 
110 176880 
111 176845 
112 176826 
113 176579 
114 176439 
115 175889 
116 175773 
117 175662 
118 175443 
119 175351 
120 175351 

