0 3947 
1 3946 
2 3944 
3 3943 
4 3939 
5 3933 
6 3933 
7 3931 
8 3927 
9 3925 
10 3923 
11 3922 
12 3921 
13 3920 
14 3915 
15 3912 
16 3911 
17 3910 
18 3908 
19 3907 
20 3906 
21 3904 
22 3903 
23 3900 
24 3896 
25 3892 
26 3888 
27 3884 
28 3883 
29 3883 
30 3882 
31 3876 
32 3873 
33 3872 
34 3872 
35 3870 
36 3860 
37 3858 
38 3857 
39 3850 
40 3849 
41 3848 
42 3843 
43 3840 
44 3836 
45 3833 
46 3830 
47 3827 
48 3823 
49 3822 
50 3820 
51 3819 
52 3815 
53 3811 
54 3808 
55 3807 
56 3806 
57 3803 
58 3802 
59 3801 
60 3794 
61 3791 
62 3780 
63 3779 
64 3779 

