0 3980 
1 3979 
2 3976 
3 3972 
4 3970 
5 3968 
6 3967 
7 3962 
8 3961 
9 3960 
10 3958 
11 3957 
12 3954 
13 3951 
14 3949 
15 3945 
16 3942 
17 3941 
18 3938 
19 3936 
20 3936 
21 3934 
22 3931 
23 3930 
24 3929 
25 3927 
26 3926 
27 3923 
28 3922 
29 3918 
30 3914 
31 3911 
32 3907 
33 3904 
34 3900 
35 3898 
36 3896 
37 3893 
38 3892 
39 3890 
40 3889 
41 3886 
42 3885 
43 3883 
44 3879 
45 3875 
46 3873 
47 3871 
48 3866 
49 3864 
50 3861 
51 3860 
52 3859 
53 3854 
54 3850 
55 3848 
56 3847 
57 3846 
58 3844 
59 3839 
60 3836 
61 3836 
62 3831 
63 3824 
64 3822 
65 3820 
66 3818 
67 3816 
68 3815 
69 3812 
70 3805 
71 3799 
72 3795 
73 3795 
74 3794 
75 3792 
76 3789 
77 3788 
78 3787 
79 3777 
80 3777 
81 3776 
82 3769 
83 3760 
84 3760 

