0 198927 
1 198803 
2 198741 
3 198631 
4 198594 
5 198577 
6 198570 
7 198508 
8 198487 
9 198396 
10 198001 
11 197939 
12 197904 
13 197874 
14 197844 
15 197682 
16 197419 
17 197161 
18 197118 
19 197106 
20 197024 
21 196877 
22 196813 
23 196792 
24 196693 
25 196614 
26 196527 
27 196503 
28 196439 
29 196412 
30 196337 
31 196281 
32 196050 
33 196031 
34 195920 
35 195805 
36 195585 
37 195493 
38 195417 
39 195406 
40 195357 
41 195100 
42 195032 
43 194949 
44 194944 
45 194736 
46 194699 
47 194415 
48 194228 
49 194062 
50 193982 
51 193876 
52 193811 
53 193714 
54 193699 
55 193593 
56 193537 
57 193407 
58 193384 
59 193099 
60 192840 
61 192790 
62 192766 
63 192685 
64 192581 
65 192559 
66 192548 
67 192484 
68 192476 
69 192436 
70 192433 
71 192196 
72 192083 
73 192020 
74 191991 
75 191936 
76 191892 
77 191804 
78 191653 
79 191569 
80 191512 
81 191459 
82 191183 
83 191170 
84 191121 
85 190774 
86 190565 
87 190530 
88 190421 
89 190322 
90 190183 
91 190079 
92 189979 
93 189918 
94 189878 
95 189847 
96 189825 
97 189817 
98 189691 
99 189672 
100 189362 
101 189216 
102 189183 
103 189142 
104 189043 
105 189034 
106 188683 
107 188645 
108 188614 
109 188541 
110 188417 
111 188206 
112 188048 
113 187681 
114 187643 
115 187584 
116 187521 
117 187436 
118 187434 
119 186973 
120 186927 
121 186882 
122 186860 
123 186840 
124 186801 
125 186682 
126 186662 
127 186653 
128 186249 
129 186102 
130 185689 
131 185521 
132 185387 
133 185378 
134 185308 
135 185163 
136 185073 
137 184990 
138 184965 
139 184869 
140 184788 
141 184762 
142 184545 
143 184463 
144 184344 
145 184324 
146 184295 
147 184002 
148 183968 
149 183537 
150 183466 
151 183408 
152 183181 
153 183135 
154 183072 
155 183070 
156 183062 
157 183056 
158 182627 
159 182576 
160 182340 
161 182112 
162 182068 
163 181980 
164 181879 
165 181731 
166 181551 
167 181380 
168 181084 
169 180953 
170 180838 
171 180768 
172 180658 
173 180525 
174 180476 
175 180258 
176 180237 
177 180178 
178 180120 
179 180098 
180 179908 
181 179893 
182 179827 
183 179567 
184 179371 
185 178904 
186 178757 
187 178680 
188 178314 
189 178301 
190 178277 
191 178201 
192 177949 
193 177621 
194 177503 
195 177491 
196 177319 
197 177271 
198 177189 
199 176744 
200 176557 
201 176548 
202 176528 
203 176185 
204 175906 
205 175702 
206 175621 
207 175154 
208 175101 
209 174912 
210 174888 
211 174888 

