0 2202 
1 2194 
2 2174 
3 2162 
4 2150 
5 2138 
6 2130 
7 2118 
8 2112 
9 2108 
10 2106 
11 2102 
12 2096 
13 2094 
14 2090 
15 2088 
16 2072 
17 2068 
18 2052 
19 2048 
20 2044 
21 2038 
22 2030 
23 2022 
24 2020 
25 2014 
26 2000 
27 1990 
28 1986 
29 1982 
30 1976 
31 1972 
32 1968 
33 1964 
34 1960 
35 1956 
36 1946 
37 1944 
38 1938 
39 1930 
40 1916 
41 1900 
42 1898 
43 1888 
44 1882 
45 1872 
46 1864 
47 1852 
48 1850 
49 1844 
50 1840 
51 1820 
52 1818 
53 1818 
54 1806 
55 1802 
56 1796 
57 1788 
58 1784 
59 1776 
60 1768 
61 1756 
62 1752 
63 1732 
64 1728 
65 1720 
66 1716 
67 1714 
68 1714 
69 1710 
70 1694 
71 1682 
72 1678 
73 1674 
74 1664 
75 1664 

