0 1658 
1 1654 
2 1652 
3 1648 
4 1636 
5 1620 
6 1612 
7 1600 
8 1596 
9 1588 
10 1586 
11 1544 
12 1542 
13 1538 
14 1514 
15 1506 
16 1502 
17 1496 
18 1486 
19 1482 
20 1474 
21 1458 
22 1454 
23 1450 
24 1446 
25 1438 
26 1428 
27 1424 
28 1412 
29 1388 
30 1384 
31 1376 
32 1368 
33 1356 
34 1348 
35 1336 
36 1332 
37 1328 
38 1326 
39 1314 
40 1314 
41 1304 
42 1300 
43 1280 
44 1272 
45 1238 
46 1232 
47 1214 
48 1198 
49 1196 
50 1196 
51 1196 
52 1186 
53 1182 
54 1180 
55 1172 
56 1170 
57 1170 

