0 2432 
1 2388 
2 2382 
3 2376 
4 2368 
5 2328 
6 2314 
7 2312 
8 2310 
9 2298 
10 2294 
11 2276 
12 2272 
13 2268 
14 2260 
15 2252 
16 2248 
17 2240 
18 2232 
19 2228 
20 2208 
21 2204 
22 2192 
23 2192 
24 2188 
25 2184 
26 2180 
27 2178 
28 2170 
29 2166 
30 2162 
31 2158 
32 2148 
33 2144 
34 2138 
35 2136 
36 2134 
37 2126 
38 2114 
39 2110 
40 2104 
41 2100 
42 2092 
43 2090 
44 2086 
45 2086 
46 2082 
47 2074 
48 2066 
49 2042 
50 2022 
51 2010 
52 2008 
53 2006 
54 2002 
55 2000 
56 1996 
57 1992 
58 1984 
59 1974 
60 1972 
61 1964 
62 1962 
63 1946 
64 1944 
65 1936 
66 1928 
67 1910 
68 1906 
69 1894 
70 1894 
71 1886 
72 1882 
73 1878 
74 1876 
75 1872 
76 1866 
77 1838 
78 1830 
79 1830 
80 1818 
81 1782 
82 1782 
83 1782 
84 1782 
85 1782 
86 1782 
87 1782 
88 1782 
89 1782 
90 1782 
91 1782 
92 1782 
93 1782 
94 1782 
95 1782 
96 1782 
97 1782 
98 1782 
99 1782 
100 1782 
101 1782 
102 1782 
103 1782 
104 1782 
105 1782 
106 1782 
107 1782 
108 1782 
109 1782 
110 1782 
111 1782 
112 1782 
113 1782 
114 1782 
115 1782 
116 1782 
117 1782 
118 1782 
119 1782 
120 1782 
121 1782 
122 1782 
123 1782 
124 1782 
125 1782 
126 1782 
127 1782 
128 1782 
129 1782 
130 1782 
131 1782 
132 1782 
133 1782 
134 1782 
135 1782 
136 1782 
137 1782 
138 1782 
139 1782 
140 1782 
141 1782 
142 1782 
143 1782 
144 1782 
145 1782 
146 1782 
147 1782 
148 1782 
149 1782 
150 1782 
151 1782 
152 1782 
153 1782 
154 1782 
155 1782 
156 1782 
157 1782 
158 1782 
159 1782 
160 1782 
161 1782 
162 1782 
163 1782 
164 1782 
165 1782 
166 1782 
167 1782 
168 1782 
169 1782 
170 1782 
171 1782 
172 1782 
173 1782 
174 1782 
175 1782 
176 1782 
177 1782 
178 1782 
179 1782 
180 1782 
181 1782 
182 1782 
183 1782 
184 1782 
185 1782 
186 1782 
187 1782 
188 1782 
189 1782 
190 1782 
191 1782 
192 1782 
193 1782 
194 1782 
195 1782 
196 1782 
197 1782 
198 1782 
199 1782 
200 1782 
201 1782 
202 1782 
203 1782 
204 1782 
205 1782 
206 1782 
207 1782 
208 1782 
209 1782 
210 1782 
211 1782 
212 1782 
213 1782 
214 1782 
215 1782 
216 1782 
217 1782 
218 1782 
219 1782 
220 1782 
221 1782 
222 1782 
223 1782 
224 1782 
225 1782 
226 1782 
227 1782 
228 1782 
229 1782 
230 1782 
231 1782 
232 1782 
233 1782 
234 1782 
235 1782 
236 1782 
237 1782 
238 1782 
239 1782 
240 1782 
241 1782 
242 1782 
243 1782 
244 1782 
245 1782 
246 1782 
247 1782 
248 1782 
249 1782 
250 1782 
251 1782 
252 1782 
253 1782 
254 1782 
255 1782 
256 1782 
257 1782 
258 1782 
259 1782 
260 1782 
261 1782 
262 1782 
263 1782 
264 1782 
265 1782 
266 1782 
267 1782 
268 1782 
269 1782 
270 1782 
271 1782 
272 1782 
273 1782 
274 1782 
275 1782 
276 1782 
277 1782 
278 1782 
279 1782 
280 1782 
281 1782 
282 1782 
283 1782 
284 1782 
285 1782 
286 1782 
287 1782 
288 1782 
289 1782 
290 1782 
291 1782 
292 1782 
293 1782 
294 1782 
295 1782 
296 1782 
297 1782 
298 1782 
299 1782 
300 1782 
301 1782 
302 1782 
303 1782 
304 1782 
305 1782 
306 1782 
307 1782 
308 1782 
309 1782 
310 1782 
311 1782 
312 1782 
313 1782 
314 1782 
315 1782 
316 1782 
317 1782 
318 1782 
319 1782 
320 1782 
321 1782 
322 1782 
323 1782 
324 1782 
325 1782 
326 1782 
327 1782 
328 1782 
329 1782 
330 1782 
331 1782 
332 1782 
333 1782 
334 1782 
335 1782 
336 1782 
337 1782 
338 1782 
339 1782 
340 1782 
341 1782 
342 1782 
343 1782 
344 1782 
345 1782 
346 1782 
347 1782 
348 1782 
349 1782 
350 1782 
351 1782 
352 1782 
353 1782 
354 1782 
355 1782 
356 1782 
357 1782 
358 1782 
359 1782 
360 1782 
361 1782 
362 1782 
363 1782 
364 1782 
365 1782 
366 1782 
367 1782 
368 1782 
369 1782 
370 1782 
371 1782 
372 1782 
373 1782 
374 1782 
375 1782 
376 1782 
377 1782 
378 1782 
379 1782 
380 1782 
381 1782 
382 1782 
383 1782 
384 1782 
385 1782 
386 1782 
387 1782 
388 1782 
389 1782 
390 1782 
391 1782 
392 1782 
393 1782 
394 1782 
395 1782 
396 1782 
397 1782 
398 1782 
399 1782 
400 1782 
401 1782 
402 1782 
403 1782 
404 1782 
405 1782 
406 1782 
407 1782 
408 1782 
409 1782 
410 1782 
411 1782 
412 1782 
413 1782 
414 1782 
415 1782 
416 1782 
417 1782 
418 1782 
419 1782 
420 1782 
421 1782 
422 1782 
423 1782 
424 1782 
425 1782 
426 1782 
427 1782 
428 1782 
429 1782 
430 1782 
431 1782 
432 1782 
433 1782 
434 1782 
435 1782 
436 1782 
437 1782 
438 1782 
439 1782 
440 1782 
441 1782 
442 1782 
443 1782 
444 1782 
445 1782 
446 1782 
447 1782 
448 1782 
449 1782 
450 1782 
451 1782 
452 1782 
453 1782 
454 1782 
455 1782 
456 1782 
457 1782 
458 1782 
459 1782 
460 1782 
461 1782 
462 1782 
463 1782 
464 1782 
465 1782 
466 1782 
467 1782 
468 1782 
469 1782 
470 1782 
471 1782 
472 1782 
473 1782 
474 1782 
475 1782 
476 1782 
477 1782 
478 1782 
479 1782 
480 1782 
481 1782 
482 1782 
483 1782 
484 1782 
485 1782 
486 1782 
487 1782 
488 1782 
489 1782 
490 1782 
491 1782 
492 1782 
493 1782 
494 1782 
495 1782 
496 1782 
497 1782 
498 1782 
499 1782 
500 1782 
501 1782 
502 1782 
503 1782 
504 1782 
505 1782 
506 1782 
507 1782 
508 1782 
509 1782 
510 1782 
511 1782 
512 1782 
513 1782 
514 1782 
515 1782 
516 1782 
517 1782 
518 1782 
519 1782 
520 1782 
521 1782 
522 1782 
523 1782 
524 1782 
525 1782 
526 1782 
527 1782 
528 1782 
529 1782 
530 1782 
531 1782 
532 1782 
533 1782 
534 1782 
535 1782 
536 1782 
537 1782 
538 1782 
539 1782 
540 1782 
541 1782 
542 1782 
543 1782 
544 1782 
545 1782 
546 1782 
547 1782 
548 1782 
549 1782 
550 1782 
551 1782 
552 1782 
553 1782 
554 1782 
555 1782 
556 1782 
557 1782 
558 1782 
559 1782 
560 1782 
561 1782 
562 1782 
563 1782 
564 1782 
565 1782 
566 1782 
567 1782 
568 1782 
569 1782 
570 1782 
571 1782 
572 1782 
573 1782 
574 1782 
575 1782 
576 1782 
577 1782 
578 1782 
579 1782 
580 1782 
581 1782 
582 1782 
583 1782 
584 1782 
585 1782 
586 1782 
587 1782 
588 1782 
589 1782 
590 1782 
591 1782 
592 1782 
593 1782 
594 1782 
595 1782 
596 1782 
597 1782 
598 1782 
599 1782 
600 1782 
601 1782 
602 1782 
603 1782 
604 1782 
605 1782 
606 1782 
607 1782 
608 1782 
609 1782 
610 1782 
611 1782 
612 1782 
613 1782 
614 1782 
615 1782 
616 1782 
617 1782 
618 1782 
619 1782 
620 1782 
621 1782 
622 1782 
623 1782 
624 1782 
625 1782 
626 1782 
627 1782 
628 1782 
629 1782 
630 1782 
631 1782 
632 1782 
633 1782 
634 1782 
635 1782 
636 1782 
637 1782 
638 1782 
639 1782 
640 1782 
641 1782 
642 1782 
643 1782 
644 1782 
645 1782 
646 1782 
647 1782 
648 1782 
649 1782 
650 1782 
651 1782 
652 1782 
653 1782 
654 1782 
655 1782 
656 1782 
657 1782 
658 1782 
659 1782 
660 1782 
661 1782 
662 1782 
663 1782 
664 1782 
665 1782 
666 1782 
667 1782 
668 1782 
669 1782 
670 1782 
671 1782 
672 1782 
673 1782 
674 1782 
675 1782 
676 1782 
677 1782 
678 1782 
679 1782 
680 1782 
681 1782 
682 1782 
683 1782 
684 1782 
685 1782 
686 1782 
687 1782 
688 1782 
689 1782 
690 1782 
691 1782 
692 1782 
693 1782 
694 1782 
695 1782 
696 1782 
697 1782 
698 1782 
699 1782 
700 1782 
701 1782 
702 1782 
703 1782 
704 1782 
705 1782 
706 1782 
707 1782 
708 1782 
709 1782 
710 1782 
711 1782 
712 1782 
713 1782 
714 1782 
715 1782 
716 1782 
717 1782 
718 1782 
719 1782 
720 1782 
721 1782 
722 1782 
723 1782 
724 1782 
725 1782 
726 1782 
727 1782 
728 1782 
729 1782 
730 1782 
731 1782 
732 1782 
733 1782 
734 1782 
735 1782 
736 1782 
737 1782 
738 1782 
739 1782 
740 1782 
741 1782 
742 1782 
743 1782 
744 1782 
745 1782 
746 1782 
747 1782 
748 1782 
749 1782 
750 1782 
751 1782 
752 1782 
753 1782 
754 1782 
755 1782 
756 1782 
757 1782 
758 1782 
759 1782 
760 1782 
761 1782 
762 1782 
763 1782 
764 1782 
765 1782 
766 1782 
767 1782 
768 1782 
769 1782 
770 1782 
771 1782 
772 1782 
773 1782 
774 1782 
775 1782 
776 1782 
777 1782 
778 1782 
779 1782 
780 1782 
781 1782 
782 1782 
783 1782 
784 1782 
785 1782 
786 1782 
787 1782 
788 1782 
789 1782 
790 1782 
791 1782 
792 1782 
793 1782 
794 1782 
795 1782 
796 1782 
797 1782 
798 1782 
799 1782 
800 1782 
801 1782 
802 1782 
803 1782 
804 1782 
805 1782 
806 1782 
807 1782 
808 1782 
809 1782 
810 1782 
811 1782 
812 1782 
813 1782 
814 1782 
815 1782 
816 1782 
817 1782 
818 1782 
819 1782 
820 1782 
821 1782 
822 1782 
823 1782 
824 1782 
825 1782 
826 1782 
827 1782 
828 1782 
829 1782 
830 1782 
831 1782 
832 1782 
833 1782 
834 1782 
835 1782 
836 1782 
837 1782 
838 1782 
839 1782 
840 1782 
841 1782 
842 1782 
843 1782 
844 1782 
845 1782 
846 1782 
847 1782 
848 1782 
849 1782 
850 1782 
851 1782 
852 1782 
853 1782 
854 1782 
855 1782 
856 1782 
857 1782 
858 1782 
859 1782 
860 1782 
861 1782 
862 1782 
863 1782 
864 1782 
865 1782 
866 1782 
867 1782 
868 1782 
869 1782 
870 1782 
871 1782 
872 1782 
873 1782 
874 1782 
875 1782 
876 1782 
877 1782 
878 1782 
879 1782 
880 1782 
881 1782 
882 1782 
883 1782 
884 1782 
885 1782 
886 1782 
887 1782 
888 1782 
889 1782 
890 1782 
891 1782 
892 1782 
893 1782 
894 1782 
895 1782 
896 1782 
897 1782 
898 1782 
899 1782 
900 1782 
901 1782 
902 1782 
903 1782 
904 1782 
905 1782 
906 1782 
907 1782 
908 1782 
909 1782 
910 1782 
911 1782 
912 1782 
913 1782 
914 1782 
915 1782 
916 1782 
917 1782 
918 1782 
919 1782 
920 1782 
921 1782 
922 1782 
923 1782 
924 1782 
925 1782 
926 1782 
927 1782 
928 1782 
929 1782 
930 1782 
931 1782 
932 1782 
933 1782 
934 1782 
935 1782 
936 1782 
937 1782 
938 1782 
939 1782 
940 1782 
941 1782 
942 1782 
943 1782 
944 1782 
945 1782 
946 1782 
947 1782 
948 1782 
949 1782 
950 1782 
951 1782 
952 1782 
953 1782 
954 1782 
955 1782 
956 1782 
957 1782 
958 1782 
959 1782 
960 1782 
961 1782 
962 1782 
963 1782 
964 1782 
965 1782 
966 1782 
967 1782 
968 1782 
969 1782 
970 1782 
971 1782 
972 1782 
973 1782 
974 1782 
975 1782 
976 1782 
977 1782 
978 1782 
979 1782 
980 1782 
981 1782 
982 1782 
983 1782 
984 1782 
985 1782 
986 1782 
987 1782 
988 1782 
989 1782 
990 1782 
991 1782 
992 1782 
993 1782 
994 1782 
995 1782 
996 1782 
997 1782 
998 1782 
999 1782 
1000 1782 
1001 1782 
1002 1782 
1003 1782 
1004 1782 
1005 1782 
1006 1782 
1007 1782 
1008 1782 
1009 1782 
1010 1782 
1011 1782 
1012 1782 
1013 1782 
1014 1782 
1015 1782 
1016 1782 
1017 1782 
1018 1782 
1019 1782 
1020 1782 
1021 1782 
1022 1782 
1023 1782 
1024 1782 
1025 1782 
1026 1782 
1027 1782 
1028 1782 
1029 1782 
1030 1782 
1031 1782 
1032 1782 
1033 1782 
1034 1782 
1035 1782 
1036 1782 
1037 1782 
1038 1782 
1039 1782 
1040 1782 
1041 1782 
1042 1782 
1043 1782 
1044 1782 
1045 1782 
1046 1782 
1047 1782 
1048 1782 
1049 1782 
1050 1782 
1051 1782 
1052 1782 
1053 1782 
1054 1782 
1055 1782 
1056 1782 
1057 1782 
1058 1782 
1059 1782 
1060 1782 
1061 1782 
1062 1782 
1063 1782 
1064 1782 
1065 1782 
1066 1782 
1067 1782 
1068 1782 
1069 1782 
1070 1782 
1071 1782 
1072 1782 
1073 1782 
1074 1782 
1075 1782 
1076 1782 
1077 1782 
1078 1782 
1079 1782 
1080 1782 
1081 1782 
1082 1782 
1083 1782 
1084 1782 
1085 1782 
1086 1782 
1087 1782 
1088 1782 
1089 1782 
1090 1782 
1091 1782 
1092 1782 
1093 1782 
1094 1782 
1095 1782 
1096 1782 
1097 1782 
1098 1782 
1099 1782 
1100 1782 
1101 1782 
1102 1782 
1103 1782 
1104 1782 
1105 1782 
1106 1782 
1107 1782 
1108 1782 
1109 1782 
1110 1782 
1111 1782 
1112 1782 
1113 1782 
1114 1782 
1115 1782 
1116 1782 
1117 1782 
1118 1782 
1119 1782 
1120 1782 
1121 1782 
1122 1782 
1123 1782 
1124 1782 
1125 1782 
1126 1782 
1127 1782 
1128 1782 
1129 1782 
1130 1782 
1131 1782 
1132 1782 
1133 1782 
1134 1782 
1135 1782 
1136 1782 
1137 1782 
1138 1782 
1139 1782 
1140 1782 
1141 1782 
1142 1782 
1143 1782 
1144 1782 
1145 1782 
1146 1782 
1147 1782 
1148 1782 
1149 1782 
1150 1782 
1151 1782 
1152 1782 
1153 1782 
1154 1782 
1155 1782 
1156 1782 
1157 1782 
1158 1782 
1159 1782 
1160 1782 
1161 1782 
1162 1782 
1163 1782 
1164 1782 
1165 1782 
1166 1782 
1167 1782 
1168 1782 
1169 1782 
1170 1782 
1171 1782 
1172 1782 
1173 1782 
1174 1782 
1175 1782 
1176 1782 
1177 1782 
1178 1782 
1179 1782 
1180 1782 
1181 1782 
1182 1782 
1183 1782 
1184 1782 
1185 1782 
1186 1782 
1187 1782 
1188 1782 
1189 1782 
1190 1782 
1191 1782 
1192 1782 
1193 1782 
1194 1782 
1195 1782 
1196 1782 
1197 1782 
1198 1782 
1199 1782 
1200 1782 
1201 1782 
1202 1782 
1203 1782 
1204 1782 
1205 1782 
1206 1782 
1207 1782 
1208 1782 
1209 1782 
1210 1782 
1211 1782 
1212 1782 
1213 1782 
1214 1782 
1215 1782 
1216 1782 
1217 1782 
1218 1782 
1219 1782 
1220 1782 
1221 1782 
1222 1782 
1223 1782 
1224 1782 
1225 1782 
1226 1782 
1227 1782 
1228 1782 
1229 1782 
1230 1782 
1231 1782 
1232 1782 
1233 1782 
1234 1782 
1235 1782 
1236 1782 
1237 1782 
1238 1782 
1239 1782 
1240 1782 
1241 1782 
1242 1782 
1243 1782 
1244 1782 
1245 1782 
1246 1782 
1247 1782 
1248 1782 
1249 1782 
1250 1782 
1251 1782 
1252 1782 
1253 1782 
1254 1782 
1255 1782 
1256 1782 
1257 1782 
1258 1782 
1259 1782 
1260 1782 
1261 1782 
1262 1782 
1263 1782 
1264 1782 
1265 1782 
1266 1782 
1267 1782 
1268 1782 
1269 1782 
1270 1782 
1271 1782 
1272 1782 
1273 1782 
1274 1782 
1275 1782 
1276 1782 
1277 1782 
1278 1782 
1279 1782 
1280 1782 
1281 1782 
1282 1782 
1283 1782 
1284 1782 
1285 1782 
1286 1782 
1287 1782 
1288 1782 
1289 1782 
1290 1782 
1291 1782 
1292 1782 
1293 1782 
1294 1782 
1295 1782 
1296 1782 
1297 1782 
1298 1782 
1299 1782 
1300 1782 
1301 1782 
1302 1782 
1303 1782 
1304 1782 
1305 1782 
1306 1782 
1307 1782 
1308 1782 
1309 1782 
1310 1782 
1311 1782 
1312 1782 
1313 1782 
1314 1782 
1315 1782 
1316 1782 
1317 1782 
1318 1782 
1319 1782 
1320 1782 
1321 1782 
1322 1782 
1323 1782 
1324 1782 
1325 1782 
1326 1782 
1327 1782 
1328 1782 
1329 1782 
1330 1782 
1331 1782 
1332 1782 
1333 1782 
1334 1782 
1335 1782 
1336 1782 
1337 1782 
1338 1782 
1339 1782 
1340 1782 
1341 1782 
1342 1782 
1343 1782 
1344 1782 
1345 1782 
1346 1782 
1347 1782 
1348 1782 
1349 1782 
1350 1782 
1351 1782 
1352 1782 
1353 1782 
1354 1782 
1355 1782 
1356 1782 
1357 1782 
1358 1782 
1359 1782 
1360 1782 
1361 1782 
1362 1782 
1363 1782 
1364 1782 
1365 1782 
1366 1782 
1367 1782 
1368 1782 
1369 1782 
1370 1782 
1371 1782 
1372 1782 
1373 1782 
1374 1782 
1375 1782 
1376 1782 
1377 1782 
1378 1782 
1379 1782 
1380 1782 
1381 1782 
1382 1782 
1383 1782 
1384 1782 
1385 1782 
1386 1782 
1387 1782 
1388 1782 
1389 1782 
1390 1782 
1391 1782 
1392 1782 
1393 1782 
1394 1782 
1395 1782 
1396 1782 
1397 1782 
1398 1782 
1399 1782 
1400 1782 
1401 1782 
1402 1782 
1403 1782 
1404 1782 
1405 1782 
1406 1782 
1407 1782 
1408 1782 
1409 1782 
1410 1782 
1411 1782 
1412 1782 
1413 1782 
1414 1782 
1415 1782 
1416 1782 
1417 1782 
1418 1782 
1419 1782 
1420 1782 
1421 1782 
1422 1782 
1423 1782 
1424 1782 
1425 1782 
1426 1782 
1427 1782 
1428 1782 
1429 1782 
1430 1782 
1431 1782 
1432 1782 
1433 1782 
1434 1782 
1435 1782 
1436 1782 
1437 1782 
1438 1782 
1439 1782 
1440 1782 
1441 1782 
1442 1782 
1443 1782 
1444 1782 
1445 1782 
1446 1782 
1447 1782 
1448 1782 
1449 1782 
1450 1782 
1451 1782 
1452 1782 
1453 1782 
1454 1782 
1455 1782 
1456 1782 
1457 1782 
1458 1782 
1459 1782 
1460 1782 
1461 1782 
1462 1782 
1463 1782 
1464 1782 
1465 1782 
1466 1782 
1467 1782 
1468 1782 
1469 1782 
1470 1782 
1471 1782 
1472 1782 
1473 1782 
1474 1782 
1475 1782 
1476 1782 
1477 1782 
1478 1782 
1479 1782 
1480 1782 
1481 1782 
1482 1782 
1483 1782 
1484 1782 
1485 1782 
1486 1782 
1487 1782 
1488 1782 
1489 1782 
1490 1782 
1491 1782 
1492 1782 
1493 1782 
1494 1782 
1495 1782 
1496 1782 
1497 1782 
1498 1782 
1499 1782 
1500 1782 
1501 1782 
1502 1782 
1503 1782 
1504 1782 
1505 1782 
1506 1782 
1507 1782 
1508 1782 
1509 1782 
1510 1782 
1511 1782 
1512 1782 
1513 1782 
1514 1782 
1515 1782 
1516 1782 
1517 1782 
1518 1782 
1519 1782 
1520 1782 
1521 1782 
1522 1782 
1523 1782 
1524 1782 
1525 1782 
1526 1782 
1527 1782 
1528 1782 
1529 1782 
1530 1782 
1531 1782 
1532 1782 
1533 1782 
1534 1782 
1535 1782 
1536 1782 
1537 1782 
1538 1782 
1539 1782 
1540 1782 
1541 1782 
1542 1782 
1543 1782 
1544 1782 
1545 1782 
1546 1782 
1547 1782 
1548 1782 
1549 1782 
1550 1782 
1551 1782 
1552 1782 
1553 1782 
1554 1782 
1555 1782 
1556 1782 
1557 1782 
1558 1782 
1559 1782 
1560 1782 
1561 1782 
1562 1782 
1563 1782 
1564 1782 
1565 1782 
1566 1782 
1567 1782 
1568 1782 
1569 1782 
1570 1782 
1571 1782 
1572 1782 
1573 1782 
1574 1782 
1575 1782 
1576 1782 
1577 1782 
1578 1782 
1579 1782 
1580 1782 
1581 1782 
1582 1782 
1583 1782 
1584 1782 
1585 1782 
1586 1782 
1587 1782 
1588 1782 
1589 1782 
1590 1782 
1591 1782 
1592 1782 
1593 1782 
1594 1782 
1595 1782 
1596 1782 
1597 1782 
1598 1782 
1599 1782 
1600 1782 
1601 1782 
1602 1782 
1603 1782 
1604 1782 
1605 1782 
1606 1782 
1607 1782 
1608 1782 
1609 1782 
1610 1782 
1611 1782 
1612 1782 
1613 1782 
1614 1782 
1615 1782 
1616 1782 
1617 1782 
1618 1782 
1619 1782 
1620 1782 
1621 1782 
1622 1782 
1623 1782 
1624 1782 
1625 1782 
1626 1782 
1627 1782 
1628 1782 
1629 1782 
1630 1782 
1631 1782 
1632 1782 
1633 1782 
1634 1782 
1635 1782 
1636 1782 
1637 1782 
1638 1782 
1639 1782 
1640 1782 
1641 1782 
1642 1782 
1643 1782 
1644 1782 
1645 1782 
1646 1782 
1647 1782 
1648 1782 
1649 1782 
1650 1782 
1651 1782 
1652 1782 
1653 1782 
1654 1782 
1655 1782 
1656 1782 
1657 1782 
1658 1782 
1659 1782 
1660 1782 
1661 1782 
1662 1782 
1663 1782 
1664 1782 
1665 1782 
1666 1782 
1667 1782 
1668 1782 
1669 1782 
1670 1782 
1671 1782 
1672 1782 
1673 1782 
1674 1782 
1675 1782 
1676 1782 
1677 1782 
1678 1782 
1679 1782 
1680 1782 
1681 1782 
1682 1782 
1683 1782 
1684 1782 
1685 1782 
1686 1782 
1687 1782 
1688 1782 
1689 1782 
1690 1782 
1691 1782 
1692 1782 
1693 1782 
1694 1782 
1695 1782 
1696 1782 
1697 1782 
1698 1782 
1699 1782 
1700 1782 
1701 1782 
1702 1782 
1703 1782 
1704 1782 
1705 1782 
1706 1782 
1707 1782 
1708 1782 
1709 1782 
1710 1782 
1711 1782 
1712 1782 
1713 1782 
1714 1782 
1715 1782 
1716 1782 
1717 1782 
1718 1782 
1719 1782 
1720 1782 
1721 1782 
1722 1782 
1723 1782 
1724 1782 
1725 1782 
1726 1782 
1727 1782 
1728 1782 
1729 1782 
1730 1782 
1731 1782 
1732 1782 
1733 1782 
1734 1782 
1735 1782 
1736 1782 
1737 1782 
1738 1782 
1739 1782 
1740 1782 
1741 1782 
1742 1782 
1743 1782 
1744 1782 
1745 1782 
1746 1782 
1747 1782 
1748 1782 
1749 1782 
1750 1782 
1751 1782 
1752 1782 
1753 1782 
1754 1782 
1755 1782 
1756 1782 
1757 1782 
1758 1782 
1759 1782 
1760 1782 
1761 1782 
1762 1782 
1763 1782 
1764 1782 
1765 1782 
1766 1782 
1767 1782 
1768 1782 
1769 1782 
1770 1782 
1771 1782 
1772 1782 
1773 1782 
1774 1782 
1775 1782 
1776 1782 
1777 1782 
1778 1782 
1779 1782 
1780 1782 
1781 1782 

