0 1746 
1 1742 
2 1742 
3 1738 
4 1722 
5 1714 
6 1686 
7 1682 
8 1674 
9 1662 
10 1658 
11 1646 
12 1642 
13 1638 
14 1632 
15 1630 
16 1622 
17 1614 
18 1604 
19 1604 
20 1600 
21 1584 
22 1582 
23 1576 
24 1572 
25 1570 
26 1566 
27 1564 
28 1564 
29 1556 
30 1552 
31 1542 
32 1534 
33 1528 
34 1522 
35 1516 
36 1514 
37 1502 
38 1500 
39 1492 
40 1488 
41 1476 
42 1440 
43 1436 
44 1420 
45 1414 
46 1406 
47 1398 
48 1396 
49 1376 
50 1374 
51 1358 
52 1332 
53 1316 
54 1300 
55 1254 
56 1248 
57 1240 
58 1240 

