0 2274 
1 2264 
2 2252 
3 2248 
4 2232 
5 2212 
6 2204 
7 2200 
8 2192 
9 2172 
10 2166 
11 2162 
12 2142 
13 2122 
14 2114 
15 2102 
16 2098 
17 2088 
18 2088 
19 2084 
20 2072 
21 2072 
22 2046 
23 2040 
24 2040 
25 2036 
26 2032 
27 2024 
28 2022 
29 2018 
30 2016 
31 2004 
32 1998 
33 1996 
34 1992 
35 1986 
36 1982 
37 1978 
38 1966 
39 1958 
40 1954 
41 1946 
42 1922 
43 1914 
44 1900 
45 1896 
46 1892 
47 1884 
48 1874 
49 1870 
50 1860 
51 1832 
52 1820 
53 1812 
54 1812 
55 1802 
56 1802 
57 1802 
58 1802 
59 1802 
60 1802 
61 1802 
62 1802 
63 1802 
64 1802 
65 1802 
66 1802 
67 1802 
68 1802 
69 1802 
70 1802 
71 1802 
72 1802 
73 1802 
74 1802 
75 1802 
76 1802 
77 1802 
78 1802 
79 1802 
80 1802 
81 1802 
82 1802 
83 1802 
84 1802 
85 1802 
86 1802 
87 1802 
88 1802 
89 1802 
90 1802 
91 1802 
92 1802 
93 1802 
94 1802 
95 1802 
96 1802 
97 1802 
98 1802 
99 1802 
100 1802 
101 1802 
102 1802 
103 1802 
104 1802 
105 1802 
106 1802 
107 1802 
108 1802 
109 1802 
110 1802 
111 1802 
112 1802 
113 1802 
114 1802 
115 1802 
116 1802 
117 1802 
118 1802 
119 1802 
120 1802 
121 1802 
122 1802 
123 1802 
124 1802 
125 1802 
126 1802 
127 1802 
128 1802 
129 1802 
130 1802 
131 1802 
132 1802 
133 1802 
134 1802 
135 1802 
136 1802 
137 1802 
138 1802 
139 1802 
140 1802 
141 1802 
142 1802 
143 1802 
144 1802 
145 1802 
146 1802 
147 1802 
148 1802 
149 1802 
150 1802 
151 1802 
152 1802 
153 1802 
154 1802 
155 1802 
156 1802 
157 1802 
158 1802 
159 1802 
160 1802 
161 1802 
162 1802 
163 1802 
164 1802 
165 1802 
166 1802 
167 1802 
168 1802 
169 1802 
170 1802 
171 1802 
172 1802 
173 1802 
174 1802 
175 1802 
176 1802 
177 1802 
178 1802 
179 1802 
180 1802 
181 1802 
182 1802 
183 1802 
184 1802 
185 1802 
186 1802 
187 1802 
188 1802 
189 1802 
190 1802 
191 1802 
192 1802 
193 1802 
194 1802 
195 1802 
196 1802 
197 1802 
198 1802 
199 1802 
200 1802 
201 1802 
202 1802 
203 1802 
204 1802 
205 1802 
206 1802 
207 1802 
208 1802 
209 1802 
210 1802 
211 1802 
212 1802 
213 1802 
214 1802 
215 1802 
216 1802 
217 1802 
218 1802 
219 1802 
220 1802 
221 1802 
222 1802 
223 1802 
224 1802 
225 1802 
226 1802 
227 1802 
228 1802 
229 1802 
230 1802 
231 1802 
232 1802 
233 1802 
234 1802 
235 1802 
236 1802 
237 1802 
238 1802 
239 1802 
240 1802 
241 1802 
242 1802 
243 1802 
244 1802 
245 1802 
246 1802 
247 1802 
248 1802 
249 1802 
250 1802 
251 1802 
252 1802 
253 1802 
254 1802 
255 1802 
256 1802 
257 1802 
258 1802 
259 1802 
260 1802 
261 1802 
262 1802 
263 1802 
264 1802 
265 1802 
266 1802 
267 1802 
268 1802 
269 1802 
270 1802 
271 1802 
272 1802 
273 1802 
274 1802 
275 1802 
276 1802 
277 1802 
278 1802 
279 1802 
280 1802 
281 1802 
282 1802 
283 1802 
284 1802 
285 1802 
286 1802 
287 1802 
288 1802 
289 1802 
290 1802 
291 1802 
292 1802 
293 1802 
294 1802 
295 1802 
296 1802 
297 1802 
298 1802 
299 1802 
300 1802 
301 1802 
302 1802 
303 1802 
304 1802 
305 1802 
306 1802 
307 1802 
308 1802 
309 1802 
310 1802 
311 1802 
312 1802 
313 1802 
314 1802 
315 1802 
316 1802 
317 1802 
318 1802 
319 1802 
320 1802 
321 1802 
322 1802 
323 1802 
324 1802 
325 1802 
326 1802 
327 1802 
328 1802 
329 1802 
330 1802 
331 1802 
332 1802 
333 1802 
334 1802 
335 1802 
336 1802 
337 1802 
338 1802 
339 1802 
340 1802 
341 1802 
342 1802 
343 1802 
344 1802 
345 1802 
346 1802 
347 1802 
348 1802 
349 1802 
350 1802 
351 1802 
352 1802 
353 1802 
354 1802 
355 1802 
356 1802 
357 1802 
358 1802 
359 1802 
360 1802 
361 1802 
362 1802 
363 1802 
364 1802 
365 1802 
366 1802 
367 1802 
368 1802 
369 1802 
370 1802 
371 1802 
372 1802 
373 1802 
374 1802 
375 1802 
376 1802 
377 1802 
378 1802 
379 1802 
380 1802 
381 1802 
382 1802 
383 1802 
384 1802 
385 1802 
386 1802 
387 1802 
388 1802 
389 1802 
390 1802 
391 1802 
392 1802 
393 1802 
394 1802 
395 1802 
396 1802 
397 1802 
398 1802 
399 1802 
400 1802 
401 1802 
402 1802 
403 1802 
404 1802 
405 1802 
406 1802 
407 1802 
408 1802 
409 1802 
410 1802 
411 1802 
412 1802 
413 1802 
414 1802 
415 1802 
416 1802 
417 1802 
418 1802 
419 1802 
420 1802 
421 1802 
422 1802 
423 1802 
424 1802 
425 1802 
426 1802 
427 1802 
428 1802 
429 1802 
430 1802 
431 1802 
432 1802 
433 1802 
434 1802 
435 1802 
436 1802 
437 1802 
438 1802 
439 1802 
440 1802 
441 1802 
442 1802 
443 1802 
444 1802 
445 1802 
446 1802 
447 1802 
448 1802 
449 1802 
450 1802 
451 1802 
452 1802 
453 1802 
454 1802 
455 1802 
456 1802 
457 1802 
458 1802 
459 1802 
460 1802 
461 1802 
462 1802 
463 1802 
464 1802 
465 1802 
466 1802 
467 1802 
468 1802 
469 1802 
470 1802 
471 1802 
472 1802 
473 1802 
474 1802 
475 1802 
476 1802 
477 1802 
478 1802 
479 1802 
480 1802 
481 1802 
482 1802 
483 1802 
484 1802 
485 1802 
486 1802 
487 1802 
488 1802 
489 1802 
490 1802 
491 1802 
492 1802 
493 1802 
494 1802 
495 1802 
496 1802 
497 1802 
498 1802 
499 1802 
500 1802 
501 1802 
502 1802 
503 1802 
504 1802 
505 1802 
506 1802 
507 1802 
508 1802 
509 1802 
510 1802 
511 1802 
512 1802 
513 1802 
514 1802 
515 1802 
516 1802 
517 1802 
518 1802 
519 1802 
520 1802 
521 1802 
522 1802 
523 1802 
524 1802 
525 1802 
526 1802 
527 1802 
528 1802 
529 1802 
530 1802 
531 1802 
532 1802 
533 1802 
534 1802 
535 1802 
536 1802 
537 1802 
538 1802 
539 1802 
540 1802 
541 1802 
542 1802 
543 1802 
544 1802 
545 1802 
546 1802 
547 1802 
548 1802 
549 1802 
550 1802 
551 1802 
552 1802 
553 1802 
554 1802 
555 1802 
556 1802 
557 1802 
558 1802 
559 1802 
560 1802 
561 1802 
562 1802 
563 1802 
564 1802 
565 1802 
566 1802 
567 1802 
568 1802 
569 1802 
570 1802 
571 1802 
572 1802 
573 1802 
574 1802 
575 1802 
576 1802 
577 1802 
578 1802 
579 1802 
580 1802 
581 1802 
582 1802 
583 1802 
584 1802 
585 1802 
586 1802 
587 1802 
588 1802 
589 1802 
590 1802 
591 1802 
592 1802 
593 1802 
594 1802 
595 1802 
596 1802 
597 1802 
598 1802 
599 1802 
600 1802 
601 1802 
602 1802 
603 1802 
604 1802 
605 1802 
606 1802 
607 1802 
608 1802 
609 1802 
610 1802 
611 1802 
612 1802 
613 1802 
614 1802 
615 1802 
616 1802 
617 1802 
618 1802 
619 1802 
620 1802 
621 1802 
622 1802 
623 1802 
624 1802 
625 1802 
626 1802 
627 1802 
628 1802 
629 1802 
630 1802 
631 1802 
632 1802 
633 1802 
634 1802 
635 1802 
636 1802 
637 1802 
638 1802 
639 1802 
640 1802 
641 1802 
642 1802 
643 1802 
644 1802 
645 1802 
646 1802 
647 1802 
648 1802 
649 1802 
650 1802 
651 1802 
652 1802 
653 1802 
654 1802 
655 1802 
656 1802 
657 1802 
658 1802 
659 1802 
660 1802 
661 1802 
662 1802 
663 1802 
664 1802 
665 1802 
666 1802 
667 1802 
668 1802 
669 1802 
670 1802 
671 1802 
672 1802 
673 1802 
674 1802 
675 1802 
676 1802 
677 1802 
678 1802 
679 1802 
680 1802 
681 1802 
682 1802 
683 1802 
684 1802 
685 1802 
686 1802 
687 1802 
688 1802 
689 1802 
690 1802 
691 1802 
692 1802 
693 1802 
694 1802 
695 1802 
696 1802 
697 1802 
698 1802 
699 1802 
700 1802 
701 1802 
702 1802 
703 1802 
704 1802 
705 1802 
706 1802 
707 1802 
708 1802 
709 1802 
710 1802 
711 1802 
712 1802 
713 1802 
714 1802 
715 1802 
716 1802 
717 1802 
718 1802 
719 1802 
720 1802 
721 1802 
722 1802 
723 1802 
724 1802 
725 1802 
726 1802 
727 1802 
728 1802 
729 1802 
730 1802 
731 1802 
732 1802 
733 1802 
734 1802 
735 1802 
736 1802 
737 1802 
738 1802 
739 1802 
740 1802 
741 1802 
742 1802 
743 1802 
744 1802 
745 1802 
746 1802 
747 1802 
748 1802 
749 1802 
750 1802 
751 1802 
752 1802 
753 1802 
754 1802 
755 1802 
756 1802 
757 1802 
758 1802 
759 1802 
760 1802 
761 1802 
762 1802 
763 1802 
764 1802 
765 1802 
766 1802 
767 1802 
768 1802 
769 1802 
770 1802 
771 1802 
772 1802 
773 1802 
774 1802 
775 1802 
776 1802 
777 1802 
778 1802 
779 1802 
780 1802 
781 1802 
782 1802 
783 1802 
784 1802 
785 1802 
786 1802 
787 1802 
788 1802 
789 1802 
790 1802 
791 1802 
792 1802 
793 1802 
794 1802 
795 1802 
796 1802 
797 1802 
798 1802 
799 1802 
800 1802 
801 1802 
802 1802 
803 1802 
804 1802 
805 1802 
806 1802 
807 1802 
808 1802 
809 1802 
810 1802 
811 1802 
812 1802 
813 1802 
814 1802 
815 1802 
816 1802 
817 1802 
818 1802 
819 1802 
820 1802 
821 1802 
822 1802 
823 1802 
824 1802 
825 1802 
826 1802 
827 1802 
828 1802 
829 1802 
830 1802 
831 1802 
832 1802 
833 1802 
834 1802 
835 1802 
836 1802 
837 1802 
838 1802 
839 1802 
840 1802 
841 1802 
842 1802 
843 1802 
844 1802 
845 1802 
846 1802 
847 1802 
848 1802 
849 1802 
850 1802 
851 1802 
852 1802 
853 1802 
854 1802 
855 1802 
856 1802 
857 1802 
858 1802 
859 1802 
860 1802 
861 1802 
862 1802 
863 1802 
864 1802 
865 1802 
866 1802 
867 1802 
868 1802 
869 1802 
870 1802 
871 1802 
872 1802 
873 1802 
874 1802 
875 1802 
876 1802 
877 1802 
878 1802 
879 1802 
880 1802 
881 1802 
882 1802 
883 1802 
884 1802 
885 1802 
886 1802 
887 1802 
888 1802 
889 1802 
890 1802 
891 1802 
892 1802 
893 1802 
894 1802 
895 1802 
896 1802 
897 1802 
898 1802 
899 1802 
900 1802 
901 1802 
902 1802 
903 1802 
904 1802 
905 1802 
906 1802 
907 1802 
908 1802 
909 1802 
910 1802 
911 1802 
912 1802 
913 1802 
914 1802 
915 1802 
916 1802 
917 1802 
918 1802 
919 1802 
920 1802 
921 1802 
922 1802 
923 1802 
924 1802 
925 1802 
926 1802 
927 1802 
928 1802 
929 1802 
930 1802 
931 1802 
932 1802 
933 1802 
934 1802 
935 1802 
936 1802 
937 1802 
938 1802 
939 1802 
940 1802 
941 1802 
942 1802 
943 1802 
944 1802 
945 1802 
946 1802 
947 1802 
948 1802 
949 1802 
950 1802 
951 1802 
952 1802 
953 1802 
954 1802 
955 1802 
956 1802 
957 1802 
958 1802 
959 1802 
960 1802 
961 1802 
962 1802 
963 1802 
964 1802 
965 1802 
966 1802 
967 1802 
968 1802 
969 1802 
970 1802 
971 1802 
972 1802 
973 1802 
974 1802 
975 1802 
976 1802 
977 1802 
978 1802 
979 1802 
980 1802 
981 1802 
982 1802 
983 1802 
984 1802 
985 1802 
986 1802 
987 1802 
988 1802 
989 1802 
990 1802 
991 1802 
992 1802 
993 1802 
994 1802 
995 1802 
996 1802 
997 1802 
998 1802 
999 1802 
1000 1802 
1001 1802 
1002 1802 
1003 1802 
1004 1802 
1005 1802 
1006 1802 
1007 1802 
1008 1802 
1009 1802 
1010 1802 
1011 1802 
1012 1802 
1013 1802 
1014 1802 
1015 1802 
1016 1802 
1017 1802 
1018 1802 
1019 1802 
1020 1802 
1021 1802 
1022 1802 
1023 1802 
1024 1802 
1025 1802 
1026 1802 
1027 1802 
1028 1802 
1029 1802 
1030 1802 
1031 1802 
1032 1802 
1033 1802 
1034 1802 
1035 1802 
1036 1802 
1037 1802 
1038 1802 
1039 1802 
1040 1802 
1041 1802 
1042 1802 
1043 1802 
1044 1802 
1045 1802 
1046 1802 
1047 1802 
1048 1802 
1049 1802 
1050 1802 
1051 1802 
1052 1802 
1053 1802 
1054 1802 
1055 1802 
1056 1802 
1057 1802 
1058 1802 
1059 1802 
1060 1802 
1061 1802 
1062 1802 
1063 1802 
1064 1802 
1065 1802 
1066 1802 
1067 1802 
1068 1802 
1069 1802 
1070 1802 
1071 1802 
1072 1802 
1073 1802 
1074 1802 
1075 1802 
1076 1802 
1077 1802 
1078 1802 
1079 1802 
1080 1802 
1081 1802 
1082 1802 
1083 1802 
1084 1802 
1085 1802 
1086 1802 
1087 1802 
1088 1802 
1089 1802 
1090 1802 
1091 1802 
1092 1802 
1093 1802 
1094 1802 
1095 1802 
1096 1802 
1097 1802 
1098 1802 
1099 1802 
1100 1802 
1101 1802 
1102 1802 
1103 1802 
1104 1802 
1105 1802 
1106 1802 
1107 1802 
1108 1802 
1109 1802 
1110 1802 
1111 1802 
1112 1802 
1113 1802 
1114 1802 
1115 1802 
1116 1802 
1117 1802 
1118 1802 
1119 1802 
1120 1802 
1121 1802 
1122 1802 
1123 1802 
1124 1802 
1125 1802 
1126 1802 
1127 1802 
1128 1802 
1129 1802 
1130 1802 
1131 1802 
1132 1802 
1133 1802 
1134 1802 
1135 1802 
1136 1802 
1137 1802 
1138 1802 
1139 1802 
1140 1802 
1141 1802 
1142 1802 
1143 1802 
1144 1802 
1145 1802 
1146 1802 
1147 1802 
1148 1802 
1149 1802 
1150 1802 
1151 1802 
1152 1802 
1153 1802 
1154 1802 
1155 1802 
1156 1802 
1157 1802 
1158 1802 
1159 1802 
1160 1802 
1161 1802 
1162 1802 
1163 1802 
1164 1802 
1165 1802 
1166 1802 
1167 1802 
1168 1802 
1169 1802 
1170 1802 
1171 1802 
1172 1802 
1173 1802 
1174 1802 
1175 1802 
1176 1802 
1177 1802 
1178 1802 
1179 1802 
1180 1802 
1181 1802 
1182 1802 
1183 1802 
1184 1802 
1185 1802 
1186 1802 
1187 1802 
1188 1802 
1189 1802 
1190 1802 
1191 1802 
1192 1802 
1193 1802 
1194 1802 
1195 1802 
1196 1802 
1197 1802 
1198 1802 
1199 1802 
1200 1802 
1201 1802 
1202 1802 
1203 1802 
1204 1802 
1205 1802 
1206 1802 
1207 1802 
1208 1802 
1209 1802 
1210 1802 
1211 1802 
1212 1802 
1213 1802 
1214 1802 
1215 1802 
1216 1802 
1217 1802 
1218 1802 
1219 1802 
1220 1802 
1221 1802 
1222 1802 
1223 1802 
1224 1802 
1225 1802 
1226 1802 
1227 1802 
1228 1802 
1229 1802 
1230 1802 
1231 1802 
1232 1802 
1233 1802 
1234 1802 
1235 1802 
1236 1802 
1237 1802 
1238 1802 
1239 1802 
1240 1802 
1241 1802 
1242 1802 
1243 1802 
1244 1802 
1245 1802 
1246 1802 
1247 1802 
1248 1802 
1249 1802 
1250 1802 
1251 1802 
1252 1802 
1253 1802 
1254 1802 
1255 1802 
1256 1802 
1257 1802 
1258 1802 
1259 1802 
1260 1802 
1261 1802 
1262 1802 
1263 1802 
1264 1802 
1265 1802 
1266 1802 
1267 1802 
1268 1802 
1269 1802 
1270 1802 
1271 1802 
1272 1802 
1273 1802 
1274 1802 
1275 1802 
1276 1802 
1277 1802 
1278 1802 
1279 1802 
1280 1802 
1281 1802 
1282 1802 
1283 1802 
1284 1802 
1285 1802 
1286 1802 
1287 1802 
1288 1802 
1289 1802 
1290 1802 
1291 1802 
1292 1802 
1293 1802 
1294 1802 
1295 1802 
1296 1802 
1297 1802 
1298 1802 
1299 1802 
1300 1802 
1301 1802 
1302 1802 
1303 1802 
1304 1802 
1305 1802 
1306 1802 
1307 1802 
1308 1802 
1309 1802 
1310 1802 
1311 1802 
1312 1802 
1313 1802 
1314 1802 
1315 1802 
1316 1802 
1317 1802 
1318 1802 
1319 1802 
1320 1802 
1321 1802 
1322 1802 
1323 1802 
1324 1802 
1325 1802 
1326 1802 
1327 1802 
1328 1802 
1329 1802 
1330 1802 
1331 1802 
1332 1802 
1333 1802 
1334 1802 
1335 1802 
1336 1802 
1337 1802 
1338 1802 
1339 1802 
1340 1802 
1341 1802 
1342 1802 
1343 1802 
1344 1802 
1345 1802 
1346 1802 
1347 1802 
1348 1802 
1349 1802 
1350 1802 
1351 1802 
1352 1802 
1353 1802 
1354 1802 
1355 1802 
1356 1802 
1357 1802 
1358 1802 
1359 1802 
1360 1802 
1361 1802 
1362 1802 
1363 1802 
1364 1802 
1365 1802 
1366 1802 
1367 1802 
1368 1802 
1369 1802 
1370 1802 
1371 1802 
1372 1802 
1373 1802 
1374 1802 
1375 1802 
1376 1802 
1377 1802 
1378 1802 
1379 1802 
1380 1802 
1381 1802 
1382 1802 
1383 1802 
1384 1802 
1385 1802 
1386 1802 
1387 1802 
1388 1802 
1389 1802 
1390 1802 
1391 1802 
1392 1802 
1393 1802 
1394 1802 
1395 1802 
1396 1802 
1397 1802 
1398 1802 
1399 1802 
1400 1802 
1401 1802 
1402 1802 
1403 1802 
1404 1802 
1405 1802 
1406 1802 
1407 1802 
1408 1802 
1409 1802 
1410 1802 
1411 1802 
1412 1802 
1413 1802 
1414 1802 
1415 1802 
1416 1802 
1417 1802 
1418 1802 
1419 1802 
1420 1802 
1421 1802 
1422 1802 
1423 1802 
1424 1802 
1425 1802 
1426 1802 
1427 1802 
1428 1802 
1429 1802 
1430 1802 
1431 1802 
1432 1802 
1433 1802 
1434 1802 
1435 1802 
1436 1802 
1437 1802 
1438 1802 
1439 1802 
1440 1802 
1441 1802 
1442 1802 
1443 1802 
1444 1802 
1445 1802 
1446 1802 
1447 1802 
1448 1802 
1449 1802 
1450 1802 
1451 1802 
1452 1802 
1453 1802 
1454 1802 
1455 1802 
1456 1802 
1457 1802 
1458 1802 
1459 1802 
1460 1802 
1461 1802 
1462 1802 
1463 1802 
1464 1802 
1465 1802 
1466 1802 
1467 1802 
1468 1802 
1469 1802 
1470 1802 
1471 1802 
1472 1802 
1473 1802 
1474 1802 
1475 1802 
1476 1802 
1477 1802 
1478 1802 
1479 1802 
1480 1802 
1481 1802 
1482 1802 
1483 1802 
1484 1802 
1485 1802 
1486 1802 
1487 1802 
1488 1802 
1489 1802 
1490 1802 
1491 1802 
1492 1802 
1493 1802 
1494 1802 
1495 1802 
1496 1802 
1497 1802 
1498 1802 
1499 1802 
1500 1802 
1501 1802 
1502 1802 
1503 1802 
1504 1802 
1505 1802 
1506 1802 
1507 1802 
1508 1802 
1509 1802 
1510 1802 
1511 1802 
1512 1802 
1513 1802 
1514 1802 
1515 1802 
1516 1802 
1517 1802 
1518 1802 
1519 1802 
1520 1802 
1521 1802 
1522 1802 
1523 1802 
1524 1802 
1525 1802 
1526 1802 
1527 1802 
1528 1802 
1529 1802 
1530 1802 
1531 1802 
1532 1802 
1533 1802 
1534 1802 
1535 1802 
1536 1802 
1537 1802 
1538 1802 
1539 1802 
1540 1802 
1541 1802 
1542 1802 
1543 1802 
1544 1802 
1545 1802 
1546 1802 
1547 1802 
1548 1802 
1549 1802 
1550 1802 
1551 1802 
1552 1802 
1553 1802 
1554 1802 
1555 1802 
1556 1802 
1557 1802 
1558 1802 
1559 1802 
1560 1802 
1561 1802 
1562 1802 
1563 1802 
1564 1802 
1565 1802 
1566 1802 
1567 1802 
1568 1802 
1569 1802 
1570 1802 
1571 1802 
1572 1802 
1573 1802 
1574 1802 
1575 1802 
1576 1802 
1577 1802 
1578 1802 
1579 1802 
1580 1802 
1581 1802 
1582 1802 
1583 1802 
1584 1802 
1585 1802 
1586 1802 
1587 1802 
1588 1802 
1589 1802 
1590 1802 
1591 1802 
1592 1802 
1593 1802 
1594 1802 
1595 1802 
1596 1802 
1597 1802 
1598 1802 
1599 1802 
1600 1802 
1601 1802 
1602 1802 
1603 1802 
1604 1802 
1605 1802 
1606 1802 
1607 1802 
1608 1802 
1609 1802 
1610 1802 
1611 1802 
1612 1802 
1613 1802 
1614 1802 
1615 1802 
1616 1802 
1617 1802 
1618 1802 
1619 1802 
1620 1802 
1621 1802 
1622 1802 
1623 1802 
1624 1802 
1625 1802 
1626 1802 
1627 1802 
1628 1802 
1629 1802 
1630 1802 
1631 1802 
1632 1802 
1633 1802 
1634 1802 
1635 1802 
1636 1802 
1637 1802 
1638 1802 
1639 1802 
1640 1802 
1641 1802 
1642 1802 
1643 1802 
1644 1802 
1645 1802 
1646 1802 
1647 1802 
1648 1802 
1649 1802 
1650 1802 
1651 1802 
1652 1802 
1653 1802 
1654 1802 
1655 1802 
1656 1802 
1657 1802 
1658 1802 
1659 1802 
1660 1802 
1661 1802 
1662 1802 
1663 1802 
1664 1802 
1665 1802 
1666 1802 
1667 1802 
1668 1802 
1669 1802 
1670 1802 
1671 1802 
1672 1802 
1673 1802 
1674 1802 
1675 1802 
1676 1802 
1677 1802 
1678 1802 
1679 1802 
1680 1802 
1681 1802 
1682 1802 
1683 1802 
1684 1802 
1685 1802 
1686 1802 
1687 1802 
1688 1802 
1689 1802 
1690 1802 
1691 1802 
1692 1802 
1693 1802 
1694 1802 
1695 1802 
1696 1802 
1697 1802 
1698 1802 
1699 1802 
1700 1802 
1701 1802 
1702 1802 
1703 1802 
1704 1802 
1705 1802 
1706 1802 
1707 1802 
1708 1802 
1709 1802 
1710 1802 
1711 1802 
1712 1802 
1713 1802 
1714 1802 
1715 1802 
1716 1802 
1717 1802 
1718 1802 
1719 1802 
1720 1802 
1721 1802 
1722 1802 
1723 1802 
1724 1802 
1725 1802 
1726 1802 
1727 1802 
1728 1802 
1729 1802 
1730 1802 
1731 1802 
1732 1802 
1733 1802 
1734 1802 
1735 1802 
1736 1802 
1737 1802 
1738 1802 
1739 1802 
1740 1802 
1741 1802 
1742 1802 
1743 1802 
1744 1802 
1745 1802 
1746 1802 
1747 1802 
1748 1802 
1749 1802 
1750 1802 
1751 1802 
1752 1802 
1753 1802 
1754 1802 
1755 1802 

