0 2536 
1 2532 
2 2510 
3 2508 
4 2500 
5 2492 
6 2484 
7 2480 
8 2478 
9 2456 
10 2452 
11 2450 
12 2448 
13 2436 
14 2424 
15 2422 
16 2418 
17 2414 
18 2406 
19 2404 
20 2386 
21 2364 
22 2360 
23 2356 
24 2352 
25 2344 
26 2304 
27 2280 
28 2272 
29 2268 
30 2256 
31 2246 
32 2240 
33 2226 
34 2216 
35 2212 
36 2208 
37 2204 
38 2184 
39 2168 
40 2158 
41 2156 
42 2154 
43 2126 
44 2114 
45 2096 
46 2084 
47 2082 
48 2070 
49 2064 
50 2062 
51 2058 
52 2048 
53 2044 
54 2026 
55 2022 
56 2016 
57 2004 
58 2004 

