0 1512 
1 1504 
2 1502 
3 1496 
4 1484 
5 1472 
6 1470 
7 1448 
8 1444 
9 1440 
10 1430 
11 1422 
12 1410 
13 1382 
14 1378 
15 1374 
16 1368 
17 1360 
18 1352 
19 1342 
20 1338 
21 1330 
22 1322 
23 1316 
24 1312 
25 1312 
26 1304 
27 1294 
28 1276 
29 1272 
30 1270 
31 1254 
32 1238 
33 1226 
34 1218 
35 1216 
36 1212 
37 1206 
38 1204 
39 1200 
40 1192 
41 1186 
42 1172 
43 1158 
44 1148 
45 1138 
46 1136 
47 1134 
48 1132 
49 1126 
50 1118 
51 1114 
52 1110 
53 1102 
54 1078 
55 1070 
56 1062 
57 1052 
58 1042 
59 1034 
60 1034 

