0 1656 
1 1652 
2 1642 
3 1640 
4 1634 
5 1632 
6 1624 
7 1622 
8 1616 
9 1614 
10 1608 
11 1604 
12 1602 
13 1596 
14 1586 
15 1566 
16 1564 
17 1556 
18 1544 
19 1536 
20 1526 
21 1524 
22 1522 
23 1518 
24 1516 
25 1514 
26 1508 
27 1506 
28 1502 
29 1496 
30 1484 
31 1476 
32 1474 
33 1470 
34 1468 
35 1464 
36 1462 
37 1450 
38 1442 
39 1442 
40 1430 
41 1426 
42 1418 
43 1412 
44 1408 
45 1402 
46 1400 
47 1396 
48 1384 
49 1382 
50 1374 
51 1362 
52 1358 
53 1356 
54 1356 
55 1340 
56 1320 
57 1316 
58 1308 
59 1288 
60 1286 
61 1278 
62 1278 

