0 2742 
1 2722 
2 2716 
3 2700 
4 2692 
5 2680 
6 2674 
7 2666 
8 2662 
9 2658 
10 2654 
11 2646 
12 2638 
13 2628 
14 2626 
15 2614 
16 2612 
17 2610 
18 2594 
19 2580 
20 2576 
21 2560 
22 2556 
23 2554 
24 2538 
25 2534 
26 2516 
27 2504 
28 2488 
29 2480 
30 2480 
31 2480 
32 2468 
33 2458 
34 2452 
35 2436 
36 2432 
37 2430 
38 2426 
39 2424 
40 2412 
41 2406 
42 2392 
43 2388 
44 2372 
45 2368 
46 2366 
47 2362 
48 2356 
49 2354 
50 2346 
51 2340 
52 2328 
53 2326 
54 2320 
55 2318 
56 2312 
57 2304 
58 2292 
59 2290 
60 2284 
61 2264 
62 2256 
63 2250 
64 2238 
65 2232 
66 2224 
67 2208 
68 2204 
69 2198 
70 2194 
71 2174 
72 2160 
73 2152 
74 2148 
75 2136 
76 2128 
77 2124 
78 2124 
79 2120 
80 2120 
81 2116 
82 2102 
83 2088 
84 2084 
85 2074 
86 2068 
87 2068 
88 2068 
89 2068 
90 2066 
91 2062 
92 2050 
93 2026 
94 2018 
95 2016 
96 2012 
97 2012 
98 2008 
99 2000 
100 2000 

