0 2800 
1 2776 
2 2766 
3 2764 
4 2754 
5 2746 
6 2736 
7 2722 
8 2716 
9 2712 
10 2678 
11 2674 
12 2644 
13 2630 
14 2622 
15 2618 
16 2614 
17 2610 
18 2606 
19 2590 
20 2588 
21 2578 
22 2570 
23 2564 
24 2554 
25 2550 
26 2546 
27 2530 
28 2510 
29 2504 
30 2498 
31 2492 
32 2488 
33 2480 
34 2468 
35 2466 
36 2458 
37 2450 
38 2446 
39 2438 
40 2438 
41 2428 
42 2422 
43 2410 
44 2406 
45 2402 
46 2394 
47 2388 
48 2380 
49 2358 
50 2356 
51 2340 
52 2336 
53 2332 
54 2324 
55 2316 
56 2298 
57 2294 
58 2272 
59 2272 
60 2268 
61 2268 
62 2252 
63 2252 
64 2250 
65 2248 
66 2246 
67 2232 
68 2216 
69 2210 
70 2204 
71 2202 
72 2196 
73 2180 
74 2168 
75 2164 
76 2124 
77 2116 
78 2096 
79 2080 
80 2076 
81 2068 
82 2052 
83 2046 
84 2042 
85 2042 
86 2038 
87 2020 
88 1984 
89 1976 
90 1968 
91 1956 
92 1948 
93 1948 

