0 2120 
1 2108 
2 2100 
3 2092 
4 2090 
5 2082 
6 2070 
7 2070 
8 2064 
9 2060 
10 2056 
11 2048 
12 2044 
13 2038 
14 2034 
15 2018 
16 2012 
17 2006 
18 1998 
19 1992 
20 1990 
21 1974 
22 1972 
23 1966 
24 1960 
25 1956 
26 1952 
27 1926 
28 1894 
29 1886 
30 1882 
31 1880 
32 1864 
33 1860 
34 1844 
35 1836 
36 1836 
37 1826 
38 1806 
39 1806 
40 1790 
41 1774 
42 1758 
43 1752 
44 1748 
45 1744 
46 1732 
47 1728 
48 1720 
49 1716 
50 1704 
51 1692 
52 1680 
53 1680 
54 1672 
55 1668 
56 1666 
57 1658 
58 1658 
59 1638 
60 1634 
61 1630 
62 1626 
63 1626 

