0 2394 
1 2378 
2 2362 
3 2350 
4 2338 
5 2338 
6 2334 
7 2316 
8 2314 
9 2298 
10 2290 
11 2288 
12 2284 
13 2276 
14 2270 
15 2268 
16 2264 
17 2260 
18 2252 
19 2242 
20 2238 
21 2234 
22 2230 
23 2222 
24 2222 
25 2218 
26 2216 
27 2212 
28 2202 
29 2186 
30 2184 
31 2182 
32 2168 
33 2160 
34 2152 
35 2150 
36 2142 
37 2132 
38 2128 
39 2120 
40 2104 
41 2080 
42 2072 
43 2052 
44 2044 
45 2042 
46 2026 
47 2022 
48 2012 
49 1988 
50 1978 
51 1970 
52 1966 
53 1958 
54 1950 
55 1938 
56 1934 
57 1932 
58 1924 
59 1924 
60 1914 
61 1904 
62 1882 
63 1878 
64 1858 
65 1858 
66 1854 
67 1842 
68 1802 
69 1798 
70 1788 
71 1772 
72 1760 
73 1760 

