0 2338 
1 2334 
2 2326 
3 2298 
4 2286 
5 2284 
6 2264 
7 2262 
8 2252 
9 2248 
10 2224 
11 2204 
12 2196 
13 2162 
14 2156 
15 2138 
16 2136 
17 2132 
18 2126 
19 2096 
20 2080 
21 2078 
22 2074 
23 2070 
24 2058 
25 2050 
26 2038 
27 2034 
28 2026 
29 2018 
30 2014 
31 2008 
32 2004 
33 2002 
34 1994 
35 1986 
36 1982 
37 1976 
38 1964 
39 1956 
40 1948 
41 1944 
42 1932 
43 1912 
44 1900 
45 1888 
46 1864 
47 1852 
48 1848 
49 1840 
50 1824 
51 1824 
52 1812 
53 1796 
54 1792 
55 1766 
56 1766 

