0 1760 
1 1756 
2 1738 
3 1730 
4 1714 
5 1698 
6 1694 
7 1684 
8 1680 
9 1660 
10 1654 
11 1644 
12 1642 
13 1638 
14 1628 
15 1616 
16 1614 
17 1610 
18 1602 
19 1570 
20 1560 
21 1558 
22 1550 
23 1542 
24 1522 
25 1512 
26 1500 
27 1488 
28 1484 
29 1460 
30 1458 
31 1442 
32 1432 
33 1424 
34 1416 
35 1404 
36 1396 
37 1386 
38 1382 
39 1374 
40 1360 
41 1356 
42 1350 
43 1346 
44 1332 
45 1308 
46 1292 
47 1292 
48 1280 
49 1280 
50 1280 
51 1278 
52 1278 
53 1274 
54 1254 
55 1246 
56 1240 
57 1240 

