0 1550 
1 1548 
2 1544 
3 1538 
4 1536 
5 1534 
6 1532 
7 1528 
8 1524 
9 1518 
10 1508 
11 1500 
12 1496 
13 1492 
14 1484 
15 1478 
16 1478 
17 1474 
18 1458 
19 1454 
20 1452 
21 1450 
22 1438 
23 1426 
24 1414 
25 1412 
26 1402 
27 1394 
28 1392 
29 1380 
30 1378 
31 1370 
32 1350 
33 1346 
34 1340 
35 1336 
36 1336 
37 1336 
38 1322 
39 1308 
40 1302 
41 1298 
42 1294 
43 1290 
44 1282 
45 1282 
46 1270 
47 1258 
48 1246 
49 1242 
50 1242 
51 1234 
52 1230 
53 1228 
54 1220 
55 1216 
56 1214 
57 1206 
58 1198 
59 1196 
60 1196 
61 1174 
62 1174 

