0 1800 
1 1784 
2 1778 
3 1760 
4 1754 
5 1750 
6 1746 
7 1738 
8 1720 
9 1704 
10 1696 
11 1682 
12 1676 
13 1674 
14 1662 
15 1654 
16 1650 
17 1646 
18 1638 
19 1632 
20 1628 
21 1624 
22 1620 
23 1612 
24 1610 
25 1600 
26 1580 
27 1568 
28 1554 
29 1536 
30 1508 
31 1488 
32 1478 
33 1476 
34 1472 
35 1468 
36 1464 
37 1460 
38 1458 
39 1450 
40 1444 
41 1440 
42 1434 
43 1432 
44 1424 
45 1422 
46 1398 
47 1382 
48 1376 
49 1374 
50 1370 
51 1368 
52 1352 
53 1346 
54 1346 
55 1342 
56 1338 
57 1334 
58 1330 
59 1328 
60 1320 
61 1316 
62 1310 
63 1306 
64 1300 
65 1296 
66 1292 
67 1290 
68 1286 
69 1286 
70 1286 
71 1286 
72 1286 
73 1286 
74 1240 
75 1240 

