0 1450 
1 1424 
2 1420 
3 1412 
4 1404 
5 1398 
6 1378 
7 1376 
8 1374 
9 1364 
10 1360 
11 1348 
12 1330 
13 1326 
14 1322 
15 1320 
16 1312 
17 1306 
18 1302 
19 1298 
20 1294 
21 1294 
22 1282 
23 1280 
24 1278 
25 1278 
26 1266 
27 1264 
28 1260 
29 1252 
30 1248 
31 1244 
32 1244 
33 1242 
34 1222 
35 1220 
36 1204 
37 1200 
38 1196 
39 1188 
40 1184 
41 1168 
42 1164 
43 1152 
44 1144 
45 1138 
46 1130 
47 1128 
48 1116 
49 1096 
50 1082 
51 1068 
52 1060 
53 1056 
54 1056 
55 1050 
56 1048 
57 1036 
58 1036 
59 1036 
60 1016 
61 1016 

