0 2454 
1 2436 
2 2432 
3 2428 
4 2422 
5 2414 
6 2406 
7 2400 
8 2392 
9 2390 
10 2384 
11 2378 
12 2374 
13 2360 
14 2356 
15 2350 
16 2346 
17 2334 
18 2320 
19 2316 
20 2306 
21 2298 
22 2290 
23 2286 
24 2272 
25 2268 
26 2264 
27 2248 
28 2244 
29 2228 
30 2220 
31 2214 
32 2200 
33 2198 
34 2174 
35 2160 
36 2156 
37 2152 
38 2150 
39 2142 
40 2140 
41 2138 
42 2118 
43 2114 
44 2112 
45 2110 
46 2106 
47 2100 
48 2080 
49 2066 
50 2058 
51 2050 
52 2014 
53 2006 
54 1988 
55 1980 
56 1974 
57 1946 
58 1940 
59 1940 

