0 3324 
1 3298 
2 3266 
3 3260 
4 3250 
5 3242 
6 3222 
7 3220 
8 3214 
9 3210 
10 3202 
11 3200 
12 3180 
13 3176 
14 3164 
15 3160 
16 3150 
17 3126 
18 3122 
19 3114 
20 3106 
21 3074 
22 3050 
23 3032 
24 3018 
25 3010 
26 3008 
27 3004 
28 2960 
29 2956 
30 2948 
31 2942 
32 2942 
33 2938 
34 2934 
35 2928 
36 2912 
37 2908 
38 2908 
39 2908 
40 2904 
41 2904 
42 2890 
43 2860 
44 2858 
45 2846 
46 2840 
47 2832 
48 2832 
49 2824 
50 2816 
51 2798 
52 2788 
53 2764 
54 2760 
55 2756 
56 2746 
57 2732 
58 2728 
59 2726 
60 2724 
61 2712 
62 2706 
63 2694 
64 2682 
65 2674 
66 2642 
67 2624 
68 2618 
69 2612 
70 2596 
71 2592 
72 2576 
73 2574 
74 2550 
75 2542 
76 2530 
77 2510 
78 2508 
79 2504 
80 2492 
81 2492 
82 2492 
83 2492 
84 2492 
85 2492 
86 2486 
87 2482 
88 2476 
89 2464 
90 2464 
91 2458 
92 2458 

