0 3424 
1 3398 
2 3390 
3 3388 
4 3386 
5 3380 
6 3376 
7 3334 
8 3318 
9 3294 
10 3288 
11 3280 
12 3278 
13 3264 
14 3250 
15 3236 
16 3226 
17 3222 
18 3208 
19 3204 
20 3196 
21 3192 
22 3176 
23 3162 
24 3154 
25 3142 
26 3136 
27 3116 
28 3114 
29 3094 
30 3082 
31 3054 
32 3044 
33 3040 
34 3036 
35 3032 
36 3028 
37 3020 
38 3018 
39 3006 
40 3002 
41 2982 
42 2976 
43 2974 
44 2958 
45 2940 
46 2932 
47 2912 
48 2908 
49 2900 
50 2892 
51 2882 
52 2882 
53 2882 
54 2870 
55 2860 
56 2856 
57 2852 
58 2848 
59 2820 
60 2814 
61 2808 
62 2804 
63 2768 
64 2748 
65 2746 
66 2742 
67 2730 
68 2704 
69 2696 
70 2694 
71 2690 
72 2678 
73 2670 
74 2664 
75 2656 
76 2654 
77 2650 
78 2642 
79 2634 
80 2618 
81 2618 
82 2608 
83 2606 
84 2598 
85 2594 
86 2590 
87 2574 
88 2566 
89 2550 
90 2546 
91 2542 
92 2524 
93 2520 
94 2498 
95 2488 
96 2488 

