0 5178 
1 5166 
2 5146 
3 5118 
4 5110 
5 5106 
6 5098 
7 5082 
8 5074 
9 5066 
10 5062 
11 5056 
12 5040 
13 5018 
14 5014 
15 5006 
16 4998 
17 4986 
18 4982 
19 4978 
20 4976 
21 4966 
22 4962 
23 4960 
24 4956 
25 4946 
26 4930 
27 4928 
28 4924 
29 4920 
30 4918 
31 4902 
32 4890 
33 4886 
34 4882 
35 4846 
36 4842 
37 4832 
38 4828 
39 4822 
40 4810 
41 4802 
42 4790 
43 4786 
44 4782 
45 4778 
46 4768 
47 4766 
48 4766 
49 4764 
50 4752 
51 4738 
52 4724 
53 4720 
54 4700 
55 4698 
56 4686 
57 4682 
58 4680 
59 4678 
60 4674 
61 4672 
62 4660 
63 4646 
64 4638 
65 4632 
66 4616 
67 4602 
68 4586 
69 4584 
70 4582 
71 4564 
72 4556 
73 4528 
74 4520 
75 4518 
76 4514 
77 4510 
78 4474 
79 4454 
80 4438 
81 4422 
82 4414 
83 4406 
84 4390 
85 4366 
86 4366 
87 4362 
88 4350 
89 4330 
90 4322 
91 4306 
92 4282 
93 4282 
94 4278 
95 4266 
96 4244 
97 4244 
98 4236 
99 4232 
100 4228 
101 4216 
102 4208 
103 4208 
104 4204 
105 4196 
106 4194 
107 4194 
108 4186 
109 4178 
110 4174 
111 4166 
112 4164 
113 4164 
114 4160 
115 4152 
116 4148 
117 4144 
118 4140 
119 4112 
120 4108 
121 4076 
122 4072 
123 4052 
124 4038 
125 4034 
126 4028 
127 4026 
128 4014 
129 4006 
130 3968 
131 3936 
132 3934 
133 3916 
134 3904 
135 3892 
136 3886 
137 3882 
138 3878 
139 3876 
140 3872 
141 3868 
142 3860 
143 3852 
144 3848 
145 3824 
146 3822 
147 3806 
148 3806 

