0 4874 
1 4862 
2 4850 
3 4838 
4 4820 
5 4812 
6 4796 
7 4784 
8 4774 
9 4772 
10 4752 
11 4748 
12 4734 
13 4722 
14 4714 
15 4710 
16 4698 
17 4682 
18 4674 
19 4662 
20 4658 
21 4634 
22 4622 
23 4620 
24 4610 
25 4602 
26 4584 
27 4576 
28 4572 
29 4570 
30 4566 
31 4566 
32 4558 
33 4548 
34 4540 
35 4532 
36 4528 
37 4516 
38 4510 
39 4510 
40 4502 
41 4486 
42 4470 
43 4466 
44 4450 
45 4442 
46 4424 
47 4412 
48 4386 
49 4370 
50 4350 
51 4342 
52 4340 
53 4332 
54 4330 
55 4326 
56 4316 
57 4312 
58 4308 
59 4304 
60 4292 
61 4286 
62 4282 
63 4274 
64 4268 
65 4264 
66 4258 
67 4222 
68 4214 
69 4194 
70 4194 
71 4194 
72 4174 
73 4170 
74 4154 
75 4140 
76 4132 
77 4120 
78 4100 
79 4084 
80 4070 
81 4066 
82 4050 
83 4048 
84 4042 
85 4038 
86 4034 
87 4026 
88 4018 
89 4006 
90 3986 
91 3982 
92 3958 
93 3950 
94 3942 
95 3938 
96 3926 
97 3926 
98 3914 
99 3906 
100 3902 
101 3900 
102 3886 
103 3882 
104 3854 
105 3852 
106 3844 
107 3832 
108 3826 
109 3820 
110 3808 
111 3806 
112 3800 
113 3784 
114 3784 

