0 3272 
1 3268 
2 3256 
3 3254 
4 3230 
5 3174 
6 3152 
7 3150 
8 3146 
9 3134 
10 3124 
11 3112 
12 3110 
13 3088 
14 3078 
15 3072 
16 3056 
17 3052 
18 3042 
19 3038 
20 3032 
21 3020 
22 3018 
23 3014 
24 3010 
25 2990 
26 2984 
27 2980 
28 2968 
29 2968 
30 2966 
31 2962 
32 2954 
33 2950 
34 2950 
35 2950 
36 2934 
37 2932 
38 2928 
39 2920 
40 2916 
41 2916 
42 2906 
43 2898 
44 2898 
45 2892 
46 2888 
47 2880 
48 2874 
49 2874 
50 2866 
51 2822 
52 2820 
53 2804 
54 2790 
55 2786 
56 2778 
57 2774 
58 2770 
59 2766 
60 2766 
61 2758 
62 2754 
63 2752 
64 2752 
65 2704 
66 2700 
67 2700 
68 2694 
69 2680 
70 2680 
71 2680 
72 2674 
73 2674 

