0 3438 
1 3428 
2 3422 
3 3414 
4 3412 
5 3408 
6 3404 
7 3404 
8 3390 
9 3386 
10 3384 
11 3380 
12 3376 
13 3354 
14 3350 
15 3342 
16 3334 
17 3330 
18 3324 
19 3308 
20 3288 
21 3276 
22 3264 
23 3262 
24 3260 
25 3250 
26 3244 
27 3238 
28 3218 
29 3190 
30 3178 
31 3174 
32 3158 
33 3144 
34 3138 
35 3122 
36 3118 
37 3104 
38 3102 
39 3100 
40 3088 
41 3070 
42 3068 
43 3048 
44 3044 
45 3032 
46 3022 
47 3010 
48 3004 
49 2996 
50 2976 
51 2954 
52 2914 
53 2908 
54 2906 
55 2874 
56 2866 
57 2842 
58 2838 
59 2830 
60 2824 
61 2818 
62 2798 
63 2794 
64 2764 
65 2760 
66 2758 
67 2746 
68 2744 
69 2730 
70 2720 
71 2716 
72 2688 
73 2678 
74 2670 
75 2670 

