0 3466 
1 3438 
2 3430 
3 3426 
4 3420 
5 3412 
6 3410 
7 3410 
8 3406 
9 3398 
10 3388 
11 3382 
12 3382 
13 3378 
14 3350 
15 3334 
16 3330 
17 3316 
18 3312 
19 3302 
20 3290 
21 3288 
22 3272 
23 3268 
24 3262 
25 3250 
26 3246 
27 3238 
28 3236 
29 3232 
30 3200 
31 3184 
32 3180 
33 3172 
34 3160 
35 3156 
36 3154 
37 3150 
38 3138 
39 3134 
40 3130 
41 3128 
42 3124 
43 3120 
44 3116 
45 3112 
46 3108 
47 3088 
48 3086 
49 3080 
50 3074 
51 3050 
52 3050 
53 3042 
54 3040 
55 3008 
56 3006 
57 2998 
58 2988 
59 2978 
60 2958 
61 2956 
62 2942 
63 2938 
64 2936 
65 2932 
66 2928 
67 2920 
68 2918 
69 2908 
70 2906 
71 2900 
72 2894 
73 2882 
74 2864 
75 2860 
76 2850 
77 2846 
78 2834 
79 2812 
80 2806 
81 2804 
82 2800 
83 2798 
84 2766 
85 2764 
86 2760 
87 2750 
88 2746 
89 2740 
90 2726 
91 2722 
92 2718 
93 2716 
94 2710 
95 2704 
96 2700 
97 2680 
98 2656 
99 2652 
100 2648 
101 2634 
102 2628 
103 2608 
104 2606 
105 2596 
106 2588 
107 2582 
108 2582 
109 2574 
110 2564 
111 2544 
112 2540 
113 2532 
114 2532 
115 2528 
116 2528 
117 2524 
118 2502 
119 2498 
120 2498 

