0 3524 
1 3494 
2 3492 
3 3480 
4 3476 
5 3474 
6 3450 
7 3434 
8 3424 
9 3416 
10 3388 
11 3380 
12 3374 
13 3354 
14 3342 
15 3338 
16 3322 
17 3318 
18 3300 
19 3292 
20 3286 
21 3274 
22 3254 
23 3244 
24 3240 
25 3230 
26 3228 
27 3224 
28 3220 
29 3218 
30 3206 
31 3180 
32 3180 
33 3178 
34 3174 
35 3158 
36 3142 
37 3140 
38 3136 
39 3122 
40 3118 
41 3114 
42 3102 
43 3094 
44 3078 
45 3074 
46 3070 
47 3044 
48 3042 
49 3022 
50 3010 
51 3008 
52 2996 
53 2994 
54 2986 
55 2976 
56 2972 
57 2962 
58 2944 
59 2936 
60 2934 
61 2932 
62 2918 
63 2894 
64 2888 
65 2884 
66 2878 
67 2878 
68 2874 
69 2872 
70 2870 
71 2850 
72 2818 
73 2798 
74 2796 
75 2792 
76 2776 
77 2772 
78 2758 
79 2742 
80 2738 
81 2718 
82 2706 
83 2702 
84 2696 
85 2694 
86 2674 
87 2674 
88 2666 
89 2656 
90 2648 
91 2640 
92 2620 
93 2612 
94 2604 
95 2588 
96 2568 
97 2566 
98 2560 
99 2560 
100 2552 
101 2548 
102 2546 
103 2542 
104 2536 
105 2532 
106 2526 
107 2526 
108 2524 
109 2520 
110 2516 
111 2508 
112 2498 
113 2490 
114 2490 

