0 3476 
1 3452 
2 3420 
3 3412 
4 3402 
5 3400 
6 3388 
7 3384 
8 3360 
9 3344 
10 3340 
11 3340 
12 3336 
13 3330 
14 3326 
15 3308 
16 3300 
17 3280 
18 3274 
19 3270 
20 3246 
21 3244 
22 3242 
23 3238 
24 3234 
25 3222 
26 3192 
27 3184 
28 3182 
29 3168 
30 3154 
31 3150 
32 3138 
33 3134 
34 3126 
35 3118 
36 3114 
37 3100 
38 3098 
39 3094 
40 3088 
41 3084 
42 3082 
43 3074 
44 3072 
45 3068 
46 3066 
47 3064 
48 3056 
49 3052 
50 3030 
51 3014 
52 3010 
53 3004 
54 2986 
55 2970 
56 2960 
57 2948 
58 2940 
59 2938 
60 2934 
61 2930 
62 2926 
63 2918 
64 2916 
65 2914 
66 2914 
67 2908 
68 2906 
69 2904 
70 2900 
71 2898 
72 2890 
73 2884 
74 2882 
75 2874 
76 2872 
77 2858 
78 2858 
79 2856 
80 2848 
81 2844 
82 2836 
83 2826 
84 2810 
85 2806 
86 2804 
87 2780 
88 2770 
89 2746 
90 2742 
91 2734 
92 2722 
93 2718 
94 2706 
95 2698 
96 2694 
97 2680 
98 2668 
99 2648 
100 2630 
101 2626 
102 2626 

