0 3614 
1 3614 
2 3590 
3 3562 
4 3560 
5 3556 
6 3552 
7 3512 
8 3494 
9 3486 
10 3480 
11 3476 
12 3470 
13 3438 
14 3430 
15 3418 
16 3416 
17 3414 
18 3410 
19 3374 
20 3354 
21 3352 
22 3344 
23 3320 
24 3316 
25 3312 
26 3284 
27 3268 
28 3264 
29 3248 
30 3246 
31 3236 
32 3216 
33 3204 
34 3202 
35 3194 
36 3190 
37 3178 
38 3166 
39 3166 
40 3162 
41 3154 
42 3148 
43 3146 
44 3138 
45 3114 
46 3110 
47 3106 
48 3106 
49 3098 
50 3086 
51 3080 
52 3076 
53 3068 
54 3064 
55 3060 
56 3052 
57 3040 
58 3038 
59 3036 
60 3022 
61 3014 
62 3006 
63 2998 
64 2986 
65 2984 
66 2978 
67 2958 
68 2946 
69 2928 
70 2924 
71 2906 
72 2906 
73 2876 
74 2868 
75 2866 
76 2862 
77 2836 
78 2834 
79 2826 
80 2822 
81 2814 
82 2808 
83 2804 
84 2790 
85 2786 
86 2778 
87 2774 
88 2770 
89 2756 
90 2748 
91 2738 
92 2734 
93 2730 
94 2722 
95 2708 
96 2700 
97 2696 
98 2684 
99 2676 
100 2672 
101 2648 
102 2644 
103 2628 
104 2624 
105 2624 
106 2606 
107 2602 
108 2594 
109 2592 
110 2576 
111 2566 
112 2566 
113 2556 
114 2548 
115 2544 
116 2544 
117 2536 
118 2522 
119 2502 
120 2482 
121 2468 
122 2468 

