0 5014 
1 5002 
2 4976 
3 4968 
4 4960 
5 4952 
6 4946 
7 4942 
8 4910 
9 4906 
10 4904 
11 4896 
12 4880 
13 4878 
14 4870 
15 4858 
16 4854 
17 4832 
18 4820 
19 4804 
20 4800 
21 4788 
22 4784 
23 4780 
24 4778 
25 4766 
26 4756 
27 4748 
28 4744 
29 4720 
30 4720 
31 4712 
32 4708 
33 4708 
34 4702 
35 4684 
36 4678 
37 4676 
38 4670 
39 4670 
40 4666 
41 4652 
42 4648 
43 4644 
44 4640 
45 4636 
46 4626 
47 4620 
48 4612 
49 4610 
50 4594 
51 4586 
52 4570 
53 4568 
54 4562 
55 4554 
56 4526 
57 4522 
58 4518 
59 4504 
60 4480 
61 4474 
62 4470 
63 4466 
64 4462 
65 4446 
66 4442 
67 4438 
68 4436 
69 4424 
70 4400 
71 4370 
72 4360 
73 4340 
74 4330 
75 4326 
76 4320 
77 4292 
78 4290 
79 4262 
80 4256 
81 4252 
82 4248 
83 4242 
84 4238 
85 4218 
86 4214 
87 4194 
88 4186 
89 4174 
90 4162 
91 4160 
92 4156 
93 4148 
94 4138 
95 4126 
96 4114 
97 4100 
98 4090 
99 4084 
100 4072 
101 4072 
102 4068 
103 4052 
104 4048 
105 4036 
106 4032 
107 4022 
108 4004 
109 4002 
110 3990 
111 3986 
112 3982 
113 3962 
114 3946 
115 3944 
116 3924 
117 3916 
118 3912 
119 3900 
120 3888 
121 3880 
122 3868 
123 3864 
124 3864 
125 3848 
126 3848 
127 3836 
128 3836 
129 3832 
130 3832 
131 3832 
132 3832 
133 3832 
134 3828 
135 3804 
136 3798 
137 3796 
138 3796 
139 3796 
140 3796 
141 3796 
142 3796 
143 3796 
144 3796 
145 3796 
146 3796 
147 3796 
148 3796 
149 3796 
150 3796 
151 3796 
152 3796 
153 3796 
154 3796 
155 3796 
156 3796 
157 3796 
158 3796 
159 3796 
160 3796 
161 3796 
162 3796 
163 3796 
164 3796 
165 3796 
166 3796 
167 3796 
168 3796 
169 3796 
170 3796 
171 3796 
172 3796 
173 3796 
174 3796 
175 3796 
176 3796 
177 3796 
178 3796 
179 3796 
180 3796 
181 3796 
182 3796 
183 3796 
184 3796 
185 3796 
186 3796 
187 3796 
188 3796 
189 3796 
190 3796 
191 3796 
192 3796 
193 3796 
194 3796 
195 3796 
196 3796 
197 3796 
198 3796 
199 3796 
200 3796 
201 3796 
202 3796 
203 3796 
204 3796 
205 3796 
206 3796 
207 3796 
208 3796 
209 3796 
210 3796 
211 3796 
212 3796 
213 3796 
214 3796 
215 3796 
216 3796 
217 3796 
218 3796 
219 3796 
220 3796 
221 3796 
222 3796 
223 3796 
224 3796 
225 3796 
226 3796 
227 3796 
228 3796 
229 3796 
230 3796 
231 3796 
232 3796 
233 3796 
234 3796 
235 3796 
236 3796 
237 3796 
238 3796 
239 3796 
240 3796 
241 3796 
242 3796 
243 3796 
244 3796 
245 3796 
246 3796 
247 3796 
248 3796 
249 3796 
250 3796 
251 3796 
252 3796 
253 3796 
254 3796 
255 3796 
256 3796 
257 3796 
258 3796 
259 3796 
260 3796 
261 3796 
262 3796 
263 3796 
264 3796 
265 3796 
266 3796 
267 3796 
268 3796 
269 3796 
270 3796 
271 3796 
272 3796 
273 3796 
274 3796 
275 3796 
276 3796 
277 3796 
278 3796 
279 3796 
280 3796 
281 3796 
282 3796 
283 3796 
284 3796 
285 3796 
286 3796 
287 3796 
288 3796 
289 3796 
290 3796 
291 3796 
292 3796 
293 3796 
294 3796 
295 3796 
296 3796 
297 3796 
298 3796 
299 3796 
300 3796 
301 3796 
302 3796 
303 3796 
304 3796 
305 3796 
306 3796 
307 3796 
308 3796 
309 3796 
310 3796 
311 3796 
312 3796 
313 3796 
314 3796 
315 3796 
316 3796 
317 3796 
318 3796 
319 3796 
320 3796 
321 3796 
322 3796 
323 3796 
324 3796 
325 3796 
326 3796 
327 3796 
328 3796 
329 3796 
330 3796 
331 3796 
332 3796 
333 3796 
334 3796 
335 3796 
336 3796 
337 3796 
338 3796 
339 3796 
340 3796 
341 3796 
342 3796 
343 3796 
344 3796 
345 3796 
346 3796 
347 3796 
348 3796 
349 3796 
350 3796 
351 3796 
352 3796 
353 3796 
354 3796 
355 3796 
356 3796 
357 3796 
358 3796 
359 3796 
360 3796 
361 3796 
362 3796 
363 3796 
364 3796 
365 3796 
366 3796 
367 3796 
368 3796 
369 3796 
370 3796 
371 3796 
372 3796 
373 3796 
374 3796 
375 3796 
376 3796 
377 3796 
378 3796 
379 3796 
380 3796 
381 3796 
382 3796 
383 3796 
384 3796 
385 3796 
386 3796 
387 3796 
388 3796 
389 3796 
390 3796 
391 3796 
392 3796 
393 3796 
394 3796 
395 3796 
396 3796 
397 3796 
398 3796 
399 3796 
400 3796 
401 3796 
402 3796 
403 3796 
404 3796 
405 3796 
406 3796 
407 3796 
408 3796 
409 3796 
410 3796 
411 3796 
412 3796 
413 3796 
414 3796 
415 3796 
416 3796 
417 3796 
418 3796 
419 3796 
420 3796 
421 3796 
422 3796 
423 3796 
424 3796 
425 3796 
426 3796 
427 3796 
428 3796 
429 3796 
430 3796 
431 3796 
432 3796 
433 3796 
434 3796 
435 3796 
436 3796 
437 3796 
438 3796 
439 3796 
440 3796 
441 3796 
442 3796 
443 3796 
444 3796 
445 3796 
446 3796 
447 3796 
448 3796 
449 3796 
450 3796 
451 3796 
452 3796 
453 3796 
454 3796 
455 3796 
456 3796 
457 3796 
458 3796 
459 3796 
460 3796 
461 3796 
462 3796 
463 3796 
464 3796 
465 3796 
466 3796 
467 3796 
468 3796 
469 3796 
470 3796 
471 3796 
472 3796 
473 3796 
474 3796 
475 3796 
476 3796 
477 3796 
478 3796 
479 3796 
480 3796 
481 3796 
482 3796 
483 3796 
484 3796 
485 3796 
486 3796 
487 3796 
488 3796 
489 3796 
490 3796 
491 3796 
492 3796 
493 3796 
494 3796 
495 3796 
496 3796 
497 3796 
498 3796 
499 3796 
500 3796 
501 3796 
502 3796 
503 3796 
504 3796 
505 3796 
506 3796 
507 3796 
508 3796 
509 3796 
510 3796 
511 3796 
512 3796 
513 3796 
514 3796 
515 3796 
516 3796 
517 3796 
518 3796 
519 3796 
520 3796 
521 3796 
522 3796 
523 3796 
524 3796 
525 3796 
526 3796 
527 3796 
528 3796 
529 3796 
530 3796 
531 3796 
532 3796 
533 3796 
534 3796 
535 3796 
536 3796 
537 3796 
538 3796 
539 3796 
540 3796 
541 3796 
542 3796 
543 3796 
544 3796 
545 3796 
546 3796 
547 3796 
548 3796 
549 3796 
550 3796 
551 3796 
552 3796 
553 3796 
554 3796 
555 3796 
556 3796 
557 3796 
558 3796 
559 3796 
560 3796 
561 3796 
562 3796 
563 3796 
564 3796 
565 3796 
566 3796 
567 3796 
568 3796 
569 3796 
570 3796 
571 3796 
572 3796 
573 3796 
574 3796 
575 3796 
576 3796 
577 3796 
578 3796 
579 3796 
580 3796 
581 3796 
582 3796 
583 3796 
584 3796 
585 3796 
586 3796 
587 3796 
588 3796 
589 3796 
590 3796 
591 3796 
592 3796 
593 3796 
594 3796 
595 3796 
596 3796 
597 3796 
598 3796 
599 3796 
600 3796 
601 3796 
602 3796 
603 3796 
604 3796 
605 3796 
606 3796 
607 3796 
608 3796 
609 3796 
610 3796 
611 3796 
612 3796 
613 3796 
614 3796 
615 3796 
616 3796 
617 3796 
618 3796 
619 3796 
620 3796 
621 3796 
622 3796 
623 3796 
624 3796 
625 3796 
626 3796 
627 3796 
628 3796 
629 3796 
630 3796 
631 3796 
632 3796 
633 3796 
634 3796 
635 3796 
636 3796 
637 3796 
638 3796 
639 3796 
640 3796 
641 3796 
642 3796 
643 3796 
644 3796 
645 3796 
646 3796 
647 3796 
648 3796 
649 3796 
650 3796 
651 3796 
652 3796 
653 3796 
654 3796 
655 3796 
656 3796 
657 3796 
658 3796 
659 3796 
660 3796 
661 3796 
662 3796 
663 3796 
664 3796 
665 3796 
666 3796 
667 3796 
668 3796 
669 3796 
670 3796 
671 3796 
672 3796 
673 3796 
674 3796 
675 3796 
676 3796 
677 3796 
678 3796 
679 3796 
680 3796 
681 3796 
682 3796 
683 3796 
684 3796 
685 3796 
686 3796 
687 3796 
688 3796 
689 3796 
690 3796 
691 3796 
692 3796 
693 3796 
694 3796 
695 3796 
696 3796 
697 3796 
698 3796 
699 3796 
700 3796 
701 3796 
702 3796 
703 3796 
704 3796 
705 3796 
706 3796 
707 3796 
708 3796 
709 3796 
710 3796 
711 3796 
712 3796 
713 3796 
714 3796 
715 3796 
716 3796 
717 3796 
718 3796 
719 3796 
720 3796 
721 3796 
722 3796 
723 3796 
724 3796 
725 3796 
726 3796 
727 3796 
728 3796 
729 3796 
730 3796 
731 3796 
732 3796 
733 3796 
734 3796 
735 3796 
736 3796 
737 3796 
738 3796 
739 3796 
740 3796 
741 3796 
742 3796 
743 3796 
744 3796 
745 3796 
746 3796 
747 3796 
748 3796 
749 3796 
750 3796 
751 3796 
752 3796 
753 3796 
754 3796 
755 3796 
756 3796 
757 3796 
758 3796 
759 3796 
760 3796 
761 3796 
762 3796 
763 3796 
764 3796 
765 3796 
766 3796 
767 3796 
768 3796 
769 3796 
770 3796 
771 3796 
772 3796 
773 3796 
774 3796 
775 3796 
776 3796 
777 3796 
778 3796 
779 3796 
780 3796 
781 3796 
782 3796 
783 3796 
784 3796 
785 3796 
786 3796 
787 3796 
788 3796 
789 3796 
790 3796 
791 3796 
792 3796 
793 3796 
794 3796 
795 3796 
796 3796 
797 3796 
798 3796 
799 3796 
800 3796 
801 3796 
802 3796 
803 3796 
804 3796 
805 3796 
806 3796 
807 3796 
808 3796 
809 3796 
810 3796 
811 3796 
812 3796 
813 3796 
814 3796 
815 3796 
816 3796 
817 3796 
818 3796 
819 3796 
820 3796 
821 3796 
822 3796 
823 3796 
824 3796 
825 3796 
826 3796 
827 3796 
828 3796 
829 3796 
830 3796 
831 3796 
832 3796 
833 3796 
834 3796 
835 3796 
836 3796 
837 3796 
838 3796 
839 3796 
840 3796 
841 3796 
842 3796 
843 3796 
844 3796 
845 3796 
846 3796 
847 3796 
848 3796 
849 3796 
850 3796 
851 3796 
852 3796 
853 3796 
854 3796 
855 3796 
856 3796 
857 3796 
858 3796 
859 3796 
860 3796 
861 3796 
862 3796 
863 3796 
864 3796 
865 3796 
866 3796 
867 3796 
868 3796 
869 3796 
870 3796 
871 3796 
872 3796 
873 3796 
874 3796 
875 3796 
876 3796 
877 3796 
878 3796 
879 3796 
880 3796 
881 3796 
882 3796 
883 3796 
884 3796 
885 3796 
886 3796 
887 3796 
888 3796 
889 3796 
890 3796 
891 3796 
892 3796 
893 3796 
894 3796 
895 3796 
896 3796 
897 3796 
898 3796 
899 3796 
900 3796 
901 3796 
902 3796 
903 3796 
904 3796 
905 3796 
906 3796 
907 3796 
908 3796 
909 3796 
910 3796 
911 3796 
912 3796 
913 3796 
914 3796 
915 3796 
916 3796 
917 3796 
918 3796 
919 3796 
920 3796 
921 3796 
922 3796 
923 3796 
924 3796 
925 3796 
926 3796 
927 3796 
928 3796 
929 3796 
930 3796 
931 3796 
932 3796 
933 3796 
934 3796 
935 3796 
936 3796 
937 3796 
938 3796 
939 3796 
940 3796 
941 3796 
942 3796 
943 3796 
944 3796 
945 3796 
946 3796 
947 3796 
948 3796 
949 3796 
950 3796 
951 3796 
952 3796 
953 3796 
954 3796 
955 3796 
956 3796 
957 3796 
958 3796 
959 3796 
960 3796 
961 3796 
962 3796 
963 3796 
964 3796 
965 3796 
966 3796 
967 3796 
968 3796 
969 3796 
970 3796 
971 3796 
972 3796 
973 3796 
974 3796 
975 3796 
976 3796 
977 3796 
978 3796 
979 3796 
980 3796 
981 3796 
982 3796 
983 3796 
984 3796 
985 3796 
986 3796 
987 3796 
988 3796 
989 3796 
990 3796 
991 3796 
992 3796 
993 3796 
994 3796 
995 3796 
996 3796 
997 3796 
998 3796 
999 3796 
1000 3796 
1001 3796 
1002 3796 
1003 3796 
1004 3796 
1005 3796 
1006 3796 
1007 3796 
1008 3796 
1009 3796 
1010 3796 
1011 3796 
1012 3796 
1013 3796 
1014 3796 
1015 3796 
1016 3796 
1017 3796 
1018 3796 
1019 3796 
1020 3796 
1021 3796 
1022 3796 
1023 3796 
1024 3796 
1025 3796 
1026 3796 
1027 3796 
1028 3796 
1029 3796 
1030 3796 
1031 3796 
1032 3796 
1033 3796 
1034 3796 
1035 3796 
1036 3796 
1037 3796 
1038 3796 
1039 3796 
1040 3796 
1041 3796 
1042 3796 
1043 3796 
1044 3796 
1045 3796 
1046 3796 
1047 3796 
1048 3796 
1049 3796 
1050 3796 
1051 3796 
1052 3796 
1053 3796 
1054 3796 
1055 3796 
1056 3796 
1057 3796 
1058 3796 
1059 3796 
1060 3796 
1061 3796 
1062 3796 
1063 3796 
1064 3796 
1065 3796 
1066 3796 
1067 3796 
1068 3796 
1069 3796 
1070 3796 
1071 3796 
1072 3796 
1073 3796 
1074 3796 
1075 3796 
1076 3796 
1077 3796 
1078 3796 
1079 3796 
1080 3796 
1081 3796 
1082 3796 
1083 3796 
1084 3796 
1085 3796 
1086 3796 
1087 3796 
1088 3796 
1089 3796 
1090 3796 
1091 3796 
1092 3796 
1093 3796 
1094 3796 
1095 3796 
1096 3796 
1097 3796 
1098 3796 
1099 3796 
1100 3796 
1101 3796 
1102 3796 
1103 3796 
1104 3796 
1105 3796 
1106 3796 
1107 3796 
1108 3796 
1109 3796 
1110 3796 
1111 3796 
1112 3796 
1113 3796 
1114 3796 
1115 3796 
1116 3796 
1117 3796 
1118 3796 
1119 3796 
1120 3796 
1121 3796 
1122 3796 
1123 3796 
1124 3796 
1125 3796 
1126 3796 
1127 3796 
1128 3796 
1129 3796 
1130 3796 
1131 3796 
1132 3796 
1133 3796 
1134 3796 
1135 3796 
1136 3796 
1137 3796 
1138 3796 
1139 3796 
1140 3796 
1141 3796 
1142 3796 
1143 3796 
1144 3796 
1145 3796 
1146 3796 
1147 3796 
1148 3796 
1149 3796 
1150 3796 
1151 3796 
1152 3796 
1153 3796 
1154 3796 
1155 3796 
1156 3796 
1157 3796 
1158 3796 
1159 3796 
1160 3796 
1161 3796 
1162 3796 
1163 3796 
1164 3796 
1165 3796 
1166 3796 
1167 3796 
1168 3796 
1169 3796 
1170 3796 
1171 3796 
1172 3796 
1173 3796 
1174 3796 
1175 3796 
1176 3796 
1177 3796 
1178 3796 
1179 3796 
1180 3796 
1181 3796 
1182 3796 
1183 3796 
1184 3796 
1185 3796 
1186 3796 
1187 3796 
1188 3796 
1189 3796 
1190 3796 
1191 3796 
1192 3796 
1193 3796 
1194 3796 
1195 3796 
1196 3796 
1197 3796 
1198 3796 
1199 3796 
1200 3796 
1201 3796 
1202 3796 
1203 3796 
1204 3796 
1205 3796 
1206 3796 
1207 3796 
1208 3796 
1209 3796 
1210 3796 
1211 3796 
1212 3796 
1213 3796 
1214 3796 
1215 3796 
1216 3796 
1217 3796 
1218 3796 
1219 3796 
1220 3796 
1221 3796 
1222 3796 
1223 3796 
1224 3796 
1225 3796 
1226 3796 
1227 3796 
1228 3796 
1229 3796 
1230 3796 
1231 3796 
1232 3796 
1233 3796 
1234 3796 
1235 3796 
1236 3796 
1237 3796 
1238 3796 
1239 3796 
1240 3796 
1241 3796 
1242 3796 
1243 3796 
1244 3796 
1245 3796 
1246 3796 
1247 3796 
1248 3796 
1249 3796 
1250 3796 
1251 3796 
1252 3796 
1253 3796 
1254 3796 
1255 3796 
1256 3796 
1257 3796 
1258 3796 
1259 3796 
1260 3796 
1261 3796 
1262 3796 
1263 3796 
1264 3796 
1265 3796 
1266 3796 
1267 3796 
1268 3796 
1269 3796 
1270 3796 
1271 3796 
1272 3796 
1273 3796 
1274 3796 
1275 3796 
1276 3796 
1277 3796 
1278 3796 
1279 3796 
1280 3796 
1281 3796 
1282 3796 
1283 3796 
1284 3796 
1285 3796 
1286 3796 
1287 3796 
1288 3796 
1289 3796 
1290 3796 
1291 3796 
1292 3796 
1293 3796 
1294 3796 
1295 3796 
1296 3796 
1297 3796 
1298 3796 
1299 3796 
1300 3796 
1301 3796 
1302 3796 
1303 3796 
1304 3796 
1305 3796 
1306 3796 
1307 3796 
1308 3796 
1309 3796 
1310 3796 
1311 3796 
1312 3796 
1313 3796 
1314 3796 
1315 3796 
1316 3796 
1317 3796 
1318 3796 
1319 3796 
1320 3796 
1321 3796 
1322 3796 
1323 3796 
1324 3796 
1325 3796 
1326 3796 
1327 3796 
1328 3796 
1329 3796 
1330 3796 
1331 3796 
1332 3796 
1333 3796 
1334 3796 
1335 3796 
1336 3796 
1337 3796 
1338 3796 
1339 3796 
1340 3796 
1341 3796 
1342 3796 
1343 3796 
1344 3796 
1345 3796 
1346 3796 
1347 3796 
1348 3796 
1349 3796 
1350 3796 
1351 3796 
1352 3796 
1353 3796 
1354 3796 
1355 3796 
1356 3796 
1357 3796 
1358 3796 
1359 3796 
1360 3796 
1361 3796 
1362 3796 
1363 3796 
1364 3796 
1365 3796 
1366 3796 
1367 3796 
1368 3796 
1369 3796 
1370 3796 
1371 3796 
1372 3796 
1373 3796 
1374 3796 
1375 3796 
1376 3796 
1377 3796 
1378 3796 
1379 3796 
1380 3796 
1381 3796 
1382 3796 
1383 3796 
1384 3796 
1385 3796 
1386 3796 
1387 3796 
1388 3796 
1389 3796 
1390 3796 
1391 3796 
1392 3796 
1393 3796 
1394 3796 
1395 3796 
1396 3796 
1397 3796 
1398 3796 
1399 3796 
1400 3796 
1401 3796 
1402 3796 
1403 3796 
1404 3796 
1405 3796 
1406 3796 
1407 3796 
1408 3796 
1409 3796 
1410 3796 
1411 3796 
1412 3796 
1413 3796 
1414 3796 
1415 3796 
1416 3796 
1417 3796 
1418 3796 
1419 3796 
1420 3796 
1421 3796 
1422 3796 
1423 3796 
1424 3796 
1425 3796 
1426 3796 
1427 3796 
1428 3796 
1429 3796 
1430 3796 
1431 3796 
1432 3796 
1433 3796 
1434 3796 
1435 3796 
1436 3796 
1437 3796 
1438 3796 
1439 3796 
1440 3796 
1441 3796 
1442 3796 
1443 3796 
1444 3796 
1445 3796 
1446 3796 
1447 3796 
1448 3796 
1449 3796 
1450 3796 
1451 3796 
1452 3796 
1453 3796 
1454 3796 
1455 3796 
1456 3796 
1457 3796 
1458 3796 
1459 3796 
1460 3796 
1461 3796 
1462 3796 
1463 3796 
1464 3796 
1465 3796 
1466 3796 
1467 3796 
1468 3796 
1469 3796 
1470 3796 
1471 3796 
1472 3796 
1473 3796 
1474 3796 
1475 3796 
1476 3796 
1477 3796 
1478 3796 
1479 3796 
1480 3796 
1481 3796 
1482 3796 
1483 3796 
1484 3796 
1485 3796 
1486 3796 
1487 3796 
1488 3796 
1489 3796 
1490 3796 
1491 3796 
1492 3796 
1493 3796 
1494 3796 
1495 3796 
1496 3796 
1497 3796 
1498 3796 
1499 3796 
1500 3796 
1501 3796 
1502 3796 
1503 3796 
1504 3796 
1505 3796 
1506 3796 
1507 3796 
1508 3796 
1509 3796 
1510 3796 
1511 3796 
1512 3796 
1513 3796 
1514 3796 
1515 3796 
1516 3796 
1517 3796 
1518 3796 
1519 3796 
1520 3796 
1521 3796 
1522 3796 
1523 3796 
1524 3796 
1525 3796 
1526 3796 
1527 3796 
1528 3796 
1529 3796 
1530 3796 
1531 3796 
1532 3796 
1533 3796 
1534 3796 
1535 3796 
1536 3796 
1537 3796 
1538 3796 
1539 3796 
1540 3796 
1541 3796 
1542 3796 
1543 3796 
1544 3796 
1545 3796 
1546 3796 
1547 3796 
1548 3796 
1549 3796 
1550 3796 
1551 3796 
1552 3796 
1553 3796 
1554 3796 
1555 3796 
1556 3796 
1557 3796 
1558 3796 
1559 3796 
1560 3796 
1561 3796 
1562 3796 
1563 3796 
1564 3796 
1565 3796 
1566 3796 
1567 3796 
1568 3796 
1569 3796 
1570 3796 
1571 3796 
1572 3796 
1573 3796 
1574 3796 
1575 3796 
1576 3796 
1577 3796 
1578 3796 
1579 3796 
1580 3796 
1581 3796 
1582 3796 
1583 3796 
1584 3796 
1585 3796 
1586 3796 
1587 3796 
1588 3796 
1589 3796 
1590 3796 
1591 3796 
1592 3796 
1593 3796 
1594 3796 
1595 3796 
1596 3796 
1597 3796 
1598 3796 
1599 3796 
1600 3796 
1601 3796 
1602 3796 
1603 3796 
1604 3796 
1605 3796 
1606 3796 
1607 3796 
1608 3796 
1609 3796 
1610 3796 
1611 3796 
1612 3796 
1613 3796 
1614 3796 
1615 3796 
1616 3796 
1617 3796 
1618 3796 
1619 3796 
1620 3796 
1621 3796 
1622 3796 
1623 3796 
1624 3796 
1625 3796 
1626 3796 
1627 3796 
1628 3796 
1629 3796 
1630 3796 
1631 3796 
1632 3796 
1633 3796 
1634 3796 
1635 3796 
1636 3796 
1637 3796 
1638 3796 
1639 3796 
1640 3796 
1641 3796 
1642 3796 
1643 3796 
1644 3796 
1645 3796 
1646 3796 
1647 3796 
1648 3796 
1649 3796 
1650 3796 
1651 3796 
1652 3796 
1653 3796 
1654 3796 
1655 3796 
1656 3796 
1657 3796 
1658 3796 
1659 3796 
1660 3796 
1661 3796 
1662 3796 
1663 3796 
1664 3796 
1665 3796 
1666 3796 
1667 3796 
1668 3796 
1669 3796 
1670 3796 
1671 3796 
1672 3796 
1673 3796 
1674 3796 
1675 3796 
1676 3796 
1677 3796 
1678 3796 
1679 3796 
1680 3796 
1681 3796 
1682 3796 
1683 3796 
1684 3796 
1685 3796 
1686 3796 
1687 3796 
1688 3796 
1689 3796 
1690 3796 
1691 3796 
1692 3796 
1693 3796 
1694 3796 
1695 3796 
1696 3796 
1697 3796 
1698 3796 
1699 3796 
1700 3796 
1701 3796 
1702 3796 
1703 3796 
1704 3796 
1705 3796 
1706 3796 
1707 3796 
1708 3796 
1709 3796 
1710 3796 
1711 3796 
1712 3796 
1713 3796 
1714 3796 
1715 3796 
1716 3796 
1717 3796 
1718 3796 
1719 3796 
1720 3796 
1721 3796 
1722 3796 
1723 3796 
1724 3796 
1725 3796 
1726 3796 
1727 3796 
1728 3796 
1729 3796 
1730 3796 
1731 3796 
1732 3796 
1733 3796 
1734 3796 
1735 3796 
1736 3796 
1737 3796 
1738 3796 
1739 3796 
1740 3796 
1741 3796 
1742 3796 
1743 3796 
1744 3796 
1745 3796 
1746 3796 
1747 3796 
1748 3796 
1749 3796 
1750 3796 
1751 3796 
1752 3796 
1753 3796 
1754 3796 
1755 3796 
1756 3796 
1757 3796 
1758 3796 
1759 3796 
1760 3796 
1761 3796 
1762 3796 
1763 3796 
1764 3796 
1765 3796 
1766 3796 
1767 3796 
1768 3796 
1769 3796 
1770 3796 
1771 3796 
1772 3796 
1773 3796 
1774 3796 
1775 3796 
1776 3796 
1777 3796 
1778 3796 
1779 3796 
1780 3796 
1781 3796 
1782 3796 
1783 3796 
1784 3796 
1785 3796 
1786 3796 
1787 3796 
1788 3796 
1789 3796 
1790 3796 
1791 3796 
1792 3796 
1793 3796 
1794 3796 
1795 3796 
1796 3796 
1797 3796 
1798 3796 
1799 3796 
1800 3796 
1801 3796 
1802 3796 
1803 3796 
1804 3796 
1805 3796 
1806 3796 
1807 3796 
1808 3796 
1809 3796 
1810 3796 
1811 3796 
1812 3796 
1813 3796 
1814 3796 
1815 3796 
1816 3796 
1817 3796 
1818 3796 
1819 3796 
1820 3796 
1821 3796 
1822 3796 
1823 3796 
1824 3796 
1825 3796 
1826 3796 
1827 3796 
1828 3796 
1829 3796 
1830 3796 
1831 3796 
1832 3796 
1833 3796 
1834 3796 
1835 3796 
1836 3796 
1837 3796 
1838 3796 
1839 3796 
1840 3796 
1841 3796 
1842 3796 
1843 3796 
1844 3796 
1845 3796 
1846 3796 
1847 3796 
1848 3796 
1849 3796 
1850 3796 
1851 3796 
1852 3796 
1853 3796 
1854 3796 
1855 3796 
1856 3796 
1857 3796 
1858 3796 
1859 3796 
1860 3796 
1861 3796 
1862 3796 
1863 3796 
1864 3796 
1865 3796 
1866 3796 
1867 3796 
1868 3796 
1869 3796 
1870 3796 
1871 3796 
1872 3796 
1873 3796 
1874 3796 
1875 3796 
1876 3796 
1877 3796 
1878 3796 
1879 3796 
1880 3796 
1881 3796 
1882 3796 
1883 3796 
1884 3796 
1885 3796 
1886 3796 
1887 3796 
1888 3796 
1889 3796 
1890 3796 
1891 3796 
1892 3796 
1893 3796 
1894 3796 
1895 3796 
1896 3796 
1897 3796 
1898 3796 
1899 3796 
1900 3796 
1901 3796 
1902 3796 
1903 3796 
1904 3796 
1905 3796 
1906 3796 
1907 3796 
1908 3796 
1909 3796 
1910 3796 
1911 3796 
1912 3796 
1913 3796 
1914 3796 
1915 3796 
1916 3796 
1917 3796 
1918 3796 
1919 3796 
1920 3796 
1921 3796 
1922 3796 
1923 3796 
1924 3796 
1925 3796 
1926 3796 
1927 3796 
1928 3796 
1929 3796 
1930 3796 
1931 3796 
1932 3796 
1933 3796 
1934 3796 
1935 3796 
1936 3796 
1937 3796 
1938 3796 
1939 3796 
1940 3796 
1941 3796 
1942 3796 
1943 3796 
1944 3796 
1945 3796 
1946 3796 
1947 3796 
1948 3796 
1949 3796 
1950 3796 
1951 3796 
1952 3796 
1953 3796 
1954 3796 
1955 3796 
1956 3796 
1957 3796 
1958 3796 
1959 3796 
1960 3796 
1961 3796 
1962 3796 
1963 3796 
1964 3796 
1965 3796 
1966 3796 
1967 3796 
1968 3796 
1969 3796 
1970 3796 
1971 3796 
1972 3796 
1973 3796 
1974 3796 
1975 3796 
1976 3796 
1977 3796 
1978 3796 
1979 3796 
1980 3796 
1981 3796 
1982 3796 
1983 3796 
1984 3796 
1985 3796 
1986 3796 
1987 3796 
1988 3796 
1989 3796 
1990 3796 
1991 3796 
1992 3796 
1993 3796 
1994 3796 
1995 3796 
1996 3796 
1997 3796 
1998 3796 
1999 3796 
2000 3796 
2001 3796 
2002 3796 
2003 3796 
2004 3796 
2005 3796 
2006 3796 
2007 3796 
2008 3796 
2009 3796 
2010 3796 
2011 3796 
2012 3796 
2013 3796 
2014 3796 
2015 3796 
2016 3796 
2017 3796 
2018 3796 
2019 3796 
2020 3796 
2021 3796 
2022 3796 
2023 3796 
2024 3796 
2025 3796 
2026 3796 
2027 3796 
2028 3796 
2029 3796 
2030 3796 
2031 3796 
2032 3796 
2033 3796 
2034 3796 
2035 3796 
2036 3796 
2037 3796 
2038 3796 
2039 3796 
2040 3796 
2041 3796 
2042 3796 
2043 3796 
2044 3796 
2045 3796 
2046 3796 
2047 3796 
2048 3796 
2049 3796 
2050 3796 
2051 3796 
2052 3796 
2053 3796 
2054 3796 
2055 3796 
2056 3796 
2057 3796 
2058 3796 
2059 3796 
2060 3796 
2061 3796 
2062 3796 
2063 3796 
2064 3796 
2065 3796 
2066 3796 
2067 3796 
2068 3796 
2069 3796 
2070 3796 
2071 3796 
2072 3796 
2073 3796 
2074 3796 
2075 3796 
2076 3796 
2077 3796 
2078 3796 
2079 3796 
2080 3796 
2081 3796 
2082 3796 
2083 3796 
2084 3796 
2085 3796 
2086 3796 
2087 3796 
2088 3796 
2089 3796 
2090 3796 
2091 3796 
2092 3796 
2093 3796 
2094 3796 
2095 3796 
2096 3796 
2097 3796 
2098 3796 
2099 3796 
2100 3796 
2101 3796 
2102 3796 
2103 3796 
2104 3796 
2105 3796 
2106 3796 
2107 3796 
2108 3796 
2109 3796 
2110 3796 
2111 3796 
2112 3796 
2113 3796 
2114 3796 
2115 3796 
2116 3796 
2117 3796 
2118 3796 
2119 3796 
2120 3796 
2121 3796 
2122 3796 
2123 3796 
2124 3796 
2125 3796 
2126 3796 
2127 3796 
2128 3796 
2129 3796 
2130 3796 
2131 3796 
2132 3796 
2133 3796 
2134 3796 
2135 3796 
2136 3796 
2137 3796 
2138 3796 
2139 3796 
2140 3796 
2141 3796 
2142 3796 
2143 3796 
2144 3796 
2145 3796 
2146 3796 
2147 3796 
2148 3796 
2149 3796 
2150 3796 
2151 3796 
2152 3796 
2153 3796 
2154 3796 
2155 3796 
2156 3796 
2157 3796 
2158 3796 
2159 3796 
2160 3796 
2161 3796 
2162 3796 
2163 3796 
2164 3796 
2165 3796 
2166 3796 
2167 3796 
2168 3796 
2169 3796 
2170 3796 
2171 3796 
2172 3796 
2173 3796 
2174 3796 
2175 3796 
2176 3796 
2177 3796 
2178 3796 
2179 3796 
2180 3796 
2181 3796 
2182 3796 
2183 3796 
2184 3796 
2185 3796 
2186 3796 
2187 3796 
2188 3796 
2189 3796 
2190 3796 
2191 3796 
2192 3796 
2193 3796 
2194 3796 
2195 3796 
2196 3796 
2197 3796 
2198 3796 
2199 3796 
2200 3796 
2201 3796 
2202 3796 
2203 3796 
2204 3796 
2205 3796 
2206 3796 
2207 3796 
2208 3796 
2209 3796 
2210 3796 
2211 3796 
2212 3796 
2213 3796 
2214 3796 
2215 3796 
2216 3796 
2217 3796 
2218 3796 
2219 3796 
2220 3796 
2221 3796 
2222 3796 
2223 3796 
2224 3796 
2225 3796 
2226 3796 
2227 3796 
2228 3796 
2229 3796 
2230 3796 
2231 3796 
2232 3796 
2233 3796 
2234 3796 
2235 3796 
2236 3796 
2237 3796 
2238 3796 
2239 3796 
2240 3796 
2241 3796 
2242 3796 
2243 3796 
2244 3796 
2245 3796 
2246 3796 
2247 3796 
2248 3796 
2249 3796 
2250 3796 
2251 3796 
2252 3796 
2253 3796 
2254 3796 
2255 3796 
2256 3796 
2257 3796 
2258 3796 
2259 3796 
2260 3796 
2261 3796 
2262 3796 
2263 3796 
2264 3796 
2265 3796 
2266 3796 
2267 3796 
2268 3796 
2269 3796 
2270 3796 
2271 3796 
2272 3796 
2273 3796 
2274 3796 
2275 3796 
2276 3796 
2277 3796 
2278 3796 
2279 3796 
2280 3796 
2281 3796 
2282 3796 
2283 3796 
2284 3796 
2285 3796 
2286 3796 
2287 3796 
2288 3796 
2289 3796 
2290 3796 
2291 3796 
2292 3796 
2293 3796 
2294 3796 
2295 3796 
2296 3796 
2297 3796 
2298 3796 
2299 3796 
2300 3796 
2301 3796 
2302 3796 
2303 3796 
2304 3796 
2305 3796 
2306 3796 
2307 3796 
2308 3796 
2309 3796 
2310 3796 
2311 3796 
2312 3796 
2313 3796 
2314 3796 
2315 3796 
2316 3796 
2317 3796 
2318 3796 
2319 3796 
2320 3796 
2321 3796 
2322 3796 
2323 3796 
2324 3796 
2325 3796 
2326 3796 
2327 3796 
2328 3796 
2329 3796 
2330 3796 
2331 3796 
2332 3796 
2333 3796 
2334 3796 
2335 3796 
2336 3796 
2337 3796 
2338 3796 
2339 3796 
2340 3796 
2341 3796 
2342 3796 
2343 3796 
2344 3796 
2345 3796 
2346 3796 
2347 3796 
2348 3796 
2349 3796 
2350 3796 
2351 3796 
2352 3796 
2353 3796 
2354 3796 
2355 3796 
2356 3796 
2357 3796 
2358 3796 
2359 3796 
2360 3796 
2361 3796 
2362 3796 
2363 3796 
2364 3796 
2365 3796 
2366 3796 
2367 3796 
2368 3796 
2369 3796 
2370 3796 
2371 3796 
2372 3796 
2373 3796 
2374 3796 
2375 3796 
2376 3796 
2377 3796 
2378 3796 
2379 3796 
2380 3796 
2381 3796 
2382 3796 
2383 3796 
2384 3796 
2385 3796 
2386 3796 
2387 3796 
2388 3796 
2389 3796 
2390 3796 
2391 3796 
2392 3796 
2393 3796 
2394 3796 
2395 3796 
2396 3796 
2397 3796 
2398 3796 
2399 3796 
2400 3796 
2401 3796 
2402 3796 
2403 3796 
2404 3796 
2405 3796 
2406 3796 
2407 3796 
2408 3796 
2409 3796 
2410 3796 
2411 3796 
2412 3796 
2413 3796 
2414 3796 
2415 3796 
2416 3796 
2417 3796 
2418 3796 
2419 3796 
2420 3796 
2421 3796 
2422 3796 
2423 3796 
2424 3796 
2425 3796 
2426 3796 
2427 3796 
2428 3796 
2429 3796 
2430 3796 
2431 3796 
2432 3796 
2433 3796 
2434 3796 
2435 3796 
2436 3796 
2437 3796 
2438 3796 
2439 3796 
2440 3796 
2441 3796 
2442 3796 
2443 3796 
2444 3796 
2445 3796 
2446 3796 
2447 3796 
2448 3796 
2449 3796 
2450 3796 
2451 3796 
2452 3796 
2453 3796 
2454 3796 
2455 3796 
2456 3796 
2457 3796 
2458 3796 
2459 3796 
2460 3796 
2461 3796 
2462 3796 
2463 3796 
2464 3796 
2465 3796 
2466 3796 
2467 3796 
2468 3796 
2469 3796 
2470 3796 
2471 3796 
2472 3796 
2473 3796 
2474 3796 
2475 3796 
2476 3796 
2477 3796 
2478 3796 
2479 3796 
2480 3796 
2481 3796 
2482 3796 
2483 3796 
2484 3796 
2485 3796 
2486 3796 
2487 3796 
2488 3796 
2489 3796 
2490 3796 
2491 3796 
2492 3796 
2493 3796 
2494 3796 
2495 3796 
2496 3796 
2497 3796 
2498 3796 
2499 3796 
2500 3796 
2501 3796 
2502 3796 
2503 3796 
2504 3796 
2505 3796 
2506 3796 
2507 3796 
2508 3796 
2509 3796 
2510 3796 
2511 3796 
2512 3796 
2513 3796 
2514 3796 
2515 3796 
2516 3796 
2517 3796 
2518 3796 
2519 3796 
2520 3796 
2521 3796 
2522 3796 
2523 3796 
2524 3796 
2525 3796 
2526 3796 
2527 3796 
2528 3796 
2529 3796 
2530 3796 
2531 3796 
2532 3796 
2533 3796 
2534 3796 
2535 3796 
2536 3796 
2537 3796 
2538 3796 
2539 3796 
2540 3796 
2541 3796 
2542 3796 
2543 3796 
2544 3796 
2545 3796 
2546 3796 
2547 3796 
2548 3796 
2549 3796 
2550 3796 
2551 3796 
2552 3796 
2553 3796 
2554 3796 
2555 3796 
2556 3796 
2557 3796 
2558 3796 
2559 3796 
2560 3796 
2561 3796 
2562 3796 
2563 3796 
2564 3796 
2565 3796 
2566 3796 
2567 3796 
2568 3796 
2569 3796 
2570 3796 
2571 3796 
2572 3796 
2573 3796 
2574 3796 
2575 3796 
2576 3796 
2577 3796 
2578 3796 
2579 3796 
2580 3796 
2581 3796 
2582 3796 
2583 3796 
2584 3796 
2585 3796 
2586 3796 
2587 3796 
2588 3796 
2589 3796 
2590 3796 
2591 3796 
2592 3796 
2593 3796 
2594 3796 
2595 3796 
2596 3796 
2597 3796 
2598 3796 
2599 3796 
2600 3796 
2601 3796 
2602 3796 
2603 3796 
2604 3796 
2605 3796 
2606 3796 
2607 3796 
2608 3796 
2609 3796 
2610 3796 
2611 3796 
2612 3796 
2613 3796 
2614 3796 
2615 3796 
2616 3796 
2617 3796 
2618 3796 
2619 3796 
2620 3796 
2621 3796 
2622 3796 
2623 3796 
2624 3796 
2625 3796 
2626 3796 
2627 3796 
2628 3796 
2629 3796 
2630 3796 
2631 3796 
2632 3796 
2633 3796 
2634 3796 
2635 3796 
2636 3796 
2637 3796 

