0 3510 
1 3496 
2 3492 
3 3490 
4 3488 
5 3484 
6 3478 
7 3474 
8 3458 
9 3454 
10 3446 
11 3430 
12 3426 
13 3422 
14 3414 
15 3408 
16 3404 
17 3392 
18 3388 
19 3384 
20 3378 
21 3372 
22 3354 
23 3328 
24 3326 
25 3318 
26 3312 
27 3300 
28 3298 
29 3296 
30 3288 
31 3274 
32 3256 
33 3244 
34 3232 
35 3224 
36 3216 
37 3204 
38 3198 
39 3190 
40 3182 
41 3170 
42 3164 
43 3144 
44 3114 
45 3094 
46 3092 
47 3082 
48 3054 
49 3044 
50 3028 
51 3026 
52 3014 
53 2998 
54 2986 
55 2976 
56 2970 
57 2966 
58 2960 
59 2958 
60 2950 
61 2948 
62 2940 
63 2912 
64 2908 
65 2896 
66 2880 
67 2866 
68 2862 
69 2858 
70 2856 
71 2848 
72 2824 
73 2822 
74 2818 
75 2814 
76 2806 
77 2802 
78 2788 
79 2750 
80 2742 
81 2734 
82 2728 
83 2726 
84 2726 
85 2722 
86 2718 
87 2710 
88 2700 
89 2680 
90 2658 
91 2654 
92 2650 
93 2646 
94 2638 
95 2630 
96 2622 
97 2618 
98 2608 
99 2600 
100 2584 
101 2580 
102 2580 

