0 3482 
1 3468 
2 3466 
3 3454 
4 3422 
5 3418 
6 3414 
7 3402 
8 3380 
9 3360 
10 3358 
11 3346 
12 3342 
13 3338 
14 3336 
15 3330 
16 3324 
17 3308 
18 3306 
19 3302 
20 3286 
21 3278 
22 3274 
23 3270 
24 3268 
25 3262 
26 3254 
27 3236 
28 3230 
29 3226 
30 3222 
31 3218 
32 3210 
33 3202 
34 3196 
35 3184 
36 3180 
37 3178 
38 3178 
39 3172 
40 3172 
41 3168 
42 3168 
43 3166 
44 3154 
45 3146 
46 3140 
47 3116 
48 3096 
49 3080 
50 3078 
51 3074 
52 3070 
53 3062 
54 3056 
55 3016 
56 3016 
57 3012 
58 3010 
59 3000 
60 2998 
61 2986 
62 2980 
63 2972 
64 2944 
65 2930 
66 2928 
67 2920 
68 2914 
69 2910 
70 2906 
71 2898 
72 2890 
73 2878 
74 2866 
75 2850 
76 2830 
77 2826 
78 2788 
79 2786 
80 2782 
81 2780 
82 2778 
83 2778 
84 2776 
85 2776 
86 2774 
87 2766 
88 2758 
89 2754 
90 2750 
91 2750 
92 2748 
93 2728 
94 2726 
95 2720 
96 2712 
97 2694 
98 2680 
99 2676 
100 2672 
101 2650 
102 2648 
103 2644 
104 2622 
105 2602 
106 2602 

