0 5204 
1 5196 
2 5186 
3 5154 
4 5106 
5 5102 
6 5094 
7 5090 
8 5068 
9 5048 
10 5022 
11 5004 
12 4990 
13 4970 
14 4962 
15 4942 
16 4930 
17 4928 
18 4924 
19 4910 
20 4886 
21 4882 
22 4870 
23 4862 
24 4842 
25 4826 
26 4820 
27 4816 
28 4796 
29 4792 
30 4786 
31 4782 
32 4778 
33 4774 
34 4768 
35 4764 
36 4744 
37 4736 
38 4734 
39 4732 
40 4720 
41 4714 
42 4704 
43 4684 
44 4662 
45 4642 
46 4626 
47 4614 
48 4606 
49 4594 
50 4558 
51 4558 
52 4550 
53 4542 
54 4534 
55 4526 
56 4522 
57 4494 
58 4482 
59 4470 
60 4468 
61 4464 
62 4446 
63 4442 
64 4430 
65 4418 
66 4416 
67 4404 
68 4396 
69 4392 
70 4372 
71 4360 
72 4348 
73 4340 
74 4332 
75 4324 
76 4320 
77 4314 
78 4310 
79 4306 
80 4302 
81 4298 
82 4292 
83 4290 
84 4282 
85 4272 
86 4264 
87 4262 
88 4254 
89 4242 
90 4238 
91 4234 
92 4218 
93 4216 
94 4196 
95 4194 
96 4186 
97 4184 
98 4172 
99 4170 
100 4152 
101 4148 
102 4142 
103 4138 
104 4132 
105 4124 
106 4108 
107 4100 
108 4092 
109 4082 
110 4078 
111 4076 
112 4072 
113 4064 
114 4048 
115 4032 
116 4020 
117 4012 
118 4012 
119 3984 
120 3980 
121 3978 
122 3966 
123 3946 
124 3944 
125 3938 
126 3906 
127 3900 
128 3892 
129 3890 
130 3886 
131 3872 
132 3866 
133 3854 
134 3826 
135 3824 
136 3802 
137 3798 
138 3778 
139 3772 
140 3764 
141 3750 
142 3750 

