0 3456 
1 3434 
2 3426 
3 3422 
4 3418 
5 3402 
6 3396 
7 3392 
8 3380 
9 3358 
10 3350 
11 3332 
12 3320 
13 3318 
14 3310 
15 3306 
16 3304 
17 3298 
18 3286 
19 3272 
20 3270 
21 3254 
22 3252 
23 3244 
24 3232 
25 3226 
26 3216 
27 3204 
28 3200 
29 3196 
30 3184 
31 3172 
32 3168 
33 3164 
34 3162 
35 3158 
36 3150 
37 3146 
38 3138 
39 3128 
40 3122 
41 3108 
42 3098 
43 3098 
44 3078 
45 3070 
46 3064 
47 3056 
48 3050 
49 3034 
50 3012 
51 3008 
52 3002 
53 2998 
54 2996 
55 2992 
56 2990 
57 2982 
58 2970 
59 2960 
60 2942 
61 2938 
62 2932 
63 2920 
64 2904 
65 2896 
66 2884 
67 2878 
68 2874 
69 2872 
70 2860 
71 2856 
72 2834 
73 2824 
74 2794 
75 2774 
76 2772 
77 2764 
78 2760 
79 2748 
80 2742 
81 2734 
82 2730 
83 2726 
84 2718 
85 2718 
86 2700 
87 2696 
88 2692 
89 2670 
90 2670 

