0 3526 
1 3520 
2 3488 
3 3482 
4 3470 
5 3460 
6 3448 
7 3430 
8 3428 
9 3408 
10 3404 
11 3394 
12 3390 
13 3384 
14 3348 
15 3344 
16 3328 
17 3320 
18 3310 
19 3302 
20 3282 
21 3278 
22 3264 
23 3260 
24 3256 
25 3248 
26 3234 
27 3230 
28 3226 
29 3218 
30 3186 
31 3182 
32 3166 
33 3158 
34 3136 
35 3118 
36 3102 
37 3090 
38 3084 
39 3080 
40 3058 
41 3050 
42 3050 
43 3042 
44 3032 
45 3028 
46 3024 
47 3018 
48 3010 
49 2994 
50 2972 
51 2964 
52 2962 
53 2958 
54 2950 
55 2946 
56 2928 
57 2910 
58 2898 
59 2894 
60 2870 
61 2860 
62 2856 
63 2852 
64 2852 
65 2842 
66 2814 
67 2810 
68 2802 
69 2788 
70 2788 
71 2782 
72 2766 
73 2754 
74 2750 
75 2746 
76 2742 
77 2738 
78 2730 
79 2726 
80 2722 
81 2722 
82 2722 
83 2698 
84 2674 
85 2674 
86 2640 
87 2618 
88 2608 
89 2596 
90 2570 
91 2570 

