0 7964 
1 7950 
2 7942 
3 7938 
4 7922 
5 7906 
6 7898 
7 7894 
8 7892 
9 7870 
10 7868 
11 7864 
12 7848 
13 7834 
14 7820 
15 7804 
16 7788 
17 7786 
18 7766 
19 7758 
20 7754 
21 7746 
22 7738 
23 7712 
24 7698 
25 7690 
26 7680 
27 7668 
28 7664 
29 7662 
30 7644 
31 7634 
32 7630 
33 7616 
34 7612 
35 7592 
36 7586 
37 7574 
38 7566 
39 7546 
40 7516 
41 7514 
42 7504 
43 7484 
44 7482 
45 7480 
46 7456 
47 7454 
48 7444 
49 7424 
50 7420 
51 7416 
52 7404 
53 7396 
54 7394 
55 7392 
56 7374 
57 7372 
58 7346 
59 7338 
60 7328 
61 7308 
62 7286 
63 7276 
64 7264 
65 7244 
66 7240 
67 7230 
68 7216 
69 7216 
70 7212 
71 7188 
72 7184 
73 7180 
74 7124 
75 7096 
76 7092 
77 7090 
78 7078 
79 7066 
80 7064 
81 7056 
82 7048 
83 7022 
84 7020 
85 7010 
86 6994 
87 6986 
88 6964 
89 6958 
90 6952 
91 6944 
92 6922 
93 6910 
94 6902 
95 6892 
96 6890 
97 6882 
98 6878 
99 6868 
100 6864 
101 6858 
102 6854 
103 6820 
104 6804 
105 6768 
106 6754 
107 6724 
108 6712 
109 6710 
110 6710 
111 6690 
112 6678 
113 6670 
114 6662 
115 6660 
116 6648 
117 6638 
118 6636 
119 6632 
120 6624 
121 6610 
122 6606 
123 6594 
124 6586 
125 6584 
126 6556 
127 6530 
128 6526 
129 6524 
130 6512 
131 6504 
132 6466 
133 6462 
134 6458 
135 6438 
136 6430 
137 6418 
138 6414 
139 6388 
140 6376 
141 6360 
142 6344 
143 6312 
144 6310 
145 6298 
146 6298 
147 6294 
148 6280 
149 6270 
150 6266 
151 6250 
152 6226 
153 6226 

