0 8318 
1 8288 
2 8272 
3 8268 
4 8262 
5 8258 
6 8254 
7 8238 
8 8222 
9 8210 
10 8188 
11 8144 
12 8134 
13 8114 
14 8106 
15 8098 
16 8090 
17 8066 
18 8062 
19 8060 
20 8052 
21 8030 
22 8008 
23 8002 
24 8000 
25 7972 
26 7968 
27 7952 
28 7938 
29 7934 
30 7930 
31 7910 
32 7902 
33 7896 
34 7888 
35 7870 
36 7864 
37 7862 
38 7850 
39 7848 
40 7846 
41 7818 
42 7810 
43 7798 
44 7786 
45 7782 
46 7774 
47 7758 
48 7736 
49 7726 
50 7720 
51 7700 
52 7678 
53 7676 
54 7674 
55 7660 
56 7658 
57 7656 
58 7650 
59 7644 
60 7636 
61 7618 
62 7606 
63 7582 
64 7578 
65 7562 
66 7554 
67 7510 
68 7490 
69 7486 
70 7482 
71 7478 
72 7454 
73 7450 
74 7444 
75 7440 
76 7438 
77 7426 
78 7420 
79 7410 
80 7394 
81 7388 
82 7378 
83 7368 
84 7358 
85 7338 
86 7314 
87 7306 
88 7290 
89 7274 
90 7268 
91 7264 
92 7262 
93 7254 
94 7248 
95 7220 
96 7218 
97 7206 
98 7180 
99 7166 
100 7160 
101 7148 
102 7144 
103 7138 
104 7110 
105 7100 
106 7098 
107 7094 
108 7090 
109 7066 
110 7062 
111 7034 
112 7022 
113 7014 
114 7012 
115 7002 
116 6986 
117 6982 
118 6946 
119 6916 
120 6904 
121 6900 
122 6876 
123 6852 
124 6852 
125 6840 
126 6816 
127 6812 
128 6792 
129 6788 
130 6776 
131 6772 
132 6768 
133 6766 
134 6756 
135 6742 
136 6734 
137 6710 
138 6704 
139 6704 
140 6700 
141 6690 
142 6680 
143 6678 
144 6666 
145 6644 
146 6636 
147 6632 
148 6620 
149 6618 
150 6614 
151 6612 
152 6602 
153 6600 
154 6594 
155 6582 
156 6562 
157 6558 
158 6554 
159 6546 
160 6542 
161 6542 
162 6542 
163 6530 
164 6522 
165 6516 
166 6516 
167 6510 
168 6508 
169 6506 
170 6500 
171 6496 
172 6492 
173 6492 
174 6482 
175 6478 
176 6474 
177 6462 
178 6458 
179 6448 
180 6434 
181 6430 
182 6422 
183 6414 
184 6410 
185 6386 
186 6380 
187 6380 
188 6354 
189 6354 
190 6350 
191 6314 
192 6298 
193 6282 
194 6246 
195 6230 
196 6218 
197 6218 

