0 8026 
1 8012 
2 8000 
3 7986 
4 7984 
5 7980 
6 7978 
7 7926 
8 7918 
9 7898 
10 7892 
11 7884 
12 7870 
13 7864 
14 7852 
15 7844 
16 7832 
17 7820 
18 7810 
19 7810 
20 7794 
21 7788 
22 7768 
23 7748 
24 7732 
25 7714 
26 7714 
27 7710 
28 7706 
29 7698 
30 7686 
31 7682 
32 7678 
33 7672 
34 7666 
35 7662 
36 7658 
37 7654 
38 7650 
39 7644 
40 7636 
41 7632 
42 7628 
43 7624 
44 7608 
45 7604 
46 7594 
47 7592 
48 7574 
49 7550 
50 7548 
51 7538 
52 7530 
53 7504 
54 7496 
55 7482 
56 7466 
57 7462 
58 7458 
59 7456 
60 7452 
61 7436 
62 7434 
63 7430 
64 7410 
65 7406 
66 7404 
67 7398 
68 7394 
69 7392 
70 7378 
71 7374 
72 7368 
73 7348 
74 7346 
75 7338 
76 7322 
77 7302 
78 7300 
79 7288 
80 7274 
81 7262 
82 7230 
83 7226 
84 7218 
85 7208 
86 7200 
87 7194 
88 7190 
89 7168 
90 7152 
91 7142 
92 7136 
93 7136 
94 7114 
95 7086 
96 7082 
97 7076 
98 7068 
99 7054 
100 7046 
101 7044 
102 7032 
103 7026 
104 7018 
105 7002 
106 6998 
107 6992 
108 6992 
109 6986 
110 6984 
111 6980 
112 6978 
113 6974 
114 6968 
115 6964 
116 6938 
117 6934 
118 6926 
119 6894 
120 6890 
121 6878 
122 6864 
123 6856 
124 6854 
125 6844 
126 6834 
127 6820 
128 6816 
129 6812 
130 6806 
131 6798 
132 6794 
133 6782 
134 6774 
135 6768 
136 6752 
137 6746 
138 6740 
139 6732 
140 6728 
141 6724 
142 6722 
143 6690 
144 6654 
145 6646 
146 6632 
147 6624 
148 6614 
149 6604 
150 6602 
151 6598 
152 6594 
153 6588 
154 6586 
155 6574 
156 6562 
157 6540 
158 6524 
159 6516 
160 6490 
161 6478 
162 6476 
163 6474 
164 6464 
165 6452 
166 6440 
167 6418 
168 6410 
169 6390 
170 6372 
171 6368 
172 6364 
173 6362 
174 6358 
175 6350 
176 6346 
177 6326 
178 6318 
179 6314 
180 6308 
181 6274 
182 6270 
183 6254 
184 6240 
185 6240 

