0 7956 
1 7938 
2 7918 
3 7914 
4 7910 
5 7904 
6 7896 
7 7892 
8 7882 
9 7878 
10 7856 
11 7854 
12 7848 
13 7836 
14 7816 
15 7810 
16 7806 
17 7790 
18 7782 
19 7778 
20 7752 
21 7736 
22 7724 
23 7724 
24 7712 
25 7708 
26 7688 
27 7680 
28 7668 
29 7664 
30 7642 
31 7630 
32 7598 
33 7598 
34 7592 
35 7588 
36 7576 
37 7574 
38 7570 
39 7558 
40 7538 
41 7526 
42 7512 
43 7510 
44 7498 
45 7496 
46 7484 
47 7470 
48 7462 
49 7446 
50 7444 
51 7442 
52 7428 
53 7422 
54 7386 
55 7374 
56 7370 
57 7366 
58 7346 
59 7332 
60 7328 
61 7320 
62 7312 
63 7304 
64 7300 
65 7296 
66 7290 
67 7266 
68 7242 
69 7234 
70 7230 
71 7200 
72 7192 
73 7192 
74 7172 
75 7172 
76 7160 
77 7154 
78 7140 
79 7136 
80 7122 
81 7114 
82 7102 
83 7082 
84 7080 
85 7074 
86 7066 
87 7054 
88 7038 
89 7010 
90 7006 
91 6998 
92 6990 
93 6970 
94 6956 
95 6948 
96 6936 
97 6916 
98 6908 
99 6904 
100 6896 
101 6880 
102 6876 
103 6864 
104 6844 
105 6834 
106 6832 
107 6800 
108 6792 
109 6790 
110 6776 
111 6772 
112 6768 
113 6760 
114 6752 
115 6742 
116 6734 
117 6718 
118 6716 
119 6708 
120 6682 
121 6674 
122 6666 
123 6662 
124 6636 
125 6602 
126 6574 
127 6558 
128 6552 
129 6532 
130 6528 
131 6500 
132 6498 
133 6486 
134 6470 
135 6450 
136 6436 
137 6434 
138 6426 
139 6402 
140 6394 
141 6370 
142 6366 
143 6350 
144 6344 
145 6340 
146 6332 
147 6322 
148 6318 
149 6280 
150 6278 
151 6266 
152 6250 
153 6242 
154 6242 

