0 7480 
1 7468 
2 7452 
3 7436 
4 7434 
5 7430 
6 7428 
7 7420 
8 7418 
9 7398 
10 7392 
11 7360 
12 7320 
13 7318 
14 7308 
15 7300 
16 7284 
17 7280 
18 7260 
19 7260 
20 7248 
21 7240 
22 7232 
23 7226 
24 7182 
25 7168 
26 7140 
27 7132 
28 7128 
29 7116 
30 7108 
31 7084 
32 7074 
33 7070 
34 7068 
35 7064 
36 7054 
37 7046 
38 7034 
39 7030 
40 7016 
41 7008 
42 6994 
43 6958 
44 6956 
45 6948 
46 6938 
47 6918 
48 6904 
49 6896 
50 6884 
51 6884 
52 6872 
53 6870 
54 6860 
55 6850 
56 6840 
57 6834 
58 6826 
59 6818 
60 6814 
61 6814 
62 6806 
63 6798 
64 6786 
65 6780 
66 6778 
67 6764 
68 6760 
69 6720 
70 6712 
71 6706 
72 6690 
73 6686 
74 6682 
75 6682 
76 6672 
77 6630 
78 6628 
79 6612 
80 6592 
81 6576 
82 6572 
83 6560 
84 6560 
85 6558 
86 6550 
87 6550 
88 6544 
89 6544 
90 6504 
91 6502 
92 6494 
93 6490 
94 6488 
95 6484 
96 6476 
97 6472 
98 6452 
99 6444 
100 6442 
101 6422 
102 6402 
103 6390 
104 6382 
105 6382 
106 6378 
107 6370 
108 6366 
109 6338 
110 6334 
111 6326 
112 6310 
113 6302 
114 6292 
115 6284 
116 6248 
117 6240 
118 6232 
119 6228 
120 6224 
121 6224 

