0 326658 
1 324322 
2 320794 
3 319132 
4 318362 
5 316914 
6 316098 
7 316008 
8 314442 
9 312664 
10 310824 
11 310618 
12 309138 
13 306878 
14 304804 
15 304384 
16 301464 
17 301154 
18 300640 
19 298098 
20 295904 
21 294244 
22 294216 
23 294158 
24 292690 
25 292612 
26 291362 
27 286636 
28 285506 
29 284212 
30 283054 
31 281942 
32 281882 
33 281486 
34 279186 
35 278814 
36 278592 
37 276254 
38 275524 
39 273488 
40 272596 
41 272260 
42 271760 
43 266646 
44 265092 
45 264830 
46 263966 
47 263574 
48 262152 
49 261004 
50 260826 
51 260618 
52 259348 
53 258220 
54 257300 
55 256068 
56 255676 
57 254996 
58 253748 
59 249420 
60 246624 
61 245702 
62 240436 
63 240436 

