0 474866 
1 474618 
2 471842 
3 469594 
4 466800 
5 466038 
6 464370 
7 462208 
8 458120 
9 457580 
10 457058 
11 454436 
12 452546 
13 451958 
14 451224 
15 449278 
16 448976 
17 447806 
18 446692 
19 445452 
20 442716 
21 440602 
22 440328 
23 439326 
24 436494 
25 432966 
26 430892 
27 427482 
28 422772 
29 422148 
30 421152 
31 420354 
32 415506 
33 415180 
34 410880 
35 410676 
36 410206 
37 408280 
38 406280 
39 403798 
40 399924 
41 398706 
42 397840 
43 397430 
44 396916 
45 394914 
46 390342 
47 386160 
48 385620 
49 384358 
50 382368 
51 367238 
52 366264 
53 366264 

