0 318922 
1 317152 
2 316226 
3 315370 
4 314798 
5 313116 
6 313112 
7 310014 
8 308564 
9 308302 
10 306900 
11 306776 
12 306054 
13 304758 
14 304342 
15 304312 
16 304308 
17 303482 
18 303354 
19 303130 
20 302582 
21 299992 
22 299202 
23 296892 
24 295776 
25 294996 
26 293434 
27 293238 
28 292748 
29 290636 
30 285894 
31 285848 
32 285740 
33 283162 
34 281716 
35 278840 
36 277910 
37 277294 
38 275176 
39 274104 
40 273340 
41 272738 
42 269784 
43 268250 
44 266336 
45 262976 
46 262944 
47 260154 
48 259546 
49 258590 
50 256414 
51 255950 
52 254834 
53 253398 
54 252704 
55 249710 
56 249090 
57 248982 
58 247956 
59 245312 
60 245312 

