0 311764 
1 309604 
2 308586 
3 307744 
4 306104 
5 304024 
6 303478 
7 301786 
8 301172 
9 301142 
10 297618 
11 295856 
12 295398 
13 292148 
14 291470 
15 290428 
16 289216 
17 288624 
18 283626 
19 283600 
20 281758 
21 281070 
22 280698 
23 280206 
24 280202 
25 278158 
26 277978 
27 277958 
28 277882 
29 277116 
30 274788 
31 274088 
32 272206 
33 270494 
34 265770 
35 265382 
36 263074 
37 258754 
38 256350 
39 253628 
40 250684 
41 250624 
42 249722 
43 248156 
44 245858 
45 240968 
46 238954 
47 238502 
48 238134 
49 238134 

