0 464264 
1 460610 
2 460158 
3 457572 
4 455436 
5 454284 
6 453044 
7 449844 
8 448800 
9 448480 
10 446364 
11 444352 
12 441782 
13 441262 
14 437070 
15 435286 
16 433474 
17 432374 
18 430672 
19 429392 
20 427278 
21 427088 
22 423284 
23 421454 
24 420204 
25 419752 
26 417320 
27 416404 
28 409358 
29 406854 
30 405696 
31 404578 
32 403422 
33 401282 
34 400278 
35 399914 
36 395470 
37 393558 
38 389868 
39 389200 
40 387116 
41 386008 
42 381478 
43 379038 
44 375118 
45 367430 
46 365674 
47 364426 
48 364426 

