0 342360 
1 341872 
2 340644 
3 337706 
4 336420 
5 336070 
6 335654 
7 333856 
8 332154 
9 328506 
10 325370 
11 319718 
12 314154 
13 313560 
14 312974 
15 310146 
16 309426 
17 303100 
18 301302 
19 298966 
20 293214 
21 293204 
22 291852 
23 291590 
24 291236 
25 290880 
26 288560 
27 285676 
28 284154 
29 283726 
30 282774 
31 280876 
32 280378 
33 277748 
34 276318 
35 273626 
36 273604 
37 272774 
38 270036 
39 269844 
40 266520 
41 264256 
42 263050 
43 258674 
44 257738 
45 257402 
46 251626 
47 249676 
48 248512 
49 248512 

