0 461326 
1 455898 
2 454072 
3 452480 
4 448932 
5 448704 
6 448060 
7 445218 
8 444656 
9 443318 
10 439994 
11 439596 
12 428790 
13 427438 
14 427152 
15 424350 
16 422654 
17 422490 
18 422366 
19 421002 
20 420086 
21 413844 
22 407628 
23 404694 
24 403940 
25 401488 
26 400224 
27 397468 
28 397250 
29 396710 
30 390322 
31 388178 
32 387290 
33 386450 
34 385688 
35 385650 
36 382278 
37 381952 
38 381178 
39 377898 
40 375084 
41 371076 
42 371004 
43 370698 
44 367348 
45 359552 
46 358912 
47 358912 

