0 921836 
1 921288 
2 921068 
3 917248 
4 915358 
5 913302 
6 912798 
7 912636 
8 912084 
9 911366 
10 907366 
11 906772 
12 906552 
13 904452 
14 904260 
15 903530 
16 901848 
17 898290 
18 897446 
19 896988 
20 896798 
21 895358 
22 893644 
23 890824 
24 890044 
25 889466 
26 888536 
27 888270 
28 888058 
29 887942 
30 886510 
31 883896 
32 882616 
33 880964 
34 878532 
35 878266 
36 874942 
37 870858 
38 869720 
39 869606 
40 869084 
41 868652 
42 868594 
43 867148 
44 866702 
45 866626 
46 866344 
47 863504 
48 863090 
49 861282 
50 861232 
51 854244 
52 853018 
53 849264 
54 846006 
55 845296 
56 842598 
57 841700 
58 841146 
59 836620 
60 832380 
61 830704 
62 830324 
63 827546 
64 824630 
65 816662 
66 815012 
67 809460 
68 807026 
69 802834 
70 801816 
71 797066 
72 790490 
73 789496 
74 788444 
75 782600 
76 777608 
77 777008 
78 774546 
79 774208 
80 770446 
81 766252 
82 761860 
83 761026 
84 759722 
85 758434 
86 757554 
87 755664 
88 750936 
89 750318 
90 749336 
91 748414 
92 748414 

