0 127334 
1 120386 
2 119802 
3 119722 
4 119298 
5 116118 
6 115670 
7 115398 
8 114866 
9 113844 
10 113578 
11 110282 
12 109466 
13 107690 
14 106130 
15 105930 
16 105514 
17 105128 
18 104068 
19 101976 
20 101796 
21 101140 
22 100804 
23 100494 
24 95874 
25 95778 
26 95490 
27 94742 
28 94410 
29 93746 
30 93422 
31 93390 
32 91358 
33 90188 
34 90168 
35 89852 
36 89668 
37 89428 
38 89152 
39 89128 
40 87168 
41 86478 
42 86094 
43 85794 
44 85170 
45 83758 
46 82644 
47 81796 
48 80956 
49 79626 
50 77944 
51 77524 
52 76356 
53 76096 
54 74846 
55 74182 
56 73742 
57 72718 
58 72446 
59 72114 
60 70142 
61 69694 
62 68902 
63 67052 
64 66988 
65 66944 
66 66040 
67 65618 
68 65594 
69 65528 
70 64292 
71 64064 
72 62940 
73 62700 
74 62584 
75 61598 
76 61454 
77 60938 
78 60534 
79 60522 
80 60372 
81 60008 
82 59960 
83 59380 
84 59276 
85 58590 
86 58410 
87 58394 
88 57718 
89 56654 
90 56174 
91 55758 
92 55492 
93 55476 
94 55140 
95 54976 
96 54822 
97 54318 
98 54238 
99 54142 
100 54142 

