0 113204 
1 112928 
2 112100 
3 111524 
4 111140 
5 107360 
6 107128 
7 106508 
8 104814 
9 103478 
10 103454 
11 101214 
12 100410 
13 100234 
14 100114 
15 100026 
16 99348 
17 98596 
18 98436 
19 98260 
20 98020 
21 95960 
22 95094 
23 94854 
24 94742 
25 93646 
26 93064 
27 92968 
28 92896 
29 92524 
30 91752 
31 91512 
32 90984 
33 90708 
34 90656 
35 90140 
36 89492 
37 89332 
38 87302 
39 86886 
40 86678 
41 84798 
42 83866 
43 81226 
44 79460 
45 78900 
46 78488 
47 78248 
48 76932 
49 76516 
50 75944 
51 75130 
52 73798 
53 73322 
54 72430 
55 71758 
56 70878 
57 70218 
58 70198 
59 69578 
60 69302 
61 69186 
62 69066 
63 67654 
64 67566 
65 65442 
66 65170 
67 65100 
68 64658 
69 64442 
70 62742 
71 62358 
72 61702 
73 59958 
74 59928 
75 59390 
76 58942 
77 58920 
78 58420 
79 57660 
80 57516 
81 57362 
82 56882 
83 56258 
84 55980 
85 55320 
86 55320 

