0 98706 
1 98148 
2 97908 
3 97640 
4 95352 
5 94544 
6 94352 
7 93370 
8 93266 
9 88994 
10 88658 
11 88110 
12 88078 
13 87688 
14 87190 
15 85664 
16 85588 
17 84778 
18 84466 
19 82590 
20 82440 
21 82090 
22 81802 
23 81270 
24 80566 
25 79670 
26 77818 
27 75988 
28 75306 
29 74502 
30 74230 
31 73514 
32 73130 
33 72934 
34 72018 
35 71622 
36 68478 
37 68322 
38 66966 
39 66902 
40 66770 
41 65892 
42 65832 
43 65226 
44 64836 
45 64388 
46 64148 
47 63404 
48 61872 
49 61658 
50 61622 
51 61478 
52 60438 
53 59216 
54 59116 
55 58316 
56 57952 
57 56724 
58 56672 
59 56394 
60 56326 
61 55304 
62 55100 
63 55068 
64 55060 
65 55060 

