0 114428 
1 112500 
2 110956 
3 110740 
4 109706 
5 108986 
6 108890 
7 108598 
8 105638 
9 104270 
10 104182 
11 103242 
12 100116 
13 99940 
14 99540 
15 98856 
16 98236 
17 98080 
18 97624 
19 96532 
20 95930 
21 95072 
22 94284 
23 94196 
24 92528 
25 92444 
26 92060 
27 91656 
28 91004 
29 90780 
30 89520 
31 88356 
32 87792 
33 87096 
34 86608 
35 86292 
36 85990 
37 85676 
38 84816 
39 84764 
40 84254 
41 83078 
42 82810 
43 82646 
44 81638 
45 80412 
46 80076 
47 79584 
48 79464 
49 78992 
50 78902 
51 76066 
52 75634 
53 75256 
54 74898 
55 74286 
56 73704 
57 72200 
58 71634 
59 70822 
60 67650 
61 67206 
62 66854 
63 66460 
64 65432 
65 65160 
66 64280 
67 63594 
68 62374 
69 61458 
70 61342 
71 60654 
72 60150 
73 59906 
74 59466 
75 59222 
76 58704 
77 58504 
78 57108 
79 56864 
80 55948 
81 55694 
82 55572 
83 55560 
84 55480 
85 54238 
86 53602 
87 53602 

