0 69178 
1 68298 
2 67816 
3 65634 
4 64286 
5 63550 
6 62566 
7 60490 
8 60322 
9 57514 
10 57334 
11 57234 
12 56430 
13 56282 
14 54602 
15 54348 
16 53860 
17 52458 
18 50862 
19 50848 
20 50640 
21 50300 
22 49616 
23 48868 
24 48608 
25 48428 
26 48344 
27 47364 
28 46900 
29 46704 
30 46356 
31 45890 
32 43820 
33 43316 
34 43088 
35 42466 
36 42210 
37 41850 
38 41566 
39 41292 
40 41070 
41 40508 
42 40034 
43 39498 
44 39318 
45 38538 
46 38370 
47 37670 
48 37610 
49 37498 
50 36810 
51 36382 
52 36080 
53 35704 
54 35132 
55 35080 
56 33380 
57 33380 

