0 91758 
1 91608 
2 87608 
3 87564 
4 87204 
5 87106 
6 86866 
7 85394 
8 83828 
9 83524 
10 83258 
11 82058 
12 81974 
13 80654 
14 80574 
15 79976 
16 79348 
17 78040 
18 77284 
19 77264 
20 77256 
21 76276 
22 75576 
23 74568 
24 73888 
25 73734 
26 73706 
27 72606 
28 71102 
29 70472 
30 70240 
31 69832 
32 68968 
33 68652 
34 67852 
35 67520 
36 65754 
37 65662 
38 65398 
39 65158 
40 64946 
41 63986 
42 62698 
43 62458 
44 61710 
45 60922 
46 60866 
47 60854 
48 60700 
49 60380 
50 59876 
51 59628 
52 58224 
53 58160 
54 57680 
55 57188 
56 57088 
57 56724 
58 56672 
59 56394 
60 56326 
61 55304 
62 55100 
63 55068 
64 55060 
65 55060 

