0 99224 
1 94456 
2 94372 
3 94286 
4 93846 
5 93554 
6 92860 
7 92228 
8 88934 
9 88674 
10 88366 
11 85742 
12 85198 
13 84026 
14 83910 
15 83878 
16 82566 
17 81118 
18 79642 
19 79606 
20 79570 
21 78926 
22 78694 
23 78428 
24 78244 
25 78160 
26 77252 
27 75640 
28 75608 
29 75366 
30 75202 
31 74738 
32 74198 
33 73102 
34 72562 
35 72246 
36 70742 
37 68922 
38 68278 
39 67952 
40 67304 
41 67064 
42 66400 
43 65164 
44 64304 
45 62198 
46 61120 
47 60756 
48 60664 
49 60388 
50 60372 
51 59920 
52 59714 
53 58734 
54 58474 
55 57758 
56 57396 
57 56848 
58 56758 
59 55662 
60 55514 
61 55336 
62 54976 
63 54822 
64 54318 
65 54238 
66 53602 
67 53602 

