0 103474 
1 102832 
2 101932 
3 101752 
4 101040 
5 100772 
6 96906 
7 96858 
8 96442 
9 96386 
10 95628 
11 94524 
12 94344 
13 93868 
14 93102 
15 92382 
16 91990 
17 91876 
18 91876 
19 91552 
20 91316 
21 91256 
22 90960 
23 87274 
24 87216 
25 86460 
26 86280 
27 86280 
28 85676 
29 84046 
30 83566 
31 81442 
32 81182 
33 79838 
34 78286 
35 78106 
36 77242 
37 76926 
38 76596 
39 75886 
40 75786 
41 74130 
42 74066 
43 73858 
44 70740 
45 68584 
46 68080 
47 67878 
48 67370 
49 64528 
50 64140 
51 64024 
52 63612 
53 63004 
54 62460 
55 62194 
56 61346 
57 61080 
58 60432 
59 60160 
60 60028 
61 59652 
62 59412 
63 59302 
64 59146 
65 58402 
66 58258 
67 56862 
68 56758 
69 55746 
70 55314 
71 53350 
72 53270 
73 53114 
74 53114 

