0 97312 
1 96772 
2 96592 
3 96212 
4 95916 
5 95364 
6 94440 
7 94344 
8 93284 
9 93260 
10 92540 
11 92244 
12 92128 
13 91848 
14 91448 
15 91158 
16 89766 
17 89734 
18 89438 
19 89150 
20 89014 
21 88404 
22 87386 
23 86314 
24 85538 
25 85284 
26 84388 
27 83758 
28 83094 
29 81528 
30 81028 
31 80728 
32 80032 
33 79952 
34 79716 
35 77628 
36 76366 
37 76258 
38 74510 
39 74394 
40 74218 
41 74096 
42 72752 
43 72704 
44 71504 
45 69130 
46 67846 
47 67738 
48 67678 
49 66606 
50 66590 
51 66486 
52 65470 
53 64362 
54 64094 
55 63794 
56 62994 
57 62758 
58 62026 
59 61648 
60 61280 
61 60024 
62 59544 
63 59500 
64 59396 
65 59060 
66 58650 
67 58420 
68 57678 
69 57534 
70 57380 
71 56724 
72 56660 
73 56180 
74 55016 
75 54356 
76 54356 

