0 88100 
1 87976 
2 86352 
3 85692 
4 85628 
5 85628 
6 85538 
7 84704 
8 84172 
9 82692 
10 82528 
11 82080 
12 81986 
13 81722 
14 81074 
15 80198 
16 80094 
17 79290 
18 79226 
19 79070 
20 77008 
21 76468 
22 75866 
23 75270 
24 73670 
25 72950 
26 72612 
27 72152 
28 71182 
29 70798 
30 70742 
31 70722 
32 70456 
33 69596 
34 69356 
35 69308 
36 69304 
37 69284 
38 67312 
39 67184 
40 65904 
41 65822 
42 65026 
43 64546 
44 64470 
45 64278 
46 64270 
47 63802 
48 63496 
49 61598 
50 61050 
51 60902 
52 60822 
53 60464 
54 60196 
55 59952 
56 59620 
57 59440 
58 59090 
59 58726 
60 58498 
61 58406 
62 57818 
63 55926 
64 55554 
65 55554 

