0 73136 
1 71302 
2 70810 
3 69426 
4 66712 
5 65398 
6 61938 
7 61748 
8 61372 
9 61086 
10 60844 
11 60724 
12 60560 
13 60314 
14 60250 
15 59156 
16 58928 
17 58660 
18 56302 
19 56002 
20 55622 
21 55026 
22 54694 
23 54154 
24 52738 
25 52660 
26 52558 
27 50822 
28 49798 
29 49650 
30 49514 
31 49210 
32 48654 
33 46642 
34 46534 
35 46192 
36 45802 
37 45494 
38 44870 
39 44334 
40 43462 
41 43228 
42 43006 
43 42670 
44 42130 
45 41530 
46 41470 
47 41236 
48 40958 
49 40294 
50 40196 
51 40000 
52 39700 
53 39604 
54 38982 
55 38478 
56 38236 
57 38056 
58 37758 
59 37262 
60 35702 
61 35136 
62 35104 
63 34958 
64 33278 
65 32992 
66 32976 
67 32976 

