0 117630 
1 112584 
2 111816 
3 110920 
4 107768 
5 107378 
6 107262 
7 106578 
8 105214 
9 104946 
10 104138 
11 103996 
12 103556 
13 103088 
14 102932 
15 100884 
16 100642 
17 100050 
18 99736 
19 98628 
20 97856 
21 96866 
22 96154 
23 95650 
24 95078 
25 94926 
26 93918 
27 93732 
28 92692 
29 90386 
30 90002 
31 89762 
32 89556 
33 88918 
34 88662 
35 88198 
36 88142 
37 87606 
38 86712 
39 85300 
40 84758 
41 84638 
42 84110 
43 82758 
44 81486 
45 81422 
46 81120 
47 77990 
48 77962 
49 77834 
50 77274 
51 77026 
52 76882 
53 76250 
54 75264 
55 75108 
56 75020 
57 73998 
58 69230 
59 68960 
60 68416 
61 68276 
62 66996 
63 66852 
64 66656 
65 66484 
66 66366 
67 65978 
68 65668 
69 65560 
70 65252 
71 65108 
72 64842 
73 64632 
74 64234 
75 64214 
76 63722 
77 62822 
78 61284 
79 60956 
80 60818 
81 60728 
82 60364 
83 60260 
84 60234 
85 59548 
86 59334 
87 58942 
88 58526 
89 58410 
90 58170 
91 57422 
92 57064 
93 56748 
94 56148 
95 55668 
96 55164 
97 53108 
98 53108 

