0 265228 
1 264358 
2 263876 
3 263438 
4 262038 
5 260958 
6 259102 
7 256154 
8 255600 
9 253996 
10 252380 
11 251018 
12 250546 
13 249158 
14 248660 
15 247204 
16 246982 
17 246470 
18 242342 
19 242034 
20 240906 
21 240328 
22 239670 
23 239378 
24 239236 
25 238874 
26 237994 
27 237020 
28 236764 
29 236614 
30 236182 
31 233632 
32 233572 
33 232972 
34 232732 
35 231490 
36 231334 
37 228764 
38 228564 
39 226644 
40 225218 
41 224222 
42 222660 
43 222580 
44 221588 
45 221324 
46 220574 
47 220408 
48 220014 
49 219894 
50 219342 
51 218442 
52 214550 
53 213200 
54 212894 
55 211994 
56 211206 
57 211168 
58 209954 
59 209206 
60 207514 
61 206502 
62 206390 
63 206154 
64 206010 
65 204760 
66 203740 
67 203588 
68 201130 
69 198254 
70 197770 
71 196942 
72 196300 
73 195700 
74 193690 
75 192970 
76 192532 
77 191828 
78 190666 
79 188266 
80 188128 
81 188076 
82 186880 
83 186788 
84 186174 
85 184170 
86 183942 
87 183726 
88 183152 
89 182408 
90 179496 
91 177664 
92 175220 
93 174164 
94 172822 
95 172046 
96 171184 
97 170980 
98 169992 
99 169208 
100 168644 
101 167890 
102 167454 
103 166374 
104 165248 
105 165004 
106 162478 
107 161746 
108 161508 
109 161364 
110 160120 
111 159784 
112 159420 
113 158556 
114 157636 
115 157380 
116 156556 
117 156364 
118 155442 
119 153114 
120 152982 
121 151594 
122 150232 
123 150004 
124 149838 
125 148366 
126 147756 
127 147052 
128 146636 
129 145222 
130 144854 
131 141152 
132 140708 
133 140332 
134 138772 
135 138616 
136 138174 
137 137694 
138 136982 
139 135736 
140 135368 
141 133302 
142 130730 
143 128674 
144 128450 
145 128312 
146 126902 
147 124142 
148 123262 
149 121326 
150 121152 
151 120740 
152 120596 
153 120296 
154 119920 
155 119608 
156 118902 
157 118128 
158 116868 
159 116828 
160 116702 
161 115106 
162 114758 
163 114546 
164 114546 

