0 227034 
1 226326 
2 224826 
3 224314 
4 224158 
5 223610 
6 223070 
7 221000 
8 220260 
9 218868 
10 218484 
11 218268 
12 216108 
13 215844 
14 214512 
15 211740 
16 210068 
17 208760 
18 208636 
19 208296 
20 205280 
21 205052 
22 202568 
23 201260 
24 200324 
25 200148 
26 197828 
27 197652 
28 197256 
29 197240 
30 195352 
31 195310 
32 195154 
33 194340 
34 192610 
35 192074 
36 191430 
37 190672 
38 190522 
39 190378 
40 189854 
41 188954 
42 188484 
43 187720 
44 187100 
45 186676 
46 186504 
47 185124 
48 182578 
49 181400 
50 179348 
51 178580 
52 177924 
53 177782 
54 176966 
55 176870 
56 171470 
57 170144 
58 170046 
59 168638 
60 168444 
61 168136 
62 167624 
63 167272 
64 167134 
65 166548 
66 166484 
67 166168 
68 165684 
69 164450 
70 164354 
71 162614 
72 162052 
73 159720 
74 158224 
75 157256 
76 156128 
77 155466 
78 154398 
79 154082 
80 153860 
81 151082 
82 151002 
83 150190 
84 150162 
85 149342 
86 149104 
87 147378 
88 146772 
89 146112 
90 144368 
91 144232 
92 143774 
93 142648 
94 142144 
95 142052 
96 140954 
97 140298 
98 138998 
99 137126 
100 136270 
101 136030 
102 135030 
103 134626 
104 134216 
105 133054 
106 132142 
107 132064 
108 130568 
109 130040 
110 128234 
111 127832 
112 127726 
113 126894 
114 126466 
115 125830 
116 125794 
117 125158 
118 124494 
119 123890 
120 123822 
121 123566 
122 122582 
123 120398 
124 119762 
125 118498 
126 117954 
127 116698 
128 116060 
129 116060 

