0 178816 
1 178588 
2 171196 
3 170656 
4 170284 
5 170090 
6 169260 
7 169212 
8 167372 
9 167252 
10 166840 
11 165750 
12 164310 
13 162768 
14 162164 
15 161130 
16 159822 
17 159148 
18 158704 
19 157846 
20 156082 
21 152632 
22 152528 
23 150786 
24 150138 
25 147840 
26 147734 
27 147572 
28 147296 
29 146082 
30 145954 
31 141870 
32 140650 
33 139274 
34 137908 
35 136300 
36 136152 
37 135496 
38 135328 
39 134936 
40 134832 
41 134580 
42 134476 
43 134398 
44 133486 
45 133462 
46 133454 
47 131160 
48 129098 
49 127756 
50 127628 
51 127038 
52 125098 
53 124558 
54 121380 
55 120852 
56 118156 
57 115142 
58 114818 
59 114590 
60 114374 
61 113660 
62 113348 
63 113348 

