0 276799316 
1 276662989 
2 276605216 
3 234817142 
4 234755817 
5 234713096 
6 234701754 
7 234692996 
8 234686372 
9 54205802 
10 54199653 
11 54154576 
12 54061971 
13 54012676 
14 53952230 
15 53935759 
16 53933930 
17 53932899 
18 53926193 
19 53926160 
20 53895474 
21 53888795 
22 53822892 
23 53776505 
24 53772002 
25 53735793 
26 53695554 
27 53687187 
28 53622286 
29 53608637 
30 53555067 
31 53553616 
32 53457719 
33 53393542 
34 53153507 
35 53111481 
36 53086243 
37 53010470 
38 52982008 
39 52968701 
40 52946045 
41 52941205 
42 52936742 
43 52910872 
44 52905010 
45 52904294 
46 52863864 
47 52857789 
48 52847889 
49 52686425 
50 52669925 
51 52609801 
52 52605283 
53 52579207 
54 52574522 
55 52489460 
56 52486505 
57 52420160 
58 52409318 
59 52404908 
60 52379766 
61 52379418 
62 52370498 
63 52341037 
64 52315741 
65 52276376 
66 52255540 
67 52228357 
68 52203548 
69 52154503 
70 52127292 
71 52105720 
72 52067758 
73 52064833 
74 52032997 
75 52032627 
76 51995983 
77 51979313 
78 51861862 
79 51857527 
80 51786763 
81 51765268 
82 51765268 

