0 70343283 
1 65560984 
2 65255526 
3 65217978 
4 62083174 
5 62065728 
6 61971748 
7 61008502 
8 60989660 
9 60964781 
10 60950828 
11 58943397 
12 54253455 
13 53983934 
14 53782246 
15 53307636 
16 51779174 
17 51775703 
18 51121927 
19 51116263 
20 50857440 
21 50674805 
22 50528011 
23 50514323 
24 50113559 
25 49950715 
26 48603892 
27 46636369 
28 46636175 
29 46238485 
30 45540366 
31 45530693 
32 44966970 
33 44716607 
34 44320114 
35 44196986 
36 43325017 
37 43052599 
38 42036225 
39 42024832 
40 41652252 
41 40934570 
42 40909894 
43 40876092 
44 40876092 

