0 297384435 
1 297365344 
2 53958223 
3 53944254 
4 53934773 
5 53859181 
6 53818890 
7 53813817 
8 53783679 
9 53778619 
10 53763164 
11 53755412 
12 53719388 
13 53699700 
14 53647750 
15 53645379 
16 53556068 
17 53553153 
18 53431595 
19 53422498 
20 53385378 
21 53365879 
22 53346669 
23 53314727 
24 53273673 
25 53262272 
26 53215169 
27 53157077 
28 53094749 
29 53089486 
30 53071619 
31 53068298 
32 53048381 
33 52929333 
34 52852935 
35 52852023 
36 52798707 
37 52779798 
38 52740392 
39 52634669 
40 52589983 
41 52498020 
42 52494169 
43 52489858 
44 52459589 
45 52450798 
46 52448461 
47 52393106 
48 52352400 
49 52275451 
50 52258419 
51 52222123 
52 52216712 
53 52212702 
54 52180644 
55 52169104 
56 52126465 
57 52125412 
58 52121679 
59 52079853 
60 52059983 
61 52058847 
62 52035401 
63 52030336 
64 52028913 
65 52028913 

