0 87352724 
1 86942681 
2 86760504 
3 85099879 
4 83905728 
5 83882413 
6 83869496 
7 83854928 
8 83725231 
9 83162425 
10 83156489 
11 80533889 
12 78996981 
13 77390970 
14 75524373 
15 75518881 
16 74160780 
17 74160334 
18 73833145 
19 70367969 
20 68994695 
21 68444930 
22 68378347 
23 67558482 
24 67528712 
25 67487331 
26 67486676 
27 67468105 
28 66490888 
29 61049205 
30 59999776 
31 59999302 
32 59792863 
33 58851669 
34 58849110 
35 58778679 
36 58165704 
37 58164667 
38 57335918 
39 56334174 
40 56139752 
41 56029367 
42 55995290 
43 55584671 
44 55118145 
45 54675772 
46 54363553 
47 54082196 
48 52941787 
49 52769808 
50 52451541 
51 51426769 
52 51225912 
53 50759785 
54 50757226 
55 49679603 
56 49156755 
57 49067179 
58 49053655 
59 49036097 
60 48503644 
61 48355176 
62 48347829 
63 47939232 
64 47557957 
65 47310448 
66 47296499 
67 46909480 
68 45598999 
69 45475865 
70 45195155 
71 44678513 
72 44676894 
73 44357053 
74 44354452 
75 44257795 
76 44253467 
77 44117467 
78 43208037 
79 43208037 

