0 325294 
1 321562 
2 320916 
3 310778 
4 310154 
5 307060 
6 306814 
7 306190 
8 303076 
9 302968 
10 301676 
11 301272 
12 300746 
13 299254 
14 299024 
15 295684 
16 294836 
17 286928 
18 285744 
19 285022 
20 283676 
21 283266 
22 282728 
23 282362 
24 280388 
25 280364 
26 279582 
27 277184 
28 276912 
29 275930 
30 273048 
31 272242 
32 271914 
33 271102 
34 271068 
35 268374 
36 264156 
37 263422 
38 262176 
39 261430 
40 259322 
41 257790 
42 256848 
43 256438 
44 249860 
45 245610 
46 244806 
47 244238 
48 242546 
49 242546 

