0 322716 
1 321994 
2 320094 
3 315174 
4 312804 
5 309536 
6 307746 
7 307484 
8 303808 
9 301804 
10 301600 
11 301472 
12 299960 
13 298944 
14 298674 
15 296390 
16 295620 
17 295492 
18 292358 
19 290920 
20 289252 
21 289010 
22 284368 
23 279524 
24 275608 
25 274048 
26 273444 
27 273432 
28 273192 
29 265910 
30 265022 
31 262074 
32 259430 
33 259412 
34 257246 
35 257124 
36 255308 
37 254486 
38 250620 
39 249740 
40 247708 
41 243896 
42 243542 
43 242958 
44 238836 
45 238648 
46 238648 

