0 591974 
1 591316 
2 587414 
3 587054 
4 584428 
5 583968 
6 579346 
7 579034 
8 575950 
9 570050 
10 566526 
11 566274 
12 565986 
13 565898 
14 565588 
15 563604 
16 562570 
17 561992 
18 559528 
19 559462 
20 558216 
21 557392 
22 556876 
23 556722 
24 555854 
25 554362 
26 553070 
27 551644 
28 550250 
29 542702 
30 542452 
31 537054 
32 536654 
33 534064 
34 533596 
35 533494 
36 528934 
37 528656 
38 528004 
39 527850 
40 527336 
41 527214 
42 522010 
43 519246 
44 515090 
45 512522 
46 512522 

