0 415232828 
1 401659075 
2 297161322 
3 297159667 
4 278098796 
5 278078766 
6 234076679 
7 53715765 
8 53662883 
9 53641553 
10 53619422 
11 53609461 
12 53596722 
13 53437605 
14 53430861 
15 53368709 
16 53300858 
17 53286993 
18 53262108 
19 53244588 
20 53211521 
21 53200871 
22 53135970 
23 53088481 
24 53071577 
25 53040212 
26 53022624 
27 53020795 
28 52999001 
29 52986857 
30 52973806 
31 52961802 
32 52941044 
33 52936455 
34 52926965 
35 52880352 
36 52861247 
37 52852878 
38 52830878 
39 52783348 
40 52737422 
41 52705245 
42 52702517 
43 52679455 
44 52640785 
45 52626542 
46 52581016 
47 52538220 
48 52511651 
49 52508912 
50 52507693 
51 52500888 
52 52475749 
53 52470289 
54 52454897 
55 52451017 
56 52428624 
57 52415466 
58 52363282 
59 52333942 
60 52325338 
61 52306875 
62 52302174 
63 52283553 
64 52282128 
65 52279167 
66 52273068 
67 52259952 
68 52199609 
69 52163735 
70 52162619 
71 52148259 
72 52143301 
73 52089978 
74 52030440 
75 51994682 
76 51993478 
77 51986758 
78 51986553 
79 51986170 
80 51954692 
81 51941450 
82 51941450 

