0 616130 
1 615214 
2 615154 
3 614786 
4 612300 
5 612058 
6 610304 
7 609540 
8 608742 
9 606240 
10 603856 
11 603518 
12 602458 
13 601644 
14 601192 
15 598252 
16 596790 
17 595204 
18 595008 
19 594250 
20 594142 
21 591190 
22 590518 
23 590422 
24 585690 
25 585568 
26 584652 
27 583758 
28 579894 
29 577352 
30 576836 
31 574994 
32 570140 
33 568434 
34 564484 
35 562966 
36 561776 
37 560888 
38 560734 
39 560256 
40 552458 
41 549012 
42 548766 
43 548010 
44 547646 
45 544176 
46 543524 
47 542290 
48 540562 
49 539376 
50 534280 
51 534028 
52 530996 
53 528374 
54 528230 
55 528082 
56 527384 
57 525552 
58 524944 
59 524926 
60 522878 
61 522536 
62 517956 
63 515694 
64 514452 
65 514180 
66 513802 
67 512720 
68 503298 
69 503298 

