0 296950293 
1 296931792 
2 233946384 
3 53699071 
4 53666840 
5 53652899 
6 53636380 
7 53625042 
8 53617553 
9 53566392 
10 53485186 
11 53479593 
12 53452409 
13 53440443 
14 53307088 
15 53222064 
16 53219135 
17 53188053 
18 53149497 
19 53102780 
20 53095924 
21 52996187 
22 52912418 
23 52885467 
24 52879036 
25 52840631 
26 52838106 
27 52797207 
28 52795104 
29 52786244 
30 52759637 
31 52728840 
32 52701983 
33 52689780 
34 52682304 
35 52666548 
36 52645197 
37 52644568 
38 52625275 
39 52620172 
40 52603700 
41 52585728 
42 52551709 
43 52538334 
44 52432442 
45 52417880 
46 52366066 
47 52299271 
48 52246188 
49 52223923 
50 52217906 
51 52190952 
52 52180819 
53 52177346 
54 52171495 
55 52138035 
56 52135884 
57 52111680 
58 52110120 
59 52109881 
60 52109014 
61 52097580 
62 52028728 
63 52009611 
64 51994651 
65 51988709 
66 51970754 
67 51970754 

