0 347902065 
1 54185531 
2 54173970 
3 54169749 
4 54133901 
5 54109426 
6 54009438 
7 54005336 
8 53958820 
9 53941775 
10 53919829 
11 53900998 
12 53898576 
13 53888370 
14 53863393 
15 53849834 
16 53812884 
17 53795730 
18 53710842 
19 53661875 
20 53621336 
21 53589433 
22 53530946 
23 53465023 
24 53451235 
25 53423153 
26 53405272 
27 53313963 
28 53278652 
29 53209093 
30 53186238 
31 53179128 
32 52992627 
33 52940236 
34 52939688 
35 52929966 
36 52910136 
37 52907907 
38 52892765 
39 52872943 
40 52864260 
41 52812867 
42 52795612 
43 52794122 
44 52771470 
45 52750329 
46 52723271 
47 52711783 
48 52705252 
49 52700908 
50 52604442 
51 52413617 
52 52355697 
53 52340852 
54 52338913 
55 52337667 
56 52312560 
57 52307091 
58 52303306 
59 52266744 
60 52247812 
61 52224755 
62 52212361 
63 52201332 
64 52174334 
65 52126187 
66 52115240 
67 52092163 
68 52085646 
69 52060423 
70 52058975 
71 52058648 
72 52056157 
73 52047100 
74 52024734 
75 51987792 
76 51972947 
77 51929307 
78 51927299 
79 51927299 

