0 609282 
1 607128 
2 606250 
3 604592 
4 602910 
5 602410 
6 598892 
7 594040 
8 594022 
9 593440 
10 593326 
11 590924 
12 590920 
13 589470 
14 588174 
15 587232 
16 583972 
17 582088 
18 581002 
19 578914 
20 578168 
21 576398 
22 574056 
23 573894 
24 571736 
25 569576 
26 569480 
27 565908 
28 565634 
29 563048 
30 561518 
31 561420 
32 558456 
33 553286 
34 550914 
35 549968 
36 549470 
37 549296 
38 548624 
39 546874 
40 545830 
41 543022 
42 542390 
43 541762 
44 541554 
45 540776 
46 538022 
47 537648 
48 536932 
49 534050 
50 533674 
51 533616 
52 533204 
53 529768 
54 525462 
55 520728 
56 520226 
57 514758 
58 514758 

