0 318624 
1 318524 
2 316906 
3 313750 
4 312714 
5 310222 
6 309226 
7 309118 
8 309034 
9 305772 
10 305748 
11 303966 
12 303930 
13 303718 
14 301218 
15 299048 
16 298378 
17 296764 
18 294966 
19 293960 
20 292816 
21 285774 
22 285638 
23 284060 
24 282496 
25 281054 
26 279484 
27 278872 
28 274920 
29 274340 
30 273362 
31 272904 
32 272176 
33 272046 
34 271242 
35 270446 
36 267896 
37 267504 
38 266662 
39 265486 
40 261476 
41 259640 
42 258664 
43 254156 
44 252426 
45 249344 
46 246114 
47 242108 
48 242108 

