0 81154844 
1 80124955 
2 79755925 
3 77991821 
4 77973036 
5 77926240 
6 76698521 
7 74330957 
8 74329620 
9 73612286 
10 73602847 
11 73588229 
12 67587332 
13 67435293 
14 66648667 
15 66630729 
16 65816113 
17 65800122 
18 65032335 
19 65013089 
20 64854301 
21 61658675 
22 56882524 
23 56875793 
24 56860121 
25 56850278 
26 56700276 
27 55980200 
28 55969512 
29 54980852 
30 54873572 
31 54867896 
32 54794428 
33 54611709 
34 54499341 
35 54162698 
36 53816993 
37 53455643 
38 53444955 
39 53099966 
40 51756638 
41 51189144 
42 50730428 
43 50203132 
44 49957051 
45 49907477 
46 49901801 
47 49045965 
48 49042688 
49 47906449 
50 47037793 
51 45877547 
52 45875722 
53 45778086 
54 45767398 
55 45226610 
56 45097713 
57 45097713 

