0 615267198 
1 445724134 
2 432360683 
3 416331223 
4 349257327 
5 349188811 
6 349173442 
7 349156590 
8 349036763 
9 349023960 
10 348999277 
11 348916288 
12 348896154 
13 348846443 
14 348839505 
15 348750214 
16 348739274 
17 348724362 
18 348704327 
19 348680504 
20 348638935 
21 348604205 
22 348587705 
23 348575436 
24 278967449 
25 235093018 
26 235085829 
27 234982566 
28 234970048 
29 234899660 
30 234899653 
31 234846556 
32 54444758 
33 54394642 
34 54386665 
35 54309972 
36 54304739 
37 54304278 
38 54254749 
39 54238870 
40 54234630 
41 54150377 
42 54134436 
43 54109784 
44 54076351 
45 54028584 
46 54004464 
47 53996049 
48 53969195 
49 53950057 
50 53917460 
51 53862386 
52 53821617 
53 53809753 
54 53754822 
55 53736973 
56 53699990 
57 53695945 
58 53679263 
59 53636132 
60 53631667 
61 53583840 
62 53565037 
63 53545364 
64 53501700 
65 53493178 
66 53476389 
67 53401909 
68 53366380 
69 53348355 
70 53285685 
71 53269073 
72 53213885 
73 53029174 
74 52943252 
75 52934532 
76 52915709 
77 52877439 
78 52839096 
79 52825539 
80 52814793 
81 52809163 
82 52785253 
83 52782898 
84 52754697 
85 52690166 
86 52677850 
87 52626466 
88 52609245 
89 52552568 
90 52529236 
91 52518791 
92 52504582 
93 52503192 
94 52498012 
95 52454865 
96 52448780 
97 52387704 
98 52377467 
99 52376756 
100 52372586 
101 52368670 
102 52359278 
103 52352466 
104 52340157 
105 52283714 
106 52271736 
107 52230266 
108 52228680 
109 52170392 
110 52142504 
111 52107511 
112 52053159 
113 52028263 
114 52023101 
115 51999882 
116 51977493 
117 51954601 
118 51786763 
119 51765268 
120 51765268 

