0 616652886 
1 616468762 
2 616445468 
3 446752489 
4 446729835 
5 446717956 
6 446658646 
7 446606727 
8 446577056 
9 416375082 
10 416301129 
11 416279329 
12 416228029 
13 416163185 
14 416139617 
15 416060318 
16 416025183 
17 415952162 
18 415908102 
19 415835299 
20 415801470 
21 415771331 
22 415676430 
23 278627125 
24 278623748 
25 276590778 
26 276554321 
27 276445069 
28 276367121 
29 54052254 
30 54039780 
31 53986058 
32 53985043 
33 53923063 
34 53912767 
35 53850866 
36 53847342 
37 53841052 
38 53839515 
39 53789772 
40 53756336 
41 53742233 
42 53734027 
43 53632469 
44 53574785 
45 53573548 
46 53520130 
47 53506930 
48 53452845 
49 53395449 
50 53379902 
51 53366033 
52 53331502 
53 53330265 
54 53179436 
55 53167930 
56 53156804 
57 53084660 
58 53058850 
59 53021607 
60 52971842 
61 52968787 
62 52947789 
63 52936049 
64 52915017 
65 52883910 
66 52881587 
67 52864725 
68 52823600 
69 52777492 
70 52754980 
71 52751498 
72 52751186 
73 52730315 
74 52713609 
75 52690031 
76 52623185 
77 52589886 
78 52579379 
79 52547339 
80 52546586 
81 52369804 
82 52352775 
83 52343568 
84 52304701 
85 52291670 
86 52282943 
87 52255399 
88 52202213 
89 52178406 
90 52172869 
91 52171496 
92 52151897 
93 52095369 
94 52069282 
95 52056627 
96 52055668 
97 52039064 
98 52033236 
99 52017545 
100 51825613 
101 51820268 
102 51765268 
103 51765268 

