0 72328408 
1 72237770 
2 68220157 
3 68184119 
4 68173745 
5 55589665 
6 55555242 
7 55548474 
8 55076383 
9 54589504 
10 54409842 
11 53956943 
12 53942139 
13 53571096 
14 53570230 
15 53481402 
16 53425343 
17 53251319 
18 53154966 
19 53146867 
20 53007465 
21 52355476 
22 51296773 
23 51129300 
24 51095858 
25 50122168 
26 50114069 
27 49933050 
28 49025566 
29 48993811 
30 47904782 
31 47817311 
32 46075575 
33 45913278 
34 45846998 
35 45761437 
36 45484056 
37 44758205 
38 44687840 
39 44211597 
40 44211037 
41 44211037 

