0 609668 
1 607244 
2 606246 
3 605960 
4 603016 
5 602588 
6 601610 
7 598200 
8 598174 
9 596934 
10 594064 
11 594034 
12 593798 
13 592402 
14 590856 
15 590522 
16 589378 
17 589144 
18 588422 
19 588266 
20 587800 
21 583952 
22 583010 
23 583008 
24 578738 
25 576786 
26 575504 
27 575360 
28 575120 
29 574284 
30 573714 
31 572946 
32 572764 
33 571968 
34 571894 
35 571212 
36 569934 
37 562692 
38 560326 
39 560038 
40 558806 
41 556476 
42 555694 
43 551820 
44 551744 
45 549302 
46 549024 
47 548026 
48 547832 
49 544060 
50 543554 
51 537570 
52 536620 
53 531722 
54 529916 
55 529826 
56 526502 
57 526370 
58 525516 
59 525058 
60 520538 
61 516798 
62 513512 
63 513512 

