0 484924 
1 484572 
2 484240 
3 479886 
4 478132 
5 474252 
6 472828 
7 472386 
8 472132 
9 469884 
10 469094 
11 468616 
12 467548 
13 465998 
14 462648 
15 461020 
16 460828 
17 457376 
18 453720 
19 452274 
20 452176 
21 447998 
22 447968 
23 444508 
24 443248 
25 443112 
26 441046 
27 439324 
28 439288 
29 438482 
30 438286 
31 434968 
32 434030 
33 433934 
34 431734 
35 427726 
36 426728 
37 421948 
38 420304 
39 418870 
40 413408 
41 411314 
42 410776 
43 408820 
44 408460 
45 407180 
46 407084 
47 401808 
48 400550 
49 398834 
50 394606 
51 394090 
52 394090 

