0 496992 
1 496546 
2 495828 
3 494440 
4 493968 
5 491440 
6 490708 
7 490384 
8 489962 
9 486202 
10 484348 
11 479924 
12 477700 
13 475628 
14 472326 
15 470762 
16 469884 
17 469556 
18 469534 
19 467906 
20 466712 
21 464646 
22 458654 
23 458540 
24 453864 
25 453080 
26 451178 
27 447820 
28 447530 
29 444498 
30 442470 
31 441570 
32 439178 
33 438262 
34 438240 
35 436606 
36 436570 
37 435064 
38 432548 
39 431664 
40 425274 
41 424264 
42 423838 
43 419310 
44 418944 
45 411498 
46 409814 
47 408788 
48 408454 
49 406632 
50 402938 
51 400890 
52 400860 
53 391666 
54 391666 

