0 495427992 
1 446793603 
2 446752058 
3 402882426 
4 298638213 
5 298596747 
6 298566557 
7 298564868 
8 298551153 
9 298515602 
10 298389460 
11 298320077 
12 298313147 
13 298283455 
14 298273852 
15 298210494 
16 298159286 
17 298159270 
18 298138818 
19 298123070 
20 298096262 
21 298064557 
22 298041577 
23 279209310 
24 279179525 
25 279157783 
26 279126163 
27 279083813 
28 279073892 
29 279068523 
30 278909020 
31 278857967 
32 54635848 
33 54565493 
34 54487703 
35 54425888 
36 54423560 
37 54389929 
38 54376551 
39 54374288 
40 54317034 
41 54311774 
42 54304921 
43 54170383 
44 54140643 
45 54094256 
46 54089915 
47 54086242 
48 54083758 
49 54073025 
50 54055909 
51 54051031 
52 54045100 
53 53967593 
54 53944308 
55 53933814 
56 53919650 
57 53902199 
58 53900472 
59 53897719 
60 53821903 
61 53797248 
62 53730384 
63 53723144 
64 53704268 
65 53635634 
66 53627025 
67 53586355 
68 53576028 
69 53571182 
70 53364929 
71 53357354 
72 53335734 
73 53326075 
74 53291484 
75 53258908 
76 53243950 
77 53230071 
78 53166742 
79 53151542 
80 53149960 
81 53137247 
82 53080739 
83 53047476 
84 53018171 
85 52956075 
86 52897369 
87 52787890 
88 52748002 
89 52722116 
90 52716621 
91 52706463 
92 52696821 
93 52691235 
94 52674127 
95 52657807 
96 52559698 
97 52548646 
98 52532146 
99 52526424 
100 52491947 
101 52438280 
102 52403815 
103 52396272 
104 52381030 
105 52362266 
106 52337004 
107 52282943 
108 52275973 
109 52193913 
110 52157527 
111 52133720 
112 52085489 
113 52082357 
114 52075267 
115 52058663 
116 52039064 
117 52033236 
118 52017545 
119 51825613 
120 51786763 
121 51765268 
122 51765268 

