0 339258 
1 335782 
2 335650 
3 333778 
4 333152 
5 330148 
6 326188 
7 324074 
8 323140 
9 320940 
10 319938 
11 314158 
12 306490 
13 303864 
14 303830 
15 302150 
16 299168 
17 298028 
18 296616 
19 295630 
20 294810 
21 294342 
22 288792 
23 286722 
24 282946 
25 282638 
26 281734 
27 279808 
28 276588 
29 274000 
30 271836 
31 271448 
32 269666 
33 269386 
34 267558 
35 267498 
36 265242 
37 265066 
38 265004 
39 262514 
40 260942 
41 260152 
42 259832 
43 256636 
44 256532 
45 254626 
46 253652 
47 253416 
48 250970 
49 250730 
50 242072 
51 237938 
52 235972 
53 233040 
54 233040 

