0 2572208 
1 2563332 
2 2412681 
3 2402036 
4 2395761 
5 2380815 
6 2374549 
7 2373842 
8 2359810 
9 2320499 
10 2298871 
11 2285223 
12 2256961 
13 2194101 
14 2174484 
15 2170508 
16 2125607 
17 2099198 
18 2071280 
19 2057058 
20 2051100 
21 2033467 
22 2028759 
23 1959816 
24 1925360 
25 1923984 
26 1766991 
27 1742867 
28 1712436 
29 1650650 
30 1622936 
31 1599735 
32 1593088 
33 1582816 
34 1545372 
35 1525652 
36 1508913 
37 1490574 
38 1488905 
39 1486413 
40 1478695 
41 1455772 
42 1428815 
43 1428758 
44 1419594 
45 1385899 
46 1383982 
47 1373365 
48 1369352 
49 1314352 
50 1293599 
51 1289000 
52 1276734 
53 1257046 
54 1236717 
55 1236717 

