0 306160 
1 305778 
2 305416 
3 302672 
4 302206 
5 301458 
6 301412 
7 300282 
8 298410 
9 296068 
10 293668 
11 293022 
12 292062 
13 289688 
14 289518 
15 287740 
16 280010 
17 279778 
18 279252 
19 276902 
20 275718 
21 275698 
22 275262 
23 274068 
24 271604 
25 270562 
26 267928 
27 264986 
28 264910 
29 262556 
30 262406 
31 261904 
32 257936 
33 257824 
34 255570 
35 251842 
36 251102 
37 248618 
38 247472 
39 247408 
40 241244 
41 239964 
42 237418 
43 237018 
44 235080 
45 233040 
46 233040 

