0 496559713 
1 432521679 
2 432298872 
3 432208316 
4 432155854 
5 432076594 
6 432011358 
7 432008424 
8 432003266 
9 431959656 
10 431861496 
11 54686375 
12 54639210 
13 54638584 
14 54468992 
15 54370001 
16 54368807 
17 54352386 
18 54297854 
19 54287426 
20 54248910 
21 54199870 
22 54148242 
23 54141005 
24 54103455 
25 53948701 
26 53934011 
27 53868507 
28 53811711 
29 53801874 
30 53786165 
31 53666998 
32 53652812 
33 53627993 
34 53608161 
35 53572420 
36 53525535 
37 53503568 
38 53414107 
39 53341725 
40 53328108 
41 53322907 
42 53295845 
43 53289621 
44 53259953 
45 53244648 
46 53212864 
47 53180937 
48 53078826 
49 53077045 
50 53065359 
51 53063869 
52 53040346 
53 53025696 
54 53003792 
55 52829553 
56 52791366 
57 52788135 
58 52762692 
59 52702944 
60 52684344 
61 52579257 
62 52543146 
63 52501895 
64 52483910 
65 52475575 
66 52446015 
67 52432636 
68 52410716 
69 52396986 
70 52346968 
71 52312612 
72 52292875 
73 52252204 
74 52182398 
75 52178532 
76 52157429 
77 52139975 
78 52101283 
79 52075814 
80 52057319 
81 52024608 
82 52007223 
83 51786763 
84 51765268 
85 51765268 

