0 78963151 
1 78763736 
2 78724383 
3 78642923 
4 78595152 
5 78097448 
6 77662134 
7 77497996 
8 77356720 
9 76964357 
10 76736732 
11 76735469 
12 76011961 
13 75769634 
14 75765371 
15 75000235 
16 74933302 
17 72791864 
18 71486278 
19 71433537 
20 71410184 
21 71394286 
22 71173242 
23 71162660 
24 70347453 
25 69384423 
26 69361827 
27 69359210 
28 68184740 
29 68142495 
30 68109247 
31 67973107 
32 67759686 
33 67511545 
34 67174138 
35 66940199 
36 65113756 
37 65101313 
38 64935922 
39 63938731 
40 63755662 
41 63663322 
42 63619033 
43 63264734 
44 56243940 
45 56200376 
46 56145155 
47 55304971 
48 55304081 
49 54971655 
50 54495803 
51 54485345 
52 54096247 
53 54073891 
54 54050864 
55 54049260 
56 53820830 
57 53764772 
58 53754314 
59 53229812 
60 53198847 
61 53189004 
62 51840680 
63 51557382 
64 51546540 
65 51493207 
66 51085560 
67 50554704 
68 50554302 
69 50552643 
70 48870371 
71 48854323 
72 48097226 
73 47374050 
74 47231338 
75 47214572 
76 46960114 
77 46956579 
78 46956579 

