0 80655770 
1 79561398 
2 79560332 
3 79332029 
4 79122103 
5 77769188 
6 77746244 
7 77727373 
8 77720534 
9 75835961 
10 75022207 
11 74435218 
12 74225771 
13 74019013 
14 73739722 
15 73716930 
16 73709126 
17 72040038 
18 71875826 
19 70077885 
20 70058423 
21 69463528 
22 69310541 
23 69214481 
24 68785406 
25 66843935 
26 66424384 
27 65506607 
28 64835556 
29 63951046 
30 63530451 
31 61202705 
32 59508493 
33 57796599 
34 57467591 
35 56379658 
36 56364641 
37 56343495 
38 56332664 
39 56293626 
40 55540431 
41 55355987 
42 54623909 
43 52538670 
44 52531349 
45 52436573 
46 52372697 
47 50729491 
48 50634063 
49 50627989 
50 50141257 
51 50056637 
52 49891976 
53 49879129 
54 48556341 
55 48530537 
56 48450682 
57 48196550 
58 47943467 
59 47652467 
60 46455478 
61 46041072 
62 46015224 
63 45920956 
64 43471611 
65 43468537 
66 43468537 

