0 702464222 
1 702437268 
2 702435742 
3 55356205 
4 55353895 
5 55283838 
6 55221776 
7 55213864 
8 55137383 
9 55135587 
10 55065544 
11 55034460 
12 55026863 
13 55019520 
14 55005979 
15 54927910 
16 54899020 
17 54874725 
18 54778350 
19 54536158 
20 54526038 
21 54507517 
22 54430008 
23 54390762 
24 54388748 
25 54380464 
26 54327987 
27 54286585 
28 54246227 
29 54224212 
30 54223904 
31 54170329 
32 54146778 
33 54078735 
34 54057464 
35 53988571 
36 53970211 
37 53968908 
38 53960578 
39 53891128 
40 53875292 
41 53847971 
42 53789470 
43 53787805 
44 53711904 
45 53705080 
46 53691793 
47 53667765 
48 53613712 
49 53579550 
50 53549770 
51 53524053 
52 53509805 
53 53491741 
54 53465580 
55 53302341 
56 53286564 
57 53227388 
58 53204858 
59 53154268 
60 53127447 
61 53118938 
62 53061827 
63 52989603 
64 52962871 
65 52952340 
66 52947896 
67 52924260 
68 52919118 
69 52872280 
70 52815727 
71 52802729 
72 52764752 
73 52754288 
74 52722011 
75 52667065 
76 52657649 
77 52615783 
78 52582936 
79 52565246 
80 52521216 
81 52509154 
82 52480573 
83 52451040 
84 52410942 
85 52381746 
86 52359283 
87 52308743 
88 52299807 
89 52289470 
90 52220316 
91 52207456 
92 52200336 
93 52155688 
94 52103456 
95 52065890 
96 52062758 
97 52055668 
98 52039064 
99 52033236 
100 52017545 
101 51825613 
102 51786763 
103 51765268 
104 51765268 

