0 510910 
1 509524 
2 508644 
3 507674 
4 506396 
5 505742 
6 502238 
7 501450 
8 500884 
9 499590 
10 499098 
11 498356 
12 497012 
13 495870 
14 493416 
15 490182 
16 488800 
17 486996 
18 484796 
19 482670 
20 481570 
21 478934 
22 478034 
23 477304 
24 476006 
25 475582 
26 473308 
27 472366 
28 469776 
29 466654 
30 465744 
31 464976 
32 463622 
33 459770 
34 459070 
35 458958 
36 456754 
37 456568 
38 456296 
39 455208 
40 452872 
41 451372 
42 446356 
43 445288 
44 444702 
45 438632 
46 438242 
47 434960 
48 433544 
49 426758 
50 424758 
51 422324 
52 420986 
53 417208 
54 416526 
55 415246 
56 414920 
57 411200 
58 410194 
59 408944 
60 408748 
61 405626 
62 404160 
63 404160 

