0 640100 
1 639186 
2 638526 
3 637662 
4 637374 
5 636258 
6 636092 
7 632778 
8 631188 
9 626812 
10 626596 
11 625020 
12 624648 
13 623972 
14 623494 
15 617780 
16 617778 
17 617374 
18 617154 
19 615014 
20 613146 
21 613080 
22 611270 
23 609320 
24 608868 
25 608750 
26 608064 
27 606648 
28 605896 
29 603608 
30 603160 
31 603112 
32 602236 
33 600334 
34 599312 
35 598820 
36 597938 
37 594946 
38 592732 
39 589610 
40 588874 
41 587098 
42 586274 
43 583184 
44 581196 
45 579802 
46 577124 
47 576680 
48 575096 
49 571102 
50 568414 
51 566138 
52 560036 
53 558458 
54 557508 
55 552512 
56 552282 
57 551142 
58 547700 
59 546786 
60 545888 
61 542888 
62 538742 
63 535436 
64 535268 
65 533336 
66 523980 
67 522810 
68 512662 
69 510904 
70 503848 
71 502908 
72 501252 
73 496830 
74 491812 
75 491812 

