0 482670 
1 480538 
2 478652 
3 476590 
4 475298 
5 473616 
6 469796 
7 467830 
8 466772 
9 464282 
10 464110 
11 462044 
12 460402 
13 459672 
14 458596 
15 457848 
16 457714 
17 454632 
18 452704 
19 452476 
20 448486 
21 447642 
22 445868 
23 445238 
24 442640 
25 438832 
26 438082 
27 434372 
28 431116 
29 430096 
30 429282 
31 427882 
32 427714 
33 426416 
34 423572 
35 423452 
36 423238 
37 422680 
38 421850 
39 421666 
40 420208 
41 418788 
42 416274 
43 415044 
44 411704 
45 409786 
46 402058 
47 401376 
48 401324 
49 401126 
50 400856 
51 397920 
52 397178 
53 397178 

