0 606598 
1 606282 
2 605930 
3 603822 
4 600454 
5 598448 
6 597816 
7 597744 
8 597732 
9 594246 
10 593592 
11 593546 
12 593318 
13 591364 
14 589750 
15 588200 
16 583602 
17 583240 
18 582564 
19 581530 
20 576766 
21 574468 
22 571660 
23 571498 
24 570836 
25 567882 
26 566518 
27 561714 
28 561008 
29 559504 
30 559304 
31 558940 
32 556150 
33 554890 
34 554272 
35 553364 
36 553196 
37 549024 
38 548828 
39 545456 
40 540892 
41 540620 
42 538402 
43 533426 
44 523494 
45 521632 
46 517472 
47 516222 
48 515294 
49 514596 
50 509572 
51 506508 
52 506508 

