0 2232010 
1 2182551 
2 2179780 
3 2129289 
4 2107042 
5 2101649 
6 2006690 
7 1980647 
8 1968395 
9 1965899 
10 1964286 
11 1944051 
12 1923921 
13 1879768 
14 1851524 
15 1836623 
16 1829861 
17 1803924 
18 1780812 
19 1754826 
20 1732119 
21 1694980 
22 1694955 
23 1679270 
24 1668474 
25 1622318 
26 1618804 
27 1616252 
28 1607678 
29 1592312 
30 1589523 
31 1567060 
32 1566690 
33 1539932 
34 1537194 
35 1502173 
36 1477388 
37 1473286 
38 1472379 
39 1471383 
40 1471292 
41 1468044 
42 1445946 
43 1408315 
44 1379706 
45 1358191 
46 1338607 
47 1330160 
48 1321745 
49 1316454 
50 1312289 
51 1294890 
52 1289359 
53 1260543 
54 1240802 
55 1239616 
56 1239616 

