0 67831897 
1 66842827 
2 66839871 
3 66831422 
4 66826704 
5 66234102 
6 66206022 
7 66000819 
8 65106047 
9 63635690 
10 61126788 
11 61117785 
12 61105977 
13 61101278 
14 60782733 
15 56397475 
16 56392663 
17 56365989 
18 56358857 
19 55101986 
20 54964885 
21 54927161 
22 54575172 
23 54261006 
24 54107077 
25 53261054 
26 52593065 
27 52581937 
28 52026387 
29 51550035 
30 50638358 
31 50358984 
32 49726534 
33 49725878 
34 49679993 
35 49626204 
36 49292841 
37 48516147 
38 48325337 
39 47969340 
40 47038551 
41 46448171 
42 46041072 
43 46015224 
44 45920956 
45 45920360 
46 42628159 
47 42603142 
48 42602486 
49 42602486 

