0 2361017 
1 2317967 
2 2291917 
3 2279073 
4 2204322 
5 2142318 
6 2122809 
7 2089346 
8 2047317 
9 2034598 
10 2024840 
11 2023347 
12 2022690 
13 1941383 
14 1940873 
15 1923324 
16 1884208 
17 1798794 
18 1724195 
19 1721927 
20 1694361 
21 1688178 
22 1646872 
23 1630813 
24 1604249 
25 1563221 
26 1548933 
27 1527503 
28 1473381 
29 1435615 
30 1429593 
31 1423538 
32 1410105 
33 1409979 
34 1398733 
35 1382029 
36 1372430 
37 1358924 
38 1351340 
39 1332091 
40 1331255 
41 1322661 
42 1318106 
43 1298431 
44 1295246 
45 1281005 
46 1267834 
47 1250004 
48 1226006 
49 1217152 
50 1202041 
51 1202041 

