0 1447964 
1 1447390 
2 1447160 
3 1447112 
4 1446384 
5 1446336 
6 1445420 
7 1445200 
8 1443810 
9 1443716 
10 1440812 
11 1439964 
12 1438612 
13 1435102 
14 1434308 
15 1433726 
16 1429836 
17 1428048 
18 1426066 
19 1426018 
20 1425298 
21 1424624 
22 1420376 
23 1420014 
24 1418760 
25 1418328 
26 1415948 
27 1415660 
28 1413644 
29 1412364 
30 1408812 
31 1408212 
32 1405146 
33 1401846 
34 1400924 
35 1400738 
36 1399906 
37 1398260 
38 1396028 
39 1396000 
40 1394858 
41 1394386 
42 1394106 
43 1392966 
44 1392686 
45 1391780 
46 1391554 
47 1391062 
48 1390692 
49 1390544 
50 1389802 
51 1389048 
52 1387526 
53 1386950 
54 1384040 
55 1382300 
56 1380060 
57 1379740 
58 1378048 
59 1378038 
60 1375644 
61 1375624 
62 1372210 
63 1370852 
64 1369816 
65 1368524 
66 1367234 
67 1365878 
68 1364006 
69 1363710 
70 1363210 
71 1361202 
72 1360124 
73 1356856 
74 1356462 
75 1355840 
76 1353780 
77 1352594 
78 1352504 
79 1351220 
80 1350914 
81 1350694 
82 1345054 
83 1344124 
84 1343606 
85 1340440 
86 1338132 
87 1337766 
88 1337716 
89 1336628 
90 1335632 
91 1328176 
92 1325350 
93 1319932 
94 1319636 
95 1312928 
96 1312590 
97 1308820 
98 1307124 
99 1306996 
100 1306340 
101 1303792 
102 1303574 
103 1303524 
104 1303184 
105 1300424 
106 1298648 
107 1297522 
108 1292812 
109 1290876 
110 1286826 
111 1286268 
112 1285910 
113 1283958 
114 1283060 
115 1279460 
116 1279442 
117 1276100 
118 1275464 
119 1275012 
120 1272996 
121 1270992 
122 1270626 
123 1270292 
124 1261052 
125 1257696 
126 1256618 
127 1256614 
128 1256598 
129 1255270 
130 1242496 
131 1240460 
132 1235294 
133 1233376 
134 1231800 
135 1231202 
136 1228334 
137 1221636 
138 1221504 
139 1218978 
140 1217150 
141 1210742 
142 1207706 
143 1200726 
144 1198038 
145 1196276 
146 1191696 
147 1191158 
148 1191158 

