0 919440 
1 917920 
2 916978 
3 911778 
4 908248 
5 907656 
6 906408 
7 903962 
8 903012 
9 901612 
10 901382 
11 900344 
12 899214 
13 898892 
14 898510 
15 893334 
16 892220 
17 891992 
18 891554 
19 890886 
20 890830 
21 889468 
22 888052 
23 887690 
24 885544 
25 885378 
26 881776 
27 880316 
28 879918 
29 879054 
30 878048 
31 877312 
32 877184 
33 877180 
34 873494 
35 869050 
36 868038 
37 865270 
38 864908 
39 864204 
40 862138 
41 859542 
42 858332 
43 858066 
44 855030 
45 851208 
46 849264 
47 846142 
48 846036 
49 845558 
50 844874 
51 842162 
52 838208 
53 837292 
54 836158 
55 834954 
56 833196 
57 831658 
58 829828 
59 829248 
60 828252 
61 827502 
62 824302 
63 816620 
64 813888 
65 811064 
66 807202 
67 803538 
68 798430 
69 797086 
70 794540 
71 793764 
72 790626 
73 790098 
74 786880 
75 785900 
76 782102 
77 781220 
78 779350 
79 772650 
80 772632 
81 770180 
82 770120 
83 765592 
84 759328 
85 757884 
86 755300 
87 746588 
88 744552 
89 741788 
90 735880 
91 735546 
92 732128 
93 728394 
94 726282 
95 724998 
96 720862 
97 720160 
98 720160 

