0 897854046 
1 897289682 
2 894280304 
3 891328998 
4 890099923 
5 890030186 
6 872949878 
7 871868086 
8 870955238 
9 867096210 
10 867020154 
11 865855207 
12 865570112 
13 864660901 
14 864560316 
15 864133118 
16 860855783 
17 860762659 
18 860226364 
19 860159984 
20 859735504 
21 859683296 
22 859449487 
23 859427718 
24 859263431 
25 858815582 
26 858650305 
27 858560958 
28 858249021 
29 858241996 
30 858009629 
31 857957750 
32 854623285 
33 854567908 
34 854027759 
35 853246982 
36 852444980 
37 852304834 
38 852230179 
39 851981344 
40 851575514 
41 849575604 
42 848589379 
43 848287341 
44 848016867 
45 847816635 
46 845704497 
47 845320902 
48 845259095 
49 844805107 
50 844329235 
51 843653464 
52 843252580 
53 839080830 
54 839026513 
55 820797107 
56 820552765 
57 820179208 
58 820061796 
59 817280292 
60 817170113 
61 814501058 
62 814128441 
63 813943042 
64 811060571 
65 805705364 
66 805383345 
67 805341101 
68 805279934 
69 805085399 
70 804212015 
71 800066382 
72 799580123 
73 790300235 
74 788007382 
75 787698465 
76 787324468 
77 787050473 
78 786594625 
79 786564468 
80 786375804 
81 786241060 
82 786205004 
83 785410431 
84 785405169 
85 784904475 
86 784805667 
87 784560477 
88 784513841 
89 783905489 
90 763200042 
91 762668168 
92 761907137 
93 761833885 
94 761652914 
95 761050479 
96 757604001 
97 757428115 
98 757406102 
99 756961038 
100 756587002 
101 755642918 
102 755361008 
103 754896624 
104 754530288 
105 754514421 
106 754174108 
107 753660290 
108 753434181 
109 751777981 
110 751653983 
111 751080115 
112 750941369 
113 724381037 
114 721773977 
115 719075539 
116 718799411 
117 717894214 
118 717659392 
119 714413077 
120 714265562 
121 714182512 
122 713503928 
123 713035826 
124 713031301 
125 709572703 
126 709470246 
127 709053675 
128 708182615 
129 708166928 
130 708081717 
131 707892729 
132 707305363 
133 676745086 
134 675279948 
135 674297628 
136 672495200 
137 672351285 
138 672168814 
139 671694529 
140 668150406 
141 668121405 
142 665890537 
143 657601341 
144 636864293 
145 636522895 
146 635964536 
147 635831595 
148 635694460 
149 635484059 
150 635225098 
151 634659858 
152 633788311 
153 633570706 
154 633139635 
155 632235764 
156 631772930 
157 631724923 
158 631487548 
159 631468621 
160 631417494 
161 631396479 
162 629774564 
163 629118370 
164 628989429 
165 628244349 
166 619965969 
167 619782712 
168 619600884 
169 619466925 
170 614761851 
171 614656353 
172 614651467 
173 612811660 
174 611835028 
175 611633985 
176 606651407 
177 606644784 
178 605806621 
179 605414336 
180 605298736 
181 604448834 
182 589345874 
183 588642400 
184 579498002 
185 578577191 
186 578474401 
187 577434161 
188 571663624 
189 571644997 
190 571575439 
191 567332891 
192 565847074 
193 565318090 
194 563488745 
195 559424571 
196 552815779 
197 552479076 
198 543516536 
199 541199099 
200 540959818 
201 540674542 
202 539371602 
203 535477285 
204 535230544 
205 535094810 
206 532944742 
207 532716981 
208 531174736 
209 531171117 
210 531135705 
211 530696196 
212 529148909 
213 529124034 
214 528855017 
215 528805473 
216 528552734 
217 524589835 
218 522777287 
219 519223353 
220 519108635 
221 519009632 
222 517270017 
223 517231242 
224 517174461 
225 516259125 
226 516188061 
227 515810262 
228 515592496 
229 515334051 
230 515280949 
231 515182668 
232 514381161 
233 507061081 
234 456800454 
235 456007481 
236 454846267 
237 454198396 
238 443254832 
239 443158214 
240 442747408 
241 442527127 
242 442497968 
243 430204532 
244 430159048 
245 430136867 
246 429498076 
247 429252239 
248 428666120 
249 424024814 
250 424016931 
251 418027655 
252 416823557 
253 416101499 
254 415601172 
255 414792329 
256 414630992 
257 410656818 
258 410649684 
259 410474289 
260 410432481 
261 409650321 
262 409588292 
263 409502409 
264 409417520 
265 409311692 
266 407428721 
267 404599752 
268 404313267 
269 404194314 
270 403626676 
271 401850080 
272 401579441 
273 399377292 
274 398589744 
275 398412350 
276 398408230 
277 398085581 
278 397625401 
279 397426983 
280 397390024 
281 397148064 
282 396891934 
283 396767389 
284 396667188 
285 396377973 
286 396294496 
287 395957892 
288 395876692 
289 395754049 
290 395417006 
291 395414042 
292 395379406 
293 395351332 
294 394615221 
295 394584041 
296 394463698 
297 394262640 
298 393602176 
299 393434794 
300 393316721 
301 393168392 
302 393157921 
303 392847124 
304 392425931 
305 391628025 
306 391448137 
307 391329496 
308 391244010 
309 390632069 
310 390610121 
311 390554031 
312 390111076 
313 389937055 
314 389717765 
315 389289087 
316 388842616 
317 388284902 
318 388241954 
319 388084567 
320 388071388 
321 387301972 
322 387278712 
323 387206902 
324 386990995 
325 386973383 
326 386776163 
327 386732543 
328 386662862 
329 386250333 
330 385528050 
331 385307353 
332 384676921 
333 384486035 
334 384009633 
335 383963824 
336 383567913 
337 383503882 
338 382567304 
339 382122808 
340 381870362 
341 381191713 
342 380416940 
343 380405795 
344 379784104 
345 379234527 
346 378824289 
347 378813428 
348 378733866 
349 378662940 
350 378381640 
351 378230993 
352 378063626 
353 378032440 
354 378011440 
355 377569327 
356 377550565 
357 377486759 
358 377157494 
359 377112672 
360 377112672 

