0 936766 
1 936274 
2 934890 
3 933226 
4 930936 
5 930384 
6 930044 
7 929600 
8 929492 
9 926440 
10 926360 
11 923588 
12 921546 
13 921334 
14 921246 
15 920882 
16 920798 
17 918648 
18 918034 
19 916832 
20 915786 
21 914618 
22 913692 
23 910090 
24 903304 
25 902392 
26 901698 
27 900556 
28 900440 
29 898792 
30 898410 
31 897312 
32 896818 
33 893674 
34 891950 
35 886996 
36 886198 
37 882596 
38 879964 
39 878224 
40 877968 
41 877830 
42 876232 
43 875512 
44 875272 
45 874428 
46 873618 
47 873226 
48 868600 
49 866834 
50 860160 
51 858930 
52 855414 
53 852864 
54 852834 
55 852128 
56 851328 
57 850538 
58 849188 
59 847706 
60 847598 
61 845410 
62 845292 
63 842256 
64 841888 
65 840016 
66 839378 
67 838226 
68 834502 
69 834456 
70 833912 
71 831886 
72 831450 
73 830526 
74 829306 
75 828982 
76 828216 
77 827720 
78 826374 
79 824966 
80 824344 
81 822882 
82 822872 
83 822324 
84 820208 
85 817730 
86 814020 
87 811792 
88 810792 
89 810708 
90 809528 
91 807450 
92 806948 
93 805482 
94 797464 
95 797074 
96 795932 
97 794540 
98 791316 
99 788148 
100 787976 
101 785366 
102 783690 
103 780982 
104 779650 
105 778864 
106 776944 
107 774724 
108 772292 
109 771988 
110 769974 
111 763162 
112 762704 
113 761436 
114 759670 
115 757744 
116 756422 
117 754092 
118 754058 
119 753330 
120 752250 
121 750462 
122 741760 
123 740536 
124 737820 
125 737820 

