0 456548524 
1 407744778 
2 406897208 
3 406375309 
4 404533366 
5 404474089 
6 404434948 
7 404140221 
8 404115719 
9 403469255 
10 403286626 
11 402772799 
12 378365453 
13 377975047 
14 377972549 
15 377866986 
16 377416328 
17 377410333 
18 377260080 
19 377142271 
20 377094305 
21 375689578 
22 375369845 
23 375368706 
24 374521246 
25 374510513 
26 374501799 
27 335911274 
28 335546239 
29 334874871 
30 333876015 
31 333613205 
32 333609768 
33 333606113 
34 333592697 
35 333478867 
36 333428939 
37 275485098 
38 274971615 
39 274622495 
40 274546209 
41 274361332 
42 274090854 
43 234289023 
44 234110423 
45 234078429 
46 234057923 
47 234049953 
48 233548508 
49 233494451 
50 233476405 
51 233298455 
52 233282289 
53 233253962 
54 233223381 
55 233156004 
56 233140089 
57 232658763 
58 232640618 
59 232537508 
60 232499238 
61 232400267 
62 232079207 
63 232064365 
64 232015520 
65 231853731 
66 231820948 
67 231776703 
68 231340216 
69 231217979 
70 231014899 
71 230784262 
72 230774594 
73 230735615 
74 230421408 
75 230380767 
76 230367889 
77 230294647 
78 230207464 
79 230192687 
80 230137059 
81 230092764 
82 229737891 
83 229672623 
84 229640309 
85 229585448 
86 229231231 
87 228921152 
88 228858376 
89 228824707 
90 219903877 
91 219882345 
92 219814342 
93 219272090 
94 200416640 
95 200301175 
96 199907710 
97 199486308 
98 199413072 
99 199335974 
100 199280815 
101 199139011 
102 198853655 
103 198435670 
104 198275323 
105 191677538 
106 191594200 
107 187808956 
108 187762163 
109 186816384 
110 186685911 
111 186516842 
112 186272260 
113 168022397 
114 167968929 
115 167634989 
116 167594730 
117 167457667 
118 167394225 
119 167373118 
120 166497756 
121 166139065 
122 147502485 
123 147337920 
124 146967561 
125 146948663 
126 146856709 
127 146852370 
128 145847439 
129 145815824 
130 145260939 
131 143965667 
132 143845391 
133 143654195 
134 142789533 
135 141672819 
136 141452145 
137 141271212 
138 141210024 
139 141202839 
140 141056904 
141 140805302 
142 140756847 
143 140598212 
144 140574014 
145 140505900 
146 140351541 
147 140096135 
148 140009232 
149 139586965 
150 139579322 
151 139463475 
152 139202328 
153 139182684 
154 138898021 
155 138718206 
156 138392899 
157 138390684 
158 138184927 
159 137811081 
160 137489799 
161 137196301 
162 137121830 
163 136940418 
164 136816708 
165 136806838 
166 136607156 
167 136316803 
168 136311416 
169 136234260 
170 136142794 
171 136136110 
172 135152307 
173 135075550 
174 135070705 
175 134961687 
176 134960185 
177 134515984 
178 134515166 
179 134495789 
180 134398418 
181 134389165 
182 134355175 
183 134205273 
184 133931617 
185 133749722 
186 133710671 
187 133591465 
188 133582899 
189 133518786 
190 133227136 
191 133197828 
192 133020628 
193 132964905 
194 132952947 
195 132872336 
196 132839788 
197 132800699 
198 132733126 
199 132697184 
200 132670926 
201 132511746 
202 132372274 
203 132229436 
204 132088326 
205 132008641 
206 131967209 
207 131596096 
208 131594321 
209 131417591 
210 131170528 
211 131167087 
212 130845734 
213 130648815 
214 130429409 
215 130260546 
216 130221307 
217 130214938 
218 130154628 
219 130140482 
220 129579636 
221 129023669 
222 128822338 
223 128624482 
224 128610456 
225 128398538 
226 128205361 
227 128139425 
228 128037358 
229 127946561 
230 127581826 
231 127515563 
232 127473175 
233 127329329 
234 127323286 
235 126977364 
236 126696608 
237 126317529 
238 126213961 
239 126213671 
240 125943653 
241 125644100 
242 125527887 
243 125443593 
244 124902134 
245 124877549 
246 124684666 
247 124462261 
248 124195560 
249 124178872 
250 124085347 
251 124009312 
252 123337862 
253 123271053 
254 123196697 
255 123175796 
256 123016723 
257 123009513 
258 123009513 

