0 1465888 
1 1465770 
2 1464032 
3 1463378 
4 1463106 
5 1461890 
6 1460652 
7 1460300 
8 1459344 
9 1459164 
10 1459004 
11 1458940 
12 1457948 
13 1455676 
14 1451750 
15 1445780 
16 1444160 
17 1443652 
18 1442982 
19 1442324 
20 1441434 
21 1439124 
22 1438074 
23 1437194 
24 1435372 
25 1434720 
26 1434682 
27 1434406 
28 1434036 
29 1433378 
30 1432658 
31 1432052 
32 1430024 
33 1428888 
34 1428194 
35 1425080 
36 1424286 
37 1422906 
38 1422554 
39 1417030 
40 1416190 
41 1414538 
42 1413320 
43 1412240 
44 1410290 
45 1408152 
46 1407708 
47 1407568 
48 1401590 
49 1400182 
50 1394422 
51 1389698 
52 1383900 
53 1383718 
54 1381956 
55 1381544 
56 1380000 
57 1378348 
58 1378170 
59 1377110 
60 1375324 
61 1374590 
62 1372920 
63 1372734 
64 1372336 
65 1369098 
66 1368730 
67 1366366 
68 1366282 
69 1366072 
70 1365666 
71 1361104 
72 1360444 
73 1360250 
74 1359892 
75 1359656 
76 1356894 
77 1353802 
78 1350308 
79 1347474 
80 1345236 
81 1345010 
82 1343306 
83 1342504 
84 1341150 
85 1337484 
86 1334022 
87 1332934 
88 1331064 
89 1326708 
90 1325748 
91 1324094 
92 1322860 
93 1318648 
94 1316394 
95 1304560 
96 1301250 
97 1299798 
98 1299548 
99 1298488 
100 1296694 
101 1296674 
102 1296146 
103 1292802 
104 1292178 
105 1289726 
106 1286600 
107 1285940 
108 1281618 
109 1272774 
110 1264038 
111 1262298 
112 1262264 
113 1261708 
114 1260128 
115 1259804 
116 1259190 
117 1253288 
118 1250774 
119 1248644 
120 1245902 
121 1244094 
122 1242712 
123 1237324 
124 1235978 
125 1233316 
126 1231988 
127 1229710 
128 1229638 
129 1229526 
130 1226860 
131 1225612 
132 1220072 
133 1219888 
134 1214972 
135 1211384 
136 1208750 
137 1206946 
138 1203316 
139 1200296 
140 1200296 

