0 892040 
1 890114 
2 886940 
3 885654 
4 885584 
5 883294 
6 879398 
7 877526 
8 876360 
9 874658 
10 871330 
11 870934 
12 869936 
13 869414 
14 869338 
15 869042 
16 867586 
17 866176 
18 863762 
19 862736 
20 861478 
21 860606 
22 859382 
23 858956 
24 856896 
25 853870 
26 851204 
27 849774 
28 848862 
29 846196 
30 844410 
31 844384 
32 842022 
33 841988 
34 841406 
35 839714 
36 835422 
37 832978 
38 832556 
39 832528 
40 828550 
41 827502 
42 826578 
43 826142 
44 825338 
45 824340 
46 822146 
47 821812 
48 821370 
49 819678 
50 819072 
51 818022 
52 817274 
53 817122 
54 816026 
55 813978 
56 813952 
57 813580 
58 812650 
59 807468 
60 806268 
61 800004 
62 794922 
63 793318 
64 792112 
65 786024 
66 785492 
67 782706 
68 777046 
69 775382 
70 773254 
71 770804 
72 763348 
73 754394 
74 751920 
75 749034 
76 748452 
77 746042 
78 745854 
79 740830 
80 740616 
81 735896 
82 735890 
83 735158 
84 734518 
85 721280 
86 721280 

