0 909525334 
1 907691197 
2 901617958 
3 898174862 
4 898014041 
5 897727611 
6 897562740 
7 897050130 
8 892166574 
9 892046710 
10 882673670 
11 880871492 
12 880716699 
13 879930847 
14 877425995 
15 871741112 
16 871642443 
17 871270715 
18 870991890 
19 870693839 
20 870664555 
21 870657947 
22 870264253 
23 870141097 
24 869817220 
25 868243297 
26 867921789 
27 867205135 
28 865650511 
29 857452967 
30 855592528 
31 848032012 
32 847984116 
33 847201251 
34 844332855 
35 826934444 
36 824750597 
37 824512413 
38 822806476 
39 822062760 
40 811546105 
41 808731862 
42 784012319 
43 783698006 
44 782823733 
45 782811490 
46 782554588 
47 782174376 
48 781278282 
49 780442733 
50 779275696 
51 777033716 
52 776330507 
53 775702239 
54 775668639 
55 775628297 
56 774984115 
57 774919815 
58 774105333 
59 773911873 
60 773457267 
61 773376555 
62 773135940 
63 771136189 
64 769249647 
65 769242294 
66 763571315 
67 763044291 
68 763001295 
69 762832938 
70 762627838 
71 762598980 
72 762566664 
73 762259863 
74 762091720 
75 762087541 
76 761830248 
77 761785231 
78 761139269 
79 760934867 
80 760924166 
81 760550859 
82 737313339 
83 730701326 
84 730688386 
85 730149696 
86 729973203 
87 729761302 
88 729215073 
89 697395642 
90 692531129 
91 691614061 
92 690755260 
93 690356791 
94 690128272 
95 690040868 
96 689556946 
97 689423747 
98 689336059 
99 683089634 
100 682993342 
101 682979481 
102 682824637 
103 655976865 
104 655689248 
105 655495209 
106 652482431 
107 652416303 
108 652118956 
109 652071610 
110 650988961 
111 649538084 
112 649429813 
113 648151247 
114 647331925 
115 646658794 
116 645769188 
117 644997108 
118 644969623 
119 644442349 
120 644418582 
121 643475483 
122 643236045 
123 623316009 
124 622638248 
125 620959196 
126 620954823 
127 612255132 
128 611249906 
129 611031646 
130 610837442 
131 610835539 
132 610384993 
133 610287364 
134 607862817 
135 607688523 
136 607591003 
137 606872075 
138 606134382 
139 600675924 
140 599548257 
141 598962866 
142 598731055 
143 598717517 
144 598434394 
145 598058847 
146 597112630 
147 597070897 
148 596113846 
149 593656937 
150 593236885 
151 593231767 
152 593118882 
153 592701119 
154 591151492 
155 591100943 
156 587158627 
157 583451125 
158 583415943 
159 582896723 
160 582668755 
161 582375671 
162 581675686 
163 581427289 
164 581084326 
165 580941632 
166 580102759 
167 579671096 
168 579030656 
169 578791588 
170 578445068 
171 578355472 
172 575763579 
173 575482929 
174 574416939 
175 573259581 
176 573246098 
177 573028186 
178 572742730 
179 571549096 
180 571102669 
181 571097554 
182 571034471 
183 564261291 
184 564233107 
185 560016486 
186 522273340 
187 522006050 
188 517222660 
189 517195300 
190 516615856 
191 516602332 
192 516332484 
193 516070076 
194 515661542 
195 515587350 
196 515294951 
197 515030876 
198 515020469 
199 514934591 
200 514763082 
201 514741616 
202 514188173 
203 513625802 
204 513404540 
205 512282757 
206 512242379 
207 512017572 
208 511898718 
209 511673032 
210 511400844 
211 510832279 
212 510183110 
213 510138103 
214 510099636 
215 509571717 
216 509455780 
217 509333573 
218 509221653 
219 508696704 
220 508591322 
221 508322969 
222 507586734 
223 507320462 
224 507238914 
225 506757362 
226 506495849 
227 486343741 
228 462874267 
229 450424473 
230 447068484 
231 446505691 
232 444864476 
233 440040668 
234 439772239 
235 438629404 
236 435327955 
237 431458368 
238 430426768 
239 429924309 
240 429870021 
241 428912458 
242 428388799 
243 428349251 
244 427962716 
245 427220291 
246 426642961 
247 425866357 
248 425729504 
249 425354218 
250 425266515 
251 425082606 
252 423032289 
253 423025200 
254 422944855 
255 422436868 
256 418115070 
257 417983126 
258 413637864 
259 412662914 
260 408009699 
261 407347620 
262 402574563 
263 402538796 
264 402523011 
265 401984556 
266 401310801 
267 398327687 
268 395935172 
269 395032272 
270 395000479 
271 394969218 
272 394753294 
273 394171244 
274 389255368 
275 389247922 
276 389078525 
277 386639950 
278 385380576 
279 385032255 
280 384509340 
281 384496993 
282 383760989 
283 383564321 
284 382592547 
285 382437375 
286 382252662 
287 378656073 
288 377987529 
289 377089836 
290 377073346 
291 376972996 
292 375647903 
293 375334277 
294 375111449 
295 375048171 
296 374763338 
297 373923973 
298 373574081 
299 373398555 
300 373358345 
301 372922180 
302 372744907 
303 372720907 
304 372594426 
305 372350233 
306 372241616 
307 371744516 
308 371384123 
309 371276511 
310 370722620 
311 370683581 
312 370379671 
313 369859614 
314 369042343 
315 368951936 
316 368934441 
317 368207169 
318 368158661 
319 368036561 
320 367852753 
321 367768481 
322 367685932 
323 367654629 
324 367552257 
325 367117424 
326 366883462 
327 366673236 
328 366662553 
329 366553099 
330 366412892 
331 366399698 
332 365751945 
333 365392069 
334 365253294 
335 365246265 
336 365047945 
337 364959145 
338 364907823 
339 364521429 
340 364438823 
341 364170493 
342 363996359 
343 363912363 
344 363902068 
345 363739177 
346 363570474 
347 363412987 
348 363385509 
349 362852296 
350 362805034 
351 362568088 
352 362292289 
353 362001654 
354 361971943 
355 361070656 
356 360833802 
357 359912154 
358 359478576 
359 359300970 
360 358586233 
361 358062899 
362 357837415 
363 357306102 
364 357133012 
365 356896125 
366 356805880 
367 356583202 
368 356004360 
369 355974515 
370 355802257 
371 355455529 
372 354960641 
373 353461871 
374 353208940 
375 353204219 
376 353051902 
377 352796823 
378 352787548 
379 352556746 
380 352540340 
381 352400388 
382 352315665 
383 352238750 
384 352150675 
385 351740412 
386 351644335 
387 351554871 
388 351003556 
389 350970093 
390 349380742 
391 349252889 
392 348548878 
393 348516738 
394 348294685 
395 347911356 
396 347653455 
397 347548614 
398 347384581 
399 347298579 
400 346853862 
401 346483036 
402 346483036 

