0 277636265 
1 275955438 
2 275824492 
3 230756484 
4 230408389 
5 209907016 
6 208356956 
7 207985430 
8 207655495 
9 206421739 
10 206364809 
11 205468125 
12 205462580 
13 205269882 
14 205014490 
15 204034807 
16 203738181 
17 203181452 
18 194361395 
19 194325200 
20 194257985 
21 194219814 
22 193311542 
23 183508890 
24 183087130 
25 183051736 
26 155293506 
27 155090660 
28 154969933 
29 154687484 
30 154532698 
31 154319524 
32 154146612 
33 154118625 
34 153751493 
35 153736019 
36 153408006 
37 153272508 
38 153219104 
39 153197808 
40 153196378 
41 153097839 
42 153068215 
43 153029250 
44 153010306 
45 152868306 
46 152688505 
47 152383467 
48 152381929 
49 152193918 
50 152119335 
51 152025104 
52 151684105 
53 151576719 
54 151305854 
55 151155676 
56 151130712 
57 151035744 
58 150912649 
59 150749699 
60 150485590 
61 150484809 
62 150283579 
63 150257219 
64 150243105 
65 150217995 
66 150088644 
67 150031051 
68 149860778 
69 149729905 
70 149659091 
71 148968046 
72 148812211 
73 148606178 
74 148557513 
75 148546505 
76 148517568 
77 147641631 
78 147545969 
79 147490915 
80 147318136 
81 147076336 
82 146877768 
83 146764085 
84 146161593 
85 145797901 
86 145554040 
87 145326075 
88 144366244 
89 144134235 
90 144127351 
91 144126247 
92 144037849 
93 143800288 
94 143788127 
95 143537043 
96 143502751 
97 143387558 
98 143225878 
99 143040654 
100 142672532 
101 142486144 
102 142412396 
103 141941071 
104 141234802 
105 141061544 
106 140669770 
107 140381172 
108 140012504 
109 139636937 
110 139508530 
111 139072158 
112 138484824 
113 137992466 
114 137918935 
115 137664616 
116 137658882 
117 137638108 
118 137562609 
119 137467632 
120 137143613 
121 137024940 
122 137002751 
123 136764632 
124 135952161 
125 135563221 
126 135525719 
127 135271089 
128 135147105 
129 135126783 
130 135105407 
131 135105407 

