0 257618314 
1 252221324 
2 243102419 
3 243082486 
4 242625603 
5 242059224 
6 241941143 
7 241418759 
8 241415817 
9 232035696 
10 225633269 
11 206558435 
12 204119754 
13 203455177 
14 202676950 
15 195828193 
16 195664291 
17 195371307 
18 195210381 
19 195046149 
20 185168734 
21 185163912 
22 183707614 
23 183362979 
24 183202667 
25 183124511 
26 182902018 
27 182524724 
28 182244665 
29 182043113 
30 181667582 
31 181502186 
32 181036468 
33 180986968 
34 180986298 
35 174209960 
36 173972106 
37 173828219 
38 167478240 
39 167076162 
40 166839584 
41 163443839 
42 163256618 
43 163152610 
44 162676527 
45 162222562 
46 161680984 
47 159661136 
48 159580476 
49 159499570 
50 159385947 
51 141462813 
52 141340105 
53 141132925 
54 141047696 
55 140392880 
56 139289543 
57 138646973 
58 137614191 
59 137372350 
60 137144495 
61 137020654 
62 136703917 
63 136432014 
64 136238790 
65 135901162 
66 135745908 
67 135661757 
68 135428228 
69 135421338 
70 135339030 
71 135051316 
72 134586161 
73 134252962 
74 134122953 
75 134090407 
76 133717673 
77 133588608 
78 133543317 
79 133382257 
80 133255246 
81 133185285 
82 133031495 
83 132272048 
84 132198861 
85 131888714 
86 131759853 
87 131691270 
88 131658258 
89 131468074 
90 131330430 
91 131236600 
92 130995499 
93 130794322 
94 130166278 
95 130093837 
96 129974497 
97 129902669 
98 129705782 
99 129498526 
100 129178919 
101 129171420 
102 129094315 
103 129071972 
104 128644356 
105 128630078 
106 128445847 
107 128439781 
108 128134103 
109 127951364 
110 127893368 
111 127397110 
112 127141354 
113 127085367 
114 126795224 
115 126465548 
116 126328514 
117 125956287 
118 125559571 
119 125455151 
120 125060656 
121 125050200 
122 124843452 
123 124641358 
124 124177119 
125 123956901 
126 123647965 
127 123647965 

