0 387005539 
1 385407447 
2 384929614 
3 381211185 
4 372434402 
5 372426086 
6 372306098 
7 372252740 
8 371360266 
9 371011449 
10 370936219 
11 370753120 
12 353997438 
13 353742008 
14 353122827 
15 352988313 
16 352899702 
17 352675079 
18 352487322 
19 352416271 
20 352145681 
21 335875267 
22 335764259 
23 335665075 
24 335450401 
25 335380475 
26 335310643 
27 334949230 
28 334924745 
29 334834385 
30 334605408 
31 334420985 
32 334280745 
33 333863993 
34 333802345 
35 333607039 
36 333573882 
37 333569132 
38 333511645 
39 333357686 
40 333064981 
41 333008402 
42 332594089 
43 332449713 
44 332431553 
45 332267630 
46 332094436 
47 332058102 
48 332002926 
49 324951660 
50 324833377 
51 324002556 
52 293915516 
53 293482920 
54 293407865 
55 292713384 
56 292472433 
57 292466231 
58 292415950 
59 292366190 
60 292030418 
61 292023999 
62 291770308 
63 291505316 
64 291478306 
65 291422197 
66 291356168 
67 291219469 
68 290627577 
69 290392273 
70 290303794 
71 290288343 
72 290166133 
73 282872070 
74 282861711 
75 282510826 
76 282428236 
77 282405310 
78 282391093 
79 282384875 
80 282344383 
81 282063916 
82 281986148 
83 281967668 
84 281317312 
85 281184309 
86 281097418 
87 263772637 
88 263727472 
89 251250094 
90 234159567 
91 234126711 
92 234074762 
93 234043661 
94 233983029 
95 233865521 
96 233816956 
97 233803795 
98 233801057 
99 233617105 
100 233451872 
101 233330897 
102 233254025 
103 232969289 
104 232969064 
105 232717846 
106 232714448 
107 232608126 
108 232449077 
109 232444075 
110 215534612 
111 215441373 
112 215217852 
113 215025491 
114 214972110 
115 213065855 
116 209778808 
117 187668663 
118 187647451 
119 187583610 
120 187073396 
121 186847359 
122 186513544 
123 186490971 
124 186379465 
125 186279174 
126 186236154 
127 186160154 
128 186122856 
129 186042790 
130 186020337 
131 185849852 
132 185836948 
133 185803986 
134 185751933 
135 185717768 
136 185688537 
137 185333723 
138 184639120 
139 184454496 
140 184373238 
141 184050450 
142 183729265 
143 183586473 
144 183262877 
145 183051027 
146 183023772 
147 166304030 
148 166147111 
149 145859239 
150 145003472 
151 144657886 
152 142865407 
153 142667032 
154 142643018 
155 142357075 
156 141799406 
157 141365408 
158 141287065 
159 140811064 
160 140790674 
161 140435395 
162 140319355 
163 140155568 
164 140118099 
165 140062081 
166 139827982 
167 139817832 
168 139322068 
169 139151490 
170 139087368 
171 138853048 
172 138844277 
173 138719104 
174 138718166 
175 138616381 
176 138519623 
177 138440514 
178 138383320 
179 138267151 
180 138069379 
181 137802734 
182 137795169 
183 137791782 
184 137729303 
185 137728955 
186 137409553 
187 137308069 
188 137214149 
189 137119521 
190 137101224 
191 136967520 
192 136943087 
193 136681802 
194 135902199 
195 135507450 
196 135163586 
197 134916535 
198 134775896 
199 134713017 
200 134676233 
201 134637815 
202 134507808 
203 133900309 
204 133883567 
205 133699029 
206 133681368 
207 133646933 
208 133599356 
209 133539223 
210 133524923 
211 133299762 
212 133164224 
213 133128024 
214 133048241 
215 132964162 
216 132863119 
217 132803779 
218 132650882 
219 132320414 
220 132241089 
221 132152618 
222 132014987 
223 131940731 
224 131801928 
225 131604969 
226 131110995 
227 130929947 
228 130538003 
229 130496650 
230 130083725 
231 129612183 
232 129092785 
233 128918016 
234 128441029 
235 127629790 
236 127373599 
237 127216442 
238 127156362 
239 126736381 
240 126300499 
241 126048482 
242 126000696 
243 125903532 
244 125849459 
245 125664621 
246 125504127 
247 125445594 
248 125358702 
249 124187525 
250 124187354 
251 123651538 
252 123565141 
253 123507661 
254 123348053 
255 123326023 
256 123314421 
257 123314421 

