0 1415266 
1 1413244 
2 1410858 
3 1409184 
4 1408676 
5 1406002 
6 1404382 
7 1401624 
8 1393324 
9 1392368 
10 1389864 
11 1389618 
12 1389490 
13 1388292 
14 1387904 
15 1386016 
16 1384288 
17 1383976 
18 1383382 
19 1378792 
20 1376242 
21 1376174 
22 1370594 
23 1368714 
24 1368240 
25 1367996 
26 1363016 
27 1362460 
28 1360484 
29 1357616 
30 1357608 
31 1356298 
32 1355476 
33 1353220 
34 1352488 
35 1352170 
36 1349092 
37 1348936 
38 1347942 
39 1345826 
40 1340464 
41 1338500 
42 1333392 
43 1331508 
44 1329362 
45 1327088 
46 1327036 
47 1326168 
48 1319662 
49 1313224 
50 1313126 
51 1307148 
52 1305772 
53 1303848 
54 1299386 
55 1298250 
56 1297594 
57 1297142 
58 1296648 
59 1294366 
60 1291498 
61 1291330 
62 1282350 
63 1282300 
64 1277882 
65 1276630 
66 1275174 
67 1271822 
68 1271684 
69 1271306 
70 1265678 
71 1264246 
72 1261680 
73 1258936 
74 1255624 
75 1252000 
76 1251802 
77 1248194 
78 1244910 
79 1238698 
80 1236522 
81 1221658 
82 1217542 
83 1213208 
84 1213160 
85 1211228 
86 1211228 

