0 901044 
1 898628 
2 897970 
3 895632 
4 892780 
5 892756 
6 890548 
7 889824 
8 888778 
9 885772 
10 882928 
11 877836 
12 876652 
13 875014 
14 874256 
15 873154 
16 871716 
17 869096 
18 865294 
19 862150 
20 861600 
21 860188 
22 859378 
23 857838 
24 855840 
25 854804 
26 851794 
27 847302 
28 846172 
29 842410 
30 840810 
31 838074 
32 837674 
33 837530 
34 835226 
35 828688 
36 827464 
37 827124 
38 824452 
39 822824 
40 822610 
41 820176 
42 819350 
43 819160 
44 818994 
45 818666 
46 817424 
47 815204 
48 813012 
49 810332 
50 808922 
51 807660 
52 805462 
53 805292 
54 802790 
55 799660 
56 798416 
57 798230 
58 793210 
59 791720 
60 791120 
61 790232 
62 790144 
63 789744 
64 787250 
65 783120 
66 782524 
67 780224 
68 776190 
69 772542 
70 769856 
71 768574 
72 765856 
73 764962 
74 763908 
75 762232 
76 758854 
77 758212 
78 749496 
79 744116 
80 739264 
81 737898 
82 726030 
83 726030 

