0 874148191 
1 866501746 
2 836944217 
3 836068248 
4 835153132 
5 827470322 
6 827114018 
7 823007583 
8 822047662 
9 818844838 
10 818772080 
11 818497005 
12 817218329 
13 815907701 
14 815897710 
15 815789336 
16 814552346 
17 813592455 
18 813569221 
19 812492973 
20 804134741 
21 802422025 
22 801945998 
23 794290014 
24 794087124 
25 790191698 
26 787496327 
27 786584028 
28 786549851 
29 785028650 
30 784192917 
31 781268203 
32 781215581 
33 781163660 
34 780934888 
35 775902622 
36 775785146 
37 775331053 
38 774411709 
39 773737613 
40 771836073 
41 770079695 
42 769523882 
43 767891816 
44 767027180 
45 765223801 
46 763981050 
47 762852384 
48 762032277 
49 761653589 
50 754111255 
51 753887183 
52 752266781 
53 752141044 
54 744884607 
55 744140741 
56 743919784 
57 743825879 
58 743703812 
59 742084520 
60 741636977 
61 741554804 
62 741022438 
63 740916834 
64 738166971 
65 738071840 
66 734553855 
67 731615624 
68 729458646 
69 729439594 
70 726438123 
71 725939835 
72 725690332 
73 725600254 
74 725586679 
75 725218046 
76 725032847 
77 724725253 
78 724003593 
79 723809013 
80 723492347 
81 723073633 
82 722843802 
83 722230116 
84 721861463 
85 721421044 
86 721362880 
87 721294236 
88 721231452 
89 717567533 
90 713870982 
91 697464071 
92 696962954 
93 694216244 
94 688981610 
95 688960193 
96 686600064 
97 686368748 
98 685576288 
99 683655517 
100 681708438 
101 681417706 
102 681365043 
103 681350447 
104 679516450 
105 674973955 
106 674068681 
107 671836695 
108 670452723 
109 670216178 
110 668089209 
111 667911744 
112 666915906 
113 666903517 
114 663120570 
115 663102023 
116 662393460 
117 662363015 
118 662018497 
119 661874798 
120 661827271 
121 661581031 
122 661414112 
123 657598394 
124 653683157 
125 653635523 
126 644785731 
127 642752309 
128 642281135 
129 640722183 
130 640317498 
131 639173485 
132 637554800 
133 637045952 
134 631814162 
135 631722757 
136 631549964 
137 626734701 
138 626490554 
139 626420448 
140 625099577 
141 624916926 
142 624442747 
143 623519974 
144 623402481 
145 622579034 
146 621780575 
147 621774972 
148 620483056 
149 618972502 
150 618749968 
151 618405658 
152 618393919 
153 617915253 
154 617787439 
155 617618867 
156 617401682 
157 617397891 
158 617226049 
159 617002355 
160 616701381 
161 616604120 
162 615626800 
163 612654747 
164 612597458 
165 612556608 
166 612225600 
167 611877738 
168 596622537 
169 591963947 
170 591959620 
171 591751613 
172 591504021 
173 591491522 
174 590886098 
175 590875661 
176 590555523 
177 589668928 
178 589540210 
179 589521233 
180 588898424 
181 581665252 
182 579365017 
183 579235489 
184 578789286 
185 574522772 
186 574034903 
187 573058631 
188 572857245 
189 572851472 
190 572291428 
191 571972945 
192 571864181 
193 569176612 
194 567561237 
195 567515529 
196 567027660 
197 566816404 
198 561290541 
199 560065017 
200 549711922 
201 545642817 
202 545341674 
203 537819044 
204 534791886 
205 534648847 
206 534430633 
207 533746956 
208 529768574 
209 529709819 
210 528267477 
211 527502562 
212 527491754 
213 518125383 
214 517980045 
215 517587694 
216 516451590 
217 516411205 
218 515795200 
219 512112325 
220 512021972 
221 509090236 
222 508888549 
223 508806305 
224 507351716 
225 507263133 
226 495693783 
227 483868963 
228 483857357 
229 464357132 
230 452462862 
231 451542733 
232 451017821 
233 450733828 
234 448167247 
235 447940041 
236 445973158 
237 445960757 
238 445641603 
239 445205498 
240 444885297 
241 433263506 
242 424583694 
243 423684761 
244 423680702 
245 423497799 
246 423233496 
247 422147498 
248 422023904 
249 421994498 
250 421955356 
251 421844305 
252 421285728 
253 419706784 
254 419180559 
255 419043535 
256 418821753 
257 418647570 
258 416616262 
259 416576660 
260 416092648 
261 415004329 
262 413805254 
263 413281839 
264 412084171 
265 411571708 
266 411528768 
267 411150003 
268 409545410 
269 405607995 
270 405426654 
271 404937601 
272 404880654 
273 404631502 
274 403401465 
275 400748142 
276 400471123 
277 400404304 
278 400226141 
279 399875802 
280 399690618 
281 399479208 
282 399319727 
283 399307695 
284 399276226 
285 399274103 
286 399063058 
287 398949794 
288 398711321 
289 398655377 
290 398261307 
291 398028744 
292 397803542 
293 396074685 
294 396008922 
295 395714297 
296 395340205 
297 395161173 
298 394833475 
299 394801104 
300 394729311 
301 394626619 
302 394585672 
303 394581209 
304 394575724 
305 394015497 
306 394003057 
307 393938626 
308 393831543 
309 393637285 
310 393587334 
311 393406983 
312 392925478 
313 392550380 
314 391954589 
315 391878587 
316 391475695 
317 391375910 
318 391227111 
319 391183311 
320 390637766 
321 390484130 
322 390425099 
323 390038564 
324 389791895 
325 389735983 
326 389259107 
327 388691344 
328 388650384 
329 388626276 
330 388480326 
331 388092446 
332 388045312 
333 387081937 
334 386011925 
335 385975436 
336 385737347 
337 385685554 
338 385633153 
339 385343402 
340 385211039 
341 385076058 
342 384911289 
343 384537294 
344 384499299 
345 384308197 
346 383470395 
347 382858512 
348 382746200 
349 382360598 
350 382058328 
351 380708820 
352 380365625 
353 379918762 
354 379756884 
355 379598643 
356 379491493 
357 379488912 
358 378675295 
359 378563326 
360 378345310 
361 378329141 
362 377925684 
363 377853590 
364 377821773 
365 377663998 
366 377663998 

