0 1050824359 
1 955885972 
2 951835567 
3 951161877 
4 951046085 
5 950608054 
6 950289623 
7 949463113 
8 948313114 
9 943796433 
10 942718034 
11 941896177 
12 941880557 
13 938920274 
14 938749104 
15 938490028 
16 937828661 
17 937688587 
18 937374568 
19 937325183 
20 936832065 
21 933702779 
22 933563334 
23 905381119 
24 904005362 
25 903371280 
26 902791451 
27 902744376 
28 902232293 
29 902014492 
30 901976523 
31 901649449 
32 900551309 
33 900090176 
34 900058201 
35 897569182 
36 897194210 
37 896651504 
38 896520876 
39 896181035 
40 896052303 
41 896021419 
42 895039513 
43 895029271 
44 888830707 
45 888723961 
46 888282280 
47 887729916 
48 883769264 
49 882437874 
50 878484813 
51 873677384 
52 870023473 
53 869930385 
54 869701038 
55 867325751 
56 867054067 
57 847293252 
58 847238202 
59 832138249 
60 831117317 
61 831072185 
62 831044731 
63 830734164 
64 830702904 
65 830272749 
66 830095005 
67 829796841 
68 829732731 
69 829187957 
70 821062385 
71 820709286 
72 820241423 
73 817707749 
74 817704959 
75 816757715 
76 816658801 
77 814250298 
78 813886482 
79 812316047 
80 812174376 
81 811904918 
82 811645868 
83 811512301 
84 811014315 
85 809905021 
86 807369491 
87 807316707 
88 806988209 
89 806955234 
90 806521946 
91 806279752 
92 806262924 
93 806181164 
94 806159838 
95 805816886 
96 805787418 
97 805377061 
98 805165602 
99 804465262 
100 804456222 
101 789402608 
102 786147868 
103 785692027 
104 785508567 
105 785183884 
106 785029811 
107 784414961 
108 783802937 
109 783401200 
110 783357815 
111 781978889 
112 779449944 
113 771003718 
114 765686422 
115 764960215 
116 763865545 
117 763755456 
118 757000774 
119 756326810 
120 756122577 
121 755960050 
122 755862781 
123 753544179 
124 743988951 
125 732931447 
126 731967375 
127 728949138 
128 727889494 
129 727034907 
130 726002726 
131 723189382 
132 722935407 
133 721797905 
134 721469415 
135 721160302 
136 720976546 
137 720827628 
138 718354372 
139 713442198 
140 713175005 
141 713069824 
142 713008753 
143 712928237 
144 712892482 
145 687040429 
146 687026344 
147 685543299 
148 685475292 
149 685357718 
150 685193599 
151 684954206 
152 678355745 
153 668106305 
154 668096174 
155 668050915 
156 666087458 
157 665895401 
158 665882683 
159 665867822 
160 665866974 
161 665724783 
162 665663161 
163 665605604 
164 665385807 
165 664386619 
166 664306976 
167 664197009 
168 664196956 
169 664100929 
170 663897230 
171 663715289 
172 663438982 
173 663228122 
174 662200405 
175 662093046 
176 661618775 
177 661326097 
178 661066318 
179 660754513 
180 660367236 
181 658521776 
182 657660253 
183 657537330 
184 654718958 
185 654631235 
186 654419763 
187 654276591 
188 653863713 
189 653475368 
190 653466094 
191 652536519 
192 652280870 
193 649578423 
194 649146501 
195 648915459 
196 648023029 
197 645451352 
198 644187342 
199 643382186 
200 638392503 
201 638233690 
202 638120774 
203 637421558 
204 602707150 
205 600985004 
206 599811150 
207 599789460 
208 599135822 
209 598345788 
210 597924039 
211 597643416 
212 596684342 
213 596663413 
214 596468070 
215 594911796 
216 593913157 
217 593694354 
218 592636455 
219 592550170 
220 592320794 
221 591809990 
222 591648475 
223 591086550 
224 590695947 
225 589962116 
226 589335657 
227 576626762 
228 576358908 
229 571978044 
230 571565126 
231 570740221 
232 567066641 
233 566768180 
234 566370807 
235 562339712 
236 562333757 
237 541066201 
238 540452229 
239 537337427 
240 536995770 
241 536859142 
242 536727059 
243 536609158 
244 536450551 
245 535967151 
246 524982053 
247 524347682 
248 524333270 
249 523899987 
250 523821660 
251 523804407 
252 523033809 
253 522981906 
254 522730841 
255 522110335 
256 522092478 
257 521663692 
258 520436651 
259 519680255 
260 519489473 
261 519001800 
262 508232333 
263 507646183 
264 507223909 
265 505266940 
266 504947665 
267 478043825 
268 477715369 
269 475872761 
270 473277116 
271 471548504 
272 471478880 
273 471278514 
274 470050824 
275 469442588 
276 469333375 
277 464526060 
278 462681621 
279 462654880 
280 460918409 
281 460817668 
282 460570305 
283 460203366 
284 459941716 
285 458839590 
286 457040739 
287 456970893 
288 456279525 
289 454150199 
290 453817476 
291 452219362 
292 449884935 
293 449046577 
294 448945205 
295 447850092 
296 447055727 
297 446230652 
298 444419242 
299 444097130 
300 443684941 
301 442056097 
302 440142019 
303 439746933 
304 438235286 
305 438147974 
306 438044719 
307 437983137 
308 437607011 
309 402951298 
310 399760340 
311 398853306 
312 396231565 
313 396172023 
314 396168329 
315 396025671 
316 394266242 
317 393936169 
318 393426067 
319 391580789 
320 391567113 
321 390603485 
322 387984479 
323 385946870 
324 385890282 
325 384823084 
326 384290093 
327 383474271 
328 383388261 
329 382609890 
330 382189874 
331 381969208 
332 380301566 
333 379980518 
334 379107889 
335 378351701 
336 378273127 
337 375865451 
338 375614413 
339 374697126 
340 374496664 
341 374279832 
342 374105904 
343 374014896 
344 373529459 
345 373377461 
346 373226422 
347 372922127 
348 372859243 
349 372704783 
350 371416844 
351 371413689 
352 371149170 
353 370620149 
354 370412397 
355 369535432 
356 369483957 
357 369294485 
358 369134379 
359 368372891 
360 368372840 
361 366815488 
362 366310674 
363 365192636 
364 363776915 
365 363702398 
366 363698197 
367 363563415 
368 363556908 
369 363522375 
370 363213750 
371 362995820 
372 362547461 
373 361973915 
374 361782404 
375 361711485 
376 361573874 
377 361335942 
378 361237613 
379 361231975 
380 360742868 
381 360622066 
382 360609716 
383 360051475 
384 359227968 
385 359081469 
386 358947049 
387 358787982 
388 358748736 
389 358019700 
390 358019053 
391 357307589 
392 356747900 
393 356592458 
394 356353296 
395 354435384 
396 354275142 
397 353939775 
398 353559575 
399 353548108 
400 353470904 
401 353395708 
402 352377351 
403 351799642 
404 351592820 
405 351534970 
406 350988868 
407 350850606 
408 350688261 
409 350542860 
410 350181917 
411 350078481 
412 349057227 
413 348898650 
414 348725441 
415 347519594 
416 347257451 
417 347085298 
418 347038120 
419 346492620 
420 346392223 
421 346253889 
422 345230627 
423 344855160 
424 344855160 

