0 919004 
1 914788 
2 914756 
3 913798 
4 909976 
5 909924 
6 908588 
7 907038 
8 905782 
9 904940 
10 904514 
11 901910 
12 900100 
13 899864 
14 898840 
15 898458 
16 894224 
17 892486 
18 892192 
19 891336 
20 890182 
21 887412 
22 886670 
23 886192 
24 881702 
25 880054 
26 879300 
27 876602 
28 875138 
29 873802 
30 872788 
31 871538 
32 870030 
33 867344 
34 863000 
35 859268 
36 858022 
37 857800 
38 856824 
39 856020 
40 855264 
41 854288 
42 853404 
43 851846 
44 850362 
45 850280 
46 848072 
47 847658 
48 844652 
49 842630 
50 840400 
51 840320 
52 838802 
53 837990 
54 834872 
55 834764 
56 831480 
57 829230 
58 827630 
59 824816 
60 819192 
61 815986 
62 815694 
63 814834 
64 814800 
65 811242 
66 811124 
67 804938 
68 802312 
69 799338 
70 795630 
71 792590 
72 790112 
73 785980 
74 782836 
75 782528 
76 782524 
77 780662 
78 780536 
79 780294 
80 779102 
81 777908 
82 774302 
83 768844 
84 763706 
85 763152 
86 760316 
87 759446 
88 754336 
89 754096 
90 747188 
91 742630 
92 742010 
93 741130 
94 740448 
95 737714 
96 735720 
97 735720 

