0 217426914 
1 217255899 
2 217184632 
3 215499819 
4 207439964 
5 206499619 
6 205363053 
7 204698712 
8 201984737 
9 201923412 
10 201848190 
11 201338077 
12 201054345 
13 185548881 
14 185394707 
15 166861902 
16 165748437 
17 165734150 
18 165637187 
19 165633901 
20 165318170 
21 164993675 
22 164620903 
23 164531597 
24 164416382 
25 164320663 
26 145280455 
27 144846288 
28 144801872 
29 144597256 
30 144184422 
31 144074314 
32 143901824 
33 143855636 
34 143380230 
35 142437759 
36 141400564 
37 140360383 
38 140138841 
39 139981870 
40 139668785 
41 139641568 
42 139610493 
43 139449512 
44 139408761 
45 139369874 
46 139309410 
47 139280919 
48 139016975 
49 138974920 
50 138954376 
51 138755567 
52 138567290 
53 138486393 
54 138379587 
55 137970881 
56 137715937 
57 137630212 
58 137159486 
59 137067289 
60 136833810 
61 136754855 
62 136517757 
63 136308717 
64 135820532 
65 135450071 
66 135295830 
67 135128781 
68 134840942 
69 134817826 
70 134733399 
71 134594996 
72 134592517 
73 134430020 
74 134327699 
75 134265833 
76 134206110 
77 134202138 
78 133922562 
79 133873703 
80 133648694 
81 133558193 
82 133226765 
83 133131965 
84 133110083 
85 133077674 
86 132928661 
87 132612182 
88 132607544 
89 132502409 
90 132471221 
91 132470738 
92 132438268 
93 132326580 
94 132305434 
95 132244881 
96 132189622 
97 131829312 
98 131551006 
99 131278233 
100 131218388 
101 131172694 
102 131053871 
103 130920667 
104 130821387 
105 130350366 
106 130012650 
107 129818020 
108 129657045 
109 129224108 
110 129011735 
111 128988031 
112 128926805 
113 128906217 
114 128756772 
115 128664870 
116 128606920 
117 128311009 
118 127847469 
119 127787679 
120 127717642 
121 127422302 
122 127419476 
123 127321825 
124 127256344 
125 127098129 
126 126957886 
127 126887247 
128 126715091 
129 126496002 
130 126124559 
131 125987904 
132 125251651 
133 125023343 
134 124560209 
135 124368631 
136 124091741 
137 123987692 
138 123739963 
139 123654777 
140 123286529 
141 123143224 
142 123143224 

