0 711785385 
1 681022043 
2 678817666 
3 667020852 
4 665843967 
5 665649935 
6 652902639 
7 652544394 
8 651195618 
9 649818609 
10 644931605 
11 641577359 
12 641161607 
13 640277235 
14 639949492 
15 639582966 
16 633371590 
17 633284130 
18 632210116 
19 623963461 
20 621037275 
21 620304139 
22 620113348 
23 616627659 
24 616545347 
25 616011556 
26 615798240 
27 614894141 
28 609044282 
29 608200689 
30 607165019 
31 605268453 
32 603922720 
33 592599514 
34 592456853 
35 587984862 
36 586356174 
37 583555871 
38 583464566 
39 578643020 
40 577108332 
41 574271030 
42 573865129 
43 568809591 
44 568747925 
45 567921044 
46 567734845 
47 566860230 
48 564082151 
49 562796912 
50 562724348 
51 561568282 
52 560997615 
53 559805326 
54 558288394 
55 557956063 
56 557286567 
57 555945230 
58 554794345 
59 554624796 
60 553759730 
61 553525779 
62 553468737 
63 553264639 
64 552985891 
65 552210816 
66 552118453 
67 551151653 
68 551029657 
69 549610150 
70 549357620 
71 549222473 
72 548926211 
73 548865124 
74 548750721 
75 548648582 
76 504388212 
77 498743367 
78 498257040 
79 497728320 
80 497459349 
81 494334865 
82 493851325 
83 493547419 
84 493491770 
85 492797649 
86 492185743 
87 482055265 
88 482032467 
89 480924857 
90 480909387 
91 479050387 
92 479013845 
93 479013083 
94 478424691 
95 476874518 
96 476848384 
97 476321156 
98 476272801 
99 476117176 
100 476102779 
101 475775038 
102 474313614 
103 474089996 
104 473860282 
105 470728666 
106 469962165 
107 469639540 
108 467471581 
109 467316589 
110 466665302 
111 462140830 
112 461831129 
113 461798001 
114 461567490 
115 461071390 
116 460883986 
117 459920412 
118 459420046 
119 457039189 
120 455107560 
121 452687609 
122 450868522 
123 446009755 
124 445511163 
125 445493727 
126 445329295 
127 445308865 
128 445259037 
129 444897263 
130 443901944 
131 442141021 
132 442097270 
133 441336439 
134 441334510 
135 440300082 
136 438861402 
137 438533043 
138 438438249 
139 438378611 
140 438257816 
141 437697913 
142 437475379 
143 436565455 
144 436492246 
145 434704782 
146 434314511 
147 434262887 
148 432384049 
149 431349981 
150 428803465 
151 428362819 
152 426143963 
153 425141193 
154 424897901 
155 424717175 
156 424570397 
157 423837469 
158 421088450 
159 420834616 
160 418966797 
161 418854689 
162 418794688 
163 418753460 
164 418707540 
165 417705853 
166 417481867 
167 417480862 
168 393261368 
169 392802611 
170 392106131 
171 391784294 
172 391019430 
173 388219954 
174 388138262 
175 387675258 
176 387527810 
177 386835267 
178 385017536 
179 384386128 
180 384062982 
181 383866507 
182 382928853 
183 382666491 
184 381834085 
185 381357132 
186 381147963 
187 381012856 
188 380623901 
189 379611618 
190 376434014 
191 375787599 
192 374828870 
193 374447641 
194 372941147 
195 372810265 
196 372075312 
197 372017330 
198 371961669 
199 371897965 
200 371749984 
201 371242939 
202 370873737 
203 369745295 
204 369668075 
205 369247527 
206 368973482 
207 368684345 
208 367981003 
209 367850710 
210 367141484 
211 367075986 
212 366691615 
213 366690900 
214 366658365 
215 366620148 
216 366338984 
217 366265462 
218 366231424 
219 366034571 
220 365988969 
221 365888289 
222 365124795 
223 365065496 
224 365027378 
225 364829457 
226 363651872 
227 363198014 
228 362761427 
229 362746702 
230 362287674 
231 362066405 
232 362015334 
233 361563860 
234 361187748 
235 361095981 
236 360576503 
237 360018492 
238 359790314 
239 359650032 
240 359506436 
241 359484318 
242 358714201 
243 357988564 
244 357151980 
245 357105289 
246 356878035 
247 356085558 
248 356021284 
249 355770650 
250 355193633 
251 355077941 
252 355056527 
253 354911777 
254 354300827 
255 354240413 
256 354199401 
257 353884248 
258 353850319 
259 353733360 
260 353509112 
261 353141228 
262 352614266 
263 351351220 
264 350704554 
265 350614173 
266 350448320 
267 350245391 
268 350245324 
269 350104258 
270 349780915 
271 349733378 
272 348562687 
273 348419063 
274 348161445 
275 348161445 

