0 1392374 
1 1390664 
2 1388910 
3 1386382 
4 1384242 
5 1379540 
6 1378956 
7 1377362 
8 1377326 
9 1376452 
10 1375368 
11 1372008 
12 1372006 
13 1370644 
14 1368456 
15 1367694 
16 1367508 
17 1364406 
18 1362364 
19 1358338 
20 1356716 
21 1355542 
22 1350230 
23 1350212 
24 1349648 
25 1347038 
26 1344992 
27 1342354 
28 1341010 
29 1339458 
30 1338894 
31 1338316 
32 1337378 
33 1332778 
34 1332262 
35 1331408 
36 1330134 
37 1329460 
38 1327066 
39 1325696 
40 1323740 
41 1322302 
42 1322220 
43 1321830 
44 1321438 
45 1320834 
46 1319966 
47 1317844 
48 1316684 
49 1314386 
50 1311144 
51 1308938 
52 1307492 
53 1306322 
54 1305282 
55 1304632 
56 1303850 
57 1303458 
58 1301798 
59 1300908 
60 1291386 
61 1288722 
62 1288674 
63 1288288 
64 1287202 
65 1286140 
66 1285972 
67 1281622 
68 1278586 
69 1278452 
70 1277610 
71 1273778 
72 1271820 
73 1271334 
74 1269286 
75 1268544 
76 1263806 
77 1257660 
78 1253498 
79 1253486 
80 1251942 
81 1247920 
82 1242098 
83 1239788 
84 1238412 
85 1236416 
86 1232014 
87 1231108 
88 1222264 
89 1217602 
90 1214436 
91 1213312 
92 1211928 
93 1210960 
94 1210758 
95 1209198 
96 1208372 
97 1205254 
98 1205038 
99 1199318 
100 1195040 
101 1190750 
102 1190750 

