0 1444144 
1 1438958 
2 1438596 
3 1436284 
4 1429786 
5 1428486 
6 1425442 
7 1425300 
8 1425096 
9 1423024 
10 1422956 
11 1421908 
12 1421518 
13 1418720 
14 1415392 
15 1414906 
16 1411078 
17 1407004 
18 1404060 
19 1403314 
20 1400698 
21 1400046 
22 1398110 
23 1394846 
24 1393718 
25 1391340 
26 1388632 
27 1388080 
28 1387862 
29 1387250 
30 1384798 
31 1379520 
32 1378642 
33 1378088 
34 1377918 
35 1377358 
36 1376418 
37 1375450 
38 1374588 
39 1370052 
40 1369070 
41 1367750 
42 1366584 
43 1365276 
44 1363050 
45 1362636 
46 1359146 
47 1358800 
48 1358702 
49 1358194 
50 1355052 
51 1354126 
52 1353648 
53 1352222 
54 1349594 
55 1346888 
56 1346502 
57 1345588 
58 1344368 
59 1342224 
60 1339664 
61 1338480 
62 1335260 
63 1334326 
64 1333070 
65 1331768 
66 1330062 
67 1327818 
68 1325108 
69 1320440 
70 1319370 
71 1319260 
72 1317964 
73 1312710 
74 1312338 
75 1310410 
76 1309970 
77 1303122 
78 1301984 
79 1300046 
80 1299650 
81 1298908 
82 1293490 
83 1293132 
84 1291458 
85 1290366 
86 1286288 
87 1285614 
88 1280492 
89 1280106 
90 1275182 
91 1272728 
92 1271862 
93 1271072 
94 1269978 
95 1268758 
96 1267728 
97 1265976 
98 1262934 
99 1260096 
100 1258814 
101 1258478 
102 1258062 
103 1252524 
104 1247132 
105 1243788 
106 1242214 
107 1238036 
108 1237794 
109 1237408 
110 1236994 
111 1234438 
112 1232172 
113 1231456 
114 1228528 
115 1228198 
116 1226710 
117 1225078 
118 1218184 
119 1211982 
120 1206754 
121 1206754 

