0 759774457 
1 757372223 
2 756226748 
3 741676437 
4 739239913 
5 736721049 
6 736175472 
7 733842432 
8 729964878 
9 727328308 
10 724692338 
11 724680823 
12 724489739 
13 724488846 
14 724417919 
15 723002864 
16 721703399 
17 721684110 
18 721069674 
19 720084657 
20 719877079 
21 718275204 
22 718143425 
23 717319673 
24 716954834 
25 716890907 
26 716429390 
27 716221256 
28 715498989 
29 714357010 
30 714173293 
31 714142620 
32 714097468 
33 712838417 
34 712429965 
35 711695019 
36 700622580 
37 700559425 
38 698737986 
39 697567778 
40 694092699 
41 694007030 
42 691858483 
43 691527440 
44 691377790 
45 685227108 
46 684291790 
47 683125169 
48 683056003 
49 682550041 
50 653084947 
51 652962401 
52 652924437 
53 652721844 
54 652483434 
55 645190292 
56 645171946 
57 645139916 
58 643707681 
59 639369525 
60 639166606 
61 627839138 
62 626291045 
63 624759331 
64 624292559 
65 624068522 
66 623964975 
67 623855046 
68 623157606 
69 622615056 
70 617201401 
71 615234158 
72 614537508 
73 614404236 
74 613837398 
75 608452005 
76 608358516 
77 603235254 
78 602627558 
79 601115268 
80 598372084 
81 598018411 
82 597971477 
83 596119318 
84 596051802 
85 595818581 
86 595603118 
87 593176800 
88 592477577 
89 591640312 
90 591407203 
91 591294251 
92 591247803 
93 591042618 
94 590581388 
95 590547187 
96 590301610 
97 590248028 
98 590195139 
99 589885983 
100 589599625 
101 585271015 
102 585021264 
103 584010133 
104 583164113 
105 583150843 
106 583068970 
107 582934104 
108 582738821 
109 582539447 
110 582313910 
111 555950430 
112 532703303 
113 532655581 
114 530506734 
115 518352060 
116 512622980 
117 511517606 
118 511396747 
119 508308893 
120 496356126 
121 495665230 
122 491354674 
123 489471705 
124 486229825 
125 483090858 
126 482326204 
127 482200382 
128 481903222 
129 481277629 
130 481252492 
131 480974293 
132 480623137 
133 480423971 
134 480420790 
135 480276701 
136 480245362 
137 480169922 
138 479709385 
139 479686096 
140 479589531 
141 463130702 
142 462654469 
143 462178460 
144 462024733 
145 462008084 
146 462005706 
147 461906004 
148 461709568 
149 452316151 
150 452087193 
151 451717595 
152 450958532 
153 450700618 
154 450338450 
155 450153695 
156 449222752 
157 448865611 
158 448799199 
159 448671164 
160 447549443 
161 431601193 
162 431279282 
163 430496799 
164 430198557 
165 430028478 
166 429414883 
167 428190230 
168 427501913 
169 427149386 
170 426810485 
171 426778791 
172 426473027 
173 426342474 
174 425619274 
175 416852255 
176 416807705 
177 416746198 
178 415896769 
179 415895095 
180 415667232 
181 415607015 
182 415518279 
183 415460958 
184 415049634 
185 414997803 
186 414991003 
187 414779669 
188 414677027 
189 414663382 
190 414577070 
191 414048913 
192 414023964 
193 412988261 
194 412667598 
195 412656831 
196 412541116 
197 412355634 
198 412340224 
199 411754353 
200 411747159 
201 411458989 
202 411358273 
203 411156726 
204 410534117 
205 410272645 
206 410037860 
207 409765605 
208 409731054 
209 409287581 
210 409197640 
211 408455066 
212 408281648 
213 408143109 
214 407980767 
215 407866327 
216 407760913 
217 407644782 
218 407239809 
219 407021413 
220 407003143 
221 406827693 
222 406746498 
223 406693914 
224 406443179 
225 406047472 
226 404788896 
227 404657072 
228 404615829 
229 404009531 
230 403863616 
231 403395148 
232 403364219 
233 403298391 
234 403180253 
235 402424029 
236 402163367 
237 402096834 
238 401517096 
239 401432532 
240 401108147 
241 400946761 
242 400909974 
243 400326292 
244 400012214 
245 399734276 
246 399584372 
247 399288376 
248 398961039 
249 398439553 
250 398183166 
251 397773471 
252 397395119 
253 397395119 

