0 841732642 
1 833201050 
2 824508517 
3 821863738 
4 808530864 
5 807494240 
6 806525404 
7 806406299 
8 780866436 
9 780815916 
10 773345786 
11 771442689 
12 771222982 
13 771134686 
14 770738475 
15 770726015 
16 770455771 
17 770071301 
18 769667968 
19 768836851 
20 767716308 
21 753473188 
22 753068167 
23 752990417 
24 748968067 
25 748523319 
26 748508206 
27 746369726 
28 738266500 
29 736329575 
30 735746203 
31 734277538 
32 732905521 
33 732359170 
34 730793482 
35 729983463 
36 729907989 
37 729690033 
38 729553580 
39 726019666 
40 725415770 
41 723751352 
42 723646376 
43 723517698 
44 723180886 
45 723036127 
46 722620520 
47 722195591 
48 721902951 
49 721539555 
50 721381029 
51 721351799 
52 721342301 
53 721014029 
54 719532314 
55 719524641 
56 717780325 
57 704687846 
58 703697315 
59 701342997 
60 700260053 
61 697729878 
62 697409512 
63 697367036 
64 696716965 
65 696221810 
66 696104338 
67 695401663 
68 695385000 
69 694860101 
70 694101143 
71 691571204 
72 691288807 
73 691022857 
74 688325685 
75 660533859 
76 652821081 
77 652818199 
78 650890344 
79 649102959 
80 648770748 
81 648572495 
82 648405410 
83 648213665 
84 640482817 
85 640466216 
86 628343065 
87 628316615 
88 628178532 
89 627068315 
90 625458067 
91 625224514 
92 625176826 
93 624905603 
94 624601678 
95 623173602 
96 619874471 
97 619760953 
98 608242372 
99 606604873 
100 606578481 
101 605735011 
102 604288537 
103 602212016 
104 601939951 
105 601909062 
106 598005421 
107 597362069 
108 597132069 
109 588154827 
110 588065342 
111 574487639 
112 573456925 
113 572491534 
114 571578081 
115 571503925 
116 569229867 
117 569208714 
118 568750454 
119 568396149 
120 568323865 
121 568225437 
122 568032918 
123 567796872 
124 567267528 
125 566895127 
126 559379394 
127 559320583 
128 558122563 
129 558117566 
130 557884480 
131 557263357 
132 557117737 
133 556107898 
134 555959640 
135 555916681 
136 555720173 
137 555409146 
138 553544889 
139 553389534 
140 553193676 
141 553180728 
142 552853028 
143 552333095 
144 542621827 
145 542250450 
146 541994978 
147 541982786 
148 541940384 
149 533119332 
150 533081837 
151 532976382 
152 532531795 
153 529759702 
154 523957646 
155 523574934 
156 522251025 
157 520202951 
158 520153825 
159 519835690 
160 519728129 
161 517334958 
162 516876964 
163 516756367 
164 516339584 
165 515766164 
166 515443084 
167 514972953 
168 512059212 
169 511997458 
170 511878828 
171 511177517 
172 510912953 
173 510714238 
174 510384313 
175 506711211 
176 505934810 
177 495134426 
178 494184943 
179 492006286 
180 491886974 
181 491464818 
182 490311982 
183 471800451 
184 470332675 
185 469728556 
186 469667393 
187 469525960 
188 469348972 
189 469316881 
190 469290839 
191 469202398 
192 468143817 
193 468065713 
194 468004647 
195 467933245 
196 467437992 
197 466688729 
198 466226968 
199 466015045 
200 465707430 
201 435585279 
202 435489413 
203 429948355 
204 427802547 
205 427330289 
206 427311227 
207 425736754 
208 425566402 
209 424456316 
210 424385440 
211 424309415 
212 424184232 
213 423257290 
214 422969657 
215 422881941 
216 422407639 
217 413571631 
218 412722103 
219 412276867 
220 411496476 
221 411358544 
222 411341491 
223 411310609 
224 411307878 
225 408270186 
226 408183573 
227 408148961 
228 407948420 
229 407860191 
230 407759144 
231 407217609 
232 407211496 
233 406746990 
234 406662653 
235 406303448 
236 406063314 
237 405974605 
238 405888471 
239 405148863 
240 404596160 
241 404354052 
242 404174626 
243 403897563 
244 403304261 
245 403262388 
246 403233233 
247 402967014 
248 402752663 
249 402132121 
250 402073506 
251 402042179 
252 401938849 
253 401596707 
254 401235796 
255 401006487 
256 400848227 
257 400769196 
258 400357629 
259 399546410 
260 399408807 
261 399330393 
262 398808441 
263 398705647 
264 398390815 
265 397493282 
266 396579097 
267 396556724 
268 396489027 
269 396473691 
270 396332805 
271 395265663 
272 394948224 
273 394905561 
274 394509835 
275 394362165 
276 394321617 
277 394226892 
278 394185629 
279 394071238 
280 394069520 
281 393509266 
282 393464574 
283 393272549 
284 393174954 
285 393007735 
286 392883938 
287 392833021 
288 392623107 
289 392518911 
290 392343978 
291 391897605 
292 391065787 
293 391001504 
294 390919215 
295 390641162 
296 390530766 
297 389942701 
298 389859282 
299 389538533 
300 389384260 
301 388669694 
302 388201081 
303 388089174 
304 387832295 
305 387806032 
306 387550303 
307 387481322 
308 387128486 
309 386990906 
310 386674972 
311 384799832 
312 384463351 
313 384424425 
314 384377181 
315 384223126 
316 383310531 
317 383103281 
318 383028287 
319 382947660 
320 382791482 
321 380941370 
322 380919215 
323 380689140 
324 379986095 
325 379581326 
326 379447734 
327 379208596 
328 379009206 
329 378751276 
330 378412375 
331 377880539 
332 377794329 
333 377756169 
334 377756169 

