0 954052394 
1 939185338 
2 938971436 
3 893121453 
4 891611117 
5 882479555 
6 881718041 
7 881362498 
8 880507023 
9 880265482 
10 880070459 
11 879940384 
12 877587417 
13 875980991 
14 875605387 
15 875488712 
16 874972880 
17 874684757 
18 874275511 
19 874253847 
20 874120682 
21 873260836 
22 860287267 
23 860145531 
24 860141701 
25 860070221 
26 859575747 
27 859511687 
28 858200327 
29 858127925 
30 857799686 
31 857656657 
32 857149372 
33 856919149 
34 853464713 
35 850515010 
36 850500445 
37 850431780 
38 849463534 
39 843928432 
40 843876178 
41 838128304 
42 836590733 
43 836546046 
44 836231927 
45 834567995 
46 828519979 
47 828421495 
48 828086039 
49 828052698 
50 825555141 
51 825521462 
52 825443462 
53 805212488 
54 799022116 
55 793815804 
56 789097123 
57 788315643 
58 788266464 
59 785672993 
60 784866775 
61 784418195 
62 783454772 
63 782744871 
64 782547480 
65 782237164 
66 782143696 
67 781610895 
68 781366685 
69 780882962 
70 780660938 
71 780498077 
72 780394903 
73 779130610 
74 779076320 
75 778538159 
76 778501351 
77 778484891 
78 778060410 
79 775042232 
80 773662668 
81 773580583 
82 773541714 
83 772689541 
84 772556428 
85 769978244 
86 769966475 
87 766827987 
88 764551777 
89 764545999 
90 760817649 
91 755630642 
92 752626167 
93 727251121 
94 727141013 
95 726240232 
96 725456754 
97 722264178 
98 721799888 
99 714320298 
100 713804120 
101 713702461 
102 713694804 
103 713663360 
104 713425367 
105 713343266 
106 713263044 
107 709281631 
108 688426707 
109 662964602 
110 661242237 
111 659643491 
112 655643338 
113 655631702 
114 655405612 
115 655173130 
116 655116331 
117 654365521 
118 654318053 
119 653773913 
120 653245285 
121 653117099 
122 650343771 
123 643212384 
124 632528339 
125 631636295 
126 630408397 
127 630327055 
128 629456019 
129 628469476 
130 628454789 
131 624275600 
132 622065247 
133 621920452 
134 621886964 
135 621674732 
136 621631514 
137 617677399 
138 615556800 
139 615361866 
140 615290396 
141 614185516 
142 614073289 
143 614032838 
144 613310617 
145 613244122 
146 613220444 
147 612071043 
148 607453189 
149 607250590 
150 605964383 
151 603555784 
152 602417958 
153 601862029 
154 601017138 
155 600070357 
156 599621225 
157 596756187 
158 596584624 
159 596111533 
160 595945572 
161 595881387 
162 595313868 
163 594891188 
164 593792344 
165 591456037 
166 590259168 
167 590188308 
168 589847378 
169 589754156 
170 587884774 
171 586847196 
172 584799229 
173 584479912 
174 584426081 
175 584271669 
176 584203254 
177 584038050 
178 583907304 
179 583424678 
180 582291315 
181 569439986 
182 565940967 
183 565341664 
184 564195400 
185 562625394 
186 562596926 
187 561679758 
188 561157459 
189 560916246 
190 534142081 
191 534106011 
192 533385955 
193 531011123 
194 530218689 
195 528331926 
196 526837644 
197 526417867 
198 525830723 
199 525104997 
200 514184758 
201 513791733 
202 513736579 
203 512659024 
204 511320946 
205 510315789 
206 509693833 
207 506977908 
208 506014736 
209 505920185 
210 505089619 
211 504449504 
212 502271215 
213 502264386 
214 502104877 
215 501178549 
216 500714375 
217 500611279 
218 500525742 
219 500299955 
220 500162225 
221 496026284 
222 495690593 
223 495171006 
224 494373251 
225 493769279 
226 493605200 
227 493305413 
228 493163944 
229 493095844 
230 493020642 
231 490673275 
232 490559800 
233 490341845 
234 489249304 
235 489131035 
236 488615814 
237 488033584 
238 488031318 
239 487925132 
240 487377639 
241 470184297 
242 470063954 
243 468865231 
244 468526892 
245 468458907 
246 468158216 
247 468149639 
248 467091073 
249 467045515 
250 466919469 
251 466121482 
252 465963813 
253 465290267 
254 465190949 
255 457646743 
256 456224568 
257 456089223 
258 455634143 
259 455578600 
260 455008955 
261 454932836 
262 453566334 
263 424977004 
264 424954500 
265 424564527 
266 423807830 
267 423775862 
268 423719539 
269 423606551 
270 423603242 
271 423246314 
272 423174917 
273 423171502 
274 423155899 
275 423063681 
276 421156681 
277 420492840 
278 419935439 
279 418958465 
280 418598402 
281 418493634 
282 417510307 
283 417350762 
284 417097744 
285 417040079 
286 416493932 
287 416053037 
288 415808300 
289 415727282 
290 415470103 
291 415279305 
292 414871467 
293 414513279 
294 414027304 
295 413989477 
296 413881691 
297 413531791 
298 413290198 
299 412504877 
300 411622671 
301 411079308 
302 410834768 
303 410501097 
304 410375039 
305 410333603 
306 410265037 
307 410149058 
308 409820773 
309 409805385 
310 409453905 
311 409276339 
312 409246281 
313 409070911 
314 408913371 
315 408725349 
316 408632220 
317 408570330 
318 408396560 
319 408307254 
320 407894609 
321 407829606 
322 407564995 
323 407546906 
324 407447992 
325 406520253 
326 406270358 
327 406033218 
328 405409737 
329 405225480 
330 404971795 
331 404869013 
332 404092683 
333 403782128 
334 401597243 
335 401588209 
336 401320094 
337 401279182 
338 400931439 
339 400865161 
340 400805168 
341 400760974 
342 400404238 
343 400318534 
344 400222650 
345 400034372 
346 399454979 
347 399407068 
348 399254245 
349 398778820 
350 397950451 
351 397854017 
352 397748779 
353 397544770 
354 397445271 
355 397218304 
356 396077754 
357 396077754 

