0 408044461 
1 401168529 
2 388205721 
3 388083161 
4 384491110 
5 384256680 
6 384219221 
7 384173902 
8 384081726 
9 383959280 
10 383360429 
11 383296635 
12 383099762 
13 360567024 
14 360533201 
15 359971146 
16 359596736 
17 359260709 
18 359164355 
19 358786475 
20 358679306 
21 358634489 
22 358609281 
23 358368293 
24 358350264 
25 358213504 
26 358145946 
27 356826396 
28 356617550 
29 356589885 
30 356558742 
31 345312941 
32 344533398 
33 343048002 
34 327656074 
35 327527443 
36 327435950 
37 326771634 
38 326589594 
39 326587524 
40 326370501 
41 326122971 
42 325972858 
43 325858177 
44 325653997 
45 323023659 
46 322824742 
47 322500678 
48 321861153 
49 321814611 
50 321377803 
51 321284433 
52 320892184 
53 320799995 
54 320315095 
55 320119132 
56 319880630 
57 303418593 
58 303319326 
59 303076141 
60 303045091 
61 302647187 
62 302511069 
63 302323039 
64 302040206 
65 301938588 
66 301720349 
67 301623416 
68 253941059 
69 253455537 
70 252873186 
71 240862843 
72 240859439 
73 240811823 
74 240811787 
75 240647372 
76 240351041 
77 240208818 
78 240167998 
79 240082500 
80 240077699 
81 239115018 
82 238544684 
83 238355133 
84 238325076 
85 238299701 
86 237840033 
87 237459946 
88 237096401 
89 237084494 
90 236907164 
91 236854115 
92 236574549 
93 230054918 
94 229342958 
95 229212966 
96 210852258 
97 210529079 
98 194732664 
99 194626346 
100 187755274 
101 187509384 
102 187501224 
103 144828459 
104 144343591 
105 143431118 
106 142531690 
107 141440627 
108 141216622 
109 140955609 
110 140882202 
111 140854720 
112 140489238 
113 140466123 
114 140392585 
115 139977181 
116 139454133 
117 139398379 
118 139263469 
119 138958851 
120 138806236 
121 138762622 
122 138737333 
123 138699821 
124 138207636 
125 138135297 
126 138099604 
127 137804572 
128 137804204 
129 137694507 
130 137553094 
131 137531988 
132 137494593 
133 137391264 
134 137100514 
135 137009661 
136 136839579 
137 136768067 
138 136501232 
139 136309475 
140 136267546 
141 136075744 
142 135995120 
143 135887186 
144 135769128 
145 135589519 
146 135363515 
147 135240149 
148 135060557 
149 134570932 
150 134340070 
151 134332587 
152 134055137 
153 134015925 
154 133754304 
155 133721156 
156 133305385 
157 133242585 
158 133227125 
159 132914573 
160 132311677 
161 132113060 
162 131917160 
163 131896341 
164 131803482 
165 131752427 
166 131623619 
167 131617863 
168 130961255 
169 130951565 
170 130630032 
171 130508760 
172 130270923 
173 129814359 
174 129589984 
175 129037020 
176 128989796 
177 128989131 
178 128933603 
179 128820562 
180 128664636 
181 128659804 
182 128589205 
183 128403586 
184 128243610 
185 128138572 
186 128124482 
187 127857807 
188 127731870 
189 127495783 
190 127480467 
191 127104274 
192 126985486 
193 126921147 
194 126506629 
195 126392608 
196 125314327 
197 124662120 
198 124611567 
199 124418402 
200 124355450 
201 124269978 
202 124242490 
203 124113477 
204 123918237 
205 123918237 

