0 338958591 
1 337702313 
2 336714007 
3 336613390 
4 336370766 
5 336203132 
6 336102613 
7 335862981 
8 272275124 
9 270041122 
10 269827150 
11 267090986 
12 262591526 
13 262532627 
14 262419871 
15 261073823 
16 261029073 
17 260514774 
18 259892211 
19 258936303 
20 258872926 
21 258859875 
22 258690859 
23 257212379 
24 257128944 
25 256933205 
26 256663177 
27 232670600 
28 232562785 
29 232350591 
30 231144704 
31 231101618 
32 230996161 
33 230748541 
34 230635972 
35 230537189 
36 230455344 
37 230284918 
38 229888956 
39 229821649 
40 229793031 
41 229755392 
42 229742025 
43 229735518 
44 229714196 
45 227938018 
46 227785201 
47 227695979 
48 227562523 
49 227092980 
50 226425692 
51 224959752 
52 224611174 
53 211729616 
54 211289566 
55 210713258 
56 210225076 
57 209128472 
58 208865503 
59 208830727 
60 208375656 
61 208350975 
62 208299259 
63 207831758 
64 207716999 
65 195649214 
66 195208398 
67 195168247 
68 194692837 
69 194680488 
70 178621323 
71 178226844 
72 178011332 
73 177540929 
74 176894781 
75 176865738 
76 175724764 
77 174748087 
78 173936555 
79 173921833 
80 173880882 
81 173852017 
82 173841964 
83 173825494 
84 173529846 
85 173504245 
86 173461072 
87 173426493 
88 173273750 
89 173251425 
90 173152652 
91 173118795 
92 172963591 
93 172866233 
94 172305229 
95 172160579 
96 171699120 
97 171490485 
98 171455916 
99 171316914 
100 171295538 
101 171243144 
102 171204589 
103 170619058 
104 170512756 
105 170157822 
106 170075484 
107 169972517 
108 169899660 
109 169759185 
110 169355932 
111 169052952 
112 168844458 
113 168475490 
114 168229428 
115 168111966 
116 168090367 
117 167810639 
118 167636654 
119 167581020 
120 167476146 
121 167401582 
122 167396758 
123 167270320 
124 167157046 
125 167076926 
126 166707221 
127 166307933 
128 165895084 
129 165891912 
130 165748198 
131 165672768 
132 165612078 
133 165521709 
134 165465407 
135 165331491 
136 165013782 
137 164750479 
138 164635606 
139 164593886 
140 164267599 
141 163649035 
142 163631470 
143 163629437 
144 163622183 
145 163613583 
146 163467149 
147 163466223 
148 163315584 
149 162923487 
150 162722430 
151 162632542 
152 162297642 
153 162078491 
154 162025826 
155 161807165 
156 161607793 
157 161574683 
158 161348884 
159 161292381 
160 160909591 
161 160584405 
162 160570072 
163 160460175 
164 160042763 
165 159960231 
166 159725483 
167 159644293 
168 159644293 

