0 913072 
1 910630 
2 909948 
3 906664 
4 903244 
5 900840 
6 899680 
7 899228 
8 898512 
9 895204 
10 895124 
11 893190 
12 893156 
13 891084 
14 890078 
15 889744 
16 885146 
17 883860 
18 883388 
19 882646 
20 876618 
21 875514 
22 872796 
23 872278 
24 871930 
25 870094 
26 865788 
27 863162 
28 861504 
29 859098 
30 857086 
31 856138 
32 852422 
33 851628 
34 848842 
35 848816 
36 848056 
37 845840 
38 845736 
39 840354 
40 837906 
41 837314 
42 835538 
43 833400 
44 833324 
45 832196 
46 831740 
47 830706 
48 830152 
49 824212 
50 820916 
51 820828 
52 814824 
53 814454 
54 813178 
55 812350 
56 809938 
57 806510 
58 804976 
59 801218 
60 796836 
61 788978 
62 788878 
63 787392 
64 785692 
65 785376 
66 785092 
67 782290 
68 781980 
69 780302 
70 778828 
71 777658 
72 776936 
73 774930 
74 773424 
75 770564 
76 767768 
77 765776 
78 762590 
79 761768 
80 761528 
81 757824 
82 757556 
83 756470 
84 752284 
85 749374 
86 748652 
87 744588 
88 743928 
89 741216 
90 740984 
91 736292 
92 731116 
93 728610 
94 728610 

