0 413625810 
1 408712309 
2 388708863 
3 388417264 
4 388204672 
5 388036406 
6 388008626 
7 387287985 
8 384481472 
9 381353940 
10 381035495 
11 380025355 
12 379874427 
13 379383873 
14 378752722 
15 315265238 
16 315259019 
17 314272208 
18 314175447 
19 313847656 
20 313705730 
21 309112489 
22 307004369 
23 306750191 
24 306013315 
25 305767094 
26 305597369 
27 290587498 
28 290551490 
29 290450423 
30 290171322 
31 289629071 
32 283621513 
33 264902887 
34 264865455 
35 264857229 
36 264826375 
37 264543231 
38 263945970 
39 263944857 
40 263726991 
41 263673632 
42 263490898 
43 263488714 
44 236349725 
45 236178251 
46 236100127 
47 235989892 
48 235982704 
49 235764025 
50 235746864 
51 235522052 
52 235215989 
53 235100430 
54 234008327 
55 234003677 
56 233360385 
57 233208538 
58 233069952 
59 233060877 
60 214740002 
61 203648552 
62 203622942 
63 203363100 
64 203039629 
65 203027450 
66 199415903 
67 198599376 
68 198571465 
69 198512311 
70 198007885 
71 197957148 
72 197948815 
73 197929377 
74 197837908 
75 197746555 
76 197711326 
77 197313194 
78 196838828 
79 188917407 
80 188850649 
81 188477767 
82 188023077 
83 187789428 
84 187613425 
85 187394397 
86 187381394 
87 187248310 
88 186761438 
89 185980437 
90 185694292 
91 185627341 
92 143741988 
93 143111849 
94 142449016 
95 141355231 
96 141193110 
97 140962340 
98 140813916 
99 140681496 
100 140587418 
101 140234745 
102 140124268 
103 139970245 
104 139946660 
105 139648979 
106 139551953 
107 139477000 
108 139444078 
109 139436676 
110 139214024 
111 139178197 
112 138972048 
113 138792944 
114 138593906 
115 138387838 
116 138369850 
117 138182811 
118 138165299 
119 137756181 
120 137635580 
121 137581216 
122 137578930 
123 137541680 
124 137251616 
125 137249833 
126 137179556 
127 136778423 
128 136701104 
129 136634776 
130 136619080 
131 136087098 
132 135983575 
133 135911411 
134 135875373 
135 135756315 
136 135714065 
137 135692946 
138 135650974 
139 135380434 
140 135251372 
141 135116477 
142 134964103 
143 134522332 
144 134429360 
145 134374758 
146 134079739 
147 133647784 
148 133645169 
149 133404146 
150 133181066 
151 133077073 
152 132968415 
153 132785911 
154 132686868 
155 132490528 
156 132487380 
157 132383484 
158 132376104 
159 132144942 
160 131866254 
161 131838041 
162 131566799 
163 131352933 
164 131148029 
165 130552565 
166 130540616 
167 130223129 
168 129996523 
169 129871279 
170 129768734 
171 129540105 
172 129534561 
173 129111376 
174 129086603 
175 128421478 
176 128220768 
177 128169537 
178 128114302 
179 128012367 
180 127501703 
181 127207552 
182 127062729 
183 126322592 
184 126240911 
185 125958005 
186 125839073 
187 125818113 
188 125817023 
189 125807217 
190 125773291 
191 125672027 
192 125567412 
193 125356666 
194 125345341 
195 125281357 
196 125266105 
197 125236757 
198 125108586 
199 124892718 
200 124659114 
201 124629901 
202 124360984 
203 123883431 
204 123551021 
205 123313583 
206 122455319 
207 122455319 

