0 890124 
1 889540 
2 889042 
3 887592 
4 887282 
5 883248 
6 881880 
7 875312 
8 872130 
9 871618 
10 865256 
11 863600 
12 863336 
13 860678 
14 858820 
15 858296 
16 857224 
17 853634 
18 852602 
19 852074 
20 846308 
21 845350 
22 844750 
23 838796 
24 836366 
25 834710 
26 829902 
27 829884 
28 827402 
29 826716 
30 826382 
31 825412 
32 824606 
33 822032 
34 818512 
35 818480 
36 810446 
37 803194 
38 801758 
39 801190 
40 797604 
41 796340 
42 794488 
43 793796 
44 791670 
45 790074 
46 789006 
47 788222 
48 786842 
49 784000 
50 778926 
51 776284 
52 774188 
53 769992 
54 764498 
55 759720 
56 753982 
57 752190 
58 750836 
59 749532 
60 747852 
61 746500 
62 739370 
63 738684 
64 735576 
65 724824 
66 721066 
67 721066 

