0 906024 
1 900194 
2 896932 
3 895760 
4 892784 
5 892250 
6 887196 
7 887142 
8 884684 
9 882606 
10 878302 
11 878292 
12 878188 
13 875600 
14 875236 
15 875204 
16 874868 
17 873746 
18 871844 
19 871664 
20 871602 
21 867530 
22 865812 
23 863110 
24 860700 
25 859540 
26 855148 
27 854904 
28 854426 
29 851726 
30 850476 
31 849746 
32 848038 
33 846204 
34 845010 
35 844982 
36 844204 
37 843334 
38 842020 
39 837984 
40 836590 
41 832508 
42 831400 
43 829880 
44 828656 
45 827332 
46 826940 
47 820180 
48 818370 
49 811894 
50 810622 
51 804030 
52 801150 
53 800172 
54 798222 
55 795030 
56 793496 
57 791216 
58 790362 
59 789240 
60 785038 
61 779684 
62 777254 
63 775290 
64 772876 
65 772652 
66 770584 
67 767832 
68 767658 
69 765042 
70 765018 
71 764552 
72 761892 
73 759452 
74 758116 
75 757252 
76 755222 
77 754506 
78 748330 
79 748330 

