0 1432538 
1 1431910 
2 1431394 
3 1430884 
4 1425650 
5 1422990 
6 1421212 
7 1416276 
8 1415610 
9 1415544 
10 1415458 
11 1414412 
12 1413862 
13 1410860 
14 1410298 
15 1409772 
16 1409404 
17 1405936 
18 1404666 
19 1403918 
20 1402242 
21 1402218 
22 1401842 
23 1401014 
24 1400054 
25 1398948 
26 1396566 
27 1392106 
28 1386688 
29 1384900 
30 1384236 
31 1382896 
32 1381516 
33 1376498 
34 1375212 
35 1374164 
36 1374112 
37 1373904 
38 1373338 
39 1369088 
40 1368634 
41 1367922 
42 1363112 
43 1361152 
44 1361014 
45 1360172 
46 1358326 
47 1354660 
48 1353008 
49 1349402 
50 1346910 
51 1344954 
52 1344334 
53 1343292 
54 1342726 
55 1342538 
56 1340690 
57 1339562 
58 1338380 
59 1336678 
60 1336244 
61 1335606 
62 1335514 
63 1335364 
64 1335094 
65 1332310 
66 1328934 
67 1327612 
68 1324122 
69 1322726 
70 1320252 
71 1319536 
72 1317866 
73 1312328 
74 1311144 
75 1309456 
76 1306516 
77 1306174 
78 1305632 
79 1299742 
80 1293514 
81 1292624 
82 1290262 
83 1288806 
84 1285028 
85 1283838 
86 1282916 
87 1278192 
88 1278052 
89 1276302 
90 1275180 
91 1268308 
92 1264774 
93 1264244 
94 1264162 
95 1263846 
96 1263346 
97 1260224 
98 1259808 
99 1259474 
100 1254642 
101 1254228 
102 1253176 
103 1252048 
104 1251554 
105 1251434 
106 1251204 
107 1241008 
108 1239840 
109 1236030 
110 1230176 
111 1226922 
112 1224208 
113 1223562 
114 1222912 
115 1220044 
116 1218176 
117 1213564 
118 1211278 
119 1208594 
120 1208006 
121 1208006 

