0 906138 
1 904622 
2 902080 
3 901674 
4 900888 
5 898306 
6 897562 
7 895352 
8 890272 
9 889764 
10 888672 
11 885602 
12 884056 
13 883944 
14 880818 
15 874120 
16 872932 
17 870230 
18 870020 
19 869820 
20 867170 
21 863628 
22 863556 
23 863502 
24 858558 
25 856600 
26 852368 
27 851656 
28 851364 
29 850888 
30 850296 
31 849786 
32 847610 
33 846554 
34 839848 
35 837424 
36 836704 
37 835966 
38 835426 
39 834110 
40 832502 
41 832418 
42 830134 
43 828218 
44 827448 
45 826150 
46 825850 
47 824498 
48 822952 
49 821824 
50 817622 
51 814950 
52 814206 
53 808280 
54 807704 
55 806284 
56 801940 
57 801146 
58 795320 
59 792024 
60 788482 
61 782592 
62 782194 
63 779482 
64 778416 
65 777826 
66 776892 
67 776358 
68 773552 
69 768838 
70 768412 
71 767130 
72 766134 
73 765886 
74 764012 
75 763946 
76 758112 
77 757612 
78 755834 
79 752698 
80 751808 
81 746826 
82 745620 
83 731930 
84 731930 

