0 351089864 
1 335991561 
2 320234700 
3 319472973 
4 297276989 
5 290812871 
6 290638252 
7 290145568 
8 289924997 
9 289799829 
10 289550708 
11 289405226 
12 289227050 
13 289167985 
14 288964825 
15 288939264 
16 288929525 
17 263320582 
18 263239433 
19 263079901 
20 262793562 
21 262410945 
22 249730418 
23 248093336 
24 247396560 
25 246370075 
26 235509894 
27 235404433 
28 235347874 
29 235268370 
30 235030477 
31 233666348 
32 233661729 
33 233560344 
34 233499947 
35 233411499 
36 233136938 
37 233103114 
38 232976803 
39 219346499 
40 218783342 
41 218777096 
42 218730349 
43 218473774 
44 218392506 
45 218346989 
46 218307269 
47 218214052 
48 218052040 
49 209040729 
50 208987996 
51 208964247 
52 208826379 
53 208783860 
54 208663042 
55 208555254 
56 208508885 
57 208088947 
58 207582959 
59 207305271 
60 206624197 
61 206453298 
62 206377883 
63 205631045 
64 205601034 
65 205138495 
66 205105450 
67 205088413 
68 204977220 
69 204798365 
70 200192131 
71 175494369 
72 175285356 
73 175275999 
74 174392331 
75 174057697 
76 173993162 
77 173350441 
78 172849329 
79 172847234 
80 171746335 
81 171089686 
82 171073104 
83 170911954 
84 170181369 
85 166412478 
86 166385048 
87 166352838 
88 166272115 
89 166244418 
90 166202808 
91 166169000 
92 165238748 
93 164919914 
94 164538453 
95 164149055 
96 163968530 
97 163810878 
98 163736210 
99 163615688 
100 163468800 
101 163204417 
102 154811098 
103 154601465 
104 154356556 
105 154259756 
106 153842428 
107 153752437 
108 153391077 
109 153101074 
110 152788635 
111 152608756 
112 152479530 
113 152391162 
114 152153885 
115 151858523 
116 151572023 
117 151540451 
118 151244590 
119 151236404 
120 151231188 
121 150738271 
122 150673412 
123 150579406 
124 150386549 
125 150331807 
126 150213391 
127 150098414 
128 149804360 
129 149756556 
130 149640666 
131 149561404 
132 149390968 
133 149022630 
134 148981890 
135 148861891 
136 148572598 
137 148354945 
138 148181202 
139 147881908 
140 147717216 
141 147713055 
142 147538950 
143 147471821 
144 147455090 
145 147436812 
146 147260911 
147 147136085 
148 147036888 
149 146716325 
150 146666244 
151 146365611 
152 145622866 
153 145553571 
154 145544964 
155 145116167 
156 145009784 
157 144668304 
158 144555944 
159 144425853 
160 143834044 
161 143692161 
162 143230496 
163 143196064 
164 143137246 
165 143022059 
166 143006024 
167 142854227 
168 142817944 
169 142148780 
170 142110427 
171 142049435 
172 141969775 
173 141480762 
174 140937275 
175 140927020 
176 140744533 
177 140421599 
178 140297187 
179 140109987 
180 139297658 
181 139169519 
182 139141895 
183 139034738 
184 139006526 
185 138902512 
186 138882042 
187 138767312 
188 138650992 
189 138565766 
190 138325308 
191 138052185 
192 137812717 
193 137806684 
194 137702450 
195 137678250 
196 137074143 
197 136742670 
198 136690672 
199 136612704 
200 136440276 
201 135834362 
202 135656208 
203 135525939 
204 135413492 
205 135316683 
206 135303157 
207 135066059 
208 134921271 
209 134921271 

