0 2141998 
1 2138352 
2 2137486 
3 2132504 
4 2131166 
5 2130850 
6 2127772 
7 2125044 
8 2123862 
9 2118390 
10 2117366 
11 2115160 
12 2114406 
13 2113822 
14 2112790 
15 2112560 
16 2112380 
17 2108792 
18 2108514 
19 2106990 
20 2105838 
21 2104908 
22 2101532 
23 2101070 
24 2096770 
25 2096686 
26 2095208 
27 2095160 
28 2094878 
29 2092966 
30 2090334 
31 2088404 
32 2085588 
33 2084318 
34 2083054 
35 2082662 
36 2079354 
37 2076664 
38 2076260 
39 2076214 
40 2075288 
41 2075246 
42 2072464 
43 2072436 
44 2072124 
45 2070562 
46 2070068 
47 2068874 
48 2067620 
49 2064264 
50 2063254 
51 2061696 
52 2060430 
53 2059756 
54 2056806 
55 2050608 
56 2049466 
57 2046228 
58 2044272 
59 2043758 
60 2043460 
61 2036338 
62 2034020 
63 2033458 
64 2032530 
65 2031564 
66 2029430 
67 2023756 
68 2023158 
69 2022896 
70 2016776 
71 2014536 
72 2011532 
73 2010148 
74 2006278 
75 2005862 
76 2005782 
77 2002038 
78 2000448 
79 1995218 
80 1994730 
81 1993308 
82 1978782 
83 1978704 
84 1971434 
85 1970728 
86 1969254 
87 1967342 
88 1966790 
89 1961588 
90 1961264 
91 1960052 
92 1955658 
93 1954722 
94 1954114 
95 1953526 
96 1952980 
97 1951240 
98 1950144 
99 1942418 
100 1940480 
101 1935954 
102 1931780 
103 1924874 
104 1915516 
105 1912698 
106 1907900 
107 1902426 
108 1896452 
109 1888740 
110 1888282 
111 1881000 
112 1879520 
113 1877876 
114 1870074 
115 1870042 
116 1867556 
117 1863970 
118 1863970 

