0 2196486 
1 2194692 
2 2194392 
3 2194290 
4 2188236 
5 2186840 
6 2186412 
7 2185740 
8 2185346 
9 2183444 
10 2182452 
11 2181792 
12 2176670 
13 2175148 
14 2173510 
15 2173444 
16 2172884 
17 2171718 
18 2168100 
19 2167308 
20 2166684 
21 2165168 
22 2164134 
23 2162620 
24 2161808 
25 2156812 
26 2156472 
27 2155394 
28 2154148 
29 2153488 
30 2151850 
31 2149980 
32 2147520 
33 2147196 
34 2145018 
35 2144738 
36 2141658 
37 2141648 
38 2138870 
39 2133744 
40 2132976 
41 2132968 
42 2129708 
43 2126230 
44 2123630 
45 2122660 
46 2121828 
47 2118530 
48 2117092 
49 2116630 
50 2113936 
51 2113040 
52 2109410 
53 2106848 
54 2106270 
55 2105338 
56 2105096 
57 2101402 
58 2100594 
59 2099488 
60 2099478 
61 2097086 
62 2095470 
63 2093330 
64 2091990 
65 2090704 
66 2087848 
67 2087500 
68 2086904 
69 2086370 
70 2080358 
71 2079328 
72 2078362 
73 2077484 
74 2074366 
75 2070584 
76 2069720 
77 2069488 
78 2068174 
79 2064112 
80 2063808 
81 2063098 
82 2058880 
83 2053512 
84 2052520 
85 2051490 
86 2050892 
87 2050210 
88 2049974 
89 2048400 
90 2047978 
91 2041792 
92 2038022 
93 2036730 
94 2034916 
95 2029568 
96 2028872 
97 2028158 
98 2026202 
99 2023726 
100 2023260 
101 2023104 
102 2018648 
103 2018272 
104 2015884 
105 2014872 
106 2013432 
107 2012872 
108 2012500 
109 2011954 
110 2011276 
111 2001436 
112 2000172 
113 1999522 
114 1999234 
115 1997922 
116 1995476 
117 1994776 
118 1993182 
119 1989690 
120 1986690 
121 1986268 
122 1984334 
123 1983554 
124 1982576 
125 1982328 
126 1980126 
127 1979252 
128 1974278 
129 1968396 
130 1962776 
131 1962748 
132 1961204 
133 1959698 
134 1957858 
135 1956880 
136 1955428 
137 1951632 
138 1951460 
139 1949266 
140 1947296 
141 1946876 
142 1946352 
143 1942510 
144 1942474 
145 1942378 
146 1941550 
147 1939018 
148 1934214 
149 1929106 
150 1929074 
151 1924822 
152 1922260 
153 1920948 
154 1916192 
155 1915220 
156 1914418 
157 1911890 
158 1911098 
159 1901794 
160 1896798 
161 1895808 
162 1895046 
163 1894074 
164 1893516 
165 1891816 
166 1891430 
167 1888092 
168 1887974 
169 1886930 
170 1884906 
171 1883402 
172 1881196 
173 1881026 
174 1881026 

