0 2249924 
1 2249884 
2 2243246 
3 2242654 
4 2238618 
5 2237248 
6 2237204 
7 2236242 
8 2234956 
9 2234004 
10 2233954 
11 2233212 
12 2233062 
13 2232644 
14 2231390 
15 2230646 
16 2229722 
17 2228742 
18 2228166 
19 2221230 
20 2220062 
21 2219960 
22 2219572 
23 2219524 
24 2218526 
25 2217834 
26 2216020 
27 2213036 
28 2210398 
29 2207292 
30 2206214 
31 2204208 
32 2202500 
33 2201836 
34 2198386 
35 2197208 
36 2195798 
37 2194236 
38 2192416 
39 2192218 
40 2191428 
41 2189336 
42 2188308 
43 2185342 
44 2185062 
45 2184092 
46 2183136 
47 2182698 
48 2180466 
49 2177780 
50 2177316 
51 2175550 
52 2174998 
53 2174594 
54 2172196 
55 2171036 
56 2170728 
57 2168520 
58 2166996 
59 2166842 
60 2165260 
61 2164404 
62 2163114 
63 2158944 
64 2157878 
65 2157662 
66 2156368 
67 2155122 
68 2154008 
69 2153852 
70 2152820 
71 2152016 
72 2150328 
73 2145920 
74 2144944 
75 2142578 
76 2141620 
77 2141174 
78 2140104 
79 2138180 
80 2138136 
81 2138064 
82 2137516 
83 2136232 
84 2135528 
85 2131700 
86 2130788 
87 2130398 
88 2124234 
89 2123370 
90 2118144 
91 2116506 
92 2115434 
93 2114264 
94 2112630 
95 2106650 
96 2105846 
97 2103182 
98 2101210 
99 2098920 
100 2098876 
101 2097990 
102 2096952 
103 2095820 
104 2093096 
105 2091734 
106 2088752 
107 2084478 
108 2084166 
109 2083836 
110 2079440 
111 2078226 
112 2077774 
113 2077524 
114 2075152 
115 2073718 
116 2073456 
117 2073386 
118 2073216 
119 2072180 
120 2071978 
121 2071814 
122 2070052 
123 2069132 
124 2066922 
125 2066302 
126 2065820 
127 2064762 
128 2063510 
129 2060876 
130 2055546 
131 2055440 
132 2049600 
133 2046082 
134 2045066 
135 2043586 
136 2041336 
137 2039318 
138 2038864 
139 2037102 
140 2035750 
141 2029394 
142 2028812 
143 2028340 
144 2027888 
145 2026824 
146 2025030 
147 2024496 
148 2021536 
149 2020146 
150 2019230 
151 2018698 
152 2018340 
153 2016548 
154 2014540 
155 2014526 
156 2011688 
157 2009002 
158 2005186 
159 2001390 
160 1996424 
161 1995942 
162 1993064 
163 1992682 
164 1992534 
165 1988662 
166 1985008 
167 1983934 
168 1982802 
169 1972644 
170 1971148 
171 1970896 
172 1968612 
173 1963440 
174 1963078 
175 1961880 
176 1961534 
177 1961280 
178 1960624 
179 1958774 
180 1956510 
181 1954820 
182 1948710 
183 1947098 
184 1943876 
185 1943512 
186 1940604 
187 1940080 
188 1934164 
189 1933296 
190 1931410 
191 1929098 
192 1926480 
193 1923890 
194 1919598 
195 1918602 
196 1917118 
197 1916038 
198 1915254 
199 1910052 
200 1909690 
201 1904960 
202 1904736 
203 1903852 
204 1902658 
205 1902500 
206 1899222 
207 1896594 
208 1896420 
209 1894730 
210 1894030 
211 1893542 
212 1892634 
213 1891712 
214 1890744 
215 1889382 
216 1888712 
217 1885842 
218 1881140 
219 1875334 
220 1872554 
221 1872406 
222 1872406 

