0 2211836 
1 2211122 
2 2200248 
3 2197262 
4 2194168 
5 2190906 
6 2188264 
7 2183348 
8 2181958 
9 2177602 
10 2177508 
11 2176158 
12 2175950 
13 2175910 
14 2175832 
15 2175458 
16 2175130 
17 2173758 
18 2171178 
19 2170482 
20 2168780 
21 2167580 
22 2166672 
23 2164114 
24 2163424 
25 2159458 
26 2158228 
27 2158050 
28 2155846 
29 2155544 
30 2154260 
31 2153936 
32 2152688 
33 2151236 
34 2150064 
35 2148278 
36 2143732 
37 2138422 
38 2137696 
39 2135032 
40 2133908 
41 2132058 
42 2131904 
43 2131804 
44 2131234 
45 2130804 
46 2130260 
47 2129210 
48 2128608 
49 2126806 
50 2125766 
51 2123650 
52 2122864 
53 2119636 
54 2118578 
55 2115592 
56 2114480 
57 2112992 
58 2112838 
59 2112122 
60 2111328 
61 2109860 
62 2106712 
63 2102624 
64 2101936 
65 2100108 
66 2099840 
67 2098088 
68 2098052 
69 2097288 
70 2096536 
71 2094502 
72 2091872 
73 2090478 
74 2090180 
75 2084430 
76 2078384 
77 2076312 
78 2073426 
79 2072338 
80 2071644 
81 2071408 
82 2070868 
83 2064048 
84 2063814 
85 2059852 
86 2059698 
87 2058586 
88 2057336 
89 2050646 
90 2050184 
91 2049872 
92 2048980 
93 2047516 
94 2046140 
95 2046080 
96 2044794 
97 2039664 
98 2039148 
99 2033762 
100 2032168 
101 2031804 
102 2029498 
103 2024648 
104 2024322 
105 2022074 
106 2019924 
107 2018648 
108 2018564 
109 2018540 
110 2017728 
111 2014988 
112 2008878 
113 2004374 
114 2003316 
115 2000306 
116 1997836 
117 1997638 
118 1997142 
119 1995938 
120 1994340 
121 1992034 
122 1991624 
123 1990612 
124 1986764 
125 1982564 
126 1980974 
127 1976428 
128 1973380 
129 1972096 
130 1966282 
131 1965798 
132 1963406 
133 1961282 
134 1959116 
135 1954924 
136 1953966 
137 1952394 
138 1951944 
139 1950744 
140 1945392 
141 1943280 
142 1942766 
143 1942014 
144 1936946 
145 1934986 
146 1933474 
147 1931622 
148 1930492 
149 1928008 
150 1926002 
151 1921536 
152 1917320 
153 1914100 
154 1905202 
155 1896034 
156 1895336 
157 1892060 
158 1889454 
159 1888300 
160 1884348 
161 1883122 
162 1881336 
163 1881236 
164 1880634 
165 1876576 
166 1871718 
167 1860922 
168 1860922 

