0 2227548 
1 2227542 
2 2227330 
3 2225008 
4 2222866 
5 2221100 
6 2220740 
7 2220556 
8 2218480 
9 2217878 
10 2214984 
11 2214480 
12 2214386 
13 2214344 
14 2212848 
15 2209258 
16 2203992 
17 2203952 
18 2201018 
19 2199930 
20 2197818 
21 2197792 
22 2195984 
23 2195780 
24 2195418 
25 2195228 
26 2194494 
27 2193352 
28 2192098 
29 2191336 
30 2188980 
31 2187538 
32 2186662 
33 2184616 
34 2182964 
35 2182838 
36 2182620 
37 2181440 
38 2180452 
39 2179796 
40 2179584 
41 2174130 
42 2170390 
43 2168272 
44 2167778 
45 2165854 
46 2165746 
47 2161146 
48 2160994 
49 2160638 
50 2159962 
51 2157504 
52 2153138 
53 2152830 
54 2151044 
55 2150676 
56 2150472 
57 2150158 
58 2145872 
59 2145164 
60 2142600 
61 2141246 
62 2138018 
63 2136080 
64 2134062 
65 2128786 
66 2128194 
67 2122500 
68 2121740 
69 2118604 
70 2117732 
71 2116088 
72 2115846 
73 2115250 
74 2111294 
75 2109856 
76 2107484 
77 2104200 
78 2103332 
79 2102564 
80 2102094 
81 2098762 
82 2095182 
83 2095180 
84 2093286 
85 2093092 
86 2088046 
87 2085810 
88 2085276 
89 2084328 
90 2081256 
91 2080090 
92 2078424 
93 2077872 
94 2077786 
95 2075736 
96 2075274 
97 2074802 
98 2074004 
99 2068754 
100 2065072 
101 2064340 
102 2063552 
103 2061012 
104 2060162 
105 2058214 
106 2056378 
107 2056350 
108 2051218 
109 2046656 
110 2045728 
111 2041182 
112 2034988 
113 2031524 
114 2026950 
115 2024452 
116 2023214 
117 2020528 
118 2018558 
119 2018144 
120 2013728 
121 2010322 
122 2005936 
123 2005370 
124 2005214 
125 2001058 
126 1999202 
127 1998314 
128 1996064 
129 1994320 
130 1990466 
131 1989230 
132 1988284 
133 1987738 
134 1982916 
135 1982748 
136 1978752 
137 1977280 
138 1969076 
139 1967032 
140 1965586 
141 1965188 
142 1961484 
143 1959964 
144 1957090 
145 1952084 
146 1945116 
147 1940884 
148 1932056 
149 1925104 
150 1917990 
151 1916172 
152 1915074 
153 1914992 
154 1909128 
155 1908870 
156 1908188 
157 1906752 
158 1906466 
159 1905340 
160 1897462 
161 1894212 
162 1890584 
163 1889858 
164 1889130 
165 1884022 
166 1881870 
167 1874734 
168 1870576 
169 1870242 
170 1870120 
171 1870084 
172 1868902 
173 1864688 
174 1863338 
175 1858400 
176 1857986 
177 1856968 
178 1856294 
179 1855306 
180 1854420 
181 1852914 
182 1852840 
183 1849948 
184 1849458 
185 1849458 

