0 1332900791 
1 1327908756 
2 1326092498 
3 1324620369 
4 1279962765 
5 1279916013 
6 1262881209 
7 1251313422 
8 1247294080 
9 1247187972 
10 1246718933 
11 1245877997 
12 1245857420 
13 1244890223 
14 1244301556 
15 1243758026 
16 1243754618 
17 1243719373 
18 1243327255 
19 1243279813 
20 1242893834 
21 1242001145 
22 1241748840 
23 1241745674 
24 1239769973 
25 1239428184 
26 1214249454 
27 1214185057 
28 1213866003 
29 1212975076 
30 1212971466 
31 1212847585 
32 1212804385 
33 1212664433 
34 1212079561 
35 1211980369 
36 1211978588 
37 1211733243 
38 1211282657 
39 1210924294 
40 1209120559 
41 1208337228 
42 1206428297 
43 1206409873 
44 1206110947 
45 1206094388 
46 1205182062 
47 1201942583 
48 1201891643 
49 1201634342 
50 1201087742 
51 1201043671 
52 1200919471 
53 1200900563 
54 1200845112 
55 1200827447 
56 1200649161 
57 1200565051 
58 1200553965 
59 1200541820 
60 1200522243 
61 1200509962 
62 1200381336 
63 1200304745 
64 1198104288 
65 1196384568 
66 1196264130 
67 1193793965 
68 1193177773 
69 1192328968 
70 1192223745 
71 1192164004 
72 1192095117 
73 1188988531 
74 1186629484 
75 1186580908 
76 1186573886 
77 1186338303 
78 1184133385 
79 1182848969 
80 1182661152 
81 1180648089 
82 1180252006 
83 1179529818 
84 1179312238 
85 1172985734 
86 1157562287 
87 1157447747 
88 1155207422 
89 1140929877 
90 1139993149 
91 1138508026 
92 1138452181 
93 1138342004 
94 1138313103 
95 1138017084 
96 1137967399 
97 1136233862 
98 1136178234 
99 1134589630 
100 1134552001 
101 1134368620 
102 1132826533 
103 1132734708 
104 1132376982 
105 1132081076 
106 1131877731 
107 1130459891 
108 1129837206 
109 1129836235 
110 1129823866 
111 1129808823 
112 1129750775 
113 1129335683 
114 1129028478 
115 1129014551 
116 1129004510 
117 1128927918 
118 1127624048 
119 1127622071 
120 1127575899 
121 1127443637 
122 1127432840 
123 1127267998 
124 1126440971 
125 1126193189 
126 1125867232 
127 1125767014 
128 1125100634 
129 1125077907 
130 1125069413 
131 1124818781 
132 1124519680 
133 1124510889 
134 1124488861 
135 1124480141 
136 1124416354 
137 1124348672 
138 1123617597 
139 1123284748 
140 1123283077 
141 1122091547 
142 1120362247 
143 1119439365 
144 1119018253 
145 1118970447 
146 1118195187 
147 1117508477 
148 1117260882 
149 1116583303 
150 1116253152 
151 1116249413 
152 1116238455 
153 1115589697 
154 1107836491 
155 1107778489 
156 1107747913 
157 1107736365 
158 1107355095 
159 1107350982 
160 1107329052 
161 1107241685 
162 1106214644 
163 1105743441 
164 1104745655 
165 1084292120 
166 1084117360 
167 1084101889 
168 1083904539 
169 1083670261 
170 1083324626 
171 1083053966 
172 1083001232 
173 1082782782 
174 1082610324 
175 1082050960 
176 1082043967 
177 1082009090 
178 1081882927 
179 1081866395 
180 1065214569 
181 1064087561 
182 1063841722 
183 1063527783 
184 1063519176 
185 1063469833 
186 1063447492 
187 1063010687 
188 1062778125 
189 1056634471 
190 1056625576 
191 1056617188 
192 1056601510 
193 1056314224 
194 1055494790 
195 1054943247 
196 1052790790 
197 1039903318 
198 1039465654 
199 1038703516 
200 1038636160 
201 1037865712 
202 1037852826 
203 1037849190 
204 1037642171 
205 1037640916 
206 1037587377 
207 1037561536 
208 1037559102 
209 1037520986 
210 1037509142 
211 1037030004 
212 1036651889 
213 1036121038 
214 1035334370 
215 1034524191 
216 1034522617 
217 1034310106 
218 1034304943 
219 1034243192 
220 1034224542 
221 1033954496 
222 1033928699 
223 1033927745 
224 1033923634 
225 1033834329 
226 1033830092 
227 1032684751 
228 1032585169 
229 1005528509 
230 1004398495 
231 999587240 
232 999222299 
233 998204219 
234 997926200 
235 997867697 
236 997611456 
237 997218130 
238 997115387 
239 997032121 
240 996728013 
241 996720215 
242 996050590 
243 995604679 
244 995598228 
245 995593697 
246 994473808 
247 994466499 
248 994264698 
249 994223300 
250 993728552 
251 988311051 
252 988303766 
253 987630697 
254 986357944 
255 986357227 
256 986246240 
257 985873847 
258 985872606 
259 985809519 
260 981055780 
261 980638775 
262 979998262 
263 979904396 
264 979881722 
265 979833663 
266 979758205 
267 979752889 
268 979354662 
269 979250804 
270 977479072 
271 977462282 
272 977441702 
273 976051582 
274 971862103 
275 971846229 
276 971819575 
277 970930067 
278 970922107 
279 966092454 
280 966078771 
281 965379027 
282 964665306 
283 964544857 
284 964362870 
285 964305236 
286 963960688 
287 963439588 
288 963147553 
289 962761911 
290 962464793 
291 962076764 
292 961170159 
293 961147184 
294 960998240 
295 959217460 
296 957773340 
297 943330335 
298 941987784 
299 941890332 
300 941433758 
301 940264938 
302 940092921 
303 939560384 
304 939533811 
305 939505902 
306 939505597 
307 939278856 
308 938954751 
309 938587286 
310 937117127 
311 935213495 
312 934722733 
313 934621247 
314 934271931 
315 934193376 
316 934179593 
317 933659223 
318 933214554 
319 933030881 
320 932385033 
321 931229066 
322 930961670 
323 930948782 
324 930946240 
325 929323170 
326 929306931 
327 929283757 
328 929202617 
329 929156079 
330 908679323 
331 906340580 
332 906280049 
333 905974537 
334 905397726 
335 904578958 
336 904578409 
337 904513216 
338 904459394 
339 904436550 
340 902027541 
341 889087912 
342 889072985 
343 889067489 
344 889065103 
345 888658610 
346 888627699 
347 888175013 
348 888173545 
349 888141981 
350 888131660 
351 888040780 
352 887766842 
353 887543732 
354 887538511 
355 887531092 
356 881385821 
357 881325363 
358 881294945 
359 881276947 
360 881268866 
361 881265102 
362 881225170 
363 881222246 
364 881220291 
365 881179072 
366 880952928 
367 880901064 
368 880891908 
369 880633847 
370 880486846 
371 880257404 
372 880225636 
373 879840658 
374 879605290 
375 876541718 
376 876537763 
377 873990252 
378 873382374 
379 873341613 
380 867043012 
381 866670929 
382 866669623 
383 866161264 
384 865331645 
385 865316808 
386 864811143 
387 863545305 
388 863533542 
389 820098561 
390 820072654 
391 819974357 
392 819724259 
393 819581073 
394 818834619 
395 818822928 
396 818230675 
397 817404459 
398 816571331 
399 816254124 
400 816148536 
401 803058297 
402 799760240 
403 798554214 
404 798486896 
405 798414731 
406 796679585 
407 795368406 
408 795170445 
409 794404771 
410 794028111 
411 793982633 
412 793374751 
413 793297724 
414 792915134 
415 792774621 
416 792224579 
417 792214174 
418 791110340 
419 791074531 
420 790763173 
421 790435678 
422 790434003 
423 788915405 
424 788788583 
425 787516895 
426 787366710 
427 787002357 
428 786651738 
429 766643749 
430 766632606 
431 765942245 
432 764789257 
433 764573788 
434 764510448 
435 764412556 
436 764394352 
437 764163018 
438 761556639 
439 761420291 
440 761407986 
441 760849265 
442 760811144 
443 760169786 
444 759546750 
445 759526662 
446 759328283 
447 759173169 
448 758230425 
449 757465042 
450 742990157 
451 742831379 
452 742277471 
453 741992067 
454 732721075 
455 724509238 
456 724410999 
457 723807878 
458 722095370 
459 721943122 
460 721937887 
461 721553877 
462 721030014 
463 720648057 
464 719325591 
465 719222272 
466 718679984 
467 718677561 
468 718404809 
469 718395870 
470 718025770 
471 717674153 
472 717444488 
473 717406465 
474 708886887 
475 708362975 
476 708084495 
477 707792662 
478 707604203 
479 707399740 
480 707160178 
481 707158907 
482 707059665 
483 706808858 
484 706430450 
485 706321430 
486 706280748 
487 705908856 
488 705584469 
489 705420084 
490 705283205 
491 705037535 
492 704726827 
493 704530101 
494 704440852 
495 704414733 
496 704318622 
497 704227913 
498 704129763 
499 704118490 
500 703251384 
501 703084332 
502 702767271 
503 702418392 
504 702417126 
505 702347785 
506 698994186 
507 698879372 
508 698777928 
509 698583239 
510 698104857 
511 698095714 
512 697964669 
513 697803907 
514 697796151 
515 697363346 
516 697122666 
517 697064588 
518 696968651 
519 696950178 
520 696720983 
521 696560995 
522 696465578 
523 695798380 
524 695324750 
525 695298895 
526 693485402 
527 693404528 
528 693278222 
529 693087506 
530 693083678 
531 692983569 
532 690779603 
533 689947210 
534 689946033 
535 689382159 
536 689362212 
537 689120000 
538 689109919 
539 689109759 
540 688940251 
541 688230796 
542 688229036 
543 687801432 
544 687516514 
545 687481235 
546 687153022 
547 686864872 
548 686788349 
549 686385718 
550 686185437 
551 686099998 
552 685925299 
553 685395899 
554 684931143 
555 684658890 
556 684486784 
557 684429021 
558 684378804 
559 684284108 
560 684232510 
561 684148269 
562 683968939 
563 683518229 
564 683456399 
565 683249046 
566 683248778 
567 682806885 
568 682806772 
569 682633794 
570 682388680 
571 682388384 
572 681876722 
573 681737883 
574 681732897 
575 681716797 
576 681713141 
577 681531804 
578 681478530 
579 681457519 
580 681454290 
581 681320612 
582 681088805 
583 681067687 
584 680434905 
585 680346633 
586 679476359 
587 678676505 
588 678350673 
589 676544407 
590 676304772 
591 675851285 
592 675195139 
593 674818688 
594 674420997 
595 674398262 
596 674353533 
597 674331501 
598 673668460 
599 673577874 
600 673491532 
601 673461394 
602 673447504 
603 673290651 
604 673020859 
605 672410254 
606 672409486 
607 671870061 
608 671867868 
609 670920128 
610 670864883 
611 670853479 
612 670634679 
613 669901724 
614 669387564 
615 669169739 
616 669096371 
617 669091914 
618 668453909 
619 665610783 
620 665212972 
621 664818408 
622 664506523 
623 664247613 
624 664246987 
625 664132673 
626 663997896 
627 663984398 
628 663859548 
629 663354472 
630 663101051 
631 662513254 
632 662448700 
633 662448700 

