0 1217451682 
1 1206291341 
2 1176820652 
3 1169259996 
4 1168415247 
5 1166782710 
6 1166439346 
7 1166355436 
8 1160156725 
9 1159785584 
10 1159783509 
11 1158947221 
12 1158383679 
13 1158365483 
14 1158233602 
15 1156795261 
16 1156688656 
17 1156127630 
18 1155764576 
19 1155400153 
20 1155330580 
21 1155256152 
22 1155232033 
23 1154886360 
24 1154876748 
25 1154479330 
26 1151757534 
27 1136907444 
28 1136552033 
29 1135852285 
30 1135751648 
31 1135717244 
32 1135645751 
33 1135449122 
34 1135419209 
35 1132995603 
36 1132572187 
37 1132544282 
38 1132468565 
39 1132272047 
40 1102611299 
41 1102521179 
42 1102285231 
43 1102112421 
44 1101608253 
45 1101475436 
46 1098735484 
47 1098701059 
48 1097451093 
49 1097438456 
50 1097420622 
51 1097386813 
52 1097362198 
53 1096447691 
54 1096351419 
55 1092544836 
56 1092432547 
57 1092426530 
58 1092413964 
59 1092400241 
60 1090836456 
61 1090810641 
62 1090769858 
63 1080752710 
64 1080575900 
65 1080573876 
66 1080478111 
67 1078316561 
68 1078245119 
69 1077791655 
70 1077703073 
71 1076370188 
72 1070860289 
73 1069767075 
74 1069756851 
75 1069750356 
76 1069517426 
77 1069416293 
78 1069338130 
79 1069269487 
80 1067556582 
81 1067180856 
82 1067174055 
83 1067038436 
84 1067010873 
85 1066901422 
86 1066889829 
87 1066497157 
88 1066418500 
89 1066142178 
90 1066055484 
91 1065744359 
92 1065606242 
93 1065594663 
94 1065555433 
95 1065334925 
96 1052177456 
97 1032680657 
98 1015774189 
99 978386735 
100 977827005 
101 977728480 
102 977494579 
103 977472672 
104 977392924 
105 976619430 
106 976442565 
107 976431056 
108 971570552 
109 971040699 
110 970701643 
111 970448822 
112 970164976 
113 969771802 
114 969639373 
115 969597225 
116 969547838 
117 969462502 
118 968452246 
119 967228351 
120 962886445 
121 961550874 
122 961445705 
123 961212776 
124 960768215 
125 960712973 
126 960679963 
127 960669716 
128 960399733 
129 960188763 
130 959776849 
131 959770753 
132 958671323 
133 958212051 
134 958149832 
135 957742320 
136 956868731 
137 956857182 
138 956856961 
139 956847201 
140 956844971 
141 956798630 
142 956743513 
143 956705747 
144 956312500 
145 956297654 
146 955075316 
147 954749440 
148 954390473 
149 954246873 
150 954181530 
151 954161439 
152 953767977 
153 953437336 
154 953312388 
155 953292361 
156 953183724 
157 952422062 
158 952419141 
159 945578089 
160 945575645 
161 945567965 
162 945565775 
163 924462493 
164 924041188 
165 924023417 
166 923666742 
167 921492440 
168 920016076 
169 911928640 
170 911236380 
171 911236091 
172 911197592 
173 910106751 
174 888053346 
175 887990647 
176 884351527 
177 884299255 
178 884050221 
179 884016773 
180 883887679 
181 882929899 
182 882693264 
183 882679126 
184 882655665 
185 880134988 
186 879258561 
187 879082720 
188 879072398 
189 869671153 
190 869228359 
191 842473647 
192 841683023 
193 827311761 
194 826552503 
195 826544045 
196 826533196 
197 816492599 
198 816046772 
199 816008546 
200 816006473 
201 816000477 
202 815991408 
203 815990551 
204 815974893 
205 815907251 
206 815865729 
207 799735266 
208 799700306 
209 799601872 
210 799429467 
211 799357808 
212 799107515 
213 798727364 
214 798703437 
215 798294439 
216 797477210 
217 797446429 
218 797439534 
219 797422312 
220 797093977 
221 796954247 
222 796516274 
223 796231582 
224 796139978 
225 796139055 
226 796136457 
227 796127693 
228 796110093 
229 796097716 
230 785298111 
231 785097183 
232 785094398 
233 784741455 
234 772859962 
235 772826971 
236 772639698 
237 772396732 
238 772366667 
239 772313137 
240 772312176 
241 772306335 
242 771907936 
243 771901699 
244 771891545 
245 771332155 
246 771230639 
247 771214248 
248 770886406 
249 770353775 
250 770207036 
251 770203057 
252 769176443 
253 768408488 
254 766968210 
255 766507751 
256 765286310 
257 765246314 
258 762963825 
259 762913955 
260 762902412 
261 762848167 
262 762768775 
263 762744609 
264 762286915 
265 761850587 
266 761749884 
267 761726110 
268 761462252 
269 761420351 
270 761406673 
271 761326204 
272 761262607 
273 761261083 
274 760971816 
275 760968351 
276 760940615 
277 760930192 
278 758791554 
279 758730430 
280 758617433 
281 758568943 
282 758266901 
283 758007825 
284 755482762 
285 755463477 
286 755452021 
287 755434365 
288 755410788 
289 755131723 
290 755078838 
291 754915940 
292 754419494 
293 754315873 
294 754264353 
295 754257313 
296 754001161 
297 753900119 
298 753886939 
299 753510822 
300 753508045 
301 753170364 
302 753168127 
303 753165491 
304 752993057 
305 752981015 
306 752959265 
307 752596655 
308 752589351 
309 751947981 
310 751901953 
311 751821597 
312 751642912 
313 751371135 
314 751124377 
315 751092344 
316 750622973 
317 750461047 
318 750447891 
319 750415419 
320 750391892 
321 749606701 
322 749457462 
323 749422263 
324 749409107 
325 748811570 
326 748728050 
327 748713655 
328 747392261 
329 746917392 
330 746743747 
331 746164686 
332 745971470 
333 745897735 
334 745690808 
335 745526082 
336 744368870 
337 744322702 
338 744311714 
339 744269225 
340 744256472 
341 744232416 
342 744121103 
343 744117590 
344 744045212 
345 744032459 
346 732169340 
347 731933141 
348 730562168 
349 730543375 
350 730442911 
351 730375981 
352 723511316 
353 723494018 
354 723409542 
355 723293995 
356 722033412 
357 721898647 
358 721872808 
359 721545336 
360 721515243 
361 721286907 
362 721200408 
363 720760291 
364 720308402 
365 703010421 
366 699465630 
367 697851947 
368 697779110 
369 697503280 
370 697282265 
371 696571980 
372 695908876 
373 695895326 
374 695871822 
375 695779356 
376 694852547 
377 694744004 
378 694716528 
379 694681305 
380 694297007 
381 694205164 
382 693756525 
383 693442303 
384 693437664 
385 693385477 
386 692693361 
387 691961282 
388 691949830 
389 691507782 
390 691426667 
391 690094208 
392 689428996 
393 689248179 
394 689112347 
395 689024147 
396 688402378 
397 687325988 
398 686702428 
399 686486369 
400 686437525 
401 686435575 
402 685740622 
403 684767904 
404 684634626 
405 684592562 
406 684394326 
407 684326153 
408 684059045 
409 684049695 
410 683505759 
411 683379091 
412 683372632 
413 683183305 
414 682968697 
415 682551078 
416 682513918 
417 682513552 
418 682452430 
419 681779968 
420 681502592 
421 681337505 
422 681221087 
423 680822497 
424 680731092 
425 680407195 
426 679816054 
427 679730633 
428 679579857 
429 679344194 
430 679328358 
431 679260746 
432 679058610 
433 678930786 
434 676304365 
435 676284792 
436 676165505 
437 676025296 
438 676024677 
439 675969904 
440 675388587 
441 675105246 
442 675012311 
443 674729367 
444 674722476 
445 674428618 
446 674389910 
447 673771295 
448 673752565 
449 673752565 

