0 1266133834 
1 1245762365 
2 1245256887 
3 1230158142 
4 1230001686 
5 1229482741 
6 1228393655 
7 1228043883 
8 1227875047 
9 1227758621 
10 1227465723 
11 1227443836 
12 1227215953 
13 1227133097 
14 1227084307 
15 1227033509 
16 1226416433 
17 1226097657 
18 1226043721 
19 1226003318 
20 1225913606 
21 1224904848 
22 1224629056 
23 1222985302 
24 1222979005 
25 1222663013 
26 1222630466 
27 1222470395 
28 1222330162 
29 1221219767 
30 1221201644 
31 1212770760 
32 1212717874 
33 1212684168 
34 1210839684 
35 1210832441 
36 1210495493 
37 1209944271 
38 1209938229 
39 1209921382 
40 1209901384 
41 1209893622 
42 1209588365 
43 1209585634 
44 1209566293 
45 1208638269 
46 1208620279 
47 1208600653 
48 1200117070 
49 1195163288 
50 1194885804 
51 1194080715 
52 1194073779 
53 1193944001 
54 1191379288 
55 1190309502 
56 1190192961 
57 1189913749 
58 1188424591 
59 1175577644 
60 1175450043 
61 1173715120 
62 1173647782 
63 1173600923 
64 1173567474 
65 1173497578 
66 1173120517 
67 1173108440 
68 1172570373 
69 1150002465 
70 1147645732 
71 1136778074 
72 1136333335 
73 1124376165 
74 1124339773 
75 1124123211 
76 1122443046 
77 1122260557 
78 1121828926 
79 1121530091 
80 1121515609 
81 1121514003 
82 1121407569 
83 1121376300 
84 1121108148 
85 1120772770 
86 1120724968 
87 1120151712 
88 1120110370 
89 1120050293 
90 1119994384 
91 1119981903 
92 1119790580 
93 1119664235 
94 1117166346 
95 1116721604 
96 1099090003 
97 1098999699 
98 1098751194 
99 1098475174 
100 1098184028 
101 1098133636 
102 1098052191 
103 1097435402 
104 1097342231 
105 1097339232 
106 1097206113 
107 1097078893 
108 1096753999 
109 1096480819 
110 1095715654 
111 1095715194 
112 1094027516 
113 1093972142 
114 1093963862 
115 1078641279 
116 1078486527 
117 1068662550 
118 1068473407 
119 1068435821 
120 1068393578 
121 1068392285 
122 1068338679 
123 1067314281 
124 1067298642 
125 1067148556 
126 1067143053 
127 1066841568 
128 1066682947 
129 1065964016 
130 1065943913 
131 1063516285 
132 1062992279 
133 1062991576 
134 1062939192 
135 1062307089 
136 1061706129 
137 1061619884 
138 1061403809 
139 1060534824 
140 1060518033 
141 1060480987 
142 1060188955 
143 1060121548 
144 1060020751 
145 1059895478 
146 1059812272 
147 1059537499 
148 1059522577 
149 1059516428 
150 1059510699 
151 1059503613 
152 1058393257 
153 1058387494 
154 1058377890 
155 1022340670 
156 1021026986 
157 1020949147 
158 1019365969 
159 1016847645 
160 1016840104 
161 1016825194 
162 1016820504 
163 1016640190 
164 1016467061 
165 1016429903 
166 1015665528 
167 1015441144 
168 1015411904 
169 1014788666 
170 1014783534 
171 1014760268 
172 1014565237 
173 1014474713 
174 1013982433 
175 1013888567 
176 1012961372 
177 1009681203 
178 1009344555 
179 1009342987 
180 1009335819 
181 1009301462 
182 1008623878 
183 1008027460 
184 1007394351 
185 1007394035 
186 1007156579 
187 1007121665 
188 1007020926 
189 1006728657 
190 992698895 
191 992695801 
192 991653766 
193 977493620 
194 977414074 
195 977109212 
196 977081184 
197 976922760 
198 976611654 
199 976465860 
200 976389323 
201 976283094 
202 976243440 
203 976190775 
204 970778923 
205 968934583 
206 968867614 
207 950360668 
208 948738078 
209 948428396 
210 948411517 
211 948377159 
212 948343129 
213 948338591 
214 947379594 
215 947377673 
216 946505717 
217 946487303 
218 942270439 
219 927765230 
220 921760231 
221 921565566 
222 921554311 
223 920644969 
224 919756078 
225 912247767 
226 911063071 
227 897189473 
228 891829532 
229 891765862 
230 887641274 
231 886513921 
232 886494990 
233 885835475 
234 885528141 
235 875406878 
236 875341818 
237 875059812 
238 874654031 
239 874580915 
240 873320523 
241 873191554 
242 872855935 
243 872355943 
244 872336874 
245 872324098 
246 871442484 
247 871407437 
248 871024973 
249 868804714 
250 868771778 
251 868260342 
252 867523812 
253 867383732 
254 866884331 
255 866859609 
256 844377146 
257 843928291 
258 834728124 
259 834696556 
260 834441219 
261 834052379 
262 833867686 
263 833609064 
264 832678459 
265 832624447 
266 832409188 
267 831774943 
268 831581088 
269 831555994 
270 831130423 
271 831123137 
272 831112596 
273 830184250 
274 830021367 
275 829961023 
276 829944359 
277 829923493 
278 829857372 
279 829114682 
280 829103275 
281 829099874 
282 828752151 
283 828731275 
284 828720778 
285 828713452 
286 827717823 
287 825167035 
288 824313212 
289 823500110 
290 823206326 
291 823027684 
292 822395096 
293 821061332 
294 806609840 
295 804023051 
296 803743931 
297 799705520 
298 799659167 
299 799312039 
300 799273493 
301 799268706 
302 799251628 
303 799096736 
304 798845106 
305 798628613 
306 798277395 
307 798151425 
308 797835109 
309 797446973 
310 797313842 
311 797136030 
312 794671798 
313 794517526 
314 794507853 
315 794506116 
316 794474187 
317 794398853 
318 793610894 
319 793410681 
320 789127395 
321 788930274 
322 788663347 
323 763495935 
324 763253567 
325 762516705 
326 762508817 
327 761895914 
328 761876872 
329 761818981 
330 761794448 
331 761758198 
332 761754486 
333 761168115 
334 758991458 
335 758944160 
336 748462266 
337 748424787 
338 747823059 
339 747680796 
340 747494464 
341 747476095 
342 747405045 
343 746072739 
344 745637307 
345 745483369 
346 744453402 
347 744419833 
348 744403582 
349 744389479 
350 744120165 
351 744115148 
352 743899786 
353 742357324 
354 742334890 
355 742234312 
356 742030195 
357 742002030 
358 741905188 
359 741780988 
360 741449223 
361 740976224 
362 739937167 
363 739926056 
364 739569718 
365 739252415 
366 739246024 
367 739244697 
368 739224968 
369 738727393 
370 738708513 
371 738647217 
372 738417659 
373 738403493 
374 738083167 
375 737984215 
376 734877856 
377 734734969 
378 734118876 
379 734108378 
380 734107608 
381 734058165 
382 733097931 
383 732572092 
384 730708036 
385 730158845 
386 729703259 
387 729026379 
388 729004335 
389 728208308 
390 713432716 
391 713334074 
392 712893490 
393 712399695 
394 712008468 
395 711872106 
396 711218340 
397 711186922 
398 711179498 
399 711177099 
400 711158095 
401 711153166 
402 710857511 
403 710787591 
404 708172026 
405 707826645 
406 707810299 
407 707789241 
408 706922976 
409 706763944 
410 706746023 
411 705887237 
412 705852185 
413 705850454 
414 705752592 
415 705724423 
416 705700988 
417 705691498 
418 705640686 
419 705447628 
420 697075750 
421 697059052 
422 694842846 
423 694835770 
424 692673094 
425 692656478 
426 692633249 
427 692614683 
428 692442726 
429 691500320 
430 691107267 
431 691094993 
432 690828724 
433 690828580 
434 690730960 
435 690673102 
436 690576586 
437 689732355 
438 689712641 
439 689712499 
440 689609587 
441 687418337 
442 687416647 
443 686855031 
444 686724373 
445 686477935 
446 686445371 
447 686306651 
448 686135823 
449 685850153 
450 685691398 
451 685585244 
452 685526355 
453 683831076 
454 683090781 
455 682491837 
456 682033183 
457 680961322 
458 680541542 
459 680353543 
460 680350074 
461 680344642 
462 680297331 
463 680215689 
464 679733695 
465 679674877 
466 679498235 
467 679482163 
468 679458822 
469 679412488 
470 679275618 
471 679269703 
472 679263322 
473 678730915 
474 678417109 
475 678209121 
476 677863841 
477 677007710 
478 676647180 
479 676468013 
480 676282484 
481 675956663 
482 675812590 
483 675310349 
484 675298928 
485 675211626 
486 674590066 
487 674384939 
488 674370135 
489 674349845 
490 674322590 
491 673195309 
492 672874959 
493 672873651 
494 672843401 
495 671860704 
496 671834687 
497 671476667 
498 670960086 
499 670874693 
500 670873905 
501 670861666 
502 670840741 
503 670482705 
504 670047791 
505 669822019 
506 669629607 
507 669517811 
508 668936921 
509 668908080 
510 668864480 
511 668863172 
512 667459157 
513 666423220 
514 665954794 
515 665912574 
516 664677552 
517 664359282 
518 663335484 
519 663223171 
520 663043453 
521 663019601 
522 662910807 
523 662569420 
524 662455210 
525 662435856 
526 662415353 
527 661625171 
528 661531503 
529 661348125 
530 661208043 
531 661038178 
532 660993277 
533 660929902 
534 660860398 
535 660852548 
536 660199442 
537 660175284 
538 659772612 
539 659690846 
540 659439810 
541 659051566 
542 658948968 
543 658604227 
544 658177884 
545 657997980 
546 657637667 
547 657162766 
548 657139113 
549 657032064 
550 656812276 
551 656746442 
552 656537650 
553 656423444 
554 656098516 
555 655590456 
556 655395802 
557 654754350 
558 654665607 
559 654665607 

