0 2166350 
1 2164768 
2 2163810 
3 2161988 
4 2158384 
5 2152770 
6 2150142 
7 2150122 
8 2146900 
9 2139776 
10 2139010 
11 2137780 
12 2136992 
13 2136168 
14 2136084 
15 2135862 
16 2134268 
17 2130984 
18 2128746 
19 2125850 
20 2125764 
21 2125390 
22 2123734 
23 2122336 
24 2119890 
25 2118684 
26 2116488 
27 2116252 
28 2116216 
29 2116074 
30 2116000 
31 2115216 
32 2107816 
33 2103542 
34 2101878 
35 2100246 
36 2098938 
37 2098332 
38 2097264 
39 2097188 
40 2096802 
41 2090012 
42 2086998 
43 2085632 
44 2085354 
45 2084810 
46 2079086 
47 2078060 
48 2076784 
49 2074160 
50 2073964 
51 2071824 
52 2070308 
53 2067482 
54 2066772 
55 2061300 
56 2059822 
57 2059418 
58 2054966 
59 2053554 
60 2051702 
61 2051502 
62 2050474 
63 2050256 
64 2049166 
65 2048304 
66 2043892 
67 2043788 
68 2041844 
69 2039940 
70 2034282 
71 2033544 
72 2029716 
73 2021078 
74 2020552 
75 2015704 
76 2014456 
77 2014430 
78 2008572 
79 2005178 
80 2004590 
81 2004048 
82 2001486 
83 1999870 
84 1995808 
85 1994940 
86 1992476 
87 1990482 
88 1986942 
89 1985896 
90 1984166 
91 1982954 
92 1978336 
93 1978062 
94 1977326 
95 1974764 
96 1974212 
97 1973230 
98 1972740 
99 1970944 
100 1970042 
101 1969998 
102 1968898 
103 1968700 
104 1965704 
105 1964874 
106 1964760 
107 1962562 
108 1960076 
109 1959308 
110 1957392 
111 1957170 
112 1953730 
113 1951058 
114 1947350 
115 1946368 
116 1942524 
117 1932916 
118 1932612 
119 1925730 
120 1925288 
121 1924724 
122 1921458 
123 1918280 
124 1917826 
125 1915750 
126 1910430 
127 1905880 
128 1905204 
129 1901064 
130 1898536 
131 1887712 
132 1886834 
133 1883048 
134 1873400 
135 1872902 
136 1871294 
137 1869574 
138 1861284 
139 1860614 
140 1856724 
141 1850850 
142 1849302 
143 1842648 
144 1842206 
145 1842206 

