0 2206752 
1 2202284 
2 2199686 
3 2198358 
4 2194116 
5 2193934 
6 2192634 
7 2192194 
8 2186772 
9 2186700 
10 2185634 
11 2185060 
12 2182952 
13 2180538 
14 2178080 
15 2176472 
16 2176352 
17 2175030 
18 2174642 
19 2171616 
20 2169760 
21 2169272 
22 2165908 
23 2165778 
24 2163818 
25 2163458 
26 2162270 
27 2159560 
28 2152410 
29 2151940 
30 2149642 
31 2149452 
32 2147850 
33 2146132 
34 2144996 
35 2143584 
36 2141336 
37 2140020 
38 2139962 
39 2135886 
40 2134452 
41 2130422 
42 2129376 
43 2126128 
44 2124590 
45 2124498 
46 2124128 
47 2123914 
48 2120022 
49 2119690 
50 2115206 
51 2114116 
52 2109502 
53 2107948 
54 2107506 
55 2106222 
56 2100756 
57 2099000 
58 2096472 
59 2094174 
60 2092446 
61 2088288 
62 2086692 
63 2086550 
64 2084588 
65 2084394 
66 2079868 
67 2077754 
68 2076722 
69 2075562 
70 2073678 
71 2073380 
72 2066344 
73 2066118 
74 2062464 
75 2062360 
76 2060898 
77 2059896 
78 2059756 
79 2057338 
80 2053828 
81 2051224 
82 2049528 
83 2048240 
84 2046536 
85 2045420 
86 2044750 
87 2044050 
88 2037346 
89 2035260 
90 2034022 
91 2033060 
92 2029026 
93 2027522 
94 2026766 
95 2023114 
96 2022592 
97 2021922 
98 2020144 
99 2017056 
100 2014126 
101 2007422 
102 2006976 
103 2005458 
104 2004984 
105 2004518 
106 2003294 
107 2002674 
108 2001058 
109 2000934 
110 1992392 
111 1989924 
112 1988578 
113 1988526 
114 1987490 
115 1986652 
116 1984376 
117 1982704 
118 1981404 
119 1979760 
120 1977986 
121 1977786 
122 1977440 
123 1976990 
124 1975288 
125 1974378 
126 1972798 
127 1972406 
128 1970630 
129 1970350 
130 1970268 
131 1969100 
132 1968988 
133 1968772 
134 1967694 
135 1966308 
136 1964726 
137 1955292 
138 1955126 
139 1949170 
140 1946126 
141 1943958 
142 1942954 
143 1934520 
144 1933622 
145 1933032 
146 1930504 
147 1929892 
148 1929086 
149 1928518 
150 1925800 
151 1925548 
152 1924384 
153 1924228 
154 1923870 
155 1923516 
156 1921874 
157 1918930 
158 1915976 
159 1913426 
160 1911124 
161 1899978 
162 1898308 
163 1896718 
164 1896034 
165 1892526 
166 1887840 
167 1885354 
168 1883084 
169 1881990 
170 1881832 
171 1877986 
172 1874966 
173 1872692 
174 1871880 
175 1868648 
176 1868220 
177 1867322 
178 1867322 

