0 2153916 
1 2153176 
2 2148584 
3 2146672 
4 2145994 
5 2141234 
6 2140946 
7 2140270 
8 2135906 
9 2135056 
10 2134952 
11 2134892 
12 2131488 
13 2131246 
14 2129578 
15 2129574 
16 2128750 
17 2128360 
18 2128062 
19 2126108 
20 2125252 
21 2122900 
22 2122316 
23 2121720 
24 2118072 
25 2116454 
26 2116280 
27 2114730 
28 2114526 
29 2109850 
30 2107276 
31 2106824 
32 2106682 
33 2106306 
34 2103732 
35 2102770 
36 2100570 
37 2100278 
38 2098196 
39 2097392 
40 2097160 
41 2095662 
42 2095542 
43 2095354 
44 2093976 
45 2092652 
46 2091678 
47 2091124 
48 2090794 
49 2089118 
50 2087742 
51 2083592 
52 2079842 
53 2077074 
54 2076678 
55 2076214 
56 2075290 
57 2073818 
58 2070946 
59 2070666 
60 2070294 
61 2066086 
62 2065382 
63 2063302 
64 2062512 
65 2059984 
66 2056866 
67 2053634 
68 2051964 
69 2050016 
70 2046364 
71 2046224 
72 2046154 
73 2046038 
74 2044796 
75 2042998 
76 2042768 
77 2039240 
78 2035732 
79 2034648 
80 2033768 
81 2029388 
82 2028974 
83 2026018 
84 2024222 
85 2018922 
86 2016088 
87 2012606 
88 2009104 
89 2008692 
90 2004296 
91 2002340 
92 1988354 
93 1982570 
94 1980988 
95 1976416 
96 1972424 
97 1971388 
98 1967532 
99 1959394 
100 1951086 
101 1950816 
102 1947468 
103 1946968 
104 1946488 
105 1945008 
106 1943250 
107 1936006 
108 1935410 
109 1934556 
110 1933064 
111 1931434 
112 1930868 
113 1929594 
114 1924490 
115 1923520 
116 1917716 
117 1912498 
118 1906398 
119 1902640 
120 1902290 
121 1899872 
122 1893098 
123 1886990 
124 1886768 
125 1875192 
126 1870084 
127 1856932 
128 1856848 
129 1856848 

