0 1392241215 
1 1383108311 
2 1380670993 
3 1380646495 
4 1380428267 
5 1380290050 
6 1379107728 
7 1378843318 
8 1378679602 
9 1378333564 
10 1377924937 
11 1377916952 
12 1377884157 
13 1377836561 
14 1377754580 
15 1377433785 
16 1377418700 
17 1377375949 
18 1377359688 
19 1374740101 
20 1374670113 
21 1374446758 
22 1374430064 
23 1374282920 
24 1344708998 
25 1343830529 
26 1343737368 
27 1343685181 
28 1343684290 
29 1343611194 
30 1343590615 
31 1343334017 
32 1336609939 
33 1336178877 
34 1335970962 
35 1335932370 
36 1335859371 
37 1335715137 
38 1334521545 
39 1334226108 
40 1334198430 
41 1333675395 
42 1333650590 
43 1331822560 
44 1331757122 
45 1306617848 
46 1306567393 
47 1306552454 
48 1306531533 
49 1306101848 
50 1305827750 
51 1305713929 
52 1305518562 
53 1305496521 
54 1305480551 
55 1305310809 
56 1304967780 
57 1304656369 
58 1304642330 
59 1304639111 
60 1304025111 
61 1303360856 
62 1303159881 
63 1302740136 
64 1302589510 
65 1302060755 
66 1302042135 
67 1302020925 
68 1301467929 
69 1301180266 
70 1301138144 
71 1300952775 
72 1300950892 
73 1300930060 
74 1300927542 
75 1285432216 
76 1284046032 
77 1284005245 
78 1283603825 
79 1283231562 
80 1275117391 
81 1274582809 
82 1274325425 
83 1273814812 
84 1273688350 
85 1273427955 
86 1272753679 
87 1271605338 
88 1266871125 
89 1242678798 
90 1242350294 
91 1242288234 
92 1242122987 
93 1242019211 
94 1242000230 
95 1241584803 
96 1241111741 
97 1240756870 
98 1240751311 
99 1240740436 
100 1240632918 
101 1240410336 
102 1240386462 
103 1240357495 
104 1240180236 
105 1237353433 
106 1236417351 
107 1236295966 
108 1236290946 
109 1236253610 
110 1235885264 
111 1235842119 
112 1235762493 
113 1235334110 
114 1235084328 
115 1234653210 
116 1234504485 
117 1234237405 
118 1234226926 
119 1234214831 
120 1233717375 
121 1233648855 
122 1233374418 
123 1233372968 
124 1233323287 
125 1233288576 
126 1233119707 
127 1231705487 
128 1231659760 
129 1226201841 
130 1221112797 
131 1218586384 
132 1218120754 
133 1218120100 
134 1218092990 
135 1217805960 
136 1217781669 
137 1217774965 
138 1216869880 
139 1216763967 
140 1216762825 
141 1216557076 
142 1216548735 
143 1215735418 
144 1215622574 
145 1215384641 
146 1215375298 
147 1215311367 
148 1215177184 
149 1215177028 
150 1215151900 
151 1206870255 
152 1206640817 
153 1206607005 
154 1206601291 
155 1206582615 
156 1206544753 
157 1206473961 
158 1206289898 
159 1206249149 
160 1200678716 
161 1200141522 
162 1198852600 
163 1198675793 
164 1198610872 
165 1191902078 
166 1186368966 
167 1186112001 
168 1185645522 
169 1185292680 
170 1171629210 
171 1171397280 
172 1146576015 
173 1145943156 
174 1141883385 
175 1140330818 
176 1140012880 
177 1139922873 
178 1139645418 
179 1139439600 
180 1139431552 
181 1139394354 
182 1139358573 
183 1139357862 
184 1138715363 
185 1138018905 
186 1137540352 
187 1136589323 
188 1136053475 
189 1135881085 
190 1135868973 
191 1135843839 
192 1135415638 
193 1135005379 
194 1134818841 
195 1134051710 
196 1134033017 
197 1133880628 
198 1133821076 
199 1133092998 
200 1132916176 
201 1132147588 
202 1132145926 
203 1130949904 
204 1130931290 
205 1130812431 
206 1130802344 
207 1130700479 
208 1128188871 
209 1128154438 
210 1128146464 
211 1128146193 
212 1128095438 
213 1127734525 
214 1126591287 
215 1126481596 
216 1125474516 
217 1125288338 
218 1116093094 
219 1115813277 
220 1115264212 
221 1115246964 
222 1115243625 
223 1115227933 
224 1115210807 
225 1115117416 
226 1115045670 
227 1115028122 
228 1114991682 
229 1114986973 
230 1114954246 
231 1114279579 
232 1114267910 
233 1114234444 
234 1108713087 
235 1108346341 
236 1108295845 
237 1107913905 
238 1097981114 
239 1097388592 
240 1095616455 
241 1095182269 
242 1094756463 
243 1093914956 
244 1093569039 
245 1093289065 
246 1092911501 
247 1092798219 
248 1092789629 
249 1092613242 
250 1092610530 
251 1092594995 
252 1092589407 
253 1092588968 
254 1092129736 
255 1092047187 
256 1091743540 
257 1091680116 
258 1091570674 
259 1091464141 
260 1091334977 
261 1091288959 
262 1090768576 
263 1090152550 
264 1089930970 
265 1089706045 
266 1089396213 
267 1078645952 
268 1068980545 
269 1063303848 
270 1062275352 
271 1062230602 
272 1062220967 
273 1062122175 
274 1062079872 
275 1062051990 
276 1062048574 
277 1061988103 
278 1061579412 
279 1061544870 
280 1060080128 
281 1059880932 
282 1059628502 
283 1059168443 
284 1058768095 
285 1058562585 
286 1057962684 
287 1057932151 
288 1057458207 
289 1056688003 
290 1056482249 
291 1055434231 
292 1055415194 
293 1055003766 
294 1054479206 
295 1054242007 
296 1052918013 
297 1052598460 
298 1052546617 
299 1052538307 
300 1052527109 
301 1048377333 
302 1048193450 
303 1048105111 
304 1047948871 
305 1047707513 
306 1047539543 
307 1047509813 
308 1047138121 
309 1047034095 
310 1047005311 
311 1046803933 
312 1046520498 
313 1046472661 
314 1046211379 
315 1037284695 
316 1035969798 
317 1035784179 
318 1035720688 
319 1035702320 
320 1035430006 
321 1035378296 
322 1026797777 
323 1026777463 
324 1025098771 
325 1024739872 
326 1022825747 
327 1021073223 
328 1020619380 
329 1020241260 
330 1020026981 
331 1020009141 
332 1019893795 
333 1019878417 
334 1019791601 
335 1018068050 
336 1017325222 
337 1016218201 
338 1015841571 
339 1015825295 
340 1015823564 
341 1015821444 
342 1015276993 
343 1015256324 
344 1015254493 
345 1015252762 
346 1015231773 
347 1014908951 
348 1014900537 
349 1014516941 
350 1013230885 
351 1013146372 
352 1011886944 
353 1011467992 
354 1011434573 
355 1011152945 
356 1008946787 
357 1007400618 
358 1006122867 
359 1005379190 
360 1005343499 
361 969901970 
362 969893352 
363 969844392 
364 969813261 
365 969604005 
366 963855664 
367 932407207 
368 928651878 
369 928355050 
370 927803126 
371 927799296 
372 927432266 
373 926934882 
374 926874109 
375 926634604 
376 926628710 
377 926244217 
378 926003715 
379 925951969 
380 925911722 
381 925814554 
382 925812165 
383 925795159 
384 925763522 
385 925755371 
386 925721906 
387 925132088 
388 925071761 
389 924325218 
390 924320240 
391 923860151 
392 923823274 
393 923785202 
394 923484996 
395 923115236 
396 922861855 
397 922835792 
398 922315262 
399 922313180 
400 922062239 
401 922009859 
402 921889582 
403 921570200 
404 921567542 
405 914276323 
406 914171720 
407 913123858 
408 911772303 
409 911246281 
410 910831201 
411 910782769 
412 910423603 
413 910372371 
414 909995611 
415 901272333 
416 895246699 
417 895183386 
418 894684443 
419 894048124 
420 893550760 
421 893112119 
422 893100928 
423 892747059 
424 892347950 
425 891727961 
426 891461458 
427 890400743 
428 890082270 
429 889995887 
430 889644051 
431 889007483 
432 888768380 
433 888702464 
434 887641542 
435 885001861 
436 842739827 
437 841532537 
438 836023483 
439 835742140 
440 835601995 
441 835560261 
442 835438734 
443 835258956 
444 834968683 
445 834850796 
446 834676707 
447 834653311 
448 834100067 
449 834096403 
450 833927925 
451 833821017 
452 833483986 
453 833405989 
454 833247367 
455 833203882 
456 832723541 
457 832690560 
458 832197015 
459 826959245 
460 826885898 
461 823599922 
462 823451241 
463 823250678 
464 822900943 
465 822093439 
466 820322582 
467 819894040 
468 819687248 
469 819598532 
470 817827059 
471 817259272 
472 817176161 
473 815689164 
474 814888637 
475 814885451 
476 814870334 
477 814728381 
478 814565157 
479 814551595 
480 814541949 
481 814530079 
482 814426904 
483 814410548 
484 814407902 
485 814381690 
486 814366533 
487 814298663 
488 814291521 
489 814265674 
490 814263852 
491 814245403 
492 814243692 
493 813915129 
494 813259748 
495 813025689 
496 813024445 
497 813022623 
498 813017324 
499 812472948 
500 811478010 
501 811264964 
502 811258374 
503 801146203 
504 784429846 
505 784410462 
506 784354291 
507 784348657 
508 784077580 
509 783973428 
510 782746032 
511 770525622 
512 770515230 
513 770512568 
514 770279684 
515 769639905 
516 769281526 
517 769281413 
518 769252358 
519 769160250 
520 769154902 
521 768965611 
522 768925690 
523 768917193 
524 755072124 
525 742273221 
526 742164041 
527 742055647 
528 741906130 
529 741842422 
530 740965026 
531 740920738 
532 740918441 
533 740800222 
534 739775457 
535 739363823 
536 739137395 
537 739085169 
538 738901475 
539 738617596 
540 738608357 
541 735037443 
542 734495458 
543 733991427 
544 733831159 
545 733819310 
546 733513943 
547 733193194 
548 733037652 
549 732893133 
550 732366424 
551 732357321 
552 732244049 
553 732208844 
554 732058408 
555 731400777 
556 731093649 
557 730629598 
558 730484683 
559 729987035 
560 729942432 
561 729464112 
562 729273700 
563 728062117 
564 727887071 
565 727882690 
566 727217665 
567 718553726 
568 717896082 
569 717816299 
570 717743601 
571 717006243 
572 716825698 
573 716483397 
574 715562291 
575 715432207 
576 715327933 
577 715253784 
578 714102088 
579 713925115 
580 713531594 
581 713185693 
582 713088301 
583 712919389 
584 712863265 
585 712733949 
586 712726273 
587 712587625 
588 711021635 
589 711021007 
590 710398631 
591 710200146 
592 709755177 
593 709447093 
594 709251367 
595 709088124 
596 709076391 
597 709044979 
598 709024708 
599 708776653 
600 708479351 
601 708465483 
602 707850912 
603 707616729 
604 706755271 
605 706080042 
606 705681725 
607 705341314 
608 704681180 
609 704678892 
610 704673984 
611 702874656 
612 702832087 
613 702642280 
614 701771647 
615 701440624 
616 701409013 
617 701315974 
618 700905499 
619 699564099 
620 697959905 
621 697343895 
622 696926411 
623 696773303 
624 696096254 
625 696044730 
626 695914333 
627 695700259 
628 695454496 
629 695452924 
630 695341981 
631 694610605 
632 693965979 
633 693206330 
634 692784822 
635 692429069 
636 692221906 
637 692122246 
638 691993794 
639 691328217 
640 691201924 
641 691065985 
642 690870579 
643 690781288 
644 690507638 
645 690450192 
646 690267128 
647 690251975 
648 690206032 
649 690003081 
650 689969235 
651 689262684 
652 689107150 
653 688762090 
654 688664299 
655 687809293 
656 687689065 
657 686815219 
658 686782950 
659 686704835 
660 686213394 
661 686181832 
662 686124989 
663 684824666 
664 684813659 
665 684792934 
666 684789296 
667 684748830 
668 684672252 
669 684444352 
670 684002060 
671 683990295 
672 683684248 
673 682780791 
674 682554672 
675 681276733 
676 681100234 
677 680900084 
678 680305156 
679 680296744 
680 679657079 
681 678741163 
682 678534257 
683 678394656 
684 678288116 
685 677950893 
686 677903653 
687 677873207 
688 677868126 
689 677602311 
690 677549690 
691 677493450 
692 677130782 
693 676943027 
694 676932612 
695 676527554 
696 676449145 
697 676396949 
698 676395408 
699 676395408 

