0 1525736532 
1 1518505323 
2 1517940651 
3 1517154803 
4 1515787957 
5 1515767234 
6 1515494407 
7 1511650388 
8 1511477777 
9 1510938170 
10 1510919499 
11 1502268406 
12 1498709469 
13 1498489799 
14 1498427163 
15 1498414220 
16 1497930705 
17 1497626094 
18 1497545418 
19 1497455091 
20 1496404627 
21 1496364040 
22 1496332816 
23 1496075907 
24 1465124613 
25 1464916475 
26 1464889581 
27 1464864468 
28 1464792211 
29 1464229767 
30 1462740868 
31 1462671587 
32 1462650165 
33 1462619370 
34 1462594755 
35 1462588706 
36 1462472369 
37 1461801948 
38 1461726293 
39 1459733905 
40 1459638063 
41 1459388331 
42 1459372482 
43 1459164123 
44 1459160718 
45 1458998528 
46 1458984191 
47 1458974775 
48 1458879560 
49 1458719906 
50 1458702961 
51 1458675938 
52 1457354073 
53 1457124539 
54 1452431552 
55 1452357742 
56 1452283834 
57 1452280286 
58 1443237173 
59 1442939863 
60 1442168062 
61 1436813164 
62 1435771669 
63 1435351138 
64 1435153055 
65 1435055830 
66 1434964874 
67 1434675844 
68 1434469443 
69 1434434586 
70 1434204065 
71 1434188182 
72 1434158586 
73 1434088296 
74 1433348081 
75 1433341094 
76 1432855518 
77 1432854915 
78 1432852035 
79 1432431003 
80 1432231692 
81 1432227357 
82 1432223855 
83 1431903277 
84 1431901239 
85 1431895180 
86 1431650645 
87 1430535740 
88 1430268554 
89 1427826873 
90 1427767204 
91 1427276044 
92 1427020632 
93 1426893071 
94 1426615954 
95 1426608040 
96 1426597717 
97 1426438471 
98 1417352248 
99 1417315746 
100 1416283571 
101 1411074997 
102 1411011652 
103 1410911828 
104 1410680469 
105 1410623301 
106 1410584746 
107 1410322968 
108 1409849375 
109 1409789357 
110 1409681593 
111 1409624834 
112 1408529341 
113 1408498896 
114 1408254487 
115 1408190453 
116 1408095028 
117 1408085187 
118 1407853281 
119 1406615866 
120 1406345328 
121 1406290566 
122 1406287519 
123 1406279258 
124 1406191412 
125 1405913225 
126 1405622803 
127 1405359210 
128 1404970849 
129 1404922619 
130 1404693278 
131 1403989703 
132 1403799356 
133 1403749656 
134 1403292941 
135 1403102743 
136 1403101611 
137 1403065081 
138 1402919739 
139 1402884942 
140 1402863609 
141 1402829106 
142 1402676884 
143 1402266264 
144 1402244862 
145 1402210687 
146 1402195782 
147 1402194466 
148 1402072133 
149 1402053933 
150 1401996030 
151 1401971458 
152 1401895403 
153 1401888386 
154 1393493741 
155 1380043806 
156 1377934882 
157 1354552010 
158 1353857732 
159 1330357726 
160 1328630254 
161 1328617285 
162 1328502768 
163 1319945785 
164 1319921037 
165 1319886589 
166 1319482161 
167 1319438385 
168 1318513409 
169 1318398160 
170 1318353803 
171 1318329796 
172 1318194013 
173 1318126260 
174 1317647787 
175 1317324328 
176 1316228442 
177 1315727864 
178 1315299135 
179 1313276606 
180 1313264704 
181 1313223680 
182 1311725880 
183 1311698286 
184 1311272919 
185 1311229587 
186 1311228047 
187 1311221444 
188 1311186747 
189 1310461812 
190 1310391993 
191 1310390911 
192 1310312339 
193 1309823003 
194 1309509301 
195 1301659389 
196 1301569927 
197 1298739502 
198 1297595361 
199 1296990397 
200 1292684631 
201 1292175896 
202 1291839080 
203 1291269562 
204 1291183690 
205 1269636537 
206 1269604147 
207 1269270167 
208 1268556609 
209 1268293335 
210 1267197691 
211 1267193418 
212 1267190009 
213 1266865257 
214 1266540316 
215 1266289958 
216 1266004677 
217 1265980628 
218 1265950534 
219 1265165696 
220 1260465190 
221 1259176967 
222 1259143320 
223 1257849382 
224 1257660229 
225 1256711950 
226 1256456927 
227 1256027390 
228 1255532576 
229 1255441269 
230 1255429079 
231 1252411097 
232 1251937342 
233 1251230867 
234 1250701423 
235 1241184306 
236 1240874955 
237 1240872489 
238 1240843490 
239 1240789917 
240 1240764850 
241 1239967450 
242 1239911419 
243 1239269705 
244 1238130815 
245 1238069891 
246 1237962752 
247 1237956510 
248 1237949209 
249 1237256605 
250 1237233624 
251 1237163921 
252 1228651610 
253 1228133649 
254 1227898196 
255 1227799895 
256 1227210831 
257 1217909255 
258 1217891343 
259 1216361785 
260 1215542048 
261 1215527224 
262 1215491180 
263 1215486980 
264 1215088228 
265 1214366296 
266 1214336324 
267 1214244551 
268 1214055494 
269 1214045125 
270 1214039905 
271 1213787649 
272 1213711368 
273 1213539394 
274 1213521514 
275 1213263445 
276 1213050715 
277 1212801953 
278 1212528711 
279 1212528029 
280 1212226281 
281 1211500145 
282 1211372229 
283 1211355136 
284 1211316305 
285 1210763081 
286 1210659963 
287 1204998787 
288 1204539633 
289 1204534886 
290 1204522359 
291 1204394694 
292 1203825719 
293 1203802253 
294 1203771032 
295 1203658819 
296 1203655524 
297 1203616739 
298 1203591848 
299 1203576594 
300 1203515857 
301 1203146324 
302 1203015212 
303 1202945298 
304 1201938733 
305 1201925037 
306 1201919914 
307 1201887677 
308 1201871940 
309 1201241779 
310 1201199842 
311 1200036883 
312 1199746996 
313 1199413063 
314 1199404451 
315 1199301006 
316 1199054382 
317 1198377175 
318 1198345933 
319 1198261568 
320 1198235016 
321 1198159479 
322 1196951327 
323 1196362368 
324 1196092275 
325 1196063962 
326 1196053308 
327 1196047388 
328 1195682797 
329 1195615141 
330 1195081814 
331 1193228206 
332 1180889746 
333 1180646922 
334 1179936785 
335 1174116830 
336 1173851078 
337 1173843882 
338 1173722125 
339 1170119918 
340 1170065962 
341 1170055279 
342 1169446326 
343 1169445169 
344 1169425553 
345 1168000043 
346 1167928149 
347 1167797804 
348 1167240233 
349 1167174905 
350 1165715756 
351 1165690706 
352 1147457008 
353 1147206076 
354 1123402976 
355 1123374118 
356 1121822116 
357 1121810073 
358 1121319893 
359 1120987972 
360 1119281188 
361 1119189663 
362 1118428818 
363 1118286510 
364 1118142896 
365 1116592423 
366 1116587416 
367 1116210552 
368 1116202128 
369 1116193367 
370 1115713061 
371 1115705445 
372 1115705406 
373 1115570904 
374 1115553991 
375 1115478818 
376 1115459082 
377 1115139993 
378 1115105043 
379 1115082168 
380 1115018155 
381 1114964720 
382 1114905156 
383 1114511632 
384 1114246601 
385 1113996425 
386 1112128756 
387 1111797371 
388 1100116163 
389 1100075696 
390 1098745894 
391 1098656206 
392 1093693711 
393 1091223243 
394 1078598192 
395 1074716631 
396 1069586642 
397 1062792703 
398 1062025540 
399 1060866905 
400 1060865732 
401 1060853493 
402 1060760160 
403 1053373659 
404 1050818174 
405 1050225442 
406 1049414487 
407 1049258253 
408 1048732724 
409 1048152015 
410 1048115041 
411 1047957776 
412 1047862238 
413 1047832068 
414 1047826652 
415 1047743858 
416 1047720019 
417 1047597697 
418 1047596839 
419 1047135466 
420 1047044070 
421 1047040537 
422 1046148861 
423 1045334281 
424 1045277996 
425 1042819397 
426 1042099085 
427 1042076788 
428 1042044496 
429 1041109988 
430 1040937094 
431 1040921833 
432 1040232157 
433 1039884601 
434 1039845707 
435 1039845180 
436 1039840539 
437 1038922730 
438 1038672428 
439 1037513817 
440 1032960059 
441 1032958683 
442 1031092734 
443 1031091871 
444 1031019335 
445 1031013930 
446 1031007938 
447 1030332848 
448 1030319054 
449 1029960825 
450 1029955301 
451 1029949938 
452 1029654562 
453 1029553675 
454 1029092886 
455 1029085490 
456 1028979636 
457 1028962539 
458 1028942043 
459 1028914735 
460 1028406539 
461 1028125768 
462 1026906907 
463 1026896083 
464 1026874590 
465 1026855522 
466 1026716610 
467 1026491475 
468 1026407086 
469 1021644210 
470 1021615893 
471 1021241592 
472 1021202310 
473 1021172057 
474 1021152322 
475 1021096748 
476 1020163941 
477 1020019134 
478 1019912124 
479 1019890219 
480 1019777726 
481 1018902593 
482 1018666974 
483 1017970180 
484 1017961667 
485 1017938950 
486 1005040397 
487 1004919910 
488 1003671548 
489 1003605784 
490 1003376957 
491 1002992004 
492 1002833201 
493 1002824813 
494 989913862 
495 968649536 
496 968251477 
497 968014221 
498 967998208 
499 967934217 
500 967865539 
501 967687946 
502 967587172 
503 967574719 
504 967170583 
505 966945933 
506 966929145 
507 966916121 
508 966845873 
509 966652736 
510 966612801 
511 965954081 
512 965778438 
513 964386012 
514 964382430 
515 964379316 
516 964362610 
517 964343570 
518 964187863 
519 964080997 
520 963931738 
521 963789697 
522 963781691 
523 963618677 
524 963600856 
525 963574858 
526 963552018 
527 963546765 
528 963537782 
529 963520804 
530 949215510 
531 948809375 
532 948533243 
533 948433568 
534 948398814 
535 948391452 
536 947903123 
537 947891796 
538 944685361 
539 942798655 
540 942688335 
541 942656743 
542 942601234 
543 942585901 
544 942578917 
545 942577662 
546 942316123 
547 942309571 
548 942287712 
549 942203924 
550 942193436 
551 942155501 
552 941926276 
553 941422267 
554 941349376 
555 940825957 
556 940783110 
557 940461612 
558 939934630 
559 939701466 
560 939674684 
561 939111222 
562 939045292 
563 938735979 
564 938565698 
565 937680092 
566 937088990 
567 935583468 
568 935393691 
569 934336207 
570 933979175 
571 933548969 
572 933538407 
573 933377085 
574 933146378 
575 933124435 
576 932698378 
577 927693504 
578 927649052 
579 927197727 
580 927155806 
581 926893363 
582 926175710 
583 925684663 
584 925682370 
585 925593709 
586 924557727 
587 924551540 
588 924447885 
589 924054317 
590 923266156 
591 923178572 
592 923134674 
593 923130251 
594 923098184 
595 923063106 
596 921973183 
597 901187795 
598 898385198 
599 898298174 
600 897957381 
601 897952893 
602 897918882 
603 892771844 
604 892541326 
605 892323984 
606 892146325 
607 891981287 
608 891838435 
609 891080694 
610 876955933 
611 876584376 
612 876503306 
613 875894018 
614 875796454 
615 874941364 
616 874879847 
617 874644699 
618 873768752 
619 872254873 
620 872193194 
621 872127540 
622 871951629 
623 871741878 
624 871728084 
625 871403381 
626 870829809 
627 870702342 
628 870700712 
629 869543220 
630 869540438 
631 869083537 
632 869038023 
633 868279623 
634 868252119 
635 867954543 
636 867916532 
637 867576254 
638 867393697 
639 867326975 
640 867086535 
641 866971418 
642 866557303 
643 866336091 
644 866233053 
645 866209897 
646 863633370 
647 862895926 
648 862497110 
649 862203464 
650 862144145 
651 862132398 
652 862123959 
653 862072817 
654 861596450 
655 861359279 
656 861308274 
657 861078497 
658 860920868 
659 860599672 
660 860481585 
661 860430988 
662 860314130 
663 859087884 
664 859019569 
665 858426791 
666 857922908 
667 857656962 
668 857632983 
669 856999992 
670 849894507 
671 849079253 
672 848944171 
673 848911136 
674 848911091 
675 848810566 
676 848567193 
677 848498630 
678 848493448 
679 847958082 
680 847939332 
681 847921151 
682 847920683 
683 847913670 
684 847504647 
685 847495933 
686 847255864 
687 846415356 
688 846287229 
689 846281021 
690 846221358 
691 846204634 
692 846166186 
693 845603367 
694 844580890 
695 844564367 
696 843307575 
697 843301066 
698 842930095 
699 842462479 
700 842226216 
701 842208368 
702 842203756 
703 840926561 
704 840910262 
705 840878858 
706 840469014 
707 839492433 
708 838780600 
709 838683462 
710 837630461 
711 837594904 
712 837461760 
713 837299021 
714 837043164 
715 834925584 
716 834902768 
717 834901382 
718 834884952 
719 834877427 
720 834851415 
721 834609425 
722 834562211 
723 834116254 
724 830373949 
725 829763393 
726 829131641 
727 804562284 
728 804488977 
729 804482827 
730 804463886 
731 804367477 
732 804295432 
733 803911243 
734 803705090 
735 803006047 
736 802918878 
737 802753322 
738 802749941 
739 802651178 
740 802308993 
741 802119099 
742 801878454 
743 801634375 
744 800942063 
745 800805859 
746 800697643 
747 800607828 
748 800385590 
749 800385273 
750 800151771 
751 799985194 
752 799755050 
753 799449215 
754 789275068 
755 784849316 
756 782733314 
757 779121157 
758 778922815 
759 778796894 
760 778677309 
761 778061852 
762 778059158 
763 777998479 
764 777728787 
765 777523229 
766 777350312 
767 777004434 
768 776615410 
769 776603776 
770 776592243 
771 776500554 
772 776063169 
773 776044022 
774 776014601 
775 775609888 
776 775599121 
777 775564299 
778 775562731 
779 775550455 
780 775513287 
781 775493150 
782 775483690 
783 775462454 
784 775224529 
785 775210278 
786 775114541 
787 774884617 
788 774227798 
789 773052488 
790 772937744 
791 772511547 
792 772417577 
793 772416901 
794 771396083 
795 770829764 
796 770347048 
797 770336719 
798 769646565 
799 769541386 
800 769067115 
801 769042715 
802 768767006 
803 768262876 
804 767518061 
805 767445659 
806 767003308 
807 765365096 
808 762548643 
809 762132782 
810 762070871 
811 761797656 
812 761508902 
813 761373715 
814 761275746 
815 760870787 
816 760831500 
817 760800018 
818 760645908 
819 760630972 
820 760099744 
821 759029256 
822 758995452 
823 758983210 
824 758780771 
825 758660573 
826 758605096 
827 758513567 
828 758350815 
829 757969707 
830 757489306 
831 757291212 
832 757200583 
833 756893301 
834 756729575 
835 756599615 
836 756371340 
837 754979414 
838 754495134 
839 754486286 
840 754269899 
841 754190085 
842 754155779 
843 753703885 
844 753559486 
845 753418164 
846 753292967 
847 751699272 
848 751679304 
849 751668817 
850 751650929 
851 751372427 
852 750706830 
853 750164897 
854 750154606 
855 750142984 
856 750091602 
857 750084111 
858 750072505 
859 750069566 
860 749940717 
861 749700270 
862 749685561 
863 749680283 
864 749522449 
865 748319910 
866 748170459 
867 747619072 
868 747614350 
869 747595870 
870 747571729 
871 747159834 
872 746452319 
873 746443363 
874 746440050 
875 746393222 
876 746161296 
877 746032883 
878 745896244 
879 745481336 
880 745439834 
881 745360952 
882 745319346 
883 745312933 
884 744921251 
885 744919593 
886 744581171 
887 744557616 
888 744485279 
889 744446230 
890 744443450 
891 744437037 
892 744385936 
893 743653045 
894 743048683 
895 743020294 
896 742952280 
897 742745833 
898 742560224 
899 742418799 
900 742414733 
901 742334280 
902 741615624 
903 741601732 
904 741311885 
905 740904109 
906 740820790 
907 740201819 
908 739823930 
909 739735663 
910 739715332 
911 739506316 
912 739501678 
913 739406068 
914 739139470 
915 739058460 
916 739054109 
917 739049275 
918 739034764 
919 739031594 
920 738540188 
921 738194913 
922 738047655 
923 737989907 
924 737837884 
925 737580334 
926 737495993 
927 736420079 
928 736399450 
929 736370867 
930 736271058 
931 735474872 
932 735280711 
933 734442317 
934 733943501 
935 733940562 
936 733391960 
937 733306939 
938 732988650 
939 732866655 
940 732752777 
941 732747797 
942 732726290 
943 732723275 
944 732715192 
945 732664071 
946 732653629 
947 732570057 
948 732567042 
949 732567042 

