0 2215656 
1 2214906 
2 2213312 
3 2211660 
4 2208696 
5 2207532 
6 2207474 
7 2206944 
8 2204690 
9 2203416 
10 2194346 
11 2193200 
12 2191120 
13 2189662 
14 2187458 
15 2186542 
16 2186288 
17 2184136 
18 2183406 
19 2181910 
20 2180002 
21 2179726 
22 2178276 
23 2175956 
24 2175680 
25 2173414 
26 2173016 
27 2171968 
28 2171524 
29 2171212 
30 2170874 
31 2169580 
32 2168862 
33 2168846 
34 2168204 
35 2162076 
36 2161828 
37 2157816 
38 2156680 
39 2154956 
40 2154374 
41 2152328 
42 2150744 
43 2148460 
44 2148458 
45 2146214 
46 2145476 
47 2144014 
48 2143158 
49 2140282 
50 2136856 
51 2135062 
52 2131938 
53 2130848 
54 2127822 
55 2124500 
56 2123000 
57 2121844 
58 2121840 
59 2121288 
60 2116780 
61 2115486 
62 2115182 
63 2114004 
64 2113016 
65 2112386 
66 2111648 
67 2104904 
68 2103580 
69 2100174 
70 2099824 
71 2099132 
72 2099124 
73 2098400 
74 2096094 
75 2092052 
76 2091930 
77 2090544 
78 2089180 
79 2088780 
80 2088746 
81 2088202 
82 2088082 
83 2086338 
84 2086082 
85 2082578 
86 2079688 
87 2078744 
88 2075636 
89 2075018 
90 2074074 
91 2073062 
92 2072774 
93 2070486 
94 2066790 
95 2065782 
96 2065736 
97 2064576 
98 2055388 
99 2054354 
100 2049926 
101 2047648 
102 2045236 
103 2044790 
104 2042876 
105 2041632 
106 2038904 
107 2038528 
108 2031776 
109 2029550 
110 2029050 
111 2026018 
112 2024226 
113 2022866 
114 2021476 
115 2018514 
116 2011112 
117 2010948 
118 2010406 
119 2004764 
120 2001594 
121 2001432 
122 2001264 
123 2000814 
124 1995728 
125 1991150 
126 1988420 
127 1986788 
128 1985446 
129 1979432 
130 1977874 
131 1975722 
132 1974758 
133 1974530 
134 1973068 
135 1971558 
136 1970440 
137 1966204 
138 1964406 
139 1964270 
140 1962220 
141 1962056 
142 1958432 
143 1955806 
144 1954782 
145 1953084 
146 1949880 
147 1947336 
148 1940010 
149 1936854 
150 1935760 
151 1933220 
152 1931626 
153 1929672 
154 1924600 
155 1921846 
156 1921100 
157 1919576 
158 1919496 
159 1918580 
160 1914894 
161 1910794 
162 1906996 
163 1906474 
164 1904736 
165 1904082 
166 1903256 
167 1902716 
168 1888272 
169 1881744 
170 1881744 

