0 2180038 
1 2179964 
2 2178674 
3 2178640 
4 2176670 
5 2169322 
6 2168704 
7 2165172 
8 2164028 
9 2159256 
10 2153396 
11 2152846 
12 2152836 
13 2150684 
14 2150188 
15 2149356 
16 2147522 
17 2147308 
18 2144598 
19 2144284 
20 2143994 
21 2143312 
22 2142024 
23 2140108 
24 2137500 
25 2135508 
26 2132830 
27 2131616 
28 2131330 
29 2130290 
30 2130058 
31 2127532 
32 2125512 
33 2125102 
34 2121842 
35 2121192 
36 2115580 
37 2114280 
38 2109202 
39 2109150 
40 2109052 
41 2108768 
42 2107364 
43 2104608 
44 2099532 
45 2099228 
46 2098062 
47 2097794 
48 2097432 
49 2095218 
50 2095148 
51 2090128 
52 2088386 
53 2088022 
54 2087892 
55 2087414 
56 2081588 
57 2081370 
58 2080692 
59 2079284 
60 2077894 
61 2072164 
62 2070910 
63 2068522 
64 2068456 
65 2065782 
66 2065076 
67 2062246 
68 2061364 
69 2061194 
70 2059850 
71 2058936 
72 2057408 
73 2056116 
74 2054716 
75 2054066 
76 2051660 
77 2051526 
78 2049278 
79 2046984 
80 2046742 
81 2046390 
82 2043878 
83 2042292 
84 2040996 
85 2039842 
86 2037272 
87 2026242 
88 2025976 
89 2017094 
90 2014232 
91 2013828 
92 2012598 
93 2008734 
94 2007254 
95 2006796 
96 2004174 
97 2003486 
98 2003386 
99 1998954 
100 1997052 
101 1994706 
102 1992152 
103 1989114 
104 1985922 
105 1985602 
106 1982170 
107 1980438 
108 1976758 
109 1974854 
110 1974788 
111 1974180 
112 1965588 
113 1964366 
114 1960196 
115 1959842 
116 1959290 
117 1959190 
118 1951140 
119 1949726 
120 1947968 
121 1943578 
122 1943078 
123 1938686 
124 1938480 
125 1936456 
126 1932926 
127 1925010 
128 1923840 
129 1922270 
130 1921328 
131 1916376 
132 1911978 
133 1909926 
134 1909030 
135 1903668 
136 1903618 
137 1903596 
138 1903518 
139 1901448 
140 1900484 
141 1897340 
142 1895584 
143 1894046 
144 1889106 
145 1887414 
146 1886182 
147 1878028 
148 1875266 
149 1865640 
150 1858756 
151 1858756 

