0 2170766 
1 2168604 
2 2164794 
3 2163798 
4 2162910 
5 2157682 
6 2157638 
7 2155752 
8 2155132 
9 2153746 
10 2153612 
11 2152178 
12 2150650 
13 2150632 
14 2149768 
15 2148950 
16 2148732 
17 2146428 
18 2145576 
19 2144616 
20 2144244 
21 2144184 
22 2140858 
23 2140270 
24 2139136 
25 2138698 
26 2131932 
27 2129754 
28 2127060 
29 2123698 
30 2120852 
31 2118560 
32 2117662 
33 2115166 
34 2114492 
35 2114400 
36 2112690 
37 2110214 
38 2106728 
39 2105274 
40 2104886 
41 2103870 
42 2102082 
43 2102064 
44 2096302 
45 2095992 
46 2095278 
47 2094642 
48 2093932 
49 2093338 
50 2092314 
51 2092192 
52 2091984 
53 2091594 
54 2090332 
55 2089374 
56 2084520 
57 2082598 
58 2080430 
59 2078482 
60 2076590 
61 2075512 
62 2073522 
63 2070132 
64 2069102 
65 2068452 
66 2066626 
67 2065110 
68 2064662 
69 2064400 
70 2057122 
71 2054432 
72 2053466 
73 2051890 
74 2050784 
75 2048848 
76 2047100 
77 2044402 
78 2042530 
79 2041004 
80 2038388 
81 2034360 
82 2024668 
83 2012378 
84 2009486 
85 2009384 
86 2009258 
87 2006352 
88 2004960 
89 2001518 
90 1997792 
91 1997788 
92 1997752 
93 1995754 
94 1994448 
95 1991522 
96 1988618 
97 1983042 
98 1982242 
99 1979806 
100 1977290 
101 1968120 
102 1966298 
103 1963126 
104 1960370 
105 1957880 
106 1956428 
107 1949690 
108 1944250 
109 1942580 
110 1937646 
111 1935976 
112 1929326 
113 1929184 
114 1925546 
115 1920720 
116 1917624 
117 1908856 
118 1897220 
119 1886064 
120 1884604 
121 1882586 
122 1876164 
123 1873660 
124 1872808 
125 1871096 
126 1871096 

