0 1500158743 
1 1495179367 
2 1464404515 
3 1441008679 
4 1430482500 
5 1430404539 
6 1430039580 
7 1430032239 
8 1427427321 
9 1426542869 
10 1424679843 
11 1424596171 
12 1424591850 
13 1424558092 
14 1424555362 
15 1424533674 
16 1424376953 
17 1424323695 
18 1423299866 
19 1423123511 
20 1423088907 
21 1423083563 
22 1423081349 
23 1422024516 
24 1421901830 
25 1421689028 
26 1420001589 
27 1419595480 
28 1419238995 
29 1418878421 
30 1418044703 
31 1402689413 
32 1401596434 
33 1391374469 
34 1390797499 
35 1389246807 
36 1388551570 
37 1388409604 
38 1388151551 
39 1388040353 
40 1383495490 
41 1377802946 
42 1376989951 
43 1376519602 
44 1376090064 
45 1375323666 
46 1374714764 
47 1374632583 
48 1374609206 
49 1373813015 
50 1373784237 
51 1373496598 
52 1371925060 
53 1371734979 
54 1371291381 
55 1371267246 
56 1371226883 
57 1371163279 
58 1371130815 
59 1371101870 
60 1370801761 
61 1370774621 
62 1370741868 
63 1370591635 
64 1370510672 
65 1370092795 
66 1369983173 
67 1369815716 
68 1369504512 
69 1367216092 
70 1362931532 
71 1362654078 
72 1360473549 
73 1360046968 
74 1360046656 
75 1359885136 
76 1359868398 
77 1359835674 
78 1359815167 
79 1359783668 
80 1359748803 
81 1359564796 
82 1358242789 
83 1341956453 
84 1341292997 
85 1341253179 
86 1341049110 
87 1340425839 
88 1338050158 
89 1331610420 
90 1331358356 
91 1329199231 
92 1328958605 
93 1328866813 
94 1309857483 
95 1309838665 
96 1309836626 
97 1309834726 
98 1309599941 
99 1309336123 
100 1309007343 
101 1308511541 
102 1308482548 
103 1306933722 
104 1306585738 
105 1306521579 
106 1306503025 
107 1303162374 
108 1302699023 
109 1302690757 
110 1302669996 
111 1300429552 
112 1300288569 
113 1300270744 
114 1300199082 
115 1300170960 
116 1300064596 
117 1299820193 
118 1299766991 
119 1299747998 
120 1299581446 
121 1298478737 
122 1298467712 
123 1297692423 
124 1297655471 
125 1296833213 
126 1296822158 
127 1296730391 
128 1296324556 
129 1296318910 
130 1295979806 
131 1295549056 
132 1295546413 
133 1293535801 
134 1293484273 
135 1293459088 
136 1292989409 
137 1292391005 
138 1292377254 
139 1291938553 
140 1291938466 
141 1291938394 
142 1291925427 
143 1291924896 
144 1291907479 
145 1291907392 
146 1291661861 
147 1291503878 
148 1291262028 
149 1291237971 
150 1290972762 
151 1290971274 
152 1290758077 
153 1290632920 
154 1289994821 
155 1279323351 
156 1279235091 
157 1278905659 
158 1278821979 
159 1277950229 
160 1277412949 
161 1277224797 
162 1276754128 
163 1276471330 
164 1265432805 
165 1264958012 
166 1262494767 
167 1262472536 
168 1262154721 
169 1261205329 
170 1259260533 
171 1258996915 
172 1251647660 
173 1251346830 
174 1251264642 
175 1251235574 
176 1251139118 
177 1251130035 
178 1250906132 
179 1250461986 
180 1250218970 
181 1250049271 
182 1249661003 
183 1249654539 
184 1249419101 
185 1248824340 
186 1245057188 
187 1243142770 
188 1229121346 
189 1229004700 
190 1228819460 
191 1228327871 
192 1228203000 
193 1227781828 
194 1227768883 
195 1227624371 
196 1226696515 
197 1226538757 
198 1226198445 
199 1226174105 
200 1225133709 
201 1225133017 
202 1219173260 
203 1218910953 
204 1218893994 
205 1218875667 
206 1218275803 
207 1218269796 
208 1218105668 
209 1218085995 
210 1215255856 
211 1214606326 
212 1214008007 
213 1213855013 
214 1209492940 
215 1209269002 
216 1209255858 
217 1209143161 
218 1208970585 
219 1205768368 
220 1205719821 
221 1205361036 
222 1199920714 
223 1199860086 
224 1196735077 
225 1193604937 
226 1193282733 
227 1193277846 
228 1193228258 
229 1192187491 
230 1192181203 
231 1191933927 
232 1191924794 
233 1191316815 
234 1191312299 
235 1191124585 
236 1190880018 
237 1190876160 
238 1190865678 
239 1189820644 
240 1189281211 
241 1189200386 
242 1189163875 
243 1189131698 
244 1189101534 
245 1189100111 
246 1189041570 
247 1188830137 
248 1188825621 
249 1188656114 
250 1188644331 
251 1188633222 
252 1188528676 
253 1188524056 
254 1185160633 
255 1184868149 
256 1184738250 
257 1184547792 
258 1184485445 
259 1184295238 
260 1182644867 
261 1182400278 
262 1181922220 
263 1181852770 
264 1181341236 
265 1181228223 
266 1180798421 
267 1180770303 
268 1152206228 
269 1152046204 
270 1139921663 
271 1138011438 
272 1137966248 
273 1137915377 
274 1137384386 
275 1137242853 
276 1137116467 
277 1137099643 
278 1137067912 
279 1137025814 
280 1137020995 
281 1137014956 
282 1136944074 
283 1136934006 
284 1136210172 
285 1133709980 
286 1133696473 
287 1133689614 
288 1133650422 
289 1133488693 
290 1133475772 
291 1133346816 
292 1130449972 
293 1130320514 
294 1130306202 
295 1129979698 
296 1129974492 
297 1129241473 
298 1121417587 
299 1121030505 
300 1120893511 
301 1120883263 
302 1120781639 
303 1120575977 
304 1119657051 
305 1119650554 
306 1119642107 
307 1119332854 
308 1118593535 
309 1118545635 
310 1118442728 
311 1118274125 
312 1118203408 
313 1114810842 
314 1114598345 
315 1114258523 
316 1113454001 
317 1113408801 
318 1110849244 
319 1110828156 
320 1110718714 
321 1110634826 
322 1110581389 
323 1110565955 
324 1110073847 
325 1110043240 
326 1110035229 
327 1109948824 
328 1109762661 
329 1109649775 
330 1109634855 
331 1106977873 
332 1106444136 
333 1106425047 
334 1106422791 
335 1106163084 
336 1104986460 
337 1104971979 
338 1104956204 
339 1104531799 
340 1104519416 
341 1104163435 
342 1103756499 
343 1103730419 
344 1103711983 
345 1102957551 
346 1102677313 
347 1102135770 
348 1102128619 
349 1102083742 
350 1099616194 
351 1099592759 
352 1098768316 
353 1093736642 
354 1093492774 
355 1090784049 
356 1090370523 
357 1090360888 
358 1090241323 
359 1083465965 
360 1083124346 
361 1083033016 
362 1082969496 
363 1082765569 
364 1082752746 
365 1082682307 
366 1082640999 
367 1082626370 
368 1082557054 
369 1078775337 
370 1078428870 
371 1071196441 
372 1070779438 
373 1070765837 
374 1049454813 
375 1022431019 
376 1022401414 
377 1022381110 
378 1022246969 
379 1021110944 
380 1019868836 
381 1006502294 
382 1006425216 
383 1005758110 
384 1005564752 
385 1005551010 
386 1005405617 
387 1005374002 
388 1004626159 
389 1004303743 
390 1004023695 
391 1004007156 
392 1002249191 
393 980831106 
394 979480436 
395 978865921 
396 978685056 
397 978644512 
398 978561772 
399 978327393 
400 978177816 
401 977410898 
402 977150906 
403 976885087 
404 976107656 
405 975681350 
406 974730305 
407 974719668 
408 974713631 
409 974679629 
410 974673491 
411 966958195 
412 964316379 
413 959433038 
414 959301989 
415 958946965 
416 958942500 
417 958600309 
418 958388410 
419 958361002 
420 957470963 
421 957451136 
422 957442305 
423 957410671 
424 957405793 
425 957137974 
426 956813165 
427 956292215 
428 956069293 
429 955568532 
430 955561172 
431 955146939 
432 955087602 
433 954889283 
434 954369852 
435 954360214 
436 953124238 
437 952699061 
438 951897773 
439 951748726 
440 951720815 
441 950225286 
442 948374391 
443 946202046 
444 945891933 
445 945874520 
446 945867331 
447 945840649 
448 945834983 
449 945690212 
450 945483990 
451 945471502 
452 945468730 
453 940328570 
454 937851444 
455 937277570 
456 936433619 
457 936429938 
458 936198864 
459 936193848 
460 936183997 
461 935795253 
462 935728453 
463 934414301 
464 934399306 
465 934053496 
466 934048035 
467 933712084 
468 933698139 
469 933680324 
470 933671145 
471 933650490 
472 933420662 
473 932947239 
474 932665348 
475 932608306 
476 913886388 
477 899969016 
478 899020911 
479 845527084 
480 845459709 
481 820211092 
482 819686518 
483 819675107 
484 819658140 
485 818812292 
486 818512307 
487 817590270 
488 817265500 
489 816955881 
490 815928415 
491 815851145 
492 815792337 
493 815578432 
494 815254815 
495 811339714 
496 808223153 
497 808146387 
498 808139149 
499 808135314 
500 808103876 
501 808101929 
502 808067515 
503 803636978 
504 802710620 
505 802702675 
506 802595743 
507 802568544 
508 802296428 
509 800581975 
510 800572779 
511 800261475 
512 800127817 
513 799120194 
514 795295970 
515 794400226 
516 794324077 
517 794300776 
518 794218733 
519 793856424 
520 793744325 
521 790124220 
522 790073359 
523 790057432 
524 789450047 
525 789207212 
526 789095538 
527 789070576 
528 787841473 
529 787768435 
530 787736018 
531 787671834 
532 737401329 
533 736718135 
534 736684900 
535 734909641 
536 734811834 
537 734281912 
538 733866287 
539 732718425 
540 732083250 
541 729055183 
542 721942444 
543 721759569 
544 721708119 
545 721312605 
546 721309132 
547 721284439 
548 721050022 
549 720887895 
550 720805671 
551 720766567 
552 720517537 
553 720457318 
554 720013730 
555 719963021 
556 719263614 
557 719261435 
558 719259897 
559 719253950 
560 719230943 
561 718991349 
562 718499254 
563 718484547 
564 718319285 
565 718293808 
566 717136804 
567 716841507 
568 716578052 
569 716546583 
570 716069670 
571 716068259 
572 715519959 
573 714991626 
574 714651909 
575 714594224 
576 714590890 
577 714065086 
578 713722931 
579 713717842 
580 712814024 
581 712809420 
582 712758894 
583 711996295 
584 711982838 
585 711976989 
586 711943497 
587 711605441 
588 711434480 
589 711128389 
590 711032134 
591 710889524 
592 710165336 
593 710049610 
594 709852116 
595 709828721 
596 709588264 
597 709557361 
598 709218043 
599 708913839 
600 708743236 
601 708725992 
602 708389157 
603 708388686 
604 708252603 
605 708243939 
606 708057176 
607 707766763 
608 706571736 
609 706567234 
610 706148605 
611 706137704 
612 706056569 
613 705407139 
614 705382425 
615 705322385 
616 705272113 
617 704835879 
618 704391671 
619 704382193 
620 703826039 
621 703823494 
622 703133929 
623 703124207 
624 703121529 
625 702547551 
626 702007867 
627 702007045 
628 701813481 
629 701616018 
630 701609750 
631 698690377 
632 698665922 
633 698490804 
634 697414883 
635 697414727 
636 697409980 
637 697396401 
638 696924395 
639 696476680 
640 696375350 
641 696039613 
642 695643647 
643 695626860 
644 695441198 
645 695302301 
646 695262181 
647 695069079 
648 694969900 
649 694964507 
650 694730952 
651 694577846 
652 694275580 
653 693809992 
654 693749066 
655 693343936 
656 693269706 
657 692496175 
658 691458699 
659 691198215 
660 691151678 
661 691141395 
662 691010655 
663 691000372 
664 690701430 
665 689930294 
666 689441606 
667 689002618 
668 688694711 
669 688660178 
670 688658614 
671 688593873 
672 688028120 
673 687928861 
674 687906594 
675 687888053 
676 687826576 
677 686118211 
678 686115583 
679 685738806 
680 685730307 
681 685717301 
682 685032119 
683 685024745 
684 684655839 
685 684573623 
686 684569352 
687 684303056 
688 684302932 
689 684153646 
690 683890314 
691 683747027 
692 683662899 
693 683578855 
694 683226805 
695 683081951 
696 682794901 
697 682774583 
698 682695376 
699 682692298 
700 682677047 
701 682050120 
702 682018699 
703 681968835 
704 681880967 
705 681523257 
706 681497294 
707 681277645 
708 681221308 
709 680997395 
710 680482022 
711 680465650 
712 679905018 
713 679826741 
714 679818582 
715 679636004 
716 679207773 
717 679135530 
718 679090423 
719 678790412 
720 678662132 
721 678253328 
722 678155858 
723 677683216 
724 677578864 
725 676743892 
726 675768733 
727 675765872 
728 675765872 

