0 1327821867 
1 1300818317 
2 1290408235 
3 1287911138 
4 1285483283 
5 1280315869 
6 1277813620 
7 1275813683 
8 1274735272 
9 1274559739 
10 1273090547 
11 1272850763 
12 1270057118 
13 1269900794 
14 1269839126 
15 1269688162 
16 1266519855 
17 1262038468 
18 1261839447 
19 1261833414 
20 1261830769 
21 1261830369 
22 1261552814 
23 1261518511 
24 1261516303 
25 1261296736 
26 1250367805 
27 1249599167 
28 1249554670 
29 1249379721 
30 1249066177 
31 1248965395 
32 1248079683 
33 1247768527 
34 1247685099 
35 1247648101 
36 1246562570 
37 1246072460 
38 1244949165 
39 1244896123 
40 1244879773 
41 1244849672 
42 1244639871 
43 1244589693 
44 1243760669 
45 1243750981 
46 1243734662 
47 1243309304 
48 1243296660 
49 1242868647 
50 1242815747 
51 1242733876 
52 1242016556 
53 1241993017 
54 1241962414 
55 1241948455 
56 1241477515 
57 1241409295 
58 1241397882 
59 1241273897 
60 1238946420 
61 1238722558 
62 1238721311 
63 1238714536 
64 1238709324 
65 1238360200 
66 1237199943 
67 1237137220 
68 1236922021 
69 1236894158 
70 1236190639 
71 1234463761 
72 1234351863 
73 1234061058 
74 1234047616 
75 1234021862 
76 1233745228 
77 1233082193 
78 1232804496 
79 1230941059 
80 1230922837 
81 1230549902 
82 1230533379 
83 1230460870 
84 1229217196 
85 1228479010 
86 1228260997 
87 1228092902 
88 1228004512 
89 1227861914 
90 1227701013 
91 1227690392 
92 1227685524 
93 1227680493 
94 1226719753 
95 1226693863 
96 1226604245 
97 1225910998 
98 1225653981 
99 1225026502 
100 1223651258 
101 1223612169 
102 1223103655 
103 1223090437 
104 1223030154 
105 1217411123 
106 1217036065 
107 1216756151 
108 1216454961 
109 1216303651 
110 1216202252 
111 1216169951 
112 1216056634 
113 1215868539 
114 1215519155 
115 1215123598 
116 1215103762 
117 1215035917 
118 1213397286 
119 1209530992 
120 1208988700 
121 1208718935 
122 1208451652 
123 1208440488 
124 1203299103 
125 1203019709 
126 1202783999 
127 1202782829 
128 1202550305 
129 1202523618 
130 1202523016 
131 1202015715 
132 1201617548 
133 1201608724 
134 1201590608 
135 1201391465 
136 1201373957 
137 1197370064 
138 1195828666 
139 1195756351 
140 1195050762 
141 1193331428 
142 1192841008 
143 1192397696 
144 1192271586 
145 1191977378 
146 1191616184 
147 1188522224 
148 1188468105 
149 1156670394 
150 1156647685 
151 1156475257 
152 1156444246 
153 1155878560 
154 1155406612 
155 1155391811 
156 1155383885 
157 1155356640 
158 1155349885 
159 1155313365 
160 1155255135 
161 1154025541 
162 1153379238 
163 1150764052 
164 1150716269 
165 1150205709 
166 1150204695 
167 1150100680 
168 1149622504 
169 1149288196 
170 1148881072 
171 1148693439 
172 1148673847 
173 1148489565 
174 1148294124 
175 1136109003 
176 1135839177 
177 1135184920 
178 1134614354 
179 1133647548 
180 1133402325 
181 1131818526 
182 1130855240 
183 1128887356 
184 1128689153 
185 1128314771 
186 1127660206 
187 1127554994 
188 1126860881 
189 1123604521 
190 1123543839 
191 1123427946 
192 1123283724 
193 1123106110 
194 1119589975 
195 1119355703 
196 1119350198 
197 1119335614 
198 1119142979 
199 1119030463 
200 1119006643 
201 1118962611 
202 1118898840 
203 1118882707 
204 1118858871 
205 1118829737 
206 1118824232 
207 1118808704 
208 1118245023 
209 1117856639 
210 1117836021 
211 1117834473 
212 1117782963 
213 1117744940 
214 1116969450 
215 1116862259 
216 1116807372 
217 1116143030 
218 1114395308 
219 1113562403 
220 1112265984 
221 1111757901 
222 1111756174 
223 1111722896 
224 1111625943 
225 1111614583 
226 1110327942 
227 1110159650 
228 1110159288 
229 1110126112 
230 1109950525 
231 1109448473 
232 1109415171 
233 1108609966 
234 1092644751 
235 1092629704 
236 1092558607 
237 1091683344 
238 1086449743 
239 1086364769 
240 1086143783 
241 1086075829 
242 1086059180 
243 1085889010 
244 1085704205 
245 1085605975 
246 1085373333 
247 1085286845 
248 1085225611 
249 1085219776 
250 1085217443 
251 1084549670 
252 1082401398 
253 1082292122 
254 1082267535 
255 1076083097 
256 1076011024 
257 1075806637 
258 1070879462 
259 1069959256 
260 1069806381 
261 1068780741 
262 1051538092 
263 1050790153 
264 1049559347 
265 1049422590 
266 1048819670 
267 1048269246 
268 1048020215 
269 1047774795 
270 1047568748 
271 1047547852 
272 1047540765 
273 1047529475 
274 1047472806 
275 1047365150 
276 1046922769 
277 1045480439 
278 1045448952 
279 1045438972 
280 1045411205 
281 1045393564 
282 1045370316 
283 1037174848 
284 1035641788 
285 1035337570 
286 1034918373 
287 1034881989 
288 1034869727 
289 1034704818 
290 1034688659 
291 1034686641 
292 1034537540 
293 1034521283 
294 1034422585 
295 1034222985 
296 1034176658 
297 1034052106 
298 1033588164 
299 1033557834 
300 1032322669 
301 1024416193 
302 1021623554 
303 1021476433 
304 1020932294 
305 1020926529 
306 1020904987 
307 1020867650 
308 1020762639 
309 1020758405 
310 1020152422 
311 1020021422 
312 1019798628 
313 1019564150 
314 1019153671 
315 1018919343 
316 1018906230 
317 1018505236 
318 1018499769 
319 1018433526 
320 1018429649 
321 1018241199 
322 1018130429 
323 1018101244 
324 1018015990 
325 1017768498 
326 1017728555 
327 1017048574 
328 1013363622 
329 1012667393 
330 1012655676 
331 1012639333 
332 1012632801 
333 1012621375 
334 1012613137 
335 1012602656 
336 1012602648 
337 1012575836 
338 1012318037 
339 1011811280 
340 1011487607 
341 1010757200 
342 1010735590 
343 1010710352 
344 1010597055 
345 1010585023 
346 1010211808 
347 1009650504 
348 1008646051 
349 1008636579 
350 1008619586 
351 1008521727 
352 1008352101 
353 1008079958 
354 1008028249 
355 1007148615 
356 1007138262 
357 1007136000 
358 1007133088 
359 1007003451 
360 1006576982 
361 1006509180 
362 1005495700 
363 1005478578 
364 1005218240 
365 1005201324 
366 1005200886 
367 1004762604 
368 1004701432 
369 1004124274 
370 1003855670 
371 1003486131 
372 1003485578 
373 1003127211 
374 1002861776 
375 1002845569 
376 1002271163 
377 1001909832 
378 1000553055 
379 1000446628 
380 1000202566 
381 991841492 
382 991367581 
383 991334954 
384 991233485 
385 990810400 
386 990775451 
387 990699101 
388 988590538 
389 988551747 
390 987944035 
391 987896482 
392 987896011 
393 987879921 
394 987584066 
395 987568735 
396 987562299 
397 987534711 
398 987477897 
399 987463611 
400 987242278 
401 987240296 
402 987196938 
403 987122632 
404 985864521 
405 979709597 
406 979696130 
407 979575640 
408 978784288 
409 978780106 
410 978009099 
411 967110276 
412 963312194 
413 963301594 
414 963264052 
415 963258609 
416 963249534 
417 963235864 
418 963135754 
419 962937775 
420 962455135 
421 962421784 
422 943057834 
423 942943972 
424 942737512 
425 942734916 
426 942596144 
427 942588514 
428 942577366 
429 942558546 
430 942551070 
431 942465187 
432 942330683 
433 942276792 
434 942241454 
435 941582650 
436 941409314 
437 940731802 
438 933064551 
439 933045715 
440 917386749 
441 909343563 
442 908936432 
443 908375752 
444 908263557 
445 907826833 
446 907711262 
447 907689276 
448 907682544 
449 907673590 
450 907533133 
451 907480175 
452 907373993 
453 907253740 
454 906780315 
455 906586153 
456 905902656 
457 905692431 
458 905506520 
459 902536415 
460 902383447 
461 902373616 
462 902370972 
463 902328395 
464 902327646 
465 902026464 
466 901108282 
467 901102739 
468 901064745 
469 900793382 
470 896535600 
471 896143706 
472 896017138 
473 895365793 
474 894974478 
475 894961929 
476 894689565 
477 894409125 
478 894331379 
479 893821595 
480 893219228 
481 893171178 
482 892535383 
483 892465215 
484 892370045 
485 891393764 
486 891300520 
487 890936892 
488 890935228 
489 890156990 
490 890101870 
491 889810518 
492 889798351 
493 888464576 
494 887285555 
495 887218318 
496 886359422 
497 886328775 
498 886240469 
499 886235728 
500 885657101 
501 884677616 
502 862011065 
503 860638113 
504 860484206 
505 860437456 
506 860339150 
507 860070589 
508 859838208 
509 857946599 
510 854474368 
511 853063133 
512 852953109 
513 852927653 
514 852757259 
515 848906050 
516 848885667 
517 847364612 
518 847340044 
519 846696645 
520 846634180 
521 846629379 
522 846328977 
523 846326757 
524 845938699 
525 845902499 
526 845658504 
527 845081912 
528 844729397 
529 843778896 
530 843204246 
531 842210853 
532 842112578 
533 841663867 
534 841653740 
535 841649578 
536 841634198 
537 841460955 
538 841316737 
539 841303639 
540 840961115 
541 840855452 
542 840552162 
543 840515767 
544 840231300 
545 840208412 
546 840120331 
547 840111360 
548 840018619 
549 839993172 
550 839956987 
551 838494903 
552 838455216 
553 838436454 
554 838427119 
555 838352935 
556 837585918 
557 837499744 
558 837256867 
559 835243528 
560 834878662 
561 834862987 
562 834742908 
563 834524981 
564 834380440 
565 834075890 
566 833765877 
567 833724038 
568 833488341 
569 833439266 
570 833425396 
571 833425393 
572 833371213 
573 833320749 
574 833316904 
575 832933444 
576 832688980 
577 832441215 
578 831978057 
579 831113191 
580 831111882 
581 831096839 
582 830763243 
583 829470820 
584 826365810 
585 826085799 
586 826083440 
587 825635052 
588 823294590 
589 823253851 
590 822996903 
591 822000675 
592 821426775 
593 821185644 
594 819671512 
595 819043850 
596 818717529 
597 818410945 
598 818392598 
599 818215571 
600 817938400 
601 817651961 
602 817609818 
603 817446815 
604 816866474 
605 816781723 
606 816677468 
607 816018973 
608 815759338 
609 815415134 
610 815049468 
611 814885594 
612 814028900 
613 812989944 
614 812942573 
615 812167526 
616 812099942 
617 811562235 
618 811379124 
619 811243315 
620 811171159 
621 811150329 
622 810630552 
623 810476743 
624 810025744 
625 810021605 
626 810013501 
627 810007482 
628 809850542 
629 791321406 
630 790729899 
631 790687638 
632 789284659 
633 789276648 
634 789266978 
635 789259938 
636 789243076 
637 789233159 
638 788987136 
639 783543666 
640 777717727 
641 777658892 
642 777479025 
643 777316753 
644 777275123 
645 777073308 
646 777062600 
647 777059764 
648 777053441 
649 776608663 
650 769784769 
651 769146930 
652 769139857 
653 769139504 
654 769076984 
655 769067580 
656 768055614 
657 767965392 
658 767915490 
659 767490075 
660 766917167 
661 762224073 
662 762066351 
663 762052187 
664 761636775 
665 761478487 
666 761306633 
667 761301907 
668 761298557 
669 761294614 
670 761270735 
671 761260069 
672 761256478 
673 760811338 
674 760122866 
675 760079625 
676 760068704 
677 760045948 
678 759883993 
679 759281315 
680 758868950 
681 758058485 
682 749184327 
683 748692699 
684 748040041 
685 748006689 
686 747976814 
687 747302568 
688 747233708 
689 747068682 
690 746253948 
691 745992650 
692 745967986 
693 745918384 
694 745909327 
695 745846208 
696 742063842 
697 742060789 
698 740255006 
699 739205604 
700 738097975 
701 738062718 
702 736956508 
703 736866632 
704 736851658 
705 736611807 
706 736584963 
707 736580247 
708 736571888 
709 735253756 
710 734828696 
711 734312503 
712 733981156 
713 733972503 
714 733673948 
715 733657660 
716 733577142 
717 732986688 
718 732933665 
719 732509444 
720 731442695 
721 731160824 
722 730149673 
723 721833631 
724 713451532 
725 713441586 
726 713406249 
727 713327008 
728 713228932 
729 713219360 
730 711932451 
731 711925741 
732 711441158 
733 711430614 
734 711171155 
735 711086600 
736 711021046 
737 710630672 
738 710591090 
739 710573085 
740 710565678 
741 710230846 
742 709783555 
743 709760979 
744 709388209 
745 708832189 
746 708808068 
747 707860041 
748 707846332 
749 707484096 
750 707482304 
751 707393611 
752 707386918 
753 706943882 
754 706941330 
755 706568321 
756 705443152 
757 705364172 
758 705344597 
759 705277261 
760 705053067 
761 703660259 
762 703641399 
763 703060274 
764 703055297 
765 702953976 
766 702851579 
767 702634925 
768 702632888 
769 702217538 
770 702102620 
771 702098143 
772 701774106 
773 701490437 
774 701483575 
775 701480316 
776 701464085 
777 701071636 
778 701036886 
779 700425676 
780 699947035 
781 699799304 
782 699566573 
783 699462232 
784 699450707 
785 699397435 
786 694106936 
787 694086455 
788 694082314 
789 693928997 
790 693779142 
791 689952756 
792 689808401 
793 689502685 
794 688798064 
795 688319553 
796 688159401 
797 687480575 
798 687245426 
799 687173102 
800 686347217 
801 686180126 
802 685758829 
803 685620678 
804 685448118 
805 685184504 
806 684508929 
807 683515122 
808 683102405 
809 681786804 
810 680133298 
811 679878027 
812 679433096 
813 678522014 
814 678504924 
815 678492321 
816 678269901 
817 678097264 
818 678012254 
819 677456848 
820 677449108 
821 677322098 
822 677226734 
823 676844652 
824 676748020 
825 676608251 
826 676228777 
827 675920405 
828 675918229 
829 675905149 
830 675839434 
831 675578415 
832 674989493 
833 674234407 
834 674124232 
835 673861853 
836 673386754 
837 672171447 
838 671842607 
839 671415937 
840 671240462 
841 671122001 
842 670962905 
843 670715424 
844 669244753 
845 668816801 
846 668689680 
847 668421962 
848 668419504 
849 668317889 
850 668016187 
851 667737113 
852 666153878 
853 665953454 
854 665777876 
855 665712642 
856 665605841 
857 665597962 
858 665033499 
859 665031041 
860 664602531 
861 664398379 
862 664383938 
863 664249214 
864 664051391 
865 663985949 
866 663565252 
867 663494530 
868 663126143 
869 663125815 
870 662741262 
871 662724691 
872 662496561 
873 662448700 
874 662448700 

