0 1327873822 
1 1326751114 
2 1324024028 
3 1309776325 
4 1303950143 
5 1285990676 
6 1284873748 
7 1284589985 
8 1284283895 
9 1283876896 
10 1283608097 
11 1240632253 
12 1240259337 
13 1240237027 
14 1240011754 
15 1238073248 
16 1238037094 
17 1238012171 
18 1237218644 
19 1236829865 
20 1236776306 
21 1236698647 
22 1236687210 
23 1236576717 
24 1234323909 
25 1234295987 
26 1233889305 
27 1230072706 
28 1226956022 
29 1226460352 
30 1226136103 
31 1225983623 
32 1224980428 
33 1224532100 
34 1223773883 
35 1223669109 
36 1222644647 
37 1222250830 
38 1221514036 
39 1221506827 
40 1221119711 
41 1221100629 
42 1221008947 
43 1220399673 
44 1220181674 
45 1220169475 
46 1220147204 
47 1220146024 
48 1220111102 
49 1219613909 
50 1216903090 
51 1216901592 
52 1216889683 
53 1216886545 
54 1210128292 
55 1201981145 
56 1201646714 
57 1176405585 
58 1175674368 
59 1174561905 
60 1174515811 
61 1174497837 
62 1174494013 
63 1174477170 
64 1174304498 
65 1174296697 
66 1173695383 
67 1173580212 
68 1173416022 
69 1173311617 
70 1172988761 
71 1172865678 
72 1172303477 
73 1172274598 
74 1172273363 
75 1172172290 
76 1164184113 
77 1162861861 
78 1161688624 
79 1161671008 
80 1161600667 
81 1160406615 
82 1160386338 
83 1160382539 
84 1160364194 
85 1160259511 
86 1159929667 
87 1159795247 
88 1159638334 
89 1159231621 
90 1159222291 
91 1159149210 
92 1158614797 
93 1158476084 
94 1158463312 
95 1158415886 
96 1158377516 
97 1157000377 
98 1156992397 
99 1156745754 
100 1156620015 
101 1156579275 
102 1156379784 
103 1156309932 
104 1156015195 
105 1155453639 
106 1155429154 
107 1155279745 
108 1155259614 
109 1149239683 
110 1147712339 
111 1146799448 
112 1146758038 
113 1146632535 
114 1146626684 
115 1146426693 
116 1146328797 
117 1146294199 
118 1145417031 
119 1143417067 
120 1143408722 
121 1142498418 
122 1142317811 
123 1142135660 
124 1142101974 
125 1142075640 
126 1141909270 
127 1141774980 
128 1140340659 
129 1137663153 
130 1136380858 
131 1132035452 
132 1131806592 
133 1131401875 
134 1131262082 
135 1131115798 
136 1130923544 
137 1130879686 
138 1130868771 
139 1130859154 
140 1130848637 
141 1130816191 
142 1130803724 
143 1130663550 
144 1130310641 
145 1130125077 
146 1129777284 
147 1128983744 
148 1128799569 
149 1128666340 
150 1128147976 
151 1128127539 
152 1127728021 
153 1127594855 
154 1121476225 
155 1120572779 
156 1120531298 
157 1116089798 
158 1115221567 
159 1115181849 
160 1114429436 
161 1114422736 
162 1114418625 
163 1114336965 
164 1113303967 
165 1113107035 
166 1110927940 
167 1110806220 
168 1110804575 
169 1110780551 
170 1104439137 
171 1103406797 
172 1103385610 
173 1103360201 
174 1103325217 
175 1103292973 
176 1103247379 
177 1103153976 
178 1102384971 
179 1102165546 
180 1102145063 
181 1102099049 
182 1102042125 
183 1101769626 
184 1101538453 
185 1101538343 
186 1101395363 
187 1100838100 
188 1100825487 
189 1100646013 
190 1100609351 
191 1100430903 
192 1100230907 
193 1099731090 
194 1099372006 
195 1099349057 
196 1099341173 
197 1099304962 
198 1098197050 
199 1098055159 
200 1097938763 
201 1097283009 
202 1097218336 
203 1096984077 
204 1096978658 
205 1096614301 
206 1096469524 
207 1096279918 
208 1096203203 
209 1096203168 
210 1094457489 
211 1094422608 
212 1094248114 
213 1094241523 
214 1094236824 
215 1093813295 
216 1093803447 
217 1093730276 
218 1093708282 
219 1093692091 
220 1093669673 
221 1093666544 
222 1091583479 
223 1090646465 
224 1090645313 
225 1090614261 
226 1090530572 
227 1084064489 
228 1080657652 
229 1080646773 
230 1075228159 
231 1069180207 
232 1067876591 
233 1064482829 
234 1064449572 
235 1063883454 
236 1060273431 
237 1059375673 
238 1058307937 
239 1037744767 
240 1037286097 
241 1037036309 
242 1036857730 
243 1036826570 
244 1036782814 
245 1036754188 
246 1036419985 
247 1036165670 
248 1036164019 
249 1035922116 
250 1035917123 
251 1035916986 
252 1035548353 
253 1035546061 
254 1035467664 
255 1035467304 
256 1035048902 
257 1035023799 
258 1034249762 
259 1034220903 
260 1034163802 
261 1033928383 
262 1023000673 
263 1022083973 
264 1022052910 
265 1022027475 
266 1021998858 
267 1016378742 
268 1016199849 
269 1015805330 
270 1015261970 
271 1014975250 
272 1013333402 
273 1013185976 
274 1013161521 
275 1013131992 
276 1013087155 
277 1012704230 
278 1010435874 
279 1010091596 
280 1009714141 
281 1009499263 
282 1009434431 
283 1009168247 
284 1008478520 
285 1008431627 
286 1007068835 
287 1005678536 
288 1005039050 
289 1004870033 
290 1004804822 
291 1004615891 
292 1004475386 
293 1003954584 
294 1003464113 
295 1001684077 
296 1000756894 
297 1000733328 
298 1000713614 
299 999733665 
300 999722605 
301 999661922 
302 999599289 
303 999423851 
304 998137289 
305 992172128 
306 991986071 
307 991984802 
308 991617883 
309 990696183 
310 990655127 
311 990640760 
312 990147974 
313 990018755 
314 989659486 
315 989639538 
316 989556818 
317 989476586 
318 986509573 
319 984119690 
320 983140487 
321 979371243 
322 979061951 
323 971358670 
324 971239350 
325 970439633 
326 970381006 
327 969280104 
328 969256023 
329 969101417 
330 968844509 
331 967732977 
332 967716267 
333 967559762 
334 966724774 
335 966723461 
336 966673948 
337 966660639 
338 966371659 
339 965293886 
340 964851161 
341 964721439 
342 964079111 
343 963731133 
344 963414985 
345 963407944 
346 963400991 
347 963369541 
348 963360156 
349 963279109 
350 963266703 
351 963247965 
352 961197038 
353 961104320 
354 961084812 
355 960844723 
356 959899009 
357 959547964 
358 959515683 
359 959340594 
360 959339809 
361 959196772 
362 959164471 
363 958898509 
364 958731274 
365 958585856 
366 958495288 
367 958294364 
368 954946142 
369 954322246 
370 953482485 
371 929931630 
372 929399889 
373 929331231 
374 929258146 
375 929104282 
376 929081030 
377 928736075 
378 928338819 
379 928335052 
380 925142461 
381 923904528 
382 923855023 
383 923632646 
384 923484665 
385 923388511 
386 923376400 
387 923319457 
388 922323956 
389 911550407 
390 911374751 
391 910959014 
392 910938075 
393 910933961 
394 910778504 
395 909857433 
396 908629285 
397 908601466 
398 905558389 
399 905069071 
400 905045395 
401 905037213 
402 904035179 
403 903968238 
404 903418731 
405 903402845 
406 903056388 
407 903039241 
408 903019720 
409 902870589 
410 902838343 
411 875841966 
412 873785910 
413 872135387 
414 870161746 
415 860001048 
416 858517344 
417 857690352 
418 856811728 
419 856765337 
420 856506499 
421 855825044 
422 855256354 
423 854984091 
424 853498479 
425 853373495 
426 852697022 
427 852691642 
428 852678911 
429 852669811 
430 852644180 
431 851976495 
432 851788812 
433 851540978 
434 851529844 
435 851524256 
436 851496512 
437 849945431 
438 847390235 
439 847387465 
440 847380411 
441 847298523 
442 847281905 
443 847084279 
444 847036061 
445 846843308 
446 845045112 
447 844882006 
448 844587293 
449 844312300 
450 844277040 
451 842716358 
452 839835735 
453 839773382 
454 839285082 
455 838949964 
456 838935733 
457 838921591 
458 838741491 
459 834766173 
460 834740739 
461 834666263 
462 834607975 
463 834587816 
464 834094169 
465 833803729 
466 833731030 
467 833681328 
468 833667786 
469 833659052 
470 833653489 
471 833631174 
472 833608014 
473 833592059 
474 833584102 
475 832796092 
476 831344580 
477 831337835 
478 830857073 
479 830550930 
480 829610130 
481 829526853 
482 829526834 
483 828977487 
484 828965768 
485 828865199 
486 828720969 
487 828720394 
488 827576896 
489 827572896 
490 826631975 
491 826631331 
492 826578454 
493 826294618 
494 825822788 
495 825795604 
496 825362895 
497 825338832 
498 824143351 
499 796659693 
500 796310126 
501 796306174 
502 795481928 
503 795474082 
504 795227207 
505 795004482 
506 794346623 
507 794084059 
508 793575967 
509 791334205 
510 790606579 
511 790163101 
512 790094016 
513 789996520 
514 789569881 
515 789447223 
516 789438405 
517 789407513 
518 789054908 
519 788787773 
520 788523858 
521 788056691 
522 788056170 
523 787497563 
524 785754470 
525 785713222 
526 785691842 
527 783084667 
528 783083226 
529 782683077 
530 782616665 
531 782301876 
532 782298441 
533 780397909 
534 780227371 
535 779812877 
536 779796734 
537 779657034 
538 779510016 
539 779158634 
540 778663447 
541 778315196 
542 777899135 
543 777842752 
544 777471042 
545 777126394 
546 777123039 
547 777121778 
548 777118753 
549 773852789 
550 773852775 
551 773606859 
552 773586251 
553 773556584 
554 773539946 
555 772752612 
556 772583410 
557 772566542 
558 772484921 
559 772370602 
560 772340310 
561 772338859 
562 772314974 
563 772064817 
564 771916030 
565 771894751 
566 771869888 
567 771725086 
568 771054831 
569 770763657 
570 770529939 
571 770241007 
572 769639051 
573 769399344 
574 769248270 
575 768859660 
576 768655958 
577 768364528 
578 768000413 
579 767761273 
580 767339586 
581 767288398 
582 765857579 
583 765771542 
584 765417606 
585 765345881 
586 765094176 
587 765029765 
588 765001282 
589 764945954 
590 764550413 
591 764415468 
592 753805839 
593 749730598 
594 749635552 
595 749592887 
596 749275620 
597 749240110 
598 749175499 
599 749159602 
600 749047642 
601 748820815 
602 748613863 
603 748466395 
604 748432989 
605 748360088 
606 748208484 
607 748144940 
608 748137472 
609 748129872 
610 748128725 
611 748108325 
612 747996305 
613 747401216 
614 744930631 
615 744915260 
616 740139535 
617 740128911 
618 740094404 
619 740051907 
620 739669377 
621 738866188 
622 738853160 
623 738809633 
624 738673021 
625 738609734 
626 738579773 
627 738527036 
628 738509271 
629 738082700 
630 738065408 
631 737966123 
632 737948324 
633 737854555 
634 737695032 
635 737565296 
636 737564768 
637 737425816 
638 737275227 
639 736443639 
640 736180875 
641 736096350 
642 735887898 
643 735788031 
644 735599826 
645 735582942 
646 734577709 
647 733794210 
648 733792667 
649 733764717 
650 733431096 
651 732975396 
652 732928330 
653 732679919 
654 732523443 
655 732466991 
656 732300057 
657 732184744 
658 732096393 
659 731770186 
660 731588395 
661 731554566 
662 731394051 
663 731253539 
664 730962899 
665 730838856 
666 730566033 
667 730561180 
668 730461161 
669 730457378 
670 730353015 
671 729732043 
672 729633237 
673 729408258 
674 728720718 
675 728716958 
676 728114265 
677 726013736 
678 725938361 
679 725930106 
680 725678945 
681 725678112 
682 725585470 
683 725578451 
684 725003280 
685 724473883 
686 724226860 
687 723354659 
688 723349310 
689 723166884 
690 723164145 
691 723115056 
692 722818191 
693 722812390 
694 722600570 
695 720784679 
696 720685185 
697 720657920 
698 720216780 
699 720102915 
700 719951556 
701 719757120 
702 719678888 
703 718964200 
704 718398053 
705 717765551 
706 717686823 
707 717520842 
708 717331836 
709 717032915 
710 716828297 
711 716138149 
712 715710627 
713 715443158 
714 715432428 
715 715165346 
716 715006407 
717 714989307 
718 714067427 
719 713581830 
720 713568769 
721 713148169 
722 713091944 
723 713045285 
724 712802754 
725 711753158 
726 711632058 
727 711551204 
728 711271657 
729 710725170 
730 710725170 

