0 2223448 
1 2222462 
2 2222376 
3 2222060 
4 2222028 
5 2220594 
6 2217514 
7 2215402 
8 2211688 
9 2208720 
10 2208146 
11 2207366 
12 2205600 
13 2204698 
14 2204616 
15 2203444 
16 2198084 
17 2196822 
18 2196624 
19 2195332 
20 2194930 
21 2194784 
22 2194766 
23 2193656 
24 2193388 
25 2191260 
26 2190218 
27 2190170 
28 2187504 
29 2184304 
30 2183504 
31 2182898 
32 2182736 
33 2179772 
34 2178712 
35 2177754 
36 2177736 
37 2177180 
38 2175318 
39 2174154 
40 2170826 
41 2168452 
42 2167192 
43 2166314 
44 2166138 
45 2165240 
46 2164222 
47 2161538 
48 2160232 
49 2160110 
50 2156324 
51 2155708 
52 2155112 
53 2150858 
54 2148390 
55 2146350 
56 2144162 
57 2141884 
58 2140296 
59 2138800 
60 2135914 
61 2134774 
62 2133890 
63 2130032 
64 2128710 
65 2127998 
66 2127890 
67 2127596 
68 2125964 
69 2125754 
70 2125692 
71 2122720 
72 2120832 
73 2116976 
74 2116212 
75 2112998 
76 2111492 
77 2109226 
78 2106840 
79 2104506 
80 2103818 
81 2099990 
82 2099758 
83 2096802 
84 2095952 
85 2092694 
86 2089724 
87 2087938 
88 2087690 
89 2087600 
90 2084948 
91 2077470 
92 2076890 
93 2074170 
94 2071640 
95 2065212 
96 2065044 
97 2060832 
98 2056490 
99 2049740 
100 2048600 
101 2042048 
102 2038932 
103 2038610 
104 2038402 
105 2034604 
106 2031352 
107 2027458 
108 2025196 
109 2024254 
110 2023934 
111 2019992 
112 2018396 
113 2015398 
114 2014380 
115 2013760 
116 2010598 
117 2009392 
118 2009294 
119 2006602 
120 2004740 
121 1995364 
122 1990204 
123 1990008 
124 1986594 
125 1986340 
126 1986032 
127 1984990 
128 1980694 
129 1980618 
130 1979878 
131 1977862 
132 1972378 
133 1970988 
134 1969126 
135 1963980 
136 1962150 
137 1962120 
138 1961544 
139 1954092 
140 1950614 
141 1949290 
142 1943868 
143 1939688 
144 1933628 
145 1932594 
146 1931296 
147 1928242 
148 1927662 
149 1926704 
150 1926698 
151 1926568 
152 1925014 
153 1924858 
154 1923926 
155 1920258 
156 1919808 
157 1918176 
158 1916302 
159 1913816 
160 1910800 
161 1909756 
162 1905798 
163 1904894 
164 1904612 
165 1904558 
166 1901928 
167 1894976 
168 1887640 
169 1887098 
170 1887098 

