0 1154305094 
1 1116986111 
2 1096938590 
3 1092172111 
4 1085868689 
5 1085259500 
6 1084942326 
7 1083492891 
8 1083202455 
9 1081913294 
10 1081720371 
11 1081693561 
12 1081648918 
13 1081631440 
14 1081539964 
15 1081442006 
16 1081437138 
17 1080588329 
18 1080300909 
19 1080027207 
20 1053186936 
21 1052258023 
22 1052144597 
23 1051988364 
24 1051745992 
25 1051011997 
26 1050885726 
27 1050158743 
28 1049902339 
29 1045849142 
30 1044522699 
31 1044384155 
32 1039784375 
33 1039186091 
34 1037141252 
35 1036673847 
36 1035810143 
37 1035381792 
38 1035083664 
39 1034225816 
40 1034174827 
41 1025197109 
42 1025153062 
43 1025063139 
44 1024796712 
45 1024743850 
46 1024460647 
47 1024342005 
48 1024083427 
49 1024081884 
50 1024069372 
51 1024025061 
52 1023982214 
53 1023805118 
54 1023426611 
55 1023208426 
56 1021970353 
57 1021955384 
58 1021820987 
59 1021639152 
60 1021049024 
61 1021045893 
62 1020911981 
63 1020906914 
64 1020467688 
65 1020423756 
66 1020004962 
67 1019950906 
68 1019902625 
69 1019809094 
70 1019796921 
71 1016221787 
72 987992088 
73 987973670 
74 987971041 
75 987802904 
76 987796136 
77 987793197 
78 987576756 
79 986661436 
80 986644350 
81 986639338 
82 986607321 
83 986081927 
84 986073871 
85 986071444 
86 986062414 
87 985454572 
88 985443316 
89 984142634 
90 981400567 
91 973763891 
92 973313982 
93 972707878 
94 972685500 
95 972587529 
96 972568715 
97 972451243 
98 970697384 
99 970672949 
100 965700045 
101 959415313 
102 959065802 
103 959021994 
104 958604642 
105 958468295 
106 955076080 
107 952207707 
108 952098398 
109 952064459 
110 952013397 
111 951564096 
112 951318781 
113 951313911 
114 951276618 
115 951265306 
116 951255019 
117 951203531 
118 951134013 
119 951128904 
120 951117246 
121 951113487 
122 951002023 
123 950769961 
124 950763339 
125 950761393 
126 950455844 
127 949110529 
128 948907525 
129 948498463 
130 947195706 
131 947178420 
132 947168740 
133 947162739 
134 946403761 
135 943726862 
136 943378749 
137 943341743 
138 943295433 
139 942859379 
140 942854398 
141 942421932 
142 941919756 
143 941744528 
144 941549620 
145 940734730 
146 940519900 
147 940456180 
148 938964079 
149 938956011 
150 938943846 
151 938893648 
152 938888723 
153 938556110 
154 918018511 
155 917857865 
156 917733595 
157 917343732 
158 916962496 
159 916685013 
160 916668110 
161 916654819 
162 916276883 
163 915373836 
164 915289006 
165 915286465 
166 915273585 
167 915272266 
168 915115534 
169 915105905 
170 913999791 
171 908966353 
172 898087613 
173 891354047 
174 890070549 
175 889856188 
176 889806264 
177 888959436 
178 888799363 
179 888756625 
180 888532587 
181 888261990 
182 887985621 
183 887973482 
184 887759142 
185 887159982 
186 887067172 
187 887030544 
188 886633032 
189 886461352 
190 885914021 
191 885346104 
192 884557566 
193 869640569 
194 869316235 
195 862681210 
196 850380219 
197 850367400 
198 850066036 
199 850063409 
200 849877450 
201 849663848 
202 848042335 
203 847793075 
204 847653850 
205 846653973 
206 846581373 
207 846449609 
208 846258685 
209 845450693 
210 845407414 
211 844766980 
212 844734008 
213 844541812 
214 844515112 
215 843708563 
216 843468967 
217 843377908 
218 843377136 
219 843226436 
220 842414585 
221 842371591 
222 842364222 
223 803588129 
224 797957288 
225 797911502 
226 797897955 
227 797275814 
228 797254323 
229 797252726 
230 796628282 
231 796617452 
232 796598406 
233 796577141 
234 796333738 
235 796322889 
236 796254330 
237 795202171 
238 795080666 
239 795072221 
240 795066093 
241 795051403 
242 794798207 
243 794781557 
244 777612324 
245 777476601 
246 773935383 
247 773413067 
248 773404304 
249 773396187 
250 773269400 
251 773261880 
252 773205974 
253 772449194 
254 772422570 
255 772241592 
256 772186320 
257 772085094 
258 771958777 
259 771918003 
260 771912893 
261 771813286 
262 770831954 
263 770708779 
264 770665487 
265 770541925 
266 770521704 
267 768540762 
268 768524764 
269 768516419 
270 768512795 
271 768451716 
272 767834321 
273 767363029 
274 767350715 
275 766863569 
276 766841212 
277 766802285 
278 766799741 
279 766797094 
280 766743307 
281 766652638 
282 766622730 
283 766580284 
284 765687957 
285 758643058 
286 758322607 
287 758214399 
288 757731677 
289 757554195 
290 757108835 
291 756315759 
292 756247404 
293 756045010 
294 755603402 
295 755593279 
296 755563531 
297 752307553 
298 722076275 
299 721871021 
300 721856963 
301 721779051 
302 721770402 
303 721465330 
304 720994788 
305 720570218 
306 720557055 
307 694173648 
308 694162666 
309 693818819 
310 693685147 
311 693320635 
312 693319598 
313 693222129 
314 693219748 
315 692840236 
316 692499968 
317 692499216 
318 690613221 
319 690611424 
320 690602164 
321 690599423 
322 690587781 
323 690578852 
324 690573610 
325 689904697 
326 689893084 
327 688345517 
328 685709435 
329 685705977 
330 685614274 
331 685478805 
332 685473563 
333 685324735 
334 683510023 
335 683505309 
336 683460219 
337 683437391 
338 683195107 
339 683108399 
340 683066684 
341 682820370 
342 682539432 
343 682515885 
344 682289541 
345 682286113 
346 682271426 
347 682248651 
348 681961565 
349 681888882 
350 681864668 
351 681822908 
352 681673615 
353 681307817 
354 681240345 
355 681213791 
356 681172020 
357 680822631 
358 680820838 
359 680814065 
360 680800689 
361 680791984 
362 680695965 
363 680695258 
364 680624925 
365 680579180 
366 679983689 
367 679689208 
368 679517155 
369 679356345 
370 679040049 
371 678844878 
372 678521952 
373 678196848 
374 678023072 
375 677525256 
376 677516568 
377 676867920 
378 676246120 
379 676081109 
380 675751627 
381 675721284 
382 675068794 
383 674914203 
384 674870077 
385 674102788 
386 673967333 
387 673637633 
388 673515788 
389 672898005 
390 672839966 
391 671926287 
392 671337423 
393 670600079 
394 670312207 
395 670257203 
396 669977807 
397 669684467 
398 669412988 
399 669211409 
400 668198453 
401 667937230 
402 667579746 
403 667571772 
404 667241657 
405 666995167 
406 666898411 
407 666798527 
408 666710955 
409 666452338 
410 666249781 
411 666213262 
412 665921447 
413 665856072 
414 665793274 
415 665156811 
416 664763617 
417 664219644 
418 664063167 
419 663895768 
420 663426488 
421 663041255 
422 662992780 
423 662853777 
424 662608781 
425 662291636 
426 662234929 
427 662141912 
428 661771218 
429 661767326 
430 661477592 
431 661460026 
432 661440501 
433 660904882 
434 660695241 
435 660631146 
436 660276073 
437 660150298 
438 659924514 
439 659657735 
440 659651054 
441 657997237 
442 657952136 
443 657838284 
444 657326633 
445 657124830 
446 656969090 
447 656846127 
448 656839463 
449 656575905 
450 656555510 
451 656030331 
452 655795050 
453 655705124 
454 655278113 
455 655169585 
456 654739332 
457 654517570 
458 654517570 

