0 1328619088 
1 1325842421 
2 1306410744 
3 1304106778 
4 1302199260 
5 1289114731 
6 1289066969 
7 1288953583 
8 1286382316 
9 1263909525 
10 1258619334 
11 1258420059 
12 1258398627 
13 1253607794 
14 1253585796 
15 1253486804 
16 1253466093 
17 1253425474 
18 1253420840 
19 1253152127 
20 1252548119 
21 1251811505 
22 1251799105 
23 1251778749 
24 1251431647 
25 1251377141 
26 1251342921 
27 1250711768 
28 1250618453 
29 1250474485 
30 1250147450 
31 1249996078 
32 1249371035 
33 1248735804 
34 1248612487 
35 1246803816 
36 1246795196 
37 1246349874 
38 1246278564 
39 1246162104 
40 1245883695 
41 1245880626 
42 1245866334 
43 1245804278 
44 1245421150 
45 1245356221 
46 1245247297 
47 1245205302 
48 1245194240 
49 1244141738 
50 1244018551 
51 1244013800 
52 1243857844 
53 1243842437 
54 1243841465 
55 1243750026 
56 1243319707 
57 1243297549 
58 1243256906 
59 1243226513 
60 1242962191 
61 1242671366 
62 1242654787 
63 1242569181 
64 1242515426 
65 1241789010 
66 1241787248 
67 1240133142 
68 1240098519 
69 1239723233 
70 1238801899 
71 1237572449 
72 1237553879 
73 1230879951 
74 1230843844 
75 1230670143 
76 1181563410 
77 1180574058 
78 1171635855 
79 1171423452 
80 1171415499 
81 1171415328 
82 1171140382 
83 1171055041 
84 1171011295 
85 1170440771 
86 1170439781 
87 1170317647 
88 1170301796 
89 1169392089 
90 1169378342 
91 1169361553 
92 1167805433 
93 1167172873 
94 1166930004 
95 1166864854 
96 1166792961 
97 1165923487 
98 1165895988 
99 1165751136 
100 1165634019 
101 1165617149 
102 1163147162 
103 1161768678 
104 1161758609 
105 1161752943 
106 1161693805 
107 1161682227 
108 1161443695 
109 1161394811 
110 1161358500 
111 1161212850 
112 1161174396 
113 1161124342 
114 1161120149 
115 1160722653 
116 1160667375 
117 1159922233 
118 1159915995 
119 1159903877 
120 1159848053 
121 1159791189 
122 1159731751 
123 1159711639 
124 1159321207 
125 1159081368 
126 1159069189 
127 1152163572 
128 1152149870 
129 1152143720 
130 1152106928 
131 1152051020 
132 1150179334 
133 1149239813 
134 1149029473 
135 1148982938 
136 1148956646 
137 1148509704 
138 1147260550 
139 1147064309 
140 1146533407 
141 1138902498 
142 1138480682 
143 1116351636 
144 1113379308 
145 1102613151 
146 1085723130 
147 1084594771 
148 1084128304 
149 1084063402 
150 1083686162 
151 1082964841 
152 1082960107 
153 1082444107 
154 1082322585 
155 1082290734 
156 1082248610 
157 1082228367 
158 1082223102 
159 1082164686 
160 1082133335 
161 1081863222 
162 1081640581 
163 1080906414 
164 1080903040 
165 1080898081 
166 1080256306 
167 1078946360 
168 1078264912 
169 1077075738 
170 1077027042 
171 1076817548 
172 1076271450 
173 1075592154 
174 1073522206 
175 1072960662 
176 1072922823 
177 1072857607 
178 1072349078 
179 1072304444 
180 1072278012 
181 1072276716 
182 1069991845 
183 1069554931 
184 1069552682 
185 1069471739 
186 1068597440 
187 1068181240 
188 1068177284 
189 1067822154 
190 1067814094 
191 1066081739 
192 1065978786 
193 1065953719 
194 1065864910 
195 1065858059 
196 1064319322 
197 1064188121 
198 1062606680 
199 1059932447 
200 1059932139 
201 1058488613 
202 1057858914 
203 1056936727 
204 1056703093 
205 1055318351 
206 1055299544 
207 1055275252 
208 1055236097 
209 1054939023 
210 1054912212 
211 1053798732 
212 1052892501 
213 1049391008 
214 1048562299 
215 1046855316 
216 1042464976 
217 1038515953 
218 1038361222 
219 1037033527 
220 1037028267 
221 1036974666 
222 1036863005 
223 1036834081 
224 1036812217 
225 1036112561 
226 1035903751 
227 1035585535 
228 1034738273 
229 1033770599 
230 1033537764 
231 1033388051 
232 1021988849 
233 977740476 
234 972976323 
235 971521022 
236 971430444 
237 970725266 
238 965397171 
239 965183567 
240 965120339 
241 965108406 
242 963434667 
243 962893633 
244 962803569 
245 962802376 
246 962535417 
247 961625333 
248 961611738 
249 961581277 
250 961565547 
251 961476690 
252 961472793 
253 961268484 
254 961250182 
255 961101440 
256 960735866 
257 960731023 
258 960687422 
259 960677401 
260 959824578 
261 959612813 
262 959583641 
263 958922051 
264 958019690 
265 956468770 
266 956049836 
267 955083518 
268 954569295 
269 953857512 
270 953814397 
271 953751669 
272 953662611 
273 953601864 
274 951058732 
275 950520662 
276 950234840 
277 950070481 
278 949712161 
279 949633202 
280 949551357 
281 939363245 
282 934434983 
283 934259814 
284 933914454 
285 932457662 
286 932089152 
287 932063179 
288 931996425 
289 931901056 
290 931670183 
291 924185482 
292 924124727 
293 924034056 
294 924025024 
295 923365451 
296 923338346 
297 923250422 
298 922626413 
299 921468503 
300 921441205 
301 921318361 
302 921237104 
303 921230227 
304 921184855 
305 879685318 
306 878513807 
307 878117478 
308 877739886 
309 877716362 
310 876990912 
311 876988367 
312 876987053 
313 876886176 
314 876883920 
315 876687289 
316 876669311 
317 876575106 
318 876438313 
319 875779592 
320 875764543 
321 875525353 
322 875341062 
323 874635750 
324 874604881 
325 874574555 
326 874427060 
327 874106465 
328 871999016 
329 871342363 
330 870939281 
331 870639466 
332 870635695 
333 870277465 
334 870198222 
335 870197708 
336 870197181 
337 870062770 
338 869095357 
339 868955819 
340 868015466 
341 868010453 
342 868001866 
343 867995687 
344 865437756 
345 857631388 
346 817477280 
347 815628298 
348 814842220 
349 814716356 
350 814700208 
351 814690877 
352 814440956 
353 814305539 
354 813964650 
355 813703778 
356 813325057 
357 804847228 
358 804773245 
359 804306242 
360 804296681 
361 802004186 
362 801997432 
363 800956314 
364 800861391 
365 800745816 
366 800539570 
367 800524746 
368 800355481 
369 800049835 
370 799977491 
371 799651610 
372 799318023 
373 798722342 
374 797672509 
375 795979958 
376 795711845 
377 795414472 
378 795402307 
379 791770174 
380 790768418 
381 790445966 
382 790433952 
383 790406275 
384 790368269 
385 790348775 
386 790259624 
387 790242836 
388 790057571 
389 789881017 
390 789502095 
391 789480117 
392 789001471 
393 787948579 
394 787948096 
395 787653788 
396 787635491 
397 787623915 
398 787621568 
399 787528872 
400 767795772 
401 767729084 
402 767617209 
403 767047317 
404 766498707 
405 766415205 
406 765930845 
407 762221668 
408 761930911 
409 761396487 
410 761235406 
411 745824026 
412 745401616 
413 745238579 
414 745163945 
415 742907574 
416 742828404 
417 742828310 
418 742270751 
419 742252224 
420 741526297 
421 741313909 
422 741058734 
423 740196312 
424 740059716 
425 739457434 
426 739452072 
427 739365548 
428 739358037 
429 739106484 
430 738519909 
431 738293114 
432 735816986 
433 735812871 
434 735442262 
435 735353781 
436 735278158 
437 734967585 
438 734715562 
439 734531590 
440 734509767 
441 734484390 
442 734227403 
443 718656042 
444 714207736 
445 714054148 
446 714031125 
447 713163527 
448 713110288 
449 712158492 
450 712154429 
451 711955044 
452 711776446 
453 711774019 
454 711156226 
455 711105659 
456 711074570 
457 711072851 
458 710330964 
459 710329604 
460 710286103 
461 710273209 
462 710232563 
463 710215320 
464 710167444 
465 709459708 
466 709211795 
467 708102886 
468 708015987 
469 707994656 
470 707879219 
471 707620871 
472 707263227 
473 707136876 
474 707130699 
475 707128934 
476 706849873 
477 706840322 
478 706723016 
479 706661174 
480 706659225 
481 706646594 
482 706646045 
483 705310519 
484 704927544 
485 704741209 
486 704560459 
487 704155553 
488 703678066 
489 703175350 
490 702862308 
491 702586386 
492 702584595 
493 702539675 
494 702534901 
495 702275173 
496 702163974 
497 702091956 
498 701981215 
499 701965973 
500 701619750 
501 701594409 
502 701409601 
503 701144198 
504 701139104 
505 701137313 
506 701126461 
507 701108161 
508 700534055 
509 700527100 
510 699863915 
511 699548279 
512 699543145 
513 698855820 
514 697261561 
515 696169817 
516 695975009 
517 695893367 
518 695456381 
519 695309649 
520 695303558 
521 695072003 
522 695059665 
523 694837565 
524 694825144 
525 694348076 
526 694343758 
527 694238297 
528 694009940 
529 693826272 
530 693824054 
531 693501019 
532 693447504 
533 693081833 
534 692970077 
535 692858706 
536 692776335 
537 692591626 
538 692401833 
539 691642825 
540 691642174 
541 690988219 
542 690981568 
543 690924845 
544 690739167 
545 690365001 
546 689906753 
547 689117566 
548 687676767 
549 687434917 
550 687244545 
551 687149005 
552 687131659 
553 686429059 
554 686046207 
555 685642613 
556 685320472 
557 683885649 
558 683833014 
559 683603529 
560 681344201 
561 681305008 
562 680643723 
563 680587037 
564 679902039 
565 679666235 
566 679548705 
567 679312325 
568 679127147 
569 679099388 
570 678935773 
571 678576133 
572 678212719 
573 678111419 
574 678012451 
575 677382996 
576 676558467 
577 676290268 
578 676218966 
579 676048813 
580 676006295 
581 675806256 
582 675577553 
583 673924609 
584 673767744 
585 673766264 
586 673728636 
587 673551940 
588 673510962 
589 673450987 
590 671661568 
591 671354751 
592 671331024 
593 671275992 
594 671103566 
595 670657937 
596 670453533 
597 669706044 
598 669491698 
599 669478633 
600 669313357 
601 668900893 
602 668869770 
603 666845965 
604 666351109 
605 666348235 
606 666229295 
607 666133520 
608 665937794 
609 665936781 
610 665824878 
611 665554292 
612 665554138 
613 664804933 
614 664804584 
615 664615654 
616 664391547 
617 664327954 
618 664327954 

