0 83 
1 86 
2 85 
3 84 
4 84 
5 84 
6 83 
7 81 
8 79 
9 80 
10 80 
11 79 
12 78 
13 75 
14 80 
15 80 
16 79 
17 75 
18 75 
19 74 
20 71 
21 70 
22 72 
23 71 
24 70 
25 70 
26 69 
27 69 
28 68 
29 67 
30 66 
31 63 
32 64 
33 64 
34 64 
35 62 
36 61 
37 58 
38 58 
39 57 
40 56 
41 55 
42 52 
43 49 
44 48 
45 47 
46 46 
47 45 
48 43 
49 45 
50 44 
51 44 
52 44 
53 43 
54 42 
55 40 
56 35 
57 34 
58 34 
59 33 
60 29 
61 30 
62 30 
63 30 
64 30 
65 29 
66 28 
67 27 
68 29 
69 26 
70 25 
71 23 
72 23 
73 23 
74 22 
75 21 
76 19 
77 16 
78 13 
79 13 
80 15 
81 13 
82 13 
83 8 
84 7 
85 7 
86 6 
87 4 
88 4 
89 3 
90 2 
91 1 
92 0 
93 0 

