0 70 
1 70 
2 69 
3 69 
4 69 
5 67 
6 64 
7 64 
8 63 
9 61 
10 60 
11 58 
12 57 
13 56 
14 56 
15 54 
16 52 
17 51 
18 48 
19 47 
20 47 
21 47 
22 47 
23 50 
24 51 
25 52 
26 51 
27 49 
28 45 
29 46 
30 45 
31 43 
32 43 
33 42 
34 39 
35 40 
36 39 
37 37 
38 37 
39 36 
40 36 
41 39 
42 38 
43 37 
44 33 
45 32 
46 29 
47 29 
48 27 
49 26 
50 25 
51 26 
52 25 
53 23 
54 21 
55 20 
56 18 
57 16 
58 15 
59 13 
60 12 
61 10 
62 10 
63 11 
64 9 
65 8 
66 7 
67 7 
68 7 
69 7 
70 6 
71 4 
72 3 
73 3 
74 3 
75 2 
76 2 
77 1 
78 0 
79 0 

