0 89 
1 91 
2 91 
3 93 
4 92 
5 92 
6 90 
7 90 
8 88 
9 86 
10 85 
11 86 
12 83 
13 83 
14 81 
15 79 
16 79 
17 79 
18 80 
19 83 
20 82 
21 80 
22 77 
23 74 
24 75 
25 72 
26 72 
27 73 
28 73 
29 74 
30 71 
31 69 
32 67 
33 68 
34 66 
35 63 
36 60 
37 60 
38 59 
39 58 
40 56 
41 59 
42 58 
43 59 
44 57 
45 56 
46 55 
47 50 
48 48 
49 44 
50 41 
51 37 
52 34 
53 32 
54 32 
55 32 
56 31 
57 30 
58 29 
59 27 
60 25 
61 23 
62 23 
63 21 
64 17 
65 12 
66 13 
67 15 
68 10 
69 8 
70 7 
71 5 
72 3 
73 2 
74 1 
75 0 
76 0 

