0 62 
1 66 
2 66 
3 64 
4 65 
5 65 
6 65 
7 66 
8 68 
9 67 
10 65 
11 63 
12 60 
13 62 
14 63 
15 63 
16 60 
17 62 
18 59 
19 57 
20 56 
21 57 
22 56 
23 55 
24 52 
25 49 
26 48 
27 47 
28 46 
29 47 
30 46 
31 45 
32 43 
33 41 
34 39 
35 38 
36 37 
37 36 
38 39 
39 38 
40 37 
41 37 
42 35 
43 32 
44 31 
45 30 
46 34 
47 34 
48 33 
49 32 
50 31 
51 29 
52 27 
53 25 
54 21 
55 20 
56 19 
57 17 
58 18 
59 17 
60 17 
61 16 
62 14 
63 15 
64 14 
65 13 
66 12 
67 9 
68 10 
69 9 
70 7 
71 3 
72 4 
73 3 
74 2 
75 1 
76 1 
77 0 
78 0 

