0 74 
1 76 
2 75 
3 73 
4 71 
5 73 
6 74 
7 74 
8 77 
9 75 
10 75 
11 75 
12 74 
13 73 
14 74 
15 73 
16 72 
17 71 
18 70 
19 68 
20 67 
21 67 
22 66 
23 65 
24 64 
25 64 
26 63 
27 62 
28 61 
29 61 
30 60 
31 59 
32 60 
33 59 
34 56 
35 56 
36 56 
37 55 
38 53 
39 54 
40 58 
41 55 
42 53 
43 49 
44 50 
45 50 
46 51 
47 49 
48 46 
49 44 
50 41 
51 42 
52 42 
53 41 
54 40 
55 38 
56 36 
57 33 
58 31 
59 32 
60 31 
61 32 
62 31 
63 30 
64 31 
65 29 
66 27 
67 25 
68 25 
69 24 
70 22 
71 23 
72 23 
73 22 
74 22 
75 22 
76 21 
77 19 
78 17 
79 15 
80 17 
81 14 
82 13 
83 11 
84 9 
85 8 
86 7 
87 7 
88 6 
89 4 
90 6 
91 4 
92 2 
93 2 
94 1 
95 0 
96 0 

