0 87 
1 88 
2 88 
3 93 
4 91 
5 92 
6 91 
7 89 
8 87 
9 86 
10 86 
11 84 
12 83 
13 83 
14 84 
15 84 
16 82 
17 82 
18 85 
19 83 
20 80 
21 77 
22 76 
23 73 
24 72 
25 72 
26 70 
27 68 
28 66 
29 66 
30 69 
31 67 
32 64 
33 62 
34 61 
35 58 
36 58 
37 57 
38 54 
39 55 
40 54 
41 50 
42 51 
43 51 
44 50 
45 49 
46 47 
47 46 
48 44 
49 46 
50 45 
51 43 
52 41 
53 37 
54 36 
55 36 
56 35 
57 33 
58 32 
59 31 
60 31 
61 30 
62 29 
63 27 
64 27 
65 26 
66 23 
67 22 
68 19 
69 19 
70 17 
71 17 
72 16 
73 11 
74 10 
75 9 
76 10 
77 9 
78 6 
79 6 
80 4 
81 2 
82 3 
83 4 
84 4 
85 3 
86 4 
87 3 
88 2 
89 0 
90 0 

