0 54 
1 54 
2 55 
3 54 
4 54 
5 54 
6 56 
7 55 
8 54 
9 53 
10 51 
11 49 
12 47 
13 45 
14 46 
15 45 
16 44 
17 45 
18 44 
19 43 
20 44 
21 44 
22 44 
23 43 
24 43 
25 42 
26 41 
27 39 
28 36 
29 34 
30 36 
31 35 
32 37 
33 35 
34 33 
35 32 
36 30 
37 31 
38 30 
39 31 
40 30 
41 28 
42 25 
43 29 
44 29 
45 26 
46 25 
47 25 
48 27 
49 25 
50 25 
51 23 
52 22 
53 20 
54 19 
55 18 
56 19 
57 17 
58 16 
59 13 
60 13 
61 13 
62 12 
63 11 
64 12 
65 11 
66 9 
67 7 
68 6 
69 6 
70 6 
71 5 
72 3 
73 2 
74 1 
75 0 
76 0 

