0 93 
1 96 
2 95 
3 94 
4 93 
5 93 
6 91 
7 91 
8 94 
9 92 
10 91 
11 90 
12 89 
13 87 
14 89 
15 90 
16 88 
17 86 
18 84 
19 84 
20 86 
21 85 
22 84 
23 82 
24 79 
25 76 
26 75 
27 73 
28 72 
29 71 
30 72 
31 72 
32 70 
33 69 
34 68 
35 68 
36 67 
37 68 
38 67 
39 67 
40 67 
41 67 
42 65 
43 64 
44 63 
45 61 
46 63 
47 60 
48 57 
49 55 
50 53 
51 52 
52 52 
53 52 
54 54 
55 51 
56 48 
57 46 
58 45 
59 44 
60 42 
61 40 
62 38 
63 36 
64 35 
65 34 
66 35 
67 35 
68 35 
69 34 
70 33 
71 33 
72 32 
73 30 
74 29 
75 29 
76 27 
77 26 
78 25 
79 25 
80 25 
81 23 
82 20 
83 17 
84 15 
85 14 
86 10 
87 9 
88 8 
89 5 
90 4 
91 3 
92 1 
93 1 
94 0 
95 0 

