0 82 
1 89 
2 92 
3 92 
4 94 
5 94 
6 91 
7 90 
8 89 
9 87 
10 86 
11 84 
12 83 
13 83 
14 81 
15 79 
16 79 
17 76 
18 75 
19 74 
20 73 
21 73 
22 73 
23 72 
24 71 
25 70 
26 69 
27 64 
28 64 
29 62 
30 59 
31 61 
32 59 
33 59 
34 58 
35 60 
36 57 
37 56 
38 58 
39 56 
40 56 
41 55 
42 55 
43 55 
44 53 
45 50 
46 50 
47 50 
48 49 
49 50 
50 51 
51 50 
52 48 
53 46 
54 44 
55 45 
56 44 
57 43 
58 43 
59 41 
60 37 
61 37 
62 36 
63 34 
64 34 
65 32 
66 30 
67 26 
68 24 
69 22 
70 25 
71 23 
72 24 
73 24 
74 23 
75 24 
76 23 
77 22 
78 21 
79 22 
80 21 
81 20 
82 20 
83 20 
84 19 
85 19 
86 17 
87 15 
88 13 
89 12 
90 10 
91 10 
92 9 
93 10 
94 9 
95 7 
96 7 
97 6 
98 6 
99 5 
100 4 
101 3 
102 1 
103 0 
104 0 
105 0 
106 0 
107 0 
108 0 
109 0 
110 0 
111 0 
112 0 
113 0 
114 0 
115 0 

