0 85 
1 85 
2 86 
3 86 
4 86 
5 85 
6 85 
7 84 
8 83 
9 81 
10 80 
11 79 
12 78 
13 78 
14 75 
15 76 
16 77 
17 77 
18 73 
19 73 
20 76 
21 76 
22 74 
23 73 
24 71 
25 69 
26 67 
27 64 
28 63 
29 63 
30 63 
31 63 
32 60 
33 60 
34 57 
35 57 
36 55 
37 52 
38 50 
39 47 
40 46 
41 43 
42 42 
43 44 
44 43 
45 42 
46 43 
47 43 
48 44 
49 44 
50 42 
51 41 
52 41 
53 40 
54 39 
55 36 
56 34 
57 31 
58 31 
59 30 
60 29 
61 27 
62 27 
63 26 
64 24 
65 25 
66 22 
67 20 
68 20 
69 17 
70 16 
71 18 
72 18 
73 15 
74 16 
75 15 
76 13 
77 10 
78 7 
79 4 
80 3 
81 2 
82 0 
83 0 

