0 123 
1 121 
2 122 
3 120 
4 120 
5 117 
6 116 
7 114 
8 114 
9 114 
10 115 
11 116 
12 115 
13 114 
14 113 
15 111 
16 110 
17 111 
18 111 
19 107 
20 107 
21 104 
22 101 
23 99 
24 99 
25 97 
26 97 
27 96 
28 95 
29 93 
30 90 
31 89 
32 88 
33 87 
34 86 
35 83 
36 80 
37 78 
38 78 
39 76 
40 78 
41 75 
42 75 
43 73 
44 72 
45 71 
46 70 
47 67 
48 65 
49 64 
50 63 
51 65 
52 64 
53 63 
54 62 
55 61 
56 59 
57 58 
58 56 
59 55 
60 53 
61 52 
62 49 
63 49 
64 48 
65 48 
66 49 
67 47 
68 44 
69 42 
70 41 
71 38 
72 36 
73 37 
74 36 
75 38 
76 38 
77 36 
78 34 
79 32 
80 38 
81 38 
82 38 
83 36 
84 34 
85 31 
86 31 
87 30 
88 28 
89 30 
90 27 
91 27 
92 30 
93 28 
94 27 
95 25 
96 22 
97 23 
98 22 
99 22 
100 20 
101 18 
102 14 
103 12 
104 10 
105 8 
106 11 
107 7 
108 4 
109 4 
110 3 
111 4 
112 5 
113 4 
114 3 
115 2 
116 2 
117 0 
118 0 

