0 87 
1 93 
2 91 
3 92 
4 92 
5 90 
6 88 
7 87 
8 85 
9 85 
10 83 
11 80 
12 79 
13 79 
14 78 
15 76 
16 76 
17 78 
18 72 
19 70 
20 68 
21 64 
22 61 
23 58 
24 61 
25 59 
26 58 
27 57 
28 56 
29 56 
30 53 
31 49 
32 48 
33 45 
34 45 
35 47 
36 43 
37 40 
38 41 
39 39 
40 37 
41 36 
42 34 
43 34 
44 33 
45 31 
46 29 
47 29 
48 27 
49 24 
50 26 
51 25 
52 24 
53 23 
54 22 
55 22 
56 21 
57 21 
58 19 
59 19 
60 18 
61 16 
62 14 
63 13 
64 13 
65 10 
66 9 
67 9 
68 8 
69 8 
70 6 
71 6 
72 5 
73 4 
74 3 
75 3 
76 2 
77 1 
78 1 
79 0 
80 0 

