0 127 
1 131 
2 135 
3 137 
4 139 
5 140 
6 140 
7 141 
8 141 
9 139 
10 136 
11 135 
12 138 
13 141 
14 137 
15 134 
16 132 
17 127 
18 124 
19 120 
20 120 
21 116 
22 113 
23 108 
24 106 
25 105 
26 106 
27 106 
28 105 
29 104 
30 101 
31 99 
32 98 
33 96 
34 93 
35 94 
36 94 
37 92 
38 91 
39 90 
40 87 
41 87 
42 88 
43 86 
44 84 
45 83 
46 81 
47 80 
48 77 
49 76 
50 75 
51 74 
52 75 
53 76 
54 75 
55 73 
56 71 
57 68 
58 68 
59 64 
60 62 
61 62 
62 62 
63 61 
64 62 
65 62 
66 60 
67 60 
68 56 
69 53 
70 54 
71 50 
72 49 
73 49 
74 46 
75 43 
76 40 
77 40 
78 37 
79 34 
80 34 
81 31 
82 34 
83 30 
84 31 
85 28 
86 27 
87 24 
88 22 
89 23 
90 20 
91 18 
92 28 
93 29 
94 26 
95 23 
96 19 
97 19 
98 18 
99 11 
100 10 
101 7 
102 6 
103 3 
104 0 
105 0 

