0 174 
1 181 
2 191 
3 193 
4 193 
5 192 
6 189 
7 188 
8 187 
9 185 
10 184 
11 182 
12 180 
13 178 
14 177 
15 176 
16 177 
17 178 
18 178 
19 177 
20 177 
21 177 
22 177 
23 176 
24 176 
25 174 
26 172 
27 172 
28 169 
29 167 
30 166 
31 165 
32 164 
33 161 
34 158 
35 160 
36 162 
37 160 
38 156 
39 155 
40 152 
41 153 
42 155 
43 154 
44 155 
45 151 
46 149 
47 147 
48 142 
49 142 
50 137 
51 133 
52 134 
53 136 
54 133 
55 138 
56 136 
57 137 
58 135 
59 132 
60 130 
61 128 
62 126 
63 124 
64 122 
65 119 
66 116 
67 112 
68 112 
69 111 
70 109 
71 110 
72 107 
73 104 
74 103 
75 99 
76 101 
77 97 
78 92 
79 89 
80 89 
81 87 
82 83 
83 81 
84 82 
85 86 
86 84 
87 84 
88 83 
89 81 
90 81 
91 80 
92 79 
93 77 
94 76 
95 74 
96 73 
97 73 
98 70 
99 73 
100 69 
101 67 
102 72 
103 72 
104 70 
105 68 
106 65 
107 59 
108 57 
109 55 
110 53 
111 55 
112 55 
113 52 
114 50 
115 49 
116 49 
117 46 
118 44 
119 41 
120 41 
121 40 
122 39 
123 40 
124 38 
125 38 
126 35 
127 34 
128 32 
129 31 
130 30 
131 30 
132 30 
133 29 
134 26 
135 23 
136 25 
137 29 
138 29 
139 29 
140 27 
141 29 
142 29 
143 30 
144 28 
145 25 
146 22 
147 17 
148 15 
149 14 
150 11 
151 11 
152 9 
153 9 
154 8 
155 6 
156 4 
157 1 
158 0 
159 0 
160 0 
161 0 

