0 173 
1 185 
2 197 
3 204 
4 213 
5 211 
6 211 
7 209 
8 209 
9 207 
10 206 
11 205 
12 203 
13 203 
14 201 
15 199 
16 201 
17 205 
18 203 
19 201 
20 197 
21 196 
22 194 
23 194 
24 193 
25 191 
26 190 
27 186 
28 185 
29 183 
30 185 
31 182 
32 182 
33 181 
34 180 
35 174 
36 176 
37 171 
38 171 
39 169 
40 167 
41 168 
42 167 
43 164 
44 161 
45 159 
46 156 
47 152 
48 148 
49 150 
50 150 
51 150 
52 148 
53 146 
54 147 
55 144 
56 140 
57 141 
58 139 
59 135 
60 135 
61 136 
62 138 
63 140 
64 139 
65 136 
66 138 
67 139 
68 136 
69 134 
70 135 
71 135 
72 134 
73 133 
74 131 
75 129 
76 131 
77 126 
78 125 
79 122 
80 118 
81 120 
82 119 
83 119 
84 115 
85 113 
86 111 
87 109 
88 110 
89 112 
90 110 
91 107 
92 104 
93 103 
94 101 
95 103 
96 100 
97 100 
98 100 
99 99 
100 96 
101 95 
102 98 
103 98 
104 96 
105 93 
106 92 
107 92 
108 90 
109 92 
110 91 
111 94 
112 92 
113 91 
114 89 
115 88 
116 87 
117 89 
118 89 
119 89 
120 88 
121 85 
122 80 
123 75 
124 73 
125 76 
126 78 
127 73 
128 73 
129 72 
130 70 
131 71 
132 70 
133 70 
134 67 
135 69 
136 69 
137 66 
138 63 
139 57 
140 53 
141 52 
142 50 
143 50 
144 48 
145 50 
146 49 
147 46 
148 45 
149 44 
150 43 
151 42 
152 43 
153 43 
154 40 
155 38 
156 35 
157 33 
158 31 
159 30 
160 28 
161 27 
162 24 
163 19 
164 21 
165 21 
166 21 
167 21 
168 24 
169 25 
170 24 
171 23 
172 21 
173 21 
174 19 
175 16 
176 8 
177 7 
178 5 
179 3 
180 4 
181 3 
182 3 
183 3 
184 3 
185 3 
186 2 
187 1 
188 1 
189 1 
190 1 
191 0 
192 0 

