0 104 
1 105 
2 106 
3 106 
4 107 
5 107 
6 106 
7 105 
8 103 
9 102 
10 100 
11 100 
12 99 
13 100 
14 99 
15 98 
16 96 
17 93 
18 90 
19 90 
20 90 
21 90 
22 89 
23 85 
24 82 
25 80 
26 79 
27 77 
28 79 
29 78 
30 78 
31 77 
32 76 
33 76 
34 78 
35 79 
36 79 
37 79 
38 79 
39 82 
40 81 
41 80 
42 78 
43 75 
44 75 
45 73 
46 70 
47 69 
48 68 
49 65 
50 64 
51 61 
52 60 
53 60 
54 59 
55 58 
56 57 
57 56 
58 57 
59 56 
60 56 
61 56 
62 55 
63 56 
64 55 
65 54 
66 52 
67 50 
68 49 
69 51 
70 53 
71 55 
72 54 
73 53 
74 52 
75 51 
76 50 
77 49 
78 47 
79 45 
80 45 
81 45 
82 44 
83 43 
84 42 
85 41 
86 39 
87 37 
88 34 
89 33 
90 32 
91 30 
92 31 
93 34 
94 36 
95 35 
96 34 
97 33 
98 32 
99 31 
100 30 
101 30 
102 29 
103 28 
104 27 
105 25 
106 24 
107 23 
108 20 
109 20 
110 19 
111 19 
112 20 
113 20 
114 20 
115 20 
116 19 
117 18 
118 17 
119 16 
120 14 
121 13 
122 13 
123 15 
124 14 
125 13 
126 12 
127 11 
128 10 
129 9 
130 8 
131 7 
132 8 
133 7 
134 6 
135 5 
136 4 
137 3 
138 4 
139 4 
140 4 
141 3 
142 1 
143 0 
144 0 

