0 147 
1 156 
2 162 
3 165 
4 165 
5 170 
6 172 
7 172 
8 172 
9 172 
10 170 
11 168 
12 168 
13 166 
14 163 
15 162 
16 161 
17 162 
18 159 
19 155 
20 154 
21 153 
22 153 
23 150 
24 147 
25 144 
26 146 
27 146 
28 144 
29 143 
30 144 
31 143 
32 139 
33 138 
34 134 
35 131 
36 132 
37 131 
38 130 
39 124 
40 124 
41 123 
42 123 
43 120 
44 117 
45 116 
46 118 
47 116 
48 114 
49 111 
50 106 
51 103 
52 99 
53 99 
54 96 
55 95 
56 92 
57 91 
58 89 
59 88 
60 88 
61 86 
62 84 
63 84 
64 86 
65 85 
66 83 
67 81 
68 77 
69 76 
70 74 
71 75 
72 73 
73 75 
74 75 
75 73 
76 69 
77 69 
78 68 
79 66 
80 64 
81 62 
82 57 
83 52 
84 50 
85 49 
86 50 
87 46 
88 42 
89 39 
90 36 
91 38 
92 35 
93 35 
94 36 
95 37 
96 33 
97 34 
98 33 
99 31 
100 28 
101 25 
102 23 
103 21 
104 19 
105 20 
106 19 
107 18 
108 18 
109 16 
110 14 
111 12 
112 10 
113 7 
114 5 
115 4 
116 6 
117 6 
118 4 
119 3 
120 3 
121 1 
122 0 
123 0 

