0 108 
1 108 
2 107 
3 105 
4 102 
5 101 
6 99 
7 97 
8 94 
9 94 
10 94 
11 91 
12 89 
13 86 
14 87 
15 82 
16 83 
17 81 
18 80 
19 80 
20 84 
21 84 
22 82 
23 81 
24 78 
25 76 
26 75 
27 76 
28 73 
29 73 
30 71 
31 67 
32 61 
33 58 
34 57 
35 58 
36 56 
37 53 
38 51 
39 51 
40 49 
41 49 
42 46 
43 45 
44 41 
45 42 
46 42 
47 40 
48 39 
49 37 
50 39 
51 39 
52 36 
53 35 
54 34 
55 32 
56 32 
57 30 
58 29 
59 29 
60 28 
61 24 
62 21 
63 15 
64 14 
65 13 
66 13 
67 13 
68 11 
69 10 
70 7 
71 3 
72 4 
73 2 
74 1 
75 0 
76 0 

