0 76 
1 78 
2 78 
3 80 
4 79 
5 82 
6 78 
7 82 
8 82 
9 81 
10 80 
11 80 
12 76 
13 74 
14 71 
15 67 
16 67 
17 69 
18 67 
19 64 
20 61 
21 59 
22 58 
23 58 
24 54 
25 51 
26 50 
27 54 
28 55 
29 52 
30 51 
31 51 
32 48 
33 49 
34 47 
35 47 
36 48 
37 47 
38 49 
39 45 
40 43 
41 43 
42 44 
43 43 
44 41 
45 41 
46 42 
47 39 
48 37 
49 37 
50 36 
51 33 
52 33 
53 31 
54 29 
55 26 
56 21 
57 21 
58 20 
59 21 
60 20 
61 18 
62 16 
63 13 
64 12 
65 11 
66 9 
67 11 
68 10 
69 10 
70 8 
71 7 
72 6 
73 4 
74 4 
75 5 
76 5 
77 4 
78 5 
79 4 
80 3 
81 1 
82 0 
83 0 

