0 75 
1 85 
2 89 
3 92 
4 96 
5 95 
6 94 
7 92 
8 93 
9 91 
10 91 
11 89 
12 88 
13 88 
14 87 
15 85 
16 84 
17 83 
18 81 
19 79 
20 79 
21 80 
22 76 
23 74 
24 73 
25 74 
26 73 
27 72 
28 68 
29 66 
30 65 
31 65 
32 63 
33 62 
34 58 
35 56 
36 51 
37 47 
38 45 
39 41 
40 38 
41 37 
42 38 
43 37 
44 38 
45 33 
46 32 
47 31 
48 31 
49 31 
50 29 
51 26 
52 22 
53 17 
54 17 
55 18 
56 18 
57 18 
58 16 
59 15 
60 14 
61 16 
62 16 
63 14 
64 13 
65 14 
66 12 
67 12 
68 12 
69 10 
70 9 
71 9 
72 8 
73 5 
74 3 
75 3 
76 2 
77 1 
78 0 
79 0 
80 0 
81 0 

