0 99 
1 103 
2 106 
3 105 
4 105 
5 105 
6 102 
7 101 
8 98 
9 97 
10 100 
11 100 
12 97 
13 98 
14 98 
15 97 
16 95 
17 97 
18 96 
19 93 
20 91 
21 90 
22 91 
23 91 
24 89 
25 87 
26 86 
27 84 
28 83 
29 80 
30 79 
31 81 
32 77 
33 76 
34 71 
35 66 
36 69 
37 66 
38 63 
39 62 
40 59 
41 56 
42 52 
43 48 
44 46 
45 46 
46 49 
47 47 
48 45 
49 46 
50 45 
51 45 
52 44 
53 41 
54 38 
55 39 
56 36 
57 34 
58 32 
59 30 
60 28 
61 24 
62 24 
63 24 
64 25 
65 22 
66 22 
67 20 
68 17 
69 17 
70 16 
71 13 
72 12 
73 11 
74 10 
75 11 
76 10 
77 8 
78 7 
79 5 
80 7 
81 5 
82 3 
83 3 
84 2 
85 0 
86 0 

