0 112 
1 116 
2 119 
3 122 
4 123 
5 122 
6 122 
7 123 
8 123 
9 123 
10 125 
11 122 
12 120 
13 120 
14 117 
15 115 
16 114 
17 113 
18 112 
19 113 
20 110 
21 107 
22 108 
23 106 
24 104 
25 101 
26 101 
27 100 
28 99 
29 98 
30 94 
31 91 
32 93 
33 94 
34 94 
35 91 
36 87 
37 85 
38 87 
39 85 
40 86 
41 82 
42 80 
43 80 
44 76 
45 75 
46 75 
47 78 
48 76 
49 71 
50 69 
51 65 
52 65 
53 62 
54 64 
55 63 
56 63 
57 60 
58 58 
59 59 
60 59 
61 59 
62 57 
63 55 
64 55 
65 52 
66 52 
67 52 
68 53 
69 54 
70 54 
71 51 
72 51 
73 51 
74 52 
75 50 
76 51 
77 48 
78 50 
79 46 
80 43 
81 40 
82 40 
83 38 
84 38 
85 39 
86 40 
87 39 
88 39 
89 41 
90 38 
91 37 
92 36 
93 35 
94 33 
95 31 
96 30 
97 29 
98 27 
99 26 
100 22 
101 19 
102 16 
103 14 
104 15 
105 15 
106 12 
107 10 
108 10 
109 8 
110 6 
111 4 
112 2 
113 2 
114 0 
115 0 

