0 165 
1 169 
2 168 
3 167 
4 170 
5 169 
6 169 
7 167 
8 165 
9 164 
10 162 
11 162 
12 166 
13 165 
14 161 
15 158 
16 158 
17 156 
18 156 
19 151 
20 149 
21 146 
22 144 
23 144 
24 145 
25 147 
26 144 
27 141 
28 137 
29 140 
30 139 
31 136 
32 136 
33 134 
34 132 
35 131 
36 130 
37 129 
38 127 
39 125 
40 122 
41 122 
42 119 
43 119 
44 119 
45 120 
46 122 
47 121 
48 120 
49 115 
50 116 
51 122 
52 121 
53 118 
54 115 
55 112 
56 110 
57 109 
58 107 
59 104 
60 100 
61 98 
62 96 
63 95 
64 93 
65 97 
66 93 
67 90 
68 87 
69 85 
70 82 
71 80 
72 78 
73 83 
74 82 
75 82 
76 79 
77 80 
78 77 
79 78 
80 77 
81 75 
82 74 
83 72 
84 69 
85 66 
86 65 
87 64 
88 66 
89 62 
90 60 
91 61 
92 64 
93 64 
94 65 
95 62 
96 60 
97 58 
98 58 
99 54 
100 54 
101 52 
102 51 
103 49 
104 51 
105 48 
106 46 
107 46 
108 43 
109 42 
110 43 
111 40 
112 41 
113 41 
114 41 
115 41 
116 40 
117 37 
118 33 
119 33 
120 33 
121 30 
122 28 
123 25 
124 24 
125 22 
126 21 
127 18 
128 17 
129 17 
130 16 
131 16 
132 14 
133 13 
134 12 
135 10 
136 7 
137 7 
138 5 
139 5 
140 4 
141 5 
142 3 
143 2 
144 0 
145 0 

