0 131 
1 134 
2 134 
3 135 
4 135 
5 134 
6 132 
7 127 
8 126 
9 124 
10 121 
11 119 
12 118 
13 116 
14 112 
15 115 
16 111 
17 110 
18 109 
19 107 
20 109 
21 107 
22 107 
23 108 
24 108 
25 107 
26 105 
27 104 
28 103 
29 102 
30 98 
31 96 
32 100 
33 98 
34 94 
35 90 
36 88 
37 90 
38 86 
39 84 
40 81 
41 79 
42 76 
43 75 
44 73 
45 74 
46 74 
47 74 
48 73 
49 71 
50 68 
51 67 
52 64 
53 63 
54 61 
55 63 
56 60 
57 58 
58 55 
59 55 
60 51 
61 50 
62 46 
63 44 
64 43 
65 40 
66 36 
67 37 
68 35 
69 34 
70 36 
71 34 
72 33 
73 33 
74 32 
75 30 
76 27 
77 25 
78 24 
79 24 
80 23 
81 22 
82 20 
83 19 
84 19 
85 19 
86 18 
87 16 
88 15 
89 13 
90 10 
91 9 
92 5 
93 5 
94 8 
95 9 
96 10 
97 8 
98 8 
99 4 
100 4 
101 2 
102 4 
103 4 
104 1 
105 2 
106 2 
107 1 
108 0 
109 0 

