0 233 
1 242 
2 243 
3 247 
4 247 
5 250 
6 250 
7 250 
8 250 
9 251 
10 252 
11 252 
12 250 
13 248 
14 247 
15 246 
16 246 
17 243 
18 239 
19 237 
20 234 
21 234 
22 233 
23 234 
24 232 
25 230 
26 225 
27 220 
28 216 
29 213 
30 214 
31 215 
32 217 
33 217 
34 216 
35 212 
36 210 
37 206 
38 204 
39 200 
40 199 
41 198 
42 200 
43 199 
44 198 
45 196 
46 195 
47 192 
48 192 
49 189 
50 188 
51 185 
52 189 
53 187 
54 183 
55 181 
56 182 
57 177 
58 177 
59 172 
60 171 
61 170 
62 171 
63 170 
64 170 
65 167 
66 163 
67 161 
68 162 
69 160 
70 159 
71 158 
72 157 
73 156 
74 154 
75 152 
76 148 
77 143 
78 144 
79 140 
80 139 
81 137 
82 142 
83 140 
84 140 
85 139 
86 136 
87 133 
88 129 
89 129 
90 129 
91 130 
92 127 
93 125 
94 120 
95 116 
96 116 
97 116 
98 111 
99 107 
100 109 
101 104 
102 106 
103 106 
104 102 
105 103 
106 101 
107 99 
108 97 
109 93 
110 90 
111 87 
112 87 
113 85 
114 83 
115 81 
116 81 
117 82 
118 82 
119 78 
120 74 
121 73 
122 72 
123 70 
124 68 
125 67 
126 67 
127 64 
128 65 
129 61 
130 59 
131 58 
132 56 
133 55 
134 54 
135 54 
136 52 
137 50 
138 47 
139 47 
140 47 
141 49 
142 51 
143 50 
144 48 
145 47 
146 45 
147 44 
148 41 
149 42 
150 39 
151 36 
152 33 
153 32 
154 33 
155 33 
156 35 
157 34 
158 32 
159 32 
160 31 
161 30 
162 28 
163 27 
164 27 
165 27 
166 26 
167 25 
168 25 
169 23 
170 21 
171 23 
172 21 
173 17 
174 16 
175 13 
176 10 
177 8 
178 5 
179 6 
180 6 
181 4 
182 1 
183 0 
184 1 
185 0 
186 1 
187 0 
188 0 

