0 133 
1 142 
2 142 
3 143 
4 146 
5 147 
6 147 
7 147 
8 145 
9 146 
10 144 
11 145 
12 145 
13 142 
14 142 
15 142 
16 139 
17 135 
18 137 
19 137 
20 138 
21 136 
22 134 
23 133 
24 133 
25 132 
26 137 
27 134 
28 133 
29 131 
30 128 
31 128 
32 125 
33 123 
34 122 
35 124 
36 122 
37 120 
38 117 
39 113 
40 114 
41 112 
42 110 
43 109 
44 108 
45 108 
46 106 
47 104 
48 103 
49 101 
50 98 
51 97 
52 95 
53 92 
54 92 
55 90 
56 88 
57 86 
58 93 
59 89 
60 91 
61 90 
62 88 
63 85 
64 80 
65 78 
66 76 
67 74 
68 75 
69 74 
70 70 
71 68 
72 68 
73 68 
74 65 
75 63 
76 60 
77 58 
78 57 
79 54 
80 50 
81 50 
82 48 
83 44 
84 45 
85 43 
86 44 
87 44 
88 43 
89 43 
90 43 
91 41 
92 39 
93 37 
94 33 
95 33 
96 30 
97 30 
98 27 
99 28 
100 24 
101 26 
102 23 
103 20 
104 20 
105 20 
106 21 
107 20 
108 19 
109 17 
110 13 
111 13 
112 12 
113 11 
114 8 
115 9 
116 9 
117 7 
118 3 
119 2 
120 1 
121 0 
122 0 

