0 95 
1 103 
2 104 
3 103 
4 102 
5 101 
6 100 
7 99 
8 98 
9 96 
10 94 
11 94 
12 93 
13 90 
14 88 
15 87 
16 86 
17 84 
18 83 
19 82 
20 80 
21 78 
22 75 
23 74 
24 73 
25 72 
26 71 
27 71 
28 70 
29 69 
30 68 
31 66 
32 65 
33 62 
34 63 
35 62 
36 61 
37 59 
38 58 
39 57 
40 55 
41 54 
42 54 
43 56 
44 55 
45 54 
46 52 
47 50 
48 49 
49 48 
50 50 
51 51 
52 51 
53 49 
54 48 
55 47 
56 45 
57 44 
58 43 
59 40 
60 39 
61 38 
62 38 
63 37 
64 36 
65 35 
66 34 
67 33 
68 32 
69 31 
70 30 
71 30 
72 29 
73 28 
74 27 
75 26 
76 25 
77 24 
78 24 
79 26 
80 25 
81 24 
82 23 
83 22 
84 21 
85 20 
86 19 
87 18 
88 17 
89 15 
90 14 
91 13 
92 11 
93 11 
94 10 
95 9 
96 9 
97 7 
98 6 
99 5 
100 4 
101 2 
102 1 
103 0 
104 0 

