0 87 
1 91 
2 93 
3 96 
4 96 
5 96 
6 95 
7 95 
8 94 
9 93 
10 92 
11 91 
12 89 
13 88 
14 86 
15 84 
16 83 
17 82 
18 80 
19 78 
20 76 
21 77 
22 77 
23 76 
24 75 
25 74 
26 72 
27 68 
28 68 
29 67 
30 66 
31 65 
32 65 
33 64 
34 62 
35 60 
36 58 
37 56 
38 55 
39 53 
40 52 
41 52 
42 52 
43 54 
44 54 
45 54 
46 55 
47 55 
48 51 
49 50 
50 49 
51 46 
52 46 
53 46 
54 45 
55 44 
56 43 
57 40 
58 39 
59 37 
60 36 
61 35 
62 33 
63 32 
64 31 
65 31 
66 30 
67 29 
68 28 
69 27 
70 27 
71 27 
72 26 
73 24 
74 24 
75 24 
76 23 
77 22 
78 21 
79 20 
80 19 
81 18 
82 17 
83 16 
84 15 
85 14 
86 14 
87 13 
88 13 
89 13 
90 12 
91 11 
92 10 
93 10 
94 6 
95 5 
96 4 
97 1 
98 0 
99 0 

