0 138 
1 142 
2 146 
3 146 
4 146 
5 147 
6 149 
7 152 
8 157 
9 156 
10 157 
11 167 
12 165 
13 162 
14 160 
15 160 
16 157 
17 156 
18 152 
19 151 
20 149 
21 147 
22 151 
23 148 
24 147 
25 145 
26 146 
27 143 
28 141 
29 137 
30 134 
31 134 
32 133 
33 132 
34 130 
35 129 
36 127 
37 122 
38 126 
39 123 
40 120 
41 121 
42 122 
43 120 
44 122 
45 121 
46 119 
47 115 
48 112 
49 112 
50 112 
51 109 
52 107 
53 103 
54 102 
55 100 
56 99 
57 95 
58 93 
59 95 
60 95 
61 91 
62 90 
63 90 
64 85 
65 83 
66 82 
67 82 
68 80 
69 78 
70 76 
71 77 
72 77 
73 77 
74 77 
75 76 
76 71 
77 74 
78 73 
79 73 
80 76 
81 76 
82 74 
83 73 
84 74 
85 75 
86 75 
87 74 
88 71 
89 68 
90 67 
91 65 
92 65 
93 66 
94 68 
95 67 
96 65 
97 62 
98 61 
99 59 
100 57 
101 56 
102 54 
103 53 
104 51 
105 48 
106 46 
107 42 
108 41 
109 40 
110 40 
111 40 
112 38 
113 39 
114 39 
115 37 
116 35 
117 36 
118 36 
119 35 
120 35 
121 33 
122 30 
123 28 
124 25 
125 24 
126 23 
127 20 
128 18 
129 16 
130 15 
131 14 
132 13 
133 11 
134 12 
135 9 
136 10 
137 11 
138 13 
139 11 
140 9 
141 8 
142 6 
143 5 
144 5 
145 3 
146 3 
147 5 
148 5 
149 2 
150 0 
151 0 

