0 90 
1 92 
2 94 
3 97 
4 97 
5 96 
6 95 
7 96 
8 96 
9 98 
10 97 
11 95 
12 94 
13 92 
14 91 
15 91 
16 90 
17 88 
18 85 
19 83 
20 82 
21 81 
22 77 
23 78 
24 75 
25 70 
26 66 
27 67 
28 66 
29 68 
30 65 
31 62 
32 61 
33 61 
34 58 
35 53 
36 52 
37 54 
38 52 
39 52 
40 53 
41 53 
42 49 
43 47 
44 44 
45 41 
46 40 
47 38 
48 40 
49 40 
50 38 
51 36 
52 34 
53 31 
54 33 
55 32 
56 30 
57 29 
58 30 
59 28 
60 29 
61 27 
62 25 
63 23 
64 21 
65 19 
66 19 
67 18 
68 13 
69 10 
70 7 
71 6 
72 11 
73 10 
74 7 
75 7 
76 6 
77 4 
78 3 
79 2 
80 0 
81 1 
82 0 
83 0 

