0 119 
1 123 
2 123 
3 122 
4 120 
5 122 
6 121 
7 121 
8 123 
9 120 
10 124 
11 120 
12 117 
13 113 
14 114 
15 114 
16 113 
17 111 
18 110 
19 107 
20 104 
21 103 
22 100 
23 100 
24 99 
25 95 
26 93 
27 94 
28 89 
29 88 
30 84 
31 84 
32 83 
33 80 
34 78 
35 75 
36 74 
37 71 
38 70 
39 65 
40 68 
41 66 
42 66 
43 67 
44 63 
45 61 
46 62 
47 62 
48 61 
49 62 
50 61 
51 60 
52 60 
53 58 
54 53 
55 50 
56 52 
57 51 
58 50 
59 48 
60 45 
61 44 
62 41 
63 38 
64 34 
65 32 
66 32 
67 34 
68 32 
69 30 
70 28 
71 27 
72 26 
73 25 
74 22 
75 21 
76 19 
77 15 
78 14 
79 14 
80 11 
81 9 
82 9 
83 8 
84 9 
85 5 
86 5 
87 4 
88 3 
89 1 
90 2 
91 2 
92 4 
93 2 
94 0 
95 0 

