0 82 
1 82 
2 91 
3 90 
4 88 
5 88 
6 87 
7 88 
8 85 
9 81 
10 84 
11 87 
12 87 
13 85 
14 81 
15 83 
16 81 
17 79 
18 76 
19 74 
20 73 
21 72 
22 72 
23 71 
24 69 
25 68 
26 68 
27 67 
28 64 
29 63 
30 61 
31 58 
32 60 
33 58 
34 55 
35 54 
36 53 
37 52 
38 51 
39 51 
40 50 
41 50 
42 48 
43 47 
44 44 
45 42 
46 43 
47 41 
48 40 
49 40 
50 39 
51 37 
52 34 
53 33 
54 33 
55 33 
56 32 
57 31 
58 30 
59 34 
60 32 
61 29 
62 27 
63 23 
64 23 
65 22 
66 24 
67 22 
68 20 
69 19 
70 20 
71 19 
72 18 
73 17 
74 16 
75 14 
76 14 
77 13 
78 13 
79 11 
80 11 
81 10 
82 10 
83 9 
84 8 
85 7 
86 7 
87 6 
88 5 
89 5 
90 3 
91 1 
92 1 
93 1 
94 1 
95 1 
96 1 
97 0 
98 1 
99 0 
100 0 

