0 180 
1 191 
2 191 
3 193 
4 194 
5 199 
6 198 
7 196 
8 196 
9 198 
10 196 
11 197 
12 196 
13 199 
14 198 
15 196 
16 192 
17 195 
18 195 
19 191 
20 189 
21 185 
22 182 
23 177 
24 174 
25 173 
26 173 
27 176 
28 178 
29 177 
30 177 
31 177 
32 175 
33 174 
34 173 
35 172 
36 171 
37 168 
38 168 
39 168 
40 167 
41 166 
42 164 
43 163 
44 166 
45 165 
46 164 
47 165 
48 162 
49 158 
50 156 
51 155 
52 153 
53 149 
54 150 
55 148 
56 144 
57 142 
58 140 
59 137 
60 136 
61 136 
62 136 
63 134 
64 132 
65 130 
66 127 
67 126 
68 126 
69 123 
70 123 
71 121 
72 118 
73 116 
74 114 
75 111 
76 111 
77 108 
78 109 
79 106 
80 103 
81 99 
82 102 
83 102 
84 102 
85 100 
86 100 
87 98 
88 95 
89 95 
90 92 
91 89 
92 86 
93 87 
94 85 
95 83 
96 83 
97 86 
98 83 
99 80 
100 79 
101 78 
102 74 
103 71 
104 71 
105 69 
106 66 
107 70 
108 70 
109 68 
110 67 
111 67 
112 69 
113 65 
114 62 
115 60 
116 62 
117 62 
118 58 
119 57 
120 55 
121 56 
122 56 
123 52 
124 49 
125 49 
126 49 
127 47 
128 45 
129 45 
130 43 
131 42 
132 42 
133 38 
134 33 
135 32 
136 33 
137 34 
138 31 
139 33 
140 30 
141 29 
142 28 
143 24 
144 24 
145 23 
146 22 
147 18 
148 15 
149 14 
150 11 
151 11 
152 9 
153 8 
154 6 
155 7 
156 7 
157 10 
158 9 
159 6 
160 7 
161 7 
162 6 
163 5 
164 5 
165 3 
166 4 
167 2 
168 2 
169 2 
170 1 
171 0 
172 0 

