0 113 
1 117 
2 119 
3 118 
4 116 
5 116 
6 115 
7 114 
8 118 
9 118 
10 116 
11 114 
12 112 
13 110 
14 110 
15 109 
16 108 
17 107 
18 108 
19 105 
20 101 
21 101 
22 98 
23 95 
24 93 
25 93 
26 89 
27 86 
28 84 
29 81 
30 79 
31 81 
32 78 
33 77 
34 76 
35 75 
36 75 
37 72 
38 71 
39 70 
40 68 
41 64 
42 64 
43 62 
44 60 
45 59 
46 57 
47 55 
48 53 
49 53 
50 48 
51 51 
52 46 
53 46 
54 44 
55 42 
56 39 
57 38 
58 36 
59 35 
60 34 
61 34 
62 32 
63 29 
64 27 
65 24 
66 21 
67 19 
68 20 
69 20 
70 17 
71 15 
72 17 
73 16 
74 15 
75 14 
76 14 
77 13 
78 12 
79 12 
80 11 
81 10 
82 8 
83 4 
84 1 
85 0 
86 1 
87 1 
88 0 
89 0 

