0 123 
1 127 
2 134 
3 134 
4 133 
5 132 
6 131 
7 130 
8 127 
9 126 
10 125 
11 122 
12 120 
13 122 
14 121 
15 120 
16 119 
17 119 
18 119 
19 118 
20 115 
21 111 
22 108 
23 109 
24 107 
25 107 
26 103 
27 100 
28 98 
29 94 
30 90 
31 87 
32 85 
33 88 
34 87 
35 85 
36 86 
37 87 
38 90 
39 89 
40 86 
41 85 
42 84 
43 81 
44 82 
45 81 
46 79 
47 77 
48 78 
49 78 
50 77 
51 77 
52 76 
53 75 
54 74 
55 73 
56 68 
57 63 
58 63 
59 60 
60 59 
61 58 
62 56 
63 53 
64 52 
65 48 
66 45 
67 45 
68 43 
69 45 
70 46 
71 46 
72 46 
73 45 
74 44 
75 44 
76 43 
77 41 
78 44 
79 42 
80 42 
81 40 
82 38 
83 38 
84 40 
85 44 
86 44 
87 44 
88 44 
89 41 
90 37 
91 33 
92 34 
93 33 
94 32 
95 30 
96 27 
97 27 
98 29 
99 27 
100 25 
101 25 
102 23 
103 21 
104 20 
105 19 
106 16 
107 14 
108 15 
109 15 
110 16 
111 13 
112 14 
113 13 
114 11 
115 10 
116 8 
117 10 
118 11 
119 12 
120 13 
121 13 
122 14 
123 13 
124 12 
125 12 
126 11 
127 10 
128 8 
129 5 
130 2 
131 3 
132 2 
133 1 
134 2 
135 2 
136 1 
137 2 
138 1 
139 3 
140 1 
141 1 
142 0 
143 0 
144 0 
145 0 
146 0 
147 0 
148 0 
149 0 
150 0 
151 0 
152 0 
153 1 
154 0 
155 0 
156 0 
157 0 
158 0 
159 1 
160 0 
161 0 

