0 112 
1 112 
2 116 
3 118 
4 117 
5 116 
6 117 
7 116 
8 110 
9 108 
10 104 
11 109 
12 105 
13 109 
14 111 
15 105 
16 106 
17 108 
18 99 
19 97 
20 99 
21 96 
22 91 
23 90 
24 86 
25 82 
26 84 
27 84 
28 83 
29 81 
30 78 
31 77 
32 76 
33 73 
34 75 
35 76 
36 78 
37 76 
38 73 
39 73 
40 72 
41 68 
42 68 
43 66 
44 63 
45 60 
46 67 
47 64 
48 61 
49 58 
50 58 
51 55 
52 56 
53 55 
54 53 
55 51 
56 52 
57 52 
58 49 
59 50 
60 50 
61 48 
62 47 
63 45 
64 43 
65 38 
66 42 
67 43 
68 41 
69 39 
70 37 
71 39 
72 41 
73 40 
74 38 
75 37 
76 37 
77 33 
78 32 
79 30 
80 28 
81 27 
82 26 
83 25 
84 24 
85 25 
86 23 
87 19 
88 22 
89 21 
90 20 
91 20 
92 17 
93 16 
94 15 
95 16 
96 16 
97 17 
98 14 
99 15 
100 14 
101 12 
102 9 
103 9 
104 8 
105 7 
106 4 
107 3 
108 1 
109 0 
110 0 

