0 182 
1 186 
2 189 
3 195 
4 189 
5 183 
6 182 
7 183 
8 178 
9 177 
10 171 
11 171 
12 169 
13 164 
14 162 
15 163 
16 163 
17 161 
18 157 
19 155 
20 157 
21 159 
22 158 
23 155 
24 150 
25 149 
26 146 
27 146 
28 145 
29 147 
30 142 
31 141 
32 137 
33 143 
34 140 
35 136 
36 136 
37 132 
38 129 
39 129 
40 130 
41 129 
42 125 
43 122 
44 126 
45 125 
46 122 
47 121 
48 119 
49 116 
50 118 
51 120 
52 118 
53 114 
54 116 
55 113 
56 112 
57 109 
58 108 
59 108 
60 105 
61 105 
62 105 
63 112 
64 116 
65 113 
66 111 
67 110 
68 103 
69 104 
70 101 
71 99 
72 97 
73 100 
74 102 
75 98 
76 92 
77 94 
78 94 
79 89 
80 86 
81 86 
82 83 
83 78 
84 76 
85 72 
86 69 
87 69 
88 69 
89 66 
90 71 
91 74 
92 74 
93 69 
94 71 
95 66 
96 65 
97 64 
98 62 
99 64 
100 62 
101 60 
102 57 
103 56 
104 53 
105 52 
106 56 
107 56 
108 56 
109 53 
110 52 
111 50 
112 49 
113 52 
114 51 
115 51 
116 49 
117 43 
118 43 
119 41 
120 40 
121 41 
122 40 
123 36 
124 36 
125 34 
126 36 
127 37 
128 35 
129 32 
130 34 
131 32 
132 30 
133 29 
134 27 
135 28 
136 25 
137 23 
138 22 
139 21 
140 20 
141 22 
142 20 
143 18 
144 15 
145 15 
146 14 
147 11 
148 11 
149 9 
150 8 
151 7 
152 7 
153 7 
154 5 
155 3 
156 1 
157 0 
158 0 

