0 288 
1 290 
2 301 
3 301 
4 296 
5 291 
6 292 
7 292 
8 293 
9 293 
10 297 
11 296 
12 296 
13 292 
14 284 
15 285 
16 282 
17 281 
18 285 
19 278 
20 278 
21 272 
22 268 
23 271 
24 269 
25 266 
26 269 
27 269 
28 267 
29 269 
30 262 
31 256 
32 251 
33 254 
34 250 
35 252 
36 247 
37 250 
38 246 
39 244 
40 238 
41 234 
42 232 
43 226 
44 225 
45 223 
46 222 
47 219 
48 213 
49 208 
50 203 
51 203 
52 211 
53 205 
54 207 
55 205 
56 215 
57 211 
58 209 
59 204 
60 200 
61 194 
62 194 
63 189 
64 184 
65 183 
66 183 
67 182 
68 176 
69 172 
70 174 
71 168 
72 166 
73 162 
74 161 
75 164 
76 164 
77 159 
78 155 
79 151 
80 150 
81 143 
82 142 
83 139 
84 136 
85 135 
86 137 
87 135 
88 130 
89 130 
90 129 
91 125 
92 123 
93 120 
94 120 
95 116 
96 117 
97 117 
98 119 
99 115 
100 114 
101 109 
102 107 
103 104 
104 108 
105 105 
106 104 
107 107 
108 104 
109 108 
110 105 
111 102 
112 98 
113 90 
114 93 
115 88 
116 92 
117 84 
118 80 
119 82 
120 81 
121 78 
122 78 
123 81 
124 77 
125 75 
126 73 
127 74 
128 72 
129 74 
130 69 
131 63 
132 61 
133 63 
134 56 
135 53 
136 54 
137 55 
138 54 
139 53 
140 51 
141 48 
142 47 
143 46 
144 47 
145 49 
146 50 
147 47 
148 43 
149 39 
150 39 
151 38 
152 35 
153 31 
154 26 
155 24 
156 21 
157 19 
158 16 
159 15 
160 17 
161 15 
162 14 
163 21 
164 22 
165 20 
166 16 
167 13 
168 10 
169 12 
170 10 
171 7 
172 7 
173 11 
174 10 
175 9 
176 9 
177 8 
178 8 
179 9 
180 7 
181 6 
182 7 
183 8 
184 8 
185 7 
186 5 
187 4 
188 5 
189 6 
190 6 
191 3 
192 2 
193 0 
194 0 

