0 108 
1 109 
2 109 
3 106 
4 108 
5 106 
6 106 
7 104 
8 103 
9 99 
10 99 
11 98 
12 95 
13 94 
14 90 
15 87 
16 86 
17 82 
18 78 
19 76 
20 74 
21 72 
22 72 
23 73 
24 72 
25 69 
26 71 
27 70 
28 65 
29 63 
30 62 
31 57 
32 63 
33 50 
34 50 
35 50 
36 46 
37 45 
38 42 
39 41 
40 41 
41 44 
42 29 
43 31 
44 33 
45 35 
46 35 
47 36 
48 36 
49 36 
50 31 
51 29 
52 25 
53 22 
54 19 
55 18 
56 16 
57 13 
58 14 
59 16 
60 13 
61 12 
62 11 
63 9 
64 6 
65 2 
66 2 
67 3 
68 2 
69 2 
70 1 
71 0 
72 0 

