0 156 
1 161 
2 166 
3 165 
4 167 
5 170 
6 168 
7 167 
8 170 
9 166 
10 176 
11 172 
12 171 
13 166 
14 165 
15 167 
16 165 
17 158 
18 159 
19 163 
20 161 
21 163 
22 158 
23 164 
24 165 
25 161 
26 159 
27 162 
28 153 
29 151 
30 149 
31 146 
32 144 
33 145 
34 139 
35 138 
36 137 
37 133 
38 131 
39 134 
40 127 
41 126 
42 125 
43 125 
44 121 
45 118 
46 118 
47 113 
48 109 
49 110 
50 106 
51 113 
52 114 
53 106 
54 104 
55 105 
56 106 
57 102 
58 101 
59 104 
60 99 
61 94 
62 88 
63 88 
64 86 
65 83 
66 81 
67 83 
68 82 
69 76 
70 75 
71 75 
72 73 
73 71 
74 69 
75 72 
76 74 
77 74 
78 73 
79 73 
80 73 
81 71 
82 65 
83 60 
84 60 
85 55 
86 56 
87 55 
88 53 
89 53 
90 50 
91 50 
92 51 
93 47 
94 45 
95 41 
96 41 
97 38 
98 37 
99 36 
100 36 
101 33 
102 31 
103 30 
104 28 
105 25 
106 25 
107 23 
108 22 
109 19 
110 19 
111 18 
112 17 
113 15 
114 14 
115 12 
116 10 
117 11 
118 9 
119 9 
120 9 
121 10 
122 9 
123 6 
124 8 
125 7 
126 7 
127 6 
128 3 
129 1 
130 0 
131 0 

