0 280 
1 284 
2 291 
3 288 
4 290 
5 290 
6 288 
7 290 
8 295 
9 298 
10 293 
11 296 
12 295 
13 297 
14 288 
15 283 
16 287 
17 283 
18 286 
19 280 
20 280 
21 279 
22 274 
23 273 
24 278 
25 274 
26 274 
27 277 
28 271 
29 272 
30 275 
31 270 
32 267 
33 265 
34 262 
35 261 
36 257 
37 251 
38 253 
39 247 
40 250 
41 244 
42 244 
43 245 
44 239 
45 242 
46 236 
47 238 
48 236 
49 239 
50 235 
51 233 
52 236 
53 235 
54 233 
55 230 
56 230 
57 223 
58 223 
59 221 
60 217 
61 212 
62 210 
63 210 
64 206 
65 200 
66 198 
67 195 
68 194 
69 197 
70 197 
71 195 
72 190 
73 192 
74 191 
75 183 
76 186 
77 188 
78 189 
79 186 
80 179 
81 177 
82 174 
83 175 
84 174 
85 169 
86 164 
87 166 
88 161 
89 160 
90 162 
91 163 
92 167 
93 171 
94 167 
95 160 
96 162 
97 153 
98 154 
99 151 
100 151 
101 154 
102 147 
103 141 
104 141 
105 141 
106 139 
107 140 
108 136 
109 135 
110 134 
111 131 
112 131 
113 128 
114 122 
115 125 
116 119 
117 117 
118 118 
119 118 
120 117 
121 112 
122 118 
123 115 
124 114 
125 117 
126 117 
127 111 
128 108 
129 106 
130 104 
131 103 
132 103 
133 99 
134 100 
135 98 
136 96 
137 95 
138 91 
139 91 
140 94 
141 89 
142 88 
143 90 
144 87 
145 87 
146 85 
147 79 
148 80 
149 74 
150 68 
151 68 
152 68 
153 69 
154 65 
155 72 
156 75 
157 74 
158 74 
159 72 
160 69 
161 69 
162 66 
163 68 
164 63 
165 59 
166 56 
167 52 
168 50 
169 48 
170 49 
171 48 
172 46 
173 44 
174 45 
175 43 
176 42 
177 42 
178 37 
179 34 
180 33 
181 29 
182 25 
183 25 
184 27 
185 23 
186 26 
187 24 
188 20 
189 17 
190 13 
191 10 
192 11 
193 8 
194 8 
195 6 
196 5 
197 5 
198 4 
199 3 
200 1 
201 0 
202 0 

