0 123 
1 124 
2 124 
3 122 
4 121 
5 121 
6 121 
7 119 
8 117 
9 114 
10 110 
11 109 
12 105 
13 106 
14 106 
15 105 
16 107 
17 101 
18 99 
19 96 
20 92 
21 91 
22 91 
23 91 
24 87 
25 86 
26 82 
27 85 
28 83 
29 82 
30 81 
31 82 
32 82 
33 78 
34 76 
35 74 
36 72 
37 71 
38 70 
39 70 
40 68 
41 69 
42 67 
43 63 
44 64 
45 62 
46 57 
47 55 
48 50 
49 50 
50 50 
51 46 
52 45 
53 44 
54 40 
55 36 
56 37 
57 38 
58 41 
59 37 
60 35 
61 34 
62 32 
63 32 
64 27 
65 25 
66 22 
67 20 
68 18 
69 15 
70 16 
71 16 
72 16 
73 14 
74 12 
75 12 
76 9 
77 6 
78 4 
79 2 
80 1 
81 2 
82 0 
83 0 

