0 136 
1 136 
2 139 
3 136 
4 136 
5 135 
6 135 
7 134 
8 132 
9 133 
10 131 
11 132 
12 131 
13 129 
14 128 
15 127 
16 128 
17 123 
18 121 
19 120 
20 120 
21 120 
22 118 
23 116 
24 112 
25 108 
26 106 
27 103 
28 103 
29 100 
30 96 
31 96 
32 93 
33 88 
34 83 
35 81 
36 79 
37 77 
38 70 
39 72 
40 71 
41 69 
42 65 
43 66 
44 62 
45 58 
46 61 
47 59 
48 57 
49 54 
50 56 
51 54 
52 54 
53 51 
54 51 
55 50 
56 49 
57 50 
58 45 
59 43 
60 43 
61 43 
62 42 
63 39 
64 34 
65 32 
66 29 
67 30 
68 29 
69 29 
70 27 
71 25 
72 23 
73 18 
74 7 
75 6 
76 5 
77 5 
78 3 
79 3 
80 4 
81 1 
82 4 
83 4 
84 1 
85 0 
86 0 
87 1 
88 0 
89 1 
90 1 
91 0 
92 0 

