0 200 
1 210 
2 216 
3 215 
4 215 
5 211 
6 212 
7 213 
8 213 
9 209 
10 212 
11 210 
12 209 
13 210 
14 209 
15 204 
16 199 
17 198 
18 206 
19 199 
20 197 
21 193 
22 187 
23 184 
24 189 
25 186 
26 190 
27 182 
28 181 
29 177 
30 173 
31 172 
32 170 
33 167 
34 163 
35 160 
36 166 
37 164 
38 161 
39 154 
40 153 
41 152 
42 153 
43 152 
44 149 
45 145 
46 153 
47 145 
48 143 
49 139 
50 142 
51 142 
52 138 
53 134 
54 132 
55 131 
56 128 
57 130 
58 127 
59 127 
60 125 
61 122 
62 121 
63 120 
64 115 
65 118 
66 113 
67 111 
68 112 
69 109 
70 108 
71 105 
72 101 
73 101 
74 94 
75 98 
76 102 
77 103 
78 95 
79 94 
80 93 
81 94 
82 93 
83 89 
84 90 
85 89 
86 85 
87 87 
88 84 
89 91 
90 87 
91 89 
92 84 
93 84 
94 84 
95 82 
96 82 
97 80 
98 81 
99 76 
100 75 
101 71 
102 72 
103 71 
104 71 
105 70 
106 74 
107 75 
108 76 
109 70 
110 67 
111 64 
112 61 
113 60 
114 56 
115 54 
116 51 
117 52 
118 50 
119 47 
120 48 
121 46 
122 45 
123 42 
124 36 
125 34 
126 34 
127 33 
128 29 
129 27 
130 25 
131 23 
132 20 
133 14 
134 12 
135 10 
136 14 
137 14 
138 12 
139 14 
140 11 
141 10 
142 11 
143 7 
144 5 
145 5 
146 3 
147 1 
148 0 
149 0 

