0 114 
1 114 
2 116 
3 116 
4 116 
5 115 
6 115 
7 113 
8 118 
9 116 
10 113 
11 107 
12 104 
13 100 
14 98 
15 96 
16 95 
17 98 
18 92 
19 89 
20 88 
21 83 
22 80 
23 77 
24 77 
25 71 
26 74 
27 71 
28 70 
29 69 
30 71 
31 69 
32 65 
33 66 
34 65 
35 62 
36 61 
37 58 
38 57 
39 59 
40 59 
41 55 
42 54 
43 50 
44 51 
45 48 
46 47 
47 46 
48 46 
49 47 
50 44 
51 45 
52 41 
53 40 
54 41 
55 39 
56 38 
57 37 
58 35 
59 35 
60 33 
61 31 
62 31 
63 31 
64 31 
65 32 
66 32 
67 30 
68 26 
69 25 
70 25 
71 22 
72 20 
73 19 
74 18 
75 14 
76 12 
77 12 
78 10 
79 8 
80 6 
81 6 
82 6 
83 4 
84 1 
85 1 
86 1 
87 0 
88 0 

