0 101 
1 104 
2 105 
3 102 
4 103 
5 101 
6 99 
7 97 
8 98 
9 97 
10 96 
11 96 
12 99 
13 95 
14 92 
15 94 
16 90 
17 88 
18 85 
19 85 
20 84 
21 86 
22 83 
23 85 
24 83 
25 79 
26 75 
27 73 
28 69 
29 71 
30 71 
31 71 
32 68 
33 69 
34 67 
35 66 
36 64 
37 62 
38 60 
39 66 
40 64 
41 63 
42 61 
43 61 
44 59 
45 56 
46 56 
47 55 
48 54 
49 51 
50 51 
51 48 
52 45 
53 44 
54 44 
55 41 
56 42 
57 39 
58 40 
59 40 
60 42 
61 39 
62 36 
63 34 
64 32 
65 28 
66 25 
67 26 
68 24 
69 24 
70 24 
71 20 
72 17 
73 17 
74 13 
75 13 
76 12 
77 12 
78 12 
79 12 
80 14 
81 15 
82 11 
83 10 
84 9 
85 8 
86 5 
87 5 
88 5 
89 4 
90 5 
91 5 
92 5 
93 4 
94 3 
95 4 
96 3 
97 1 
98 1 
99 2 
100 1 
101 0 
102 0 

