0 132 
1 132 
2 126 
3 127 
4 124 
5 123 
6 120 
7 118 
8 113 
9 110 
10 113 
11 112 
12 110 
13 111 
14 106 
15 106 
16 104 
17 101 
18 98 
19 102 
20 97 
21 103 
22 100 
23 97 
24 98 
25 92 
26 89 
27 89 
28 87 
29 89 
30 89 
31 84 
32 81 
33 77 
34 78 
35 74 
36 72 
37 69 
38 69 
39 66 
40 63 
41 64 
42 64 
43 61 
44 59 
45 58 
46 54 
47 59 
48 53 
49 48 
50 47 
51 47 
52 44 
53 39 
54 40 
55 38 
56 35 
57 34 
58 32 
59 31 
60 32 
61 27 
62 27 
63 23 
64 21 
65 21 
66 20 
67 18 
68 17 
69 15 
70 14 
71 11 
72 9 
73 6 
74 8 
75 7 
76 7 
77 6 
78 4 
79 2 
80 0 
81 0 

