0 220 
1 227 
2 231 
3 232 
4 231 
5 230 
6 236 
7 234 
8 233 
9 226 
10 225 
11 230 
12 226 
13 224 
14 225 
15 225 
16 221 
17 220 
18 219 
19 217 
20 215 
21 212 
22 213 
23 208 
24 208 
25 208 
26 204 
27 203 
28 203 
29 200 
30 203 
31 203 
32 197 
33 194 
34 191 
35 191 
36 191 
37 193 
38 194 
39 195 
40 198 
41 198 
42 194 
43 192 
44 189 
45 189 
46 188 
47 185 
48 180 
49 176 
50 176 
51 176 
52 173 
53 183 
54 182 
55 177 
56 175 
57 176 
58 165 
59 162 
60 154 
61 143 
62 139 
63 140 
64 135 
65 136 
66 136 
67 137 
68 139 
69 139 
70 134 
71 132 
72 126 
73 132 
74 128 
75 125 
76 125 
77 125 
78 121 
79 117 
80 119 
81 117 
82 118 
83 118 
84 118 
85 120 
86 119 
87 112 
88 111 
89 111 
90 110 
91 107 
92 109 
93 102 
94 107 
95 106 
96 103 
97 105 
98 104 
99 112 
100 112 
101 108 
102 103 
103 100 
104 96 
105 91 
106 88 
107 85 
108 80 
109 83 
110 80 
111 76 
112 74 
113 79 
114 74 
115 77 
116 77 
117 76 
118 73 
119 70 
120 69 
121 67 
122 68 
123 67 
124 67 
125 64 
126 64 
127 63 
128 60 
129 56 
130 51 
131 52 
132 56 
133 57 
134 57 
135 56 
136 55 
137 50 
138 47 
139 48 
140 47 
141 46 
142 47 
143 44 
144 39 
145 34 
146 34 
147 33 
148 29 
149 25 
150 25 
151 25 
152 28 
153 28 
154 26 
155 22 
156 21 
157 22 
158 19 
159 18 
160 15 
161 14 
162 12 
163 13 
164 13 
165 11 
166 10 
167 11 
168 7 
169 6 
170 5 
171 4 
172 2 
173 1 
174 2 
175 1 
176 0 
177 0 

