0 187 
1 192 
2 188 
3 191 
4 190 
5 187 
6 188 
7 189 
8 179 
9 177 
10 179 
11 177 
12 175 
13 174 
14 168 
15 169 
16 169 
17 161 
18 160 
19 163 
20 158 
21 159 
22 158 
23 156 
24 160 
25 155 
26 151 
27 148 
28 146 
29 145 
30 144 
31 141 
32 149 
33 142 
34 139 
35 137 
36 137 
37 133 
38 128 
39 126 
40 123 
41 124 
42 122 
43 120 
44 116 
45 114 
46 110 
47 110 
48 109 
49 110 
50 104 
51 103 
52 100 
53 98 
54 96 
55 93 
56 90 
57 85 
58 84 
59 81 
60 80 
61 78 
62 71 
63 73 
64 71 
65 68 
66 71 
67 67 
68 65 
69 61 
70 63 
71 64 
72 59 
73 54 
74 53 
75 52 
76 48 
77 47 
78 44 
79 40 
80 42 
81 41 
82 37 
83 37 
84 33 
85 31 
86 32 
87 29 
88 28 
89 29 
90 26 
91 25 
92 26 
93 25 
94 29 
95 26 
96 23 
97 20 
98 18 
99 17 
100 14 
101 11 
102 11 
103 9 
104 9 
105 8 
106 7 
107 6 
108 5 
109 4 
110 5 
111 3 
112 2 
113 1 
114 2 
115 0 
116 0 

