0 55 
1 61 
2 61 
3 65 
4 63 
5 61 
6 57 
7 58 
8 58 
9 64 
10 63 
11 58 
12 58 
13 55 
14 58 
15 55 
16 54 
17 54 
18 52 
19 52 
20 51 
21 50 
22 48 
23 45 
24 44 
25 41 
26 40 
27 39 
28 38 
29 34 
30 33 
31 35 
32 38 
33 37 
34 35 
35 32 
36 32 
37 27 
38 28 
39 27 
40 25 
41 23 
42 23 
43 22 
44 23 
45 22 
46 22 
47 18 
48 18 
49 17 
50 16 
51 12 
52 13 
53 13 
54 11 
55 11 
56 11 
57 7 
58 7 
59 5 
60 6 
61 5 
62 7 
63 5 
64 5 
65 6 
66 6 
67 4 
68 6 
69 5 
70 5 
71 4 
72 3 
73 3 
74 1 
75 0 
76 0 

