0 204 
1 204 
2 209 
3 209 
4 207 
5 204 
6 198 
7 197 
8 195 
9 197 
10 190 
11 184 
12 183 
13 178 
14 174 
15 176 
16 174 
17 178 
18 181 
19 175 
20 173 
21 171 
22 172 
23 178 
24 174 
25 178 
26 175 
27 166 
28 169 
29 162 
30 162 
31 160 
32 155 
33 156 
34 157 
35 156 
36 151 
37 153 
38 152 
39 152 
40 154 
41 153 
42 149 
43 147 
44 145 
45 140 
46 139 
47 142 
48 142 
49 141 
50 137 
51 135 
52 133 
53 133 
54 134 
55 134 
56 124 
57 122 
58 120 
59 115 
60 115 
61 112 
62 112 
63 106 
64 108 
65 107 
66 106 
67 106 
68 101 
69 96 
70 94 
71 94 
72 90 
73 85 
74 83 
75 84 
76 80 
77 78 
78 75 
79 73 
80 73 
81 73 
82 70 
83 67 
84 66 
85 64 
86 63 
87 60 
88 57 
89 51 
90 50 
91 51 
92 49 
93 48 
94 44 
95 42 
96 39 
97 37 
98 33 
99 31 
100 34 
101 33 
102 32 
103 33 
104 32 
105 30 
106 32 
107 31 
108 31 
109 30 
110 28 
111 26 
112 23 
113 20 
114 19 
115 20 
116 16 
117 16 
118 17 
119 16 
120 17 
121 16 
122 16 
123 16 
124 16 
125 13 
126 9 
127 5 
128 4 
129 3 
130 4 
131 2 
132 1 
133 3 
134 1 
135 1 
136 0 
137 0 

