0 243 
1 246 
2 245 
3 250 
4 249 
5 245 
6 246 
7 250 
8 247 
9 244 
10 246 
11 242 
12 236 
13 236 
14 236 
15 235 
16 235 
17 235 
18 230 
19 229 
20 232 
21 227 
22 227 
23 222 
24 223 
25 216 
26 216 
27 209 
28 205 
29 201 
30 194 
31 197 
32 197 
33 200 
34 193 
35 194 
36 197 
37 194 
38 200 
39 200 
40 195 
41 193 
42 193 
43 190 
44 193 
45 188 
46 185 
47 183 
48 180 
49 178 
50 174 
51 170 
52 167 
53 167 
54 167 
55 161 
56 159 
57 151 
58 150 
59 147 
60 145 
61 145 
62 147 
63 143 
64 141 
65 138 
66 134 
67 130 
68 131 
69 129 
70 134 
71 130 
72 129 
73 132 
74 127 
75 124 
76 124 
77 125 
78 121 
79 117 
80 117 
81 115 
82 113 
83 108 
84 104 
85 105 
86 102 
87 100 
88 96 
89 92 
90 88 
91 88 
92 87 
93 85 
94 82 
95 83 
96 78 
97 78 
98 78 
99 77 
100 72 
101 69 
102 67 
103 66 
104 64 
105 67 
106 63 
107 60 
108 61 
109 58 
110 57 
111 54 
112 48 
113 59 
114 54 
115 49 
116 46 
117 46 
118 44 
119 45 
120 43 
121 41 
122 42 
123 44 
124 42 
125 42 
126 41 
127 40 
128 37 
129 39 
130 35 
131 32 
132 31 
133 27 
134 26 
135 23 
136 23 
137 24 
138 22 
139 17 
140 20 
141 20 
142 16 
143 13 
144 12 
145 12 
146 13 
147 12 
148 10 
149 10 
150 6 
151 7 
152 6 
153 5 
154 4 
155 3 
156 2 
157 2 
158 2 
159 0 
160 0 

