0 141 
1 145 
2 148 
3 154 
4 153 
5 151 
6 146 
7 146 
8 144 
9 145 
10 145 
11 141 
12 136 
13 139 
14 133 
15 131 
16 131 
17 128 
18 130 
19 125 
20 124 
21 120 
22 119 
23 116 
24 115 
25 111 
26 109 
27 109 
28 110 
29 110 
30 107 
31 104 
32 104 
33 103 
34 102 
35 100 
36 100 
37 102 
38 100 
39 100 
40 97 
41 94 
42 92 
43 98 
44 94 
45 91 
46 88 
47 89 
48 87 
49 89 
50 88 
51 85 
52 81 
53 80 
54 81 
55 82 
56 80 
57 80 
58 75 
59 72 
60 74 
61 72 
62 70 
63 64 
64 60 
65 61 
66 61 
67 56 
68 58 
69 55 
70 50 
71 50 
72 50 
73 49 
74 48 
75 46 
76 46 
77 47 
78 45 
79 43 
80 43 
81 43 
82 44 
83 46 
84 43 
85 43 
86 39 
87 36 
88 35 
89 34 
90 36 
91 34 
92 32 
93 29 
94 29 
95 31 
96 29 
97 29 
98 29 
99 28 
100 28 
101 28 
102 26 
103 23 
104 18 
105 17 
106 17 
107 15 
108 19 
109 19 
110 15 
111 13 
112 11 
113 8 
114 10 
115 8 
116 10 
117 8 
118 6 
119 5 
120 3 
121 1 
122 0 
123 0 

