0 206 
1 207 
2 210 
3 209 
4 218 
5 217 
6 216 
7 216 
8 210 
9 207 
10 204 
11 208 
12 208 
13 205 
14 210 
15 205 
16 209 
17 209 
18 211 
19 203 
20 207 
21 202 
22 203 
23 199 
24 198 
25 188 
26 188 
27 189 
28 184 
29 183 
30 181 
31 183 
32 180 
33 177 
34 175 
35 182 
36 179 
37 181 
38 177 
39 171 
40 169 
41 169 
42 169 
43 167 
44 162 
45 160 
46 157 
47 154 
48 156 
49 156 
50 148 
51 145 
52 144 
53 145 
54 142 
55 136 
56 135 
57 136 
58 134 
59 142 
60 140 
61 136 
62 138 
63 138 
64 138 
65 134 
66 140 
67 131 
68 129 
69 130 
70 127 
71 126 
72 127 
73 128 
74 118 
75 116 
76 114 
77 110 
78 109 
79 106 
80 109 
81 108 
82 107 
83 99 
84 99 
85 97 
86 91 
87 90 
88 94 
89 93 
90 90 
91 90 
92 86 
93 79 
94 77 
95 76 
96 70 
97 68 
98 67 
99 65 
100 64 
101 63 
102 60 
103 57 
104 53 
105 52 
106 49 
107 48 
108 48 
109 49 
110 49 
111 47 
112 44 
113 50 
114 48 
115 47 
116 44 
117 45 
118 42 
119 40 
120 45 
121 43 
122 40 
123 37 
124 36 
125 32 
126 39 
127 36 
128 38 
129 39 
130 34 
131 31 
132 35 
133 29 
134 23 
135 23 
136 20 
137 18 
138 16 
139 9 
140 9 
141 7 
142 7 
143 8 
144 8 
145 7 
146 6 
147 7 
148 5 
149 4 
150 2 
151 3 
152 3 
153 1 
154 0 
155 0 

