0 146 
1 148 
2 151 
3 147 
4 148 
5 150 
6 149 
7 147 
8 147 
9 147 
10 147 
11 142 
12 139 
13 139 
14 138 
15 139 
16 137 
17 134 
18 131 
19 132 
20 127 
21 124 
22 121 
23 119 
24 115 
25 113 
26 116 
27 117 
28 113 
29 108 
30 108 
31 104 
32 110 
33 107 
34 106 
35 102 
36 101 
37 101 
38 95 
39 91 
40 91 
41 85 
42 85 
43 84 
44 81 
45 78 
46 80 
47 80 
48 82 
49 84 
50 78 
51 79 
52 76 
53 71 
54 68 
55 66 
56 65 
57 61 
58 56 
59 59 
60 62 
61 59 
62 57 
63 55 
64 53 
65 52 
66 49 
67 47 
68 48 
69 45 
70 39 
71 40 
72 43 
73 42 
74 39 
75 38 
76 38 
77 40 
78 39 
79 35 
80 34 
81 32 
82 30 
83 30 
84 31 
85 35 
86 32 
87 30 
88 29 
89 25 
90 22 
91 19 
92 17 
93 12 
94 9 
95 9 
96 8 
97 7 
98 7 
99 7 
100 8 
101 7 
102 6 
103 3 
104 5 
105 5 
106 4 
107 2 
108 1 
109 0 
110 0 

