0 194 
1 196 
2 199 
3 201 
4 202 
5 199 
6 204 
7 201 
8 199 
9 203 
10 203 
11 204 
12 205 
13 199 
14 199 
15 193 
16 187 
17 188 
18 186 
19 180 
20 177 
21 175 
22 171 
23 170 
24 172 
25 170 
26 168 
27 169 
28 168 
29 165 
30 161 
31 157 
32 153 
33 152 
34 149 
35 143 
36 140 
37 135 
38 136 
39 132 
40 129 
41 130 
42 131 
43 130 
44 126 
45 125 
46 122 
47 120 
48 117 
49 117 
50 113 
51 118 
52 115 
53 109 
54 112 
55 113 
56 113 
57 107 
58 104 
59 97 
60 96 
61 91 
62 92 
63 96 
64 90 
65 89 
66 89 
67 89 
68 89 
69 83 
70 82 
71 80 
72 81 
73 79 
74 78 
75 78 
76 77 
77 76 
78 74 
79 69 
80 71 
81 67 
82 61 
83 57 
84 55 
85 55 
86 54 
87 49 
88 47 
89 48 
90 47 
91 45 
92 40 
93 35 
94 32 
95 29 
96 25 
97 23 
98 28 
99 27 
100 27 
101 28 
102 26 
103 26 
104 22 
105 25 
106 21 
107 22 
108 20 
109 17 
110 18 
111 12 
112 9 
113 11 
114 12 
115 10 
116 10 
117 8 
118 7 
119 5 
120 4 
121 3 
122 2 
123 2 
124 1 
125 0 
126 0 

