0 127 
1 127 
2 129 
3 129 
4 126 
5 123 
6 119 
7 115 
8 111 
9 111 
10 109 
11 105 
12 102 
13 97 
14 92 
15 90 
16 91 
17 87 
18 84 
19 85 
20 82 
21 86 
22 81 
23 80 
24 77 
25 77 
26 79 
27 81 
28 81 
29 81 
30 83 
31 78 
32 75 
33 77 
34 72 
35 76 
36 71 
37 69 
38 67 
39 63 
40 64 
41 64 
42 61 
43 56 
44 56 
45 55 
46 55 
47 51 
48 51 
49 47 
50 46 
51 45 
52 42 
53 45 
54 44 
55 41 
56 42 
57 42 
58 42 
59 40 
60 36 
61 34 
62 35 
63 35 
64 34 
65 31 
66 30 
67 30 
68 29 
69 26 
70 26 
71 27 
72 24 
73 22 
74 21 
75 22 
76 23 
77 21 
78 23 
79 20 
80 18 
81 17 
82 13 
83 15 
84 15 
85 11 
86 12 
87 10 
88 8 
89 11 
90 9 
91 5 
92 4 
93 4 
94 4 
95 3 
96 1 
97 3 
98 1 
99 0 
100 0 

