0 93 
1 95 
2 97 
3 96 
4 94 
5 97 
6 97 
7 96 
8 95 
9 95 
10 92 
11 91 
12 90 
13 86 
14 82 
15 80 
16 79 
17 80 
18 77 
19 80 
20 78 
21 81 
22 78 
23 74 
24 72 
25 71 
26 71 
27 69 
28 70 
29 69 
30 66 
31 66 
32 63 
33 64 
34 63 
35 62 
36 60 
37 61 
38 58 
39 54 
40 53 
41 51 
42 49 
43 46 
44 45 
45 42 
46 44 
47 43 
48 40 
49 38 
50 38 
51 32 
52 35 
53 32 
54 32 
55 29 
56 27 
57 25 
58 22 
59 19 
60 17 
61 17 
62 15 
63 13 
64 13 
65 13 
66 12 
67 11 
68 8 
69 8 
70 8 
71 5 
72 5 
73 5 
74 4 
75 4 
76 3 
77 1 
78 0 
79 0 

