0 96 
1 97 
2 97 
3 96 
4 95 
5 95 
6 93 
7 90 
8 91 
9 89 
10 86 
11 85 
12 85 
13 84 
14 84 
15 82 
16 82 
17 77 
18 78 
19 78 
20 76 
21 73 
22 70 
23 69 
24 67 
25 65 
26 62 
27 57 
28 54 
29 52 
30 51 
31 51 
32 51 
33 52 
34 51 
35 46 
36 44 
37 46 
38 44 
39 45 
40 40 
41 36 
42 35 
43 33 
44 31 
45 32 
46 32 
47 31 
48 31 
49 26 
50 24 
51 24 
52 21 
53 18 
54 16 
55 15 
56 13 
57 10 
58 10 
59 10 
60 9 
61 8 
62 7 
63 4 
64 5 
65 4 
66 3 
67 3 
68 1 
69 3 
70 2 
71 1 
72 2 
73 1 
74 0 
75 0 

