0 78 
1 84 
2 83 
3 82 
4 82 
5 82 
6 80 
7 76 
8 75 
9 73 
10 74 
11 72 
12 68 
13 65 
14 61 
15 63 
16 61 
17 60 
18 58 
19 57 
20 54 
21 52 
22 49 
23 49 
24 48 
25 46 
26 47 
27 46 
28 44 
29 43 
30 42 
31 39 
32 38 
33 38 
34 39 
35 37 
36 37 
37 38 
38 34 
39 38 
40 39 
41 42 
42 37 
43 35 
44 30 
45 27 
46 25 
47 23 
48 25 
49 23 
50 23 
51 23 
52 22 
53 21 
54 20 
55 19 
56 16 
57 15 
58 16 
59 15 
60 14 
61 13 
62 13 
63 13 
64 11 
65 10 
66 8 
67 5 
68 5 
69 3 
70 6 
71 7 
72 6 
73 4 
74 2 
75 2 
76 0 
77 0 

