0 84 
1 85 
2 88 
3 92 
4 91 
5 91 
6 92 
7 90 
8 91 
9 90 
10 93 
11 90 
12 89 
13 87 
14 88 
15 83 
16 83 
17 82 
18 77 
19 75 
20 72 
21 70 
22 69 
23 69 
24 69 
25 68 
26 72 
27 69 
28 70 
29 70 
30 67 
31 64 
32 64 
33 63 
34 60 
35 58 
36 53 
37 52 
38 49 
39 49 
40 47 
41 45 
42 46 
43 41 
44 37 
45 35 
46 34 
47 34 
48 35 
49 36 
50 33 
51 33 
52 34 
53 31 
54 30 
55 25 
56 24 
57 25 
58 23 
59 23 
60 21 
61 20 
62 18 
63 15 
64 10 
65 7 
66 5 
67 5 
68 6 
69 5 
70 4 
71 3 
72 5 
73 3 
74 2 
75 1 
76 1 
77 0 
78 0 

