0 75 
1 79 
2 78 
3 81 
4 80 
5 77 
6 78 
7 73 
8 75 
9 78 
10 78 
11 76 
12 72 
13 74 
14 73 
15 73 
16 71 
17 69 
18 67 
19 65 
20 63 
21 66 
22 63 
23 61 
24 59 
25 58 
26 56 
27 56 
28 58 
29 58 
30 54 
31 51 
32 48 
33 48 
34 44 
35 41 
36 40 
37 40 
38 42 
39 39 
40 37 
41 31 
42 30 
43 29 
44 30 
45 29 
46 28 
47 26 
48 23 
49 21 
50 21 
51 20 
52 20 
53 19 
54 20 
55 19 
56 15 
57 15 
58 15 
59 17 
60 16 
61 14 
62 12 
63 10 
64 10 
65 10 
66 8 
67 7 
68 7 
69 7 
70 6 
71 5 
72 5 
73 6 
74 6 
75 5 
76 3 
77 3 
78 1 
79 1 
80 0 
81 0 

