0 95 
1 101 
2 104 
3 106 
4 105 
5 103 
6 105 
7 103 
8 98 
9 98 
10 97 
11 95 
12 92 
13 90 
14 88 
15 84 
16 83 
17 80 
18 80 
19 80 
20 80 
21 78 
22 75 
23 75 
24 74 
25 70 
26 68 
27 65 
28 62 
29 61 
30 63 
31 63 
32 61 
33 59 
34 60 
35 57 
36 52 
37 46 
38 44 
39 44 
40 43 
41 41 
42 36 
43 34 
44 33 
45 30 
46 28 
47 28 
48 30 
49 29 
50 26 
51 24 
52 24 
53 23 
54 22 
55 24 
56 23 
57 22 
58 19 
59 18 
60 15 
61 13 
62 12 
63 11 
64 10 
65 10 
66 10 
67 11 
68 9 
69 7 
70 5 
71 5 
72 6 
73 6 
74 5 
75 3 
76 2 
77 0 
78 0 
79 0 
80 0 
81 0 
82 0 
83 0 
84 0 
85 0 
86 0 
87 0 
88 0 

