0 148 
1 150 
2 151 
3 148 
4 155 
5 156 
6 154 
7 152 
8 151 
9 149 
10 146 
11 141 
12 140 
13 146 
14 146 
15 141 
16 138 
17 139 
18 137 
19 136 
20 138 
21 142 
22 143 
23 139 
24 136 
25 133 
26 131 
27 130 
28 130 
29 128 
30 125 
31 121 
32 121 
33 114 
34 112 
35 111 
36 108 
37 103 
38 101 
39 100 
40 101 
41 104 
42 102 
43 100 
44 97 
45 96 
46 95 
47 90 
48 87 
49 84 
50 84 
51 84 
52 84 
53 84 
54 82 
55 80 
56 81 
57 80 
58 77 
59 77 
60 76 
61 74 
62 75 
63 73 
64 71 
65 72 
66 69 
67 67 
68 64 
69 65 
70 63 
71 62 
72 62 
73 57 
74 58 
75 60 
76 56 
77 55 
78 52 
79 47 
80 47 
81 45 
82 46 
83 45 
84 43 
85 40 
86 39 
87 41 
88 40 
89 38 
90 37 
91 37 
92 37 
93 36 
94 35 
95 33 
96 30 
97 27 
98 26 
99 25 
100 22 
101 19 
102 19 
103 19 
104 18 
105 16 
106 15 
107 14 
108 15 
109 15 
110 17 
111 15 
112 17 
113 15 
114 12 
115 9 
116 9 
117 8 
118 7 
119 7 
120 8 
121 7 
122 8 
123 7 
124 4 
125 1 
126 2 
127 0 
128 0 

