0 124 
1 122 
2 123 
3 125 
4 125 
5 129 
6 129 
7 126 
8 126 
9 125 
10 125 
11 126 
12 129 
13 126 
14 121 
15 116 
16 112 
17 109 
18 105 
19 107 
20 104 
21 101 
22 99 
23 97 
24 94 
25 93 
26 92 
27 88 
28 85 
29 82 
30 78 
31 77 
32 76 
33 75 
34 73 
35 71 
36 70 
37 69 
38 67 
39 65 
40 64 
41 62 
42 61 
43 59 
44 56 
45 53 
46 54 
47 55 
48 55 
49 52 
50 50 
51 49 
52 47 
53 44 
54 44 
55 40 
56 39 
57 31 
58 33 
59 32 
60 30 
61 28 
62 23 
63 20 
64 19 
65 17 
66 17 
67 14 
68 13 
69 13 
70 10 
71 7 
72 8 
73 8 
74 7 
75 5 
76 2 
77 1 
78 2 
79 1 
80 0 
81 0 

