0 138 
1 141 
2 145 
3 148 
4 151 
5 156 
6 157 
7 154 
8 151 
9 148 
10 148 
11 146 
12 143 
13 145 
14 144 
15 145 
16 143 
17 140 
18 139 
19 134 
20 131 
21 128 
22 128 
23 129 
24 124 
25 126 
26 131 
27 131 
28 129 
29 125 
30 122 
31 123 
32 119 
33 118 
34 118 
35 113 
36 107 
37 108 
38 106 
39 104 
40 103 
41 99 
42 95 
43 90 
44 90 
45 87 
46 85 
47 79 
48 79 
49 77 
50 76 
51 73 
52 71 
53 69 
54 67 
55 67 
56 66 
57 66 
58 67 
59 65 
60 64 
61 63 
62 63 
63 62 
64 59 
65 59 
66 57 
67 57 
68 56 
69 58 
70 57 
71 55 
72 53 
73 54 
74 51 
75 51 
76 49 
77 48 
78 43 
79 42 
80 38 
81 37 
82 36 
83 34 
84 34 
85 34 
86 31 
87 28 
88 25 
89 26 
90 24 
91 24 
92 22 
93 24 
94 22 
95 20 
96 18 
97 16 
98 15 
99 14 
100 11 
101 14 
102 14 
103 13 
104 14 
105 13 
106 14 
107 14 
108 12 
109 11 
110 13 
111 11 
112 8 
113 7 
114 6 
115 6 
116 3 
117 3 
118 3 
119 3 
120 3 
121 2 
122 1 
123 0 
124 0 

