0 87 
1 86 
2 88 
3 88 
4 89 
5 93 
6 98 
7 96 
8 93 
9 92 
10 90 
11 87 
12 83 
13 83 
14 82 
15 77 
16 75 
17 75 
18 76 
19 78 
20 74 
21 72 
22 73 
23 72 
24 71 
25 71 
26 70 
27 67 
28 68 
29 56 
30 56 
31 56 
32 54 
33 54 
34 53 
35 50 
36 52 
37 52 
38 51 
39 52 
40 50 
41 49 
42 49 
43 48 
44 48 
45 49 
46 44 
47 43 
48 39 
49 35 
50 32 
51 30 
52 28 
53 29 
54 28 
55 26 
56 25 
57 25 
58 22 
59 22 
60 20 
61 18 
62 18 
63 18 
64 18 
65 18 
66 17 
67 16 
68 14 
69 12 
70 11 
71 7 
72 3 
73 3 
74 2 
75 2 
76 1 
77 0 
78 0 

