0 129 
1 135 
2 136 
3 140 
4 142 
5 143 
6 140 
7 143 
8 140 
9 138 
10 136 
11 138 
12 133 
13 131 
14 129 
15 130 
16 127 
17 126 
18 122 
19 121 
20 119 
21 118 
22 116 
23 114 
24 112 
25 115 
26 114 
27 114 
28 110 
29 105 
30 105 
31 101 
32 99 
33 96 
34 90 
35 95 
36 93 
37 91 
38 89 
39 89 
40 87 
41 88 
42 86 
43 92 
44 75 
45 78 
46 82 
47 80 
48 76 
49 75 
50 73 
51 68 
52 69 
53 69 
54 67 
55 63 
56 59 
57 57 
58 56 
59 51 
60 50 
61 50 
62 51 
63 49 
64 47 
65 44 
66 43 
67 41 
68 43 
69 41 
70 39 
71 35 
72 35 
73 34 
74 31 
75 29 
76 25 
77 26 
78 22 
79 21 
80 21 
81 20 
82 23 
83 20 
84 19 
85 18 
86 17 
87 15 
88 15 
89 14 
90 14 
91 13 
92 11 
93 11 
94 12 
95 10 
96 9 
97 9 
98 7 
99 6 
100 5 
101 5 
102 4 
103 2 
104 2 
105 3 
106 1 
107 0 
108 0 

