0 160 
1 158 
2 158 
3 160 
4 161 
5 156 
6 156 
7 160 
8 159 
9 158 
10 150 
11 153 
12 154 
13 153 
14 155 
15 156 
16 157 
17 154 
18 154 
19 153 
20 154 
21 153 
22 151 
23 148 
24 147 
25 146 
26 148 
27 146 
28 148 
29 147 
30 145 
31 144 
32 141 
33 141 
34 139 
35 136 
36 135 
37 131 
38 128 
39 121 
40 122 
41 125 
42 120 
43 119 
44 116 
45 112 
46 110 
47 108 
48 105 
49 102 
50 100 
51 102 
52 106 
53 105 
54 104 
55 103 
56 98 
57 95 
58 89 
59 90 
60 89 
61 80 
62 82 
63 81 
64 78 
65 73 
66 76 
67 77 
68 77 
69 76 
70 73 
71 72 
72 69 
73 66 
74 64 
75 58 
76 56 
77 53 
78 51 
79 47 
80 45 
81 44 
82 43 
83 40 
84 37 
85 34 
86 34 
87 32 
88 33 
89 30 
90 28 
91 26 
92 26 
93 25 
94 22 
95 18 
96 17 
97 13 
98 13 
99 11 
100 11 
101 11 
102 10 
103 10 
104 12 
105 12 
106 10 
107 9 
108 9 
109 9 
110 5 
111 2 
112 6 
113 8 
114 8 
115 8 
116 7 
117 7 
118 5 
119 6 
120 5 
121 4 
122 2 
123 3 
124 1 
125 3 
126 2 
127 0 
128 0 

