0 189 
1 197 
2 201 
3 202 
4 204 
5 207 
6 204 
7 203 
8 201 
9 197 
10 196 
11 193 
12 193 
13 192 
14 185 
15 181 
16 179 
17 175 
18 174 
19 169 
20 166 
21 164 
22 165 
23 160 
24 158 
25 154 
26 149 
27 145 
28 143 
29 144 
30 142 
31 140 
32 140 
33 136 
34 135 
35 146 
36 142 
37 143 
38 141 
39 140 
40 138 
41 136 
42 134 
43 130 
44 130 
45 125 
46 120 
47 117 
48 115 
49 114 
50 111 
51 100 
52 98 
53 99 
54 97 
55 95 
56 94 
57 92 
58 90 
59 89 
60 91 
61 88 
62 83 
63 82 
64 77 
65 76 
66 72 
67 70 
68 68 
69 67 
70 65 
71 65 
72 65 
73 65 
74 66 
75 63 
76 62 
77 60 
78 60 
79 59 
80 64 
81 61 
82 56 
83 55 
84 51 
85 52 
86 54 
87 51 
88 49 
89 50 
90 50 
91 49 
92 47 
93 44 
94 44 
95 43 
96 40 
97 40 
98 41 
99 39 
100 37 
101 34 
102 33 
103 34 
104 33 
105 37 
106 36 
107 34 
108 31 
109 28 
110 28 
111 28 
112 31 
113 32 
114 31 
115 27 
116 24 
117 22 
118 19 
119 18 
120 20 
121 19 
122 18 
123 17 
124 15 
125 14 
126 13 
127 12 
128 11 
129 11 
130 11 
131 11 
132 10 
133 9 
134 8 
135 6 
136 5 
137 4 
138 3 
139 1 
140 0 
141 0 

