0 127 
1 133 
2 136 
3 143 
4 140 
5 141 
6 140 
7 141 
8 140 
9 143 
10 142 
11 140 
12 139 
13 138 
14 140 
15 139 
16 140 
17 138 
18 134 
19 130 
20 128 
21 129 
22 129 
23 126 
24 125 
25 124 
26 125 
27 117 
28 117 
29 119 
30 117 
31 111 
32 108 
33 107 
34 106 
35 108 
36 102 
37 99 
38 100 
39 100 
40 101 
41 99 
42 99 
43 97 
44 95 
45 96 
46 95 
47 92 
48 91 
49 91 
50 94 
51 94 
52 91 
53 89 
54 84 
55 83 
56 78 
57 75 
58 72 
59 70 
60 72 
61 72 
62 69 
63 66 
64 65 
65 64 
66 65 
67 61 
68 59 
69 54 
70 55 
71 53 
72 53 
73 54 
74 55 
75 52 
76 48 
77 48 
78 44 
79 44 
80 43 
81 43 
82 42 
83 38 
84 34 
85 30 
86 24 
87 27 
88 27 
89 24 
90 23 
91 21 
92 22 
93 22 
94 21 
95 19 
96 21 
97 21 
98 18 
99 13 
100 12 
101 14 
102 12 
103 10 
104 10 
105 11 
106 10 
107 8 
108 6 
109 6 
110 5 
111 4 
112 3 
113 1 
114 1 
115 0 
116 0 

