0 183 
1 194 
2 195 
3 200 
4 203 
5 208 
6 207 
7 214 
8 212 
9 209 
10 207 
11 205 
12 203 
13 200 
14 198 
15 197 
16 198 
17 195 
18 195 
19 195 
20 195 
21 195 
22 194 
23 191 
24 188 
25 190 
26 188 
27 185 
28 185 
29 182 
30 185 
31 183 
32 180 
33 178 
34 178 
35 176 
36 173 
37 170 
38 165 
39 164 
40 163 
41 161 
42 153 
43 154 
44 151 
45 155 
46 151 
47 151 
48 145 
49 147 
50 148 
51 148 
52 148 
53 143 
54 143 
55 142 
56 137 
57 133 
58 134 
59 137 
60 131 
61 130 
62 129 
63 129 
64 126 
65 125 
66 124 
67 116 
68 115 
69 117 
70 120 
71 116 
72 114 
73 114 
74 112 
75 112 
76 108 
77 103 
78 98 
79 96 
80 92 
81 90 
82 91 
83 90 
84 87 
85 83 
86 78 
87 78 
88 77 
89 78 
90 76 
91 73 
92 73 
93 70 
94 69 
95 67 
96 63 
97 59 
98 57 
99 55 
100 51 
101 49 
102 47 
103 46 
104 43 
105 41 
106 38 
107 36 
108 36 
109 34 
110 33 
111 29 
112 28 
113 26 
114 24 
115 24 
116 22 
117 22 
118 22 
119 20 
120 19 
121 19 
122 18 
123 17 
124 15 
125 14 
126 11 
127 9 
128 8 
129 9 
130 7 
131 6 
132 3 
133 3 
134 3 
135 1 
136 0 
137 0 
138 0 
139 0 

