0 225 
1 239 
2 244 
3 244 
4 249 
5 254 
6 253 
7 254 
8 262 
9 265 
10 269 
11 270 
12 264 
13 262 
14 259 
15 258 
16 257 
17 256 
18 254 
19 252 
20 260 
21 255 
22 251 
23 252 
24 251 
25 251 
26 249 
27 247 
28 244 
29 247 
30 244 
31 243 
32 241 
33 239 
34 236 
35 232 
36 228 
37 225 
38 223 
39 225 
40 225 
41 226 
42 223 
43 221 
44 219 
45 220 
46 220 
47 218 
48 214 
49 215 
50 211 
51 209 
52 207 
53 205 
54 205 
55 201 
56 199 
57 197 
58 192 
59 191 
60 188 
61 188 
62 190 
63 190 
64 191 
65 190 
66 188 
67 187 
68 186 
69 188 
70 189 
71 185 
72 184 
73 181 
74 183 
75 178 
76 179 
77 177 
78 174 
79 173 
80 171 
81 171 
82 166 
83 164 
84 159 
85 158 
86 141 
87 141 
88 138 
89 140 
90 138 
91 137 
92 137 
93 137 
94 136 
95 137 
96 138 
97 138 
98 141 
99 137 
100 128 
101 136 
102 137 
103 134 
104 135 
105 135 
106 136 
107 135 
108 131 
109 125 
110 127 
111 124 
112 119 
113 115 
114 110 
115 107 
116 106 
117 105 
118 105 
119 105 
120 103 
121 104 
122 105 
123 103 
124 99 
125 99 
126 99 
127 97 
128 93 
129 91 
130 88 
131 82 
132 79 
133 74 
134 76 
135 77 
136 76 
137 73 
138 74 
139 74 
140 70 
141 74 
142 70 
143 70 
144 71 
145 69 
146 69 
147 69 
148 69 
149 69 
150 67 
151 64 
152 62 
153 59 
154 56 
155 53 
156 54 
157 54 
158 54 
159 52 
160 49 
161 45 
162 42 
163 43 
164 41 
165 41 
166 40 
167 31 
168 39 
169 39 
170 40 
171 40 
172 37 
173 36 
174 35 
175 33 
176 32 
177 31 
178 29 
179 26 
180 24 
181 24 
182 24 
183 21 
184 22 
185 21 
186 19 
187 16 
188 15 
189 13 
190 12 
191 9 
192 8 
193 6 
194 6 
195 6 
196 5 
197 3 
198 2 
199 2 
200 0 
201 0 

