0 188 
1 196 
2 200 
3 198 
4 203 
5 200 
6 200 
7 205 
8 205 
9 203 
10 202 
11 200 
12 198 
13 196 
14 196 
15 193 
16 195 
17 193 
18 189 
19 185 
20 181 
21 183 
22 187 
23 186 
24 183 
25 181 
26 180 
27 177 
28 180 
29 178 
30 177 
31 175 
32 176 
33 171 
34 167 
35 163 
36 160 
37 158 
38 156 
39 154 
40 153 
41 151 
42 148 
43 149 
44 144 
45 137 
46 141 
47 138 
48 138 
49 135 
50 138 
51 138 
52 125 
53 127 
54 127 
55 127 
56 126 
57 124 
58 121 
59 123 
60 123 
61 122 
62 119 
63 113 
64 111 
65 113 
66 113 
67 113 
68 110 
69 108 
70 107 
71 105 
72 104 
73 102 
74 96 
75 95 
76 92 
77 92 
78 89 
79 90 
80 86 
81 83 
82 84 
83 84 
84 81 
85 77 
86 75 
87 73 
88 69 
89 77 
90 75 
91 77 
92 74 
93 75 
94 75 
95 73 
96 72 
97 69 
98 67 
99 66 
100 63 
101 62 
102 61 
103 60 
104 60 
105 59 
106 57 
107 55 
108 56 
109 52 
110 51 
111 51 
112 51 
113 48 
114 45 
115 45 
116 44 
117 42 
118 40 
119 38 
120 42 
121 40 
122 38 
123 40 
124 40 
125 38 
126 36 
127 35 
128 33 
129 29 
130 30 
131 28 
132 29 
133 27 
134 27 
135 27 
136 25 
137 24 
138 23 
139 24 
140 22 
141 18 
142 19 
143 17 
144 17 
145 16 
146 14 
147 12 
148 12 
149 13 
150 12 
151 11 
152 11 
153 8 
154 5 
155 3 
156 4 
157 2 
158 2 
159 2 
160 2 
161 0 
162 2 
163 0 
164 0 
165 0 
166 0 

