0 316 
1 318 
2 321 
3 324 
4 328 
5 329 
6 315 
7 320 
8 320 
9 325 
10 324 
11 322 
12 321 
13 317 
14 310 
15 306 
16 304 
17 300 
18 298 
19 296 
20 287 
21 285 
22 285 
23 282 
24 280 
25 278 
26 277 
27 285 
28 284 
29 280 
30 278 
31 278 
32 276 
33 275 
34 277 
35 273 
36 269 
37 275 
38 269 
39 264 
40 260 
41 258 
42 258 
43 258 
44 255 
45 252 
46 249 
47 249 
48 241 
49 243 
50 243 
51 241 
52 243 
53 242 
54 239 
55 234 
56 231 
57 229 
58 228 
59 228 
60 226 
61 224 
62 227 
63 222 
64 220 
65 220 
66 217 
67 212 
68 207 
69 210 
70 205 
71 201 
72 199 
73 194 
74 188 
75 183 
76 185 
77 188 
78 187 
79 184 
80 181 
81 178 
82 176 
83 182 
84 179 
85 178 
86 173 
87 169 
88 162 
89 163 
90 166 
91 171 
92 166 
93 166 
94 162 
95 165 
96 163 
97 163 
98 160 
99 159 
100 159 
101 153 
102 150 
103 146 
104 143 
105 140 
106 140 
107 138 
108 136 
109 135 
110 133 
111 135 
112 136 
113 133 
114 130 
115 126 
116 124 
117 123 
118 123 
119 120 
120 114 
121 115 
122 113 
123 111 
124 119 
125 116 
126 111 
127 108 
128 106 
129 108 
130 106 
131 104 
132 102 
133 100 
134 99 
135 95 
136 91 
137 91 
138 87 
139 84 
140 83 
141 81 
142 75 
143 76 
144 78 
145 78 
146 78 
147 78 
148 78 
149 77 
150 76 
151 76 
152 76 
153 74 
154 71 
155 71 
156 75 
157 72 
158 68 
159 66 
160 64 
161 61 
162 58 
163 55 
164 53 
165 51 
166 50 
167 52 
168 51 
169 56 
170 58 
171 56 
172 51 
173 45 
174 42 
175 39 
176 37 
177 38 
178 40 
179 35 
180 35 
181 31 
182 30 
183 29 
184 30 
185 24 
186 27 
187 26 
188 28 
189 27 
190 27 
191 23 
192 21 
193 16 
194 17 
195 16 
196 18 
197 18 
198 18 
199 17 
200 16 
201 15 
202 15 
203 13 
204 12 
205 12 
206 12 
207 12 
208 13 
209 12 
210 11 
211 11 
212 12 
213 11 
214 9 
215 8 
216 8 
217 7 
218 7 
219 6 
220 3 
221 2 
222 2 
223 2 
224 1 
225 0 
226 0 

