0 209 
1 217 
2 216 
3 215 
4 218 
5 226 
6 235 
7 233 
8 233 
9 232 
10 228 
11 227 
12 223 
13 221 
14 220 
15 218 
16 217 
17 219 
18 222 
19 218 
20 215 
21 211 
22 207 
23 207 
24 207 
25 206 
26 208 
27 211 
28 209 
29 205 
30 200 
31 203 
32 200 
33 196 
34 193 
35 195 
36 191 
37 193 
38 190 
39 184 
40 179 
41 173 
42 177 
43 161 
44 161 
45 165 
46 166 
47 162 
48 161 
49 155 
50 160 
51 169 
52 167 
53 167 
54 166 
55 166 
56 166 
57 165 
58 161 
59 163 
60 160 
61 159 
62 157 
63 154 
64 151 
65 149 
66 148 
67 142 
68 141 
69 141 
70 139 
71 139 
72 139 
73 138 
74 137 
75 138 
76 136 
77 134 
78 132 
79 131 
80 126 
81 126 
82 124 
83 122 
84 121 
85 122 
86 120 
87 117 
88 119 
89 116 
90 115 
91 115 
92 113 
93 111 
94 108 
95 105 
96 109 
97 108 
98 106 
99 104 
100 103 
101 100 
102 98 
103 95 
104 94 
105 92 
106 91 
107 87 
108 89 
109 89 
110 88 
111 88 
112 84 
113 82 
114 81 
115 80 
116 84 
117 81 
118 82 
119 79 
120 77 
121 74 
122 73 
123 72 
124 70 
125 68 
126 65 
127 64 
128 62 
129 59 
130 57 
131 56 
132 54 
133 51 
134 47 
135 46 
136 46 
137 43 
138 41 
139 44 
140 43 
141 44 
142 44 
143 42 
144 40 
145 42 
146 40 
147 37 
148 38 
149 35 
150 36 
151 33 
152 31 
153 29 
154 27 
155 25 
156 22 
157 20 
158 20 
159 22 
160 22 
161 21 
162 19 
163 18 
164 18 
165 19 
166 20 
167 15 
168 15 
169 14 
170 14 
171 13 
172 9 
173 7 
174 6 
175 7 
176 6 
177 4 
178 5 
179 5 
180 4 
181 2 
182 1 
183 3 
184 2 
185 0 
186 0 

