0 262 
1 263 
2 260 
3 255 
4 254 
5 251 
6 254 
7 259 
8 261 
9 263 
10 263 
11 264 
12 265 
13 262 
14 263 
15 259 
16 256 
17 253 
18 252 
19 256 
20 255 
21 250 
22 241 
23 239 
24 236 
25 237 
26 233 
27 226 
28 231 
29 231 
30 232 
31 231 
32 233 
33 232 
34 225 
35 222 
36 220 
37 217 
38 216 
39 214 
40 214 
41 213 
42 211 
43 206 
44 203 
45 204 
46 201 
47 199 
48 199 
49 195 
50 193 
51 194 
52 196 
53 195 
54 190 
55 186 
56 184 
57 182 
58 175 
59 175 
60 176 
61 172 
62 169 
63 165 
64 161 
65 157 
66 155 
67 153 
68 151 
69 153 
70 150 
71 145 
72 145 
73 137 
74 138 
75 140 
76 139 
77 140 
78 141 
79 140 
80 137 
81 137 
82 135 
83 129 
84 126 
85 121 
86 118 
87 116 
88 115 
89 111 
90 108 
91 106 
92 107 
93 111 
94 111 
95 108 
96 108 
97 105 
98 102 
99 101 
100 103 
101 100 
102 98 
103 95 
104 94 
105 91 
106 88 
107 85 
108 84 
109 82 
110 81 
111 82 
112 83 
113 81 
114 79 
115 76 
116 74 
117 73 
118 72 
119 67 
120 68 
121 66 
122 71 
123 69 
124 66 
125 63 
126 62 
127 60 
128 60 
129 58 
130 58 
131 58 
132 57 
133 56 
134 55 
135 50 
136 50 
137 52 
138 52 
139 51 
140 46 
141 40 
142 39 
143 38 
144 38 
145 38 
146 34 
147 31 
148 32 
149 30 
150 29 
151 29 
152 29 
153 26 
154 29 
155 27 
156 24 
157 24 
158 20 
159 17 
160 15 
161 15 
162 14 
163 13 
164 12 
165 11 
166 12 
167 12 
168 12 
169 12 
170 12 
171 10 
172 9 
173 9 
174 8 
175 7 
176 5 
177 2 
178 1 
179 1 
180 0 
181 1 
182 0 
183 0 

