0 233 
1 241 
2 250 
3 246 
4 252 
5 253 
6 254 
7 253 
8 252 
9 247 
10 246 
11 247 
12 246 
13 251 
14 252 
15 250 
16 247 
17 245 
18 242 
19 225 
20 229 
21 229 
22 230 
23 229 
24 226 
25 227 
26 225 
27 223 
28 223 
29 230 
30 235 
31 237 
32 237 
33 235 
34 234 
35 228 
36 226 
37 221 
38 219 
39 218 
40 218 
41 215 
42 214 
43 211 
44 211 
45 209 
46 203 
47 204 
48 207 
49 203 
50 196 
51 195 
52 193 
53 189 
54 191 
55 191 
56 190 
57 187 
58 192 
59 193 
60 193 
61 191 
62 191 
63 189 
64 186 
65 184 
66 181 
67 179 
68 175 
69 174 
70 168 
71 166 
72 163 
73 158 
74 157 
75 158 
76 158 
77 156 
78 157 
79 158 
80 159 
81 157 
82 156 
83 152 
84 150 
85 148 
86 145 
87 143 
88 142 
89 139 
90 137 
91 135 
92 132 
93 129 
94 125 
95 124 
96 124 
97 121 
98 120 
99 117 
100 114 
101 111 
102 110 
103 107 
104 111 
105 109 
106 105 
107 104 
108 103 
109 103 
110 102 
111 97 
112 96 
113 94 
114 94 
115 93 
116 93 
117 91 
118 93 
119 90 
120 87 
121 90 
122 90 
123 88 
124 85 
125 84 
126 85 
127 83 
128 81 
129 79 
130 75 
131 73 
132 72 
133 73 
134 71 
135 70 
136 68 
137 66 
138 63 
139 60 
140 59 
141 58 
142 56 
143 58 
144 56 
145 53 
146 55 
147 51 
148 52 
149 51 
150 50 
151 48 
152 48 
153 46 
154 44 
155 44 
156 42 
157 39 
158 37 
159 34 
160 34 
161 33 
162 33 
163 32 
164 30 
165 29 
166 28 
167 25 
168 20 
169 20 
170 20 
171 21 
172 20 
173 19 
174 18 
175 16 
176 15 
177 12 
178 10 
179 9 
180 8 
181 8 
182 9 
183 9 
184 10 
185 9 
186 9 
187 8 
188 9 
189 8 
190 7 
191 5 
192 6 
193 7 
194 5 
195 5 
196 4 
197 3 
198 2 
199 1 
200 0 
201 0 

