0 280 
1 288 
2 294 
3 299 
4 297 
5 296 
6 295 
7 292 
8 291 
9 292 
10 289 
11 286 
12 285 
13 283 
14 282 
15 277 
16 277 
17 280 
18 283 
19 279 
20 276 
21 273 
22 275 
23 277 
24 276 
25 274 
26 277 
27 274 
28 271 
29 271 
30 267 
31 262 
32 256 
33 250 
34 249 
35 246 
36 246 
37 247 
38 248 
39 250 
40 248 
41 243 
42 243 
43 240 
44 239 
45 234 
46 234 
47 231 
48 228 
49 226 
50 224 
51 224 
52 226 
53 225 
54 220 
55 219 
56 218 
57 218 
58 219 
59 217 
60 217 
61 220 
62 212 
63 213 
64 210 
65 208 
66 207 
67 206 
68 212 
69 210 
70 203 
71 202 
72 202 
73 198 
74 196 
75 198 
76 198 
77 199 
78 198 
79 183 
80 184 
81 186 
82 183 
83 181 
84 178 
85 178 
86 173 
87 172 
88 170 
89 173 
90 168 
91 167 
92 150 
93 153 
94 151 
95 154 
96 152 
97 154 
98 152 
99 149 
100 149 
101 152 
102 149 
103 150 
104 152 
105 151 
106 153 
107 150 
108 148 
109 146 
110 145 
111 129 
112 130 
113 129 
114 132 
115 129 
116 127 
117 126 
118 122 
119 125 
120 120 
121 118 
122 123 
123 125 
124 110 
125 110 
126 109 
127 108 
128 106 
129 106 
130 109 
131 109 
132 105 
133 102 
134 105 
135 103 
136 100 
137 98 
138 96 
139 96 
140 97 
141 93 
142 90 
143 86 
144 82 
145 80 
146 82 
147 79 
148 80 
149 78 
150 79 
151 78 
152 80 
153 77 
154 77 
155 73 
156 71 
157 75 
158 75 
159 75 
160 79 
161 81 
162 83 
163 74 
164 76 
165 76 
166 77 
167 74 
168 74 
169 72 
170 67 
171 64 
172 62 
173 61 
174 59 
175 58 
176 57 
177 55 
178 56 
179 53 
180 49 
181 49 
182 49 
183 48 
184 47 
185 47 
186 44 
187 41 
188 40 
189 38 
190 34 
191 30 
192 26 
193 22 
194 23 
195 23 
196 22 
197 20 
198 17 
199 16 
200 15 
201 13 
202 12 
203 12 
204 10 
205 12 
206 11 
207 9 
208 8 
209 12 
210 11 
211 8 
212 7 
213 7 
214 6 
215 3 
216 3 
217 3 
218 0 
219 0 

