0 173 
1 182 
2 184 
3 183 
4 183 
5 184 
6 193 
7 196 
8 198 
9 199 
10 203 
11 207 
12 205 
13 202 
14 199 
15 199 
16 196 
17 197 
18 196 
19 193 
20 192 
21 195 
22 197 
23 198 
24 198 
25 198 
26 197 
27 195 
28 198 
29 193 
30 190 
31 187 
32 185 
33 181 
34 179 
35 177 
36 175 
37 175 
38 176 
39 175 
40 168 
41 170 
42 168 
43 170 
44 168 
45 163 
46 162 
47 156 
48 153 
49 152 
50 148 
51 146 
52 145 
53 144 
54 142 
55 141 
56 142 
57 138 
58 138 
59 139 
60 136 
61 132 
62 130 
63 128 
64 126 
65 124 
66 127 
67 123 
68 121 
69 122 
70 122 
71 125 
72 124 
73 120 
74 116 
75 111 
76 111 
77 109 
78 106 
79 106 
80 103 
81 99 
82 98 
83 98 
84 93 
85 94 
86 92 
87 91 
88 90 
89 88 
90 87 
91 86 
92 85 
93 85 
94 84 
95 83 
96 81 
97 81 
98 79 
99 80 
100 76 
101 76 
102 73 
103 72 
104 70 
105 68 
106 64 
107 61 
108 58 
109 57 
110 41 
111 38 
112 39 
113 38 
114 39 
115 41 
116 43 
117 40 
118 43 
119 43 
120 42 
121 39 
122 38 
123 39 
124 39 
125 35 
126 36 
127 34 
128 31 
129 28 
130 27 
131 25 
132 23 
133 21 
134 18 
135 15 
136 14 
137 13 
138 12 
139 10 
140 9 
141 8 
142 9 
143 8 
144 6 
145 6 
146 5 
147 5 
148 4 
149 2 
150 1 
151 0 
152 0 

