0 192 
1 202 
2 204 
3 204 
4 211 
5 210 
6 209 
7 212 
8 210 
9 210 
10 208 
11 209 
12 210 
13 208 
14 205 
15 208 
16 209 
17 207 
18 203 
19 201 
20 203 
21 200 
22 198 
23 195 
24 193 
25 190 
26 190 
27 195 
28 192 
29 191 
30 189 
31 190 
32 188 
33 186 
34 182 
35 180 
36 176 
37 178 
38 179 
39 180 
40 178 
41 174 
42 171 
43 168 
44 170 
45 171 
46 173 
47 169 
48 169 
49 166 
50 162 
51 158 
52 158 
53 157 
54 152 
55 150 
56 149 
57 134 
58 136 
59 135 
60 132 
61 134 
62 128 
63 128 
64 124 
65 123 
66 121 
67 119 
68 116 
69 112 
70 113 
71 112 
72 113 
73 111 
74 107 
75 106 
76 106 
77 102 
78 100 
79 97 
80 96 
81 94 
82 92 
83 92 
84 90 
85 88 
86 85 
87 81 
88 78 
89 75 
90 72 
91 76 
92 74 
93 73 
94 72 
95 65 
96 62 
97 59 
98 59 
99 59 
100 61 
101 62 
102 63 
103 66 
104 64 
105 62 
106 59 
107 55 
108 52 
109 50 
110 48 
111 44 
112 41 
113 40 
114 38 
115 39 
116 38 
117 37 
118 36 
119 35 
120 33 
121 31 
122 31 
123 29 
124 29 
125 28 
126 25 
127 21 
128 19 
129 20 
130 19 
131 20 
132 19 
133 20 
134 18 
135 18 
136 17 
137 14 
138 12 
139 10 
140 12 
141 8 
142 7 
143 7 
144 5 
145 4 
146 3 
147 4 
148 5 
149 5 
150 5 
151 4 
152 3 
153 2 
154 0 
155 0 

