0 102 
1 99 
2 100 
3 102 
4 106 
5 102 
6 101 
7 102 
8 103 
9 103 
10 101 
11 97 
12 99 
13 95 
14 94 
15 92 
16 91 
17 91 
18 89 
19 92 
20 94 
21 93 
22 87 
23 85 
24 85 
25 82 
26 79 
27 77 
28 77 
29 80 
30 79 
31 76 
32 73 
33 74 
34 71 
35 67 
36 64 
37 60 
38 56 
39 59 
40 54 
41 56 
42 52 
43 51 
44 57 
45 58 
46 56 
47 56 
48 53 
49 52 
50 50 
51 51 
52 47 
53 46 
54 46 
55 41 
56 36 
57 32 
58 30 
59 33 
60 31 
61 33 
62 32 
63 26 
64 22 
65 25 
66 22 
67 23 
68 22 
69 19 
70 18 
71 18 
72 20 
73 18 
74 18 
75 16 
76 12 
77 13 
78 11 
79 10 
80 10 
81 10 
82 10 
83 10 
84 11 
85 13 
86 11 
87 9 
88 8 
89 5 
90 3 
91 2 
92 1 
93 1 
94 0 
95 0 

