0 144 
1 144 
2 147 
3 148 
4 143 
5 137 
6 140 
7 139 
8 138 
9 137 
10 138 
11 134 
12 130 
13 128 
14 124 
15 126 
16 123 
17 123 
18 123 
19 117 
20 116 
21 114 
22 113 
23 113 
24 116 
25 110 
26 110 
27 110 
28 109 
29 105 
30 102 
31 99 
32 95 
33 94 
34 95 
35 95 
36 89 
37 90 
38 92 
39 91 
40 87 
41 84 
42 82 
43 82 
44 81 
45 81 
46 77 
47 72 
48 73 
49 72 
50 72 
51 71 
52 72 
53 67 
54 66 
55 63 
56 65 
57 59 
58 55 
59 55 
60 54 
61 51 
62 51 
63 51 
64 51 
65 49 
66 47 
67 44 
68 41 
69 40 
70 42 
71 41 
72 38 
73 35 
74 35 
75 31 
76 29 
77 27 
78 27 
79 29 
80 26 
81 26 
82 26 
83 24 
84 22 
85 23 
86 20 
87 21 
88 20 
89 19 
90 15 
91 12 
92 12 
93 9 
94 10 
95 9 
96 8 
97 7 
98 5 
99 4 
100 3 
101 3 
102 3 
103 3 
104 1 
105 0 
106 0 

