0 134 
1 136 
2 131 
3 131 
4 130 
5 125 
6 126 
7 125 
8 126 
9 121 
10 121 
11 119 
12 119 
13 120 
14 117 
15 115 
16 118 
17 116 
18 116 
19 114 
20 114 
21 117 
22 111 
23 113 
24 110 
25 110 
26 110 
27 110 
28 111 
29 111 
30 110 
31 108 
32 105 
33 103 
34 104 
35 103 
36 96 
37 91 
38 90 
39 92 
40 93 
41 92 
42 89 
43 87 
44 83 
45 85 
46 83 
47 79 
48 75 
49 75 
50 74 
51 77 
52 74 
53 74 
54 68 
55 63 
56 61 
57 60 
58 56 
59 52 
60 47 
61 45 
62 45 
63 45 
64 45 
65 42 
66 42 
67 39 
68 36 
69 37 
70 39 
71 33 
72 30 
73 28 
74 29 
75 28 
76 26 
77 24 
78 25 
79 21 
80 19 
81 16 
82 17 
83 13 
84 11 
85 10 
86 8 
87 7 
88 10 
89 8 
90 6 
91 5 
92 7 
93 4 
94 3 
95 6 
96 4 
97 3 
98 3 
99 3 
100 3 
101 3 
102 1 
103 1 
104 0 
105 0 

