0 79 
1 80 
2 83 
3 85 
4 86 
5 84 
6 83 
7 82 
8 80 
9 79 
10 82 
11 83 
12 81 
13 80 
14 77 
15 77 
16 78 
17 76 
18 74 
19 71 
20 67 
21 68 
22 66 
23 64 
24 61 
25 64 
26 61 
27 60 
28 59 
29 57 
30 56 
31 54 
32 52 
33 51 
34 49 
35 47 
36 48 
37 49 
38 52 
39 52 
40 49 
41 45 
42 46 
43 44 
44 40 
45 39 
46 38 
47 39 
48 41 
49 39 
50 37 
51 37 
52 35 
53 33 
54 32 
55 30 
56 29 
57 29 
58 26 
59 25 
60 24 
61 22 
62 20 
63 20 
64 18 
65 18 
66 16 
67 17 
68 17 
69 16 
70 17 
71 16 
72 16 
73 15 
74 12 
75 11 
76 11 
77 14 
78 13 
79 12 
80 11 
81 10 
82 9 
83 8 
84 7 
85 8 
86 7 
87 7 
88 6 
89 5 
90 3 
91 3 
92 3 
93 3 
94 3 
95 3 
96 2 
97 2 
98 0 
99 0 

