0 79 
1 80 
2 79 
3 79 
4 79 
5 78 
6 76 
7 76 
8 77 
9 77 
10 76 
11 76 
12 75 
13 74 
14 73 
15 72 
16 72 
17 66 
18 64 
19 68 
20 68 
21 67 
22 66 
23 65 
24 63 
25 60 
26 56 
27 54 
28 52 
29 54 
30 55 
31 52 
32 51 
33 51 
34 49 
35 48 
36 49 
37 47 
38 44 
39 40 
40 42 
41 39 
42 38 
43 35 
44 36 
45 34 
46 35 
47 33 
48 32 
49 33 
50 33 
51 32 
52 35 
53 33 
54 34 
55 35 
56 33 
57 34 
58 32 
59 30 
60 31 
61 30 
62 29 
63 28 
64 27 
65 24 
66 23 
67 22 
68 21 
69 20 
70 21 
71 20 
72 22 
73 20 
74 17 
75 15 
76 15 
77 12 
78 10 
79 10 
80 8 
81 9 
82 8 
83 7 
84 8 
85 6 
86 6 
87 4 
88 2 
89 2 
90 2 
91 2 
92 0 
93 0 

