0 71 
1 77 
2 77 
3 79 
4 77 
5 76 
6 74 
7 72 
8 74 
9 73 
10 76 
11 77 
12 78 
13 78 
14 77 
15 77 
16 75 
17 75 
18 75 
19 75 
20 71 
21 71 
22 70 
23 69 
24 68 
25 66 
26 63 
27 60 
28 58 
29 58 
30 57 
31 55 
32 53 
33 54 
34 53 
35 53 
36 53 
37 52 
38 51 
39 51 
40 53 
41 52 
42 50 
43 50 
44 50 
45 48 
46 45 
47 44 
48 44 
49 46 
50 46 
51 46 
52 46 
53 46 
54 45 
55 44 
56 45 
57 43 
58 41 
59 41 
60 39 
61 35 
62 34 
63 34 
64 33 
65 32 
66 31 
67 29 
68 29 
69 30 
70 31 
71 29 
72 29 
73 28 
74 24 
75 23 
76 24 
77 23 
78 22 
79 18 
80 17 
81 17 
82 16 
83 14 
84 11 
85 10 
86 12 
87 10 
88 6 
89 6 
90 4 
91 2 
92 2 
93 1 
94 0 
95 0 

