0 100 
1 104 
2 105 
3 105 
4 107 
5 106 
6 109 
7 108 
8 106 
9 104 
10 101 
11 99 
12 98 
13 97 
14 101 
15 97 
16 96 
17 96 
18 94 
19 94 
20 96 
21 95 
22 91 
23 90 
24 87 
25 86 
26 84 
27 86 
28 86 
29 84 
30 82 
31 79 
32 75 
33 73 
34 69 
35 69 
36 69 
37 69 
38 67 
39 69 
40 71 
41 71 
42 71 
43 68 
44 67 
45 65 
46 63 
47 66 
48 67 
49 67 
50 64 
51 65 
52 65 
53 64 
54 60 
55 55 
56 53 
57 53 
58 54 
59 52 
60 51 
61 52 
62 51 
63 50 
64 49 
65 48 
66 46 
67 43 
68 45 
69 44 
70 44 
71 45 
72 44 
73 43 
74 41 
75 39 
76 40 
77 37 
78 37 
79 38 
80 39 
81 39 
82 37 
83 38 
84 38 
85 38 
86 35 
87 34 
88 36 
89 35 
90 33 
91 32 
92 31 
93 32 
94 31 
95 29 
96 30 
97 29 
98 29 
99 29 
100 27 
101 26 
102 24 
103 22 
104 20 
105 20 
106 24 
107 22 
108 20 
109 20 
110 20 
111 17 
112 15 
113 14 
114 14 
115 13 
116 12 
117 11 
118 11 
119 10 
120 8 
121 6 
122 4 
123 3 
124 3 
125 3 
126 2 
127 0 
128 0 

