0 115 
1 116 
2 117 
3 117 
4 118 
5 117 
6 116 
7 116 
8 115 
9 117 
10 115 
11 115 
12 112 
13 111 
14 109 
15 109 
16 107 
17 104 
18 100 
19 99 
20 102 
21 100 
22 100 
23 101 
24 99 
25 98 
26 97 
27 96 
28 94 
29 91 
30 92 
31 92 
32 91 
33 91 
34 91 
35 89 
36 88 
37 87 
38 85 
39 85 
40 85 
41 86 
42 86 
43 83 
44 82 
45 82 
46 81 
47 79 
48 76 
49 77 
50 75 
51 75 
52 72 
53 70 
54 68 
55 69 
56 68 
57 68 
58 68 
59 67 
60 67 
61 67 
62 67 
63 65 
64 64 
65 61 
66 60 
67 61 
68 59 
69 59 
70 58 
71 56 
72 57 
73 56 
74 55 
75 54 
76 51 
77 50 
78 46 
79 46 
80 45 
81 44 
82 45 
83 44 
84 43 
85 42 
86 39 
87 40 
88 36 
89 38 
90 37 
91 40 
92 38 
93 36 
94 33 
95 31 
96 32 
97 31 
98 31 
99 29 
100 28 
101 24 
102 21 
103 17 
104 18 
105 19 
106 18 
107 18 
108 18 
109 19 
110 19 
111 18 
112 14 
113 14 
114 12 
115 12 
116 10 
117 9 
118 7 
119 5 
120 3 
121 4 
122 2 
123 1 
124 0 
125 0 

