0 85 
1 89 
2 91 
3 94 
4 94 
5 100 
6 100 
7 99 
8 98 
9 97 
10 96 
11 95 
12 95 
13 92 
14 91 
15 90 
16 87 
17 85 
18 81 
19 80 
20 79 
21 79 
22 80 
23 82 
24 82 
25 79 
26 76 
27 74 
28 75 
29 73 
30 72 
31 72 
32 74 
33 71 
34 69 
35 69 
36 67 
37 68 
38 69 
39 64 
40 61 
41 57 
42 57 
43 56 
44 56 
45 55 
46 56 
47 57 
48 57 
49 56 
50 54 
51 51 
52 52 
53 51 
54 48 
55 49 
56 48 
57 46 
58 47 
59 44 
60 43 
61 42 
62 41 
63 38 
64 35 
65 36 
66 34 
67 35 
68 35 
69 36 
70 36 
71 34 
72 30 
73 31 
74 30 
75 31 
76 28 
77 25 
78 21 
79 20 
80 20 
81 19 
82 19 
83 18 
84 16 
85 12 
86 11 
87 8 
88 11 
89 10 
90 9 
91 10 
92 10 
93 9 
94 10 
95 8 
96 6 
97 6 
98 7 
99 6 
100 6 
101 6 
102 6 
103 5 
104 4 
105 1 
106 0 
107 0 

