0 106 
1 112 
2 115 
3 113 
4 118 
5 117 
6 116 
7 116 
8 117 
9 115 
10 118 
11 121 
12 122 
13 118 
14 117 
15 117 
16 116 
17 113 
18 112 
19 110 
20 110 
21 112 
22 111 
23 107 
24 105 
25 104 
26 108 
27 110 
28 108 
29 105 
30 104 
31 104 
32 102 
33 102 
34 104 
35 101 
36 99 
37 99 
38 99 
39 97 
40 94 
41 94 
42 92 
43 90 
44 91 
45 88 
46 88 
47 87 
48 87 
49 83 
50 84 
51 85 
52 84 
53 83 
54 82 
55 82 
56 80 
57 76 
58 77 
59 77 
60 77 
61 80 
62 79 
63 79 
64 76 
65 74 
66 72 
67 70 
68 69 
69 68 
70 67 
71 64 
72 63 
73 62 
74 63 
75 65 
76 66 
77 64 
78 64 
79 63 
80 63 
81 61 
82 60 
83 58 
84 56 
85 55 
86 54 
87 52 
88 52 
89 52 
90 50 
91 50 
92 47 
93 43 
94 42 
95 40 
96 41 
97 41 
98 41 
99 40 
100 42 
101 44 
102 42 
103 40 
104 41 
105 39 
106 37 
107 36 
108 38 
109 37 
110 35 
111 36 
112 36 
113 35 
114 35 
115 33 
116 32 
117 30 
118 28 
119 26 
120 26 
121 27 
122 27 
123 25 
124 23 
125 22 
126 20 
127 18 
128 19 
129 18 
130 15 
131 14 
132 13 
133 16 
134 16 
135 14 
136 14 
137 13 
138 13 
139 14 
140 15 
141 14 
142 14 
143 12 
144 9 
145 11 
146 11 
147 11 
148 11 
149 10 
150 8 
151 5 
152 3 
153 1 
154 1 
155 1 
156 0 
157 0 

