0 58 
1 65 
2 64 
3 64 
4 65 
5 62 
6 61 
7 61 
8 60 
9 58 
10 58 
11 57 
12 55 
13 66 
14 66 
15 63 
16 62 
17 59 
18 58 
19 58 
20 59 
21 58 
22 58 
23 57 
24 55 
25 54 
26 51 
27 45 
28 45 
29 42 
30 42 
31 42 
32 42 
33 40 
34 37 
35 38 
36 37 
37 34 
38 33 
39 30 
40 29 
41 26 
42 27 
43 28 
44 28 
45 27 
46 27 
47 26 
48 25 
49 24 
50 22 
51 20 
52 21 
53 18 
54 16 
55 18 
56 18 
57 17 
58 18 
59 16 
60 15 
61 13 
62 13 
63 13 
64 13 
65 12 
66 9 
67 7 
68 5 
69 5 
70 5 
71 4 
72 3 
73 2 
74 1 
75 1 
76 0 
77 0 

