0 85 
1 85 
2 85 
3 86 
4 82 
5 82 
6 81 
7 79 
8 79 
9 77 
10 76 
11 76 
12 74 
13 73 
14 74 
15 73 
16 73 
17 72 
18 69 
19 70 
20 65 
21 63 
22 63 
23 63 
24 63 
25 62 
26 59 
27 55 
28 56 
29 55 
30 55 
31 52 
32 51 
33 51 
34 48 
35 47 
36 44 
37 42 
38 40 
39 40 
40 36 
41 36 
42 36 
43 35 
44 33 
45 31 
46 28 
47 27 
48 27 
49 24 
50 24 
51 24 
52 25 
53 23 
54 22 
55 22 
56 20 
57 18 
58 18 
59 15 
60 16 
61 13 
62 11 
63 8 
64 8 
65 9 
66 7 
67 7 
68 6 
69 7 
70 6 
71 5 
72 4 
73 4 
74 3 
75 3 
76 3 
77 4 
78 3 
79 2 
80 1 
81 0 
82 0 

