0 81 
1 81 
2 85 
3 83 
4 83 
5 82 
6 80 
7 80 
8 82 
9 83 
10 82 
11 81 
12 79 
13 77 
14 75 
15 75 
16 77 
17 75 
18 74 
19 73 
20 71 
21 71 
22 69 
23 67 
24 67 
25 66 
26 66 
27 65 
28 66 
29 64 
30 67 
31 65 
32 62 
33 63 
34 60 
35 60 
36 60 
37 57 
38 58 
39 54 
40 52 
41 53 
42 53 
43 52 
44 51 
45 51 
46 50 
47 49 
48 50 
49 49 
50 48 
51 49 
52 48 
53 46 
54 44 
55 45 
56 44 
57 44 
58 45 
59 44 
60 41 
61 42 
62 43 
63 44 
64 43 
65 42 
66 40 
67 40 
68 40 
69 38 
70 37 
71 34 
72 32 
73 30 
74 28 
75 28 
76 28 
77 26 
78 24 
79 22 
80 20 
81 19 
82 17 
83 16 
84 15 
85 14 
86 15 
87 13 
88 11 
89 10 
90 9 
91 8 
92 7 
93 7 
94 7 
95 11 
96 10 
97 10 
98 8 
99 6 
100 5 
101 5 
102 4 
103 4 
104 3 
105 3 
106 2 
107 1 
108 0 
109 0 

