0 55 
1 58 
2 60 
3 60 
4 63 
5 63 
6 63 
7 63 
8 61 
9 63 
10 63 
11 61 
12 59 
13 59 
14 58 
15 55 
16 53 
17 53 
18 51 
19 50 
20 50 
21 49 
22 48 
23 49 
24 49 
25 49 
26 50 
27 50 
28 49 
29 49 
30 48 
31 47 
32 47 
33 44 
34 45 
35 45 
36 43 
37 41 
38 42 
39 39 
40 39 
41 41 
42 40 
43 38 
44 38 
45 39 
46 35 
47 32 
48 31 
49 28 
50 26 
51 28 
52 29 
53 27 
54 27 
55 27 
56 26 
57 25 
58 25 
59 25 
60 27 
61 27 
62 24 
63 23 
64 22 
65 19 
66 15 
67 13 
68 13 
69 14 
70 13 
71 12 
72 11 
73 12 
74 11 
75 11 
76 10 
77 9 
78 8 
79 7 
80 6 
81 6 
82 5 
83 5 
84 5 
85 4 
86 2 
87 1 
88 1 
89 0 
90 0 

