0 45 
1 47 
2 47 
3 52 
4 57 
5 62 
6 65 
7 67 
8 65 
9 66 
10 64 
11 63 
12 60 
13 58 
14 56 
15 57 
16 57 
17 59 
18 56 
19 55 
20 52 
21 47 
22 48 
23 48 
24 48 
25 47 
26 46 
27 45 
28 45 
29 44 
30 43 
31 42 
32 41 
33 39 
34 38 
35 37 
36 36 
37 32 
38 34 
39 32 
40 31 
41 35 
42 32 
43 32 
44 31 
45 31 
46 32 
47 30 
48 29 
49 30 
50 29 
51 28 
52 28 
53 27 
54 27 
55 26 
56 24 
57 22 
58 20 
59 19 
60 20 
61 19 
62 19 
63 17 
64 17 
65 15 
66 14 
67 12 
68 14 
69 14 
70 14 
71 12 
72 11 
73 9 
74 8 
75 8 
76 8 
77 7 
78 6 
79 6 
80 5 
81 4 
82 3 
83 2 
84 3 
85 3 
86 4 
87 4 
88 3 
89 2 
90 1 
91 0 
92 0 

