0 83 
1 84 
2 84 
3 85 
4 80 
5 78 
6 78 
7 75 
8 73 
9 70 
10 66 
11 66 
12 68 
13 69 
14 70 
15 67 
16 62 
17 62 
18 60 
19 57 
20 58 
21 60 
22 59 
23 56 
24 57 
25 57 
26 52 
27 48 
28 49 
29 44 
30 43 
31 43 
32 44 
33 43 
34 44 
35 43 
36 42 
37 45 
38 42 
39 38 
40 35 
41 36 
42 34 
43 34 
44 36 
45 34 
46 32 
47 33 
48 33 
49 31 
50 30 
51 31 
52 32 
53 29 
54 27 
55 27 
56 26 
57 25 
58 25 
59 22 
60 25 
61 24 
62 24 
63 21 
64 17 
65 17 
66 18 
67 16 
68 13 
69 13 
70 12 
71 10 
72 7 
73 5 
74 3 
75 3 
76 2 
77 1 
78 2 
79 2 
80 1 
81 0 
82 0 

