0 79 
1 79 
2 82 
3 82 
4 80 
5 81 
6 85 
7 80 
8 77 
9 76 
10 80 
11 78 
12 76 
13 73 
14 76 
15 74 
16 70 
17 69 
18 66 
19 61 
20 62 
21 58 
22 55 
23 58 
24 57 
25 57 
26 59 
27 58 
28 56 
29 56 
30 55 
31 57 
32 52 
33 52 
34 53 
35 51 
36 49 
37 47 
38 50 
39 46 
40 44 
41 45 
42 46 
43 45 
44 46 
45 44 
46 40 
47 40 
48 41 
49 38 
50 38 
51 41 
52 43 
53 41 
54 41 
55 38 
56 33 
57 33 
58 31 
59 32 
60 30 
61 31 
62 27 
63 25 
64 23 
65 23 
66 23 
67 22 
68 21 
69 23 
70 17 
71 18 
72 17 
73 17 
74 14 
75 11 
76 12 
77 10 
78 11 
79 9 
80 11 
81 11 
82 9 
83 6 
84 6 
85 6 
86 3 
87 3 
88 2 
89 1 
90 0 
91 0 

