0 59 
1 67 
2 71 
3 74 
4 78 
5 80 
6 83 
7 83 
8 86 
9 85 
10 84 
11 84 
12 81 
13 80 
14 79 
15 78 
16 77 
17 77 
18 74 
19 74 
20 74 
21 73 
22 74 
23 72 
24 69 
25 68 
26 68 
27 65 
28 66 
29 65 
30 64 
31 62 
32 64 
33 64 
34 63 
35 61 
36 58 
37 57 
38 55 
39 52 
40 51 
41 49 
42 49 
43 47 
44 46 
45 44 
46 42 
47 41 
48 38 
49 39 
50 38 
51 38 
52 35 
53 33 
54 34 
55 34 
56 33 
57 32 
58 30 
59 29 
60 29 
61 26 
62 27 
63 28 
64 26 
65 24 
66 22 
67 20 
68 19 
69 18 
70 17 
71 17 
72 20 
73 19 
74 16 
75 17 
76 16 
77 15 
78 14 
79 13 
80 10 
81 10 
82 9 
83 8 
84 7 
85 5 
86 6 
87 7 
88 6 
89 4 
90 5 
91 7 
92 5 
93 5 
94 4 
95 3 
96 1 
97 1 
98 0 
99 0 

