0 61 
1 64 
2 68 
3 70 
4 71 
5 72 
6 72 
7 72 
8 72 
9 69 
10 67 
11 66 
12 65 
13 66 
14 64 
15 65 
16 65 
17 66 
18 66 
19 65 
20 65 
21 64 
22 63 
23 62 
24 59 
25 59 
26 58 
27 58 
28 57 
29 56 
30 54 
31 53 
32 55 
33 54 
34 55 
35 54 
36 52 
37 52 
38 49 
39 49 
40 49 
41 48 
42 49 
43 48 
44 47 
45 45 
46 44 
47 43 
48 42 
49 40 
50 39 
51 39 
52 39 
53 39 
54 36 
55 36 
56 35 
57 33 
58 33 
59 34 
60 34 
61 35 
62 33 
63 32 
64 30 
65 30 
66 27 
67 25 
68 23 
69 21 
70 17 
71 18 
72 18 
73 18 
74 17 
75 16 
76 13 
77 12 
78 13 
79 12 
80 11 
81 10 
82 10 
83 10 
84 11 
85 10 
86 9 
87 7 
88 5 
89 5 
90 4 
91 3 
92 3 
93 2 
94 1 
95 1 
96 0 
97 0 

