0 38 
1 38 
2 38 
3 38 
4 39 
5 41 
6 41 
7 41 
8 39 
9 40 
10 39 
11 38 
12 37 
13 37 
14 36 
15 36 
16 39 
17 38 
18 38 
19 37 
20 36 
21 37 
22 37 
23 35 
24 34 
25 33 
26 34 
27 34 
28 33 
29 31 
30 30 
31 30 
32 30 
33 30 
34 29 
35 28 
36 28 
37 28 
38 27 
39 28 
40 28 
41 29 
42 29 
43 28 
44 27 
45 25 
46 24 
47 23 
48 24 
49 23 
50 23 
51 22 
52 20 
53 19 
54 18 
55 17 
56 16 
57 17 
58 16 
59 15 
60 14 
61 13 
62 12 
63 14 
64 13 
65 13 
66 12 
67 10 
68 11 
69 10 
70 10 
71 9 
72 9 
73 8 
74 6 
75 4 
76 3 
77 1 
78 1 
79 0 
80 0 

