0 54 
1 63 
2 71 
3 76 
4 76 
5 77 
6 76 
7 76 
8 76 
9 80 
10 79 
11 77 
12 76 
13 79 
14 79 
15 78 
16 76 
17 74 
18 73 
19 72 
20 71 
21 69 
22 68 
23 68 
24 68 
25 66 
26 65 
27 62 
28 62 
29 62 
30 63 
31 61 
32 61 
33 62 
34 62 
35 60 
36 58 
37 56 
38 57 
39 58 
40 57 
41 56 
42 54 
43 52 
44 51 
45 51 
46 52 
47 52 
48 51 
49 49 
50 48 
51 49 
52 48 
53 48 
54 46 
55 45 
56 45 
57 46 
58 46 
59 44 
60 43 
61 42 
62 41 
63 39 
64 38 
65 35 
66 35 
67 35 
68 33 
69 34 
70 34 
71 32 
72 30 
73 29 
74 28 
75 27 
76 27 
77 28 
78 28 
79 29 
80 28 
81 27 
82 27 
83 25 
84 22 
85 22 
86 21 
87 18 
88 16 
89 19 
90 19 
91 19 
92 15 
93 15 
94 14 
95 13 
96 14 
97 14 
98 12 
99 11 
100 13 
101 13 
102 15 
103 14 
104 16 
105 14 
106 14 
107 13 
108 13 
109 11 
110 9 
111 9 
112 9 
113 7 
114 6 
115 5 
116 4 
117 3 
118 2 
119 4 
120 3 
121 1 
122 1 
123 0 
124 0 

