0 139 
1 147 
2 150 
3 152 
4 156 
5 164 
6 167 
7 169 
8 170 
9 175 
10 177 
11 179 
12 181 
13 182 
14 182 
15 182 
16 181 
17 180 
18 178 
19 180 
20 180 
21 179 
22 177 
23 179 
24 180 
25 179 
26 178 
27 177 
28 176 
29 176 
30 175 
31 175 
32 174 
33 172 
34 171 
35 170 
36 170 
37 169 
38 169 
39 168 
40 168 
41 167 
42 166 
43 164 
44 163 
45 163 
46 162 
47 161 
48 159 
49 158 
50 158 
51 157 
52 155 
53 154 
54 153 
55 152 
56 150 
57 147 
58 148 
59 148 
60 148 
61 147 
62 148 
63 147 
64 146 
65 145 
66 144 
67 144 
68 142 
69 142 
70 143 
71 142 
72 142 
73 141 
74 139 
75 137 
76 134 
77 131 
78 132 
79 134 
80 133 
81 133 
82 133 
83 135 
84 136 
85 137 
86 137 
87 137 
88 137 
89 136 
90 135 
91 134 
92 134 
93 135 
94 135 
95 135 
96 135 
97 133 
98 133 
99 133 
100 132 
101 131 
102 129 
103 128 
104 128 
105 132 
106 131 
107 134 
108 132 
109 132 
110 129 
111 129 
112 129 
113 128 
114 125 
115 124 
116 123 
117 122 
118 121 
119 118 
120 117 
121 117 
122 117 
123 117 
124 115 
125 113 
126 112 
127 111 
128 111 
129 110 
130 110 
131 111 
132 110 
133 111 
134 110 
135 108 
136 107 
137 106 
138 104 
139 104 
140 104 
141 102 
142 101 
143 99 
144 100 
145 100 
146 99 
147 98 
148 101 
149 100 
150 99 
151 101 
152 101 
153 99 
154 97 
155 95 
156 96 
157 96 
158 98 
159 97 
160 96 
161 95 
162 95 
163 92 
164 94 
165 92 
166 91 
167 91 
168 90 
169 90 
170 91 
171 92 
172 93 
173 91 
174 92 
175 89 
176 86 
177 84 
178 85 
179 85 
180 86 
181 85 
182 85 
183 94 
184 95 
185 95 
186 98 
187 99 
188 100 
189 99 
190 98 
191 96 
192 96 
193 95 
194 97 
195 96 
196 94 
197 93 
198 91 
199 88 
200 89 
201 88 
202 87 
203 87 
204 89 
205 91 
206 92 
207 91 
208 92 
209 91 
210 92 
211 92 
212 91 
213 91 
214 91 
215 91 
216 90 
217 91 
218 90 
219 89 
220 88 
221 87 
222 85 
223 83 
224 82 
225 81 
226 81 
227 81 
228 79 
229 80 
230 78 
231 77 
232 75 
233 75 
234 76 
235 74 
236 73 
237 73 
238 73 
239 71 
240 69 
241 66 
242 64 
243 64 
244 62 
245 63 
246 67 
247 66 
248 65 
249 64 
250 62 
251 62 
252 63 
253 61 
254 60 
255 58 
256 56 
257 52 
258 51 
259 51 
260 51 
261 51 
262 49 
263 46 
264 49 
265 49 
266 49 
267 49 
268 47 
269 45 
270 44 
271 44 
272 43 
273 44 
274 42 
275 43 
276 42 
277 40 
278 40 
279 44 
280 42 
281 40 
282 41 
283 40 
284 43 
285 43 
286 41 
287 38 
288 35 
289 35 
290 33 
291 31 
292 27 
293 23 
294 21 
295 22 
296 24 
297 23 
298 20 
299 17 
300 16 
301 16 
302 19 
303 19 
304 18 
305 17 
306 17 
307 14 
308 14 
309 15 
310 15 
311 16 
312 15 
313 16 
314 15 
315 15 
316 13 
317 13 
318 12 
319 11 
320 9 
321 9 
322 9 
323 7 
324 8 
325 8 
326 6 
327 7 
328 7 
329 7 
330 9 
331 8 
332 6 
333 3 
334 2 
335 2 
336 1 
337 0 
338 0 

