0 92 
1 93 
2 87 
3 87 
4 89 
5 85 
6 84 
7 88 
8 87 
9 81 
10 78 
11 75 
12 75 
13 76 
14 75 
15 71 
16 69 
17 65 
18 66 
19 65 
20 65 
21 63 
22 65 
23 59 
24 60 
25 59 
26 57 
27 53 
28 50 
29 48 
30 45 
31 40 
32 40 
33 42 
34 41 
35 39 
36 38 
37 36 
38 35 
39 37 
40 35 
41 35 
42 34 
43 36 
44 31 
45 28 
46 25 
47 24 
48 24 
49 24 
50 22 
51 24 
52 21 
53 21 
54 16 
55 16 
56 17 
57 21 
58 17 
59 18 
60 16 
61 17 
62 16 
63 18 
64 15 
65 13 
66 14 
67 10 
68 13 
69 5 
70 6 
71 2 
72 3 
73 4 
74 2 
75 2 
76 3 
77 2 
78 2 
79 0 
80 0 

