0 132 
1 132 
2 132 
3 129 
4 127 
5 124 
6 126 
7 123 
8 126 
9 128 
10 126 
11 122 
12 119 
13 122 
14 121 
15 122 
16 123 
17 121 
18 116 
19 114 
20 113 
21 111 
22 114 
23 111 
24 110 
25 111 
26 111 
27 118 
28 113 
29 109 
30 107 
31 108 
32 105 
33 104 
34 100 
35 91 
36 89 
37 84 
38 80 
39 75 
40 77 
41 78 
42 76 
43 78 
44 76 
45 71 
46 66 
47 64 
48 64 
49 66 
50 67 
51 65 
52 63 
53 61 
54 63 
55 59 
56 56 
57 54 
58 54 
59 53 
60 48 
61 43 
62 41 
63 38 
64 37 
65 35 
66 31 
67 29 
68 26 
69 28 
70 31 
71 27 
72 27 
73 30 
74 29 
75 28 
76 26 
77 27 
78 25 
79 21 
80 24 
81 22 
82 20 
83 16 
84 15 
85 15 
86 11 
87 8 
88 12 
89 10 
90 10 
91 8 
92 10 
93 7 
94 5 
95 4 
96 5 
97 5 
98 3 
99 2 
100 1 
101 1 
102 2 
103 2 
104 3 
105 2 
106 1 
107 4 
108 2 
109 3 
110 1 
111 0 
112 0 

