0 99 
1 106 
2 105 
3 108 
4 107 
5 106 
6 106 
7 106 
8 108 
9 110 
10 110 
11 110 
12 110 
13 110 
14 110 
15 109 
16 108 
17 107 
18 107 
19 106 
20 106 
21 105 
22 103 
23 108 
24 108 
25 106 
26 104 
27 105 
28 107 
29 106 
30 105 
31 104 
32 104 
33 103 
34 102 
35 101 
36 101 
37 100 
38 97 
39 95 
40 95 
41 93 
42 90 
43 91 
44 97 
45 97 
46 98 
47 98 
48 98 
49 97 
50 97 
51 95 
52 93 
53 93 
54 93 
55 90 
56 86 
57 84 
58 82 
59 80 
60 77 
61 83 
62 81 
63 82 
64 81 
65 79 
66 79 
67 79 
68 77 
69 76 
70 83 
71 82 
72 82 
73 81 
74 80 
75 77 
76 83 
77 84 
78 84 
79 83 
80 81 
81 79 
82 79 
83 80 
84 79 
85 78 
86 78 
87 77 
88 73 
89 71 
90 69 
91 67 
92 66 
93 64 
94 64 
95 61 
96 59 
97 62 
98 61 
99 59 
100 61 
101 59 
102 62 
103 64 
104 64 
105 64 
106 62 
107 60 
108 60 
109 58 
110 54 
111 52 
112 53 
113 51 
114 48 
115 47 
116 48 
117 46 
118 45 
119 43 
120 42 
121 40 
122 40 
123 39 
124 36 
125 34 
126 33 
127 32 
128 32 
129 33 
130 33 
131 34 
132 34 
133 32 
134 30 
135 30 
136 29 
137 29 
138 29 
139 28 
140 27 
141 25 
142 22 
143 21 
144 21 
145 20 
146 19 
147 18 
148 17 
149 16 
150 18 
151 17 
152 16 
153 16 
154 14 
155 13 
156 12 
157 13 
158 13 
159 13 
160 12 
161 11 
162 11 
163 10 
164 8 
165 7 
166 6 
167 4 
168 1 
169 2 
170 1 
171 0 
172 0 

