0 120 
1 124 
2 129 
3 134 
4 134 
5 132 
6 131 
7 130 
8 130 
9 130 
10 131 
11 129 
12 128 
13 127 
14 129 
15 128 
16 124 
17 123 
18 122 
19 120 
20 121 
21 126 
22 128 
23 127 
24 126 
25 127 
26 127 
27 127 
28 126 
29 126 
30 123 
31 122 
32 121 
33 124 
34 123 
35 122 
36 121 
37 120 
38 120 
39 120 
40 119 
41 120 
42 121 
43 122 
44 123 
45 122 
46 121 
47 121 
48 120 
49 121 
50 120 
51 123 
52 122 
53 120 
54 118 
55 116 
56 114 
57 114 
58 113 
59 114 
60 111 
61 108 
62 107 
63 105 
64 105 
65 105 
66 108 
67 107 
68 106 
69 108 
70 107 
71 106 
72 108 
73 107 
74 105 
75 104 
76 102 
77 102 
78 102 
79 102 
80 102 
81 106 
82 104 
83 104 
84 104 
85 102 
86 100 
87 100 
88 99 
89 99 
90 97 
91 96 
92 94 
93 94 
94 93 
95 92 
96 92 
97 93 
98 93 
99 92 
100 92 
101 91 
102 92 
103 90 
104 88 
105 89 
106 88 
107 86 
108 83 
109 85 
110 84 
111 85 
112 84 
113 84 
114 83 
115 82 
116 83 
117 80 
118 79 
119 76 
120 74 
121 71 
122 72 
123 71 
124 71 
125 71 
126 70 
127 70 
128 72 
129 71 
130 69 
131 69 
132 68 
133 66 
134 66 
135 65 
136 62 
137 64 
138 64 
139 62 
140 58 
141 58 
142 56 
143 54 
144 54 
145 53 
146 51 
147 51 
148 50 
149 46 
150 45 
151 51 
152 49 
153 47 
154 45 
155 43 
156 42 
157 47 
158 46 
159 46 
160 43 
161 40 
162 41 
163 46 
164 45 
165 43 
166 42 
167 40 
168 37 
169 35 
170 33 
171 30 
172 30 
173 28 
174 25 
175 26 
176 27 
177 28 
178 29 
179 30 
180 28 
181 26 
182 25 
183 25 
184 24 
185 21 
186 21 
187 20 
188 19 
189 19 
190 17 
191 16 
192 15 
193 13 
194 14 
195 12 
196 11 
197 11 
198 9 
199 9 
200 10 
201 10 
202 9 
203 8 
204 7 
205 6 
206 5 
207 5 
208 6 
209 8 
210 7 
211 5 
212 3 
213 2 
214 1 
215 0 
216 0 

