0 142 
1 143 
2 147 
3 152 
4 153 
5 156 
6 154 
7 154 
8 153 
9 151 
10 144 
11 140 
12 140 
13 139 
14 138 
15 140 
16 138 
17 132 
18 132 
19 131 
20 129 
21 127 
22 123 
23 122 
24 123 
25 120 
26 121 
27 120 
28 115 
29 112 
30 117 
31 113 
32 114 
33 110 
34 108 
35 107 
36 105 
37 104 
38 99 
39 97 
40 95 
41 95 
42 92 
43 95 
44 94 
45 90 
46 91 
47 85 
48 85 
49 81 
50 81 
51 82 
52 81 
53 76 
54 70 
55 71 
56 69 
57 64 
58 64 
59 65 
60 59 
61 60 
62 58 
63 54 
64 56 
65 55 
66 57 
67 56 
68 57 
69 58 
70 55 
71 51 
72 49 
73 41 
74 38 
75 34 
76 34 
77 36 
78 34 
79 30 
80 27 
81 25 
82 24 
83 23 
84 23 
85 18 
86 18 
87 17 
88 13 
89 11 
90 9 
91 8 
92 8 
93 8 
94 10 
95 6 
96 7 
97 6 
98 4 
99 2 
100 2 
101 1 
102 0 
103 0 

