0 154 
1 157 
2 167 
3 172 
4 175 
5 175 
6 175 
7 174 
8 173 
9 176 
10 174 
11 175 
12 174 
13 174 
14 172 
15 171 
16 169 
17 170 
18 169 
19 168 
20 168 
21 168 
22 167 
23 168 
24 167 
25 165 
26 164 
27 162 
28 160 
29 160 
30 160 
31 159 
32 159 
33 156 
34 155 
35 153 
36 152 
37 151 
38 148 
39 149 
40 147 
41 147 
42 147 
43 147 
44 145 
45 143 
46 143 
47 141 
48 139 
49 140 
50 139 
51 138 
52 139 
53 139 
54 138 
55 139 
56 138 
57 139 
58 139 
59 140 
60 141 
61 141 
62 140 
63 139 
64 138 
65 138 
66 140 
67 139 
68 138 
69 137 
70 137 
71 137 
72 136 
73 135 
74 133 
75 132 
76 131 
77 132 
78 132 
79 131 
80 129 
81 129 
82 126 
83 126 
84 126 
85 125 
86 123 
87 123 
88 122 
89 119 
90 118 
91 120 
92 120 
93 121 
94 121 
95 121 
96 120 
97 118 
98 116 
99 115 
100 115 
101 114 
102 113 
103 111 
104 112 
105 112 
106 112 
107 111 
108 109 
109 108 
110 106 
111 106 
112 107 
113 107 
114 106 
115 108 
116 109 
117 108 
118 109 
119 110 
120 110 
121 111 
122 110 
123 108 
124 106 
125 106 
126 105 
127 103 
128 101 
129 100 
130 99 
131 98 
132 97 
133 97 
134 95 
135 98 
136 99 
137 97 
138 97 
139 95 
140 96 
141 95 
142 97 
143 98 
144 97 
145 95 
146 97 
147 95 
148 94 
149 94 
150 92 
151 91 
152 89 
153 89 
154 90 
155 90 
156 89 
157 86 
158 85 
159 83 
160 82 
161 84 
162 84 
163 80 
164 78 
165 77 
166 75 
167 73 
168 68 
169 67 
170 68 
171 66 
172 63 
173 62 
174 66 
175 65 
176 63 
177 62 
178 61 
179 62 
180 61 
181 58 
182 58 
183 60 
184 59 
185 59 
186 58 
187 56 
188 54 
189 57 
190 54 
191 53 
192 54 
193 54 
194 57 
195 55 
196 55 
197 53 
198 52 
199 52 
200 52 
201 51 
202 50 
203 48 
204 45 
205 41 
206 38 
207 38 
208 37 
209 35 
210 34 
211 33 
212 32 
213 33 
214 37 
215 36 
216 36 
217 35 
218 36 
219 34 
220 31 
221 32 
222 30 
223 27 
224 24 
225 24 
226 23 
227 21 
228 22 
229 21 
230 20 
231 18 
232 18 
233 16 
234 16 
235 14 
236 12 
237 14 
238 13 
239 11 
240 10 
241 8 
242 8 
243 7 
244 8 
245 6 
246 4 
247 4 
248 4 
249 3 
250 1 
251 0 
252 0 

