0 132 
1 132 
2 135 
3 137 
4 133 
5 131 
6 132 
7 134 
8 132 
9 136 
10 133 
11 132 
12 134 
13 132 
14 134 
15 132 
16 131 
17 128 
18 131 
19 126 
20 120 
21 115 
22 114 
23 115 
24 113 
25 114 
26 112 
27 111 
28 104 
29 102 
30 101 
31 98 
32 94 
33 95 
34 94 
35 90 
36 90 
37 89 
38 89 
39 89 
40 90 
41 88 
42 86 
43 78 
44 78 
45 77 
46 74 
47 70 
48 68 
49 63 
50 63 
51 61 
52 59 
53 55 
54 52 
55 46 
56 47 
57 48 
58 49 
59 48 
60 46 
61 42 
62 41 
63 39 
64 38 
65 33 
66 30 
67 32 
68 31 
69 30 
70 29 
71 22 
72 21 
73 21 
74 21 
75 19 
76 17 
77 15 
78 16 
79 14 
80 13 
81 16 
82 12 
83 12 
84 9 
85 7 
86 7 
87 6 
88 6 
89 5 
90 6 
91 3 
92 3 
93 3 
94 2 
95 1 
96 0 
97 0 

