0 208 
1 211 
2 210 
3 214 
4 218 
5 222 
6 220 
7 215 
8 214 
9 213 
10 210 
11 211 
12 206 
13 203 
14 202 
15 200 
16 198 
17 199 
18 196 
19 193 
20 196 
21 189 
22 188 
23 189 
24 192 
25 191 
26 191 
27 187 
28 188 
29 189 
30 184 
31 180 
32 174 
33 177 
34 170 
35 166 
36 166 
37 168 
38 163 
39 163 
40 158 
41 154 
42 150 
43 148 
44 148 
45 149 
46 149 
47 144 
48 138 
49 138 
50 139 
51 137 
52 134 
53 133 
54 130 
55 130 
56 129 
57 121 
58 123 
59 120 
60 119 
61 118 
62 120 
63 114 
64 113 
65 113 
66 115 
67 113 
68 110 
69 106 
70 113 
71 108 
72 104 
73 104 
74 106 
75 105 
76 101 
77 98 
78 100 
79 99 
80 97 
81 96 
82 96 
83 89 
84 89 
85 84 
86 83 
87 84 
88 86 
89 84 
90 86 
91 79 
92 74 
93 75 
94 73 
95 75 
96 79 
97 79 
98 76 
99 73 
100 69 
101 66 
102 64 
103 64 
104 64 
105 62 
106 59 
107 56 
108 59 
109 59 
110 60 
111 59 
112 58 
113 58 
114 57 
115 56 
116 53 
117 52 
118 49 
119 45 
120 44 
121 42 
122 40 
123 41 
124 40 
125 38 
126 38 
127 39 
128 36 
129 36 
130 38 
131 39 
132 39 
133 36 
134 32 
135 26 
136 26 
137 25 
138 25 
139 20 
140 15 
141 12 
142 11 
143 11 
144 9 
145 11 
146 7 
147 7 
148 5 
149 5 
150 4 
151 2 
152 2 
153 1 
154 1 
155 0 
156 0 

