0 141 
1 147 
2 151 
3 156 
4 164 
5 167 
6 170 
7 171 
8 170 
9 169 
10 171 
11 171 
12 174 
13 174 
14 173 
15 174 
16 174 
17 178 
18 178 
19 178 
20 177 
21 176 
22 174 
23 173 
24 172 
25 170 
26 171 
27 170 
28 168 
29 167 
30 168 
31 167 
32 166 
33 166 
34 165 
35 165 
36 165 
37 164 
38 165 
39 164 
40 165 
41 164 
42 163 
43 161 
44 160 
45 160 
46 161 
47 159 
48 159 
49 159 
50 158 
51 157 
52 155 
53 154 
54 155 
55 153 
56 152 
57 155 
58 157 
59 160 
60 162 
61 163 
62 162 
63 162 
64 161 
65 161 
66 163 
67 163 
68 163 
69 163 
70 162 
71 161 
72 160 
73 159 
74 159 
75 158 
76 156 
77 155 
78 153 
79 153 
80 154 
81 153 
82 153 
83 151 
84 150 
85 149 
86 149 
87 149 
88 149 
89 150 
90 150 
91 149 
92 151 
93 150 
94 149 
95 148 
96 148 
97 147 
98 146 
99 144 
100 145 
101 149 
102 149 
103 150 
104 149 
105 148 
106 146 
107 145 
108 144 
109 143 
110 142 
111 141 
112 142 
113 141 
114 140 
115 141 
116 140 
117 139 
118 140 
119 140 
120 139 
121 139 
122 137 
123 134 
124 133 
125 132 
126 132 
127 131 
128 130 
129 129 
130 127 
131 127 
132 127 
133 127 
134 126 
135 125 
136 125 
137 124 
138 123 
139 124 
140 131 
141 132 
142 131 
143 130 
144 129 
145 127 
146 126 
147 125 
148 125 
149 124 
150 124 
151 123 
152 122 
153 122 
154 121 
155 119 
156 118 
157 115 
158 114 
159 111 
160 114 
161 113 
162 117 
163 118 
164 123 
165 124 
166 123 
167 121 
168 120 
169 122 
170 121 
171 120 
172 119 
173 118 
174 117 
175 118 
176 117 
177 118 
178 119 
179 118 
180 117 
181 116 
182 116 
183 115 
184 114 
185 114 
186 117 
187 118 
188 116 
189 116 
190 115 
191 115 
192 114 
193 113 
194 113 
195 112 
196 111 
197 110 
198 109 
199 108 
200 106 
201 106 
202 104 
203 106 
204 105 
205 104 
206 104 
207 102 
208 100 
209 101 
210 100 
211 99 
212 97 
213 96 
214 97 
215 96 
216 96 
217 95 
218 95 
219 95 
220 95 
221 94 
222 91 
223 93 
224 92 
225 94 
226 93 
227 92 
228 94 
229 94 
230 93 
231 92 
232 92 
233 91 
234 90 
235 89 
236 88 
237 86 
238 83 
239 84 
240 85 
241 86 
242 88 
243 87 
244 85 
245 84 
246 79 
247 80 
248 79 
249 79 
250 79 
251 80 
252 79 
253 79 
254 77 
255 76 
256 74 
257 73 
258 73 
259 73 
260 72 
261 71 
262 72 
263 72 
264 71 
265 69 
266 63 
267 63 
268 62 
269 63 
270 60 
271 61 
272 59 
273 60 
274 62 
275 60 
276 58 
277 58 
278 58 
279 56 
280 56 
281 52 
282 52 
283 51 
284 50 
285 48 
286 46 
287 44 
288 43 
289 42 
290 42 
291 40 
292 38 
293 37 
294 35 
295 38 
296 37 
297 35 
298 35 
299 34 
300 35 
301 34 
302 38 
303 36 
304 34 
305 35 
306 34 
307 32 
308 33 
309 32 
310 33 
311 32 
312 28 
313 26 
314 27 
315 27 
316 25 
317 24 
318 22 
319 21 
320 22 
321 24 
322 22 
323 20 
324 19 
325 16 
326 12 
327 12 
328 15 
329 13 
330 11 
331 9 
332 9 
333 9 
334 9 
335 8 
336 7 
337 6 
338 4 
339 3 
340 3 
341 2 
342 2 
343 1 
344 0 
345 0 

