0 91 
1 98 
2 104 
3 108 
4 112 
5 112 
6 113 
7 113 
8 113 
9 112 
10 115 
11 117 
12 117 
13 115 
14 113 
15 112 
16 110 
17 110 
18 109 
19 109 
20 108 
21 108 
22 106 
23 104 
24 103 
25 103 
26 102 
27 99 
28 102 
29 104 
30 103 
31 101 
32 100 
33 100 
34 99 
35 98 
36 97 
37 100 
38 104 
39 102 
40 102 
41 103 
42 102 
43 102 
44 101 
45 101 
46 99 
47 98 
48 99 
49 98 
50 97 
51 94 
52 92 
53 91 
54 91 
55 89 
56 88 
57 87 
58 84 
59 85 
60 83 
61 81 
62 78 
63 78 
64 79 
65 78 
66 77 
67 75 
68 73 
69 74 
70 74 
71 77 
72 76 
73 75 
74 74 
75 72 
76 71 
77 68 
78 66 
79 65 
80 61 
81 60 
82 60 
83 58 
84 55 
85 55 
86 57 
87 56 
88 55 
89 55 
90 57 
91 54 
92 53 
93 53 
94 52 
95 49 
96 47 
97 45 
98 43 
99 44 
100 42 
101 41 
102 39 
103 38 
104 38 
105 36 
106 35 
107 34 
108 35 
109 34 
110 35 
111 35 
112 36 
113 34 
114 31 
115 29 
116 27 
117 26 
118 26 
119 25 
120 24 
121 24 
122 23 
123 20 
124 20 
125 19 
126 17 
127 17 
128 18 
129 16 
130 14 
131 13 
132 12 
133 14 
134 12 
135 14 
136 14 
137 12 
138 12 
139 12 
140 11 
141 10 
142 10 
143 9 
144 7 
145 6 
146 6 
147 6 
148 3 
149 1 
150 0 
151 0 

