0 251 
1 256 
2 260 
3 259 
4 260 
5 256 
6 252 
7 249 
8 249 
9 247 
10 243 
11 245 
12 243 
13 247 
14 243 
15 238 
16 236 
17 235 
18 233 
19 228 
20 224 
21 228 
22 226 
23 223 
24 221 
25 222 
26 217 
27 212 
28 216 
29 211 
30 207 
31 205 
32 205 
33 206 
34 204 
35 200 
36 202 
37 205 
38 200 
39 198 
40 194 
41 192 
42 189 
43 186 
44 183 
45 180 
46 178 
47 183 
48 180 
49 176 
50 173 
51 171 
52 169 
53 169 
54 164 
55 165 
56 161 
57 160 
58 160 
59 157 
60 153 
61 156 
62 151 
63 152 
64 148 
65 145 
66 142 
67 139 
68 144 
69 140 
70 136 
71 136 
72 131 
73 123 
74 125 
75 123 
76 125 
77 130 
78 130 
79 129 
80 130 
81 126 
82 125 
83 123 
84 122 
85 120 
86 111 
87 108 
88 105 
89 110 
90 108 
91 104 
92 104 
93 108 
94 104 
95 99 
96 98 
97 93 
98 92 
99 89 
100 87 
101 84 
102 84 
103 85 
104 81 
105 79 
106 79 
107 81 
108 82 
109 79 
110 77 
111 76 
112 77 
113 73 
114 69 
115 67 
116 67 
117 68 
118 71 
119 66 
120 62 
121 64 
122 59 
123 55 
124 54 
125 53 
126 58 
127 55 
128 52 
129 49 
130 48 
131 45 
132 44 
133 38 
134 36 
135 37 
136 35 
137 34 
138 39 
139 35 
140 32 
141 29 
142 29 
143 25 
144 21 
145 24 
146 23 
147 18 
148 16 
149 19 
150 18 
151 15 
152 12 
153 12 
154 13 
155 13 
156 12 
157 9 
158 7 
159 5 
160 4 
161 5 
162 6 
163 5 
164 5 
165 4 
166 3 
167 3 
168 2 
169 2 
170 1 
171 1 
172 0 
173 0 

