0 84 
1 83 
2 84 
3 88 
4 90 
5 90 
6 88 
7 84 
8 83 
9 85 
10 83 
11 78 
12 81 
13 78 
14 80 
15 77 
16 78 
17 74 
18 74 
19 74 
20 72 
21 72 
22 71 
23 70 
24 66 
25 59 
26 59 
27 61 
28 60 
29 59 
30 59 
31 64 
32 59 
33 58 
34 52 
35 55 
36 51 
37 52 
38 51 
39 51 
40 51 
41 50 
42 46 
43 44 
44 45 
45 41 
46 40 
47 37 
48 37 
49 35 
50 33 
51 31 
52 30 
53 31 
54 29 
55 25 
56 25 
57 23 
58 20 
59 21 
60 22 
61 18 
62 19 
63 18 
64 18 
65 17 
66 16 
67 13 
68 11 
69 4 
70 3 
71 3 
72 1 
73 0 
74 0 

