0 102 
1 103 
2 99 
3 99 
4 97 
5 95 
6 95 
7 96 
8 96 
9 92 
10 92 
11 85 
12 83 
13 82 
14 80 
15 81 
16 79 
17 78 
18 78 
19 79 
20 77 
21 77 
22 76 
23 77 
24 75 
25 71 
26 69 
27 67 
28 68 
29 64 
30 62 
31 64 
32 63 
33 61 
34 59 
35 60 
36 59 
37 55 
38 52 
39 51 
40 46 
41 44 
42 45 
43 44 
44 47 
45 43 
46 41 
47 37 
48 35 
49 37 
50 32 
51 30 
52 26 
53 24 
54 24 
55 24 
56 23 
57 24 
58 21 
59 17 
60 18 
61 16 
62 15 
63 13 
64 12 
65 10 
66 10 
67 7 
68 6 
69 4 
70 4 
71 1 
72 0 
73 0 

