0 128 
1 126 
2 124 
3 120 
4 122 
5 119 
6 117 
7 117 
8 119 
9 114 
10 113 
11 109 
12 107 
13 108 
14 107 
15 105 
16 100 
17 97 
18 94 
19 92 
20 88 
21 89 
22 87 
23 87 
24 89 
25 87 
26 86 
27 89 
28 87 
29 85 
30 84 
31 79 
32 74 
33 72 
34 71 
35 67 
36 69 
37 66 
38 63 
39 61 
40 59 
41 55 
42 52 
43 48 
44 50 
45 51 
46 48 
47 52 
48 54 
49 50 
50 48 
51 48 
52 43 
53 40 
54 36 
55 36 
56 31 
57 26 
58 25 
59 23 
60 21 
61 19 
62 17 
63 15 
64 15 
65 12 
66 12 
67 10 
68 7 
69 7 
70 5 
71 3 
72 1 
73 1 
74 1 
75 1 
76 0 
77 0 

