0 136 
1 143 
2 146 
3 147 
4 147 
5 146 
6 150 
7 150 
8 150 
9 149 
10 148 
11 147 
12 147 
13 148 
14 149 
15 149 
16 148 
17 147 
18 146 
19 143 
20 142 
21 140 
22 138 
23 138 
24 139 
25 140 
26 141 
27 140 
28 139 
29 138 
30 138 
31 137 
32 137 
33 136 
34 135 
35 135 
36 134 
37 134 
38 134 
39 133 
40 132 
41 131 
42 130 
43 131 
44 132 
45 134 
46 134 
47 132 
48 131 
49 128 
50 126 
51 127 
52 125 
53 122 
54 121 
55 120 
56 120 
57 122 
58 123 
59 124 
60 123 
61 122 
62 122 
63 122 
64 123 
65 122 
66 121 
67 120 
68 121 
69 121 
70 120 
71 117 
72 115 
73 114 
74 110 
75 113 
76 114 
77 113 
78 113 
79 113 
80 113 
81 111 
82 110 
83 109 
84 107 
85 106 
86 106 
87 105 
88 104 
89 103 
90 101 
91 100 
92 99 
93 98 
94 98 
95 99 
96 98 
97 97 
98 96 
99 95 
100 94 
101 92 
102 92 
103 91 
104 91 
105 89 
106 88 
107 86 
108 87 
109 86 
110 85 
111 88 
112 88 
113 90 
114 91 
115 95 
116 96 
117 98 
118 97 
119 96 
120 97 
121 96 
122 96 
123 95 
124 93 
125 91 
126 90 
127 89 
128 86 
129 86 
130 86 
131 86 
132 84 
133 83 
134 81 
135 81 
136 79 
137 79 
138 77 
139 75 
140 74 
141 74 
142 71 
143 66 
144 63 
145 63 
146 61 
147 60 
148 62 
149 61 
150 64 
151 63 
152 60 
153 58 
154 55 
155 56 
156 54 
157 53 
158 53 
159 51 
160 51 
161 53 
162 51 
163 51 
164 48 
165 47 
166 47 
167 47 
168 46 
169 46 
170 45 
171 43 
172 41 
173 38 
174 36 
175 36 
176 36 
177 35 
178 34 
179 33 
180 32 
181 35 
182 34 
183 33 
184 33 
185 33 
186 32 
187 33 
188 32 
189 29 
190 28 
191 28 
192 26 
193 24 
194 22 
195 22 
196 19 
197 16 
198 19 
199 16 
200 15 
201 14 
202 14 
203 13 
204 13 
205 12 
206 11 
207 11 
208 10 
209 9 
210 9 
211 10 
212 8 
213 8 
214 9 
215 7 
216 6 
217 4 
218 3 
219 2 
220 3 
221 3 
222 2 
223 1 
224 0 
225 0 

