0 81 
1 81 
2 87 
3 86 
4 84 
5 84 
6 86 
7 86 
8 82 
9 82 
10 82 
11 80 
12 77 
13 77 
14 74 
15 71 
16 71 
17 69 
18 69 
19 67 
20 65 
21 64 
22 65 
23 66 
24 61 
25 60 
26 59 
27 52 
28 52 
29 50 
30 49 
31 48 
32 44 
33 40 
34 39 
35 40 
36 36 
37 36 
38 36 
39 33 
40 29 
41 30 
42 31 
43 26 
44 26 
45 25 
46 26 
47 25 
48 22 
49 18 
50 22 
51 21 
52 22 
53 19 
54 20 
55 18 
56 16 
57 16 
58 14 
59 17 
60 17 
61 15 
62 13 
63 10 
64 13 
65 11 
66 10 
67 8 
68 11 
69 12 
70 7 
71 8 
72 7 
73 7 
74 4 
75 4 
76 6 
77 6 
78 5 
79 4 
80 3 
81 3 
82 0 
83 0 

