0 112 
1 126 
2 127 
3 129 
4 135 
5 137 
6 138 
7 139 
8 139 
9 141 
10 142 
11 141 
12 140 
13 139 
14 141 
15 139 
16 139 
17 141 
18 140 
19 139 
20 137 
21 137 
22 140 
23 141 
24 141 
25 141 
26 140 
27 139 
28 138 
29 138 
30 137 
31 136 
32 135 
33 133 
34 134 
35 137 
36 137 
37 137 
38 135 
39 134 
40 134 
41 134 
42 133 
43 131 
44 130 
45 130 
46 128 
47 129 
48 128 
49 128 
50 129 
51 128 
52 128 
53 126 
54 126 
55 125 
56 124 
57 122 
58 127 
59 127 
60 125 
61 123 
62 121 
63 122 
64 120 
65 119 
66 119 
67 119 
68 118 
69 117 
70 117 
71 116 
72 115 
73 114 
74 114 
75 116 
76 117 
77 116 
78 116 
79 116 
80 115 
81 114 
82 112 
83 113 
84 112 
85 111 
86 110 
87 109 
88 107 
89 106 
90 106 
91 106 
92 106 
93 106 
94 105 
95 105 
96 103 
97 102 
98 102 
99 102 
100 101 
101 101 
102 101 
103 100 
104 100 
105 98 
106 96 
107 96 
108 100 
109 99 
110 98 
111 95 
112 94 
113 93 
114 92 
115 91 
116 91 
117 89 
118 87 
119 86 
120 88 
121 90 
122 89 
123 88 
124 88 
125 87 
126 85 
127 83 
128 84 
129 83 
130 80 
131 80 
132 79 
133 79 
134 79 
135 78 
136 78 
137 77 
138 74 
139 72 
140 69 
141 69 
142 69 
143 70 
144 68 
145 67 
146 66 
147 65 
148 64 
149 67 
150 68 
151 67 
152 64 
153 66 
154 65 
155 64 
156 63 
157 63 
158 62 
159 58 
160 54 
161 55 
162 54 
163 53 
164 53 
165 51 
166 50 
167 46 
168 44 
169 45 
170 44 
171 44 
172 42 
173 40 
174 40 
175 39 
176 37 
177 36 
178 34 
179 33 
180 34 
181 34 
182 32 
183 30 
184 29 
185 28 
186 30 
187 28 
188 27 
189 26 
190 27 
191 26 
192 26 
193 25 
194 23 
195 23 
196 23 
197 23 
198 21 
199 21 
200 19 
201 18 
202 16 
203 15 
204 14 
205 12 
206 13 
207 12 
208 12 
209 11 
210 10 
211 9 
212 9 
213 9 
214 7 
215 7 
216 7 
217 8 
218 6 
219 5 
220 4 
221 3 
222 3 
223 3 
224 2 
225 1 
226 0 
227 0 

