0 131 
1 135 
2 136 
3 136 
4 136 
5 134 
6 132 
7 128 
8 126 
9 126 
10 123 
11 121 
12 116 
13 116 
14 113 
15 114 
16 115 
17 110 
18 107 
19 105 
20 104 
21 103 
22 101 
23 98 
24 98 
25 97 
26 105 
27 99 
28 99 
29 95 
30 96 
31 93 
32 91 
33 90 
34 84 
35 85 
36 80 
37 79 
38 79 
39 81 
40 76 
41 78 
42 74 
43 68 
44 72 
45 71 
46 67 
47 68 
48 66 
49 62 
50 62 
51 61 
52 60 
53 57 
54 60 
55 56 
56 54 
57 55 
58 53 
59 51 
60 49 
61 49 
62 48 
63 46 
64 46 
65 44 
66 45 
67 46 
68 44 
69 42 
70 38 
71 34 
72 31 
73 30 
74 32 
75 33 
76 32 
77 29 
78 26 
79 23 
80 24 
81 22 
82 20 
83 19 
84 19 
85 15 
86 13 
87 12 
88 9 
89 9 
90 9 
91 7 
92 8 
93 11 
94 10 
95 10 
96 8 
97 8 
98 8 
99 10 
100 8 
101 7 
102 7 
103 5 
104 3 
105 3 
106 0 
107 0 

