0 125 
1 126 
2 128 
3 136 
4 133 
5 136 
6 138 
7 138 
8 135 
9 133 
10 134 
11 126 
12 124 
13 120 
14 117 
15 119 
16 118 
17 114 
18 113 
19 108 
20 110 
21 108 
22 108 
23 102 
24 110 
25 103 
26 106 
27 104 
28 103 
29 100 
30 99 
31 99 
32 96 
33 96 
34 96 
35 91 
36 87 
37 81 
38 79 
39 82 
40 84 
41 84 
42 78 
43 76 
44 74 
45 78 
46 73 
47 74 
48 71 
49 69 
50 65 
51 66 
52 65 
53 69 
54 67 
55 65 
56 63 
57 57 
58 57 
59 54 
60 49 
61 49 
62 46 
63 42 
64 40 
65 40 
66 41 
67 44 
68 40 
69 36 
70 37 
71 35 
72 35 
73 34 
74 27 
75 27 
76 26 
77 23 
78 17 
79 15 
80 16 
81 15 
82 18 
83 18 
84 13 
85 13 
86 14 
87 13 
88 12 
89 13 
90 13 
91 9 
92 7 
93 4 
94 4 
95 4 
96 4 
97 2 
98 1 
99 1 
100 1 
101 0 
102 0 

