0 168 
1 168 
2 171 
3 171 
4 173 
5 176 
6 172 
7 172 
8 172 
9 173 
10 170 
11 172 
12 169 
13 168 
14 163 
15 159 
16 157 
17 156 
18 155 
19 151 
20 149 
21 148 
22 145 
23 148 
24 141 
25 140 
26 137 
27 137 
28 134 
29 134 
30 135 
31 136 
32 134 
33 132 
34 132 
35 133 
36 130 
37 128 
38 124 
39 127 
40 128 
41 125 
42 121 
43 126 
44 127 
45 120 
46 119 
47 119 
48 120 
49 118 
50 116 
51 114 
52 113 
53 115 
54 109 
55 103 
56 101 
57 96 
58 101 
59 99 
60 103 
61 102 
62 99 
63 101 
64 101 
65 94 
66 90 
67 93 
68 93 
69 91 
70 91 
71 88 
72 84 
73 77 
74 80 
75 78 
76 78 
77 75 
78 76 
79 78 
80 81 
81 80 
82 79 
83 79 
84 78 
85 74 
86 71 
87 71 
88 73 
89 74 
90 72 
91 69 
92 65 
93 66 
94 63 
95 62 
96 62 
97 55 
98 55 
99 54 
100 53 
101 51 
102 50 
103 52 
104 51 
105 48 
106 46 
107 48 
108 44 
109 38 
110 37 
111 39 
112 41 
113 39 
114 39 
115 38 
116 35 
117 30 
118 31 
119 30 
120 27 
121 27 
122 29 
123 27 
124 23 
125 23 
126 22 
127 19 
128 20 
129 16 
130 14 
131 14 
132 14 
133 13 
134 11 
135 10 
136 10 
137 8 
138 7 
139 6 
140 5 
141 5 
142 5 
143 2 
144 2 
145 1 
146 0 
147 0 

