0 149 
1 152 
2 155 
3 156 
4 158 
5 161 
6 163 
7 162 
8 163 
9 168 
10 170 
11 170 
12 172 
13 171 
14 171 
15 175 
16 177 
17 177 
18 177 
19 177 
20 176 
21 176 
22 177 
23 178 
24 178 
25 177 
26 178 
27 177 
28 176 
29 176 
30 175 
31 174 
32 174 
33 173 
34 173 
35 172 
36 170 
37 169 
38 169 
39 168 
40 168 
41 166 
42 165 
43 163 
44 163 
45 163 
46 163 
47 162 
48 162 
49 161 
50 160 
51 158 
52 156 
53 157 
54 157 
55 155 
56 156 
57 155 
58 155 
59 154 
60 154 
61 153 
62 155 
63 155 
64 155 
65 155 
66 154 
67 152 
68 150 
69 149 
70 150 
71 150 
72 150 
73 149 
74 146 
75 144 
76 144 
77 144 
78 145 
79 143 
80 143 
81 142 
82 142 
83 140 
84 138 
85 137 
86 136 
87 135 
88 135 
89 134 
90 132 
91 131 
92 131 
93 130 
94 129 
95 128 
96 128 
97 126 
98 125 
99 124 
100 122 
101 122 
102 121 
103 120 
104 120 
105 119 
106 117 
107 118 
108 120 
109 123 
110 125 
111 125 
112 124 
113 123 
114 123 
115 126 
116 129 
117 131 
118 131 
119 130 
120 129 
121 128 
122 127 
123 126 
124 126 
125 126 
126 125 
127 123 
128 122 
129 121 
130 119 
131 118 
132 117 
133 117 
134 116 
135 116 
136 116 
137 117 
138 117 
139 116 
140 117 
141 117 
142 118 
143 117 
144 118 
145 118 
146 117 
147 116 
148 115 
149 115 
150 114 
151 113 
152 112 
153 111 
154 110 
155 109 
156 114 
157 113 
158 112 
159 110 
160 108 
161 108 
162 106 
163 105 
164 104 
165 103 
166 104 
167 110 
168 110 
169 109 
170 108 
171 110 
172 110 
173 110 
174 112 
175 113 
176 112 
177 111 
178 110 
179 108 
180 106 
181 104 
182 102 
183 102 
184 102 
185 103 
186 103 
187 102 
188 100 
189 99 
190 98 
191 97 
192 96 
193 94 
194 94 
195 94 
196 94 
197 95 
198 97 
199 98 
200 98 
201 99 
202 102 
203 103 
204 102 
205 101 
206 100 
207 99 
208 98 
209 97 
210 97 
211 96 
212 96 
213 94 
214 94 
215 94 
216 93 
217 94 
218 92 
219 91 
220 87 
221 86 
222 85 
223 87 
224 87 
225 87 
226 86 
227 85 
228 83 
229 83 
230 81 
231 81 
232 80 
233 79 
234 80 
235 79 
236 79 
237 80 
238 79 
239 78 
240 76 
241 74 
242 70 
243 71 
244 72 
245 70 
246 68 
247 65 
248 62 
249 61 
250 58 
251 58 
252 58 
253 58 
254 56 
255 58 
256 57 
257 56 
258 53 
259 56 
260 54 
261 54 
262 52 
263 49 
264 47 
265 51 
266 49 
267 48 
268 49 
269 50 
270 48 
271 48 
272 49 
273 46 
274 44 
275 38 
276 37 
277 33 
278 31 
279 29 
280 28 
281 28 
282 26 
283 27 
284 26 
285 25 
286 24 
287 22 
288 21 
289 21 
290 20 
291 18 
292 21 
293 22 
294 21 
295 19 
296 17 
297 18 
298 18 
299 16 
300 15 
301 16 
302 15 
303 12 
304 12 
305 13 
306 12 
307 10 
308 10 
309 9 
310 10 
311 10 
312 9 
313 8 
314 7 
315 6 
316 5 
317 3 
318 3 
319 2 
320 1 
321 0 
322 0 

