0 92 
1 97 
2 97 
3 98 
4 100 
5 102 
6 99 
7 96 
8 93 
9 94 
10 96 
11 92 
12 91 
13 88 
14 90 
15 88 
16 88 
17 90 
18 89 
19 84 
20 82 
21 82 
22 78 
23 80 
24 76 
25 78 
26 72 
27 70 
28 66 
29 64 
30 67 
31 68 
32 68 
33 65 
34 65 
35 66 
36 62 
37 61 
38 62 
39 59 
40 63 
41 58 
42 54 
43 57 
44 52 
45 53 
46 54 
47 51 
48 48 
49 46 
50 48 
51 46 
52 45 
53 43 
54 44 
55 47 
56 50 
57 48 
58 46 
59 43 
60 39 
61 36 
62 33 
63 31 
64 34 
65 31 
66 30 
67 27 
68 26 
69 22 
70 24 
71 20 
72 22 
73 23 
74 22 
75 18 
76 17 
77 15 
78 14 
79 16 
80 13 
81 12 
82 15 
83 13 
84 12 
85 16 
86 15 
87 10 
88 9 
89 6 
90 7 
91 8 
92 7 
93 5 
94 3 
95 4 
96 4 
97 2 
98 1 
99 1 
100 0 
101 0 

