0 106 
1 118 
2 123 
3 128 
4 129 
5 130 
6 130 
7 129 
8 128 
9 126 
10 124 
11 123 
12 123 
13 124 
14 123 
15 120 
16 120 
17 121 
18 122 
19 121 
20 121 
21 123 
22 122 
23 122 
24 121 
25 120 
26 119 
27 117 
28 114 
29 113 
30 112 
31 114 
32 113 
33 112 
34 112 
35 110 
36 108 
37 107 
38 104 
39 106 
40 109 
41 108 
42 108 
43 108 
44 108 
45 108 
46 107 
47 107 
48 106 
49 106 
50 105 
51 104 
52 103 
53 101 
54 101 
55 101 
56 101 
57 100 
58 100 
59 98 
60 100 
61 101 
62 101 
63 102 
64 103 
65 101 
66 100 
67 98 
68 95 
69 95 
70 97 
71 96 
72 95 
73 94 
74 91 
75 88 
76 90 
77 88 
78 86 
79 87 
80 85 
81 85 
82 86 
83 84 
84 83 
85 83 
86 83 
87 82 
88 79 
89 77 
90 76 
91 76 
92 77 
93 77 
94 76 
95 73 
96 73 
97 71 
98 69 
99 69 
100 68 
101 69 
102 69 
103 67 
104 65 
105 62 
106 60 
107 62 
108 60 
109 60 
110 61 
111 61 
112 64 
113 62 
114 58 
115 55 
116 54 
117 53 
118 55 
119 54 
120 51 
121 50 
122 49 
123 49 
124 46 
125 46 
126 44 
127 42 
128 40 
129 39 
130 35 
131 36 
132 35 
133 35 
134 36 
135 36 
136 34 
137 33 
138 31 
139 29 
140 29 
141 29 
142 28 
143 28 
144 26 
145 24 
146 23 
147 25 
148 25 
149 23 
150 22 
151 19 
152 19 
153 21 
154 20 
155 21 
156 22 
157 21 
158 22 
159 22 
160 20 
161 18 
162 18 
163 18 
164 16 
165 15 
166 14 
167 12 
168 13 
169 12 
170 10 
171 10 
172 9 
173 8 
174 6 
175 3 
176 2 
177 1 
178 2 
179 0 
180 0 

