0 85 
1 90 
2 101 
3 106 
4 105 
5 103 
6 103 
7 103 
8 103 
9 103 
10 102 
11 101 
12 101 
13 102 
14 101 
15 100 
16 99 
17 99 
18 98 
19 95 
20 95 
21 96 
22 95 
23 97 
24 96 
25 98 
26 98 
27 98 
28 97 
29 95 
30 96 
31 96 
32 95 
33 96 
34 96 
35 96 
36 95 
37 95 
38 95 
39 94 
40 94 
41 92 
42 91 
43 93 
44 91 
45 90 
46 88 
47 85 
48 86 
49 90 
50 91 
51 89 
52 88 
53 86 
54 86 
55 86 
56 85 
57 82 
58 79 
59 79 
60 79 
61 79 
62 76 
63 76 
64 73 
65 73 
66 74 
67 73 
68 70 
69 68 
70 68 
71 68 
72 67 
73 68 
74 65 
75 64 
76 62 
77 63 
78 60 
79 58 
80 57 
81 56 
82 54 
83 51 
84 49 
85 48 
86 47 
87 48 
88 47 
89 44 
90 44 
91 42 
92 42 
93 41 
94 39 
95 39 
96 38 
97 38 
98 36 
99 38 
100 38 
101 36 
102 36 
103 38 
104 35 
105 33 
106 32 
107 30 
108 28 
109 29 
110 28 
111 26 
112 25 
113 25 
114 25 
115 26 
116 25 
117 23 
118 22 
119 21 
120 21 
121 23 
122 22 
123 22 
124 21 
125 20 
126 20 
127 20 
128 20 
129 20 
130 20 
131 19 
132 20 
133 18 
134 17 
135 15 
136 13 
137 13 
138 12 
139 9 
140 8 
141 6 
142 8 
143 7 
144 5 
145 4 
146 3 
147 2 
148 1 
149 0 
150 0 

