0 84 
1 87 
2 87 
3 89 
4 90 
5 91 
6 93 
7 90 
8 87 
9 85 
10 83 
11 82 
12 83 
13 83 
14 81 
15 80 
16 76 
17 75 
18 73 
19 73 
20 76 
21 70 
22 67 
23 62 
24 62 
25 62 
26 62 
27 60 
28 57 
29 58 
30 61 
31 61 
32 57 
33 61 
34 56 
35 51 
36 49 
37 48 
38 47 
39 45 
40 48 
41 46 
42 47 
43 43 
44 41 
45 43 
46 41 
47 40 
48 37 
49 37 
50 36 
51 35 
52 34 
53 35 
54 28 
55 27 
56 30 
57 24 
58 23 
59 23 
60 23 
61 25 
62 25 
63 23 
64 19 
65 18 
66 16 
67 16 
68 14 
69 11 
70 9 
71 10 
72 8 
73 5 
74 6 
75 5 
76 5 
77 3 
78 3 
79 1 
80 1 
81 0 
82 0 

