0 70 
1 73 
2 74 
3 73 
4 76 
5 76 
6 74 
7 76 
8 71 
9 71 
10 69 
11 68 
12 68 
13 72 
14 67 
15 65 
16 62 
17 62 
18 63 
19 58 
20 56 
21 57 
22 54 
23 54 
24 50 
25 48 
26 48 
27 49 
28 44 
29 40 
30 41 
31 41 
32 35 
33 34 
34 30 
35 29 
36 28 
37 27 
38 24 
39 22 
40 20 
41 20 
42 20 
43 19 
44 17 
45 18 
46 19 
47 16 
48 14 
49 13 
50 12 
51 12 
52 12 
53 9 
54 6 
55 9 
56 7 
57 7 
58 6 
59 7 
60 6 
61 6 
62 5 
63 6 
64 8 
65 8 
66 5 
67 5 
68 3 
69 4 
70 5 
71 3 
72 3 
73 2 
74 2 
75 2 
76 1 
77 1 
78 0 
79 0 

