0 113 
1 121 
2 123 
3 124 
4 124 
5 123 
6 125 
7 126 
8 126 
9 127 
10 128 
11 127 
12 127 
13 126 
14 125 
15 124 
16 123 
17 122 
18 123 
19 124 
20 124 
21 123 
22 122 
23 122 
24 124 
25 124 
26 123 
27 122 
28 123 
29 128 
30 128 
31 128 
32 127 
33 127 
34 126 
35 125 
36 123 
37 122 
38 121 
39 119 
40 117 
41 115 
42 114 
43 114 
44 114 
45 114 
46 113 
47 115 
48 114 
49 113 
50 114 
51 115 
52 115 
53 115 
54 114 
55 113 
56 113 
57 113 
58 112 
59 110 
60 110 
61 113 
62 111 
63 110 
64 110 
65 110 
66 109 
67 109 
68 107 
69 107 
70 106 
71 104 
72 103 
73 101 
74 100 
75 98 
76 97 
77 95 
78 93 
79 93 
80 92 
81 91 
82 90 
83 92 
84 94 
85 94 
86 93 
87 92 
88 91 
89 91 
90 91 
91 91 
92 90 
93 88 
94 87 
95 87 
96 86 
97 85 
98 85 
99 85 
100 84 
101 82 
102 80 
103 81 
104 79 
105 77 
106 76 
107 74 
108 73 
109 72 
110 73 
111 73 
112 73 
113 70 
114 70 
115 68 
116 65 
117 62 
118 63 
119 61 
120 61 
121 61 
122 60 
123 55 
124 54 
125 55 
126 55 
127 55 
128 54 
129 54 
130 52 
131 49 
132 48 
133 47 
134 45 
135 43 
136 43 
137 41 
138 40 
139 39 
140 38 
141 37 
142 38 
143 35 
144 30 
145 30 
146 29 
147 30 
148 30 
149 30 
150 30 
151 30 
152 28 
153 26 
154 26 
155 25 
156 24 
157 21 
158 23 
159 21 
160 22 
161 22 
162 20 
163 19 
164 18 
165 15 
166 13 
167 12 
168 14 
169 13 
170 12 
171 11 
172 10 
173 6 
174 5 
175 4 
176 5 
177 4 
178 3 
179 3 
180 3 
181 2 
182 0 
183 0 

