0 227 
1 245 
2 248 
3 251 
4 252 
5 260 
6 263 
7 265 
8 265 
9 265 
10 266 
11 266 
12 266 
13 267 
14 270 
15 272 
16 272 
17 275 
18 274 
19 274 
20 272 
21 272 
22 272 
23 274 
24 275 
25 273 
26 272 
27 272 
28 270 
29 269 
30 271 
31 276 
32 276 
33 276 
34 275 
35 274 
36 273 
37 272 
38 271 
39 270 
40 269 
41 271 
42 270 
43 269 
44 273 
45 273 
46 275 
47 277 
48 278 
49 278 
50 281 
51 279 
52 279 
53 279 
54 278 
55 277 
56 276 
57 277 
58 277 
59 276 
60 275 
61 276 
62 275 
63 274 
64 273 
65 273 
66 273 
67 272 
68 271 
69 269 
70 267 
71 266 
72 267 
73 266 
74 264 
75 266 
76 264 
77 264 
78 263 
79 263 
80 262 
81 261 
82 263 
83 264 
84 264 
85 264 
86 265 
87 265 
88 266 
89 267 
90 267 
91 266 
92 265 
93 264 
94 262 
95 261 
96 261 
97 260 
98 260 
99 260 
100 259 
101 260 
102 259 
103 258 
104 257 
105 255 
106 256 
107 255 
108 254 
109 253 
110 251 
111 250 
112 249 
113 248 
114 247 
115 246 
116 244 
117 242 
118 241 
119 239 
120 240 
121 238 
122 239 
123 236 
124 235 
125 234 
126 240 
127 237 
128 239 
129 237 
130 237 
131 237 
132 238 
133 240 
134 239 
135 238 
136 235 
137 235 
138 235 
139 236 
140 236 
141 235 
142 235 
143 234 
144 233 
145 232 
146 240 
147 239 
148 239 
149 239 
150 242 
151 241 
152 242 
153 246 
154 247 
155 246 
156 245 
157 244 
158 244 
159 243 
160 243 
161 242 
162 242 
163 241 
164 240 
165 238 
166 236 
167 236 
168 235 
169 233 
170 234 
171 233 
172 232 
173 231 
174 228 
175 227 
176 227 
177 226 
178 226 
179 224 
180 222 
181 221 
182 221 
183 220 
184 220 
185 218 
186 217 
187 218 
188 219 
189 219 
190 221 
191 224 
192 225 
193 225 
194 225 
195 226 
196 228 
197 229 
198 229 
199 229 
200 228 
201 228 
202 228 
203 227 
204 228 
205 228 
206 230 
207 231 
208 234 
209 235 
210 235 
211 234 
212 233 
213 232 
214 231 
215 231 
216 230 
217 229 
218 228 
219 227 
220 227 
221 230 
222 229 
223 227 
224 226 
225 224 
226 224 
227 225 
228 225 
229 224 
230 223 
231 221 
232 219 
233 218 
234 218 
235 217 
236 216 
237 217 
238 215 
239 215 
240 214 
241 211 
242 210 
243 210 
244 210 
245 211 
246 210 
247 210 
248 209 
249 208 
250 208 
251 209 
252 209 
253 209 
254 208 
255 207 
256 207 
257 206 
258 204 
259 203 
260 204 
261 202 
262 200 
263 200 
264 199 
265 198 
266 199 
267 198 
268 198 
269 196 
270 195 
271 193 
272 192 
273 194 
274 196 
275 197 
276 196 
277 195 
278 193 
279 192 
280 190 
281 188 
282 185 
283 184 
284 185 
285 194 
286 194 
287 195 
288 195 
289 196 
290 201 
291 209 
292 210 
293 209 
294 213 
295 215 
296 217 
297 217 
298 218 
299 217 
300 216 
301 215 
302 214 
303 214 
304 217 
305 215 
306 213 
307 212 
308 212 
309 211 
310 212 
311 211 
312 209 
313 208 
314 207 
315 207 
316 207 
317 208 
318 207 
319 207 
320 206 
321 206 
322 204 
323 203 
324 204 
325 204 
326 203 
327 202 
328 203 
329 203 
330 201 
331 200 
332 198 
333 198 
334 196 
335 194 
336 193 
337 194 
338 193 
339 192 
340 191 
341 191 
342 194 
343 193 
344 194 
345 194 
346 194 
347 193 
348 193 
349 193 
350 191 
351 190 
352 190 
353 192 
354 190 
355 189 
356 194 
357 198 
358 200 
359 204 
360 208 
361 211 
362 212 
363 212 
364 213 
365 214 
366 214 
367 214 
368 213 
369 212 
370 212 
371 211 
372 211 
373 211 
374 210 
375 209 
376 208 
377 208 
378 207 
379 206 
380 207 
381 205 
382 205 
383 202 
384 200 
385 200 
386 199 
387 199 
388 198 
389 196 
390 196 
391 196 
392 197 
393 197 
394 196 
395 195 
396 193 
397 192 
398 192 
399 193 
400 191 
401 189 
402 188 
403 187 
404 185 
405 185 
406 185 
407 185 
408 188 
409 187 
410 186 
411 185 
412 184 
413 183 
414 183 
415 182 
416 181 
417 182 
418 182 
419 181 
420 180 
421 180 
422 179 
423 178 
424 177 
425 177 
426 175 
427 175 
428 173 
429 172 
430 171 
431 170 
432 169 
433 171 
434 171 
435 170 
436 170 
437 169 
438 168 
439 168 
440 167 
441 166 
442 165 
443 164 
444 162 
445 161 
446 161 
447 162 
448 164 
449 164 
450 165 
451 164 
452 163 
453 162 
454 162 
455 161 
456 159 
457 157 
458 155 
459 156 
460 162 
461 167 
462 168 
463 170 
464 169 
465 168 
466 171 
467 174 
468 176 
469 179 
470 180 
471 182 
472 184 
473 183 
474 183 
475 182 
476 183 
477 182 
478 181 
479 181 
480 181 
481 180 
482 179 
483 181 
484 181 
485 180 
486 179 
487 179 
488 178 
489 179 
490 178 
491 176 
492 174 
493 173 
494 172 
495 170 
496 168 
497 168 
498 166 
499 168 
500 166 
501 165 
502 165 
503 166 
504 165 
505 164 
506 164 
507 162 
508 159 
509 158 
510 157 
511 155 
512 157 
513 157 
514 159 
515 159 
516 159 
517 157 
518 155 
519 154 
520 159 
521 161 
522 161 
523 160 
524 159 
525 158 
526 158 
527 157 
528 156 
529 156 
530 156 
531 158 
532 157 
533 159 
534 159 
535 159 
536 157 
537 156 
538 155 
539 154 
540 154 
541 155 
542 154 
543 153 
544 152 
545 152 
546 152 
547 150 
548 149 
549 146 
550 144 
551 143 
552 143 
553 142 
554 139 
555 140 
556 139 
557 137 
558 135 
559 134 
560 133 
561 133 
562 132 
563 132 
564 132 
565 132 
566 131 
567 130 
568 131 
569 129 
570 128 
571 128 
572 128 
573 128 
574 126 
575 126 
576 127 
577 131 
578 132 
579 132 
580 131 
581 130 
582 129 
583 128 
584 127 
585 126 
586 125 
587 124 
588 123 
589 122 
590 122 
591 122 
592 122 
593 121 
594 119 
595 120 
596 119 
597 119 
598 119 
599 119 
600 118 
601 116 
602 116 
603 116 
604 115 
605 114 
606 115 
607 114 
608 112 
609 112 
610 113 
611 112 
612 112 
613 112 
614 112 
615 111 
616 110 
617 108 
618 106 
619 107 
620 105 
621 105 
622 103 
623 102 
624 101 
625 98 
626 96 
627 97 
628 98 
629 99 
630 100 
631 100 
632 99 
633 100 
634 100 
635 99 
636 98 
637 99 
638 100 
639 99 
640 99 
641 98 
642 97 
643 97 
644 96 
645 95 
646 94 
647 92 
648 92 
649 91 
650 89 
651 88 
652 88 
653 87 
654 87 
655 87 
656 86 
657 84 
658 84 
659 86 
660 85 
661 83 
662 82 
663 83 
664 83 
665 82 
666 81 
667 79 
668 79 
669 78 
670 76 
671 76 
672 75 
673 74 
674 72 
675 72 
676 73 
677 73 
678 72 
679 71 
680 67 
681 66 
682 65 
683 65 
684 64 
685 61 
686 60 
687 60 
688 61 
689 59 
690 60 
691 61 
692 60 
693 57 
694 56 
695 56 
696 55 
697 53 
698 56 
699 55 
700 54 
701 53 
702 52 
703 53 
704 52 
705 54 
706 53 
707 51 
708 50 
709 48 
710 47 
711 48 
712 47 
713 45 
714 44 
715 43 
716 41 
717 41 
718 40 
719 39 
720 39 
721 38 
722 37 
723 35 
724 36 
725 38 
726 38 
727 37 
728 35 
729 36 
730 34 
731 33 
732 32 
733 30 
734 30 
735 30 
736 30 
737 30 
738 29 
739 28 
740 27 
741 27 
742 27 
743 26 
744 26 
745 27 
746 26 
747 26 
748 25 
749 24 
750 23 
751 22 
752 21 
753 20 
754 19 
755 20 
756 20 
757 19 
758 18 
759 19 
760 18 
761 17 
762 15 
763 14 
764 11 
765 12 
766 10 
767 9 
768 9 
769 8 
770 6 
771 5 
772 3 
773 3 
774 3 
775 3 
776 3 
777 3 
778 1 
779 0 
780 0 

