0 168 
1 175 
2 172 
3 172 
4 173 
5 177 
6 173 
7 176 
8 176 
9 174 
10 170 
11 173 
12 169 
13 165 
14 166 
15 164 
16 165 
17 163 
18 165 
19 174 
20 171 
21 170 
22 171 
23 167 
24 161 
25 161 
26 162 
27 160 
28 156 
29 158 
30 155 
31 157 
32 150 
33 150 
34 150 
35 149 
36 145 
37 144 
38 140 
39 139 
40 138 
41 136 
42 136 
43 137 
44 137 
45 135 
46 138 
47 137 
48 131 
49 133 
50 126 
51 136 
52 133 
53 127 
54 124 
55 124 
56 118 
57 112 
58 105 
59 104 
60 104 
61 101 
62 102 
63 99 
64 99 
65 98 
66 95 
67 92 
68 92 
69 88 
70 88 
71 86 
72 85 
73 86 
74 84 
75 89 
76 87 
77 83 
78 83 
79 81 
80 78 
81 77 
82 73 
83 75 
84 78 
85 73 
86 71 
87 73 
88 72 
89 70 
90 71 
91 71 
92 68 
93 68 
94 64 
95 62 
96 61 
97 56 
98 56 
99 51 
100 55 
101 61 
102 55 
103 54 
104 52 
105 51 
106 49 
107 48 
108 52 
109 51 
110 44 
111 41 
112 33 
113 29 
114 26 
115 25 
116 23 
117 18 
118 16 
119 13 
120 11 
121 10 
122 9 
123 9 
124 9 
125 8 
126 11 
127 7 
128 7 
129 5 
130 4 
131 4 
132 2 
133 1 
134 0 
135 0 

