0 220 
1 226 
2 228 
3 228 
4 229 
5 229 
6 231 
7 232 
8 233 
9 233 
10 233 
11 234 
12 233 
13 232 
14 231 
15 229 
16 230 
17 229 
18 228 
19 229 
20 230 
21 228 
22 229 
23 229 
24 231 
25 230 
26 230 
27 230 
28 229 
29 230 
30 228 
31 228 
32 226 
33 226 
34 225 
35 223 
36 224 
37 223 
38 223 
39 222 
40 221 
41 221 
42 221 
43 221 
44 220 
45 219 
46 218 
47 216 
48 221 
49 224 
50 228 
51 227 
52 226 
53 226 
54 226 
55 226 
56 226 
57 226 
58 227 
59 227 
60 227 
61 226 
62 225 
63 224 
64 223 
65 222 
66 221 
67 220 
68 224 
69 228 
70 231 
71 234 
72 234 
73 237 
74 236 
75 236 
76 236 
77 237 
78 237 
79 235 
80 235 
81 236 
82 235 
83 234 
84 233 
85 233 
86 233 
87 232 
88 231 
89 230 
90 229 
91 229 
92 228 
93 231 
94 231 
95 234 
96 235 
97 236 
98 236 
99 236 
100 238 
101 237 
102 236 
103 235 
104 234 
105 234 
106 235 
107 234 
108 233 
109 234 
110 233 
111 235 
112 236 
113 235 
114 235 
115 235 
116 235 
117 235 
118 236 
119 236 
120 236 
121 235 
122 235 
123 235 
124 235 
125 233 
126 231 
127 230 
128 229 
129 229 
130 228 
131 227 
132 226 
133 226 
134 225 
135 225 
136 224 
137 224 
138 224 
139 223 
140 222 
141 221 
142 221 
143 221 
144 221 
145 221 
146 220 
147 218 
148 218 
149 217 
150 216 
151 216 
152 215 
153 214 
154 214 
155 213 
156 212 
157 212 
158 212 
159 211 
160 211 
161 210 
162 209 
163 209 
164 209 
165 208 
166 206 
167 204 
168 204 
169 203 
170 202 
171 203 
172 203 
173 202 
174 201 
175 201 
176 202 
177 201 
178 200 
179 200 
180 199 
181 198 
182 196 
183 194 
184 193 
185 193 
186 192 
187 190 
188 191 
189 193 
190 191 
191 189 
192 189 
193 188 
194 188 
195 187 
196 186 
197 185 
198 184 
199 183 
200 181 
201 182 
202 181 
203 184 
204 185 
205 189 
206 192 
207 193 
208 193 
209 193 
210 191 
211 190 
212 189 
213 189 
214 188 
215 188 
216 187 
217 186 
218 186 
219 187 
220 188 
221 188 
222 188 
223 189 
224 188 
225 189 
226 190 
227 190 
228 191 
229 193 
230 193 
231 192 
232 190 
233 188 
234 187 
235 188 
236 188 
237 191 
238 189 
239 187 
240 187 
241 188 
242 187 
243 186 
244 185 
245 183 
246 183 
247 182 
248 183 
249 182 
250 180 
251 182 
252 181 
253 181 
254 180 
255 180 
256 183 
257 183 
258 182 
259 182 
260 182 
261 182 
262 183 
263 184 
264 183 
265 183 
266 184 
267 185 
268 185 
269 184 
270 182 
271 180 
272 181 
273 181 
274 180 
275 179 
276 178 
277 177 
278 177 
279 176 
280 175 
281 175 
282 174 
283 173 
284 172 
285 172 
286 172 
287 172 
288 173 
289 173 
290 173 
291 171 
292 169 
293 169 
294 169 
295 168 
296 174 
297 174 
298 174 
299 173 
300 173 
301 173 
302 172 
303 171 
304 170 
305 168 
306 167 
307 167 
308 167 
309 166 
310 166 
311 165 
312 163 
313 162 
314 161 
315 159 
316 160 
317 161 
318 159 
319 159 
320 157 
321 159 
322 159 
323 161 
324 160 
325 159 
326 159 
327 158 
328 157 
329 156 
330 155 
331 154 
332 151 
333 151 
334 151 
335 150 
336 149 
337 149 
338 149 
339 151 
340 150 
341 150 
342 150 
343 150 
344 149 
345 149 
346 149 
347 149 
348 147 
349 146 
350 146 
351 147 
352 146 
353 145 
354 144 
355 143 
356 142 
357 139 
358 139 
359 137 
360 135 
361 138 
362 138 
363 138 
364 137 
365 136 
366 135 
367 134 
368 133 
369 134 
370 133 
371 132 
372 132 
373 132 
374 131 
375 130 
376 135 
377 136 
378 136 
379 136 
380 135 
381 133 
382 131 
383 130 
384 130 
385 129 
386 128 
387 126 
388 124 
389 125 
390 128 
391 126 
392 126 
393 125 
394 126 
395 128 
396 127 
397 126 
398 124 
399 124 
400 122 
401 121 
402 120 
403 123 
404 124 
405 123 
406 122 
407 121 
408 121 
409 120 
410 120 
411 119 
412 117 
413 116 
414 117 
415 116 
416 116 
417 116 
418 116 
419 118 
420 118 
421 119 
422 117 
423 118 
424 116 
425 115 
426 114 
427 112 
428 112 
429 113 
430 111 
431 111 
432 111 
433 111 
434 110 
435 109 
436 107 
437 105 
438 104 
439 104 
440 104 
441 103 
442 101 
443 102 
444 103 
445 103 
446 104 
447 103 
448 102 
449 101 
450 100 
451 98 
452 97 
453 95 
454 94 
455 93 
456 91 
457 92 
458 96 
459 97 
460 95 
461 93 
462 92 
463 93 
464 91 
465 91 
466 90 
467 88 
468 86 
469 88 
470 88 
471 87 
472 85 
473 84 
474 83 
475 82 
476 81 
477 78 
478 77 
479 77 
480 76 
481 75 
482 74 
483 73 
484 70 
485 68 
486 65 
487 61 
488 60 
489 59 
490 58 
491 59 
492 58 
493 55 
494 56 
495 55 
496 52 
497 48 
498 50 
499 49 
500 49 
501 48 
502 46 
503 45 
504 48 
505 47 
506 48 
507 49 
508 48 
509 48 
510 46 
511 44 
512 43 
513 41 
514 41 
515 37 
516 33 
517 32 
518 31 
519 32 
520 31 
521 30 
522 30 
523 29 
524 28 
525 29 
526 28 
527 26 
528 27 
529 25 
530 26 
531 25 
532 25 
533 25 
534 24 
535 22 
536 22 
537 21 
538 19 
539 17 
540 16 
541 14 
542 14 
543 13 
544 13 
545 12 
546 10 
547 13 
548 11 
549 9 
550 7 
551 6 
552 6 
553 5 
554 4 
555 1 
556 1 
557 0 
558 0 

