0 240 
1 241 
2 246 
3 248 
4 250 
5 246 
6 252 
7 258 
8 261 
9 261 
10 258 
11 255 
12 253 
13 256 
14 256 
15 256 
16 256 
17 254 
18 248 
19 248 
20 247 
21 243 
22 238 
23 235 
24 239 
25 237 
26 232 
27 233 
28 230 
29 228 
30 232 
31 234 
32 233 
33 237 
34 237 
35 240 
36 238 
37 236 
38 234 
39 231 
40 228 
41 229 
42 224 
43 219 
44 222 
45 216 
46 216 
47 218 
48 210 
49 210 
50 211 
51 210 
52 207 
53 206 
54 201 
55 201 
56 195 
57 195 
58 194 
59 194 
60 189 
61 192 
62 192 
63 187 
64 184 
65 180 
66 175 
67 176 
68 172 
69 166 
70 167 
71 165 
72 164 
73 163 
74 157 
75 154 
76 155 
77 150 
78 147 
79 147 
80 152 
81 150 
82 144 
83 152 
84 151 
85 151 
86 148 
87 151 
88 146 
89 144 
90 141 
91 140 
92 138 
93 141 
94 135 
95 129 
96 125 
97 125 
98 124 
99 120 
100 117 
101 112 
102 112 
103 112 
104 109 
105 106 
106 105 
107 103 
108 107 
109 102 
110 95 
111 97 
112 94 
113 89 
114 90 
115 87 
116 87 
117 81 
118 85 
119 83 
120 79 
121 74 
122 70 
123 64 
124 61 
125 56 
126 57 
127 58 
128 58 
129 56 
130 54 
131 48 
132 48 
133 51 
134 50 
135 50 
136 45 
137 44 
138 43 
139 46 
140 44 
141 40 
142 39 
143 38 
144 35 
145 32 
146 32 
147 32 
148 27 
149 24 
150 20 
151 17 
152 17 
153 17 
154 19 
155 17 
156 16 
157 14 
158 10 
159 8 
160 7 
161 6 
162 7 
163 6 
164 4 
165 3 
166 3 
167 3 
168 4 
169 2 
170 2 
171 4 
172 4 
173 2 
174 1 
175 0 
176 0 

