0 272 
1 282 
2 284 
3 286 
4 285 
5 286 
6 285 
7 283 
8 282 
9 279 
10 282 
11 280 
12 281 
13 279 
14 282 
15 280 
16 274 
17 268 
18 267 
19 267 
20 265 
21 265 
22 264 
23 261 
24 260 
25 255 
26 253 
27 252 
28 252 
29 258 
30 252 
31 253 
32 251 
33 248 
34 247 
35 252 
36 252 
37 247 
38 240 
39 236 
40 234 
41 230 
42 231 
43 231 
44 226 
45 221 
46 222 
47 221 
48 224 
49 220 
50 218 
51 214 
52 207 
53 208 
54 204 
55 203 
56 196 
57 198 
58 200 
59 201 
60 199 
61 196 
62 190 
63 191 
64 196 
65 197 
66 195 
67 192 
68 193 
69 189 
70 190 
71 187 
72 188 
73 191 
74 193 
75 187 
76 188 
77 187 
78 182 
79 174 
80 170 
81 167 
82 167 
83 161 
84 158 
85 153 
86 156 
87 159 
88 160 
89 160 
90 160 
91 157 
92 155 
93 151 
94 150 
95 150 
96 149 
97 149 
98 152 
99 146 
100 141 
101 138 
102 136 
103 133 
104 130 
105 130 
106 130 
107 127 
108 124 
109 122 
110 121 
111 118 
112 116 
113 113 
114 109 
115 108 
116 104 
117 96 
118 97 
119 96 
120 92 
121 86 
122 83 
123 81 
124 79 
125 78 
126 76 
127 76 
128 77 
129 76 
130 77 
131 78 
132 74 
133 74 
134 70 
135 68 
136 64 
137 65 
138 62 
139 63 
140 64 
141 59 
142 57 
143 58 
144 57 
145 57 
146 53 
147 50 
148 46 
149 45 
150 42 
151 45 
152 43 
153 40 
154 40 
155 37 
156 32 
157 32 
158 31 
159 25 
160 23 
161 23 
162 23 
163 24 
164 22 
165 25 
166 27 
167 23 
168 22 
169 17 
170 15 
171 9 
172 10 
173 9 
174 9 
175 9 
176 8 
177 7 
178 5 
179 5 
180 5 
181 4 
182 2 
183 2 
184 1 
185 0 
186 0 

