0 294 
1 299 
2 301 
3 304 
4 305 
5 305 
6 307 
7 307 
8 306 
9 306 
10 304 
11 304 
12 305 
13 304 
14 304 
15 303 
16 303 
17 303 
18 302 
19 308 
20 308 
21 309 
22 309 
23 309 
24 308 
25 307 
26 306 
27 305 
28 303 
29 303 
30 303 
31 303 
32 304 
33 304 
34 303 
35 302 
36 301 
37 302 
38 302 
39 301 
40 300 
41 302 
42 303 
43 303 
44 304 
45 305 
46 304 
47 302 
48 300 
49 300 
50 299 
51 298 
52 296 
53 295 
54 294 
55 294 
56 293 
57 292 
58 293 
59 294 
60 295 
61 296 
62 297 
63 298 
64 298 
65 298 
66 297 
67 296 
68 295 
69 294 
70 292 
71 292 
72 291 
73 290 
74 290 
75 293 
76 296 
77 296 
78 295 
79 295 
80 294 
81 293 
82 292 
83 292 
84 291 
85 290 
86 291 
87 292 
88 293 
89 293 
90 294 
91 293 
92 292 
93 291 
94 290 
95 289 
96 287 
97 286 
98 286 
99 284 
100 282 
101 281 
102 281 
103 280 
104 280 
105 278 
106 280 
107 281 
108 285 
109 285 
110 285 
111 284 
112 284 
113 284 
114 283 
115 284 
116 284 
117 284 
118 283 
119 285 
120 284 
121 283 
122 283 
123 281 
124 279 
125 278 
126 278 
127 277 
128 275 
129 275 
130 273 
131 274 
132 273 
133 271 
134 270 
135 269 
136 269 
137 269 
138 267 
139 266 
140 270 
141 270 
142 270 
143 271 
144 270 
145 269 
146 267 
147 266 
148 266 
149 266 
150 265 
151 264 
152 264 
153 264 
154 264 
155 265 
156 264 
157 263 
158 263 
159 262 
160 262 
161 262 
162 261 
163 260 
164 260 
165 259 
166 258 
167 257 
168 256 
169 255 
170 259 
171 257 
172 257 
173 256 
174 257 
175 256 
176 255 
177 255 
178 254 
179 253 
180 252 
181 252 
182 251 
183 249 
184 249 
185 248 
186 248 
187 247 
188 245 
189 243 
190 242 
191 242 
192 244 
193 244 
194 244 
195 244 
196 247 
197 248 
198 248 
199 247 
200 247 
201 246 
202 245 
203 244 
204 244 
205 243 
206 242 
207 241 
208 243 
209 243 
210 244 
211 244 
212 244 
213 246 
214 246 
215 246 
216 246 
217 245 
218 244 
219 244 
220 245 
221 244 
222 244 
223 244 
224 244 
225 243 
226 242 
227 241 
228 239 
229 239 
230 239 
231 238 
232 237 
233 237 
234 236 
235 236 
236 238 
237 239 
238 238 
239 238 
240 237 
241 236 
242 234 
243 234 
244 232 
245 230 
246 230 
247 228 
248 226 
249 224 
250 223 
251 226 
252 225 
253 223 
254 222 
255 221 
256 220 
257 223 
258 224 
259 226 
260 227 
261 227 
262 227 
263 226 
264 225 
265 225 
266 224 
267 222 
268 222 
269 222 
270 222 
271 221 
272 220 
273 221 
274 228 
275 231 
276 232 
277 232 
278 233 
279 232 
280 231 
281 230 
282 230 
283 229 
284 228 
285 227 
286 228 
287 227 
288 226 
289 227 
290 228 
291 226 
292 226 
293 224 
294 223 
295 223 
296 221 
297 221 
298 220 
299 220 
300 220 
301 218 
302 218 
303 218 
304 218 
305 218 
306 217 
307 217 
308 216 
309 216 
310 215 
311 215 
312 215 
313 215 
314 215 
315 216 
316 215 
317 215 
318 214 
319 214 
320 214 
321 214 
322 213 
323 211 
324 212 
325 211 
326 209 
327 207 
328 207 
329 207 
330 207 
331 208 
332 209 
333 208 
334 208 
335 207 
336 207 
337 206 
338 205 
339 206 
340 205 
341 208 
342 210 
343 211 
344 212 
345 213 
346 212 
347 213 
348 213 
349 212 
350 211 
351 211 
352 211 
353 210 
354 211 
355 211 
356 213 
357 221 
358 223 
359 224 
360 223 
361 225 
362 225 
363 226 
364 227 
365 230 
366 230 
367 229 
368 228 
369 228 
370 229 
371 231 
372 230 
373 229 
374 229 
375 229 
376 228 
377 227 
378 226 
379 225 
380 224 
381 224 
382 222 
383 222 
384 223 
385 226 
386 225 
387 225 
388 224 
389 222 
390 221 
391 220 
392 220 
393 220 
394 219 
395 219 
396 218 
397 216 
398 215 
399 215 
400 214 
401 214 
402 212 
403 211 
404 213 
405 212 
406 212 
407 212 
408 210 
409 208 
410 208 
411 207 
412 206 
413 205 
414 205 
415 204 
416 205 
417 203 
418 202 
419 202 
420 200 
421 200 
422 199 
423 199 
424 198 
425 196 
426 196 
427 197 
428 200 
429 200 
430 200 
431 200 
432 199 
433 199 
434 198 
435 198 
436 197 
437 196 
438 195 
439 195 
440 194 
441 193 
442 193 
443 192 
444 192 
445 192 
446 191 
447 190 
448 189 
449 188 
450 187 
451 186 
452 184 
453 183 
454 183 
455 183 
456 185 
457 186 
458 187 
459 185 
460 186 
461 184 
462 184 
463 183 
464 182 
465 181 
466 179 
467 179 
468 179 
469 179 
470 178 
471 177 
472 175 
473 175 
474 174 
475 174 
476 174 
477 174 
478 174 
479 174 
480 175 
481 174 
482 174 
483 174 
484 174 
485 173 
486 172 
487 171 
488 170 
489 168 
490 166 
491 166 
492 165 
493 165 
494 166 
495 165 
496 165 
497 164 
498 163 
499 162 
500 160 
501 159 
502 158 
503 157 
504 157 
505 157 
506 157 
507 155 
508 159 
509 159 
510 157 
511 157 
512 161 
513 162 
514 161 
515 163 
516 163 
517 161 
518 162 
519 160 
520 160 
521 160 
522 159 
523 158 
524 156 
525 154 
526 155 
527 154 
528 153 
529 153 
530 155 
531 153 
532 152 
533 151 
534 150 
535 149 
536 150 
537 149 
538 149 
539 147 
540 148 
541 146 
542 146 
543 146 
544 146 
545 146 
546 145 
547 146 
548 146 
549 145 
550 143 
551 144 
552 143 
553 142 
554 144 
555 143 
556 145 
557 144 
558 143 
559 142 
560 142 
561 141 
562 143 
563 142 
564 140 
565 138 
566 137 
567 135 
568 134 
569 135 
570 135 
571 133 
572 131 
573 131 
574 130 
575 129 
576 129 
577 129 
578 128 
579 126 
580 128 
581 128 
582 127 
583 126 
584 125 
585 123 
586 123 
587 121 
588 120 
589 122 
590 122 
591 121 
592 121 
593 122 
594 123 
595 122 
596 122 
597 122 
598 121 
599 120 
600 119 
601 120 
602 118 
603 116 
604 114 
605 115 
606 116 
607 115 
608 113 
609 112 
610 111 
611 111 
612 111 
613 111 
614 110 
615 109 
616 108 
617 107 
618 108 
619 108 
620 107 
621 105 
622 104 
623 104 
624 106 
625 104 
626 103 
627 104 
628 103 
629 101 
630 101 
631 101 
632 100 
633 98 
634 98 
635 96 
636 95 
637 94 
638 95 
639 93 
640 93 
641 91 
642 91 
643 90 
644 88 
645 91 
646 91 
647 92 
648 90 
649 89 
650 87 
651 85 
652 84 
653 81 
654 80 
655 79 
656 78 
657 77 
658 75 
659 73 
660 74 
661 73 
662 74 
663 72 
664 70 
665 69 
666 69 
667 68 
668 66 
669 66 
670 66 
671 66 
672 65 
673 64 
674 63 
675 62 
676 61 
677 59 
678 57 
679 54 
680 52 
681 53 
682 52 
683 50 
684 48 
685 46 
686 46 
687 47 
688 47 
689 47 
690 47 
691 46 
692 45 
693 47 
694 50 
695 49 
696 49 
697 49 
698 49 
699 47 
700 46 
701 45 
702 44 
703 43 
704 43 
705 44 
706 44 
707 43 
708 45 
709 44 
710 42 
711 40 
712 37 
713 37 
714 36 
715 35 
716 32 
717 32 
718 33 
719 32 
720 31 
721 29 
722 30 
723 29 
724 30 
725 29 
726 28 
727 29 
728 29 
729 26 
730 24 
731 22 
732 20 
733 21 
734 21 
735 19 
736 21 
737 20 
738 19 
739 20 
740 19 
741 20 
742 19 
743 17 
744 18 
745 16 
746 15 
747 13 
748 13 
749 11 
750 11 
751 12 
752 10 
753 10 
754 9 
755 8 
756 6 
757 6 
758 6 
759 5 
760 4 
761 2 
762 1 
763 1 
764 1 
765 0 
766 0 

