0 188 
1 194 
2 202 
3 206 
4 207 
5 210 
6 210 
7 209 
8 217 
9 219 
10 218 
11 218 
12 217 
13 217 
14 219 
15 220 
16 220 
17 219 
18 221 
19 223 
20 224 
21 223 
22 223 
23 222 
24 221 
25 221 
26 220 
27 219 
28 219 
29 218 
30 218 
31 218 
32 225 
33 227 
34 229 
35 229 
36 228 
37 227 
38 227 
39 228 
40 229 
41 228 
42 227 
43 227 
44 227 
45 226 
46 226 
47 225 
48 225 
49 224 
50 223 
51 225 
52 224 
53 224 
54 224 
55 223 
56 223 
57 222 
58 222 
59 220 
60 219 
61 225 
62 225 
63 226 
64 225 
65 225 
66 225 
67 224 
68 223 
69 222 
70 221 
71 220 
72 220 
73 219 
74 218 
75 217 
76 215 
77 215 
78 213 
79 213 
80 212 
81 213 
82 213 
83 213 
84 211 
85 212 
86 211 
87 209 
88 212 
89 211 
90 211 
91 210 
92 210 
93 210 
94 209 
95 208 
96 207 
97 206 
98 206 
99 205 
100 204 
101 204 
102 203 
103 202 
104 201 
105 200 
106 199 
107 199 
108 198 
109 196 
110 195 
111 193 
112 192 
113 192 
114 191 
115 189 
116 190 
117 190 
118 189 
119 188 
120 187 
121 186 
122 185 
123 184 
124 183 
125 182 
126 182 
127 182 
128 182 
129 183 
130 182 
131 184 
132 183 
133 186 
134 187 
135 187 
136 187 
137 187 
138 187 
139 189 
140 188 
141 187 
142 187 
143 185 
144 185 
145 183 
146 186 
147 185 
148 183 
149 182 
150 183 
151 182 
152 181 
153 181 
154 182 
155 182 
156 181 
157 179 
158 178 
159 177 
160 175 
161 175 
162 176 
163 175 
164 175 
165 176 
166 174 
167 174 
168 174 
169 175 
170 174 
171 173 
172 172 
173 171 
174 170 
175 170 
176 171 
177 170 
178 169 
179 169 
180 168 
181 169 
182 168 
183 167 
184 166 
185 165 
186 164 
187 163 
188 161 
189 161 
190 159 
191 161 
192 160 
193 159 
194 157 
195 156 
196 155 
197 155 
198 157 
199 157 
200 157 
201 156 
202 156 
203 156 
204 155 
205 156 
206 155 
207 154 
208 154 
209 153 
210 152 
211 152 
212 151 
213 149 
214 148 
215 148 
216 147 
217 145 
218 144 
219 142 
220 141 
221 141 
222 141 
223 140 
224 139 
225 138 
226 139 
227 139 
228 137 
229 138 
230 137 
231 136 
232 136 
233 135 
234 134 
235 133 
236 134 
237 135 
238 134 
239 133 
240 132 
241 134 
242 133 
243 132 
244 131 
245 130 
246 130 
247 130 
248 130 
249 129 
250 128 
251 128 
252 127 
253 125 
254 123 
255 123 
256 123 
257 122 
258 123 
259 134 
260 137 
261 144 
262 143 
263 146 
264 148 
265 148 
266 152 
267 152 
268 151 
269 151 
270 150 
271 150 
272 149 
273 150 
274 151 
275 150 
276 149 
277 148 
278 148 
279 147 
280 146 
281 145 
282 145 
283 145 
284 146 
285 145 
286 144 
287 143 
288 143 
289 143 
290 143 
291 143 
292 142 
293 141 
294 142 
295 141 
296 141 
297 139 
298 139 
299 137 
300 135 
301 137 
302 135 
303 135 
304 134 
305 135 
306 135 
307 137 
308 140 
309 138 
310 135 
311 135 
312 134 
313 133 
314 131 
315 129 
316 129 
317 128 
318 128 
319 127 
320 127 
321 124 
322 122 
323 123 
324 121 
325 121 
326 121 
327 120 
328 120 
329 119 
330 120 
331 120 
332 121 
333 121 
334 120 
335 118 
336 117 
337 117 
338 116 
339 114 
340 113 
341 112 
342 111 
343 110 
344 108 
345 107 
346 106 
347 105 
348 105 
349 105 
350 107 
351 107 
352 107 
353 107 
354 106 
355 106 
356 106 
357 108 
358 107 
359 106 
360 105 
361 104 
362 103 
363 103 
364 103 
365 102 
366 102 
367 101 
368 100 
369 100 
370 99 
371 98 
372 96 
373 96 
374 99 
375 101 
376 100 
377 100 
378 99 
379 97 
380 96 
381 97 
382 97 
383 97 
384 97 
385 100 
386 100 
387 99 
388 99 
389 99 
390 99 
391 97 
392 98 
393 97 
394 95 
395 94 
396 93 
397 90 
398 90 
399 91 
400 89 
401 87 
402 86 
403 85 
404 85 
405 84 
406 83 
407 82 
408 82 
409 82 
410 80 
411 79 
412 79 
413 77 
414 77 
415 79 
416 78 
417 76 
418 73 
419 72 
420 71 
421 71 
422 70 
423 71 
424 69 
425 68 
426 67 
427 63 
428 62 
429 63 
430 65 
431 64 
432 66 
433 65 
434 64 
435 62 
436 62 
437 61 
438 61 
439 59 
440 59 
441 58 
442 58 
443 57 
444 55 
445 55 
446 55 
447 54 
448 53 
449 51 
450 50 
451 50 
452 49 
453 47 
454 46 
455 43 
456 40 
457 41 
458 38 
459 39 
460 36 
461 34 
462 32 
463 32 
464 31 
465 30 
466 30 
467 33 
468 32 
469 33 
470 33 
471 32 
472 31 
473 32 
474 33 
475 32 
476 31 
477 30 
478 30 
479 29 
480 29 
481 28 
482 28 
483 28 
484 28 
485 26 
486 24 
487 27 
488 26 
489 26 
490 25 
491 23 
492 23 
493 23 
494 23 
495 24 
496 23 
497 22 
498 20 
499 20 
500 17 
501 16 
502 14 
503 16 
504 15 
505 12 
506 13 
507 11 
508 11 
509 13 
510 12 
511 9 
512 8 
513 8 
514 7 
515 6 
516 6 
517 6 
518 5 
519 5 
520 4 
521 3 
522 1 
523 2 
524 1 
525 1 
526 0 
527 0 

