0 167 
1 176 
2 183 
3 209 
4 216 
5 219 
6 227 
7 228 
8 227 
9 226 
10 226 
11 225 
12 225 
13 225 
14 224 
15 224 
16 223 
17 222 
18 221 
19 221 
20 220 
21 219 
22 218 
23 217 
24 216 
25 215 
26 214 
27 212 
28 212 
29 213 
30 211 
31 210 
32 209 
33 208 
34 207 
35 206 
36 207 
37 206 
38 206 
39 205 
40 203 
41 203 
42 201 
43 201 
44 205 
45 205 
46 204 
47 204 
48 203 
49 203 
50 202 
51 201 
52 200 
53 200 
54 203 
55 203 
56 204 
57 205 
58 205 
59 204 
60 203 
61 202 
62 201 
63 200 
64 200 
65 200 
66 200 
67 199 
68 198 
69 196 
70 195 
71 194 
72 194 
73 193 
74 191 
75 191 
76 192 
77 204 
78 205 
79 209 
80 210 
81 210 
82 210 
83 209 
84 208 
85 207 
86 207 
87 208 
88 207 
89 207 
90 206 
91 205 
92 204 
93 205 
94 204 
95 204 
96 205 
97 204 
98 202 
99 200 
100 199 
101 197 
102 196 
103 195 
104 195 
105 195 
106 195 
107 194 
108 192 
109 192 
110 193 
111 193 
112 193 
113 193 
114 192 
115 191 
116 190 
117 188 
118 189 
119 188 
120 187 
121 185 
122 184 
123 183 
124 181 
125 180 
126 178 
127 177 
128 177 
129 178 
130 179 
131 180 
132 180 
133 181 
134 183 
135 183 
136 181 
137 179 
138 178 
139 176 
140 175 
141 175 
142 173 
143 173 
144 174 
145 175 
146 175 
147 173 
148 172 
149 172 
150 171 
151 170 
152 170 
153 169 
154 170 
155 171 
156 171 
157 170 
158 170 
159 168 
160 166 
161 166 
162 166 
163 165 
164 165 
165 163 
166 163 
167 161 
168 161 
169 159 
170 158 
171 159 
172 160 
173 158 
174 158 
175 157 
176 155 
177 153 
178 153 
179 153 
180 151 
181 151 
182 151 
183 150 
184 148 
185 148 
186 147 
187 146 
188 146 
189 146 
190 145 
191 143 
192 140 
193 138 
194 140 
195 142 
196 144 
197 144 
198 143 
199 142 
200 142 
201 141 
202 141 
203 145 
204 148 
205 151 
206 155 
207 157 
208 157 
209 156 
210 156 
211 156 
212 157 
213 156 
214 157 
215 156 
216 155 
217 154 
218 153 
219 152 
220 151 
221 150 
222 149 
223 148 
224 147 
225 148 
226 148 
227 148 
228 149 
229 148 
230 149 
231 149 
232 148 
233 147 
234 147 
235 147 
236 147 
237 146 
238 146 
239 145 
240 143 
241 143 
242 145 
243 144 
244 145 
245 147 
246 147 
247 146 
248 145 
249 146 
250 145 
251 145 
252 145 
253 145 
254 144 
255 142 
256 141 
257 140 
258 139 
259 141 
260 141 
261 140 
262 139 
263 137 
264 135 
265 134 
266 132 
267 130 
268 134 
269 135 
270 135 
271 134 
272 134 
273 133 
274 130 
275 128 
276 125 
277 128 
278 127 
279 125 
280 126 
281 125 
282 124 
283 123 
284 123 
285 122 
286 120 
287 117 
288 116 
289 116 
290 119 
291 122 
292 121 
293 120 
294 119 
295 119 
296 118 
297 116 
298 113 
299 113 
300 111 
301 111 
302 110 
303 111 
304 111 
305 112 
306 111 
307 109 
308 107 
309 107 
310 108 
311 107 
312 108 
313 106 
314 109 
315 108 
316 105 
317 107 
318 107 
319 106 
320 104 
321 104 
322 105 
323 104 
324 101 
325 100 
326 100 
327 99 
328 100 
329 102 
330 104 
331 102 
332 102 
333 101 
334 99 
335 97 
336 97 
337 97 
338 97 
339 95 
340 93 
341 91 
342 88 
343 87 
344 86 
345 85 
346 85 
347 83 
348 83 
349 81 
350 82 
351 83 
352 81 
353 80 
354 82 
355 81 
356 78 
357 77 
358 76 
359 74 
360 73 
361 72 
362 71 
363 71 
364 71 
365 70 
366 69 
367 68 
368 67 
369 65 
370 64 
371 62 
372 63 
373 62 
374 59 
375 59 
376 57 
377 56 
378 54 
379 54 
380 52 
381 51 
382 49 
383 51 
384 51 
385 50 
386 49 
387 49 
388 48 
389 49 
390 47 
391 49 
392 47 
393 47 
394 46 
395 45 
396 45 
397 44 
398 44 
399 43 
400 42 
401 40 
402 38 
403 37 
404 35 
405 31 
406 32 
407 33 
408 35 
409 34 
410 34 
411 32 
412 31 
413 32 
414 32 
415 33 
416 32 
417 31 
418 31 
419 30 
420 31 
421 30 
422 29 
423 26 
424 24 
425 27 
426 27 
427 27 
428 25 
429 24 
430 26 
431 25 
432 24 
433 23 
434 22 
435 21 
436 22 
437 21 
438 21 
439 20 
440 20 
441 19 
442 17 
443 17 
444 17 
445 15 
446 15 
447 11 
448 10 
449 9 
450 7 
451 6 
452 6 
453 7 
454 6 
455 5 
456 3 
457 3 
458 2 
459 1 
460 0 
461 0 

