0 189 
1 191 
2 200 
3 200 
4 197 
5 196 
6 200 
7 201 
8 199 
9 201 
10 199 
11 203 
12 195 
13 195 
14 199 
15 193 
16 195 
17 187 
18 186 
19 188 
20 189 
21 189 
22 191 
23 191 
24 193 
25 189 
26 185 
27 182 
28 186 
29 180 
30 177 
31 172 
32 172 
33 177 
34 172 
35 170 
36 169 
37 165 
38 165 
39 164 
40 159 
41 161 
42 158 
43 154 
44 147 
45 144 
46 141 
47 139 
48 136 
49 139 
50 138 
51 134 
52 126 
53 123 
54 121 
55 121 
56 122 
57 118 
58 115 
59 116 
60 115 
61 114 
62 114 
63 115 
64 113 
65 113 
66 113 
67 111 
68 105 
69 103 
70 103 
71 94 
72 95 
73 95 
74 94 
75 95 
76 92 
77 92 
78 88 
79 85 
80 85 
81 82 
82 79 
83 76 
84 76 
85 74 
86 69 
87 67 
88 64 
89 65 
90 55 
91 56 
92 56 
93 61 
94 55 
95 50 
96 52 
97 46 
98 46 
99 43 
100 39 
101 36 
102 40 
103 37 
104 34 
105 35 
106 30 
107 27 
108 22 
109 25 
110 28 
111 27 
112 22 
113 20 
114 17 
115 14 
116 16 
117 15 
118 11 
119 11 
120 6 
121 4 
122 5 
123 7 
124 5 
125 5 
126 5 
127 4 
128 4 
129 1 
130 2 
131 0 
132 0 

