0 266 
1 270 
2 273 
3 270 
4 275 
5 285 
6 284 
7 282 
8 275 
9 277 
10 273 
11 268 
12 265 
13 262 
14 257 
15 253 
16 247 
17 243 
18 240 
19 235 
20 234 
21 226 
22 230 
23 229 
24 229 
25 229 
26 220 
27 223 
28 227 
29 222 
30 224 
31 218 
32 223 
33 216 
34 214 
35 217 
36 212 
37 210 
38 209 
39 205 
40 201 
41 201 
42 196 
43 200 
44 192 
45 194 
46 196 
47 194 
48 189 
49 184 
50 184 
51 188 
52 187 
53 185 
54 186 
55 179 
56 180 
57 180 
58 174 
59 170 
60 165 
61 163 
62 167 
63 168 
64 165 
65 160 
66 163 
67 162 
68 162 
69 153 
70 151 
71 150 
72 146 
73 143 
74 144 
75 141 
76 136 
77 133 
78 133 
79 131 
80 129 
81 132 
82 126 
83 126 
84 120 
85 115 
86 110 
87 107 
88 103 
89 104 
90 105 
91 105 
92 104 
93 103 
94 101 
95 94 
96 92 
97 91 
98 91 
99 88 
100 85 
101 84 
102 87 
103 82 
104 84 
105 82 
106 80 
107 79 
108 80 
109 75 
110 73 
111 70 
112 72 
113 70 
114 73 
115 68 
116 67 
117 66 
118 63 
119 60 
120 56 
121 56 
122 53 
123 54 
124 49 
125 53 
126 53 
127 52 
128 49 
129 51 
130 48 
131 47 
132 43 
133 39 
134 39 
135 40 
136 43 
137 41 
138 40 
139 36 
140 40 
141 36 
142 33 
143 32 
144 32 
145 26 
146 24 
147 21 
148 22 
149 22 
150 18 
151 15 
152 12 
153 11 
154 11 
155 10 
156 6 
157 6 
158 3 
159 2 
160 1 
161 0 
162 0 

