0 220 
1 231 
2 237 
3 245 
4 247 
5 248 
6 248 
7 249 
8 249 
9 248 
10 247 
11 246 
12 246 
13 245 
14 245 
15 245 
16 246 
17 246 
18 244 
19 243 
20 242 
21 241 
22 241 
23 239 
24 240 
25 239 
26 239 
27 238 
28 237 
29 236 
30 235 
31 235 
32 234 
33 234 
34 237 
35 236 
36 237 
37 237 
38 237 
39 237 
40 237 
41 237 
42 237 
43 236 
44 235 
45 235 
46 234 
47 233 
48 232 
49 231 
50 230 
51 230 
52 230 
53 229 
54 228 
55 227 
56 226 
57 226 
58 226 
59 225 
60 226 
61 225 
62 224 
63 223 
64 222 
65 222 
66 222 
67 220 
68 221 
69 221 
70 220 
71 218 
72 219 
73 219 
74 218 
75 218 
76 219 
77 219 
78 221 
79 223 
80 223 
81 222 
82 223 
83 223 
84 223 
85 223 
86 223 
87 222 
88 222 
89 221 
90 222 
91 223 
92 222 
93 221 
94 220 
95 219 
96 219 
97 218 
98 217 
99 216 
100 214 
101 214 
102 213 
103 214 
104 214 
105 213 
106 212 
107 211 
108 210 
109 211 
110 211 
111 210 
112 210 
113 210 
114 209 
115 208 
116 206 
117 205 
118 205 
119 206 
120 206 
121 205 
122 205 
123 204 
124 204 
125 204 
126 203 
127 202 
128 203 
129 203 
130 203 
131 202 
132 202 
133 203 
134 202 
135 201 
136 201 
137 200 
138 198 
139 196 
140 197 
141 197 
142 197 
143 198 
144 198 
145 197 
146 196 
147 196 
148 198 
149 198 
150 198 
151 197 
152 199 
153 200 
154 200 
155 199 
156 200 
157 199 
158 199 
159 198 
160 197 
161 197 
162 197 
163 195 
164 194 
165 194 
166 194 
167 192 
168 191 
169 192 
170 190 
171 189 
172 189 
173 189 
174 190 
175 190 
176 190 
177 191 
178 190 
179 189 
180 189 
181 189 
182 188 
183 187 
184 186 
185 185 
186 184 
187 183 
188 183 
189 183 
190 183 
191 183 
192 187 
193 187 
194 188 
195 188 
196 187 
197 187 
198 187 
199 186 
200 185 
201 184 
202 184 
203 183 
204 184 
205 184 
206 184 
207 184 
208 188 
209 190 
210 190 
211 189 
212 188 
213 187 
214 186 
215 185 
216 184 
217 183 
218 182 
219 181 
220 181 
221 179 
222 177 
223 177 
224 177 
225 176 
226 177 
227 176 
228 175 
229 175 
230 173 
231 171 
232 170 
233 170 
234 169 
235 170 
236 169 
237 169 
238 168 
239 167 
240 164 
241 165 
242 164 
243 167 
244 165 
245 164 
246 165 
247 164 
248 162 
249 160 
250 157 
251 155 
252 154 
253 154 
254 153 
255 155 
256 155 
257 156 
258 156 
259 156 
260 155 
261 155 
262 155 
263 154 
264 154 
265 154 
266 155 
267 158 
268 161 
269 163 
270 164 
271 164 
272 163 
273 162 
274 163 
275 164 
276 163 
277 162 
278 163 
279 163 
280 162 
281 161 
282 161 
283 160 
284 158 
285 161 
286 161 
287 159 
288 158 
289 157 
290 157 
291 155 
292 155 
293 155 
294 156 
295 154 
296 155 
297 155 
298 155 
299 155 
300 155 
301 153 
302 153 
303 152 
304 151 
305 151 
306 150 
307 149 
308 148 
309 148 
310 147 
311 147 
312 146 
313 145 
314 144 
315 146 
316 144 
317 143 
318 142 
319 141 
320 140 
321 138 
322 139 
323 139 
324 139 
325 138 
326 137 
327 138 
328 136 
329 135 
330 134 
331 134 
332 134 
333 133 
334 132 
335 132 
336 132 
337 131 
338 130 
339 129 
340 129 
341 130 
342 131 
343 131 
344 130 
345 128 
346 128 
347 128 
348 127 
349 126 
350 127 
351 128 
352 129 
353 127 
354 125 
355 125 
356 125 
357 124 
358 125 
359 125 
360 125 
361 124 
362 122 
363 124 
364 125 
365 125 
366 125 
367 124 
368 125 
369 125 
370 126 
371 125 
372 125 
373 125 
374 128 
375 129 
376 129 
377 129 
378 128 
379 127 
380 128 
381 127 
382 127 
383 133 
384 137 
385 137 
386 136 
387 138 
388 137 
389 136 
390 136 
391 135 
392 134 
393 134 
394 133 
395 133 
396 132 
397 132 
398 131 
399 131 
400 129 
401 127 
402 126 
403 124 
404 124 
405 125 
406 125 
407 125 
408 124 
409 124 
410 124 
411 124 
412 123 
413 123 
414 122 
415 122 
416 122 
417 121 
418 120 
419 120 
420 119 
421 118 
422 118 
423 117 
424 116 
425 115 
426 114 
427 113 
428 114 
429 114 
430 114 
431 113 
432 111 
433 110 
434 109 
435 108 
436 109 
437 107 
438 106 
439 105 
440 103 
441 104 
442 102 
443 101 
444 102 
445 100 
446 99 
447 100 
448 100 
449 99 
450 99 
451 99 
452 97 
453 97 
454 94 
455 92 
456 93 
457 92 
458 91 
459 89 
460 87 
461 86 
462 87 
463 86 
464 86 
465 86 
466 86 
467 84 
468 84 
469 83 
470 83 
471 81 
472 80 
473 76 
474 81 
475 81 
476 77 
477 75 
478 74 
479 73 
480 74 
481 73 
482 71 
483 73 
484 74 
485 73 
486 71 
487 70 
488 70 
489 71 
490 70 
491 70 
492 72 
493 69 
494 67 
495 67 
496 65 
497 65 
498 63 
499 61 
500 60 
501 59 
502 56 
503 57 
504 53 
505 52 
506 55 
507 55 
508 54 
509 50 
510 51 
511 52 
512 50 
513 47 
514 48 
515 47 
516 45 
517 45 
518 45 
519 45 
520 44 
521 44 
522 44 
523 44 
524 44 
525 42 
526 38 
527 38 
528 36 
529 34 
530 36 
531 34 
532 34 
533 34 
534 34 
535 33 
536 31 
537 32 
538 31 
539 29 
540 30 
541 29 
542 29 
543 31 
544 30 
545 28 
546 27 
547 26 
548 24 
549 22 
550 21 
551 20 
552 20 
553 18 
554 18 
555 17 
556 14 
557 13 
558 12 
559 12 
560 12 
561 12 
562 12 
563 11 
564 10 
565 10 
566 11 
567 10 
568 9 
569 9 
570 9 
571 8 
572 9 
573 8 
574 7 
575 7 
576 6 
577 4 
578 3 
579 4 
580 3 
581 2 
582 1 
583 0 
584 0 

