0 43 46
1 41 49
2 40 49
3 49 50
4 44 52
5 42 56
6 57 60
7 51 60
8 56 58
9 45 59
10 49 60
11 49 57
12 46 56
13 33 56
14 47 55
15 44 53
16 43 52
17 48 50
18 43 45
19 33 44
20 38 42
21 35 39
22 34 38
23 38 38
24 36 39
25 38 38
26 24 37
27 33 35
28 22 34
29 31 32
30 20 30
31 29 29
32 23 27
33 25 25
34 25 25
35 23 25
36 25 25
37 19 24
38 20 22
39 10 19
40 18 19
41 19 19
42 16 16
43 16 16
44 18 18
45 13 14
46 11 11
47 8 8
48 9 11
49 8 10
50 6 8
51 3 7
52 5 6
53 6 6
54 3 5
55 5 5
56 4 4
57 2 3
58 2 3
59 2 2
60 1 1

