0 33 39
1 41 42
2 29 43
3 41 44
4 33 43
5 37 41
6 32 41
7 40 43
8 42 43
9 17 40
10 28 38
11 39 39
12 39 39
13 36 38
14 34 36
15 35 35
16 34 34
17 23 33
18 32 32
19 30 32
20 25 30
21 30 34
22 30 33
23 28 31
24 25 29
25 25 31
26 29 30
27 26 29
28 25 28
29 27 27
30 19 25
31 24 24
32 23 23
33 18 22
34 16 20
35 16 20
36 23 23
37 22 24
38 13 23
39 17 21
40 21 21
41 18 20
42 17 18
43 16 16
44 6 16
45 12 15
46 14 14
47 13 13
48 4 10
49 6 6
50 5 5
51 4 4
52 6 7
53 5 6
54 7 7
55 9 9
56 9 9
57 7 8
58 1 7
59 2 3
60 2 2
61 1 1

