0 57 62
1 68 71
2 71 71
3 71 71
4 68 69
5 63 69
6 67 69
7 69 73
8 73 73
9 60 71
10 49 69
11 60 69
12 65 67
13 65 66
14 46 63
15 54 63
16 60 60
17 57 57
18 42 57
19 54 56
20 49 55
21 54 55
22 44 54
23 53 54
24 52 53
25 50 53
26 49 53
27 49 52
28 45 51
29 44 50
30 46 50
31 51 51
32 28 50
33 47 48
34 49 49
35 47 48
36 34 46
37 42 44
38 32 41
39 40 40
40 35 40
41 31 39
42 30 37
43 34 36
44 20 32
45 31 32
46 33 33
47 29 31
48 28 29
49 29 30
50 28 30
51 22 29
52 23 27
53 15 26
54 20 25
55 25 25
56 18 22
57 16 19
58 7 19
59 13 18
60 6 18
61 14 17
62 11 17
63 12 13
64 6 6
65 5 8
66 5 8
67 5 8
68 8 8
69 2 7
70 4 7
71 6 6
72 5 5
73 4 4
74 3 3
75 1 1

