0 43 54
1 45 54
2 49 55
3 58 59
4 57 58
5 52 57
6 57 57
7 49 56
8 52 55
9 55 55
10 52 54
11 52 53
12 52 52
13 51 51
14 50 50
15 49 50
16 40 51
17 50 51
18 30 50
19 43 48
20 46 46
21 39 43
22 32 42
23 29 42
24 39 42
25 27 41
26 41 42
27 39 41
28 34 39
29 39 41
30 39 40
31 35 38
32 38 38
33 34 37
34 20 36
35 17 32
36 29 31
37 6 29
38 25 25
39 19 24
40 16 20
41 20 20
42 16 19
43 15 18
44 15 16
45 11 16
46 13 16
47 16 16
48 12 15
49 15 15
50 14 14
51 13 13
52 10 12
53 11 10
54 6 10
55 2 9
56 7 9
57 7 9
58 8 8
59 6 6
60 1 4
61 2 4
62 3 4
63 2 2
64 1 1
65 1 1

