0 77 81
1 74 81
2 71 85
3 79 85
4 80 85
5 74 83
6 69 81
7 75 82
8 74 81
9 71 79
10 63 80
11 67 77
12 63 76
13 73 75
14 36 73
15 63 70
16 61 69
17 60 70
18 57 67
19 55 69
20 57 67
21 62 67
22 65 65
23 60 67
24 61 68
25 48 68
26 48 68
27 65 66
28 57 64
29 62 62
30 60 63
31 60 60
32 49 59
33 50 57
34 49 56
35 54 55
36 51 53
37 49 51
38 40 51
39 50 50
40 50 50
41 46 50
42 47 49
43 43 48
44 46 47
45 45 46
46 30 43
47 36 43
48 31 39
49 32 35
50 37 37
51 28 37
52 37 37
53 37 37
54 34 37
55 26 34
56 16 29
57 27 27
58 19 25
59 17 23
60 23 25
61 23 24
62 19 24
63 21 26
64 21 24
65 22 23
66 17 21
67 15 20
68 16 18
69 16 17
70 10 16
71 8 19
72 7 17
73 14 16
74 5 15
75 12 13
76 4 11
77 3 8
78 6 7
79 2 5
80 2 4
81 3 3
82 1 2
83 1 1

