0 32 44
1 46 46
2 49 50
3 51 51
4 45 51
5 50 50
6 45 50
7 37 49
8 40 46
9 43 43
10 39 43
11 39 43
12 41 43
13 41 43
14 36 42
15 38 42
16 34 40
17 38 38
18 32 38
19 36 39
20 33 38
21 34 37
22 24 35
23 34 35
24 30 33
25 32 33
26 32 32
27 29 31
28 21 29
29 27 27
30 22 28
31 24 27
32 18 28
33 20 25
34 19 21
35 17 18
36 18 19
37 18 19
38 19 20
39 14 19
40 17 17
41 14 17
42 8 17
43 16 16
44 12 15
45 9 15
46 13 14
47 4 13
48 11 11
49 8 10
50 3 9
51 9 9
52 6 8
53 5 7
54 2 4
55 3 4
56 3 3
57 2 4
58 2 2
59 1 1

