0 48 51
1 37 53
2 37 55
3 44 55
4 48 53
5 48 51
6 41 48
7 36 49
8 46 49
9 48 48
10 40 45
11 46 46
12 45 46
13 39 44
14 36 42
15 43 43
16 32 42
17 32 40
18 35 40
19 33 39
20 36 38
21 32 37
22 34 35
23 32 33
24 32 32
25 32 33
26 29 32
27 29 35
28 32 33
29 27 31
30 31 31
31 28 32
32 31 31
33 20 30
34 18 30
35 24 30
36 20 27
37 9 25
38 24 26
39 20 24
40 22 22
41 22 22
42 12 21
43 16 18
44 14 16
45 16 16
46 16 16
47 8 12
48 12 13
49 9 11
50 10 12
51 7 12
52 9 12
53 10 10
54 4 6
55 5 6
56 5 5
57 3 5
58 4 6
59 2 2
60 2 2

