0 62 66
1 58 69
2 71 71
3 63 71
4 60 71
5 66 69
6 68 69
7 67 68
8 58 67
9 58 67
10 68 69
11 68 68
12 61 67
13 63 65
14 62 66
15 66 68
16 62 67
17 52 66
18 65 66
19 65 65
20 65 65
21 59 64
22 50 62
23 59 62
24 60 61
25 58 60
26 42 58
27 55 58
28 51 56
29 44 54
30 30 55
31 52 52
32 44 51
33 50 52
34 48 51
35 50 50
36 40 49
37 47 48
38 47 48
39 41 47
40 46 46
41 46 46
42 45 46
43 49 51
44 41 50
45 46 47
46 40 47
47 46 46
48 38 45
49 45 45
50 34 44
51 40 43
52 42 43
53 39 42
54 41 41
55 32 39
56 37 38
57 36 37
58 17 35
59 18 33
60 20 24
61 21 23
62 13 23
63 23 23
64 20 22
65 20 20
66 14 17
67 15 18
68 13 16
69 5 9
70 7 9
71 6 8
72 3 7
73 4 6
74 9 9
75 7 8
76 5 6
77 3 5
78 2 4
79 3 4
80 1 2
81 3 3
82 1 1
83 1 1

