0 83 86
1 91 90
2 82 90
3 92 92
4 93 92
5 87 91
6 92 91
7 88 91
8 88 93
9 92 95
10 94 94
11 80 93
12 75 91
13 82 92
14 85 89
15 77 91
16 61 90
17 89 89
18 66 88
19 79 83
20 71 81
21 68 79
22 65 79
23 75 76
24 71 77
25 71 75
26 60 72
27 60 69
28 62 65
29 48 66
30 66 67
31 53 66
32 62 64
33 53 62
34 48 59
35 59 59
36 57 57
37 43 56
38 43 54
39 49 53
40 41 50
41 46 49
42 42 48
43 47 51
44 23 49
45 44 46
46 41 45
47 45 44
48 39 38
49 31 39
50 34 39
51 34 36
52 28 38
53 34 36
54 10 34
55 35 35
56 27 33
57 20 30
58 22 28
59 20 25
60 29 28
61 25 27
62 21 25
63 23 24
64 23 22
65 19 18
66 16 22
67 18 20
68 20 19
69 13 12
70 14 19
71 13 16
72 7 15
73 13 13
74 12 11
75 11 13
76 10 12
77 4 13
78 12 12
79 9 11
80 8 9
81 6 8
82 6 5
83 4 3
84 4 3
85 3 3
86 5 4
87 5 4
88 4 4
89 4 4
90 4 3
91 3 3
92 1 2
93 2 1
94 2 1
95 1 2
96 2 1
97 1 1
98 1 1

