0 92 96
1 84 97
2 100 102
3 100 102
4 98 101
5 91 100
6 97 101
7 84 101
8 97 101
9 79 99
10 96 96
11 95 98
12 95 97
13 77 96
14 93 93
15 79 89
16 77 88
17 84 88
18 86 88
19 86 93
20 83 93
21 74 91
22 80 89
23 84 87
24 80 86
25 72 84
26 81 83
27 81 81
28 79 80
29 73 80
30 68 80
31 62 78
32 70 75
33 63 73
34 69 71
35 65 70
36 64 66
37 59 66
38 41 64
39 57 64
40 61 64
41 61 66
42 66 66
43 57 66
44 57 64
45 60 62
46 59 59
47 50 57
48 35 58
49 56 56
50 52 57
51 54 57
52 47 55
53 41 54
54 50 54
55 46 59
56 52 57
57 45 53
58 42 52
59 50 54
60 49 51
61 48 52
62 49 52
63 41 49
64 47 48
65 47 47
66 46 46
67 33 46
68 44 45
69 38 43
70 31 42
71 39 40
72 39 39
73 37 39
74 38 38
75 30 37
76 33 37
77 26 38
78 33 37
79 25 35
80 33 33
81 29 31
82 22 31
83 26 29
84 24 26
85 23 25
86 21 24
87 16 24
88 24 24
89 15 20
90 12 19
91 16 18
92 15 17
93 10 17
94 15 16
95 14 14
96 7 12
97 3 9
98 6 9
99 7 9
100 8 9
101 6 7
102 2 4
103 3 4
104 2 3
105 1 2
106 1 1

