0 71 93
1 96 99
2 95 100
3 103 103
4 96 105
5 103 110
6 57 109
7 99 106
8 99 105
9 96 104
10 92 102
11 85 103
12 64 102
13 94 100
14 96 97
15 93 94
16 91 95
17 91 94
18 73 91
19 85 88
20 74 88
21 85 87
22 66 86
23 84 85
24 74 83
25 76 80
26 81 82
27 60 79
28 72 80
29 74 79
30 71 76
31 51 75
32 68 77
33 68 76
34 69 74
35 49 72
36 49 72
37 69 70
38 67 67
39 63 65
40 61 65
41 46 64
42 50 63
43 49 62
44 59 60
45 45 58
46 56 55
47 42 55
48 48 57
49 45 55
50 56 55
51 45 50
52 41 51
53 45 50
54 37 47
55 23 49
56 43 47
57 31 45
58 40 43
59 25 41
60 36 39
61 28 37
62 26 35
63 22 36
64 23 34
65 18 32
66 22 29
67 19 26
68 26 25
69 19 24
70 22 22
71 14 21
72 17 18
73 16 17
74 18 17
75 15 17
76 13 16
77 12 12
78 4 11
79 1 9
80 6 5
81 4 4
82 3 4
83 2 2
84 2 1
85 2 1
86 2 1
87 3 2
88 2 2
89 3 2
90 3 2
91 3 2
92 3 2
93 2 1
94 1 2
95 1 1

