0 65 69
1 59 68
2 58 67
3 57 67
4 53 65
5 64 64
6 62 63
7 58 61
8 63 64
9 60 63
10 56 61
11 46 62
12 56 60
13 56 59
14 46 56
15 54 57
16 48 56
17 33 55
18 51 54
19 51 53
20 52 52
21 28 52
22 39 48
23 50 50
24 48 49
25 41 49
26 43 48
27 42 51
28 49 49
29 47 47
30 40 44
31 42 43
32 44 44
33 42 43
34 34 40
35 36 39
36 33 37
37 25 36
38 36 36
39 35 34
40 31 34
41 33 33
42 26 34
43 30 35
44 31 36
45 37 38
46 36 37
47 11 35
48 24 31
49 28 28
50 25 27
51 20 24
52 23 23
53 17 22
54 21 22
55 20 21
56 10 20
57 7 18
58 12 16
59 10 14
60 9 15
61 14 14
62 11 13
63 16 16
64 8 14
65 16 16
66 14 15
67 13 13
68 9 11
69 7 8
70 1 7
71 2 3
72 3 3
73 2 2
74 1 1

