0 76 79
1 85 85
2 64 85
3 86 86
4 77 86
5 85 86
6 75 85
7 80 85
8 83 84
9 74 83
10 73 81
11 75 80
12 72 79
13 70 78
14 73 78
15 40 75
16 65 76
17 77 77
18 49 77
19 69 73
20 67 73
21 71 76
22 65 76
23 74 74
24 54 73
25 52 71
26 37 69
27 59 67
28 52 64
29 60 63
30 55 63
31 54 63
32 44 63
33 60 60
34 46 60
35 53 57
36 52 57
37 52 55
38 42 52
39 30 50
40 45 47
41 44 46
42 40 43
43 42 42
44 40 44
45 42 43
46 40 42
47 43 43
48 32 43
49 34 44
50 34 44
51 41 42
52 29 41
53 41 41
54 31 40
55 24 39
56 26 36
57 32 34
58 29 31
59 21 31
60 7 30
61 12 29
62 27 27
63 20 27
64 24 26
65 10 24
66 15 25
67 7 22
68 15 20
69 19 20
70 13 17
71 14 16
72 16 18
73 16 18
74 14 15
75 8 16
76 3 15
77 4 13
78 6 10
79 3 7
80 3 4
81 2 3
82 1 2

