0 47 48
1 40 48
2 52 53
3 46 53
4 51 52
5 53 53
6 49 52
7 52 52
8 41 52
9 49 50
10 45 49
11 45 48
12 41 46
13 42 47
14 30 48
15 37 48
16 44 48
17 43 47
18 40 44
19 31 43
20 41 45
21 44 45
22 45 45
23 28 42
24 39 41
25 36 40
26 39 39
27 42 42
28 17 39
29 38 38
30 36 36
31 34 34
32 28 33
33 16 32
34 30 30
35 31 31
36 28 31
37 23 29
38 27 27
39 24 28
40 26 29
41 23 27
42 22 24
43 23 23
44 17 24
45 23 24
46 24 24
47 19 22
48 16 19
49 15 16
50 18 18
51 16 17
52 11 18
53 12 17
54 11 15
55 14 15
56 7 14
57 9 12
58 6 10
59 3 9
60 7 9
61 8 10
62 4 10
63 7 8
64 6 6
65 1 5
66 3 4
67 2 4
68 3 3
69 2 3
70 1 2
71 1 1

