0 37 41
1 36 43
2 45 46
3 49 49
4 48 49
5 38 49
6 46 48
7 39 47
8 42 46
9 46 46
10 44 45
11 43 44
12 32 44
13 39 44
14 42 43
15 40 40
16 38 39
17 37 38
18 22 38
19 37 37
20 29 36
21 24 34
22 16 33
23 28 31
24 30 31
25 31 32
26 31 32
27 25 30
28 21 27
29 29 30
30 27 29
31 29 30
32 23 31
33 29 29
34 17 28
35 25 27
36 16 26
37 6 24
38 24 24
39 23 24
40 21 23
41 23 23
42 23 23
43 21 21
44 20 21
45 11 21
46 17 18
47 9 17
48 9 16
49 13 15
50 10 14
51 14 14
52 8 12
53 6 12
54 7 10
55 5 8
56 6 7
57 4 4
58 3 3
59 3 4
60 1 2
61 1 1

