0 42 46
1 40 49
2 43 51
3 42 52
4 55 55
5 50 54
6 52 52
7 43 51
8 49 50
9 30 51
10 48 48
11 44 47
12 41 44
13 32 44
14 38 44
15 40 46
16 45 45
17 41 43
18 40 41
19 39 41
20 37 40
21 36 39
22 37 38
23 32 36
24 34 37
25 33 36
26 34 37
27 34 36
28 34 35
29 33 34
30 32 34
31 32 34
32 32 33
33 31 31
34 12 32
35 28 30
36 29 29
37 18 28
38 25 26
39 26 27
40 23 26
41 25 25
42 22 22
43 15 22
44 15 21
45 11 20
46 20 21
47 19 21
48 14 21
49 16 20
50 16 19
51 20 20
52 18 19
53 17 17
54 15 16
55 16 16
56 16 16
57 14 16
58 14 15
59 12 13
60 4 13
61 8 12
62 11 13
63 6 12
64 8 11
65 8 10
66 6 8
67 3 7
68 6 7
69 5 6
70 6 6
71 2 5
72 4 4
73 1 3
74 1 1

