0 95 96
1 77 97
2 98 100
3 70 101
4 102 103
5 98 104
6 100 103
7 100 101
8 90 100
9 98 100
10 99 99
11 98 98
12 88 99
13 88 98
14 89 98
15 96 96
16 82 98
17 88 97
18 88 96
19 78 94
20 87 92
21 44 92
22 81 91
23 74 89
24 84 87
25 75 85
26 76 82
27 78 81
28 81 81
29 77 81
30 57 80
31 64 77
32 71 75
33 63 74
34 66 73
35 59 74
36 68 72
37 67 71
38 62 69
39 66 68
40 57 68
41 64 68
42 62 65
43 68 69
44 66 67
45 59 65
46 46 63
47 42 61
48 50 59
49 47 56
50 46 54
51 39 51
52 38 48
53 41 47
54 40 45
55 41 42
56 31 44
57 43 43
58 41 43
59 27 40
60 35 37
61 35 38
62 36 36
63 27 34
64 25 31
65 16 30
66 31 32
67 13 33
68 32 32
69 12 30
70 16 27
71 17 24
72 21 23
73 15 19
74 18 19
75 15 18
76 9 17
77 10 16
78 8 15
79 3 14
80 11 15
81 14 14
82 9 13
83 6 11
84 10 12
85 7 10
86 6 10
87 5 8
88 4 8
89 4 7
90 6 6
91 2 4
92 2 2
93 2 2
94 1 2
95 1 1

