0 67 85
1 83 89
2 72 92
3 65 90
4 84 89
5 87 87
6 79 85
7 84 84
8 81 82
9 72 82
10 58 82
11 48 81
12 78 80
13 68 78
14 77 79
15 74 78
16 65 76
17 50 73
18 61 70
19 66 68
20 61 69
21 67 69
22 59 68
23 66 66
24 54 66
25 56 66
26 50 65
27 63 63
28 51 60
29 60 60
30 56 58
31 29 58
32 48 56
33 46 55
34 53 53
35 51 51
36 44 51
37 51 54
38 40 53
39 49 50
40 43 48
41 45 46
42 40 45
43 43 45
44 20 44
45 29 43
46 32 43
47 37 40
48 37 39
49 31 37
50 37 38
51 32 36
52 29 35
53 31 32
54 20 30
55 24 28
56 23 24
57 29 29
58 27 28
59 25 29
60 27 28
61 23 28
62 25 27
63 27 27
64 26 26
65 25 26
66 26 26
67 16 24
68 13 23
69 17 21
70 7 19
71 11 16
72 14 15
73 8 13
74 6 11
75 2 11
76 9 9
77 2 6
78 3 4
79 3 3
80 2 2
81 1 1
82 1 2

