0 85 87
1 73 89
2 86 91
3 88 91
4 84 90
5 85 91
6 93 94
7 87 93
8 83 92
9 88 90
10 61 89
11 79 87
12 86 87
13 81 87
14 72 85
15 78 84
16 73 83
17 83 83
18 72 84
19 69 82
20 76 80
21 76 79
22 74 77
23 64 77
24 72 76
25 75 75
26 67 74
27 59 73
28 63 72
29 60 72
30 68 72
31 69 70
32 51 68
33 66 67
34 59 68
35 66 66
36 59 63
37 57 64
38 54 63
39 52 61
40 48 58
41 53 56
42 48 54
43 42 54
44 48 54
45 50 52
46 48 49
47 32 45
48 35 44
49 45 45
50 43 44
51 31 46
52 35 43
53 31 40
54 31 36
55 26 35
56 32 32
57 27 29
58 27 31
59 26 29
60 17 27
61 22 23
62 22 22
63 23 24
64 20 23
65 19 23
66 22 23
67 20 22
68 21 24
69 22 23
70 18 21
71 18 20
72 11 17
73 16 16
74 11 16
75 14 16
76 14 16
77 8 15
78 13 13
79 5 12
80 9 11
81 7 9
82 8 9
83 7 8
84 6 8
85 8 8
86 7 8
87 4 9
88 8 9
89 4 8
90 6 9
91 3 7
92 3 5
93 1 1
94 1 1

