0 45 49
1 47 49
2 31 48
3 48 48
4 47 47
5 41 45
6 45 45
7 43 44
8 42 43
9 29 43
10 46 46
11 38 45
12 43 44
13 41 42
14 36 41
15 35 41
16 30 41
17 42 42
18 32 41
19 30 39
20 37 38
21 26 34
22 27 31
23 16 29
24 18 29
25 22 27
26 24 25
27 22 24
28 25 25
29 23 24
30 20 22
31 17 22
32 24 24
33 20 23
34 18 23
35 23 24
36 20 24
37 21 24
38 22 22
39 18 21
40 20 20
41 18 19
42 19 19
43 15 18
44 16 16
45 16 16
46 15 15
47 14 15
48 14 15
49 7 15
50 13 15
51 13 14
52 14 14
53 8 14
54 13 14
55 6 14
56 10 13
57 8 12
58 8 10
59 7 10
60 3 10
61 7 8
62 6 7
63 4 6
64 1 5
65 3 4
66 2 3
67 1 1

