0 83 83
1 68 87
2 56 87
3 88 88
4 84 87
5 84 88
6 74 87
7 75 85
8 83 83
9 74 83
10 80 80
11 71 78
12 71 76
13 65 77
14 73 75
15 63 76
16 70 75
17 54 74
18 68 73
19 74 74
20 65 71
21 68 68
22 63 69
23 54 68
24 45 69
25 66 68
26 51 68
27 33 65
28 55 64
29 61 61
30 38 58
31 55 55
32 55 55
33 53 58
34 40 57
35 59 59
36 35 58
37 53 57
38 54 54
39 50 51
40 47 48
41 39 46
42 40 44
43 44 44
44 38 44
45 37 42
46 32 39
47 39 39
48 41 41
49 32 40
50 41 41
51 33 41
52 38 40
53 25 39
54 37 41
55 36 41
56 26 38
57 34 36
58 26 34
59 30 30
60 31 31
61 28 30
62 21 30
63 23 28
64 23 26
65 19 24
66 19 23
67 22 23
68 15 22
69 12 21
70 20 20
71 18 20
72 20 21
73 18 21
74 11 19
75 14 17
76 14 16
77 17 17
78 7 19
79 12 16
80 2 13
81 10 13
82 11 14
83 10 13
84 13 15
85 11 12
86 9 11
87 8 8
88 2 5
89 4 4
90 1 3
91 1 1

