0 59 61
1 53 60
2 56 63
3 61 63
4 54 62
5 60 61
6 48 59
7 39 61
8 58 62
9 43 62
10 59 61
11 58 59
12 51 59
13 37 59
14 50 58
15 48 55
16 47 55
17 40 52
18 46 51
19 47 50
20 49 49
21 46 48
22 49 49
23 48 48
24 40 47
25 44 44
26 31 43
27 41 41
28 40 40
29 34 39
30 30 38
31 26 36
32 24 37
33 29 37
34 19 36
35 28 33
36 30 30
37 28 30
38 29 29
39 25 29
40 24 28
41 21 26
42 22 25
43 21 23
44 22 22
45 18 23
46 19 22
47 21 22
48 18 21
49 17 20
50 19 20
51 20 20
52 16 18
53 9 17
54 14 16
55 15 15
56 7 13
57 11 13
58 6 13
59 9 9
60 8 8
61 3 7
62 2 6
63 2 4
64 2 4
65 2 4
66 2 3
67 3 3
68 1 2
69 1 1

