0 51 58
1 63 63
2 58 65
3 58 66
4 65 67
5 65 67
6 65 66
7 67 67
8 61 66
9 54 63
10 56 63
11 61 62
12 61 61
13 60 60
14 58 61
15 59 61
16 55 60
17 58 59
18 51 60
19 60 62
20 54 61
21 48 60
22 61 61
23 59 60
24 59 60
25 59 59
26 56 57
27 50 55
28 51 53
29 36 53
30 52 52
31 51 52
32 47 51
33 49 50
34 39 47
35 41 45
36 46 48
37 45 49
38 46 48
39 37 46
40 43 46
41 46 45
42 36 38
43 35 42
44 39 42
45 40 42
46 29 40
47 38 38
48 29 39
49 29 40
50 41 41
51 38 40
52 32 38
53 37 38
54 22 36
55 32 33
56 24 30
57 27 28
58 25 27
59 25 27
60 26 26
61 25 25
62 14 26
63 26 27
64 26 26
65 21 25
66 24 24
67 22 23
68 20 21
69 24 24
70 22 23
71 22 22
72 16 21
73 18 18
74 16 17
75 17 17
76 16 16
77 13 14
78 14 14
79 9 14
80 11 13
81 13 13
82 12 14
83 6 14
84 10 14
85 15 15
86 9 14
87 11 13
88 7 11
89 8 10
90 4 10
91 9 10
92 9 10
93 9 10
94 8 9
95 8 9
96 8 8
97 7 7
98 4 6
99 8 8
100 7 7
101 4 7
102 5 6
103 2 4
104 1 2
105 1 1

