0 77 93
1 93 97
2 98 98
3 98 100
4 74 101
5 97 101
6 93 101
7 83 100
8 98 98
9 98 101
10 89 99
11 83 95
12 84 95
13 85 94
14 88 93
15 92 93
16 73 91
17 61 89
18 85 87
19 82 86
20 71 84
21 62 84
22 71 82
23 57 79
24 65 76
25 69 74
26 66 76
27 69 76
28 69 76
29 74 75
30 74 74
31 72 74
32 63 73
33 57 71
34 58 71
35 57 69
36 56 67
37 46 69
38 43 66
39 44 64
40 52 63
41 47 59
42 33 57
43 46 54
44 40 50
45 46 47
46 27 45
47 43 43
48 45 45
49 43 44
50 39 43
51 39 42
52 37 42
53 41 41
54 39 39
55 34 38
56 38 38
57 36 39
58 35 40
59 40 40
60 33 38
61 33 38
62 36 37
63 35 36
64 31 36
65 27 34
66 25 31
67 27 30
68 25 31
69 25 32
70 23 32
71 30 33
72 24 33
73 20 32
74 28 29
75 16 24
76 26 26
77 27 27
78 24 27
79 27 27
80 24 24
81 24 25
82 23 23
83 12 20
84 13 17
85 5 13
86 9 12
87 10 11
88 8 8
89 10 11
90 11 12
91 11 11
92 9 9
93 6 7
94 3 10
95 4 10
96 9 9
97 8 8
98 3 6
99 3 5
100 1 4
101 3 3
102 2 2
103 2 2
104 1 1

