0 47 49
1 52 55
2 53 57
3 53 57
4 56 57
5 51 57
6 52 57
7 43 55
8 50 55
9 53 53
10 27 52
11 38 51
12 51 51
13 46 50
14 48 49
15 40 47
16 46 47
17 44 45
18 37 42
19 36 40
20 38 41
21 38 42
22 43 43
23 40 42
24 38 41
25 31 40
26 39 41
27 34 39
28 35 37
29 28 35
30 37 37
31 42 42
32 26 38
33 28 37
34 36 36
35 24 39
36 34 34
37 16 32
38 24 30
39 28 28
40 26 27
41 24 27
42 21 25
43 22 28
44 23 26
45 13 23
46 21 21
47 22 22
48 21 22
49 13 19
50 10 19
51 4 18
52 17 18
53 6 17
54 10 12
55 8 9
56 6 6
57 3 5
58 1 5
59 3 3

