0 54 57
1 48 57
2 41 59
3 52 57
4 58 58
5 47 57
6 54 55
7 45 54
8 43 53
9 52 54
10 53 53
11 52 52
12 29 50
13 48 48
14 35 47
15 47 47
16 46 46
17 45 45
18 41 44
19 42 43
20 38 42
21 33 39
22 36 40
23 37 40
24 39 39
25 22 37
26 35 35
27 32 35
28 35 35
29 34 34
30 31 33
31 26 36
32 36 36
33 36 36
34 35 35
35 27 34
36 32 32
37 31 31
38 30 30
39 26 27
40 18 29
41 29 31
42 30 30
43 23 29
44 25 27
45 21 26
46 25 26
47 23 26
48 24 26
49 6 24
50 13 22
51 18 22
52 20 21
53 16 21
54 4 17
55 4 14
56 16 16
57 13 15
58 11 13
59 13 14
60 13 14
61 15 15
62 11 11
63 11 11
64 10 11
65 9 11
66 8 9
67 9 9
68 8 8
69 6 6
70 4 5
71 4 4
72 2 3
73 2 2
74 1 1

