0 102 128
1 131 131
2 119 134
3 130 134
4 127 135
5 132 135
6 109 134
7 106 132
8 117 127
9 102 126
10 114 124
11 94 121
12 97 119
13 101 118
14 116 116
15 111 112
16 111 115
17 110 111
18 102 110
19 108 109
20 106 107
21 100 109
22 106 107
23 105 107
24 108 108
25 108 108
26 92 107
27 84 105
28 102 104
29 90 103
30 85 102
31 98 98
32 92 96
33 66 100
34 92 98
35 90 94
36 80 90
37 83 88
38 72 90
39 82 86
40 83 84
41 73 81
42 78 79
43 68 76
44 74 75
45 66 73
46 74 74
47 54 74
48 71 74
49 61 73
50 60 71
51 68 68
52 58 67
53 46 64
54 57 63
55 60 61
56 57 63
57 49 60
58 47 58
59 42 55
60 47 55
61 48 51
62 29 50
63 31 46
64 40 44
65 33 43
66 40 40
67 36 36
68 36 37
69 30 35
70 33 34
71 26 36
72 32 34
73 28 33
74 22 33
75 28 32
76 29 30
77 27 27
78 25 25
79 23 24
80 21 24
81 18 23
82 16 22
83 20 20
84 19 19
85 15 19
86 19 19
87 18 18
88 15 16
89 14 15
90 5 13
91 8 10
92 9 9
93 6 5
94 5 5
95 8 8
96 9 9
97 3 10
98 6 8
99 6 8
100 5 4
101 2 3
102 2 2
103 1 4
104 5 4
105 4 5
106 3 2
107 1 1
108 1 1

