0 86 86
1 82 88
2 85 88
3 88 92
4 91 96
5 90 95
6 94 98
7 73 96
8 90 91
9 59 90
10 62 89
11 75 86
12 74 83
13 81 81
14 78 79
15 75 78
16 75 76
17 65 76
18 50 75
19 71 74
20 59 73
21 61 71
22 57 70
23 64 70
24 45 68
25 52 66
26 57 64
27 58 61
28 56 61
29 63 64
30 56 64
31 61 61
32 52 58
33 55 56
34 42 57
35 46 57
36 51 56
37 47 54
38 47 56
39 53 56
40 50 53
41 38 54
42 35 53
43 29 51
44 45 47
45 39 44
46 25 43
47 31 43
48 32 45
49 35 45
50 38 44
51 36 41
52 40 41
53 31 40
54 29 36
55 32 34
56 17 34
57 17 34
58 29 33
59 31 30
60 13 32
61 19 30
62 17 24
63 18 22
64 23 23
65 9 19
66 19 19
67 14 17
68 6 15
69 8 9
70 8 7
71 7 6
72 7 7
73 5 9
74 8 10
75 9 9
76 8 9
77 5 7
78 2 5
79 3 8
80 6 6
81 3 3
82 3 2
83 3 2
84 3 6
85 2 3
86 2 2
87 1 1
88 1 1

