0 83 87
1 92 94
2 91 97
3 95 97
4 98 99
5 88 100
6 85 98
7 82 98
8 67 100
9 68 97
10 92 95
11 92 92
12 82 87
13 42 87
14 42 85
15 77 85
16 68 83
17 72 80
18 78 79
19 67 76
20 45 75
21 54 71
22 57 67
23 60 66
24 62 65
25 55 64
26 53 61
27 56 57
28 49 57
29 46 56
30 46 53
31 49 50
32 38 50
33 37 49
34 47 47
35 40 45
36 38 44
37 43 46
38 43 46
39 36 41
40 40 40
41 35 39
42 32 41
43 32 37
44 30 33
45 24 29
46 28 28
47 28 29
48 21 31
49 25 30
50 19 28
51 19 25
52 25 24
53 20 20
54 18 22
55 24 24
56 20 22
57 17 23
58 21 22
59 16 19
60 16 18
61 14 18
62 14 17
63 12 14
64 9 12
65 7 11
66 9 9
67 6 7
68 10 10
69 4 10
70 8 8
71 4 7
72 6 5
73 2 4
74 3 4
75 5 5
76 1 4
77 4 3
78 3 2
79 4 3
80 3 2
81 2 3
82 1 1

