0 33 70
1 65 74
2 64 77
3 64 81
4 78 81
5 57 82
6 79 82
7 82 83
8 79 83
9 80 84
10 69 85
11 62 84
12 77 83
13 78 83
14 72 81
15 59 80
16 79 79
17 76 78
18 70 80
19 66 78
20 70 78
21 72 75
22 55 73
23 64 71
24 73 73
25 28 71
26 44 70
27 50 67
28 60 68
29 65 68
30 44 68
31 46 66
32 43 66
33 50 64
34 59 61
35 55 58
36 35 59
37 51 56
38 57 57
39 54 54
40 44 54
41 45 54
42 51 51
43 50 50
44 43 50
45 47 50
46 46 47
47 36 46
48 31 45
49 35 48
50 45 48
51 45 49
52 40 47
53 35 49
54 44 47
55 43 45
56 37 42
57 23 38
58 18 35
59 30 31
60 26 30
61 28 28
62 29 29
63 23 27
64 19 27
65 18 24
66 16 24
67 19 23
68 16 21
69 17 19
70 13 17
71 14 16
72 13 14
73 4 8
74 7 9
75 7 10
76 9 11
77 11 11
78 9 12
79 11 11
80 10 11
81 4 11
82 6 10
83 5 9
84 7 9
85 6 7
86 6 7
87 2 6
88 4 4
89 2 3
90 2 2
91 1 2
92 1 1

