0 108 112
1 105 114
2 102 119
3 104 119
4 121 120
5 117 120
6 117 120
7 118 119
8 115 118
9 111 117
10 116 117
11 108 119
12 108 120
13 118 120
14 116 119
15 117 118
16 117 117
17 90 115
18 109 113
19 92 110
20 111 112
21 108 110
22 84 110
23 105 109
24 89 106
25 78 104
26 94 104
27 64 103
28 97 106
29 104 105
30 104 104
31 102 102
32 86 100
33 85 99
34 98 98
35 85 96
36 74 95
37 92 93
38 92 92
39 82 91
40 90 90
41 84 89
42 78 87
43 82 87
44 75 89
45 88 88
46 85 87
47 81 86
48 56 84
49 76 82
50 82 85
51 57 85
52 76 85
53 50 84
54 76 84
55 81 84
56 78 84
57 62 83
58 76 81
59 76 80
60 49 79
61 72 77
62 58 76
63 65 75
64 69 74
65 68 73
66 70 71
67 47 69
68 66 67
69 45 65
70 60 64
71 62 63
72 53 62
73 55 60
74 57 58
75 42 57
76 55 56
77 43 55
78 39 53
79 53 53
80 51 52
81 50 51
82 49 49
83 19 52
84 37 53
85 51 54
86 50 53
87 50 52
88 46 51
89 46 50
90 47 49
91 48 48
92 47 47
93 38 45
94 45 45
95 40 44
96 41 42
97 25 41
98 37 41
99 39 42
100 42 42
101 36 41
102 33 38
103 40 40
104 41 41
105 40 40
106 31 38
107 35 37
108 30 36
109 28 33
110 18 29
111 27 29
112 19 26
113 21 24
114 17 25
115 21 24
116 19 23
117 21 22
118 8 21
119 19 20
120 7 19
121 18 18
122 17 17
123 10 15
124 10 13
125 9 11
126 8 10
127 8 9
128 8 8
129 7 7
130 2 5
131 2 4
132 8 7
133 5 6
134 5 7
135 4 6
136 3 5
137 9 9
138 8 8
139 4 6
140 6 6
141 4 5
142 4 4
143 1 2
144 1 1
145 1 1

