0 112 122
1 122 125
2 117 127
3 129 131
4 105 129
5 133 134
6 129 133
7 132 132
8 103 131
9 124 131
10 103 131
11 128 129
12 115 130
13 114 125
14 100 124
15 104 124
16 109 123
17 116 119
18 102 118
19 102 113
20 93 110
21 100 110
22 102 106
23 97 107
24 108 109
25 80 109
26 103 105
27 72 101
28 99 100
29 92 95
30 93 96
31 81 95
32 84 95
33 77 94
34 92 92
35 88 89
36 87 87
37 81 83
38 82 84
39 70 83
40 82 82
41 60 82
42 73 81
43 65 79
44 68 79
45 73 78
46 59 76
47 64 72
48 69 71
49 57 70
50 68 71
51 60 68
52 59 68
53 54 67
54 48 64
55 37 61
56 56 57
57 45 56
58 53 53
59 34 53
60 48 52
61 50 52
62 49 50
63 45 50
64 49 49
65 46 50
66 35 49
67 38 46
68 23 42
69 31 43
70 19 44
71 33 40
72 31 34
73 27 30
74 30 31
75 26 30
76 16 28
77 21 24
78 8 18
79 16 16
80 5 8
81 6 9
82 7 8
83 4 5
84 5 6
85 5 5
86 1 2
87 2 2
88 2 2
89 1 1

