0 111 136
1 118 142
2 139 145
3 139 147
4 134 153
5 151 155
6 101 161
7 162 162
8 166 166
9 159 165
10 150 164
11 149 162
12 157 163
13 132 166
14 138 164
15 127 162
16 148 161
17 156 159
18 149 157
19 128 158
20 149 154
21 140 153
22 144 151
23 148 154
24 153 153
25 103 151
26 133 151
27 142 147
28 143 145
29 112 144
30 123 142
31 111 140
32 124 141
33 131 138
34 110 136
35 123 135
36 121 132
37 133 133
38 123 133
39 127 133
40 134 135
41 134 136
42 98 136
43 121 136
44 121 137
45 123 133
46 123 131
47 125 133
48 132 134
49 125 134
50 116 133
51 116 132
52 100 130
53 119 128
54 123 123
55 115 123
56 113 119
57 122 122
58 111 120
59 70 119
60 71 118
61 99 115
62 108 116
63 107 116
64 115 117
65 99 119
66 112 119
67 110 118
68 117 118
69 104 117
70 93 116
71 105 114
72 110 111
73 109 109
74 110 114
75 79 110
76 97 107
77 93 109
78 104 108
79 92 106
80 103 103
81 93 103
82 86 100
83 94 97
84 73 96
85 84 95
86 51 92
87 59 92
88 88 91
89 16 88
90 83 84
91 71 80
92 71 79
93 76 79
94 72 76
95 52 75
96 66 74
97 65 72
98 63 72
99 58 71
100 42 68
101 65 65
102 58 62
103 55 62
104 58 60
105 29 61
106 59 59
107 56 58
108 22 57
109 55 55
110 33 53
111 52 52
112 49 51
113 26 49
114 43 48
115 40 44
116 41 43
117 33 43
118 38 40
119 33 38
120 28 37
121 28 38
122 29 38
123 32 35
124 13 33
125 19 32
126 28 29
127 27 27
128 14 26
129 17 26
130 18 26
131 16 26
132 23 23
133 23 24
134 6 23
135 17 23
136 22 23
137 12 22
138 6 20
139 8 19
140 17 17
141 11 17
142 14 14
143 5 10
144 2 9
145 1 2
146 2 2
147 1 1
148 1 1

