0 174 218
1 212 222
2 223 226
3 224 228
4 226 232
5 233 234
6 225 237
7 228 235
8 231 233
9 224 234
10 218 231
11 226 231
12 220 230
13 131 226
14 227 229
15 176 226
16 216 225
17 220 222
18 222 227
19 218 228
20 211 223
21 206 222
22 208 220
23 183 220
24 209 217
25 206 213
26 206 217
27 175 217
28 202 216
29 216 217
30 199 214
31 186 215
32 197 216
33 218 219
34 206 218
35 210 215
36 203 213
37 204 214
38 208 216
39 202 216
40 179 212
41 184 209
42 190 206
43 203 205
44 167 205
45 173 202
46 176 199
47 192 196
48 188 192
49 165 188
50 161 185
51 133 183
52 158 186
53 170 181
54 148 177
55 173 176
56 144 174
57 140 174
58 149 170
59 161 167
60 154 164
61 157 161
62 147 159
63 145 160
64 147 158
65 147 160
66 135 157
67 146 154
68 153 153
69 116 151
70 138 151
71 129 155
72 82 152
73 144 150
74 119 146
75 134 147
76 125 147
77 144 148
78 143 148
79 129 146
80 141 144
81 134 142
82 111 143
83 131 140
84 108 140
85 137 139
86 132 136
87 133 134
88 129 132
89 132 132
90 127 132
91 113 131
92 117 128
93 90 126
94 65 126
95 111 123
96 98 122
97 121 121
98 106 118
99 105 116
100 107 118
101 99 116
102 101 115
103 109 112
104 107 109
105 102 109
106 103 109
107 106 106
108 102 105
109 87 109
110 85 107
111 93 104
112 101 101
113 90 98
114 81 100
115 80 99
116 87 98
117 90 97
118 75 95
119 100 100
120 97 97
121 74 95
122 93 93
123 78 95
124 65 93
125 93 93
126 64 92
127 74 90
128 83 90
129 59 89
130 52 87
131 62 82
132 56 77
133 68 72
134 57 67
135 53 62
136 53 62
137 59 62
138 59 60
139 11 60
140 40 55
141 38 51
142 45 50
143 47 49
144 39 48
145 23 46
146 45 47
147 40 49
148 45 49
149 50 52
150 39 51
151 49 50
152 44 48
153 46 46
154 29 45
155 36 43
156 41 41
157 40 40
158 32 40
159 40 39
160 36 41
161 37 42
162 32 40
163 35 37
164 30 37
165 37 38
166 33 37
167 36 36
168 34 34
169 34 34
170 31 30
171 25 29
172 19 31
173 22 29
174 26 25
175 19 27
176 25 25
177 10 24
178 4 16
179 8 9
180 1 5
181 8 8
182 5 7
183 2 2
184 1 1
185 2 2
186 1 1
187 1 1

