0 74 92
1 91 94
2 93 95
3 68 97
4 99 101
5 103 104
6 105 105
7 89 101
8 71 100
9 82 97
10 88 95
11 92 92
12 80 93
13 92 96
14 84 90
15 74 90
16 82 85
17 87 88
18 84 86
19 85 85
20 84 85
21 46 86
22 86 86
23 75 83
24 80 84
25 67 80
26 74 79
27 49 74
28 52 73
29 65 72
30 60 67
31 58 64
32 57 64
33 53 61
34 53 57
35 48 62
36 35 58
37 41 54
38 45 51
39 26 51
40 47 50
41 36 48
42 39 44
43 29 42
44 39 40
45 33 40
46 38 39
47 35 35
48 31 36
49 28 35
50 33 36
51 21 34
52 29 31
53 22 28
54 24 25
55 19 23
56 21 22
57 19 19
58 16 20
59 13 18
60 8 17
61 13 15
62 2 14
63 5 6
64 5 5
65 5 5
66 2 2
67 1 2
68 2 2
69 1 2

