0 77 95
1 94 103
2 88 104
3 101 104
4 97 103
5 93 102
6 84 102
7 102 102
8 87 101
9 100 100
10 83 99
11 94 97
12 86 97
13 90 97
14 94 95
15 84 92
16 93 93
17 90 92
18 88 90
19 68 91
20 88 91
21 88 90
22 73 88
23 80 86
24 59 89
25 89 89
26 85 88
27 70 86
28 84 84
29 81 82
30 55 81
31 74 81
32 69 80
33 76 79
34 77 77
35 68 76
36 71 75
37 68 73
38 71 73
39 72 72
40 65 72
41 66 71
42 50 69
43 63 67
44 32 67
45 65 65
46 58 64
47 61 61
48 54 58
49 49 58
50 59 61
51 61 61
52 43 60
53 37 57
54 53 55
55 52 52
56 51 51
57 51 51
58 45 50
59 47 47
60 49 49
61 47 48
62 29 46
63 25 46
64 41 44
65 34 42
66 41 41
67 31 40
68 34 38
69 37 37
70 21 36
71 23 35
72 39 40
73 39 39
74 33 38
75 25 36
76 31 34
77 28 34
78 28 33
79 30 32
80 28 32
81 28 31
82 27 29
83 28 29
84 25 28
85 20 27
86 22 27
87 16 26
88 22 25
89 15 23
90 12 20
91 18 18
92 13 17
93 13 15
94 14 16
95 13 15
96 12 14
97 12 13
98 11 12
99 10 11
100 8 10
101 5 10
102 8 8
103 6 7
104 4 6
105 3 5
106 3 4
107 2 3
108 2 4
109 2 3
110 2 2
111 1 1

