0 97 102
1 101 103
2 98 104
3 98 105
4 105 108
5 97 108
6 96 107
7 72 106
8 102 106
9 103 103
10 96 100
11 93 101
12 96 105
13 102 102
14 99 99
15 83 98
16 92 96
17 102 102
18 85 95
19 94 94
20 90 91
21 86 93
22 83 91
23 79 89
24 87 89
25 78 86
26 72 83
27 54 85
28 65 82
29 66 79
30 64 79
31 73 74
32 62 75
33 48 72
34 66 67
35 63 63
36 58 60
37 55 60
38 50 58
39 53 59
40 45 58
41 55 56
42 36 55
43 38 53
44 24 50
45 44 49
46 42 45
47 26 41
48 16 36
49 24 33
50 32 32
51 27 33
52 26 30
53 25 29
54 25 28
55 22 25
56 22 24
57 24 24
58 23 23
59 17 21
60 16 19
61 20 20
62 18 19
63 19 20
64 19 19
65 11 20
66 10 19
67 15 17
68 9 15
69 5 13
70 12 12
71 9 9
72 4 7
73 5 6
74 5 5
75 5 6
76 4 6
77 2 5
78 5 4
79 2 3
80 3 2
81 1 3
82 1 3
83 1 2

