0 75 83
1 85 87
2 82 90
3 89 92
4 93 93
5 91 95
6 95 95
7 92 94
8 92 92
9 66 90
10 72 86
11 85 84
12 70 84
13 75 85
14 87 89
15 92 92
16 86 91
17 90 90
18 85 89
19 71 88
20 80 87
21 80 87
22 75 85
23 72 86
24 75 86
25 85 86
26 85 85
27 67 83
28 80 81
29 38 83
30 81 82
31 80 81
32 73 79
33 57 77
34 73 75
35 74 75
36 49 73
37 62 71
38 56 70
39 67 68
40 49 66
41 47 66
42 62 66
43 65 65
44 62 64
45 61 63
46 49 62
47 56 60
48 58 60
49 49 58
50 35 55
51 36 51
52 40 48
53 43 51
54 50 51
55 39 50
56 49 49
57 48 50
58 27 50
59 45 49
60 42 51
61 49 50
62 49 49
63 42 48
64 47 47
65 20 46
66 44 44
67 35 43
68 41 41
69 29 40
70 33 38
71 32 37
72 20 36
73 32 37
74 23 35
75 17 33
76 20 30
77 21 28
78 11 28
79 27 27
80 24 27
81 25 25
82 20 25
83 14 25
84 17 23
85 23 24
86 23 24
87 23 23
88 7 22
89 12 21
90 14 20
91 18 18
92 4 17
93 4 15
94 13 13
95 4 11
96 8 12
97 11 11
98 11 11
99 6 10
100 6 6
101 1 3
102 2 2
103 1 1

