0 96 98
1 72 102
2 92 106
3 105 105
4 81 104
5 103 104
6 102 103
7 102 102
8 99 101
9 89 99
10 97 97
11 86 97
12 91 98
13 97 97
14 96 96
15 94 96
16 93 95
17 87 94
18 92 93
19 87 93
20 50 95
21 83 95
22 95 95
23 94 95
24 95 95
25 87 95
26 69 94
27 83 93
28 95 95
29 87 94
30 80 93
31 80 94
32 79 93
33 73 91
34 71 89
35 83 88
36 79 87
37 85 86
38 86 89
39 76 87
40 86 89
41 79 88
42 74 86
43 76 84
44 77 82
45 82 82
46 72 82
47 79 82
48 78 83
49 81 84
50 74 85
51 77 84
52 78 83
53 43 82
54 58 80
55 76 77
56 64 74
57 60 72
58 54 71
59 62 70
60 68 69
61 42 68
62 58 66
63 56 66
64 66 66
65 60 65
66 66 67
67 56 65
68 62 63
69 62 63
70 56 62
71 57 62
72 56 62
73 60 61
74 44 59
75 53 57
76 37 57
77 57 57
78 55 56
79 46 55
80 50 54
81 31 54
82 38 55
83 54 55
84 54 55
85 52 54
86 50 52
87 48 52
88 45 50
89 46 48
90 45 47
91 42 45
92 40 46
93 38 47
94 44 45
95 39 44
96 38 44
97 39 44
98 40 44
99 45 45
100 43 44
101 41 42
102 37 40
103 31 42
104 41 41
105 32 40
106 37 37
107 32 35
108 31 33
109 28 33
110 22 32
111 28 32
112 24 32
113 31 31
114 23 30
115 29 29
116 28 28
117 27 27
118 25 25
119 23 23
120 18 21
121 19 22
122 9 27
123 8 27
124 27 27
125 26 26
126 17 26
127 18 26
128 9 26
129 25 27
130 25 26
131 25 25
132 23 24
133 11 23
134 21 22
135 10 21
136 14 21
137 15 21
138 18 20
139 18 19
140 18 18
141 3 17
142 13 16
143 8 15
144 15 15
145 13 14
146 7 12
147 8 9
148 7 9
149 3 8
150 5 8
151 5 8
152 6 8
153 7 7
154 5 6
155 5 5
156 3 4
157 2 6
158 5 6
159 5 5
160 1 4
161 2 3
162 2 2
163 1 1

