0 97 106
1 100 110
2 81 115
3 110 125
4 115 130
5 104 131
6 111 130
7 111 128
8 85 126
9 105 126
10 120 124
11 97 120
12 114 118
13 94 119
14 113 116
15 109 113
16 105 113
17 97 111
18 93 110
19 107 116
20 113 118
21 86 116
22 103 114
23 78 109
24 103 105
25 98 104
26 88 103
27 96 101
28 85 102
29 95 98
30 82 102
31 81 104
32 97 102
33 86 102
34 99 99
35 80 97
36 95 95
37 57 95
38 75 90
39 78 87
40 84 86
41 66 81
42 41 84
43 77 81
44 39 77
45 50 77
46 67 77
47 69 71
48 67 68
49 59 65
50 50 62
51 57 59
52 50 58
53 47 63
54 50 60
55 38 56
56 48 52
57 48 51
58 31 47
59 46 46
60 42 44
61 33 41
62 36 42
63 34 43
64 38 42
65 37 42
66 32 40
67 31 37
68 35 35
69 34 34
70 33 33
71 31 33
72 29 31
73 29 28
74 30 30
75 27 34
76 25 33
77 12 32
78 28 31
79 24 29
80 18 28
81 14 26
82 14 21
83 17 19
84 14 17
85 13 17
86 14 18
87 15 17
88 6 14
89 6 11
90 5 6
91 3 4
92 1 3
93 1 1
94 1 1
95 1 1

