0 94 101
1 93 109
2 90 113
3 101 114
4 107 117
5 120 123
6 104 127
7 126 128
8 109 128
9 120 129
10 101 128
11 103 127
12 126 128
13 122 127
14 76 126
15 116 125
16 125 125
17 112 122
18 124 127
19 86 127
20 104 125
21 103 123
22 122 121
23 90 113
24 104 114
25 100 112
26 104 111
27 94 110
28 61 106
29 98 104
30 100 104
31 91 103
32 77 98
33 89 94
34 90 92
35 81 90
36 79 86
37 77 88
38 39 86
39 74 85
40 84 84
41 75 83
42 72 85
43 89 88
44 62 86
45 56 83
46 75 79
47 76 75
48 64 75
49 59 73
50 57 70
51 68 68
52 66 70
53 47 68
54 37 66
55 52 63
56 48 61
57 54 58
58 54 55
59 38 53
60 40 52
61 25 49
62 47 49
63 40 47
64 46 46
65 43 45
66 40 43
67 35 45
68 42 45
69 37 45
70 39 43
71 40 41
72 29 41
73 37 41
74 37 39
75 32 37
76 32 34
77 32 34
78 19 33
79 21 31
80 27 28
81 24 27
82 7 25
83 25 28
84 23 26
85 21 24
86 19 26
87 22 25
88 19 23
89 21 22
90 15 18
91 16 17
92 16 17
93 13 17
94 15 17
95 14 16
96 14 14
97 13 13
98 8 9
99 3 10
100 9 9
101 9 9
102 10 12
103 10 12
104 10 11
105 10 10
106 7 9
107 1 5
108 4 4
109 3 3
110 3 4
111 2 2
112 1 0
113 1 1

