0 96 120
1 114 131
2 136 140
3 130 142
4 120 140
5 134 139
6 113 137
7 125 139
8 131 142
9 104 141
10 122 141
11 136 141
12 137 139
13 137 141
14 114 139
15 134 141
16 128 140
17 136 137
18 127 135
19 96 134
20 118 134
21 121 131
22 116 128
23 111 129
24 127 127
25 117 126
26 94 125
27 118 121
28 118 119
29 116 117
30 102 119
31 95 118
32 98 117
33 108 115
34 104 115
35 102 115
36 109 114
37 94 113
38 100 110
39 106 109
40 106 108
41 109 110
42 108 109
43 107 109
44 75 109
45 104 108
46 102 105
47 90 106
48 73 103
49 36 100
50 93 98
51 67 95
52 78 94
53 91 92
54 89 90
55 79 90
56 88 89
57 76 85
58 75 82
59 65 80
60 73 77
61 68 74
62 66 71
63 65 71
64 68 71
65 47 73
66 61 69
67 65 66
68 63 64
69 61 61
70 52 58
71 49 56
72 44 54
73 44 52
74 50 50
75 48 49
76 47 49
77 33 50
78 43 48
79 40 44
80 34 43
81 40 42
82 34 37
83 38 40
84 35 38
85 34 36
86 34 38
87 33 35
88 37 39
89 31 34
90 31 30
91 23 25
92 24 26
93 26 27
94 25 26
95 25 25
96 25 24
97 18 20
98 19 23
99 14 23
100 19 22
101 20 22
102 16 23
103 19 21
104 17 19
105 16 20
106 17 18
107 15 16
108 11 15
109 11 12
110 11 12
111 11 12
112 10 11
113 8 8
114 6 10
115 10 11
116 9 11
117 5 7
118 1 2
119 2 2
120 1 1

