0 83 96
1 96 101
2 76 100
3 43 102
4 92 99
5 92 95
6 90 95
7 77 95
8 90 90
9 74 89
10 75 89
11 61 92
12 66 86
13 49 80
14 59 77
15 68 76
16 70 72
17 63 70
18 60 69
19 42 68
20 60 67
21 62 64
22 57 62
23 60 61
24 60 60
25 47 60
26 63 64
27 43 64
28 40 62
29 50 60
30 43 58
31 37 52
32 44 46
33 36 49
34 13 47
35 41 44
36 39 45
37 26 42
38 35 39
39 31 37
40 29 34
41 32 31
42 29 31
43 29 33
44 31 33
45 29 31
46 32 32
47 28 29
48 27 28
49 29 30
50 19 28
51 20 24
52 16 21
53 22 25
54 24 26
55 24 24
56 21 22
57 14 24
58 22 23
59 15 18
60 10 15
61 4 12
62 10 10
63 7 8
64 3 8
65 4 7
66 5 6
67 4 6
68 4 11
69 6 10
70 4 9
71 6 6
72 2 3
73 3 2
74 2 1
75 2 1
76 3 2
77 3 2
78 3 2
79 1 1
80 1 1
81 1 0
82 1 1
83 1 1

