0 121 150
1 136 156
2 126 163
3 157 164
4 111 165
5 120 164
6 157 169
7 163 172
8 168 172
9 167 173
10 170 174
11 110 172
12 140 170
13 153 167
14 149 165
15 158 165
16 112 163
17 154 160
18 157 159
19 153 155
20 137 155
21 148 153
22 112 150
23 142 149
24 147 149
25 118 146
26 134 144
27 121 143
28 121 144
29 125 145
30 144 145
31 131 144
32 105 142
33 134 140
34 143 143
35 131 143
36 132 144
37 116 143
38 133 141
39 139 141
40 94 138
41 130 138
42 97 138
43 121 135
44 113 132
45 109 128
46 120 129
47 112 124
48 105 122
49 118 118
50 97 118
51 107 118
52 95 115
53 111 116
54 117 117
55 112 115
56 113 113
57 115 115
58 113 114
59 94 111
60 105 111
61 106 109
62 105 109
63 79 107
64 101 107
65 94 104
66 89 104
67 69 104
68 85 100
69 74 97
70 94 96
71 74 96
72 67 94
73 91 93
74 83 90
75 89 90
76 68 89
77 77 86
78 65 84
79 82 84
80 52 83
81 70 81
82 65 77
83 63 75
84 65 73
85 66 73
86 60 71
87 68 70
88 49 70
89 68 69
90 63 68
91 67 67
92 19 65
93 36 67
94 66 68
95 52 67
96 62 64
97 56 63
98 54 59
99 42 56
100 52 57
101 21 56
102 53 54
103 48 53
104 13 50
105 41 46
106 35 45
107 40 41
108 27 39
109 37 38
110 35 37
111 31 39
112 28 39
113 23 33
114 27 28
115 16 27
116 10 27
117 20 26
118 23 24
119 20 22
120 10 19
121 14 17
122 15 16
123 11 14
124 9 12
125 8 7
126 6 7
127 6 7
128 8 8
129 6 7
130 7 7
131 6 7
132 5 7
133 4 5
134 3 4
135 4 4
136 3 3
137 1 3
138 2 2
139 2 2
140 1 2

