0 76 91
1 73 94
2 92 98
3 97 97
4 90 96
5 96 98
6 91 100
7 92 97
8 96 97
9 90 97
10 93 97
11 94 96
12 89 95
13 82 93
14 87 95
15 82 92
16 79 89
17 79 87
18 88 89
19 76 88
20 70 90
21 85 88
22 87 87
23 76 84
24 71 84
25 82 84
26 77 83
27 79 82
28 78 81
29 56 79
30 77 77
31 69 77
32 78 78
33 77 79
34 72 78
35 68 76
36 73 77
37 65 73
38 65 70
39 62 65
40 57 62
41 60 61
42 55 61
43 57 59
44 49 59
45 24 57
46 53 55
47 42 54
48 45 50
49 44 48
50 44 46
51 39 45
52 39 44
53 38 42
54 41 43
55 43 43
56 36 41
57 36 39
58 32 36
59 30 32
60 30 34
61 23 32
62 32 32
63 18 29
64 27 27
65 25 27
66 26 26
67 16 25
68 19 19
69 11 13
70 15 17
71 15 16
72 15 16
73 17 17
74 13 16
75 16 16
76 10 15
77 8 13
78 12 12
79 10 13
80 12 14
81 13 13
82 6 12
83 8 10
84 4 10
85 8 8
86 7 7
87 1 8
88 2 6
89 4 4
90 3 2
91 2 2

