0 69 94
1 91 97
2 93 100
3 69 100
4 95 100
5 88 100
6 97 101
7 97 101
8 98 102
9 98 100
10 97 99
11 39 100
12 92 96
13 93 94
14 79 91
15 85 88
16 87 90
17 84 90
18 61 88
19 67 87
20 75 83
21 62 83
22 77 83
23 27 80
24 74 77
25 65 72
26 74 73
27 63 72
28 57 72
29 37 69
30 48 67
31 59 65
32 53 64
33 59 63
34 51 61
35 40 59
36 43 56
37 54 56
38 51 54
39 39 54
40 51 54
41 46 53
42 47 50
43 48 49
44 41 49
45 46 47
46 45 45
47 30 46
48 45 44
49 30 42
50 29 40
51 39 41
52 22 40
53 38 38
54 24 36
55 35 35
56 31 35
57 23 35
58 31 34
59 17 32
60 18 27
61 26 26
62 17 25
63 19 25
64 18 21
65 19 20
66 20 20
67 13 19
68 10 18
69 18 18
70 11 17
71 13 15
72 15 15
73 9 12
74 8 7
75 5 8
76 7 12
77 10 11
78 8 9
79 5 6
80 3 8
81 1 5
82 4 3
83 2 2
84 1 2
85 1 1

