0 56 56
1 60 61
2 52 65
3 55 65
4 62 68
5 40 68
6 42 67
7 49 68
8 55 68
9 56 66
10 51 61
11 62 63
12 63 63
13 27 62
14 43 60
15 56 59
16 57 56
17 50 54
18 55 54
19 49 55
20 42 56
21 52 55
22 52 54
23 47 52
24 35 50
25 49 49
26 40 48
27 46 49
28 36 48
29 46 45
30 35 42
31 42 44
32 43 44
33 41 44
34 30 44
35 31 43
36 35 41
37 34 40
38 34 38
39 34 36
40 30 35
41 25 36
42 30 35
43 28 34
44 28 31
45 29 29
46 21 28
47 11 30
48 8 29
49 27 29
50 20 25
51 16 28
52 22 26
53 14 25
54 24 26
55 19 24
56 7 23
57 9 22
58 9 20
59 16 18
60 7 15
61 9 15
62 14 13
63 10 14
64 9 15
65 3 14
66 8 12
67 8 13
68 4 11
69 3 8
70 6 6
71 5 4
72 3 4
73 4 3
74 1 1
75 2 1
76 2 1
77 1 1

