0 33 40
1 12 48
2 34 51
3 50 53
4 48 55
5 48 55
6 40 56
7 50 55
8 48 54
9 27 53
10 34 53
11 42 51
12 30 50
13 46 48
14 38 47
15 36 45
16 40 49
17 23 48
18 38 45
19 35 43
20 42 42
21 34 43
22 42 42
23 36 40
24 41 40
25 40 39
26 36 37
27 40 39
28 30 37
29 38 40
30 38 42
31 38 42
32 32 41
33 34 42
34 19 41
35 37 40
36 28 41
37 31 40
38 29 39
39 29 38
40 18 36
41 30 34
42 19 32
43 13 31
44 31 31
45 17 31
46 28 30
47 12 28
48 8 27
49 21 25
50 26 25
51 13 16
52 7 17
53 14 16
54 15 16
55 13 15
56 8 14
57 4 12
58 8 12
59 7 10
60 7 9
61 9 8
62 5 9
63 9 10
64 9 10
65 10 9
66 1 6
67 5 4
68 5 4
69 1 4
70 1 3
71 1 1

