0 45 82
1 74 84
2 89 88
3 52 86
4 78 87
5 82 84
6 72 84
7 83 82
8 63 76
9 73 78
10 49 78
11 64 76
12 64 74
13 65 74
14 65 73
15 57 72
16 65 71
17 65 70
18 70 72
19 40 70
20 55 69
21 63 68
22 59 68
23 33 68
24 55 65
25 55 70
26 64 69
27 63 67
28 62 67
29 55 65
30 49 63
31 56 62
32 63 62
33 53 60
34 47 58
35 50 57
36 48 56
37 40 55
38 43 54
39 38 51
40 50 49
41 42 43
42 26 44
43 35 43
44 37 43
45 34 43
46 32 41
47 38 39
48 33 39
49 40 39
50 34 37
51 33 36
52 34 35
53 34 35
54 25 32
55 27 32
56 27 32
57 25 30
58 29 30
59 30 29
60 25 25
61 23 22
62 17 22
63 22 23
64 23 25
65 18 24
66 15 23
67 19 21
68 23 22
69 9 24
70 24 23
71 20 19
72 6 19
73 9 18
74 14 18
75 19 19
76 20 19
77 12 18
78 15 17
79 8 14
80 14 13
81 3 12
82 12 11
83 6 10
84 7 6
85 6 7
86 6 6
87 4 5
88 1 4
89 3 3
90 3 3
91 3 2
92 1 3
93 3 2
94 1 1
95 1 0
96 2 1
97 1 0
98 2 1
99 1 0
100 1 1

