0 42 48
1 48 49
2 39 50
3 39 49
4 20 51
5 44 48
6 39 50
7 52 52
8 26 52
9 28 52
10 44 50
11 46 49
12 43 48
13 44 48
14 39 48
15 33 45
16 26 43
17 32 42
18 41 43
19 41 42
20 23 41
21 33 40
22 31 38
23 22 33
24 31 32
25 26 31
26 27 30
27 22 28
28 23 25
29 14 23
30 23 22
31 20 22
32 24 24
33 25 24
34 23 22
35 21 24
36 14 25
37 19 24
38 24 24
39 21 24
40 23 23
41 7 21
42 13 20
43 13 19
44 16 17
45 14 15
46 14 16
47 12 15
48 8 13
49 13 12
50 13 12
51 12 12
52 10 10
53 11 10
54 8 10
55 7 9
56 8 9
57 6 11
58 2 10
59 8 10
60 5 9
61 5 6
62 4 5
63 3 3
64 2 2
65 1 1

