0 52 61
1 57 62
2 63 63
3 46 63
4 43 60
5 46 60
6 62 63
7 56 62
8 55 62
9 55 59
10 16 58
11 49 56
12 52 56
13 54 54
14 35 52
15 23 50
16 29 48
17 42 46
18 33 43
19 34 42
20 32 37
21 28 35
22 15 34
23 32 33
24 26 30
25 19 28
26 22 28
27 20 28
28 24 27
29 14 26
30 24 24
31 7 22
32 22 22
33 13 21
34 18 18
35 14 17
36 15 14
37 14 14
38 15 15
39 8 14
40 11 11
41 12 13
42 13 16
43 7 17
44 11 17
45 12 17
46 17 16
47 9 13
48 6 14
49 15 14
50 7 11
51 1 13
52 9 11
53 9 9
54 3 7
55 7 8
56 6 7
57 6 7
58 4 6
59 4 5
60 1 5
61 1 3
62 1 2
63 1 1

