0 46 51
1 54 60
2 39 61
3 59 62
4 66 66
5 64 63
6 55 61
7 63 63
8 49 63
9 64 65
10 35 62
11 16 60
12 42 56
13 49 54
14 43 53
15 44 52
16 44 51
17 49 50
18 39 49
19 41 49
20 35 48
21 28 48
22 22 45
23 36 44
24 37 43
25 23 41
26 40 39
27 30 37
28 21 38
29 32 37
30 35 34
31 26 32
32 28 32
33 14 31
34 31 32
35 31 32
36 29 32
37 23 31
38 25 29
39 19 27
40 11 26
41 14 26
42 15 25
43 14 23
44 17 22
45 11 21
46 15 20
47 9 18
48 14 17
49 15 17
50 13 16
51 12 14
52 11 12
53 3 10
54 4 9
55 3 8
56 7 9
57 1 6
58 3 3
59 3 2
60 3 2
61 1 1
62 1 1
63 1 0
64 1 0
65 3 2
66 2 2
67 1 1

