0 61 82
1 64 93
2 78 97
3 93 99
4 72 99
5 89 98
6 96 96
7 44 96
8 80 98
9 92 99
10 91 100
11 87 101
12 96 102
13 99 101
14 98 100
15 93 101
16 86 101
17 81 99
18 80 98
19 81 98
20 88 96
21 87 94
22 90 92
23 89 90
24 77 91
25 74 89
26 56 86
27 46 85
28 68 82
29 80 81
30 76 82
31 71 83
32 61 82
33 74 81
34 71 79
35 73 78
36 66 77
37 66 74
38 45 73
39 71 70
40 59 68
41 57 65
42 43 64
43 50 61
44 35 59
45 44 58
46 57 56
47 46 58
48 45 57
49 26 57
50 39 55
51 33 51
52 38 47
53 38 43
54 31 42
55 44 43
56 35 41
57 36 41
58 30 40
59 29 37
60 35 34
61 21 32
62 27 34
63 35 34
64 33 32
65 17 32
66 19 33
67 17 33
68 17 30
69 17 29
70 16 29
71 25 27
72 25 24
73 17 19
74 15 24
75 19 26
76 16 25
77 19 23
78 13 23
79 22 21
80 10 17
81 15 18
82 18 18
83 11 16
84 7 14
85 11 14
86 10 14
87 14 13
88 10 12
89 10 11
90 10 11
91 9 11
92 8 9
93 8 8
94 5 7
95 5 5
96 2 4
97 3 2
98 2 1
99 1 3
100 1 2

