0 92 97
1 90 102
2 97 103
3 103 108
4 108 108
5 97 111
6 96 110
7 96 113
8 85 110
9 92 104
10 66 101
11 88 98
12 72 97
13 92 93
14 85 89
15 83 88
16 77 85
17 80 84
18 80 86
19 84 85
20 85 86
21 85 89
22 83 88
23 75 86
24 83 85
25 57 86
26 72 87
27 57 82
28 61 81
29 75 78
30 72 73
31 71 74
32 54 75
33 54 75
34 59 71
35 60 67
36 45 65
37 35 60
38 56 58
39 52 57
40 51 56
41 43 55
42 59 60
43 57 57
44 56 58
45 51 56
46 56 57
47 48 55
48 46 52
49 45 51
50 49 50
51 39 49
52 37 48
53 48 50
54 38 50
55 40 50
56 45 46
57 39 43
58 37 40
59 41 41
60 41 42
61 39 42
62 41 41
63 37 41
64 26 41
65 35 41
66 40 41
67 22 37
68 23 36
69 25 33
70 31 31
71 22 29
72 23 28
73 20 27
74 20 23
75 19 22
76 10 17
77 11 20
78 7 17
79 8 12
80 7 7
81 8 12
82 4 9
83 8 11
84 12 13
85 12 14
86 15 16
87 7 15
88 13 13
89 11 13
90 10 11
91 10 10
92 6 10
93 8 8
94 4 5
95 6 6
96 2 6
97 6 6
98 3 5
99 6 6
100 4 4
101 1 3
102 2 3
103 1 1

