0 55 68
1 70 73
2 77 77
3 63 76
4 74 75
5 62 75
6 77 77
7 69 74
8 59 76
9 69 75
10 70 71
11 62 73
12 73 74
13 52 72
14 74 74
15 66 70
16 63 68
17 42 67
18 61 66
19 65 65
20 58 65
21 45 64
22 52 63
23 60 60
24 56 61
25 59 61
26 55 62
27 55 63
28 62 62
29 56 62
30 53 60
31 51 60
32 37 54
33 44 53
34 45 57
35 47 55
36 47 50
37 43 48
38 43 47
39 37 46
40 44 45
41 36 41
42 23 38
43 30 38
44 33 37
45 35 38
46 37 37
47 34 37
48 38 40
49 37 37
50 32 34
51 34 34
52 36 37
53 31 38
54 28 34
55 30 33
56 19 33
57 26 30
58 27 28
59 21 26
60 26 27
61 22 24
62 10 24
63 17 20
64 17 20
65 12 15
66 16 16
67 17 17
68 11 14
69 15 17
70 9 13
71 14 14
72 12 12
73 13 13
74 10 12
75 8 10
76 8 10
77 8 9
78 6 9
79 5 9
80 6 9
81 4 6
82 3 4
83 4 5
84 2 4
85 2 5
86 2 2
87 1 1

