0 196 197
1 203 207
2 205 208
3 150 214
4 198 211
5 195 210
6 195 213
7 207 213
8 206 210
9 209 211
10 210 211
11 173 210
12 168 207
13 158 202
14 201 201
15 139 197
16 174 192
17 155 191
18 149 191
19 139 190
20 173 182
21 129 179
22 158 176
23 174 174
24 170 173
25 172 172
26 165 170
27 174 175
28 163 177
29 140 172
30 166 174
31 99 171
32 166 170
33 139 166
34 131 166
35 145 163
36 146 161
37 148 156
38 79 149
39 145 145
40 86 141
41 105 140
42 110 136
43 115 131
44 127 129
45 115 125
46 51 123
47 103 119
48 97 117
49 113 117
50 88 120
51 81 112
52 108 110
53 74 107
54 88 105
55 96 102
56 95 100
57 84 95
58 87 94
59 94 94
60 76 87
61 76 93
62 88 91
63 84 89
64 84 86
65 65 81
66 72 81
67 79 80
68 81 83
69 75 81
70 57 86
71 50 90
72 78 85
73 73 82
74 76 80
75 66 79
76 69 81
77 71 77
78 63 71
79 55 69
80 32 66
81 53 66
82 38 64
83 55 61
84 59 59
85 51 57
86 60 60
87 55 59
88 38 57
89 39 57
90 48 57
91 47 56
92 49 54
93 44 51
94 27 47
95 26 48
96 47 48
97 29 48
98 34 54
99 33 55
100 40 49
101 39 46
102 12 44
103 29 40
104 30 38
105 36 36
106 27 38
107 34 36
108 23 32
109 22 30
110 26 31
111 17 29
112 28 28
113 16 26
114 18 26
115 26 26
116 9 24
117 28 28
118 12 24
119 21 22
120 19 21
121 10 20
122 5 19
123 9 22
124 17 20
125 7 22
126 13 22
127 20 23
128 21 24
129 18 25
130 14 23
131 23 27
132 21 31
133 26 29
134 22 33
135 14 37
136 30 34
137 23 28
138 16 26
139 26 27
140 21 27
141 17 26
142 23 25
143 23 26
144 19 23
145 12 21
146 19 21
147 14 19
148 7 18
149 16 18
150 8 17
151 15 15
152 13 13
153 9 14
154 6 13
155 11 11
156 7 8
157 3 10
158 6 7
159 4 5
160 3 6
161 2 3
162 1 1

