0 83 96
1 96 101
2 91 104
3 97 104
4 95 109
5 83 109
6 95 107
7 102 105
8 88 101
9 83 102
10 80 103
11 91 101
12 85 98
13 82 96
14 88 93
15 86 90
16 72 87
17 61 87
18 79 83
19 77 82
20 75 80
21 77 83
22 53 81
23 61 77
24 73 75
25 61 71
26 69 72
27 67 70
28 38 66
29 58 62
30 32 58
31 35 56
32 47 54
33 50 51
34 44 46
35 43 45
36 35 43
37 43 48
38 42 47
39 25 42
40 27 42
41 29 41
42 26 39
43 7 35
44 29 32
45 14 28
46 11 25
47 12 21
48 9 17
49 13 19
50 12 16
51 13 16
52 8 14
53 4 12
54 12 16
55 12 15
56 15 15
57 12 13
58 10 12
59 9 12
60 10 12
61 10 11
62 7 9
63 9 9
64 10 10
65 8 9
66 6 10
67 5 10
68 3 10
69 9 10
70 9 8
71 3 7
72 3 9
73 6 9
74 6 7
75 7 8
76 1 7
77 3 8
78 5 6
79 1 3
80 2 4
81 2 2
82 1 2
83 1 1

