0 95 113
1 116 116
2 116 119
3 117 121
4 115 117
5 111 114
6 119 119
7 106 121
8 116 117
9 96 115
10 100 116
11 83 118
12 98 114
13 103 110
14 101 105
15 100 101
16 99 100
17 93 99
18 98 101
19 96 104
20 92 102
21 86 99
22 71 94
23 78 92
24 84 88
25 58 88
26 60 88
27 70 83
28 75 82
29 66 81
30 77 79
31 62 79
32 40 78
33 68 76
34 56 73
35 64 68
36 62 66
37 61 67
38 54 70
39 68 69
40 44 64
41 49 64
42 34 62
43 56 60
44 45 57
45 51 55
46 36 56
47 38 52
48 39 47
49 40 45
50 20 42
51 11 36
52 26 32
53 27 33
54 33 35
55 23 35
56 31 31
57 27 28
58 26 31
59 19 28
60 18 24
61 14 22
62 18 20
63 19 20
64 14 17
65 14 15
66 9 18
67 14 17
68 14 14
69 12 15
70 8 10
71 6 8
72 7 7
73 6 6
74 6 7
75 4 5
76 2 4
77 1 5
78 6 6
79 3 5
80 4 4
81 4 4
82 5 5
83 3 4
84 2 2
85 2 2

