0 129 132
1 119 137
2 113 138
3 127 139
4 125 137
5 129 135
6 94 133
7 123 133
8 119 129
9 116 128
10 116 126
11 100 123
12 97 122
13 104 121
14 86 118
15 89 115
16 107 114
17 91 113
18 97 110
19 108 107
20 86 95
21 85 98
22 90 97
23 89 96
24 77 95
25 86 94
26 71 93
27 86 92
28 68 92
29 60 88
30 61 84
31 54 81
32 59 78
33 47 74
34 59 71
35 53 67
36 54 70
37 62 65
38 53 63
39 58 63
40 48 62
41 54 58
42 49 59
43 44 60
44 39 58
45 50 55
46 43 53
47 30 51
48 35 47
49 30 46
50 38 43
51 31 39
52 21 40
53 23 38
54 35 40
55 33 38
56 35 39
57 30 40
58 18 35
59 22 32
60 29 28
61 10 21
62 6 24
63 20 23
64 17 20
65 15 18
66 12 16
67 13 16
68 8 13
69 2 11
70 3 12
71 7 12
72 10 9
73 5 5
74 4 5
75 5 6
76 5 6
77 3 3
78 1 6
79 6 5
80 2 2
81 1 2
82 1 1

