0 172 187
1 167 191
2 199 199
3 178 203
4 185 200
5 146 198
6 170 203
7 196 198
8 157 197
9 178 200
10 151 198
11 189 194
12 163 194
13 197 202
14 180 201
15 172 199
16 195 199
17 192 197
18 181 192
19 189 189
20 168 186
21 185 188
22 182 187
23 129 187
24 185 185
25 177 185
26 177 182
27 170 179
28 94 176
29 163 173
30 155 172
31 155 164
32 162 164
33 135 161
34 150 160
35 152 154
36 149 151
37 133 156
38 106 148
39 114 148
40 138 146
41 134 147
42 106 137
43 119 138
44 136 139
45 125 135
46 118 135
47 65 132
48 118 125
49 113 123
50 95 121
51 107 117
52 115 116
53 110 114
54 98 116
55 100 114
56 105 114
57 103 111
58 112 112
59 87 110
60 102 107
61 102 110
62 95 110
63 79 110
64 96 109
65 100 106
66 72 109
67 100 105
68 55 103
69 92 100
70 93 95
71 92 97
72 89 97
73 91 92
74 72 90
75 66 85
76 64 81
77 60 80
78 75 77
79 77 78
80 64 78
81 78 80
82 64 80
83 70 81
84 54 77
85 60 72
86 57 68
87 60 65
88 55 66
89 64 65
90 50 61
91 64 64
92 56 63
93 61 64
94 57 60
95 58 62
96 58 61
97 52 57
98 57 62
99 55 59
100 34 60
101 15 57
102 36 53
103 46 46
104 40 45
105 42 46
106 41 44
107 34 40
108 30 37
109 26 38
110 14 34
111 27 32
112 18 27
113 21 25
114 18 24
115 24 27
116 18 25
117 14 20
118 13 17
119 14 16
120 12 14
121 3 13
122 3 11
123 5 11
124 6 6
125 2 2
126 3 8
127 10 10
128 7 9
129 8 8
130 6 8
131 4 7
132 2 5
133 4 4
134 3 3
135 1 1
136 1 2

