0 142 143
1 124 145
2 143 143
3 137 144
4 138 142
5 134 141
6 142 147
7 135 142
8 141 141
9 138 141
10 129 139
11 112 138
12 135 136
13 111 134
14 124 134
15 115 132
16 90 132
17 123 128
18 119 127
19 113 123
20 109 124
21 121 125
22 109 121
23 92 122
24 112 120
25 104 119
26 115 118
27 110 116
28 109 115
29 113 113
30 96 110
31 96 111
32 110 110
33 102 107
34 104 107
35 101 107
36 101 108
37 101 109
38 80 107
39 94 108
40 99 101
41 98 100
42 79 97
43 85 97
44 90 97
45 79 92
46 83 94
47 89 94
48 90 93
49 80 93
50 96 96
51 99 99
52 97 98
53 85 97
54 79 94
55 44 90
56 71 87
57 80 83
58 81 81
59 67 79
60 67 79
61 72 76
62 38 70
63 62 68
64 43 64
65 58 61
66 58 63
67 60 61
68 41 60
69 56 56
70 54 55
71 54 57
72 45 56
73 52 60
74 49 56
75 53 54
76 42 51
77 31 52
78 48 52
79 30 49
80 36 47
81 46 47
82 38 43
83 37 44
84 40 41
85 31 42
86 37 41
87 37 38
88 38 39
89 27 39
90 36 38
91 26 37
92 36 40
93 30 38
94 30 35
95 30 35
96 32 36
97 25 36
98 31 35
99 29 31
100 28 31
101 27 27
102 24 28
103 27 28
104 26 29
105 23 28
106 18 29
107 26 27
108 23 25
109 22 24
110 23 24
111 23 23
112 24 24
113 19 23
114 20 25
115 19 22
116 18 21
117 14 23
118 18 23
119 7 19
120 17 17
121 16 16
122 5 14
123 11 14
124 7 10
125 8 8
126 5 9
127 4 6
128 1 6
129 3 6
130 1 3
131 1 1

