0 112 121
1 117 125
2 105 127
3 96 126
4 121 125
5 121 120
6 93 116
7 105 116
8 107 114
9 105 115
10 75 110
11 65 108
12 84 105
13 94 104
14 100 99
15 67 89
16 83 88
17 77 91
18 86 90
19 82 88
20 74 91
21 37 89
22 70 89
23 79 87
24 58 81
25 69 75
26 60 71
27 61 70
28 53 69
29 63 68
30 66 70
31 53 66
32 62 63
33 42 60
34 57 61
35 44 60
36 49 59
37 42 58
38 48 54
39 47 52
40 45 50
41 37 48
42 45 46
43 43 44
44 42 45
45 20 42
46 30 39
47 38 40
48 21 36
49 26 36
50 34 35
51 17 32
52 14 26
53 18 22
54 17 20
55 16 16
56 12 20
57 16 16
58 14 15
59 11 15
60 9 13
61 4 12
62 8 11
63 5 10
64 4 7
65 5 4
66 1 1

