0 208 225
1 238 238
2 225 244
3 231 253
4 252 252
5 233 250
6 247 247
7 229 251
8 248 253
9 250 258
10 223 252
11 241 252
12 239 248
13 225 247
14 242 246
15 159 242
16 225 239
17 206 240
18 214 236
19 209 231
20 208 232
21 169 229
22 212 232
23 221 225
24 217 223
25 146 222
26 216 217
27 211 212
28 180 210
29 204 207
30 181 207
31 183 205
32 187 202
33 182 201
34 199 200
35 180 198
36 157 195
37 144 196
38 70 193
39 126 182
40 153 173
41 155 166
42 143 165
43 149 163
44 155 161
45 159 163
46 164 165
47 137 163
48 156 164
49 140 160
50 151 154
51 137 152
52 133 153
53 148 153
54 131 147
55 102 147
56 131 144
57 139 140
58 131 142
59 113 142
60 127 142
61 133 141
62 101 140
63 109 137
64 114 137
65 92 132
66 119 129
67 128 128
68 114 126
69 100 126
70 66 124
71 117 122
72 117 121
73 100 115
74 95 113
75 110 110
76 103 109
77 92 107
78 95 110
79 108 109
80 88 103
81 102 105
82 67 99
83 94 95
84 81 95
85 77 94
86 79 93
87 82 89
88 78 89
89 83 87
90 44 87
91 83 89
92 74 86
93 62 90
94 64 85
95 70 78
96 71 77
97 59 72
98 70 72
99 39 70
100 63 66
101 68 68
102 62 68
103 62 70
104 53 72
105 61 68
106 34 63
107 51 55
108 55 56
109 47 52
110 45 50
111 41 47
112 39 45
113 40 45
114 43 46
115 34 45
116 33 45
117 30 41
118 32 38
119 13 36
120 26 33
121 25 30
122 24 28
123 25 27
124 26 26
125 15 29
126 18 29
127 13 27
128 7 26
129 8 23
130 15 22
131 20 20
132 16 16
133 11 11
134 9 11
135 14 14
136 10 11
137 7 8
138 9 10
139 5 10
140 8 9
141 4 9
142 8 8
143 7 9
144 2 11
145 3 9
146 3 6
147 6 6
148 4 4
149 3 4
150 1 3
151 1 2

