0 153 163
1 153 173
2 152 180
3 179 184
4 158 184
5 147 184
6 129 181
7 171 184
8 136 189
9 159 188
10 167 183
11 175 183
12 157 179
13 159 179
14 117 181
15 174 179
16 171 173
17 156 164
18 143 162
19 145 157
20 152 153
21 147 158
22 136 162
23 156 158
24 155 155
25 142 154
26 146 159
27 141 156
28 107 158
29 135 151
30 125 150
31 138 145
32 130 141
33 85 142
34 133 135
35 118 138
36 101 135
37 108 135
38 110 133
39 101 131
40 125 128
41 62 124
42 119 120
43 98 116
44 101 109
45 96 113
46 110 111
47 92 109
48 96 110
49 105 105
50 89 105
51 81 105
52 90 100
53 93 108
54 64 104
55 99 101
56 67 100
57 82 102
58 93 99
59 78 96
60 84 91
61 82 86
62 71 88
63 47 86
64 65 86
65 73 83
66 74 80
67 72 85
68 68 83
69 66 81
70 56 80
71 63 78
72 57 78
73 54 79
74 70 80
75 77 77
76 71 71
77 47 71
78 65 66
79 58 65
80 61 67
81 61 61
82 47 60
83 57 57
84 52 58
85 51 55
86 27 54
87 46 53
88 47 53
89 17 47
90 25 43
91 26 40
92 34 36
93 19 30
94 28 29
95 25 29
96 27 29
97 25 26
98 19 26
99 22 26
100 27 27
101 25 29
102 18 28
103 26 26
104 16 26
105 26 27
106 17 24
107 19 20
108 23 24
109 21 24
110 8 22
111 21 21
112 4 18
113 8 17
114 17 17
115 7 12
116 8 10
117 6 7
118 6 6
119 5 5
120 6 7
121 3 6
122 5 5
123 5 6
124 8 8
125 5 9
126 3 12
127 14 18
128 9 19
129 23 24
130 15 28
131 22 30
132 20 29
133 23 31
134 26 29
135 22 28
136 20 25
137 13 24
138 4 23
139 11 21
140 15 19
141 17 20
142 2 17
143 12 13
144 13 13
145 9 11
146 9 13
147 5 10
148 5 8
149 3 7
150 4 6
151 1 3
152 1 1

