0 169 214
1 218 218
2 168 224
3 222 226
4 226 227
5 214 226
6 221 222
7 204 221
8 184 221
9 174 223
10 217 218
11 210 214
12 187 215
13 204 211
14 193 215
15 188 211
16 197 212
17 205 207
18 201 207
19 140 202
20 174 208
21 184 202
22 191 203
23 173 205
24 204 204
25 195 200
26 140 198
27 161 195
28 167 187
29 183 186
30 163 186
31 174 180
32 163 177
33 172 175
34 168 177
35 172 179
36 163 177
37 174 174
38 174 177
39 169 176
40 167 177
41 169 177
42 167 171
43 150 168
44 140 169
45 146 165
46 160 161
47 114 158
48 132 156
49 157 158
50 151 152
51 133 150
52 131 147
53 133 146
54 130 141
55 103 149
56 139 146
57 135 142
58 117 139
59 99 137
60 131 138
61 135 136
62 132 136
63 132 136
64 111 142
65 131 139
66 131 138
67 110 135
68 132 133
69 117 130
70 124 133
71 111 127
72 120 127
73 106 122
74 116 123
75 84 123
76 115 118
77 100 118
78 84 115
79 108 114
80 94 115
81 111 115
82 101 112
83 108 114
84 107 110
85 98 108
86 107 108
87 86 106
88 103 106
89 81 110
90 108 108
91 91 108
92 68 109
93 77 106
94 63 97
95 85 94
96 60 95
97 46 97
98 80 94
99 59 90
100 63 86
101 52 80
102 59 78
103 74 74
104 56 71
105 65 70
106 46 69
107 51 67
108 46 66
109 58 65
110 58 61
111 56 63
112 53 60
113 40 57
114 28 57
115 24 53
116 46 48
117 39 48
118 26 48
119 28 42
120 28 37
121 20 35
122 13 31
123 19 29
124 25 25
125 12 21
126 14 18
127 10 17
128 12 19
129 12 16
130 13 12
131 1 7
132 6 6
133 3 4
134 1 3
135 3 5
136 3 7
137 7 9
138 3 10
139 8 8
140 4 5
141 3 6
142 1 3
143 2 2
144 1 1

