0 52 66
1 44 69
2 67 72
3 64 70
4 48 70
5 62 67
6 64 68
7 34 66
8 63 66
9 55 64
10 62 64
11 51 64
12 53 65
13 58 65
14 57 64
15 47 61
16 46 59
17 54 59
18 58 61
19 51 62
20 56 59
21 44 56
22 37 53
23 43 53
24 48 51
25 41 48
26 41 46
27 35 48
28 43 47
29 40 42
30 37 42
31 36 40
32 25 35
33 21 35
34 32 36
35 31 32
36 24 28
37 26 29
38 23 29
39 27 30
40 29 30
41 28 30
42 18 28
43 17 27
44 20 24
45 17 17
46 16 16
47 10 16
48 10 14
49 8 14
50 10 12
51 3 10
52 6 8
53 3 6
54 4 6
55 5 4
56 5 4
57 1 3
58 3 2
59 1 2
60 1 2
61 1 2
62 1 1

