0 209 222
1 206 238
2 165 248
3 207 242
4 215 238
5 214 237
6 212 234
7 208 232
8 226 230
9 216 226
10 186 228
11 203 220
12 189 224
13 189 222
14 218 220
15 212 220
16 204 219
17 198 219
18 211 214
19 211 215
20 198 213
21 192 219
22 212 213
23 200 213
24 196 213
25 209 210
26 207 207
27 184 205
28 205 205
29 173 201
30 193 204
31 201 203
32 163 202
33 197 200
34 197 199
35 200 204
36 205 208
37 197 200
38 186 200
39 146 198
40 187 200
41 174 195
42 174 189
43 183 185
44 171 184
45 158 184
46 162 180
47 177 177
48 176 180
49 149 178
50 179 184
51 108 179
52 165 173
53 159 169
54 145 166
55 165 166
56 159 165
57 148 161
58 142 160
59 138 157
60 133 157
61 151 151
62 144 150
63 144 153
64 152 154
65 153 155
66 143 154
67 152 161
68 112 164
69 155 162
70 153 158
71 144 157
72 139 162
73 156 161
74 142 150
75 140 146
76 144 150
77 143 144
78 141 142
79 132 142
80 130 141
81 116 143
82 137 143
83 140 141
84 129 138
85 108 137
86 131 134
87 127 131
88 123 129
89 112 126
90 117 128
91 127 127
92 82 129
93 107 123
94 114 119
95 109 120
96 100 116
97 118 119
98 103 116
99 93 114
100 110 111
101 44 114
102 72 112
103 75 106
104 69 99
105 90 94
106 65 94
107 85 89
108 87 90
109 77 88
110 89 90
111 83 87
112 80 84
113 71 83
114 67 81
115 52 83
116 53 79
117 65 74
118 78 79
119 73 74
120 46 70
121 61 70
122 65 67
123 54 66
124 63 67
125 65 70
126 62 67
127 38 67
128 20 63
129 40 57
130 48 53
131 39 51
132 31 55
133 47 48
134 30 44
135 41 41
136 33 44
137 38 43
138 13 40
139 18 37
140 34 36
141 24 31
142 23 28
143 21 24
144 24 25
145 21 22
146 24 24
147 27 29
148 13 28
149 16 22
150 11 20
151 11 16
152 14 14
153 6 14
154 10 12
155 10 12
156 4 12
157 8 12
158 7 8
159 9 9
160 3 5
161 2 4
162 4 4
163 3 4
164 5 5
165 8 8
166 3 6
167 3 9
168 3 7
169 4 5
170 2 3
171 1 1
172 1 2
173 1 2

