0 76 94
1 90 97
2 98 102
3 95 101
4 96 102
5 91 103
6 100 102
7 77 100
8 81 98
9 64 99
10 74 94
11 86 91
12 84 89
13 81 86
14 87 88
15 78 87
16 84 85
17 78 81
18 77 82
19 70 80
20 70 80
21 63 76
22 68 75
23 76 80
24 76 82
25 75 81
26 80 85
27 70 82
28 72 77
29 74 74
30 72 74
31 59 71
32 68 72
33 71 71
34 64 72
35 52 72
36 69 70
37 69 72
38 65 73
39 56 69
40 48 67
41 62 65
42 67 68
43 55 64
44 59 63
45 54 62
46 62 62
47 52 64
48 54 64
49 57 60
50 47 54
51 48 53
52 44 51
53 41 49
54 40 44
55 33 43
56 36 42
57 35 41
58 46 46
59 40 44
60 28 43
61 31 43
62 40 42
63 34 43
64 39 41
65 32 39
66 33 36
67 31 38
68 32 33
69 29 30
70 8 33
71 23 28
72 19 26
73 25 25
74 6 25
75 11 21
76 5 20
77 13 18
78 13 16
79 11 13
80 8 12
81 7 10
82 9 10
83 8 10
84 9 10
85 8 8
86 6 7
87 4 6
88 2 6
89 5 5
90 4 4
91 3 4
92 2 3
93 1 2
94 1 1

