0 57 58
1 41 70
2 63 74
3 62 76
4 61 73
5 63 76
6 70 76
7 63 76
8 69 74
9 68 70
10 66 70
11 65 69
12 43 66
13 60 65
14 50 64
15 55 62
16 54 62
17 59 68
18 48 62
19 53 61
20 52 60
21 61 63
22 57 61
23 56 59
24 49 58
25 31 53
26 44 50
27 45 47
28 40 45
29 43 46
30 32 45
31 42 43
32 41 41
33 32 40
34 35 39
35 30 38
36 16 36
37 8 34
38 27 31
39 23 28
40 22 27
41 23 26
42 3 23
43 19 22
44 15 19
45 14 19
46 12 18
47 6 15
48 8 13
49 8 11
50 8 10
51 5 8
52 6 8
53 5 7
54 4 4
55 3 6
56 5 5
57 2 2
58 2 2

