0 72 75
1 79 79
2 80 80
3 83 83
4 77 86
5 87 88
6 74 92
7 77 89
8 88 88
9 85 89
10 68 83
11 79 80
12 78 81
13 74 84
14 74 82
15 75 77
16 55 75
17 63 71
18 65 71
19 56 74
20 68 71
21 59 69
22 63 67
23 64 68
24 67 70
25 49 69
26 66 66
27 61 65
28 61 64
29 54 65
30 56 59
31 51 57
32 46 58
33 33 58
34 54 56
35 55 55
36 37 52
37 47 52
38 47 53
39 47 50
40 34 49
41 46 49
42 43 46
43 46 46
44 35 45
45 38 44
46 32 41
47 40 40
48 32 40
49 35 38
50 39 39
51 23 36
52 33 36
53 30 34
54 32 32
55 27 33
56 32 34
57 31 32
58 29 31
59 6 32
60 26 29
61 18 25
62 11 27
63 26 29
64 10 27
65 18 24
66 17 20
67 6 22
68 13 18
69 11 14
70 3 13
71 7 11
72 8 9
73 3 7
74 4 7
75 4 5
76 2 3
77 2 4
78 3 3
79 1 3
80 2 2
81 1 1

