0 102 105
1 97 110
2 105 111
3 105 108
4 101 109
5 109 110
6 109 112
7 100 109
8 101 107
9 106 108
10 92 107
11 101 104
12 95 104
13 99 100
14 99 101
15 96 103
16 91 99
17 96 109
18 103 105
19 98 99
20 87 99
21 91 104
22 92 97
23 89 94
24 77 92
25 84 92
26 55 89
27 87 89
28 88 88
29 76 89
30 68 86
31 74 84
32 69 84
33 76 79
34 64 78
35 72 78
36 75 77
37 52 74
38 49 71
39 58 67
40 62 67
41 23 68
42 59 69
43 66 66
44 57 64
45 62 63
46 57 62
47 62 63
48 58 61
49 49 61
50 59 59
51 52 57
52 43 59
53 44 58
54 35 52
55 44 49
56 45 45
57 36 44
58 44 45
59 23 46
60 43 43
61 36 40
62 19 38
63 22 38
64 29 33
65 33 33
66 31 33
67 28 34
68 26 36
69 33 33
70 27 30
71 24 30
72 21 27
73 18 26
74 16 24
75 21 21
76 21 22
77 19 24
78 21 23
79 15 23
80 19 22
81 15 20
82 17 18
83 17 18
84 13 18
85 10 19
86 11 17
87 16 16
88 11 15
89 9 11
90 9 11
91 8 11
92 7 8
93 9 11
94 2 11
95 5 8
96 6 7
97 2 3
98 1 3
99 1 1

