0 73 74
1 68 77
2 73 80
3 72 77
4 56 78
5 48 80
6 65 79
7 61 78
8 78 77
9 64 68
10 42 71
11 45 74
12 60 75
13 78 77
14 66 74
15 68 72
16 65 70
17 69 68
18 58 58
19 62 65
20 57 70
21 51 68
22 51 66
23 56 64
24 60 62
25 46 62
26 53 62
27 56 57
28 47 57
29 50 53
30 58 58
31 27 58
32 46 59
33 56 57
34 51 55
35 49 54
36 49 52
37 48 49
38 45 47
39 44 48
40 45 47
41 48 47
42 37 48
43 45 46
44 40 43
45 35 40
46 32 39
47 31 39
48 29 39
49 34 37
50 38 37
51 30 31
52 32 34
53 35 34
54 28 30
55 20 32
56 28 34
57 30 30
58 22 29
59 27 30
60 24 30
61 31 30
62 19 24
63 21 24
64 22 23
65 21 23
66 12 22
67 11 23
68 10 23
69 4 21
70 17 21
71 7 18
72 15 16
73 12 13
74 7 11
75 7 12
76 7 11
77 8 9
78 4 6
79 1 7
80 5 5
81 3 3
82 2 2
83 1 1

