0 56 76
1 61 77
2 63 78
3 53 78
4 67 74
5 72 73
6 57 75
7 48 74
8 52 68
9 52 65
10 58 64
11 60 62
12 58 63
13 61 62
14 55 64
15 52 64
16 59 61
17 47 59
18 51 57
19 55 56
20 56 56
21 40 59
22 51 55
23 36 50
24 44 49
25 50 49
26 41 46
27 47 49
28 48 49
29 31 46
30 38 43
31 41 42
32 34 40
33 32 38
34 36 38
35 37 36
36 25 29
37 28 31
38 21 29
39 32 32
40 27 32
41 23 29
42 27 28
43 25 26
44 25 29
45 27 28
46 18 25
47 23 24
48 21 23
49 21 23
50 22 21
51 20 21
52 18 20
53 17 18
54 15 18
55 19 22
56 13 18
57 19 19
58 9 15
59 12 14
60 11 12
61 5 12
62 11 11
63 7 9
64 8 10
65 6 7
66 4 4
67 4 4
68 4 5
69 5 5
70 4 4
71 1 4
72 3 4
73 4 3
74 1 3
75 3 3
76 2 2
77 1 1

