0 53 61
1 62 65
2 62 64
3 55 64
4 48 67
5 39 64
6 58 60
7 43 58
8 46 55
9 53 56
10 42 53
11 44 51
12 45 49
13 45 49
14 45 47
15 40 45
16 44 45
17 24 44
18 39 43
19 47 46
20 35 40
21 32 38
22 30 36
23 33 37
24 33 36
25 28 32
26 25 31
27 28 32
28 29 32
29 21 31
30 23 29
31 19 27
32 28 27
33 24 25
34 24 26
35 23 26
36 25 24
37 20 23
38 15 25
39 24 24
40 21 25
41 21 23
42 20 22
43 18 22
44 6 24
45 12 21
46 17 19
47 16 17
48 13 16
49 10 15
50 15 15
51 14 14
52 13 16
53 15 15
54 13 13
55 16 17
56 11 13
57 8 10
58 5 8
59 3 8
60 4 8
61 4 5
62 1 5
63 4 4
64 2 2
65 1 2
66 1 2
67 1 1

