0 49 71
1 57 74
2 63 73
3 59 68
4 53 66
5 64 66
6 46 62
7 50 62
8 57 60
9 52 59
10 51 59
11 49 60
12 57 57
13 50 56
14 54 56
15 50 54
16 47 58
17 55 58
18 56 57
19 44 56
20 54 54
21 48 55
22 34 55
23 48 54
24 36 53
25 43 49
26 43 49
27 43 46
28 40 44
29 20 43
30 25 40
31 31 39
32 17 36
33 23 31
34 17 30
35 22 30
36 19 29
37 20 25
38 22 25
39 22 23
40 17 22
41 15 21
42 14 22
43 13 21
44 19 20
45 7 17
46 7 15
47 11 15
48 5 14
49 13 13
50 7 11
51 7 9
52 7 9
53 1 7
54 6 6
55 1 5
56 1 5
57 1 3
58 1 1

