0 61 67
1 79 78
2 63 69
3 57 71
4 73 72
5 66 65
6 49 72
7 63 71
8 66 71
9 54 75
10 73 75
11 70 76
12 74 75
13 49 75
14 59 72
15 41 68
16 60 66
17 47 64
18 49 64
19 55 59
20 56 57
21 52 54
22 47 53
23 36 53
24 40 51
25 42 51
26 43 48
27 33 46
28 31 46
29 36 45
30 22 46
31 34 42
32 31 39
33 28 35
34 26 34
35 32 33
36 32 33
37 16 31
38 22 30
39 24 29
40 21 28
41 21 28
42 27 27
43 23 27
44 21 24
45 20 23
46 21 21
47 14 19
48 16 18
49 5 16
50 16 18
51 20 21
52 11 19
53 10 19
54 9 17
55 8 14
56 1 12
57 6 9
58 7 7
59 3 5
60 1 4
61 1 1

