0 76 92
1 77 96
2 70 97
3 90 97
4 88 96
5 86 95
6 90 95
7 84 93
8 79 90
9 64 91
10 72 89
11 79 86
12 78 85
13 68 85
14 67 84
15 66 84
16 78 82
17 76 82
18 75 77
19 61 78
20 69 78
21 55 76
22 60 73
23 57 70
24 29 69
25 50 67
26 38 65
27 49 62
28 52 57
29 47 54
30 42 52
31 51 51
32 42 51
33 45 51
34 48 52
35 47 51
36 47 46
37 27 47
38 40 46
39 27 44
40 32 45
41 39 40
42 19 36
43 31 35
44 29 33
45 19 31
46 23 32
47 22 32
48 29 31
49 24 31
50 24 26
51 17 24
52 11 24
53 11 21
54 17 18
55 9 16
56 13 15
57 11 13
58 5 10
59 6 10
60 10 10
61 8 9
62 8 8
63 5 7
64 1 4
65 4 5
66 3 4
67 4 3
68 3 2
69 2 3
70 2 3
71 2 2
72 1 1
73 2 2
74 1 1

