0 77 86
1 92 95
2 90 98
3 77 97
4 95 97
5 92 99
6 90 98
7 84 95
8 92 95
9 63 91
10 68 92
11 76 90
12 82 88
13 78 85
14 78 84
15 74 81
16 60 80
17 80 81
18 75 80
19 77 79
20 76 81
21 73 76
22 70 72
23 71 72
24 65 72
25 71 72
26 66 74
27 54 70
28 56 70
29 49 71
30 69 68
31 62 69
32 48 67
33 56 68
34 59 64
35 54 61
36 56 62
37 61 61
38 52 56
39 41 55
40 34 53
41 45 49
42 30 45
43 34 44
44 46 47
45 31 43
46 40 49
47 37 47
48 31 45
49 40 43
50 34 41
51 43 42
52 35 40
53 41 40
54 41 43
55 28 39
56 26 40
57 28 35
58 29 35
59 13 36
60 32 32
61 25 31
62 27 31
63 28 28
64 7 25
65 13 25
66 18 20
67 13 19
68 17 19
69 17 19
70 18 18
71 11 18
72 9 18
73 5 16
74 11 15
75 4 15
76 4 12
77 5 10
78 8 8
79 3 7
80 5 6
81 2 3
82 2 3
83 1 1

