0 15 54
1 60 62
2 63 65
3 56 66
4 67 68
5 66 67
6 63 67
7 57 69
8 56 68
9 65 66
10 50 62
11 54 63
12 58 61
13 40 61
14 58 63
15 43 61
16 54 63
17 49 61
18 55 55
19 50 54
20 42 54
21 51 50
22 29 46
23 36 44
24 38 44
25 38 45
26 28 44
27 41 45
28 47 46
29 29 42
30 36 40
31 38 38
32 36 35
33 23 26
34 26 26
35 20 25
36 10 28
37 22 29
38 27 27
39 21 26
40 16 25
41 14 23
42 8 20
43 13 18
44 9 14
45 11 13
46 7 11
47 7 10
48 8 7
49 3 5
50 5 6
51 7 7
52 4 7
53 3 6
54 7 6
55 4 4
56 2 5
57 4 5
58 4 4
59 1 3
60 3 3
61 1 2

