0 61 67
1 64 70
2 67 76
3 67 74
4 45 74
5 71 74
6 67 75
7 58 74
8 62 73
9 48 70
10 54 68
11 57 65
12 43 67
13 41 64
14 51 61
15 53 56
16 49 53
17 44 52
18 47 48
19 39 47
20 46 47
21 46 48
22 46 48
23 36 50
24 34 48
25 43 44
26 41 42
27 32 42
28 32 42
29 39 41
30 21 35
31 29 34
32 27 34
33 28 35
34 16 36
35 17 35
36 34 34
37 24 29
38 15 27
39 21 26
40 20 23
41 24 23
42 12 17
43 17 17
44 15 17
45 16 17
46 4 16
47 10 15
48 7 14
49 8 13
50 8 10
51 6 10
52 3 10
53 1 9
54 4 8
55 2 6
56 1 4
57 4 3
58 1 2
59 2 2
60 1 1

