0 52 70
1 69 70
2 67 68
3 50 69
4 65 69
5 63 70
6 67 69
7 63 71
8 63 68
9 55 67
10 57 68
11 57 66
12 33 64
13 51 61
14 44 59
15 42 54
16 41 49
17 33 46
18 41 44
19 25 43
20 33 41
21 38 40
22 34 41
23 40 41
24 32 40
25 34 38
26 26 37
27 31 36
28 31 33
29 29 33
30 29 33
31 33 32
32 19 28
33 25 29
34 16 27
35 25 30
36 24 27
37 23 26
38 26 27
39 25 28
40 23 28
41 20 27
42 6 26
43 9 25
44 18 19
45 11 16
46 13 14
47 11 11
48 10 10
49 2 11
50 9 10
51 10 9
52 8 13
53 10 11
54 10 11
55 5 8
56 5 6
57 4 5
58 4 4
59 2 3
60 2 2
61 3 2
62 3 3
63 2 3
64 2 2

