0 46 77
1 75 78
2 75 80
3 72 79
4 73 77
5 60 79
6 70 79
7 77 77
8 65 77
9 55 77
10 70 76
11 43 74
12 64 72
13 63 70
14 63 69
15 64 69
16 61 70
17 66 67
18 58 69
19 72 71
20 51 64
21 51 65
22 55 67
23 66 65
24 59 60
25 59 62
26 59 61
27 56 61
28 51 57
29 47 59
30 57 57
31 44 58
32 43 56
33 45 53
34 41 54
35 46 50
36 46 47
37 30 46
38 41 45
39 39 44
40 30 43
41 40 40
42 35 37
43 28 36
44 34 34
45 32 35
46 26 31
47 27 30
48 28 31
49 25 28
50 24 29
51 25 29
52 21 29
53 25 26
54 25 24
55 23 22
56 16 21
57 13 20
58 14 18
59 11 17
60 10 18
61 18 18
62 16 17
63 13 15
64 10 12
65 9 12
66 9 13
67 9 11
68 5 10
69 4 9
70 5 8
71 4 8
72 5 6
73 1 4
74 1 3
75 1 1

