0 42 68
1 73 75
2 75 79
3 67 78
4 65 81
5 80 80
6 78 77
7 63 69
8 60 73
9 69 75
10 69 78
11 62 78
12 64 76
13 60 72
14 65 74
15 70 73
16 60 73
17 63 71
18 64 69
19 63 67
20 54 65
21 53 63
22 60 66
23 53 63
24 58 61
25 51 59
26 38 58
27 46 56
28 52 56
29 54 58
30 53 58
31 48 54
32 35 51
33 29 48
34 45 48
35 37 44
36 37 41
37 34 40
38 35 40
39 25 42
40 18 39
41 25 37
42 29 31
43 30 30
44 13 29
45 26 30
46 17 29
47 22 28
48 22 26
49 16 23
50 20 21
51 20 21
52 16 20
53 15 20
54 15 19
55 16 20
56 16 19
57 12 15
58 15 15
59 15 15
60 12 17
61 8 16
62 6 14
63 8 12
64 8 10
65 5 10
66 10 10
67 2 8
68 6 7
69 6 7
70 7 7
71 6 6
72 6 5
73 5 5
74 3 6
75 4 6
76 5 5
77 3 3
78 2 3
79 1 1
80 1 1

