0 62 85
1 66 87
2 79 85
3 66 83
4 75 83
5 67 82
6 68 80
7 79 78
8 61 68
9 61 74
10 74 75
11 71 76
12 63 76
13 46 76
14 56 75
15 48 73
16 65 69
17 63 70
18 58 68
19 51 66
20 53 69
21 43 65
22 55 62
23 54 61
24 33 60
25 56 56
26 43 52
27 36 49
28 34 50
29 29 47
30 36 43
31 42 42
32 37 43
33 34 41
34 35 40
35 31 39
36 36 38
37 35 38
38 33 35
39 17 35
40 30 34
41 26 32
42 23 29
43 25 28
44 23 25
45 17 24
46 20 22
47 17 19
48 13 19
49 7 18
50 16 16
51 11 14
52 11 13
53 13 15
54 6 13
55 11 10
56 10 9
57 5 8
58 10 11
59 8 12
60 5 11
61 2 10
62 2 7
63 1 4
64 3 3
65 1 1

