0 60 64
1 54 73
2 62 74
3 40 74
4 62 72
5 60 68
6 57 65
7 67 67
8 62 67
9 63 65
10 68 71
11 65 67
12 58 66
13 38 63
14 52 58
15 46 58
16 55 57
17 58 58
18 57 56
19 51 51
20 39 55
21 55 56
22 52 53
23 34 52
24 50 49
25 40 42
26 39 44
27 33 41
28 33 42
29 36 43
30 39 42
31 39 41
32 34 39
33 29 37
34 20 37
35 18 33
36 31 32
37 19 32
38 24 30
39 27 32
40 21 28
41 24 28
42 28 27
43 21 23
44 20 23
45 19 22
46 16 21
47 16 20
48 14 17
49 12 17
50 11 17
51 11 16
52 11 13
53 13 12
54 10 12
55 6 12
56 7 10
57 10 11
58 9 9
59 6 10
60 10 10
61 7 9
62 8 8
63 7 7
64 3 4
65 3 3
66 2 2
67 2 2
68 1 1
69 1 2
70 1 2
71 1 1

