0 57 68
1 67 68
2 67 69
3 62 67
4 64 68
5 69 69
6 40 69
7 61 66
8 57 63
9 62 63
10 52 62
11 52 64
12 57 62
13 58 60
14 58 60
15 58 62
16 57 60
17 33 58
18 51 58
19 58 57
20 44 51
21 46 51
22 49 51
23 53 55
24 53 54
25 35 52
26 45 51
27 47 47
28 33 44
29 40 44
30 39 45
31 37 41
32 39 40
33 27 39
34 31 37
35 28 36
36 34 37
37 28 34
38 32 32
39 32 32
40 30 30
41 22 27
42 21 25
43 25 25
44 18 23
45 19 21
46 20 20
47 16 19
48 21 21
49 8 21
50 7 17
51 5 16
52 15 15
53 12 14
54 9 11
55 10 13
56 11 12
57 11 10
58 8 11
59 1 9
60 7 8
61 5 6
62 5 5
63 2 4
64 2 3
65 3 4
66 1 1
67 1 0
68 1 1

