0 74 76
1 70 79
2 71 83
3 63 84
4 78 85
5 63 81
6 79 83
7 68 81
8 74 79
9 69 79
10 76 77
11 72 76
12 57 73
13 60 71
14 47 67
15 59 67
16 57 64
17 53 65
18 59 63
19 60 60
20 61 60
21 51 53
22 56 56
23 53 57
24 51 58
25 59 59
26 41 58
27 47 56
28 41 54
29 46 51
30 21 50
31 47 49
32 38 49
33 46 47
34 42 45
35 40 45
36 29 45
37 35 44
38 37 44
39 30 43
40 28 45
41 43 42
42 35 34
43 32 42
44 27 37
45 23 34
46 25 34
47 20 34
48 28 31
49 17 26
50 19 23
51 22 26
52 25 28
53 22 25
54 19 24
55 15 23
56 12 21
57 15 23
58 20 21
59 18 19
60 13 15
61 8 16
62 8 16
63 11 17
64 13 17
65 14 15
66 12 14
67 11 14
68 12 14
69 10 14
70 10 11
71 9 10
72 5 12
73 8 11
74 10 9
75 7 6
76 7 9
77 2 9
78 4 7
79 3 5
80 4 5
81 1 3
82 3 2
83 1 1

