0 53 56
1 51 56
2 51 56
3 48 57
4 35 58
5 52 53
6 46 50
7 48 53
8 41 51
9 46 47
10 42 46
11 44 45
12 42 44
13 36 47
14 39 44
15 23 43
16 37 40
17 35 39
18 27 36
19 23 35
20 35 34
21 16 31
22 25 29
23 23 30
24 29 28
25 21 22
26 24 23
27 13 23
28 17 21
29 18 17
30 10 20
31 10 17
32 16 16
33 11 12
34 9 12
35 10 11
36 9 10
37 7 9
38 8 8
39 8 12
40 6 8
41 7 6
42 6 8
43 1 5
44 5 4
45 5 6
46 1 3
47 3 2
48 3 2
49 3 2
50 3 2
51 2 2
52 2 1
53 1 0
54 1 0
55 2 1
56 1 0
57 1 1
58 1 0
59 2 1
60 1 0
61 2 1
62 1 0
63 1 1

