0 66 86
1 82 87
2 46 88
3 73 91
4 71 91
5 54 89
6 76 87
7 64 84
8 47 79
9 60 80
10 69 75
11 60 72
12 48 70
13 32 68
14 49 66
15 62 63
16 55 63
17 45 60
18 55 58
19 57 60
20 39 58
21 55 57
22 55 56
23 41 55
24 48 54
25 38 51
26 39 49
27 41 47
28 38 48
29 40 47
30 46 46
31 39 45
32 40 43
33 40 44
34 31 43
35 40 41
36 35 36
37 20 33
38 29 33
39 31 31
40 27 32
41 26 31
42 16 30
43 16 27
44 8 26
45 28 27
46 11 13
47 3 13
48 11 16
49 9 17
50 10 15
51 9 15
52 13 14
53 5 12
54 9 10
55 9 10
56 1 9
57 6 8
58 1 4
59 1 2

