0 45 55
1 57 65
2 51 67
3 59 66
4 58 64
5 55 64
6 61 63
7 61 65
8 66 65
9 49 55
10 58 60
11 53 62
12 57 61
13 61 65
14 60 63
15 59 62
16 56 65
17 58 63
18 41 61
19 40 61
20 58 59
21 51 59
22 44 56
23 51 53
24 35 51
25 45 51
26 41 50
27 48 50
28 39 49
29 47 47
30 45 46
31 37 45
32 39 43
33 26 41
34 34 37
35 36 37
36 28 33
37 28 33
38 19 31
39 28 29
40 25 28
41 22 27
42 20 26
43 24 24
44 24 24
45 10 20
46 16 21
47 12 21
48 13 18
49 14 15
50 11 13
51 10 12
52 6 11
53 8 10
54 6 8
55 4 6
56 7 7
57 4 8
58 6 6
59 4 5
60 4 5
61 5 5
62 1 4
63 1 3
64 1 1

