0 54 61
1 54 68
2 54 69
3 46 65
4 42 64
5 57 63
6 58 63
7 61 62
8 40 65
9 35 64
10 47 61
11 59 61
12 57 59
13 49 56
14 40 57
15 57 57
16 44 55
17 45 55
18 27 58
19 53 57
20 31 52
21 46 50
22 31 48
23 33 48
24 39 43
25 32 43
26 32 40
27 26 36
28 31 33
29 19 36
30 15 33
31 21 31
32 10 27
33 25 27
34 27 28
35 25 26
36 23 24
37 8 23
38 15 21
39 14 19
40 14 17
41 14 17
42 14 16
43 9 14
44 10 15
45 15 16
46 13 15
47 10 12
48 12 13
49 4 14
50 4 13
51 10 10
52 4 6
53 6 6
54 5 5
55 3 3
56 4 4
57 2 3
58 1 1

