0 58 64
1 61 69
2 71 73
3 60 75
4 51 74
5 58 75
6 69 75
7 68 74
8 63 71
9 65 69
10 30 66
11 53 63
12 55 63
13 41 62
14 55 60
15 52 57
16 27 53
17 37 51
18 42 49
19 35 46
20 40 44
21 40 44
22 32 45
23 38 47
24 42 45
25 33 41
26 42 42
27 38 39
28 34 39
29 32 38
30 36 39
31 33 37
32 35 35
33 28 34
34 24 32
35 26 31
36 22 30
37 26 28
38 22 31
39 31 30
40 14 25
41 18 25
42 23 27
43 27 29
44 13 27
45 22 25
46 21 27
47 25 27
48 17 24
49 17 23
50 12 23
51 20 22
52 9 19
53 16 16
54 14 16
55 14 15
56 11 15
57 10 15
58 13 15
59 12 13
60 9 9
61 5 9
62 7 8
63 3 6
64 3 4
65 1 2
66 1 1

