0 92 108
1 80 122
2 119 131
3 86 135
4 134 136
5 119 136
6 112 139
7 105 142
8 131 143
9 136 143
10 144 149
11 135 149
12 116 147
13 141 144
14 109 141
15 126 144
16 127 141
17 136 137
18 132 136
19 118 137
20 127 134
21 131 134
22 129 135
23 126 138
24 124 136
25 92 135
26 116 136
27 111 135
28 123 133
29 134 133
30 118 127
31 119 128
32 96 127
33 115 129
34 117 132
35 114 131
36 130 130
37 114 127
38 94 125
39 116 127
40 86 123
41 85 118
42 104 117
43 113 112
44 96 95
45 70 96
46 101 102
47 89 101
48 77 99
49 88 96
50 64 96
51 83 95
52 93 94
53 70 95
54 79 89
55 80 87
56 72 83
57 77 84
58 42 83
59 77 82
60 80 83
61 40 81
62 64 78
63 71 76
64 51 72
65 64 74
66 62 72
67 64 71
68 59 67
69 57 65
70 55 62
71 42 61
72 56 59
73 57 57
74 48 57
75 47 58
76 49 61
77 34 57
78 55 54
79 50 50
80 25 51
81 38 53
82 47 52
83 45 52
84 23 49
85 29 48
86 25 46
87 27 47
88 25 46
89 34 43
90 24 40
91 21 38
92 36 37
93 26 35
94 28 34
95 31 34
96 33 32
97 9 27
98 27 29
99 25 30
100 24 29
101 20 29
102 20 26
103 25 24
104 16 21
105 11 20
106 7 21
107 18 18
108 12 17
109 14 15
110 12 14
111 10 12
112 8 11
113 9 11
114 10 10
115 2 9
116 8 8
117 3 8
118 5 7
119 4 4
120 1 2
121 3 3
122 2 2

