0 126 135
1 110 142
2 89 145
3 117 147
4 137 149
5 140 152
6 146 153
7 135 152
8 139 148
9 136 148
10 123 151
11 118 148
12 127 146
13 130 143
14 110 140
15 123 139
16 122 136
17 123 134
18 101 130
19 119 132
20 97 128
21 115 126
22 120 127
23 120 125
24 115 124
25 123 123
26 107 119
27 77 117
28 117 116
29 104 113
30 97 115
31 96 116
32 106 113
33 49 114
34 115 116
35 89 115
36 99 112
37 110 109
38 84 102
39 95 100
40 75 100
41 92 100
42 57 100
43 91 98
44 71 96
45 77 89
46 73 85
47 62 85
48 82 81
49 73 81
50 73 82
51 64 81
52 78 82
53 69 81
54 78 80
55 60 79
56 69 77
57 61 75
58 58 71
59 60 65
60 49 64
61 43 65
62 32 64
63 47 63
64 41 62
65 54 61
66 36 61
67 57 57
68 33 57
69 49 55
70 46 50
71 38 49
72 20 53
73 48 49
74 25 42
75 30 41
76 31 39
77 29 36
78 12 37
79 33 36
80 35 38
81 30 37
82 20 36
83 18 34
84 27 33
85 31 35
86 3 33
87 29 30
88 9 27
89 11 26
90 18 22
91 6 22
92 14 20
93 7 19
94 11 18
95 5 16
96 6 14
97 11 14
98 11 13
99 3 12
100 12 11
101 6 11
102 7 11
103 12 11
104 1 8
105 6 7
106 3 7
107 4 7
108 2 5
109 4 3
110 3 3
111 2 3
112 3 2
113 3 2
114 1 2
115 2 1
116 3 2
117 1 1
118 1 0
119 1 1

