0 120 127
1 128 133
2 121 133
3 134 134
4 122 133
5 129 133
6 130 133
7 120 136
8 133 134
9 109 136
10 133 136
11 121 134
12 119 128
13 115 131
14 121 128
15 126 126
16 109 125
17 109 124
18 104 123
19 95 119
20 118 119
21 107 118
22 97 116
23 112 114
24 93 114
25 84 113
26 99 108
27 106 107
28 85 104
29 55 102
30 93 99
31 70 95
32 81 94
33 81 96
34 92 91
35 68 86
36 81 85
37 81 88
38 78 84
39 41 80
40 52 80
41 71 77
42 66 73
43 46 71
44 59 70
45 65 68
46 55 68
47 62 67
48 52 65
49 64 63
50 39 54
51 38 55
52 56 55
53 27 50
54 40 48
55 46 47
56 33 44
57 38 43
58 25 38
59 40 42
60 38 43
61 39 40
62 41 40
63 31 35
64 18 38
65 18 39
66 35 36
67 36 35
68 17 31
69 19 31
70 19 33
71 11 32
72 28 30
73 22 27
74 9 27
75 12 25
76 20 21
77 9 19
78 5 18
79 13 14
80 12 13
81 5 11
82 3 10
83 2 9
84 2 9
85 7 8
86 2 8
87 7 8
88 4 6
89 2 4
90 3 4
91 1 4
92 2 3
93 1 2
94 2 2
95 1 1

