0 48 71
1 78 80
2 70 82
3 80 84
4 48 91
5 66 91
6 85 91
7 93 94
8 86 92
9 80 91
10 81 91
11 73 91
12 40 95
13 85 95
14 80 93
15 79 91
16 76 88
17 70 83
18 65 82
19 80 80
20 64 77
21 62 78
22 75 74
23 58 61
24 65 66
25 68 72
26 74 76
27 41 79
28 69 74
29 37 73
30 42 69
31 67 66
32 35 42
33 31 46
34 49 48
35 37 45
36 38 45
37 31 45
38 29 45
39 12 42
40 32 39
41 31 37
42 26 37
43 27 36
44 22 34
45 31 31
46 29 31
47 8 30
48 24 29
49 21 27
50 16 25
51 23 24
52 5 23
53 20 21
54 10 18
55 9 18
56 1 16
57 10 14
58 11 14
59 10 14
60 9 13
61 7 14
62 6 13
63 9 13
64 13 13
65 10 12
66 5 11
67 9 9
68 5 9
69 5 9
70 6 9
71 2 7
72 5 7
73 4 6
74 6 6
75 2 5
76 4 4
77 3 3
78 2 2
79 2 2
80 1 1

