0 101 100
1 103 105
2 106 112
3 107 114
4 105 115
5 110 121
6 95 119
7 114 121
8 111 120
9 110 117
10 111 117
11 112 116
12 70 114
13 97 115
14 97 110
15 76 111
16 104 107
17 95 103
18 76 100
19 82 104
20 57 103
21 99 99
22 82 91
23 70 89
24 77 86
25 81 85
26 67 84
27 76 84
28 74 81
29 75 80
30 73 77
31 70 75
32 70 78
33 63 75
34 67 73
35 56 71
36 63 71
37 47 69
38 56 67
39 56 65
40 47 65
41 43 62
42 40 62
43 30 58
44 45 53
45 32 51
46 40 52
47 43 49
48 26 47
49 31 43
50 30 39
51 38 38
52 25 37
53 32 36
54 33 36
55 23 33
56 20 31
57 22 28
58 20 25
59 20 24
60 24 26
61 23 26
62 19 24
63 11 28
64 20 26
65 6 22
66 8 21
67 21 20
68 9 16
69 17 16
70 11 11
71 12 14
72 14 16
73 7 14
74 9 12
75 10 14
76 14 16
77 11 13
78 10 11
79 5 8
80 5 8
81 6 7
82 5 6
83 3 4
84 1 3
85 2 1
86 2 3
87 2 3
88 2 2
89 1 1

