0 73 115
1 103 119
2 116 118
3 117 117
4 111 118
5 113 118
6 60 118
7 101 120
8 87 117
9 110 118
10 104 116
11 117 117
12 91 116
13 90 115
14 91 111
15 93 108
16 99 104
17 87 102
18 95 101
19 88 104
20 94 101
21 70 97
22 66 95
23 76 92
24 63 89
25 77 85
26 55 83
27 81 83
28 56 87
29 63 84
30 47 82
31 66 82
32 75 80
33 72 77
34 71 74
35 68 74
36 64 73
37 72 74
38 60 75
39 69 75
40 51 73
41 60 73
42 69 69
43 39 69
44 40 68
45 53 64
46 35 61
47 56 61
48 45 59
49 46 56
50 41 54
51 53 52
52 43 42
53 29 42
54 33 48
55 42 48
56 42 45
57 44 47
58 25 47
59 41 46
60 38 44
61 38 42
62 14 42
63 22 38
64 33 33
65 28 32
66 25 29
67 13 28
68 23 25
69 24 24
70 21 24
71 18 25
72 19 23
73 22 23
74 18 22
75 21 21
76 17 19
77 15 21
78 12 19
79 8 17
80 16 15
81 10 14
82 11 12
83 8 11
84 8 10
85 9 11
86 5 9
87 6 9
88 4 7
89 5 7
90 5 6
91 1 5
92 2 4
93 1 2
94 1 1

