0 90 101
1 61 103
2 96 105
3 96 107
4 91 109
5 97 105
6 104 104
7 66 104
8 72 101
9 93 101
10 94 100
11 87 100
12 88 98
13 87 96
14 89 95
15 72 95
16 89 94
17 83 91
18 75 89
19 75 85
20 59 88
21 73 83
22 81 81
23 80 82
24 67 83
25 72 80
26 63 78
27 57 74
28 51 70
29 67 70
30 43 69
31 55 65
32 62 66
33 60 64
34 37 58
35 44 56
36 37 52
37 48 52
38 50 51
39 44 50
40 35 46
41 36 45
42 32 41
43 43 43
44 21 42
45 38 38
46 31 37
47 34 38
48 31 35
49 18 32
50 25 33
51 29 32
52 26 29
53 27 27
54 26 28
55 21 28
56 27 26
57 24 23
58 25 26
59 25 25
60 16 25
61 20 25
62 20 24
63 25 24
64 13 22
65 21 22
66 16 22
67 17 21
68 19 19
69 14 22
70 16 21
71 15 19
72 18 18
73 16 17
74 13 15
75 13 14
76 6 11
77 5 10
78 8 9
79 9 9
80 4 6
81 2 5
82 1 3
83 1 2

