0 151 183
1 161 187
2 177 194
3 158 194
4 165 193
5 183 192
6 180 191
7 165 189
8 188 191
9 184 191
10 144 191
11 119 190
12 174 189
13 166 184
14 137 183
15 164 181
16 171 174
17 154 171
18 163 172
19 150 171
20 121 174
21 154 170
22 134 168
23 129 165
24 148 162
25 153 160
26 130 158
27 154 156
28 122 152
29 122 147
30 137 144
31 107 143
32 85 141
33 112 137
34 100 133
35 119 130
36 97 126
37 88 125
38 103 124
39 105 120
40 101 117
41 92 117
42 106 114
43 109 115
44 104 115
45 110 118
46 113 117
47 79 116
48 103 112
49 103 108
50 106 108
51 87 108
52 105 108
53 93 107
54 86 103
55 92 102
56 93 102
57 86 104
58 61 102
59 91 100
60 82 100
61 79 96
62 86 92
63 74 92
64 72 94
65 78 90
66 77 87
67 76 85
68 74 84
69 72 81
70 72 82
71 76 81
72 80 81
73 65 80
74 72 77
75 64 76
76 75 75
77 69 71
78 36 73
79 62 69
80 58 69
81 60 68
82 11 63
83 40 60
84 56 59
85 56 56
86 40 55
87 49 55
88 38 56
89 39 57
90 54 56
91 27 56
92 39 52
93 38 49
94 22 48
95 44 45
96 38 45
97 45 44
98 37 41
99 38 42
100 30 42
101 27 42
102 28 39
103 33 43
104 36 44
105 33 44
106 28 41
107 14 39
108 39 38
109 11 16
110 8 25
111 27 34
112 18 30
113 18 27
114 21 25
115 25 24
116 15 18
117 17 20
118 10 20
119 14 23
120 20 22
121 17 20
122 15 19
123 11 18
124 16 17
125 13 16
126 5 13
127 12 12
128 10 11
129 9 11
130 8 9
131 6 6
132 2 4
133 5 5
134 5 5
135 6 5
136 3 3
137 3 3
138 2 2
139 2 1
140 1 3
141 2 2
142 1 0
143 2 1
144 1 0
145 1 1

