0 71 95
1 92 103
2 100 106
3 105 110
4 79 108
5 96 107
6 97 106
7 82 103
8 75 104
9 89 102
10 69 100
11 84 100
12 95 96
13 87 99
14 90 98
15 96 97
16 93 98
17 79 94
18 81 96
19 97 98
20 67 94
21 92 93
22 78 90
23 71 86
24 80 84
25 74 83
26 77 85
27 84 85
28 79 85
29 66 84
30 61 82
31 73 79
32 77 80
33 76 78
34 73 78
35 65 76
36 71 77
37 67 75
38 64 77
39 68 74
40 58 70
41 57 69
42 69 68
43 29 49
44 46 51
45 48 54
46 45 56
47 44 53
48 40 55
49 28 52
50 44 49
51 40 46
52 38 43
53 40 43
54 44 50
55 50 51
56 39 46
57 29 46
58 34 45
59 25 42
60 37 38
61 29 34
62 22 32
63 20 30
64 21 27
65 18 26
66 21 26
67 22 23
68 22 22
69 13 19
70 18 20
71 7 19
72 12 18
73 4 13
74 3 12
75 11 12
76 7 10
77 9 10
78 5 8
79 8 9
80 5 8
81 6 7
82 7 8
83 5 5
84 5 4
85 3 3
86 2 3
87 2 3
88 1 2

