0 163 181
1 168 193
2 154 198
3 178 196
4 186 195
5 181 195
6 160 198
7 181 200
8 180 201
9 191 200
10 191 199
11 163 201
12 151 197
13 186 194
14 174 195
15 172 192
16 161 191
17 185 193
18 179 189
19 189 189
20 168 184
21 177 184
22 181 183
23 168 181
24 162 178
25 154 175
26 171 172
27 164 173
28 164 172
29 172 173
30 148 170
31 148 170
32 163 171
33 164 171
34 95 170
35 152 166
36 143 163
37 152 162
38 154 164
39 135 166
40 142 162
41 137 163
42 156 163
43 158 164
44 157 164
45 148 164
46 162 165
47 161 160
48 150 153
49 131 156
50 123 153
51 121 151
52 136 147
53 93 141
54 139 140
55 111 141
56 126 138
57 140 141
58 138 140
59 128 137
60 132 133
61 106 130
62 100 125
63 109 124
64 114 121
65 89 121
66 94 118
67 86 114
68 106 107
69 110 112
70 86 115
71 91 110
72 59 102
73 88 102
74 101 101
75 94 98
76 91 98
77 37 95
78 45 92
79 58 89
80 61 83
81 66 83
82 65 80
83 57 75
84 47 78
85 76 75
86 58 63
87 50 65
88 43 74
89 56 72
90 46 67
91 31 62
92 59 58
93 42 47
94 29 43
95 21 44
96 44 43
97 43 47
98 42 46
99 44 48
100 36 46
101 38 45
102 47 46
103 40 43
104 33 42
105 41 41
106 41 40
107 33 41
108 28 39
109 35 43
110 32 41
111 40 40
112 38 37
113 30 31
114 28 35
115 30 35
116 33 37
117 33 38
118 12 36
119 30 37
120 11 37
121 31 35
122 20 33
123 21 31
124 26 31
125 24 31
126 28 28
127 20 25
128 18 23
129 6 23
130 4 20
131 16 16
132 8 13
133 6 10
134 5 10
135 9 10
136 8 10
137 8 10
138 10 10
139 8 9
140 7 7
141 4 6
142 3 5
143 4 4
144 1 3
145 1 1
146 1 1

