0 137 142
1 128 148
2 132 150
3 138 151
4 142 148
5 146 155
6 106 156
7 154 154
8 137 152
9 90 151
10 128 149
11 144 146
12 118 141
13 119 140
14 145 146
15 129 146
16 139 141
17 135 138
18 106 139
19 123 137
20 91 136
21 135 138
22 138 142
23 139 143
24 117 139
25 99 136
26 124 133
27 123 131
28 124 130
29 120 130
30 127 128
31 73 125
32 97 121
33 80 121
34 106 114
35 102 112
36 87 111
37 88 108
38 88 103
39 86 101
40 81 100
41 101 101
42 93 104
43 83 102
44 89 100
45 78 97
46 81 96
47 65 95
48 68 90
49 83 87
50 70 84
51 77 84
52 80 84
53 78 84
54 63 84
55 78 82
56 74 80
57 76 81
58 78 80
59 71 77
60 70 77
61 62 76
62 69 74
63 71 75
64 70 73
65 65 71
66 40 72
67 69 69
68 60 67
69 64 64
70 63 65
71 45 63
72 46 62
73 51 62
74 57 57
75 53 58
76 46 60
77 37 56
78 48 55
79 47 52
80 46 47
81 33 47
82 44 45
83 32 46
84 40 45
85 34 43
86 34 40
87 23 39
88 39 41
89 35 40
90 23 38
91 29 37
92 34 37
93 33 37
94 33 36
95 30 35
96 28 33
97 30 30
98 25 27
99 16 26
100 12 25
101 17 22
102 16 19
103 11 19
104 12 19
105 18 18
106 12 16
107 16 15
108 10 14
109 12 15
110 10 15
111 17 17
112 11 15
113 11 17
114 10 15
115 12 12
116 6 9
117 8 9
118 4 8
119 8 7
120 4 8
121 6 8
122 6 7
123 5 8
124 4 7
125 4 4
126 1 1
127 2 2

