0 49 92
1 63 93
2 94 95
3 79 98
4 77 98
5 77 104
6 85 101
7 95 98
8 92 98
9 93 94
10 91 92
11 87 94
12 77 92
13 67 90
14 51 87
15 86 86
16 69 87
17 63 83
18 75 83
19 67 81
20 64 77
21 50 74
22 63 70
23 50 68
24 25 65
25 43 63
26 43 58
27 43 55
28 32 53
29 38 52
30 37 50
31 40 49
32 23 47
33 40 43
34 37 40
35 35 42
36 34 42
37 32 40
38 28 40
39 35 41
40 32 38
41 30 38
42 34 37
43 33 35
44 12 32
45 27 27
46 18 24
47 19 23
48 13 21
49 19 18
50 5 13
51 9 12
52 11 11
53 5 11
54 6 11
55 11 11
56 4 9
57 5 8
58 7 6
59 3 5
60 2 6
61 5 7
62 5 6
63 4 5
64 3 5
65 3 4
66 4 4
67 1 4
68 3 3
69 2 2
70 2 2
71 1 1

