0 124 127
1 127 135
2 124 138
3 102 139
4 118 138
5 109 137
6 119 135
7 122 133
8 88 132
9 120 128
10 115 124
11 118 124
12 120 122
13 119 122
14 85 119
15 92 119
16 92 120
17 103 118
18 108 115
19 89 113
20 107 109
21 111 110
22 106 105
23 99 102
24 87 102
25 86 102
26 96 103
27 93 102
28 92 99
29 67 98
30 84 98
31 67 97
32 72 92
33 81 90
34 71 87
35 69 83
36 76 81
37 69 81
38 63 79
39 77 76
40 50 69
41 55 70
42 58 69
43 42 66
44 51 66
45 41 63
46 40 63
47 47 64
48 21 60
49 41 56
50 50 54
51 46 50
52 44 46
53 33 44
54 40 44
55 25 44
56 42 41
57 25 33
58 30 34
59 32 36
60 36 36
61 18 35
62 24 36
63 19 33
64 27 30
65 21 29
66 6 25
67 22 23
68 12 23
69 14 20
70 9 19
71 4 16
72 13 16
73 16 15
74 4 9
75 9 10
76 8 9
77 9 9
78 8 8
79 6 7
80 2 7
81 3 6
82 3 4
83 2 2
84 1 0
85 2 1
86 1 0
87 1 1

