0 73 109
1 46 120
2 126 130
3 126 135
4 122 139
5 105 138
6 129 137
7 88 133
8 129 132
9 123 130
10 126 131
11 121 130
12 100 130
13 123 128
14 102 126
15 121 124
16 110 122
17 113 126
18 113 122
19 120 119
20 112 118
21 114 116
22 100 116
23 103 112
24 96 111
25 88 111
26 96 108
27 107 109
28 82 107
29 73 104
30 99 99
31 90 96
32 81 97
33 90 96
34 91 94
35 93 96
36 59 94
37 93 92
38 59 90
39 83 91
40 89 91
41 83 92
42 75 89
43 86 87
44 67 86
45 77 86
46 78 84
47 70 81
48 68 80
49 75 84
50 77 84
51 86 85
52 53 76
53 80 79
54 76 75
55 72 79
56 66 81
57 73 81
58 73 83
59 67 80
60 52 74
61 69 71
62 66 68
63 65 67
64 54 65
65 48 66
66 55 63
67 46 60
68 46 56
69 55 59
70 43 56
71 46 54
72 56 55
73 39 50
74 35 55
75 57 56
76 17 46
77 37 48
78 33 49
79 46 49
80 27 47
81 45 44
82 31 39
83 26 41
84 35 39
85 31 38
86 14 36
87 33 34
88 16 36
89 34 36
90 15 37
91 35 34
92 23 27
93 14 28
94 25 28
95 21 25
96 22 24
97 5 24
98 21 22
99 18 18
100 13 17
101 10 15
102 13 12
103 7 7
104 7 9
105 9 11
106 10 12
107 2 11
108 12 12
109 4 11
110 8 9
111 8 8
112 5 5
113 2 5
114 3 4
115 3 4
116 3 4
117 3 3
118 5 6
119 2 3
120 1 1
121 1 1
122 1 1

