0 48 76
1 70 86
2 98 100
3 51 102
4 99 102
5 86 101
6 83 105
7 68 104
8 75 102
9 88 99
10 92 101
11 95 104
12 98 103
13 95 106
14 62 104
15 79 99
16 89 97
17 81 94
18 74 92
19 89 91
20 76 91
21 88 88
22 66 86
23 84 83
24 74 79
25 77 80
26 32 83
27 59 79
28 75 76
29 66 74
30 55 69
31 62 69
32 65 68
33 46 64
34 57 63
35 64 63
36 33 59
37 55 63
38 62 62
39 40 59
40 41 58
41 46 57
42 52 57
43 51 56
44 50 53
45 36 52
46 38 49
47 12 47
48 35 45
49 17 42
50 38 42
51 25 39
52 40 39
53 27 29
54 17 34
55 21 34
56 13 35
57 34 35
58 26 34
59 25 30
60 24 27
61 20 26
62 16 26
63 23 26
64 16 25
65 22 23
66 23 22
67 16 15
68 2 14
69 15 16
70 13 17
71 14 16
72 14 15
73 10 17
74 11 16
75 13 16
76 4 15
77 8 15
78 13 14
79 11 11
80 8 9
81 5 9
82 5 7
83 2 5
84 2 7
85 4 7
86 4 5
87 2 3
88 1 2
89 2 2
90 1 1
91 1 1

