0 68 80
1 71 88
2 96 95
3 94 93
4 84 95
5 85 100
6 100 101
7 80 102
8 99 100
9 73 102
10 97 102
11 68 99
12 91 100
13 72 98
14 89 95
15 88 96
16 85 92
17 84 91
18 62 90
19 87 89
20 71 86
21 74 82
22 78 79
23 72 80
24 65 81
25 75 82
26 70 83
27 40 83
28 41 77
29 63 71
30 71 72
31 58 69
32 63 72
33 63 71
34 61 71
35 64 66
36 48 62
37 49 61
38 58 59
39 59 59
40 57 57
41 49 55
42 44 53
43 38 53
44 42 50
45 40 49
46 23 47
47 37 44
48 37 42
49 32 37
50 29 36
51 31 36
52 31 33
53 27 33
54 28 35
55 33 32
56 19 27
57 19 26
58 15 28
59 29 33
60 29 33
61 25 32
62 19 30
63 19 29
64 23 26
65 15 23
66 17 19
67 18 19
68 18 17
69 6 16
70 14 16
71 12 15
72 13 14
73 13 13
74 8 11
75 8 9
76 8 8
77 8 9
78 5 10
79 9 9
80 8 8
81 8 8
82 7 7
83 8 10
84 7 8
85 6 6
86 5 5
87 2 4
88 3 3
89 3 2
90 3 2
91 2 2
92 1 2
93 1 2

