0 90 104
1 114 115
2 96 115
3 81 118
4 117 122
5 118 125
6 105 123
7 91 119
8 87 118
9 113 116
10 93 115
11 105 110
12 105 110
13 106 110
14 98 105
15 98 102
16 83 103
17 99 101
18 91 101
19 76 100
20 89 100
21 91 98
22 91 96
23 96 98
24 86 96
25 78 96
26 63 97
27 83 95
28 87 95
29 88 92
30 84 89
31 72 86
32 68 84
33 74 82
34 66 81
35 77 81
36 77 78
37 78 77
38 68 72
39 72 71
40 52 56
41 65 64
42 67 68
43 56 71
44 61 69
45 59 67
46 37 65
47 41 63
48 44 63
49 59 61
50 53 58
51 56 60
52 53 59
53 54 59
54 18 60
55 58 57
56 43 47
57 49 50
58 42 55
59 52 52
60 37 49
61 42 50
62 34 45
63 17 46
64 30 44
65 43 45
66 36 42
67 39 43
68 35 40
69 36 40
70 31 39
71 31 39
72 26 37
73 26 35
74 14 33
75 10 30
76 18 25
77 5 23
78 20 22
79 18 20
80 19 19
81 18 18
82 18 17
83 18 18
84 20 19
85 16 18
86 13 18
87 15 17
88 15 17
89 13 15
90 16 15
91 13 14
92 9 15
93 13 13
94 9 12
95 8 9
96 8 10
97 7 9
98 6 7
99 6 6
100 3 6
101 5 5
102 5 5
103 2 4
104 1 2

