0 110 149
1 117 157
2 152 162
3 157 164
4 144 165
5 154 168
6 144 169
7 169 176
8 152 174
9 151 172
10 129 170
11 165 170
12 136 168
13 146 166
14 135 162
15 161 160
16 101 155
17 120 151
18 135 148
19 139 149
20 150 149
21 128 135
22 110 138
23 105 143
24 120 141
25 113 137
26 125 136
27 118 133
28 113 133
29 127 133
30 129 134
31 133 134
32 104 130
33 101 130
34 122 130
35 71 126
36 109 123
37 120 124
38 119 122
39 84 126
40 96 120
41 87 116
42 95 115
43 107 114
44 89 110
45 88 108
46 102 110
47 65 108
48 93 104
49 78 100
50 88 96
51 89 94
52 76 91
53 72 92
54 52 96
55 82 92
56 89 88
57 72 79
58 79 78
59 45 64
60 57 67
61 65 69
62 68 73
63 38 73
64 62 70
65 47 70
66 65 71
67 64 73
68 65 74
69 65 72
70 69 68
71 56 64
72 56 60
73 51 61
74 52 59
75 49 58
76 46 59
77 60 61
78 37 62
79 43 59
80 56 57
81 23 56
82 17 54
83 43 52
84 41 49
85 43 47
86 47 46
87 22 29
88 32 34
89 21 36
90 24 36
91 24 34
92 30 33
93 33 35
94 26 34
95 23 31
96 8 29
97 20 28
98 22 26
99 23 27
100 18 26
101 25 26
102 19 22
103 19 22
104 20 21
105 19 20
106 21 20
107 22 21
108 16 20
109 7 20
110 4 19
111 18 17
112 10 19
113 16 17
114 13 16
115 6 13
116 8 10
117 11 10
118 3 6
119 2 6
120 5 7
121 9 9
122 5 8
123 5 7
124 5 6
125 4 3
126 3 2
127 4 3
128 3 2
129 4 3
130 3 2
131 4 3
132 1 2
133 2 1
134 2 3
135 1 1

