0 110 116
1 78 120
2 117 124
3 100 124
4 108 126
5 109 124
6 98 126
7 124 125
8 92 124
9 118 124
10 112 123
11 115 121
12 110 119
13 64 115
14 111 114
15 84 111
16 99 110
17 95 107
18 94 108
19 82 102
20 95 99
21 82 94
22 90 93
23 88 91
24 78 91
25 78 91
26 89 92
27 86 90
28 85 90
29 52 87
30 82 87
31 65 84
32 71 82
33 57 80
34 60 79
35 58 75
36 56 74
37 62 68
38 62 66
39 41 63
40 50 57
41 55 54
42 45 53
43 43 55
44 50 53
45 47 51
46 48 51
47 45 52
48 40 53
49 37 51
50 41 47
51 46 47
52 43 45
53 37 44
54 39 41
55 28 39
56 22 38
57 19 36
58 28 32
59 19 32
60 27 34
61 31 32
62 31 31
63 29 28
64 20 23
65 10 32
66 24 30
67 21 26
68 14 23
69 20 19
70 14 15
71 10 16
72 10 16
73 12 16
74 13 15
75 12 13
76 10 12
77 10 13
78 10 12
79 9 11
80 12 11
81 9 8
82 3 7
83 2 7
84 7 6
85 1 4
86 2 4
87 3 3
88 2 2
89 1 1

