0 65 75
1 43 79
2 72 81
3 61 78
4 49 76
5 62 74
6 68 73
7 70 73
8 68 72
9 35 73
10 62 70
11 62 68
12 63 67
13 38 65
14 49 60
15 58 61
16 55 60
17 45 56
18 49 59
19 51 57
20 47 54
21 42 54
22 51 56
23 43 54
24 36 56
25 34 52
26 48 49
27 43 45
28 44 45
29 35 41
30 38 41
31 39 41
32 28 40
33 34 37
34 20 35
35 26 34
36 29 33
37 30 33
38 20 31
39 31 30
40 14 25
41 23 24
42 23 26
43 23 23
44 25 24
45 21 20
46 10 24
47 19 22
48 14 21
49 20 22
50 15 24
51 22 21
52 16 17
53 12 18
54 13 19
55 15 18
56 4 16
57 9 15
58 9 16
59 14 13
60 8 9
61 7 8
62 4 9
63 10 10
64 6 9
65 7 10
66 5 9
67 4 6
68 3 5
69 5 6
70 3 5
71 1 4
72 2 3
73 2 2
74 1 1

