0 59 60
1 61 67
2 76 75
3 48 69
4 51 76
5 78 79
6 70 79
7 73 83
8 74 82
9 53 80
10 62 79
11 71 76
12 67 73
13 68 75
14 65 72
15 41 72
16 59 70
17 35 66
18 48 62
19 61 60
20 31 47
21 47 53
22 51 52
23 49 53
24 52 55
25 41 53
26 48 51
27 39 50
28 38 49
29 44 49
30 42 50
31 42 48
32 42 44
33 43 48
34 43 47
35 43 44
36 42 42
37 29 39
38 35 35
39 23 36
40 26 38
41 33 33
42 28 29
43 18 31
44 28 31
45 25 27
46 19 22
47 19 21
48 20 22
49 19 20
50 15 19
51 17 20
52 16 20
53 13 17
54 3 17
55 12 14
56 7 13
57 4 10
58 8 7
59 3 7
60 3 5
61 2 4
62 3 4
63 2 2
64 1 1

