0 122 126
1 126 135
2 132 138
3 133 142
4 142 151
5 107 156
6 140 160
7 155 161
8 126 160
9 160 159
10 123 147
11 111 152
12 154 153
13 142 144
14 141 146
15 145 148
16 125 148
17 135 147
18 108 146
19 141 144
20 136 143
21 131 142
22 117 141
23 108 141
24 139 140
25 129 138
26 127 135
27 119 134
28 113 134
29 119 132
30 131 132
31 116 128
32 124 130
33 114 130
34 124 129
35 110 129
36 118 127
37 100 125
38 105 124
39 113 121
40 104 123
41 85 120
42 114 117
43 108 116
44 109 112
45 91 114
46 110 111
47 107 108
48 111 110
49 88 101
50 85 101
51 90 99
52 69 96
53 87 94
54 89 93
55 77 94
56 85 95
57 94 95
58 86 93
59 84 91
60 89 89
61 74 85
62 36 84
63 57 83
64 79 81
65 79 79
66 64 79
67 66 82
68 42 78
69 74 77
70 69 74
71 55 72
72 26 70
73 60 67
74 67 70
75 53 70
76 60 68
77 61 65
78 62 63
79 57 57
80 54 55
81 45 54
82 51 57
83 34 55
84 44 54
85 28 50
86 28 50
87 32 47
88 23 46
89 44 46
90 41 43
91 33 40
92 28 38
93 30 36
94 27 36
95 25 37
96 30 41
97 32 41
98 27 40
99 10 37
100 25 34
101 18 31
102 22 30
103 18 28
104 23 27
105 23 27
106 20 27
107 16 25
108 4 25
109 22 22
110 15 21
111 12 15
112 8 13
113 9 12
114 8 11
115 10 9
116 1 9
117 3 6
118 5 5
119 6 5
120 3 4
121 1 3
122 3 6
123 5 5
124 2 3
125 1 0
126 1 1

