0 42 54
1 47 57
2 43 59
3 52 61
4 59 62
5 62 64
6 45 63
7 53 64
8 58 63
9 57 63
10 51 62
11 49 61
12 55 62
13 42 65
14 56 65
15 58 63
16 14 63
17 48 60
18 57 59
19 45 57
20 34 54
21 47 53
22 42 53
23 18 49
24 46 46
25 32 41
26 40 40
27 41 40
28 35 38
29 36 42
30 43 42
31 28 37
32 29 36
33 22 33
34 18 33
35 21 34
36 30 34
37 25 33
38 24 31
39 12 29
40 30 29
41 25 24
42 16 29
43 27 30
44 22 30
45 23 29
46 19 26
47 7 25
48 18 24
49 19 23
50 19 20
51 22 22
52 18 22
53 17 23
54 20 22
55 13 21
56 12 19
57 13 18
58 10 15
59 8 16
60 6 14
61 13 13
62 7 11
63 4 11
64 8 10
65 7 9
66 4 8
67 2 6
68 1 3
69 2 3
70 2 3
71 2 2
72 2 1
73 1 1

