0 139 138
1 106 135
2 139 146
3 125 153
4 151 160
5 133 160
6 161 169
7 159 172
8 140 173
9 148 171
10 150 169
11 155 171
12 138 171
13 166 168
14 163 169
15 170 172
16 165 175
17 156 175
18 169 170
19 160 167
20 146 167
21 118 164
22 128 160
23 134 156
24 136 153
25 151 153
26 144 151
27 121 151
28 130 146
29 138 147
30 100 145
31 77 140
32 138 137
33 85 100
34 121 126
35 121 125
36 111 129
37 102 132
38 113 128
39 118 127
40 121 129
41 125 133
42 121 127
43 105 124
44 101 122
45 117 122
46 103 125
47 83 124
48 115 122
49 120 119
50 74 111
51 113 113
52 70 111
53 76 110
54 98 106
55 103 104
56 58 100
57 76 97
58 68 91
59 81 87
60 76 83
61 74 82
62 68 79
63 63 76
64 35 74
65 68 70
66 66 66
67 60 65
68 60 61
69 25 59
70 49 59
71 37 56
72 49 53
73 40 48
74 42 46
75 37 46
76 34 47
77 34 48
78 20 51
79 25 50
80 39 47
81 43 47
82 38 45
83 12 43
84 31 42
85 38 41
86 40 43
87 38 44
88 11 42
89 35 41
90 35 40
91 38 39
92 33 39
93 35 37
94 27 37
95 35 36
96 26 34
97 18 32
98 13 29
99 22 26
100 10 26
101 14 25
102 20 25
103 22 23
104 20 22
105 17 22
106 7 23
107 17 22
108 4 20
109 16 17
110 11 14
111 11 10
112 2 5
113 3 5
114 6 5
115 1 5
116 2 6
117 5 6
118 1 5
119 4 4
120 2 3
121 1 2
122 2 1
123 1 0
124 2 1
125 1 0
126 2 1
127 1 0
128 2 1
129 1 0
130 1 1

