0 188 200
1 180 210
2 208 218
3 129 228
4 209 238
5 210 239
6 228 238
7 236 239
8 189 241
9 211 242
10 208 242
11 194 240
12 177 238
13 222 234
14 230 234
15 194 230
16 204 226
17 217 227
18 220 228
19 222 224
20 221 226
21 211 226
22 192 225
23 189 229
24 207 225
25 229 230
26 176 230
27 226 225
28 187 214
29 215 216
30 194 217
31 191 218
32 212 219
33 205 219
34 202 214
35 204 214
36 199 214
37 212 213
38 187 209
39 199 208
40 175 204
41 195 204
42 182 205
43 182 201
44 177 198
45 188 200
46 194 198
47 163 195
48 181 193
49 171 190
50 186 187
51 179 187
52 146 184
53 164 183
54 169 180
55 146 178
56 176 177
57 148 175
58 132 176
59 155 175
60 160 174
61 138 169
62 170 169
63 114 158
64 135 160
65 161 160
66 153 154
67 122 155
68 152 162
69 126 162
70 128 159
71 143 156
72 75 156
73 144 156
74 113 153
75 113 151
76 100 150
77 118 149
78 132 145
79 129 147
80 129 143
81 83 140
82 115 141
83 124 136
84 75 131
85 105 128
86 109 125
87 116 123
88 95 120
89 97 115
90 109 113
91 113 112
92 83 106
93 106 112
94 106 117
95 109 116
96 90 116
97 96 112
98 107 109
99 76 107
100 85 102
101 77 100
102 74 101
103 49 100
104 89 96
105 86 93
106 77 90
107 62 87
108 38 83
109 78 80
110 73 73
111 44 69
112 60 66
113 55 65
114 43 62
115 59 62
116 56 63
117 48 63
118 49 63
119 49 60
120 48 60
121 44 60
122 29 57
123 57 59
124 35 59
125 53 58
126 57 58
127 55 56
128 53 55
129 53 55
130 42 55
131 40 54
132 20 50
133 18 46
134 23 45
135 36 40
136 33 38
137 20 38
138 12 36
139 13 36
140 18 37
141 27 33
142 31 33
143 22 31
144 25 28
145 19 30
146 5 27
147 15 25
148 16 22
149 20 20
150 10 18
151 19 19
152 11 18
153 11 16
154 8 14
155 12 12
156 12 12
157 10 11
158 7 10
159 2 10
160 10 10
161 6 8
162 6 9
163 4 9
164 3 7
165 6 7
166 7 7
167 4 5
168 2 5
169 4 4
170 1 2
171 1 1

