0 198 249
1 239 261
2 210 266
3 235 269
4 259 269
5 229 272
6 261 280
7 232 280
8 257 279
9 276 279
10 237 277
11 267 274
12 236 271
13 236 269
14 258 267
15 265 267
16 181 265
17 173 261
18 242 258
19 225 258
20 252 262
21 241 261
22 214 258
23 233 253
24 237 252
25 237 250
26 234 248
27 236 248
28 241 246
29 237 248
30 247 251
31 222 248
32 187 252
33 177 250
34 248 247
35 228 241
36 221 243
37 228 246
38 229 247
39 180 243
40 194 239
41 216 233
42 214 229
43 173 229
44 205 225
45 204 220
46 215 216
47 204 217
48 199 214
49 179 212
50 198 210
51 207 209
52 174 207
53 199 207
54 195 204
55 210 209
56 177 208
57 182 209
58 164 214
59 176 212
60 202 210
61 158 206
62 149 206
63 172 206
64 199 202
65 178 199
66 194 200
67 180 200
68 168 198
69 122 194
70 163 189
71 172 186
72 159 182
73 129 189
74 175 189
75 146 184
76 173 181
77 117 184
78 162 181
79 178 177
80 134 158
81 148 162
82 158 163
83 158 169
84 139 170
85 136 170
86 152 166
87 153 165
88 128 162
89 145 161
90 156 159
91 148 158
92 129 155
93 144 157
94 135 155
95 96 150
96 118 147
97 116 140
98 92 137
99 90 138
100 89 129
101 57 128
102 115 122
103 104 117
104 86 115
105 94 113
106 89 107
107 68 102
108 72 100
109 91 98
110 93 94
111 74 93
112 90 91
113 73 96
114 97 96
115 81 86
116 81 87
117 83 87
118 84 89
119 84 88
120 83 87
121 88 88
122 86 90
123 80 92
124 86 90
125 68 88
126 70 87
127 86 85
128 82 83
129 77 80
130 75 80
131 64 78
132 76 75
133 52 63
134 34 66
135 65 72
136 62 74
137 64 73
138 56 73
139 71 72
140 72 72
141 70 69
142 57 64
143 36 63
144 58 63
145 48 61
146 50 64
147 47 59
148 56 55
149 46 57
150 28 55
151 45 56
152 54 53
153 40 50
154 20 55
155 33 57
156 46 53
157 45 52
158 36 51
159 49 49
160 42 51
161 43 50
162 50 49
163 20 45
164 33 45
165 43 44
166 36 43
167 38 42
168 35 41
169 38 39
170 34 35
171 37 37
172 30 34
173 29 31
174 25 30
175 25 29
176 27 28
177 22 28
178 27 28
179 24 25
180 22 26
181 21 26
182 23 27
183 16 29
184 23 27
185 19 23
186 21 22
187 24 23
188 23 22
189 12 23
190 15 23
191 9 21
192 12 19
193 19 20
194 10 20
195 9 18
196 12 14
197 6 12
198 5 9
199 5 7
200 1 5
201 4 4
202 2 3
203 4 3
204 3 2
205 2 3
206 2 2
207 1 1

