0 168 177
1 173 192
2 181 210
3 153 218
4 214 223
5 213 223
6 191 221
7 214 222
8 209 222
9 217 223
10 171 220
11 210 218
12 216 223
13 217 220
14 196 215
15 213 215
16 208 211
17 196 210
18 190 210
19 196 206
20 185 206
21 183 207
22 207 208
23 205 211
24 202 211
25 200 213
26 198 212
27 158 215
28 194 211
29 128 207
30 196 207
31 191 202
32 144 198
33 161 195
34 164 191
35 171 186
36 118 183
37 177 181
38 136 177
39 140 177
40 118 173
41 137 168
42 91 163
43 99 158
44 115 154
45 115 148
46 122 146
47 143 145
48 131 144
49 121 143
50 104 144
51 117 140
52 130 139
53 110 136
54 114 132
55 131 131
56 81 127
57 115 126
58 114 132
59 86 128
60 90 125
61 101 122
62 112 124
63 114 124
64 104 124
65 82 123
66 83 119
67 96 117
68 105 115
69 91 116
70 104 110
71 96 105
72 66 101
73 94 101
74 53 95
75 58 92
76 65 87
77 74 88
78 71 85
79 71 84
80 78 82
81 71 83
82 77 81
83 68 81
84 58 81
85 77 82
86 68 80
87 71 76
88 62 75
89 75 76
90 72 74
91 69 72
92 66 72
93 67 74
94 62 72
95 59 68
96 59 69
97 51 66
98 33 66
99 51 62
100 50 60
101 19 56
102 35 54
103 41 54
104 34 53
105 47 52
106 44 48
107 27 48
108 41 46
109 41 44
110 31 40
111 39 38
112 23 22
113 13 21
114 27 28
115 31 30
116 32 31
117 31 30
118 7 20
119 16 25
120 2 26
121 11 26
122 25 25
123 2 23
124 22 24
125 13 26
126 9 24
127 19 22
128 15 19
129 11 16
130 11 14
131 9 13
132 8 13
133 14 14
134 6 12
135 10 11
136 3 11
137 5 11
138 4 9
139 4 9
140 7 7
141 4 5
142 2 3
143 4 4
144 2 3
145 1 1
146 2 1
147 1 0
148 1 1

