0 242 248
1 259 265
2 253 269
3 222 272
4 262 270
5 179 270
6 263 267
7 230 266
8 238 262
9 178 260
10 241 258
11 223 260
12 235 255
13 234 253
14 222 255
15 232 258
16 234 256
17 174 263
18 255 259
19 241 255
20 246 254
21 237 250
22 216 248
23 218 246
24 246 245
25 181 224
26 236 238
27 165 240
28 173 237
29 221 231
30 195 230
31 232 235
32 193 232
33 221 232
34 220 231
35 216 231
36 214 228
37 180 224
38 195 223
39 193 220
40 181 220
41 178 214
42 216 218
43 204 218
44 114 216
45 183 210
46 140 204
47 176 199
48 183 195
49 161 194
50 183 192
51 163 189
52 185 184
53 136 171
54 172 177
55 169 179
56 164 180
57 166 180
58 161 181
59 168 181
60 161 183
61 173 181
62 160 177
63 145 177
64 167 172
65 144 172
66 160 173
67 138 171
68 156 169
69 147 164
70 149 168
71 141 173
72 173 172
73 151 160
74 156 159
75 157 159
76 151 156
77 151 159
78 98 159
79 141 159
80 156 158
81 150 154
82 125 153
83 144 149
84 117 152
85 145 152
86 149 148
87 123 147
88 133 147
89 129 147
90 134 145
91 129 143
92 128 142
93 123 141
94 113 139
95 125 136
96 100 137
97 123 133
98 121 129
99 125 131
100 96 132
101 127 127
102 112 126
103 101 122
104 84 122
105 110 121
106 117 121
107 116 121
108 116 124
109 96 120
110 117 118
111 77 117
112 100 118
113 97 115
114 88 113
115 83 116
116 93 115
117 55 112
118 70 108
119 93 104
120 97 102
121 91 105
122 83 99
123 71 96
124 63 95
125 86 93
126 66 89
127 79 89
128 85 85
129 54 83
130 71 78
131 61 74
132 60 70
133 67 69
134 54 67
135 62 67
136 54 62
137 53 60
138 42 58
139 43 54
140 48 57
141 51 56
142 47 57
143 45 57
144 55 59
145 58 60
146 33 61
147 57 59
148 17 55
149 39 53
150 16 49
151 42 46
152 15 44
153 38 41
154 27 36
155 34 34
156 17 32
157 11 33
158 26 30
159 14 27
160 11 29
161 26 25
162 18 23
163 6 20
164 11 17
165 2 18
166 13 17
167 10 16
168 11 15
169 4 14
170 10 12
171 5 11
172 10 10
173 9 9
174 5 9
175 5 8
176 2 5
177 3 5
178 1 2
179 2 1
180 1 0
181 1 1

