0 167 209
1 127 215
2 184 217
3 208 229
4 203 230
5 157 231
6 203 235
7 212 235
8 231 233
9 204 231
10 205 234
11 215 230
12 201 238
13 214 236
14 185 235
15 219 232
16 143 230
17 224 227
18 198 225
19 221 221
20 163 223
21 219 222
22 167 223
23 209 220
24 198 214
25 176 213
26 181 215
27 181 209
28 195 211
29 196 211
30 175 207
31 185 201
32 101 201
33 198 199
34 192 202
35 176 201
36 160 197
37 100 194
38 185 188
39 158 187
40 170 183
41 166 183
42 95 186
43 173 181
44 168 175
45 163 171
46 141 169
47 163 169
48 155 167
49 166 167
50 157 166
51 161 163
52 148 162
53 156 164
54 152 160
55 106 158
56 148 154
57 125 153
58 120 151
59 121 147
60 116 143
61 137 141
62 125 140
63 116 141
64 93 138
65 114 141
66 116 141
67 69 136
68 118 133
69 97 130
70 122 130
71 92 126
72 97 119
73 94 116
74 68 117
75 107 115
76 97 116
77 98 115
78 96 114
79 76 110
80 91 106
81 84 103
82 93 101
83 99 98
84 88 94
85 91 93
86 83 96
87 85 95
88 91 95
89 93 92
90 76 88
91 68 87
92 81 87
93 42 86
94 78 84
95 68 84
96 68 82
97 66 79
98 71 79
99 59 77
100 60 76
101 52 74
102 59 73
103 40 74
104 65 70
105 61 67
106 36 63
107 60 63
108 50 66
109 65 67
110 66 67
111 53 67
112 56 69
113 35 68
114 50 63
115 58 60
116 55 61
117 59 64
118 30 65
119 60 64
120 34 62
121 45 60
122 44 59
123 34 60
124 55 58
125 59 58
126 38 55
127 51 58
128 42 57
129 16 56
130 32 53
131 42 50
132 31 47
133 26 43
134 33 43
135 9 42
136 37 41
137 26 39
138 37 38
139 20 35
140 17 33
141 18 34
142 25 29
143 22 27
144 19 26
145 11 25
146 14 23
147 24 23
148 18 19
149 4 21
150 14 20
151 12 16
152 9 14
153 16 15
154 5 13
155 9 12
156 9 11
157 6 8
158 2 7
159 7 6
160 4 3
161 3 6
162 3 5
163 3 4
164 2 3
165 2 3
166 1 2
167 1 1

