0 82 82
1 87 87
2 87 88
3 89 92
4 72 91
5 78 89
6 63 87
7 39 85
8 80 82
9 74 77
10 75 75
11 76 76
12 65 76
13 63 79
14 60 76
15 68 74
16 66 68
17 64 68
18 65 67
19 68 68
20 52 63
21 58 64
22 56 63
23 57 59
24 55 59
25 47 57
26 52 54
27 54 54
28 50 54
29 50 58
30 44 58
31 38 54
32 25 53
33 39 48
34 30 46
35 39 42
36 33 39
37 39 39
38 34 39
39 36 40
40 27 38
41 28 35
42 22 37
43 16 34
44 21 32
45 27 31
46 14 26
47 22 23
48 23 24
49 12 23
50 19 21
51 16 18
52 4 16
53 4 13
54 10 12
55 6 8
56 9 9
57 6 11
58 6 9
59 3 7
60 5 5
61 4 8
62 4 6
63 4 4
64 1 3
65 3 3
66 1 3
67 1 2

