0 79 79
1 77 80
2 69 81
3 78 79
4 66 75
5 59 75
6 68 74
7 73 73
8 70 70
9 54 70
10 66 69
11 66 70
12 65 69
13 62 67
14 62 68
15 64 66
16 54 62
17 58 64
18 39 61
19 50 63
20 43 58
21 47 55
22 47 53
23 46 51
24 44 52
25 50 50
26 41 50
27 45 49
28 41 45
29 29 45
30 35 42
31 41 42
32 40 44
33 41 41
34 43 43
35 41 42
36 40 41
37 27 41
38 38 40
39 30 36
40 32 37
41 29 37
42 33 36
43 33 33
44 20 30
45 29 31
46 23 30
47 18 27
48 22 26
49 21 25
50 13 23
51 21 21
52 13 20
53 19 19
54 15 15
55 13 13
56 13 15
57 14 15
58 12 16
59 12 14
60 8 12
61 5 12
62 6 9
63 6 7
64 9 12
65 11 11
66 10 11
67 10 12
68 12 12
69 10 10
70 3 7
71 5 5
72 4 5
73 4 4
74 2 3
75 2 2
76 2 2
77 2 2
78 1 1
79 1 2
80 1 1
81 2 2
82 1 2
83 1 1

