0 93 93
1 93 96
2 92 101
3 60 101
4 90 101
5 98 102
6 92 102
7 93 106
8 73 103
9 68 98
10 88 94
11 84 91
12 75 88
13 84 88
14 93 93
15 85 88
16 82 85
17 83 85
18 52 82
19 77 82
20 68 77
21 70 77
22 73 77
23 77 78
24 78 79
25 66 79
26 60 79
27 62 76
28 70 72
29 66 69
30 45 72
31 26 71
32 61 67
33 57 63
34 54 56
35 57 62
36 61 63
37 60 63
38 60 62
39 53 60
40 35 58
41 53 55
42 43 55
43 41 55
44 41 52
45 49 52
46 41 47
47 28 46
48 46 48
49 48 48
50 36 46
51 34 45
52 35 42
53 27 37
54 36 37
55 34 35
56 24 30
57 29 31
58 24 29
59 21 27
60 25 26
61 15 26
62 17 24
63 18 21
64 14 23
65 15 20
66 13 19
67 11 19
68 12 17
69 5 16
70 16 17
71 12 16
72 10 14
73 13 13
74 12 12
75 5 10
76 9 10
77 5 8
78 2 7
79 5 7
80 5 6
81 2 4
82 1 3
83 3 3
84 1 1

