0 87 89
1 92 92
2 92 95
3 62 97
4 97 99
5 72 95
6 64 93
7 92 93
8 85 90
9 80 89
10 72 88
11 75 86
12 76 84
13 80 82
14 73 82
15 49 82
16 81 82
17 62 77
18 80 82
19 78 80
20 79 80
21 71 77
22 74 81
23 76 77
24 73 74
25 71 77
26 45 79
27 75 75
28 53 74
29 59 68
30 68 70
31 64 68
32 61 68
33 49 65
34 60 62
35 56 65
36 57 62
37 58 62
38 52 59
39 51 60
40 50 59
41 44 54
42 33 54
43 51 55
44 51 53
45 51 54
46 49 52
47 44 48
48 25 51
49 49 49
50 38 44
51 43 43
52 41 43
53 37 40
54 36 40
55 41 43
56 40 41
57 40 40
58 15 42
59 26 40
60 34 39
61 31 35
62 31 32
63 23 30
64 28 31
65 28 28
66 27 27
67 25 32
68 27 30
69 17 33
70 30 31
71 15 27
72 20 22
73 21 22
74 7 18
75 15 17
76 3 14
77 11 12
78 6 11
79 3 7
80 2 5
81 4 5
82 5 5
83 4 4
84 4 4
85 5 5
86 2 4
87 3 3
88 1 1
89 2 2

