0 87 88
1 88 90
2 92 93
3 97 97
4 92 99
5 81 98
6 73 95
7 93 93
8 89 89
9 56 85
10 81 85
11 79 83
12 82 83
13 78 82
14 72 84
15 82 82
16 59 80
17 74 77
18 61 75
19 71 73
20 66 73
21 72 77
22 71 78
23 78 78
24 77 78
25 70 73
26 68 76
27 57 72
28 58 71
29 64 69
30 70 72
31 64 72
32 54 69
33 68 69
34 62 66
35 61 65
36 60 67
37 56 63
38 61 61
39 54 64
40 60 62
41 46 60
42 56 57
43 49 55
44 50 56
45 53 56
46 43 55
47 43 52
48 33 53
49 27 51
50 46 47
51 44 45
52 43 45
53 44 44
54 32 45
55 40 41
56 39 43
57 41 42
58 35 42
59 39 39
60 22 38
61 23 35
62 29 34
63 25 30
64 31 31
65 29 33
66 25 32
67 22 26
68 27 27
69 19 27
70 22 25
71 15 23
72 21 22
73 19 21
74 10 19
75 14 18
76 8 18
77 15 15
78 16 17
79 14 14
80 11 12
81 12 13
82 6 10
83 7 9
84 8 8
85 6 10
86 8 10
87 3 8
88 5 7
89 8 8
90 4 6
91 4 4
92 3 5
93 4 5
94 2 2
95 1 3
96 2 3
97 1 2
98 1 2
99 1 1

