0 112 124
1 117 129
2 120 129
3 118 130
4 127 129
5 123 131
6 106 135
7 131 133
8 103 131
9 107 128
10 126 126
11 101 123
12 115 123
13 115 121
14 110 121
15 114 118
16 108 119
17 97 123
18 122 122
19 117 120
20 110 117
21 91 116
22 113 117
23 102 113
24 103 112
25 73 109
26 89 107
27 95 106
28 102 102
29 84 101
30 91 95
31 86 92
32 82 91
33 81 89
34 80 86
35 59 85
36 82 84
37 83 87
38 61 81
39 79 83
40 81 83
41 68 82
42 78 84
43 67 77
44 65 75
45 67 74
46 56 71
47 69 71
48 57 71
49 58 67
50 68 68
51 57 67
52 65 66
53 63 69
54 43 63
55 61 61
56 61 62
57 40 61
58 58 58
59 56 56
60 54 61
61 39 58
62 52 54
63 43 53
64 41 53
65 45 53
66 26 52
67 46 48
68 44 44
69 34 44
70 42 46
71 35 43
72 44 45
73 40 40
74 37 40
75 33 39
76 37 38
77 16 38
78 24 35
79 26 33
80 17 27
81 27 31
82 16 28
83 16 26
84 13 24
85 21 22
86 13 19
87 23 23
88 12 20
89 10 19
90 16 16
91 8 13
92 6 13
93 13 13
94 11 12
95 9 12
96 6 10
97 5 8
98 5 6
99 7 7
100 7 7
101 5 5
102 6 6
103 1 6
104 1 6
105 3 4
106 2 2
107 1 1
108 1 2
109 1 1

