0 128 130
1 131 134
2 129 140
3 132 141
4 134 138
5 134 135
6 135 135
7 132 133
8 135 139
9 133 133
10 111 134
11 130 132
12 97 134
13 128 135
14 125 130
15 126 129
16 116 128
17 120 128
18 121 126
19 117 126
20 111 121
21 112 124
22 109 121
23 113 123
24 106 119
25 117 117
26 117 117
27 115 116
28 115 116
29 109 110
30 107 112
31 100 111
32 85 105
33 99 107
34 94 106
35 101 102
36 103 107
37 100 102
38 97 99
39 101 101
40 99 99
41 67 106
42 88 106
43 96 103
44 97 100
45 78 97
46 92 96
47 79 94
48 76 95
49 86 93
50 70 91
51 79 91
52 79 88
53 69 87
54 67 82
55 70 80
56 55 79
57 72 77
58 64 72
59 67 73
60 62 72
61 72 72
62 60 69
63 65 68
64 64 67
65 62 70
66 61 66
67 36 63
68 59 61
69 45 60
70 56 59
71 58 58
72 51 58
73 57 57
74 24 55
75 43 54
76 52 53
77 33 51
78 39 49
79 50 50
80 42 47
81 39 44
82 42 42
83 37 40
84 33 41
85 16 37
86 25 37
87 21 35
88 27 34
89 22 32
90 31 33
91 27 32
92 18 29
93 26 29
94 20 28
95 23 25
96 25 26
97 25 26
98 21 25
99 26 29
100 18 25
101 12 22
102 15 20
103 17 19
104 18 18
105 13 17
106 12 17
107 13 16
108 11 14
109 15 15
110 6 14
111 11 13
112 11 12
113 1 9
114 7 7
115 5 6
116 3 4
117 2 3
118 2 4
119 4 4
120 1 1
121 2 3
122 2 2

