0 110 115
1 91 118
2 108 118
3 113 115
4 106 117
5 113 117
6 117 117
7 111 115
8 106 117
9 111 116
10 114 114
11 114 114
12 98 111
13 68 113
14 99 110
15 78 110
16 105 108
17 99 101
18 83 99
19 101 101
20 94 102
21 68 105
22 96 99
23 95 96
24 79 96
25 84 96
26 86 93
27 83 93
28 80 88
29 71 86
30 79 88
31 72 84
32 64 81
33 39 77
34 39 74
35 70 72
36 59 69
37 64 65
38 45 62
39 45 63
40 59 62
41 50 60
42 39 60
43 60 60
44 53 55
45 51 56
46 53 53
47 45 51
48 54 54
49 49 52
50 47 51
51 25 49
52 46 48
53 45 46
54 37 45
55 28 39
56 36 36
57 26 36
58 34 34
59 32 33
60 32 32
61 29 33
62 31 31
63 13 31
64 11 28
65 11 24
66 18 20
67 18 23
68 14 19
69 19 19
70 12 17
71 13 17
72 3 14
73 13 13
74 6 10
75 7 7
76 7 7
77 5 6
78 6 6
79 2 6
80 5 5
81 3 5
82 4 4
83 1 1

