0 21 36
1 36 44
2 42 44
3 42 45
4 43 45
5 40 46
6 37 45
7 41 43
8 42 45
9 44 46
10 44 46
11 45 45
12 29 46
13 43 46
14 37 44
15 41 43
16 35 40
17 37 38
18 33 39
19 35 38
20 36 39
21 35 38
22 36 36
23 27 36
24 30 33
25 29 32
26 29 33
27 29 31
28 29 31
29 29 29
30 29 31
31 30 32
32 30 30
33 31 32
34 27 31
35 29 29
36 29 29
37 26 27
38 23 26
39 16 27
40 27 27
41 25 26
42 19 26
43 13 24
44 18 22
45 17 18
46 18 19
47 15 17
48 18 19
49 12 18
50 14 16
51 11 15
52 12 14
53 10 10
54 7 10
55 11 11
56 8 12
57 9 11
58 9 9
59 5 6
60 4 5
61 2 3
62 2 3
63 3 3
64 1 2
65 2 2
66 1 1

