0 35 72
1 75 76
2 74 80
3 76 82
4 79 82
5 71 79
6 75 78
7 74 76
8 69 75
9 49 75
10 72 74
11 69 71
12 34 68
13 69 69
14 55 70
15 44 71
16 59 69
17 67 70
18 51 71
19 66 69
20 60 66
21 68 68
22 67 69
23 58 67
24 67 67
25 66 66
26 60 64
27 51 62
28 60 61
29 61 61
30 59 60
31 51 60
32 43 58
33 53 58
34 52 56
35 51 56
36 54 56
37 42 56
38 50 54
39 27 54
40 46 54
41 53 55
42 47 52
43 46 51
44 45 49
45 44 47
46 43 43
47 36 43
48 36 43
49 43 44
50 40 43
51 35 45
52 43 43
53 34 41
54 34 40
55 34 39
56 38 38
57 40 40
58 33 38
59 33 36
60 37 38
61 32 37
62 35 37
63 31 36
64 27 36
65 36 36
66 26 41
67 36 40
68 24 39
69 37 38
70 26 40
71 29 35
72 13 35
73 25 34
74 10 33
75 19 30
76 30 32
77 19 28
78 19 25
79 22 24
80 9 24
81 7 25
82 17 23
83 19 20
84 14 18
85 14 20
86 15 17
87 9 15
88 8 15
89 13 13
90 9 12
91 6 12
92 11 11
93 10 11
94 9 11
95 9 12
96 10 10
97 9 9
98 8 8
99 7 7
100 6 7
101 6 7
102 4 5
103 5 5
104 4 5
105 4 4
106 2 3
107 3 3
108 2 3

