0 51 56
1 43 58
2 51 59
3 46 61
4 38 62
5 57 63
6 54 64
7 62 64
8 62 63
9 59 63
10 60 60
11 57 60
12 46 60
13 59 60
14 48 59
15 59 59
16 56 56
17 51 55
18 56 56
19 56 56
20 43 55
21 53 54
22 52 53
23 44 54
24 54 54
25 46 53
26 39 50
27 46 50
28 35 48
29 48 47
30 37 47
31 40 46
32 20 45
33 45 45
34 39 43
35 23 40
36 38 39
37 22 38
38 29 36
39 4 37
40 29 34
41 19 32
42 26 32
43 27 30
44 21 30
45 3 28
46 13 26
47 22 26
48 13 24
49 21 24
50 22 24
51 8 22
52 19 21
53 20 20
54 11 18
55 9 17
56 15 18
57 17 17
58 14 16
59 3 17
60 11 14
61 13 13
62 14 15
63 12 12
64 9 12
65 10 11
66 7 8
67 10 10
68 8 9
69 6 8
70 6 9
71 9 9
72 7 7
73 8 7
74 7 6
75 7 7
76 3 6
77 5 6
78 5 5
79 4 5
80 3 4
81 1 3
82 2 2
83 1 1
84 2 2

