0 52 54
1 50 57
2 47 62
3 59 65
4 61 65
5 61 66
6 63 68
7 62 68
8 67 67
9 65 66
10 65 67
11 58 65
12 43 64
13 62 64
14 55 63
15 63 64
16 53 63
17 60 61
18 62 62
19 60 60
20 59 61
21 54 59
22 57 58
23 50 56
24 52 56
25 52 55
26 49 53
27 45 53
28 42 52
29 28 51
30 43 48
31 48 48
32 44 49
33 41 49
34 47 48
35 32 48
36 46 50
37 47 49
38 32 47
39 44 47
40 29 47
41 36 44
42 38 40
43 27 41
44 32 40
45 36 40
46 24 39
47 37 37
48 28 33
49 30 32
50 28 32
51 13 30
52 24 27
53 19 26
54 22 23
55 11 20
56 13 20
57 10 20
58 19 20
59 17 18
60 17 19
61 17 18
62 16 18
63 12 15
64 15 17
65 11 18
66 9 16
67 11 16
68 3 14
69 12 12
70 10 10
71 5 9
72 5 9
73 5 6
74 1 3
75 2 4
76 2 2

