0 42 52
1 48 52
2 40 51
3 31 52
4 35 51
5 18 49
6 47 48
7 46 48
8 41 45
9 44 46
10 44 45
11 47 49
12 43 48
13 45 45
14 35 45
15 39 43
16 35 39
17 18 38
18 40 40
19 37 38
20 37 39
21 39 40
22 35 39
23 25 37
24 32 35
25 31 32
26 18 32
27 29 33
28 32 33
29 31 31
30 29 30
31 25 30
32 13 30
33 29 29
34 24 27
35 25 28
36 24 26
37 20 25
38 20 24
39 15 23
40 19 21
41 19 20
42 18 20
43 14 19
44 13 18
45 18 19
46 16 19
47 15 18
48 12 17
49 14 15
50 12 12
51 10 13
52 10 12
53 4 12
54 7 11
55 10 10
56 8 9
57 7 8
58 5 8
59 1 7
60 4 6
61 4 4
62 2 3
63 1 3
64 2 2
65 1 1

