0 43 46
1 47 47
2 25 47
3 45 46
4 46 46
5 41 47
6 45 47
7 50 52
8 37 50
9 48 50
10 46 50
11 47 48
12 30 46
13 43 47
14 28 46
15 46 49
16 42 49
17 44 47
18 42 46
19 36 45
20 39 44
21 35 44
22 39 42
23 42 42
24 22 41
25 29 38
26 33 39
27 32 38
28 36 36
29 33 37
30 28 36
31 24 36
32 34 35
33 12 32
34 15 34
35 14 31
36 22 27
37 20 27
38 18 24
39 20 20
40 19 19
41 19 19
42 14 22
43 7 19
44 13 14
45 13 14
46 8 11
47 8 13
48 12 12
49 11 11
50 8 10
51 9 10
52 7 11
53 6 12
54 5 10
55 9 9
56 3 5
57 3 4
58 1 3
59 2 2
60 1 1
61 1 2

