0 44 61
1 39 64
2 66 66
3 64 65
4 63 66
5 66 66
6 57 64
7 47 66
8 55 65
9 55 64
10 63 67
11 50 68
12 48 66
13 43 66
14 57 65
15 58 66
16 66 66
17 63 65
18 64 65
19 64 65
20 63 65
21 63 67
22 58 65
23 57 63
24 61 61
25 48 61
26 55 60
27 53 55
28 49 53
29 46 52
30 35 53
31 47 50
32 39 48
33 40 49
34 40 47
35 33 45
36 44 45
37 49 49
38 43 51
39 44 49
40 38 48
41 47 47
42 34 46
43 42 45
44 40 44
45 37 44
46 37 40
47 36 40
48 41 41
49 41 42
50 37 40
51 33 39
52 26 39
53 34 38
54 7 38
55 31 38
56 24 36
57 25 37
58 28 37
59 29 35
60 36 37
61 28 35
62 32 32
63 34 34
64 31 32
65 30 30
66 30 30
67 29 29
68 26 32
69 26 31
70 27 30
71 29 30
72 24 27
73 17 26
74 24 27
75 26 27
76 19 26
77 18 23
78 18 22
79 8 23
80 20 21
81 15 23
82 17 19
83 10 19
84 10 18
85 4 15
86 12 13
87 12 12
88 6 13
89 10 14
90 9 11
91 10 10
92 11 11
93 7 10
94 7 8
95 6 6
96 6 7
97 5 7
98 5 5
99 4 5
100 3 4
101 1 3
102 2 2
103 1 1
104 2 2

