0 43 49
1 56 56
2 38 56
3 51 60
4 57 58
5 53 55
6 44 56
7 55 57
8 55 55
9 54 54
10 44 56
11 49 56
12 40 55
13 53 53
14 45 50
15 49 49
16 37 49
17 49 50
18 48 48
19 47 47
20 33 45
21 36 47
22 34 46
23 44 45
24 46 46
25 43 47
26 38 47
27 45 45
28 44 45
29 41 45
30 34 43
31 35 41
32 35 38
33 37 37
34 30 36
35 31 36
36 32 34
37 23 32
38 28 33
39 25 31
40 25 31
41 15 31
42 8 30
43 19 26
44 8 24
45 16 22
46 8 22
47 11 22
48 25 28
49 25 28
50 25 26
51 13 24
52 21 22
53 5 22
54 17 21
55 18 21
56 11 20
57 12 17
58 16 16
59 14 15
60 9 14
61 7 12
62 10 10
63 4 8
64 4 6
65 4 7
66 7 7
67 5 5
68 4 5
69 3 3
70 3 3
71 1 3
72 2 2
73 1 1
74 1 1
75 1 1

