0 91 106
1 91 108
2 101 108
3 103 111
4 111 111
5 108 112
6 93 112
7 106 111
8 104 109
9 96 108
10 98 106
11 96 105
12 102 104
13 103 104
14 97 105
15 100 105
16 91 104
17 54 105
18 102 102
19 91 98
20 93 97
21 88 93
22 70 92
23 90 90
24 71 89
25 80 92
26 70 93
27 70 92
28 92 93
29 86 92
30 90 90
31 66 92
32 73 89
33 69 86
34 80 86
35 83 83
36 55 82
37 80 84
38 77 83
39 84 85
40 82 83
41 78 81
42 69 81
43 68 81
44 79 82
45 71 82
46 83 86
47 69 85
48 77 81
49 62 80
50 48 76
51 60 76
52 72 74
53 38 72
54 54 70
55 61 70
56 64 67
57 43 64
58 51 62
59 53 60
60 55 58
61 47 56
62 36 53
63 40 52
64 46 49
65 47 47
66 28 44
67 41 43
68 39 43
69 41 44
70 33 43
71 21 43
72 44 46
73 43 43
74 30 43
75 37 42
76 34 40
77 27 39
78 17 38
79 34 36
80 32 34
81 32 34
82 31 33
83 24 32
84 3 32
85 14 30
86 21 29
87 15 26
88 24 25
89 21 23
90 19 23
91 19 21
92 5 20
93 17 17
94 12 15
95 2 16
96 5 14
97 13 14
98 11 14
99 11 15
100 8 13
101 10 12
102 9 12
103 9 11
104 3 10
105 5 9
106 1 9
107 6 8
108 2 7
109 1 7
110 6 6
111 3 5
112 5 5
113 1 4
114 3 3
115 1 2
116 2 2
117 1 1
118 1 1

