0 71 92
1 97 100
2 82 101
3 101 102
4 87 102
5 100 102
6 95 103
7 87 106
8 105 106
9 102 108
10 91 108
11 88 109
12 108 109
13 96 110
14 108 110
15 70 106
16 77 104
17 100 105
18 92 105
19 44 103
20 85 100
21 80 97
22 76 95
23 92 92
24 81 89
25 85 91
26 87 91
27 84 89
28 67 88
29 81 87
30 81 87
31 81 85
32 77 82
33 73 81
34 79 81
35 64 80
36 55 80
37 71 76
38 66 74
39 63 72
40 59 71
41 73 74
42 73 75
43 49 72
44 58 73
45 61 73
46 47 73
47 48 69
48 59 66
49 56 64
50 57 64
51 54 62
52 60 60
53 41 59
54 51 57
55 50 59
56 53 60
57 55 59
58 37 60
59 54 59
60 44 58
61 55 57
62 35 54
63 51 52
64 48 53
65 33 53
66 38 50
67 48 49
68 42 45
69 24 43
70 34 41
71 39 40
72 32 40
73 38 39
74 24 37
75 28 36
76 34 35
77 33 35
78 35 35
79 27 32
80 26 34
81 26 31
82 29 29
83 30 30
84 26 32
85 29 32
86 27 31
87 29 30
88 30 30
89 29 30
90 29 29
91 27 27
92 27 27
93 25 28
94 26 28
95 20 26
96 26 27
97 23 27
98 25 26
99 21 24
100 20 22
101 6 21
102 18 20
103 10 18
104 15 16
105 11 13
106 8 13
107 13 13
108 7 10
109 9 9
110 7 8
111 6 6
112 7 7
113 6 6
114 6 6
115 2 5
116 5 6
117 4 4
118 3 3
119 1 1

