0 93 111
1 119 121
2 111 124
3 127 127
4 111 130
5 127 129
6 125 129
7 118 131
8 123 128
9 124 126
10 108 131
11 125 132
12 114 131
13 115 130
14 123 127
15 123 128
16 119 126
17 117 130
18 113 128
19 107 127
20 118 129
21 113 126
22 94 124
23 117 119
24 103 116
25 99 118
26 83 117
27 88 114
28 96 109
29 96 107
30 83 106
31 99 107
32 80 106
33 85 102
34 91 101
35 101 101
36 99 100
37 96 98
38 86 96
39 93 94
40 27 93
41 91 94
42 84 93
43 95 95
44 56 97
45 86 93
46 68 90
47 62 87
48 82 83
49 81 81
50 60 80
51 76 78
52 75 78
53 77 77
54 62 75
55 56 75
56 70 76
57 68 75
58 72 74
59 63 75
60 59 74
61 63 75
62 68 72
63 63 72
64 69 72
65 63 69
66 56 68
67 16 68
68 63 68
69 60 65
70 61 64
71 59 63
72 62 61
73 21 51
74 41 55
75 52 56
76 49 55
77 36 54
78 38 53
79 50 52
80 40 49
81 45 47
82 33 46
83 44 46
84 37 45
85 42 45
86 43 44
87 40 43
88 39 43
89 35 43
90 32 43
91 36 41
92 36 39
93 33 36
94 35 36
95 34 35
96 30 36
97 35 37
98 27 37
99 23 36
100 36 36
101 30 34
102 31 32
103 23 30
104 28 30
105 22 32
106 25 32
107 26 31
108 27 30
109 22 28
110 16 26
111 12 24
112 21 21
113 13 22
114 20 20
115 19 20
116 16 23
117 21 22
118 15 20
119 14 18
120 13 14
121 13 14
122 15 15
123 11 12
124 10 12
125 12 12
126 5 13
127 10 11
128 7 9
129 4 8
130 8 8
131 7 8
132 3 7
133 6 6
134 6 6
135 5 5
136 3 4
137 4 4
138 2 3
139 2 3
140 2 2

