0 112 121
1 119 125
2 124 128
3 114 130
4 109 129
5 120 132
6 114 130
7 108 127
8 121 128
9 117 127
10 94 127
11 119 128
12 127 127
13 109 125
14 119 123
15 72 121
16 111 118
17 108 114
18 106 112
19 109 111
20 107 111
21 100 112
22 107 112
23 106 113
24 88 112
25 101 114
26 103 112
27 90 111
28 106 111
29 107 110
30 69 109
31 77 108
32 103 106
33 87 103
34 95 102
35 85 100
36 96 96
37 74 96
38 80 98
39 98 99
40 96 99
41 69 100
42 90 98
43 87 95
44 92 92
45 87 90
46 57 91
47 87 88
48 74 86
49 82 87
50 82 85
51 63 84
52 34 83
53 62 80
54 54 78
55 73 76
56 71 74
57 56 73
58 67 71
59 57 69
60 57 69
61 46 67
62 55 62
63 56 59
64 62 63
65 58 62
66 45 60
67 56 57
68 56 56
69 25 54
70 40 54
71 48 53
72 37 53
73 32 50
74 46 52
75 40 52
76 26 50
77 43 48
78 32 46
79 43 44
80 31 42
81 39 41
82 32 39
83 20 38
84 37 37
85 34 35
86 36 39
87 40 40
88 27 36
89 16 33
90 27 34
91 14 32
92 28 31
93 12 27
94 17 24
95 12 24
96 17 23
97 3 22
98 13 19
99 14 16
100 6 14
101 13 16
102 14 15
103 11 13
104 12 12
105 9 11
106 7 9
107 6 7
108 6 6
109 2 5
110 4 4
111 3 3
112 3 4
113 3 3
114 1 1
115 1 1

