0 123 124
1 121 131
2 128 133
3 133 133
4 131 133
5 113 132
6 111 135
7 107 132
8 96 133
9 116 132
10 132 132
11 130 132
12 130 133
13 126 132
14 123 131
15 127 131
16 126 131
17 124 127
18 121 125
19 116 124
20 120 127
21 125 128
22 126 127
23 108 127
24 121 130
25 119 129
26 129 129
27 123 127
28 121 126
29 105 125
30 107 126
31 125 124
32 112 124
33 119 123
34 80 121
35 75 118
36 116 116
37 100 115
38 105 111
39 103 109
40 71 107
41 94 105
42 95 102
43 92 102
44 100 102
45 103 104
46 101 105
47 106 106
48 93 103
49 99 99
50 90 100
51 91 99
52 95 99
53 93 98
54 96 97
55 96 97
56 80 96
57 90 96
58 86 96
59 91 93
60 53 92
61 79 90
62 82 88
63 78 85
64 71 83
65 84 84
66 86 86
67 69 85
68 77 85
69 59 81
70 70 82
71 49 82
72 74 79
73 54 77
74 68 77
75 66 74
76 62 70
77 51 69
78 64 68
79 39 68
80 45 65
81 52 65
82 46 63
83 44 61
84 49 58
85 54 56
86 54 57
87 30 56
88 50 53
89 47 50
90 41 47
91 45 48
92 40 48
93 47 47
94 44 47
95 43 48
96 43 48
97 28 46
98 46 47
99 41 45
100 40 44
101 22 42
102 39 40
103 38 40
104 24 39
105 36 37
106 36 36
107 13 34
108 17 32
109 24 30
110 25 30
111 22 28
112 18 25
113 15 24
114 20 22
115 11 20
116 12 19
117 12 18
118 17 17
119 14 14
120 11 12
121 14 14
122 12 14
123 10 11
124 6 10
125 2 10
126 6 9
127 1 8
128 3 7
129 7 7
130 5 6
131 4 5
132 2 6
133 2 6
134 4 4
135 1 4
136 3 3
137 2 2
138 1 1

