0 61 67
1 76 83
2 61 87
3 83 90
4 77 91
5 46 89
6 77 89
7 88 89
8 89 90
9 83 94
10 87 95
11 91 95
12 59 92
13 64 93
14 83 88
15 69 84
16 81 82
17 73 80
18 67 79
19 68 81
20 65 78
21 78 78
22 62 76
23 49 77
24 56 78
25 68 76
26 32 74
27 14 70
28 60 68
29 59 64
30 62 62
31 56 59
32 60 61
33 53 60
34 43 60
35 40 59
36 50 58
37 46 56
38 51 54
39 53 55
40 57 61
41 45 60
42 56 58
43 52 56
44 48 56
45 57 57
46 24 57
47 41 56
48 50 53
49 27 51
50 43 50
51 38 48
52 26 46
53 38 44
54 21 43
55 27 41
56 23 37
57 14 38
58 29 34
59 25 29
60 27 27
61 24 28
62 15 25
63 26 26
64 23 26
65 15 26
66 13 25
67 19 22
68 15 20
69 17 21
70 8 17
71 9 18
72 14 17
73 10 15
74 8 15
75 5 13
76 9 12
77 4 8
78 9 9
79 7 7
80 1 6
81 4 5
82 3 3
83 1 1

