0 51 51
1 34 60
2 61 61
3 48 60
4 58 60
5 58 58
6 56 60
7 41 62
8 55 62
9 54 59
10 39 57
11 43 60
12 55 59
13 27 59
14 55 57
15 46 54
16 47 52
17 20 53
18 44 52
19 46 51
20 38 51
21 40 50
22 45 51
23 47 49
24 41 48
25 44 46
26 43 45
27 35 43
28 38 42
29 33 44
30 43 44
31 41 42
32 28 42
33 31 41
34 36 39
35 32 38
36 34 36
37 26 35
38 24 32
39 29 31
40 28 29
41 27 27
42 27 28
43 27 27
44 15 27
45 18 27
46 26 27
47 28 27
48 8 16
49 8 17
50 11 22
51 19 19
52 16 17
53 13 15
54 10 13
55 12 13
56 6 11
57 8 9
58 5 8
59 7 7
60 2 6
61 6 9
62 4 8
63 7 7
64 8 8
65 1 7
66 5 6
67 4 3
68 5 6
69 4 5
70 2 4
71 2 5
72 1 1

