0 7 40
1 5 46
2 42 45
3 4 46
4 41 48
5 2 47
6 1 47
7 41 46
8 42 47
9 42 47
10 48 49
11 51 51
12 19 51
13 49 49
14 35 48
15 34 47
16 43 48
17 39 45
18 42 46
19 37 46
20 42 44
21 24 42
22 24 41
23 34 40
24 26 37
25 35 38
26 37 37
27 34 36
28 31 36
29 30 35
30 30 34
31 27 32
32 31 31
33 29 30
34 23 29
35 25 29
36 25 28
37 22 31
38 16 29
39 20 29
40 22 29
41 27 28
42 22 25
43 18 28
44 26 27
45 16 26
46 15 23
47 16 19
48 19 19
49 19 19
50 18 19
51 15 19
52 19 20
53 18 20
54 18 20
55 15 18
56 19 20
57 12 17
58 14 17
59 15 17
60 12 16
61 14 14
62 10 13
63 14 15
64 11 13
65 12 13
66 10 12
67 5 11
68 6 11
69 10 10
70 8 9
71 8 10
72 1 9
73 2 8
74 5 6
75 5 5
76 3 3
77 3 3
78 3 3
79 2 2
80 1 1

