0 8 38
1 36 40
2 39 40
3 37 39
4 34 38
5 22 39
6 39 39
7 38 38
8 37 38
9 37 37
10 29 36
11 33 34
12 15 34
13 32 33
14 21 31
15 15 30
16 27 27
17 8 27
18 26 26
19 17 24
20 16 23
21 24 24
22 18 24
23 15 24
24 19 24
25 22 23
26 20 22
27 6 24
28 23 25
29 23 26
30 3 25
31 26 26
32 20 25
33 22 24
34 23 23
35 22 22
36 22 22
37 14 21
38 15 20
39 21 21
40 15 20
41 14 19
42 18 18
43 11 16
44 10 15
45 12 15
46 10 14
47 11 13
48 7 11
49 10 11
50 8 9
51 6 8
52 8 9
53 6 8
54 5 8
55 8 8
56 7 7
57 5 6
58 6 6
59 3 5
60 6 6
61 4 5
62 4 4
63 3 3
64 1 1
65 1 1

