0 20 35
1 7 37
2 39 48
3 34 51
4 5 50
5 1 49
6 32 51
7 35 48
8 45 46
9 37 44
10 41 43
11 41 43
12 35 42
13 23 43
14 39 41
15 23 39
16 37 37
17 20 36
18 29 36
19 30 34
20 33 34
21 33 33
22 34 34
23 35 36
24 32 34
25 34 35
26 20 34
27 33 34
28 31 33
29 31 31
30 30 30
31 27 30
32 24 29
33 23 28
34 22 28
35 17 27
36 6 25
37 9 26
38 24 24
39 22 22
40 7 20
41 18 18
42 16 17
43 17 17
44 8 16
45 16 16
46 12 15
47 6 14
48 8 12
49 7 9
50 9 9
51 5 8
52 6 7
53 7 7
54 7 7
55 5 6
56 3 6
57 2 3
58 1 2
59 1 1

