0 66 68
1 62 67
2 63 69
3 63 66
4 60 64
5 59 63
6 59 66
7 50 64
8 45 65
9 46 62
10 50 58
11 57 57
12 53 58
13 51 56
14 51 56
15 40 53
16 49 55
17 35 58
18 40 51
19 38 48
20 43 44
21 29 42
22 38 41
23 36 38
24 34 37
25 32 38
26 28 38
27 28 37
28 28 36
29 32 33
30 23 33
31 32 34
32 28 30
33 29 30
34 22 27
35 18 27
36 23 26
37 21 26
38 25 26
39 19 23
40 24 24
41 22 23
42 11 24
43 22 24
44 17 22
45 13 22
46 20 20
47 17 18
48 18 18
49 17 18
50 11 15
51 14 16
52 11 15
53 8 13
54 12 14
55 11 13
56 2 11
57 6 8
58 2 5
59 2 5
60 3 3
61 2 3
62 1 3
63 1 1

