0 58 58
1 57 57
2 60 61
3 52 58
4 56 56
5 52 58
6 53 59
7 58 59
8 56 56
9 43 53
10 52 56
11 51 52
12 42 51
13 45 49
14 47 49
15 44 49
16 39 49
17 36 47
18 46 48
19 44 46
20 37 44
21 42 43
22 31 42
23 31 43
24 33 40
25 28 36
26 37 38
27 34 37
28 31 34
29 30 33
30 29 33
31 26 31
32 16 30
33 29 29
34 25 26
35 26 26
36 20 25
37 18 22
38 17 21
39 22 22
40 20 22
41 17 19
42 17 20
43 13 18
44 18 19
45 11 15
46 14 14
47 13 15
48 14 17
49 12 15
50 9 14
51 4 11
52 11 11
53 8 10
54 9 10
55 6 9
56 6 8
57 9 9
58 5 10
59 5 10
60 5 6
61 6 6
62 6 6
63 3 5
64 3 3
65 2 3
66 1 2
67 1 1
68 1 1

