0 50 62
1 61 64
2 57 62
3 60 68
4 65 67
5 64 66
6 62 66
7 57 66
8 62 63
9 63 65
10 64 64
11 52 61
12 56 61
13 52 59
14 58 58
15 53 56
16 56 56
17 58 58
18 28 59
19 55 57
20 47 56
21 50 53
22 44 49
23 39 49
24 37 48
25 40 46
26 42 42
27 40 40
28 42 47
29 30 45
30 37 44
31 40 43
32 36 41
33 35 37
34 29 32
35 21 33
36 31 32
37 34 34
38 19 29
39 29 33
40 27 27
41 23 27
42 19 30
43 27 28
44 24 27
45 21 25
46 17 21
47 17 19
48 15 18
49 13 16
50 13 15
51 14 15
52 10 13
53 7 13
54 7 14
55 6 12
56 7 8
57 4 7
58 4 8
59 5 5
60 3 4
61 3 6
62 4 4
63 3 4
64 2 2
65 2 2
66 1 1

