0 42 46
1 42 51
2 34 53
3 51 53
4 42 50
5 49 49
6 49 50
7 50 50
8 41 50
9 49 49
10 47 48
11 40 48
12 40 47
13 35 47
14 42 44
15 41 41
16 36 40
17 30 40
18 33 42
19 31 40
20 36 40
21 32 38
22 26 36
23 32 35
24 34 34
25 13 35
26 26 35
27 34 35
28 27 31
29 30 30
30 27 30
31 29 29
32 28 28
33 23 28
34 26 27
35 16 27
36 19 26
37 24 24
38 26 26
39 22 25
40 10 24
41 11 22
42 20 22
43 9 21
44 5 21
45 10 19
46 14 18
47 18 18
48 13 18
49 15 15
50 10 14
51 4 12
52 8 14
53 6 12
54 4 10
55 7 8
56 4 7
57 6 6
58 4 5
59 1 3
60 2 4
61 3 3
62 2 2
63 1 2
64 1 1

