0 52 66
1 66 67
2 62 69
3 64 69
4 65 67
5 47 67
6 64 65
7 61 63
8 61 61
9 58 62
10 43 59
11 56 58
12 46 57
13 54 55
14 54 55
15 52 54
16 50 51
17 51 52
18 48 50
19 45 47
20 36 49
21 45 49
22 36 46
23 43 45
24 37 42
25 42 42
26 36 40
27 19 40
28 30 39
29 17 35
30 20 33
31 32 32
32 32 32
33 23 34
34 29 34
35 18 32
36 31 32
37 21 31
38 22 25
39 24 24
40 14 22
41 18 23
42 8 21
43 17 19
44 12 14
45 9 13
46 12 13
47 8 12
48 4 11
49 2 9
50 8 9
51 7 8
52 7 9
53 6 7
54 6 6
55 2 6
56 5 5
57 3 3
58 2 2
59 2 2
60 1 1
61 1 1

