0 7 58
1 6 65
2 1 69
3 64 76
4 74 76
5 75 75
6 74 75
7 66 75
8 69 74
9 71 72
10 66 71
11 66 71
12 71 71
13 72 72
14 69 72
15 71 73
16 61 72
17 68 72
18 65 69
19 53 67
20 66 66
21 64 66
22 47 66
23 54 67
24 55 65
25 56 66
26 63 64
27 62 62
28 59 62
29 60 61
30 47 58
31 31 57
32 52 56
33 53 54
34 40 51
35 22 49
36 47 47
37 45 45
38 44 44
39 43 43
40 32 44
41 43 44
42 42 42
43 34 40
44 40 41
45 40 41
46 34 41
47 32 40
48 34 42
49 34 40
50 28 39
51 31 37
52 28 36
53 14 35
54 31 34
55 32 32
56 31 31
57 25 31
58 25 30
59 27 27
60 23 27
61 24 25
62 23 24
63 22 22
64 17 21
65 8 19
66 15 17
67 15 18
68 20 21
69 8 19
70 16 19
71 16 18
72 13 16
73 11 15
74 3 13
75 9 12
76 9 13
77 12 12
78 7 12
79 10 12
80 9 11
81 7 11
82 11 11
83 9 10
84 9 9
85 5 10
86 2 9
87 6 8
88 6 7
89 4 6
90 2 5
91 3 5
92 3 4
93 1 2
94 3 3
95 1 2
96 2 2
97 1 1

