0 94 96
1 80 98
2 94 97
3 73 99
4 88 93
5 87 89
6 84 88
7 81 87
8 61 83
9 70 83
10 79 80
11 70 80
12 60 79
13 69 77
14 68 75
15 73 73
16 64 71
17 66 71
18 68 70
19 63 69
20 68 71
21 55 68
22 55 64
23 60 66
24 61 61
25 49 60
26 52 59
27 59 61
28 55 58
29 53 55
30 43 55
31 58 60
32 40 55
33 46 54
34 43 53
35 50 51
36 24 47
37 35 45
38 38 41
39 39 39
40 37 40
41 41 41
42 32 42
43 32 38
44 35 35
45 35 35
46 33 34
47 32 33
48 28 34
49 31 36
50 35 35
51 34 37
52 21 33
53 28 30
54 26 30
55 33 34
56 31 34
57 29 29
58 29 30
59 23 25
60 12 27
61 21 26
62 12 25
63 11 22
64 22 22
65 20 20
66 16 20
67 15 18
68 14 17
69 14 17
70 9 14
71 11 11
72 6 9
73 7 7
74 3 3
75 3 3
76 1 3
77 1 1
78 1 1

