0 17 31
1 31 32
2 17 33
3 17 34
4 40 40
5 39 39
6 35 38
7 37 37
8 36 36
9 11 36
10 30 36
11 35 36
12 34 34
13 30 33
14 21 31
15 31 31
16 22 30
17 7 28
18 27 28
19 22 27
20 22 27
21 4 28
22 26 29
23 26 28
24 27 27
25 5 26
26 24 25
27 12 23
28 22 22
29 21 21
30 16 21
31 18 20
32 19 19
33 19 19
34 14 18
35 16 17
36 18 18
37 18 18
38 17 17
39 14 17
40 16 20
41 20 20
42 6 18
43 7 14
44 11 13
45 11 11
46 12 12
47 7 10
48 1 10
49 9 9
50 7 8
51 3 6
52 4 4
53 3 3
54 3 3
55 2 2
56 1 2
57 2 2
58 1 1
59 1 1

