0 89 91
1 78 93
2 76 95
3 95 95
4 87 96
5 100 100
6 98 99
7 86 94
8 91 97
9 91 95
10 82 96
11 82 93
12 74 89
13 84 88
14 84 86
15 71 83
16 81 84
17 80 82
18 71 79
19 79 79
20 69 79
21 70 76
22 73 77
23 61 79
24 71 75
25 63 73
26 69 74
27 55 73
28 62 69
29 55 66
30 64 64
31 59 64
32 58 60
33 55 62
34 60 60
35 52 57
36 21 58
37 49 55
38 45 50
39 32 48
40 40 47
41 41 45
42 42 43
43 44 45
44 29 42
45 41 43
46 30 42
47 27 40
48 34 36
49 34 35
50 33 34
51 19 33
52 28 35
53 25 37
54 35 35
55 32 33
56 29 30
57 29 30
58 15 29
59 18 26
60 23 24
61 19 21
62 14 19
63 10 18
64 13 17
65 15 18
66 11 15
67 5 9
68 7 11
69 8 9
70 8 10
71 10 12
72 6 10
73 5 11
74 8 8
75 4 6
76 4 7
77 5 7
78 3 5
79 2 2
80 2 3
81 2 2

