0 23 44
1 10 51
2 6 56
3 42 66
4 68 69
5 3 74
6 1 75
7 56 76
8 75 76
9 60 76
10 70 74
11 68 73
12 61 74
13 64 71
14 68 68
15 52 66
16 65 65
17 48 64
18 61 63
19 51 64
20 47 62
21 53 60
22 54 58
23 53 56
24 34 54
25 52 53
26 39 51
27 42 51
28 40 50
29 33 49
30 45 47
31 44 47
32 37 47
33 36 44
34 35 42
35 38 42
36 40 42
37 35 42
38 34 42
39 35 40
40 26 38
41 38 38
42 25 38
43 35 36
44 21 33
45 20 31
46 27 29
47 23 29
48 28 28
49 23 28
50 29 29
51 20 28
52 23 27
53 15 27
54 22 27
55 25 27
56 23 26
57 21 25
58 23 25
59 14 24
60 22 22
61 18 20
62 15 19
63 12 23
64 21 23
65 12 22
66 4 18
67 15 16
68 15 16
69 15 16
70 13 15
71 15 15
72 11 13
73 10 13
74 8 12
75 9 11
76 9 10
77 5 10
78 4 8
79 2 6
80 5 6
81 3 5
82 3 3
83 2 2
84 3 3
85 2 2
86 1 1
87 1 1

