0 35 35
1 2 39
2 1 44
3 44 49
4 49 50
5 46 51
6 45 51
7 47 50
8 40 49
9 32 47
10 44 46
11 39 45
12 42 43
13 25 43
14 31 45
15 44 44
16 39 42
17 35 42
18 30 39
19 34 36
20 23 35
21 22 34
22 27 34
23 30 32
24 25 32
25 31 31
26 23 30
27 29 29
28 28 28
29 22 28
30 22 25
31 21 24
32 18 23
33 19 24
34 20 22
35 17 20
36 20 20
37 16 19
38 18 19
39 18 21
40 17 20
41 15 19
42 16 16
43 6 15
44 13 15
45 10 14
46 6 12
47 9 12
48 10 12
49 11 12
50 9 11
51 9 10
52 9 9
53 8 8
54 4 8
55 6 6
56 2 6
57 4 5
58 6 6
59 6 6
60 4 7
61 2 6
62 5 5
63 3 5
64 4 4
65 2 2

