0 90 91
1 81 94
2 72 94
3 87 96
4 89 98
5 93 97
6 91 94
7 79 95
8 74 98
9 91 95
10 81 96
11 89 95
12 82 92
13 85 88
14 75 86
15 74 85
16 79 84
17 83 85
18 83 84
19 79 85
20 80 82
21 77 81
22 80 81
23 73 78
24 79 79
25 63 77
26 76 76
27 61 74
28 53 71
29 64 71
30 65 68
31 65 66
32 55 66
33 65 67
34 64 64
35 50 62
36 57 61
37 38 62
38 56 59
39 51 57
40 49 58
41 47 57
42 43 52
43 46 53
44 47 50
45 36 50
46 44 48
47 45 46
48 33 43
49 38 41
50 34 40
51 27 36
52 32 35
53 30 33
54 29 34
55 23 33
56 27 33
57 23 33
58 23 32
59 27 32
60 27 32
61 23 30
62 16 26
63 20 27
64 24 24
65 19 24
66 21 22
67 16 20
68 8 16
69 2 16
70 13 16
71 10 19
72 10 17
73 11 12
74 7 11
75 4 10
76 5 10
77 7 7
78 4 5
79 3 4
80 3 3
81 2 2
82 2 2
83 3 3

