0 32 40
1 25 43
2 43 48
3 25 48
4 47 49
5 44 49
6 46 49
7 43 48
8 49 51
9 45 50
10 47 50
11 44 49
12 42 49
13 49 49
14 48 48
15 47 48
16 40 47
17 45 46
18 39 45
19 40 44
20 43 43
21 34 42
22 37 42
23 28 41
24 37 41
25 38 41
26 39 42
27 41 41
28 34 41
29 41 41
30 39 40
31 39 39
32 35 38
33 41 41
34 40 40
35 35 40
36 37 39
37 37 39
38 30 39
39 37 37
40 37 37
41 23 36
42 10 34
43 31 31
44 30 31
45 5 32
46 33 33
47 32 32
48 32 32
49 27 31
50 29 29
51 27 31
52 27 30
53 31 31
54 29 30
55 26 30
56 30 30
57 27 29
58 25 30
59 31 31
60 22 30
61 29 29
62 28 28
63 21 27
64 25 27
65 23 25
66 25 25
67 22 26
68 19 25
69 28 28
70 21 27
71 25 25
72 18 24
73 15 22
74 21 21
75 18 20
76 18 18
77 13 17
78 15 17
79 9 16
80 12 15
81 18 18
82 14 17
83 16 16
84 13 13
85 11 13
86 15 15
87 12 14
88 12 12
89 9 11
90 11 11
91 9 10
92 8 9
93 6 9
94 8 8
95 7 7
96 4 8
97 8 8
98 4 7
99 5 5
100 6 6
101 1 5
102 3 3
103 2 2
104 1 1

