0 69 71
1 68 70
2 58 70
3 58 70
4 60 69
5 64 66
6 57 65
7 55 66
8 60 64
9 63 63
10 58 66
11 56 63
12 55 62
13 60 61
14 47 61
15 57 59
16 53 56
17 55 57
18 54 55
19 52 55
20 51 53
21 40 54
22 51 55
23 50 56
24 37 56
25 36 53
26 50 51
27 48 50
28 43 49
29 43 47
30 37 47
31 44 44
32 28 45
33 41 42
34 41 41
35 29 39
36 37 39
37 36 38
38 33 35
39 27 36
40 35 35
41 32 33
42 29 35
43 29 32
44 33 33
45 31 31
46 17 30
47 26 26
48 20 26
49 20 25
50 18 24
51 17 20
52 21 22
53 17 23
54 9 21
55 14 17
56 3 12
57 7 7
58 5 7
59 1 3
60 3 3
61 2 2
62 1 2

