0 32 34
1 40 44
2 14 45
3 44 51
4 50 51
5 50 50
6 43 49
7 39 49
8 43 49
9 39 49
10 28 48
11 46 50
12 48 49
13 46 47
14 46 47
15 46 46
16 44 45
17 46 46
18 44 45
19 43 46
20 31 45
21 19 44
22 40 43
23 41 43
24 41 43
25 39 42
26 32 42
27 38 42
28 38 42
29 37 41
30 23 41
31 42 42
32 41 41
33 41 41
34 39 40
35 31 39
36 38 38
37 33 37
38 31 37
39 32 38
40 34 37
41 22 37
42 35 36
43 34 35
44 33 34
45 14 34
46 22 34
47 34 34
48 32 33
49 31 32
50 13 31
51 21 30
52 21 30
53 29 31
54 30 30
55 26 29
56 10 28
57 27 27
58 19 25
59 19 22
60 16 22
61 7 21
62 19 21
63 10 22
64 25 25
65 22 24
66 24 24
67 3 23
68 16 20
69 18 21
70 2 20
71 19 20
72 17 19
73 16 18
74 17 17
75 16 16
76 16 16
77 13 15
78 14 14
79 13 14
80 8 14
81 7 12
82 8 8
83 5 8
84 6 9
85 6 10
86 11 11
87 5 10
88 8 8
89 6 7
90 3 5
91 2 5
92 1 4
93 5 5
94 3 4
95 2 3
96 1 2
97 1 1

