0 66 69
1 67 70
2 56 70
3 69 71
4 67 71
5 4 70
6 56 70
7 64 70
8 68 70
9 63 69
10 46 67
11 48 67
12 62 66
13 59 65
14 3 63
15 56 65
16 1 64
17 63 63
18 60 61
19 60 61
20 55 61
21 55 59
22 43 59
23 58 60
24 59 60
25 51 58
26 53 55
27 45 52
28 49 50
29 52 52
30 48 51
31 47 50
32 48 48
33 42 48
34 40 47
35 46 50
36 15 51
37 33 46
38 25 43
39 42 42
40 41 41
41 39 42
42 39 42
43 38 42
44 33 42
45 34 40
46 38 39
47 32 40
48 36 40
49 33 37
50 38 38
51 36 37
52 35 36
53 33 35
54 29 35
55 22 36
56 32 35
57 32 34
58 18 30
59 27 29
60 27 28
61 26 27
62 26 26
63 23 27
64 23 26
65 23 24
66 25 25
67 11 23
68 14 20
69 19 22
70 20 21
71 13 20
72 18 19
73 17 18
74 15 18
75 14 17
76 17 17
77 13 16
78 15 16
79 13 15
80 12 14
81 13 14
82 4 13
83 6 12
84 10 10
85 8 9
86 1 9
87 8 9
88 4 7
89 6 6
90 5 6
91 2 5
92 5 5
93 6 6
94 6 6
95 6 6
96 2 7
97 4 6
98 3 6
99 3 5
100 4 4
101 2 2

