0 90 90
1 93 96
2 76 99
3 76 101
4 90 99
5 72 97
6 88 94
7 87 90
8 72 90
9 76 90
10 77 87
11 83 86
12 75 83
13 80 84
14 70 82
15 78 80
16 74 78
17 61 74
18 73 77
19 52 74
20 56 73
21 50 72
22 64 68
23 51 66
24 59 63
25 43 60
26 43 59
27 42 55
28 46 53
29 35 50
30 45 51
31 42 49
32 36 47
33 36 43
34 37 42
35 34 40
36 34 40
37 42 42
38 29 37
39 27 35
40 24 34
41 25 37
42 30 36
43 31 37
44 29 31
45 30 30
46 24 27
47 27 27
48 24 27
49 26 26
50 17 26
51 23 27
52 22 23
53 4 23
54 20 20
55 16 21
56 20 20
57 14 19
58 11 16
59 18 19
60 14 17
61 20 20
62 14 18
63 8 14
64 10 12
65 9 10
66 7 11
67 9 13
68 5 10
69 4 9
70 8 9
71 4 9
72 3 8
73 3 5
74 6 6
75 3 5
76 5 5
77 4 4
78 1 3
79 3 3
80 1 1
81 1 1

