0 175 187
1 130 191
2 149 197
3 181 203
4 197 204
5 84 206
6 184 208
7 193 210
8 138 211
9 210 212
10 180 213
11 206 214
12 185 215
13 210 213
14 200 212
15 145 213
16 210 212
17 196 210
18 208 210
19 195 209
20 204 207
21 197 207
22 205 206
23 201 205
24 193 205
25 198 204
26 199 205
27 196 204
28 203 203
29 195 202
30 201 203
31 139 202
32 197 201
33 177 202
34 171 202
35 170 201
36 194 200
37 196 197
38 190 196
39 184 195
40 149 194
41 176 198
42 191 198
43 190 196
44 190 196
45 152 201
46 191 202
47 199 201
48 186 201
49 183 200
50 176 198
51 181 195
52 122 194
53 192 195
54 76 195
55 187 198
56 181 197
57 190 197
58 133 197
59 190 196
60 134 196
61 180 195
62 186 193
63 126 192
64 95 191
65 182 194
66 192 194
67 192 193
68 187 192
69 167 192
70 108 190
71 175 189
72 87 188
73 132 187
74 179 188
75 175 187
76 180 186
77 174 188
78 188 188
79 181 186
80 180 184
81 183 184
82 165 184
83 184 184
84 169 186
85 180 185
86 175 183
87 181 183
88 166 181
89 55 181
90 161 180
91 158 181
92 179 181
93 174 181
94 161 180
95 102 179
96 172 177
97 175 176
98 159 174
99 160 173
100 141 171
101 160 168
102 154 166
103 155 164
104 164 165
105 155 164
106 154 165
107 158 163
108 121 161
109 156 160
110 148 160
111 152 157
112 44 154
113 103 155
114 101 155
115 150 156
116 139 158
117 152 157
118 92 156
119 150 155
120 152 154
121 135 152
122 141 150
123 150 150
124 84 149
125 153 155
126 145 154
127 137 153
128 155 155
129 153 155
130 148 154
131 133 154
132 35 153
133 115 150
134 126 149
135 108 149
136 142 149
137 142 149
138 136 147
139 82 147
140 145 146
141 93 144
142 52 144
143 25 146
144 139 148
145 134 149
146 146 148
147 144 147
148 141 146
149 139 144
150 127 143
151 121 144
152 137 144
153 127 143
154 118 141
155 124 139
156 136 137
157 133 136
158 134 136
159 134 134
160 134 134
161 90 134
162 109 133
163 126 130
164 103 128
165 40 126
166 124 132
167 125 131
168 127 130
169 46 132
170 132 134
171 137 137
172 99 138
173 113 139
174 132 140
175 45 139
176 137 137
177 117 135
178 119 135
179 131 135
180 110 135
181 20 133
182 108 133
183 22 132
184 105 132
185 125 131
186 101 130
187 36 129
188 127 128
189 123 127
190 45 125
191 87 126
192 107 125
193 71 125
194 40 123
195 17 121
196 106 119
197 15 116
198 60 114
199 114 119
200 109 119
201 79 119
202 37 121
203 111 121
204 115 120
205 64 119
206 108 118
207 70 117
208 115 116
209 114 116
210 97 114
211 67 114
212 115 115
213 102 115
214 114 115
215 102 114
216 31 113
217 56 112
218 33 113
219 105 112
220 105 111
221 54 110
222 105 108
223 103 105
224 79 105
225 104 107
226 88 105
227 96 105
228 95 106
229 101 104
230 101 103
231 73 101
232 11 97
233 1 94
234 76 98
235 63 100
236 72 100
237 3 98
238 95 97
239 83 97
240 90 96
241 95 95
242 1 97
243 97 98
244 97 97
245 77 96
246 90 96
247 75 94
248 11 93
249 91 91
250 3 91
251 55 91
252 68 90
253 75 89
254 67 89
255 78 88
256 11 86
257 84 85
258 76 84
259 82 84
260 57 82
261 78 81
262 78 80
263 75 78
264 73 79
265 33 80
266 18 79
267 66 79
268 67 77
269 57 77
270 31 76
271 61 75
272 24 73
273 52 74
274 62 73
275 71 71
276 60 70
277 55 70
278 62 68
279 67 68
280 57 65
281 56 66
282 64 67
283 66 66
284 58 64
285 61 63
286 47 61
287 60 61
288 56 59
289 48 59
290 59 59
291 56 58
292 57 58
293 39 58
294 57 57
295 55 57
296 54 57
297 38 55
298 47 52
299 50 55
300 52 55
301 55 55
302 48 55
303 43 55
304 32 52
305 46 50
306 43 48
307 42 47
308 29 45
309 43 44
310 39 42
311 31 43
312 38 43
313 37 43
314 30 43
315 34 42
316 24 41
317 40 41
318 33 39
319 38 38
320 17 37
321 37 37
322 30 35
323 30 34
324 32 33
325 23 32
326 28 31
327 30 30
328 22 29
329 14 26
330 22 27
331 11 28
332 18 26
333 9 23
334 19 21
335 12 17
336 16 16
337 8 14
338 9 15
339 11 14
340 5 13
341 3 12
342 12 12
343 5 11
344 3 10
345 4 9
346 9 9
347 8 13
348 9 13
349 6 12
350 9 11
351 8 11
352 5 5
353 3 4
354 2 3
355 2 2
356 2 2
357 1 2
358 1 1

