0 44 150
1 52 162
2 98 170
3 119 171
4 77 172
5 97 172
6 170 173
7 152 176
8 168 177
9 176 177
10 77 176
11 79 176
12 169 175
13 170 174
14 124 173
15 158 172
16 102 171
17 150 170
18 130 169
19 153 167
20 132 168
21 61 166
22 138 167
23 147 165
24 136 164
25 162 163
26 126 161
27 38 161
28 83 162
29 154 162
30 129 161
31 68 160
32 148 161
33 133 160
34 146 161
35 64 160
36 145 159
37 153 158
38 151 156
39 157 157
40 73 155
41 146 155
42 55 154
43 135 155
44 133 154
45 91 154
46 142 152
47 89 151
48 144 150
49 131 149
50 142 148
51 146 148
52 145 146
53 145 145
54 141 146
55 143 147
56 146 147
57 85 145
58 133 144
59 141 143
60 140 143
61 140 142
62 115 142
63 143 143
64 138 142
65 136 140
66 120 138
67 129 137
68 38 135
69 116 137
70 69 138
71 70 139
72 125 138
73 85 136
74 127 136
75 123 136
76 95 136
77 109 135
78 95 134
79 132 134
80 132 134
81 24 133
82 115 131
83 45 130
84 129 129
85 125 128
86 54 129
87 127 127
88 60 126
89 66 125
90 86 125
91 66 124
92 43 123
93 100 123
94 73 122
95 101 121
96 90 120
97 76 119
98 31 118
99 78 119
100 94 118
101 118 118
102 64 117
103 77 119
104 105 119
105 106 118
106 117 117
107 94 117
108 112 115
109 73 114
110 73 113
111 105 112
112 26 111
113 81 109
114 93 108
115 99 108
116 79 107
117 104 106
118 95 103
119 98 102
120 16 101
121 93 101
122 87 100
123 86 99
124 95 98
125 89 97
126 81 96
127 23 96
128 11 99
129 13 99
130 20 101
131 90 102
132 19 101
133 86 100
134 98 99
135 82 99
136 97 100
137 18 99
138 98 98
139 18 97
140 65 97
141 89 97
142 44 98
143 28 97
144 59 96
145 93 94
146 83 91
147 85 90
148 29 90
149 86 88
150 27 86
151 46 84
152 82 82
153 72 78
154 74 78
155 74 76
156 7 76
157 71 75
158 70 77
159 71 77
160 61 77
161 63 77
162 67 75
163 67 78
164 4 79
165 60 80
166 29 78
167 73 77
168 73 74
169 49 72
170 50 70
171 60 67
172 62 67
173 44 65
174 47 63
175 35 61
176 38 59
177 56 59
178 2 60
179 13 76
180 29 77
181 74 76
182 3 74
183 72 73
184 57 72
185 73 74
186 68 72
187 52 70
188 61 72
189 71 72
190 66 69
191 68 68
192 64 67
193 57 65
194 46 64
195 1 66
196 53 69
197 44 68
198 47 67
199 65 66
200 45 63
201 52 61
202 38 62
203 61 61
204 47 58
205 58 58
206 56 58
207 47 55
208 51 54
209 52 53
210 49 50
211 46 51
212 32 49
213 44 47
214 38 44
215 30 43
216 47 47
217 38 44
218 44 44
219 42 45
220 43 46
221 39 43
222 40 42
223 38 43
224 43 43
225 32 43
226 41 43
227 32 41
228 40 41
229 36 41
230 33 40
231 29 40
232 35 39
233 35 37
234 34 36
235 32 37
236 19 36
237 20 34
238 27 31
239 28 28
240 15 26
241 21 26
242 22 25
243 20 24
244 14 24
245 6 24
246 15 24
247 22 22
248 19 21
249 22 23
250 19 20
251 13 19
252 11 19
253 14 17
254 13 15
255 12 14
256 15 15
257 14 14
258 3 14
259 8 13
260 8 12
261 2 11
262 5 12
263 8 10
264 6 8
265 5 7
266 6 6
267 4 6
268 5 5
269 2 4
270 3 3
271 2 2
272 2 2
273 2 2

