0 173 180
1 131 189
2 95 200
3 94 203
4 116 208
5 210 214
6 212 214
7 209 213
8 179 212
9 202 211
10 206 210
11 207 210
12 168 210
13 192 209
14 205 208
15 202 207
16 181 208
17 198 209
18 112 208
19 139 208
20 158 208
21 199 207
22 200 207
23 112 206
24 204 204
25 98 203
26 202 202
27 169 201
28 176 200
29 195 199
30 174 198
31 170 197
32 185 196
33 188 196
34 195 196
35 198 198
36 195 197
37 186 196
38 162 196
39 191 196
40 192 195
41 171 194
42 185 196
43 194 197
44 194 197
45 185 197
46 188 197
47 185 196
48 194 196
49 195 195
50 188 194
51 190 194
52 189 193
53 191 192
54 185 193
55 193 193
56 180 195
57 195 196
58 194 195
59 190 194
60 192 193
61 185 192
62 185 192
63 185 191
64 174 190
65 98 188
66 174 187
67 184 187
68 130 186
69 147 184
70 176 182
71 175 182
72 179 182
73 182 182
74 175 181
75 180 181
76 169 180
77 175 178
78 145 176
79 159 179
80 146 179
81 174 177
82 174 175
83 165 173
84 172 174
85 169 172
86 163 171
87 167 168
88 73 169
89 108 169
90 112 171
91 84 171
92 51 172
93 173 173
94 148 171
95 160 170
96 162 170
97 128 169
98 158 168
99 159 172
100 153 172
101 173 175
102 174 174
103 174 174
104 125 174
105 165 173
106 162 172
107 74 170
108 170 171
109 152 171
110 171 171
111 161 171
112 143 172
113 163 171
114 165 169
115 126 167
116 148 167
117 165 167
118 162 166
119 141 165
120 151 162
121 61 160
122 96 158
123 101 157
124 142 156
125 142 155
126 145 155
127 151 156
128 154 155
129 144 153
130 149 153
131 94 152
132 139 152
133 131 150
134 87 149
135 139 155
136 152 154
137 144 153
138 103 153
139 143 153
140 150 151
141 141 150
142 134 148
143 148 149
144 133 152
145 88 152
146 127 153
147 127 153
148 152 152
149 149 151
150 149 149
151 150 151
152 150 151
153 149 150
154 143 152
155 148 151
156 147 150
157 144 149
158 141 151
159 151 151
160 152 152
161 51 151
162 142 151
163 137 150
164 89 148
165 143 146
166 136 145
167 130 144
168 57 143
169 135 145
170 91 146
171 146 146
172 143 144
173 136 144
174 141 143
175 140 142
176 128 141
177 137 142
178 138 141
179 127 140
180 113 140
181 91 139
182 131 141
183 133 141
184 123 140
185 138 143
186 82 143
187 88 141
188 133 141
189 134 139
190 134 138
191 36 136
192 43 138
193 60 138
194 136 137
195 133 137
196 90 137
197 113 136
198 134 135
199 49 133
200 100 133
201 90 132
202 88 131
203 111 131
204 125 132
205 77 131
206 119 130
207 123 129
208 97 130
209 90 130
210 122 129
211 126 128
212 127 127
213 122 125
214 65 124
215 79 123
216 112 123
217 113 122
218 75 121
219 109 120
220 116 118
221 106 120
222 101 120
223 117 117
224 96 116
225 112 116
226 55 114
227 28 112
228 97 113
229 52 114
230 108 112
231 109 110
232 111 111
233 105 110
234 73 109
235 29 109
236 111 111
237 105 112
238 104 112
239 112 113
240 96 112
241 111 111
242 99 111
243 33 109
244 82 110
245 110 112
246 113 113
247 107 112
248 75 111
249 45 111
250 7 111
251 36 111
252 74 110
253 88 109
254 87 110
255 113 113
256 36 112
257 110 112
258 86 111
259 78 110
260 84 109
261 95 109
262 66 108
263 100 107
264 84 105
265 95 103
266 100 104
267 16 102
268 78 102
269 101 106
270 102 105
271 88 103
272 69 101
273 104 104
274 99 104
275 103 103
276 98 102
277 81 102
278 87 101
279 65 100
280 98 99
281 93 98
282 91 97
283 73 97
284 83 96
285 92 95
286 74 93
287 89 91
288 56 89
289 83 90
290 67 89
291 85 90
292 77 89
293 83 88
294 78 85
295 78 85
296 73 85
297 79 84
298 7 83
299 78 82
300 1 82
301 2 81
302 75 82
303 81 81
304 68 80
305 73 81
306 70 81
307 31 80
308 72 80
309 69 79
310 75 77
311 76 76
312 70 75
313 64 74
314 73 73
315 60 71
316 64 72
317 65 70
318 66 67
319 54 67
320 65 68
321 63 66
322 46 64
323 47 63
324 63 63
325 43 61
326 61 61
327 57 60
328 54 61
329 50 56
330 47 55
331 59 59
332 57 57
333 38 53
334 44 51
335 51 53
336 39 52
337 41 52
338 46 51
339 45 50
340 31 48
341 46 48
342 44 48
343 37 45
344 40 43
345 26 40
346 25 41
347 36 41
348 29 38
349 23 37
350 17 37
351 35 37
352 32 35
353 33 36
354 34 36
355 33 36
356 27 35
357 27 33
358 30 32
359 31 32
360 21 29
361 25 30
362 28 29
363 25 28
364 26 27
365 24 26
366 25 26
367 4 25
368 23 25
369 24 24
370 21 23
371 22 22
372 18 21
373 19 21
374 16 19
375 13 19
376 22 22
377 18 22
378 15 21
379 17 20
380 19 19
381 14 18
382 10 16
383 11 14
384 11 14
385 12 12
386 8 11
387 9 10
388 10 10
389 7 9
390 8 8
391 2 7
392 2 4
393 4 4
394 1 3
395 1 1

