0 80 86
1 80 92
2 72 97
3 82 97
4 70 98
5 95 100
6 91 102
7 99 99
8 90 96
9 89 93
10 75 94
11 96 96
12 82 92
13 77 91
14 84 88
15 88 90
16 70 88
17 74 88
18 65 90
19 81 89
20 76 84
21 54 82
22 82 82
23 75 78
24 63 80
25 66 76
26 61 78
27 65 72
28 60 70
29 63 66
30 63 64
31 58 67
32 42 68
33 65 68
34 63 65
35 55 65
36 59 66
37 51 62
38 55 61
39 42 62
40 50 59
41 63 63
42 56 58
43 53 54
44 57 57
45 49 52
46 45 53
47 50 54
48 45 51
49 39 48
50 40 46
51 43 48
52 41 46
53 41 45
54 39 43
55 38 44
56 45 47
57 44 50
58 47 48
59 17 46
60 33 43
61 39 39
62 35 36
63 29 33
64 27 31
65 34 34
66 12 31
67 16 30
68 25 27
69 25 26
70 15 22
71 19 24
72 20 20
73 14 22
74 22 23
75 12 22
76 7 18
77 8 17
78 15 15
79 13 14
80 7 16
81 5 13
82 7 12
83 11 15
84 11 13
85 6 12
86 15 16
87 5 15
88 6 10
89 9 9
90 5 6
91 6 7
92 8 8
93 7 7
94 3 5
95 3 3
96 3 4
97 4 4
98 2 2
99 1 1
100 1 1

