0 54 114
1 36 129
2 129 140
3 93 140
4 139 140
5 39 139
6 142 143
7 141 143
8 110 144
9 114 143
10 135 143
11 86 143
12 138 141
13 49 139
14 133 141
15 52 140
16 136 137
17 136 136
18 49 135
19 53 136
20 43 136
21 40 136
22 127 141
23 136 141
24 126 140
25 26 140
26 133 140
27 132 140
28 128 139
29 130 141
30 131 141
31 140 140
32 137 138
33 135 138
34 137 137
35 131 136
36 135 135
37 131 136
38 124 136
39 135 136
40 114 135
41 134 134
42 132 133
43 77 134
44 65 134
45 129 136
46 132 136
47 50 136
48 132 137
49 88 136
50 113 136
51 123 133
52 87 130
53 101 129
54 92 128
55 109 127
56 123 128
57 116 127
58 124 125
59 123 124
60 53 121
61 109 120
62 107 119
63 28 119
64 108 123
65 119 122
66 113 122
67 108 122
68 99 122
69 116 122
70 120 121
71 119 120
72 119 119
73 119 119
74 114 118
75 25 120
76 28 122
77 112 124
78 118 126
79 124 125
80 120 124
81 119 123
82 121 123
83 17 123
84 124 125
85 123 125
86 110 125
87 112 123
88 16 122
89 75 125
90 120 124
91 86 123
92 86 121
93 119 120
94 113 118
95 96 116
96 108 116
97 117 118
98 107 116
99 111 116
100 110 116
101 17 115
102 67 113
103 10 112
104 105 112
105 51 112
106 89 115
107 105 112
108 106 110
109 107 111
110 5 111
111 86 111
112 99 111
113 48 110
114 109 109
115 96 105
116 98 104
117 104 104
118 95 103
119 89 102
120 28 102
121 79 106
122 3 106
123 106 111
124 102 111
125 98 109
126 101 109
127 74 108
128 105 106
129 89 108
130 95 108
131 98 108
132 94 107
133 102 106
134 91 104
135 93 102
136 1 101
137 104 106
138 28 106
139 97 104
140 102 103
141 91 103
142 92 104
143 93 103
144 102 103
145 92 102
146 62 102
147 61 101
148 91 101
149 89 100
150 99 99
151 80 99
152 79 99
153 87 98
154 96 97
155 65 95
156 94 94
157 91 93
158 92 92
159 84 89
160 75 89
161 84 89
162 79 87
163 83 87
164 81 85
165 77 83
166 79 83
167 71 86
168 90 91
169 75 88
170 64 87
171 83 86
172 68 83
173 72 81
174 74 80
175 67 78
176 66 77
177 62 77
178 58 74
179 51 74
180 71 73
181 62 70
182 62 69
183 67 67
184 41 65
185 61 65
186 49 64
187 62 64
188 56 62
189 49 62
190 42 61
191 52 61
192 60 60
193 55 59
194 50 58
195 20 58
196 53 57
197 52 57
198 44 53
199 46 51
200 52 52
201 50 50
202 51 51
203 49 50
204 49 49
205 38 48
206 46 48
207 28 46
208 39 44
209 41 44
210 42 42
211 34 40
212 38 38
213 33 39
214 27 40
215 38 38
216 26 35
217 28 32
218 31 35
219 21 33
220 36 36
221 20 35
222 32 32
223 17 31
224 24 28
225 29 29
226 27 28
227 24 29
228 18 30
229 22 30
230 21 29
231 24 29
232 27 27
233 15 25
234 23 24
235 13 22
236 15 20
237 16 18
238 8 20
239 14 17
240 14 17
241 12 17
242 17 18
243 16 18
244 18 21
245 14 21
246 14 20
247 15 19
248 5 16
249 12 16
250 15 18
251 12 18
252 10 16
253 13 15
254 11 14
255 8 13
256 12 12
257 11 12
258 10 12
259 9 11
260 6 11
261 5 10
262 4 8
263 4 4
264 3 4
265 2 4
266 2 4
267 2 2

