0 64 110
1 110 131
2 55 138
3 48 145
4 148 148
5 150 152
6 152 153
7 120 157
8 141 157
9 153 156
10 145 155
11 40 153
12 138 154
13 124 155
14 143 154
15 145 152
16 133 150
17 137 149
18 148 150
19 138 151
20 34 151
21 150 154
22 151 155
23 143 154
24 147 154
25 147 153
26 134 152
27 148 151
28 146 150
29 137 149
30 140 147
31 141 146
32 125 145
33 144 146
34 132 144
35 143 143
36 143 143
37 141 142
38 137 143
39 130 144
40 140 143
41 124 143
42 138 144
43 143 144
44 136 142
45 136 142
46 141 142
47 139 140
48 38 141
49 139 141
50 105 140
51 21 139
52 122 139
53 138 139
54 104 138
55 126 137
56 136 136
57 132 135
58 134 134
59 118 133
60 133 133
61 122 133
62 119 133
63 130 131
64 126 130
65 123 128
66 124 130
67 109 129
68 116 127
69 125 127
70 125 126
71 120 124
72 28 125
73 122 124
74 108 122
75 118 122
76 119 121
77 120 121
78 120 120
79 118 118
80 108 119
81 116 119
82 119 119
83 86 121
84 115 122
85 114 119
86 21 118
87 115 119
88 17 119
89 16 118
90 114 118
91 112 117
92 117 121
93 119 123
94 116 122
95 117 121
96 119 120
97 119 119
98 109 120
99 114 121
100 116 121
101 116 119
102 104 118
103 118 118
104 106 117
105 118 118
106 114 117
107 111 116
108 116 117
109 14 116
110 108 114
111 104 113
112 104 112
113 105 112
114 42 110
115 29 112
116 3 115
117 115 116
118 112 115
119 97 114
120 104 116
121 97 115
122 114 114
123 108 113
124 106 112
125 107 110
126 106 109
127 108 110
128 106 110
129 107 110
130 95 113
131 111 112
132 108 112
133 104 109
134 102 107
135 104 107
136 91 106
137 79 105
138 93 105
139 98 105
140 87 104
141 86 102
142 90 101
143 79 100
144 85 99
145 96 96
146 3 94
147 87 94
148 1 94
149 67 96
150 80 96
151 28 97
152 88 97
153 95 96
154 80 93
155 69 91
156 70 92
157 87 94
158 70 98
159 94 95
160 74 95
161 83 92
162 81 86
163 84 85
164 80 82
165 72 81
166 80 80
167 55 79
168 74 80
169 78 80
170 68 79
171 81 81
172 76 81
173 81 81
174 78 81
175 77 81
176 74 80
177 80 82
178 73 81
179 68 81
180 66 80
181 78 78
182 77 77
183 72 75
184 73 73
185 59 75
186 68 74
187 69 73
188 67 70
189 67 67
190 60 63
191 64 64
192 56 66
193 36 64
194 36 62
195 38 59
196 42 58
197 47 56
198 49 56
199 50 54
200 50 51
201 42 51
202 19 49
203 46 47
204 34 47
205 46 46
206 42 44
207 40 44
208 37 43
209 40 42
210 29 39
211 32 40
212 39 41
213 37 41
214 38 39
215 39 42
216 40 41
217 32 41
218 22 39
219 32 38
220 31 36
221 29 36
222 35 36
223 32 36
224 27 35
225 17 33
226 25 31
227 17 27
228 27 27
229 17 26
230 11 24
231 16 23
232 17 22
233 10 20
234 8 20
235 10 19
236 12 19
237 16 18
238 10 18
239 8 16
240 6 14
241 12 12
242 9 11
243 9 11
244 7 9
245 4 7
246 7 7
247 5 6
248 1 6
249 6 6
250 1 5
251 2 3
252 3 3
253 2 2
254 1 1
255 1 1

