0 56 60
1 65 72
2 66 79
3 58 81
4 63 77
5 71 76
6 63 76
7 65 74
8 74 74
9 65 75
10 76 76
11 66 81
12 75 79
13 74 80
14 41 81
15 63 81
16 64 76
17 67 72
18 39 66
19 49 63
20 39 60
21 22 61
22 43 57
23 54 55
24 45 52
25 45 51
26 39 50
27 35 48
28 39 47
29 28 46
30 38 47
31 40 43
32 35 37
33 35 35
34 34 34
35 25 32
36 25 34
37 28 30
38 19 29
39 21 29
40 28 29
41 22 32
42 29 29
43 12 24
44 22 24
45 21 24
46 18 24
47 19 24
48 17 19
49 12 17
50 14 16
51 4 13
52 10 11
53 8 10
54 5 10
55 10 10
56 5 7
57 7 7
58 1 5
59 5 5
60 3 3
61 3 3
62 1 2
63 2 3
64 1 1
65 1 1

