0 184 201
1 193 209
2 185 212
3 167 212
4 189 210
5 189 208
6 205 206
7 201 203
8 202 205
9 190 207
10 178 205
11 203 203
12 184 203
13 186 203
14 176 201
15 190 196
16 189 195
17 166 192
18 176 196
19 183 192
20 184 188
21 179 186
22 158 187
23 135 188
24 180 181
25 171 176
26 165 173
27 157 171
28 161 171
29 164 170
30 127 170
31 156 166
32 144 162
33 151 163
34 134 162
35 90 159
36 143 157
37 137 152
38 141 152
39 121 153
40 128 148
41 134 146
42 139 144
43 117 142
44 132 137
45 135 136
46 118 129
47 128 130
48 102 131
49 101 130
50 130 131
51 117 123
52 121 121
53 117 120
54 114 121
55 114 117
56 111 113
57 102 119
58 111 116
59 81 116
60 106 113
61 107 110
62 101 110
63 97 108
64 97 109
65 92 111
66 82 106
67 105 106
68 96 105
69 96 106
70 99 103
71 77 103
72 100 101
73 59 98
74 85 94
75 70 92
76 64 90
77 79 92
78 71 88
79 85 87
80 85 85
81 88 88
82 85 88
83 49 89
84 82 82
85 57 76
86 66 77
87 65 71
88 61 74
89 76 76
90 63 74
91 67 71
92 70 72
93 43 74
94 67 69
95 43 67
96 64 64
97 59 59
98 55 58
99 55 57
100 58 59
101 53 60
102 50 62
103 54 61
104 55 56
105 52 52
106 35 50
107 48 53
108 49 52
109 48 52
110 45 48
111 40 47
112 43 47
113 44 44
114 42 42
115 15 41
116 28 39
117 17 39
118 36 37
119 30 33
120 30 32
121 31 31
122 27 29
123 13 28
124 25 31
125 27 30
126 27 30
127 16 28
128 20 22
129 14 20
130 14 19
131 16 16
132 15 16
133 11 15
134 10 13
135 11 12
136 11 13
137 8 13
138 8 13
139 7 10
140 4 9
141 4 7
142 2 5
143 1 2
144 4 4
145 1 1
146 1 1
147 1 1

