0 92 96
1 87 98
2 92 100
3 62 102
4 90 98
5 92 96
6 95 95
7 94 96
8 98 101
9 69 99
10 79 97
11 80 94
12 77 93
13 84 90
14 84 90
15 85 92
16 90 92
17 85 88
18 81 86
19 79 84
20 62 85
21 72 78
22 64 76
23 49 72
24 53 69
25 60 70
26 67 71
27 55 69
28 42 68
29 50 63
30 57 63
31 62 62
32 48 60
33 44 60
34 57 57
35 55 56
36 45 54
37 48 53
38 39 53
39 49 51
40 42 53
41 44 51
42 45 46
43 35 46
44 31 43
45 33 42
46 32 41
47 38 40
48 33 38
49 34 39
50 32 39
51 38 38
52 34 37
53 38 38
54 33 38
55 29 39
56 35 37
57 22 30
58 22 27
59 30 30
60 22 26
61 25 26
62 24 28
63 22 26
64 23 25
65 8 25
66 22 23
67 8 21
68 4 20
69 13 14
70 11 11
71 6 10
72 7 9
73 10 11
74 8 9
75 5 6
76 2 4
77 1 3
78 1 1

