0 138 149
1 158 159
2 153 161
3 126 165
4 162 168
5 158 165
6 139 162
7 158 163
8 147 162
9 149 157
10 145 153
11 128 153
12 148 152
13 153 153
14 108 147
15 148 149
16 123 144
17 134 145
18 137 146
19 133 144
20 122 140
21 120 142
22 142 142
23 112 138
24 111 139
25 98 133
26 96 132
27 119 127
28 95 123
29 101 121
30 118 119
31 118 121
32 104 121
33 109 116
34 112 117
35 109 112
36 97 109
37 81 107
38 81 108
39 97 106
40 99 104
41 104 108
42 103 103
43 102 105
44 81 108
45 94 103
46 71 102
47 82 95
48 74 88
49 72 89
50 76 88
51 66 89
52 88 91
53 83 83
54 72 81
55 76 81
56 79 83
57 62 79
58 69 75
59 47 76
60 61 70
61 41 65
62 54 64
63 57 64
64 49 63
65 59 60
66 53 56
67 50 53
68 48 50
69 37 48
70 46 51
71 40 52
72 50 52
73 48 52
74 43 50
75 48 49
76 50 52
77 47 51
78 41 48
79 35 48
80 43 44
81 43 45
82 36 43
83 31 41
84 38 39
85 30 43
86 27 39
87 26 41
88 38 38
89 40 40
90 33 37
91 32 35
92 24 35
93 24 35
94 26 33
95 23 31
96 30 33
97 21 28
98 23 24
99 20 23
100 18 23
101 20 23
102 9 19
103 14 17
104 18 18
105 12 15
106 20 20
107 17 18
108 19 19
109 15 16
110 13 14
111 10 11
112 10 10
113 7 8
114 7 9
115 5 7
116 3 6
117 1 7
118 4 4
119 1 5
120 4 4
121 1 3
122 6 6
123 4 4
124 2 2

