0 91 101
1 110 110
2 109 110
3 97 111
4 100 113
5 108 115
6 110 110
7 108 111
8 108 108
9 96 107
10 107 107
11 99 109
12 67 109
13 69 108
14 95 103
15 101 101
16 86 98
17 92 98
18 83 96
19 82 93
20 75 87
21 83 89
22 84 86
23 57 86
24 73 86
25 78 82
26 69 81
27 74 77
28 70 80
29 75 77
30 73 77
31 72 79
32 76 78
33 73 77
34 59 75
35 60 72
36 47 71
37 60 68
38 54 68
39 63 67
40 34 64
41 55 61
42 49 57
43 44 58
44 46 52
45 47 53
46 50 53
47 48 51
48 37 51
49 50 52
50 20 48
51 37 43
52 31 39
53 40 40
54 43 43
55 43 44
56 37 42
57 37 40
58 41 42
59 40 41
60 40 40
61 20 37
62 36 38
63 29 36
64 24 35
65 30 33
66 18 35
67 24 31
68 26 31
69 23 30
70 12 27
71 6 25
72 5 22
73 14 17
74 3 14
75 10 13
76 9 10
77 4 9
78 7 7
79 5 5
80 5 7
81 3 5
82 2 6
83 4 4
84 2 3
85 2 3
86 3 5
87 2 5
88 1 2
89 1 1
90 1 1
91 1 1

