0 21 63
1 63 70
2 63 80
3 21 87
4 15 102
5 103 109
6 111 111
7 109 112
8 108 117
9 18 117
10 99 118
11 106 121
12 78 121
13 118 120
14 115 119
15 106 117
16 98 117
17 105 116
18 64 115
19 69 114
20 110 114
21 76 113
22 113 113
23 106 113
24 109 113
25 7 111
26 102 115
27 109 115
28 109 117
29 20 117
30 100 117
31 5 119
32 98 119
33 96 120
34 116 119
35 110 117
36 4 117
37 84 118
38 99 116
39 64 114
40 1 116
41 105 116
42 115 115
43 78 114
44 72 114
45 106 113
46 104 112
47 112 112
48 108 111
49 104 111
50 78 111
51 68 110
52 99 110
53 81 109
54 89 107
55 92 105
56 88 104
57 102 102
58 100 100
59 103 104
60 97 103
61 98 103
62 78 102
63 85 102
64 98 100
65 97 99
66 74 98
67 95 96
68 80 95
69 88 95
70 81 94
71 92 94
72 86 92
73 81 92
74 81 91
75 72 89
76 85 86
77 72 88
78 87 89
79 87 87
80 79 86
81 81 86
82 82 85
83 72 87
84 87 87
85 84 85
86 83 83
87 76 80
88 41 78
89 59 79
90 68 77
91 69 75
92 51 73
93 57 70
94 62 70
95 68 68
96 66 66
97 66 66
98 49 65
99 63 64
100 61 62
101 43 60
102 54 60
103 56 58
104 29 58
105 52 58
106 54 57
107 38 54
108 54 54
109 29 53
110 45 52
111 36 50
112 40 48
113 44 47
114 43 47
115 21 45
116 39 45
117 31 44
118 36 42
119 29 39
120 25 35
121 32 33
122 33 34
123 30 32
124 25 32
125 27 31
126 12 29
127 22 28
128 27 29
129 28 28
130 26 30
131 15 29
132 16 30
133 24 30
134 20 29
135 20 28
136 24 27
137 11 25
138 19 25
139 7 23
140 8 24
141 14 22
142 9 21
143 18 20
144 11 20
145 12 19
146 16 18
147 16 17
148 11 16
149 14 15
150 11 13
151 8 13
152 8 11
153 9 10
154 7 10
155 9 9
156 3 5
157 2 3
158 3 3
159 2 3
160 2 2
161 1 1

