0 97 171
1 186 187
2 90 191
3 160 195
4 89 195
5 83 197
6 198 201
7 193 200
8 169 200
9 192 201
10 200 201
11 179 202
12 83 203
13 130 203
14 162 202
15 193 201
16 144 200
17 195 199
18 173 198
19 167 197
20 195 196
21 175 196
22 182 199
23 197 200
24 196 199
25 84 198
26 181 198
27 158 196
28 189 195
29 182 193
30 154 191
31 182 192
32 152 191
33 172 190
34 163 190
35 184 188
36 75 186
37 182 185
38 67 184
39 175 184
40 173 184
41 178 183
42 181 182
43 178 180
44 178 182
45 181 182
46 182 182
47 177 182
48 147 183
49 182 182
50 176 181
51 124 179
52 178 178
53 162 177
54 173 175
55 161 175
56 81 172
57 96 172
58 135 170
59 84 167
60 79 165
61 96 168
62 167 168
63 151 167
64 142 164
65 155 163
66 153 162
67 92 161
68 129 161
69 63 160
70 147 160
71 142 160
72 66 159
73 104 158
74 154 157
75 143 156
76 63 155
77 139 154
78 150 154
79 147 153
80 141 151
81 122 151
82 141 151
83 149 149
84 53 148
85 68 148
86 144 148
87 129 148
88 39 147
89 120 145
90 99 146
91 134 147
92 143 147
93 115 146
94 141 145
95 136 144
96 123 144
97 129 143
98 111 142
99 128 143
100 57 143
101 42 144
102 42 145
103 53 146
104 144 146
105 109 145
106 127 144
107 118 144
108 66 142
109 118 143
110 141 142
111 57 140
112 112 138
113 126 137
114 60 136
115 108 135
116 121 134
117 110 133
118 130 132
119 130 130
120 122 132
121 101 131
122 84 129
123 33 129
124 126 132
125 92 132
126 119 132
127 131 131
128 127 132
129 125 132
130 44 131
131 125 131
132 131 132
133 132 133
134 123 134
135 127 134
136 127 132
137 109 133
138 132 134
139 97 133
140 119 132
141 127 131
142 127 132
143 131 131
144 93 131
145 94 132
146 100 131
147 74 129
148 119 126
149 104 127
150 126 126
151 116 125
152 116 124
153 83 123
154 107 123
155 123 123
156 95 122
157 118 121
158 94 121
159 112 121
160 31 121
161 85 122
162 115 122
163 93 121
164 89 120
165 45 119
166 105 118
167 35 117
168 40 117
169 114 122
170 120 121
171 107 121
172 119 121
173 112 120
174 105 119
175 10 120
176 112 122
177 95 121
178 101 120
179 101 119
180 108 118
181 28 117
182 66 117
183 100 117
184 88 117
185 114 116
186 81 115
187 91 114
188 23 113
189 77 113
190 87 112
191 96 111
192 106 110
193 90 109
194 97 108
195 73 105
196 85 103
197 97 102
198 5 98
199 91 96
200 90 95
201 85 95
202 92 96
203 94 95
204 86 94
205 90 94
206 80 93
207 42 92
208 55 92
209 88 94
210 83 96
211 94 94
212 2 93
213 94 94
214 83 93
215 92 92
216 86 91
217 61 90
218 79 89
219 2 90
220 50 90
221 87 89
222 86 88
223 88 88
224 79 87
225 86 86
226 86 86
227 83 86
228 73 85
229 83 84
230 72 84
231 53 84
232 53 83
233 69 81
234 58 77
235 72 77
236 76 77
237 71 77
238 67 75
239 71 71
240 35 74
241 32 71
242 45 67
243 69 69
244 62 68
245 67 69
246 50 66
247 63 64
248 42 62
249 60 65
250 46 64
251 48 63
252 44 59
253 52 57
254 47 58
255 56 58
256 61 61
257 53 61
258 57 62
259 59 59
260 51 56
261 55 56
262 47 55
263 52 56
264 54 54
265 49 54
266 53 54
267 50 59
268 43 58
269 41 57
270 53 55
271 36 53
272 55 57
273 59 59
274 45 59
275 42 55
276 46 53
277 50 50
278 46 46
279 45 47
280 45 45
281 32 44
282 27 44
283 31 42
284 17 40
285 39 39
286 37 37
287 26 36
288 28 34
289 20 33
290 29 31
291 16 30
292 27 29
293 22 28
294 15 28
295 27 27
296 20 27
297 27 27
298 23 26
299 20 25
300 22 25
301 8 24
302 21 23
303 19 22
304 9 20
305 9 18
306 15 18
307 9 17
308 15 16
309 14 14
310 14 14
311 8 13
312 12 14
313 6 12
314 10 11
315 10 10
316 7 11
317 7 11
318 7 10
319 9 9
320 8 8
321 3 7
322 2 4
323 2 4
324 2 3
325 2 2
326 1 1
327 1 1

