0 109 137
1 84 146
2 136 150
3 116 160
4 159 164
5 154 170
6 97 171
7 160 171
8 141 171
9 79 172
10 75 172
11 60 173
12 162 174
13 172 173
14 85 176
15 121 176
16 165 177
17 162 178
18 173 177
19 149 176
20 172 177
21 171 177
22 177 177
23 147 176
24 171 174
25 145 173
26 147 172
27 166 171
28 81 170
29 81 170
30 159 169
31 100 168
32 150 167
33 163 164
34 147 163
35 135 162
36 162 164
37 142 164
38 140 162
39 161 162
40 158 161
41 144 160
42 154 161
43 157 160
44 135 162
45 159 163
46 154 161
47 151 159
48 155 159
49 137 159
50 93 158
51 133 156
52 156 158
53 124 156
54 132 154
55 101 154
56 43 154
57 138 153
58 123 152
59 109 151
60 148 149
61 119 148
62 122 146
63 144 146
64 87 145
65 142 144
66 119 143
67 61 143
68 120 143
69 143 143
70 137 142
71 137 141
72 108 140
73 140 140
74 129 139
75 130 138
76 116 137
77 135 136
78 117 135
79 133 134
80 110 133
81 43 131
82 97 135
83 128 135
84 124 137
85 80 137
86 59 136
87 132 135
88 87 135
89 134 134
90 119 133
91 77 132
92 48 131
93 126 132
94 130 130
95 117 131
96 129 132
97 130 131
98 128 130
99 67 129
100 127 127
101 45 126
102 54 123
103 40 122
104 38 125
105 124 129
106 123 130
107 129 131
108 122 132
109 69 134
110 36 133
111 109 135
112 135 135
113 58 135
114 81 134
115 109 135
116 127 134
117 109 133
118 131 131
119 106 130
120 123 128
121 127 127
122 112 126
123 92 124
124 122 123
125 19 122
126 114 122
127 87 121
128 11 122
129 70 123
130 110 125
131 106 124
132 44 126
133 49 125
134 84 126
135 88 125
136 38 125
137 104 124
138 105 123
139 96 122
140 120 122
141 113 120
142 119 119
143 117 118
144 93 118
145 116 117
146 43 117
147 47 117
148 109 117
149 113 118
150 102 118
151 117 118
152 79 117
153 116 116
154 44 115
155 109 115
156 79 115
157 36 114
158 75 112
159 72 110
160 107 109
161 62 111
162 94 110
163 108 109
164 97 108
165 96 113
166 52 114
167 23 111
168 81 109
169 48 109
170 106 108
171 86 107
172 109 110
173 101 109
174 106 108
175 17 106
176 101 107
177 97 108
178 100 108
179 101 108
180 96 109
181 106 108
182 107 109
183 11 111
184 4 110
185 111 111
186 107 110
187 95 108
188 97 107
189 61 107
190 96 105
191 92 105
192 79 104
193 75 103
194 56 101
195 100 103
196 95 101
197 48 102
198 77 102
199 60 102
200 98 102
201 101 102
202 87 103
203 102 103
204 23 102
205 77 102
206 100 101
207 74 101
208 96 101
209 101 102
210 98 102
211 101 103
212 100 102
213 50 101
214 97 100
215 60 99
216 33 97
217 51 99
218 95 99
219 61 98
220 28 97
221 93 97
222 84 97
223 35 96
224 65 96
225 44 95
226 76 94
227 45 92
228 90 90
229 66 89
230 82 88
231 83 88
232 54 86
233 78 84
234 61 84
235 74 84
236 78 82
237 72 82
238 67 82
239 64 82
240 42 80
241 57 81
242 30 80
243 59 79
244 45 77
245 66 74
246 67 72
247 55 72
248 68 69
249 52 66
250 51 66
251 68 69
252 64 68
253 44 66
254 63 64
255 60 64
256 60 64
257 54 63
258 57 60
259 52 58
260 55 56
261 42 56
262 54 56
263 51 53
264 51 51
265 37 50
266 53 53
267 49 52
268 49 51
269 43 50
270 27 48
271 37 49
272 44 45
273 43 44
274 42 42
275 42 43
276 41 43
277 32 44
278 37 45
279 33 43
280 39 41
281 33 40
282 36 39
283 27 37
284 30 36
285 35 35
286 26 36
287 34 36
288 35 35
289 28 35
290 32 34
291 33 33
292 17 33
293 28 31
294 28 30
295 27 30
296 23 29
297 23 26
298 22 26
299 13 28
300 12 28
301 8 26
302 20 24
303 16 22
304 14 19
305 3 17
306 15 16
307 10 15
308 12 13
309 12 12
310 4 11
311 5 10
312 8 9
313 7 8
314 2 6
315 3 6
316 5 5
317 4 4
318 2 2

