0 88 168
1 161 178
2 117 181
3 186 190
4 187 192
5 102 195
6 181 196
7 102 196
8 196 196
9 195 195
10 167 196
11 166 196
12 152 195
13 171 194
14 192 193
15 97 192
16 175 192
17 176 190
18 160 188
19 179 186
20 174 185
21 183 184
22 160 183
23 141 182
24 164 182
25 179 181
26 177 180
27 127 179
28 177 181
29 92 188
30 185 189
31 90 191
32 78 192
33 191 199
34 166 198
35 187 198
36 193 197
37 193 197
38 177 197
39 176 197
40 173 196
41 169 194
42 189 193
43 79 193
44 91 192
45 137 191
46 131 190
47 185 188
48 178 187
49 109 186
50 74 185
51 176 184
52 184 186
53 185 185
54 187 187
55 100 188
56 139 187
57 175 186
58 184 185
59 172 182
60 178 182
61 173 180
62 168 180
63 163 180
64 154 182
65 162 182
66 150 181
67 168 181
68 69 181
69 140 181
70 172 180
71 54 179
72 172 175
73 140 174
74 174 175
75 100 174
76 156 173
77 138 174
78 173 173
79 172 172
80 33 170
81 161 168
82 155 168
83 165 168
84 164 169
85 162 168
86 154 167
87 154 167
88 70 166
89 93 164
90 160 162
91 138 161
92 139 161
93 66 160
94 148 158
95 142 159
96 151 158
97 113 157
98 143 154
99 97 152
100 143 150
101 133 149
102 128 149
103 148 148
104 139 146
105 35 145
106 59 144
107 144 144
108 107 144
109 136 143
110 106 144
111 92 143
112 126 142
113 115 140
114 112 141
115 140 140
116 124 140
117 107 137
118 105 137
119 109 139
120 46 141
121 93 141
122 101 141
123 41 140
124 94 140
125 121 139
126 122 138
127 104 138
128 115 137
129 33 136
130 52 134
131 115 135
132 125 135
133 128 135
134 127 135
135 92 134
136 93 133
137 131 132
138 121 131
139 104 130
140 128 130
141 32 129
142 28 127
143 122 126
144 116 125
145 105 124
146 31 128
147 108 128
148 121 129
149 112 127
150 115 126
151 122 126
152 111 128
153 121 127
154 124 126
155 116 126
156 77 124
157 122 124
158 123 123
159 121 121
160 23 120
161 106 120
162 118 118
163 91 117
164 106 118
165 101 113
166 102 110
167 97 112
168 96 116
169 119 119
170 110 120
171 112 120
172 111 120
173 119 119
174 116 118
175 78 118
176 103 119
177 109 119
178 115 118
179 117 117
180 112 116
181 112 115
182 113 115
183 89 114
184 94 113
185 112 112
186 111 111
187 87 111
188 88 110
189 111 111
190 100 110
191 109 110
192 22 108
193 101 105
194 92 104
195 102 102
196 90 100
197 93 98
198 80 98
199 93 98
200 92 98
201 93 97
202 90 96
203 34 95
204 92 95
205 96 96
206 74 97
207 68 97
208 52 96
209 93 96
210 93 95
211 94 95
212 93 93
213 85 93
214 86 92
215 81 92
216 11 93
217 90 93
218 2 94
219 91 93
220 93 93
221 86 93
222 80 94
223 12 93
224 78 92
225 66 90
226 61 91
227 47 89
228 72 87
229 13 86
230 85 86
231 83 85
232 81 84
233 78 83
234 66 82
235 82 82
236 44 80
237 79 80
238 1 79
239 70 78
240 77 78
241 70 78
242 67 76
243 75 77
244 73 77
245 63 75
246 62 73
247 70 73
248 68 73
249 69 72
250 67 71
251 65 70
252 62 69
253 65 68
254 64 67
255 63 68
256 65 66
257 65 66
258 63 67
259 60 66
260 53 65
261 55 64
262 39 63
263 52 60
264 58 59
265 50 61
266 54 62
267 52 61
268 48 56
269 42 57
270 57 57
271 49 56
272 55 57
273 38 53
274 49 53
275 35 52
276 41 51
277 39 53
278 51 54
279 33 53
280 49 52
281 44 50
282 37 50
283 42 48
284 44 46
285 39 46
286 43 43
287 42 42
288 41 43
289 40 42
290 41 41
291 42 42
292 38 42
293 38 41
294 28 41
295 39 39
296 32 38
297 31 39
298 37 39
299 39 39
300 38 38
301 36 37
302 30 39
303 37 37
304 31 37
305 21 34
306 34 34
307 32 33
308 29 31
309 30 31
310 29 30
311 30 30
312 28 29
313 27 27
314 25 26
315 24 26
316 25 25
317 18 25
318 21 25
319 27 27
320 23 29
321 29 29
322 28 28
323 24 28
324 16 27
325 17 27
326 20 27
327 10 25
328 21 22
329 22 22
330 21 22
331 14 20
332 17 19
333 16 18
334 12 17
335 16 17
336 9 16
337 2 15
338 5 14
339 9 13
340 6 13
341 9 12
342 11 11
343 9 10
344 4 9
345 5 8
346 4 7
347 5 5
348 2 5
349 4 4
350 2 4
351 4 4
352 1 3
353 3 3
354 1 3
355 1 2

