0 84 115
1 118 120
2 113 119
3 112 122
4 94 126
5 119 123
6 98 119
7 115 117
8 108 117
9 115 116
10 96 111
11 85 111
12 97 109
13 101 107
14 99 104
15 79 100
16 98 98
17 96 96
18 95 97
19 89 96
20 69 97
21 94 94
22 92 93
23 93 96
24 54 92
25 81 89
26 70 87
27 83 84
28 78 81
29 78 83
30 80 83
31 74 86
32 72 82
33 68 78
34 71 73
35 65 72
36 68 74
37 47 77
38 73 74
39 70 70
40 57 68
41 64 67
42 62 63
43 60 62
44 48 64
45 63 63
46 48 61
47 49 59
48 50 62
49 59 59
50 52 59
51 54 58
52 41 59
53 58 58
54 47 57
55 49 54
56 44 55
57 35 52
58 44 50
59 42 46
60 45 45
61 28 46
62 29 42
63 29 40
64 36 36
65 30 33
66 33 36
67 28 33
68 23 31
69 30 30
70 22 28
71 18 24
72 25 25
73 21 24
74 20 22
75 17 21
76 16 19
77 8 17
78 3 19
79 11 18
80 13 14
81 10 15
82 4 13
83 8 11
84 6 12
85 6 9
86 7 9
87 9 9
88 9 11
89 12 12
90 6 10
91 7 10
92 9 9
93 6 7
94 5 5
95 4 5
96 3 4
97 4 4
98 3 3
99 2 2
100 2 3
101 1 1

