0 102 175
1 191 192
2 94 194
3 91 196
4 178 198
5 193 199
6 182 201
7 121 200
8 163 199
9 199 199
10 161 198
11 159 202
12 193 201
13 94 199
14 196 197
15 164 197
16 123 195
17 162 194
18 183 193
19 183 190
20 181 189
21 184 188
22 160 189
23 153 189
24 185 188
25 179 187
26 183 187
27 123 186
28 87 185
29 111 186
30 174 190
31 176 190
32 167 194
33 194 194
34 93 193
35 164 193
36 193 193
37 189 193
38 191 192
39 158 193
40 192 193
41 189 192
42 176 192
43 191 192
44 192 192
45 188 193
46 189 195
47 176 195
48 194 194
49 192 193
50 75 192
51 123 192
52 184 195
53 142 198
54 198 199
55 165 199
56 109 201
57 202 202
58 195 203
59 183 204
60 190 204
61 161 204
62 192 204
63 188 204
64 200 202
65 198 201
66 183 200
67 196 201
68 183 202
69 191 202
70 144 201
71 200 200
72 198 199
73 198 199
74 188 198
75 188 196
76 178 195
77 183 193
78 160 191
79 173 188
80 182 187
81 171 186
82 182 185
83 182 184
84 179 183
85 179 181
86 41 181
87 151 182
88 135 183
89 118 184
90 153 181
91 178 178
92 173 178
93 176 176
94 164 178
95 158 177
96 173 175
97 155 173
98 169 172
99 158 171
100 161 171
101 172 172
102 78 172
103 142 171
104 154 169
105 165 166
106 144 166
107 107 164
108 141 161
109 128 159
110 93 158
111 71 157
112 145 156
113 148 161
114 163 164
115 165 166
116 164 165
117 156 164
118 45 163
119 107 162
120 162 162
121 34 161
122 129 160
123 144 159
124 142 157
125 54 157
126 85 157
127 101 157
128 145 157
129 148 156
130 154 155
131 149 154
132 134 151
133 127 150
134 151 151
135 107 150
136 132 151
137 53 149
138 142 148
139 38 146
140 148 148
141 99 149
142 143 149
143 138 148
144 45 147
145 119 148
146 143 149
147 148 149
148 142 150
149 149 150
150 145 149
151 114 150
152 126 149
153 148 149
154 146 148
155 128 147
156 143 146
157 142 145
158 134 142
159 140 141
160 137 140
161 140 140
162 133 141
163 134 140
164 134 140
165 137 138
166 121 136
167 116 137
168 125 135
169 132 132
170 131 132
171 27 132
172 134 134
173 133 136
174 31 135
175 132 136
176 134 135
177 116 133
178 125 132
179 122 133
180 131 131
181 120 129
182 124 129
183 128 128
184 122 127
185 122 127
186 65 130
187 131 134
188 131 137
189 130 137
190 121 137
191 136 136
192 85 133
193 109 131
194 74 130
195 121 132
196 131 132
197 128 130
198 110 128
199 122 128
200 123 127
201 114 127
202 112 127
203 58 126
204 116 125
205 118 129
206 118 130
207 125 129
208 121 128
209 112 127
210 24 126
211 25 126
212 90 127
213 64 127
214 122 127
215 63 127
216 124 126
217 118 125
218 16 124
219 109 125
220 103 125
221 112 125
222 81 124
223 74 124
224 118 123
225 102 122
226 105 122
227 79 121
228 79 121
229 82 120
230 108 119
231 77 119
232 89 119
233 117 118
234 112 117
235 101 116
236 113 115
237 87 113
238 115 115
239 113 114
240 113 114
241 112 113
242 97 110
243 22 110
244 110 111
245 95 112
246 105 112
247 109 111
248 107 112
249 106 111
250 109 109
251 91 108
252 47 106
253 75 106
254 96 105
255 104 104
256 94 105
257 102 104
258 79 104
259 103 103
260 104 104
261 96 105
262 104 104
263 101 104
264 97 103
265 94 102
266 77 99
267 79 97
268 86 97
269 84 96
270 91 98
271 89 96
272 9 95
273 7 95
274 88 94
275 93 95
276 99 99
277 93 98
278 88 98
279 97 97
280 16 96
281 90 96
282 90 96
283 91 96
284 91 96
285 75 95
286 82 92
287 41 93
288 86 92
289 83 89
290 88 88
291 75 88
292 88 88
293 81 87
294 84 85
295 72 85
296 82 85
297 85 86
298 4 83
299 81 84
300 81 87
301 79 90
302 74 91
303 88 89
304 84 87
305 82 85
306 75 85
307 84 85
308 78 84
309 63 84
310 55 87
311 85 87
312 65 86
313 82 84
314 82 82
315 80 82
316 67 82
317 78 79
318 65 79
319 73 77
320 76 76
321 75 75
322 46 74
323 66 75
324 72 76
325 71 72
326 69 70
327 68 70
328 67 68
329 50 68
330 62 68
331 1 72
332 48 80
333 51 94
334 53 96
335 44 98
336 96 97
337 93 95
338 89 95
339 94 94
340 79 94
341 89 92
342 76 91
343 44 89
344 80 87
345 85 87
346 75 86
347 63 86
348 53 84
349 74 82
350 67 86
351 60 83
352 62 83
353 78 82
354 78 82
355 51 82
356 31 79
357 76 77
358 73 75
359 59 73
360 32 71
361 56 70
362 58 68
363 62 66
364 52 65
365 38 63
366 50 61
367 57 60
368 56 58
369 48 57
370 50 55
371 44 54
372 50 53
373 53 57
374 54 58
375 56 57
376 41 55
377 54 54
378 49 55
379 48 54
380 36 57
381 51 58
382 35 57
383 51 53
384 47 51
385 43 50
386 45 50
387 47 47
388 40 48
389 39 46
390 33 43
391 28 43
392 39 41
393 37 39
394 28 38
395 32 39
396 35 38
397 34 38
398 36 37
399 35 36
400 32 34
401 21 33
402 32 34
403 22 32
404 31 32
405 28 31
406 21 32
407 23 30
408 24 29
409 29 29
410 30 30
411 28 30
412 22 29
413 24 31
414 30 30
415 13 28
416 23 27
417 25 25
418 23 24
419 19 22
420 21 22
421 16 22
422 22 22
423 22 23
424 11 23
425 22 22
426 18 20
427 15 17
428 15 16
429 16 17
430 12 16
431 15 16
432 10 15
433 8 13
434 12 15
435 14 14
436 13 13
437 10 12
438 8 10
439 9 11
440 11 11
441 10 10
442 8 9
443 6 8
444 7 9
445 4 8
446 6 7
447 5 6
448 5 5
449 3 3
450 1 1
451 1 1

