0 125 149
1 102 175
2 82 191
3 118 201
4 130 207
5 121 209
6 191 212
7 114 213
8 135 213
9 209 211
10 168 210
11 103 208
12 177 209
13 202 211
14 206 211
15 183 211
16 77 211
17 197 213
18 162 212
19 189 211
20 188 210
21 201 211
22 192 213
23 157 216
24 48 215
25 137 215
26 200 216
27 214 216
28 210 215
29 200 214
30 210 213
31 191 212
32 187 212
33 195 213
34 193 212
35 208 211
36 207 210
37 208 209
38 204 208
39 145 207
40 185 206
41 156 205
42 196 204
43 204 204
44 201 202
45 194 203
46 193 201
47 187 201
48 201 201
49 196 201
50 172 200
51 198 198
52 193 197
53 192 197
54 197 198
55 161 196
56 196 196
57 148 195
58 187 193
59 192 192
60 187 191
61 155 191
62 187 192
63 71 191
64 144 191
65 94 191
66 146 190
67 73 189
68 102 188
69 189 189
70 172 189
71 166 189
72 177 188
73 119 186
74 157 185
75 170 184
76 161 183
77 180 181
78 179 180
79 176 178
80 172 179
81 173 179
82 134 178
83 160 177
84 173 178
85 169 176
86 154 175
87 172 173
88 171 172
89 157 170
90 165 169
91 160 169
92 156 168
93 86 167
94 113 167
95 165 167
96 157 166
97 163 165
98 160 165
99 110 164
100 132 162
101 148 165
102 149 163
103 153 163
104 141 163
105 151 163
106 73 163
107 161 167
108 159 167
109 116 167
110 123 168
111 137 167
112 84 166
113 161 165
114 154 166
115 108 165
116 158 165
117 163 167
118 141 165
119 103 163
120 137 163
121 158 160
122 137 159
123 156 157
124 133 157
125 79 157
126 65 158
127 128 159
128 159 160
129 141 160
130 159 160
131 158 160
132 52 159
133 141 157
134 95 156
135 136 156
136 127 154
137 153 153
138 83 154
139 93 153
140 136 151
141 131 148
142 116 145
143 144 144
144 132 142
145 131 140
146 124 137
147 135 137
148 117 138
149 119 136
150 125 134
151 128 136
152 121 135
153 130 134
154 124 133
155 51 130
156 126 134
157 129 139
158 120 139
159 126 139
160 37 141
161 52 142
162 136 145
163 91 144
164 141 143
165 87 143
166 111 142
167 138 139
168 36 137
169 132 137
170 116 136
171 83 135
172 49 133
173 100 130
174 114 129
175 55 127
176 123 124
177 113 124
178 25 124
179 44 129
180 32 129
181 99 129
182 120 127
183 33 126
184 92 124
185 37 123
186 36 123
187 109 124
188 67 125
189 114 126
190 112 126
191 114 126
192 64 124
193 35 124
194 110 123
195 115 122
196 115 120
197 110 119
198 32 118
199 84 119
200 81 120
201 117 120
202 112 119
203 117 118
204 116 117
205 93 118
206 108 118
207 97 117
208 70 115
209 115 115
210 114 115
211 113 115
212 109 114
213 108 113
214 110 112
215 89 111
216 110 111
217 81 110
218 110 110
219 109 109
220 94 107
221 92 107
222 97 105
223 20 105
224 104 107
225 82 110
226 109 109
227 108 108
228 84 108
229 105 107
230 104 106
231 22 106
232 102 106
233 84 106
234 100 106
235 67 105
236 86 103
237 98 103
238 94 103
239 54 104
240 95 104
241 89 104
242 97 103
243 86 105
244 101 107
245 68 108
246 98 109
247 33 108
248 77 106
249 104 105
250 101 103
251 73 104
252 100 101
253 28 99
254 60 97
255 83 97
256 89 98
257 16 95
258 88 92
259 79 91
260 75 91
261 60 90
262 86 89
263 23 89
264 75 88
265 62 88
266 17 89
267 21 88
268 39 87
269 24 85
270 82 84
271 61 81
272 80 80
273 62 79
274 72 78
275 67 78
276 75 78
277 67 77
278 73 79
279 71 78
280 72 79
281 63 79
282 73 78
283 73 75
284 72 73
285 68 72
286 71 72
287 53 72
288 67 74
289 69 74
290 57 73
291 58 72
292 69 69
293 1 71
294 69 71
295 67 72
296 72 72
297 56 73
298 42 73
299 63 71
300 64 70
301 53 67
302 61 65
303 53 63
304 56 64
305 62 62
306 61 61
307 44 62
308 63 63
309 55 61
310 24 59
311 58 59
312 41 57
313 38 56
314 51 55
315 30 53
316 50 52
317 40 51
318 49 50
319 47 49
320 48 48
321 47 47
322 44 45
323 43 45
324 28 46
325 45 47
326 44 46
327 30 44
328 42 47
329 41 47
330 43 48
331 47 47
332 45 45
333 42 44
334 30 43
335 36 40
336 39 40
337 36 41
338 38 41
339 34 38
340 19 38
341 14 34
342 26 34
343 34 34
344 32 34
345 29 35
346 23 33
347 24 30
348 20 30
349 23 30
350 19 27
351 9 26
352 22 24
353 20 21
354 16 20
355 16 20
356 19 19
357 19 19
358 17 18
359 15 17
360 13 17
361 12 14
362 12 13
363 13 13
364 12 12
365 10 11
366 6 10
367 11 11
368 8 11
369 11 12
370 2 11
371 10 10
372 4 9
373 7 11
374 7 9
375 5 7
376 4 6
377 3 4
378 1 3
379 2 3
380 1 1
381 1 1

