0 25 112
1 36 120
2 28 128
3 30 134
4 25 137
5 132 140
6 132 139
7 134 141
8 132 140
9 140 140
10 37 139
11 26 140
12 104 141
13 129 140
14 127 139
15 135 138
16 19 137
17 96 137
18 137 137
19 121 136
20 118 137
21 135 136
22 79 135
23 116 134
24 128 133
25 121 132
26 116 133
27 121 132
28 124 131
29 121 131
30 125 131
31 90 130
32 102 128
33 110 127
34 122 126
35 121 124
36 117 122
37 115 125
38 121 122
39 76 122
40 23 120
41 15 121
42 68 124
43 95 125
44 118 125
45 114 124
46 119 123
47 60 121
48 89 120
49 102 120
50 110 119
51 111 117
52 116 117
53 116 116
54 102 116
55 95 116
56 112 117
57 112 117
58 107 116
59 111 117
60 84 116
61 94 115
62 104 114
63 11 114
64 89 115
65 52 116
66 123 123
67 55 124
68 124 124
69 120 123
70 109 122
71 14 122
72 100 122
73 120 121
74 112 121
75 100 120
76 111 119
77 103 119
78 43 120
79 120 120
80 119 120
81 113 120
82 106 121
83 119 121
84 114 120
85 115 119
86 114 118
87 105 118
88 119 119
89 114 118
90 116 119
91 113 117
92 108 116
93 108 116
94 106 114
95 86 114
96 94 112
97 106 112
98 100 110
99 109 109
100 77 108
101 95 106
102 94 104
103 11 104
104 4 102
105 95 100
106 94 98
107 88 96
108 83 94
109 89 91
110 83 90
111 73 90
112 87 89
113 78 88
114 85 87
115 3 87
116 72 89
117 45 90
118 70 90
119 74 92
120 71 91
121 2 92
122 83 91
123 91 91
124 91 91
125 71 92
126 79 92
127 88 91
128 75 89
129 87 89
130 79 89
131 88 88
132 85 87
133 77 85
134 82 84
135 76 85
136 78 84
137 67 83
138 73 81
139 70 80
140 67 81
141 67 78
142 46 76
143 66 74
144 67 74
145 63 72
146 67 72
147 72 74
148 73 73
149 55 69
150 59 68
151 66 68
152 67 68
153 61 71
154 63 70
155 64 68
156 65 67
157 56 65
158 58 64
159 55 62
160 60 62
161 57 61
162 59 61
163 58 62
164 61 61
165 58 59
166 51 58
167 56 59
168 44 56
169 41 54
170 52 52
171 32 52
172 21 51
173 39 53
174 52 53
175 50 52
176 47 51
177 50 50
178 34 50
179 48 49
180 33 48
181 44 46
182 38 48
183 33 47
184 26 44
185 40 41
186 42 42
187 35 41
188 40 41
189 41 41
190 38 40
191 35 40
192 34 39
193 36 38
194 32 36
195 16 34
196 31 33
197 13 31
198 25 29
199 28 29
200 27 29
201 26 28
202 20 26
203 21 26
204 22 22
205 17 23
206 20 21
207 18 18
208 11 16
209 10 16
210 9 15
211 7 14
212 13 14
213 11 12
214 9 9
215 9 10
216 9 10
217 12 12
218 9 12
219 9 11
220 12 12
221 10 10
222 6 11
223 11 11
224 10 10
225 7 9
226 7 9
227 6 8
228 10 10
229 7 10
230 8 9
231 6 8
232 5 7
233 4 7
234 7 7
235 5 6
236 4 4
237 2 2
238 2 3
239 2 6
240 3 5
241 2 2
242 1 3
243 2 2
244 1 1

