0 125 165
1 91 174
2 175 180
3 101 189
4 179 197
5 184 200
6 203 203
7 202 204
8 189 205
9 169 206
10 92 205
11 125 205
12 200 206
13 179 206
14 187 205
15 197 203
16 158 201
17 192 199
18 190 198
19 193 199
20 170 201
21 186 202
22 183 201
23 199 200
24 103 198
25 161 202
26 200 203
27 195 203
28 197 202
29 191 203
30 163 202
31 202 202
32 200 203
33 98 203
34 204 204
35 198 203
36 175 202
37 201 202
38 199 202
39 85 203
40 99 203
41 68 202
42 185 202
43 202 202
44 200 202
45 111 201
46 187 200
47 187 198
48 159 195
49 122 193
50 145 194
51 173 193
52 176 191
53 101 191
54 146 190
55 187 189
56 180 187
57 125 186
58 111 185
59 184 186
60 164 186
61 185 186
62 88 184
63 135 183
64 149 184
65 181 183
66 181 181
67 180 181
68 174 181
69 175 179
70 174 178
71 127 178
72 166 177
73 141 176
74 174 175
75 172 173
76 170 175
77 107 177
78 58 177
79 151 179
80 148 179
81 116 179
82 177 178
83 167 177
84 100 176
85 159 174
86 161 172
87 126 172
88 105 171
89 162 172
90 169 171
91 169 169
92 143 167
93 166 168
94 161 167
95 105 166
96 148 166
97 130 166
98 121 166
99 106 165
100 125 167
101 158 167
102 167 167
103 160 167
104 160 168
105 104 167
106 77 166
107 122 166
108 158 165
109 161 163
110 157 161
111 48 162
112 160 161
113 61 160
114 110 159
115 122 159
116 157 158
117 73 157
118 148 156
119 120 155
120 150 155
121 154 155
122 132 155
123 144 155
124 134 153
125 151 152
126 136 151
127 143 149
128 140 148
129 131 148
130 146 146
131 118 145
132 71 144
133 140 143
134 139 141
135 133 141
136 131 139
137 128 140
138 133 140
139 133 140
140 119 142
141 116 141
142 114 140
143 135 139
144 95 137
145 134 136
146 133 136
147 123 134
148 47 132
149 127 130
150 95 130
151 65 130
152 122 128
153 109 126
154 85 124
155 45 128
156 98 129
157 126 130
158 125 129
159 101 128
160 125 128
161 125 127
162 126 126
163 126 126
164 123 124
165 108 124
166 117 123
167 119 125
168 119 126
169 112 125
170 124 125
171 118 124
172 115 122
173 119 120
174 115 120
175 120 120
176 112 119
177 115 119
178 112 119
179 112 117
180 107 116
181 107 114
182 113 114
183 106 113
184 30 111
185 14 111
186 108 120
187 120 125
188 45 127
189 81 128
190 104 126
191 40 125
192 101 124
193 118 123
194 109 122
195 121 121
196 115 120
197 119 121
198 112 120
199 111 119
200 111 117
201 51 117
202 115 118
203 102 116
204 45 114
205 109 112
206 107 110
207 96 109
208 71 107
209 56 105
210 101 104
211 98 102
212 95 102
213 78 103
214 61 103
215 104 106
216 88 107
217 103 108
218 106 107
219 85 106
220 101 105
221 84 104
222 87 103
223 46 104
224 55 104
225 82 110
226 107 110
227 109 110
228 108 109
229 108 108
230 110 110
231 108 110
232 105 112
233 111 112
234 86 110
235 104 110
236 96 108
237 98 108
238 62 106
239 52 103
240 87 107
241 85 109
242 88 108
243 98 108
244 95 108
245 96 107
246 98 107
247 104 106
248 81 105
249 80 104
250 14 105
251 96 107
252 99 108
253 102 110
254 110 111
255 62 112
256 96 111
257 103 110
258 106 109
259 83 107
260 105 106
261 103 104
262 99 103
263 88 103
264 99 103
265 104 104
266 102 103
267 103 103
268 88 102
269 98 102
270 100 101
271 11 99
272 14 99
273 100 100
274 92 99
275 61 99
276 1 98
277 42 100
278 83 100
279 100 100
280 95 100
281 97 98
282 80 97
283 95 95
284 79 95
285 93 96
286 78 95
287 82 95
288 86 94
289 81 95
290 95 97
291 73 97
292 96 96
293 75 95
294 95 95
295 45 94
296 66 93
297 89 91
298 81 89
299 83 89
300 75 88
301 83 87
302 81 87
303 81 86
304 74 88
305 1 89
306 85 90
307 67 90
308 90 90
309 49 89
310 67 87
311 62 85
312 74 85
313 77 86
314 67 84
315 81 81
316 67 78
317 77 80
318 63 79
319 77 80
320 70 78
321 75 75
322 74 74
323 73 74
324 50 74
325 70 75
326 72 74
327 71 72
328 74 74
329 50 74
330 66 79
331 55 79
332 39 75
333 69 71
334 31 68
335 49 64
336 61 63
337 57 60
338 43 58
339 59 59
340 49 56
341 49 54
342 42 56
343 55 57
344 56 56
345 42 55
346 54 54
347 52 54
348 52 53
349 39 52
350 44 51
351 49 49
352 44 47
353 38 46
354 41 46
355 43 45
356 38 46
357 9 45
358 28 42
359 23 40
360 32 37
361 29 34
362 19 31
363 32 32
364 24 30
365 25 30
366 26 30
367 24 29
368 26 29
369 26 28
370 20 28
371 26 26
372 26 30
373 23 30
374 24 28
375 10 26
376 11 25
377 17 23
378 9 20
379 14 18
380 13 15
381 14 17
382 15 17
383 13 14
384 12 12
385 10 14
386 7 14
387 12 15
388 7 15
389 11 13
390 9 11
391 8 10
392 7 9
393 5 10
394 7 7
395 7 7
396 8 8
397 7 7
398 3 6
399 4 4
400 1 3
401 3 3
402 1 2
403 2 2
404 1 1

