0 102 104
1 82 115
2 99 121
3 121 121
4 112 118
5 119 121
6 107 118
7 111 117
8 109 119
9 107 117
10 102 116
11 101 117
12 114 116
13 108 110
14 93 113
15 87 111
16 71 111
17 101 104
18 89 105
19 85 103
20 90 100
21 80 101
22 86 98
23 76 96
24 92 93
25 79 97
26 77 96
27 88 96
28 81 95
29 65 88
30 79 87
31 85 88
32 63 86
33 68 84
34 58 83
35 79 81
36 62 80
37 64 74
38 66 70
39 43 70
40 45 68
41 45 67
42 53 64
43 55 63
44 60 63
45 55 61
46 61 61
47 26 57
48 56 56
49 16 60
50 45 54
51 34 53
52 42 47
53 28 45
54 37 43
55 26 36
56 30 35
57 25 35
58 33 34
59 18 37
60 26 36
61 24 30
62 20 27
63 23 25
64 26 26
65 13 24
66 8 27
67 24 25
68 16 22
69 13 18
70 15 15
71 5 14
72 3 17
73 3 12
74 4 10
75 8 9
76 3 5
77 1 5
78 3 4
79 1 1
80 1 1

