0 113 206
1 96 234
2 190 247
3 208 254
4 240 258
5 238 267
6 258 271
7 267 273
8 194 273
9 256 275
10 274 276
11 274 275
12 271 275
13 269 274
14 252 273
15 259 273
16 264 274
17 212 274
18 268 273
19 246 272
20 115 270
21 256 270
22 258 270
23 270 270
24 269 270
25 270 270
26 266 270
27 246 269
28 243 268
29 267 268
30 254 267
31 238 267
32 263 265
33 219 263
34 229 262
35 240 261
36 261 261
37 228 260
38 215 260
39 250 259
40 242 259
41 258 259
42 248 258
43 95 258
44 104 257
45 253 261
46 87 266
47 252 275
48 245 279
49 245 279
50 252 278
51 277 277
52 238 277
53 253 276
54 274 275
55 260 274
56 258 272
57 259 272
58 254 271
59 271 271
60 239 270
61 256 271
62 92 270
63 254 270
64 227 270
65 244 269
66 220 269
67 204 273
68 251 274
69 258 274
70 236 274
71 242 276
72 232 275
73 204 274
74 234 273
75 236 272
76 263 272
77 206 272
78 200 271
79 269 270
80 262 268
81 267 267
82 267 267
83 259 266
84 177 265
85 261 265
86 263 264
87 223 264
88 253 264
89 254 264
90 237 263
91 222 263
92 206 261
93 257 259
94 246 256
95 219 255
96 255 255
97 170 254
98 250 253
99 230 253
100 241 252
101 97 251
102 257 257
103 239 256
104 255 255
105 253 254
106 202 255
107 179 255
108 244 255
109 229 258
110 245 259
111 245 259
112 244 259
113 254 258
114 251 257
115 247 257
116 256 256
117 254 254
118 245 253
119 253 254
120 253 253
121 252 253
122 83 253
123 245 253
124 227 253
125 245 253
126 229 253
127 240 254
128 251 253
129 217 252
130 74 251
131 247 250
132 231 249
133 220 248
134 236 248
135 243 248
136 239 247
137 186 246
138 196 245
139 243 246
140 246 246
141 229 246
142 202 245
143 244 244
144 241 242
145 144 242
146 194 243
147 238 247
148 217 249
149 110 249
150 163 252
151 241 256
152 245 257
153 249 258
154 257 257
155 240 257
156 251 256
157 251 256
158 234 254
159 246 253
160 230 254
161 244 255
162 254 255
163 251 255
164 254 254
165 238 254
166 250 253
167 194 252
168 231 251
169 247 251
170 238 250
171 235 250
172 241 250
173 231 250
174 226 252
175 245 251
176 249 250
177 175 248
178 244 248
179 221 248
180 238 249
181 238 248
182 239 248
183 246 247
184 205 245
185 183 245
186 238 244
187 243 243
188 194 242
189 213 242
190 240 241
191 212 240
192 237 238
193 236 236
194 221 237
195 214 239
196 224 239
197 213 238
198 211 237
199 234 236
200 198 235
201 233 233
202 223 232
203 228 230
204 194 229
205 79 228
206 214 229
207 214 227
208 209 227
209 211 226
210 225 226
211 222 224
212 203 224
213 215 223
214 212 223
215 217 222
216 69 222
217 153 221
218 193 223
219 147 224
220 175 224
221 220 226
222 227 227
223 214 227
224 227 227
225 226 226
226 206 226
227 223 225
228 220 224
229 224 224
230 214 224
231 202 225
232 225 225
233 222 224
234 223 224
235 216 223
236 212 223
237 223 223
238 221 222
239 161 222
240 209 221
241 217 221
242 221 223
243 221 223
244 202 221
245 196 221
246 219 220
247 209 219
248 218 219
249 213 218
250 213 217
251 90 217
252 217 217
253 208 216
254 82 216
255 165 215
256 212 218
257 206 218
258 213 217
259 211 216
260 207 215
261 157 217
262 163 216
263 192 214
264 107 213
265 160 213
266 193 213
267 204 212
268 163 211
269 206 210
270 209 209
271 208 208
272 161 208
273 207 207
274 206 207
275 76 206
276 192 207
277 197 208
278 115 210
279 70 209
280 190 209
281 197 215
282 203 217
283 201 216
284 206 215
285 138 217
286 200 216
287 216 216
288 193 215
289 214 216
290 214 215
291 206 214
292 172 215
293 208 213
294 214 214
295 212 212
296 211 212
297 211 211
298 189 210
299 210 210
300 186 209
301 197 209
302 209 210
303 155 209
304 206 208
305 206 206
306 205 205
307 93 204
308 185 202
309 199 200
310 193 200
311 194 199
312 145 199
313 189 198
314 198 198
315 196 197
316 195 195
317 158 194
318 191 193
319 192 193
320 191 192
321 154 192
322 190 190
323 187 189
324 154 188
325 130 189
326 178 187
327 184 187
328 187 187
329 87 186
330 158 186
331 91 187
332 142 188
333 157 187
334 183 186
335 185 187
336 185 186
337 184 185
338 141 185
339 183 183
340 182 182
341 181 182
342 169 181
343 171 180
344 166 181
345 124 181
346 52 182
347 182 183
348 149 182
349 184 184
350 183 184
351 182 183
352 51 184
353 161 183
354 184 184
355 183 185
356 182 185
357 184 184
358 175 183
359 183 183
360 182 182
361 181 182
362 182 182
363 181 181
364 169 181
365 179 180
366 164 179
367 175 178
368 168 177
369 124 175
370 26 176
371 170 174
372 170 173
373 144 171
374 142 171
375 164 172
376 172 174
377 155 174
378 109 173
379 166 173
380 164 171
381 151 170
382 130 169
383 149 167
384 156 168
385 132 170
386 168 169
387 135 168
388 80 167
389 159 167
390 162 167
391 165 165
392 162 165
393 140 164
394 161 162
395 150 161
396 135 160
397 78 160
398 137 158
399 145 157
400 26 157
401 29 157
402 10 167
403 112 168
404 55 170
405 162 170
406 167 170
407 154 170
408 161 170
409 114 170
410 131 170
411 131 169
412 156 168
413 151 167
414 167 168
415 166 167
416 155 168
417 155 167
418 135 167
419 12 167
420 151 170
421 159 172
422 132 172
423 156 172
424 143 171
425 167 171
426 170 170
427 155 169
428 162 169
429 168 168
430 151 166
431 21 167
432 52 169
433 137 171
434 152 174
435 143 174
436 167 173
437 167 173
438 160 173
439 171 172
440 171 171
441 151 171
442 151 170
443 165 170
444 136 169
445 168 169
446 167 167
447 167 167
448 133 166
449 8 166
450 145 166
451 9 168
452 159 168
453 136 167
454 168 171
455 168 171
456 154 171
457 144 170
458 134 168
459 151 167
460 151 166
461 155 166
462 134 165
463 162 164
464 154 163
465 147 161
466 162 163
467 157 163
468 30 162
469 105 164
470 125 163
471 161 162
472 160 161
473 160 161
474 154 161
475 117 161
476 109 160
477 148 161
478 145 161
479 159 163
480 151 162
481 160 160
482 159 160
483 159 159
484 157 159
485 159 159
486 157 158
487 155 158
488 157 157
489 154 156
490 135 156
491 152 155
492 140 154
493 153 153
494 152 152
495 152 152
496 150 151
497 141 149
498 80 149
499 145 149
500 118 148
501 128 150
502 116 150
503 146 150
504 108 150
505 149 150
506 145 149
507 145 148
508 137 147
509 145 146
510 126 145
511 128 144
512 120 145
513 103 144
514 143 144
515 143 143
516 130 142
517 141 141
518 108 140
519 139 140
520 122 138
521 110 136
522 122 134
523 111 134
524 87 137
525 127 135
526 132 136
527 95 133
528 125 132
529 128 133
530 126 131
531 100 129
532 130 130
533 128 129
534 97 128
535 123 126
536 91 125
537 83 124
538 89 123
539 64 121
540 102 119
541 50 116
542 98 117
543 99 119
544 97 121
545 62 121
546 29 121
547 34 121
548 70 121
549 115 127
550 121 128
551 121 130
552 125 131
553 120 132
554 127 133
555 114 132
556 119 131
557 104 130
558 105 130
559 112 129
560 96 129
561 100 128
562 127 129
563 122 128
564 110 126
565 111 125
566 116 124
567 109 123
568 122 122
569 114 123
570 105 122
571 117 123
572 119 121
573 46 120
574 114 119
575 103 118
576 104 119
577 98 120
578 115 120
579 96 118
580 9 118
581 117 117
582 115 115
583 3 115
584 81 115
585 111 114
586 112 113
587 108 112
588 112 113
589 109 112
590 107 111
591 109 111
592 107 111
593 63 113
594 109 111
595 107 110
596 106 109
597 107 109
598 103 108
599 101 106
600 92 106
601 89 107
602 103 107
603 105 108
604 100 108
605 107 107
606 107 107
607 105 106
608 89 103
609 95 105
610 99 104
611 97 101
612 97 100
613 94 99
614 96 99
615 100 101
616 99 102
617 70 102
618 96 102
619 85 101
620 97 101
621 69 99
622 98 98
623 76 97
624 95 95
625 2 94
626 92 93
627 92 92
628 92 92
629 91 91
630 91 91
631 85 90
632 86 88
633 87 88
634 62 88
635 84 87
636 82 86
637 76 87
638 86 87
639 63 86
640 39 84
641 15 83
642 71 81
643 81 81
644 76 80
645 76 78
646 61 79
647 59 78
648 73 78
649 79 79
650 49 78
651 57 77
652 72 75
653 26 75
654 53 72
655 55 70
656 68 70
657 70 70
658 64 69
659 62 70
660 68 72
661 34 70
662 69 69
663 51 68
664 65 66
665 18 64
666 39 63
667 61 61
668 42 60
669 44 59
670 42 58
671 14 58
672 53 56
673 54 56
674 46 56
675 27 53
676 45 50
677 51 51
678 41 50
679 48 48
680 48 49
681 41 48
682 47 48
683 47 48
684 50 50
685 26 49
686 46 46
687 29 44
688 1 44
689 33 45
690 44 44
691 32 43
692 40 41
693 32 40
694 37 39
695 39 39
696 20 38
697 36 37
698 34 34
699 21 33
700 19 32
701 28 28
702 22 27
703 25 27
704 23 26
705 20 25
706 24 25
707 22 24
708 20 25
709 19 24
710 22 24
711 24 27
712 27 27
713 16 27
714 25 26
715 25 25
716 12 23
717 23 24
718 22 22
719 15 19
720 19 20
721 13 18
722 6 17
723 14 18
724 17 19
725 13 17
726 13 17
727 13 15
728 9 13
729 7 16
730 15 15
731 15 15
732 14 16
733 17 17
734 17 17
735 17 17
736 16 16
737 16 16
738 10 15
739 5 14
740 10 15
741 8 13
742 11 12
743 6 11
744 5 9
745 4 8
746 8 9
747 9 9
748 9 9
749 7 8
750 2 7
751 4 6
752 5 5
753 2 2
754 2 2
755 1 1
756 1 1
757 1 1
758 1 1

