0 302 325
1 297 331
2 326 333
3 334 335
4 319 332
5 317 333
6 307 335
7 330 334
8 271 328
9 301 326
10 326 327
11 313 322
12 224 328
13 262 324
14 305 319
15 306 316
16 250 314
17 301 313
18 281 309
19 252 307
20 302 307
21 302 303
22 297 302
23 286 296
24 298 303
25 292 300
26 300 300
27 293 296
28 289 294
29 281 292
30 284 289
31 271 291
32 277 292
33 268 287
34 260 288
35 272 287
36 213 284
37 253 281
38 250 283
39 252 283
40 243 278
41 192 274
42 266 271
43 258 266
44 218 264
45 255 263
46 252 257
47 254 255
48 240 256
49 234 258
50 254 255
51 255 260
52 253 253
53 230 246
54 201 242
55 233 242
56 223 238
57 218 233
58 220 235
59 203 234
60 221 234
61 206 236
62 222 229
63 183 224
64 214 225
65 200 221
66 189 214
67 184 214
68 207 211
69 158 206
70 203 207
71 166 202
72 147 206
73 195 197
74 158 202
75 192 201
76 167 194
77 153 195
78 166 193
79 182 189
80 164 186
81 139 184
82 178 184
83 177 178
84 172 176
85 161 177
86 168 180
87 163 177
88 165 170
89 138 170
90 166 170
91 142 168
92 151 166
93 168 173
94 146 172
95 152 167
96 148 165
97 154 160
98 149 163
99 161 162
100 82 160
101 147 158
102 148 158
103 145 152
104 95 150
105 145 149
106 140 141
107 113 142
108 104 139
109 107 133
110 102 134
111 125 132
112 124 131
113 118 122
114 118 118
115 99 120
116 122 122
117 118 118
118 84 119
119 107 116
120 111 111
121 114 116
122 102 111
123 104 111
124 100 111
125 81 111
126 107 107
127 70 105
128 96 104
129 84 109
130 104 106
131 91 103
132 91 98
133 70 98
134 89 97
135 42 96
136 93 96
137 80 91
138 87 89
139 84 88
140 65 82
141 76 86
142 67 84
143 70 80
144 67 82
145 71 77
146 68 73
147 53 72
148 64 72
149 71 73
150 64 70
151 69 69
152 61 67
153 46 68
154 58 66
155 49 67
156 39 63
157 54 60
158 44 61
159 46 59
160 58 59
161 56 59
162 54 55
163 41 55
164 48 55
165 32 57
166 37 57
167 37 54
168 42 51
169 42 51
170 46 47
171 44 45
172 25 45
173 30 43
174 39 42
175 32 35
176 27 37
177 25 35
178 31 33
179 28 33
180 26 29
181 28 29
182 14 27
183 12 27
184 22 27
185 21 25
186 16 29
187 30 30
188 22 27
189 13 23
190 20 25
191 20 23
192 11 19
193 20 21
194 16 16
195 14 15
196 12 13
197 10 11
198 3 6
199 5 5
200 6 6
201 4 7
202 6 8
203 4 5
204 4 5
205 5 5
206 2 5
207 3 5
208 1 3
209 2 3
210 2 2

