0 206 217
1 213 228
2 156 231
3 200 235
4 212 232
5 224 233
6 210 232
7 196 231
8 199 227
9 205 221
10 179 221
11 206 222
12 205 216
13 186 217
14 155 216
15 190 209
16 191 206
17 131 205
18 182 204
19 194 196
20 183 196
21 178 198
22 150 195
23 167 191
24 165 190
25 142 189
26 166 191
27 171 187
28 162 183
29 168 175
30 167 177
31 173 178
32 134 176
33 149 167
34 136 157
35 96 158
36 137 153
37 150 154
38 142 151
39 136 148
40 147 151
41 142 151
42 133 145
43 132 144
44 128 140
45 126 139
46 140 142
47 102 143
48 108 142
49 136 136
50 112 134
51 126 133
52 93 127
53 117 125
54 124 126
55 117 126
56 128 128
57 110 133
58 128 128
59 114 125
60 123 123
61 115 124
62 112 122
63 124 126
64 116 124
65 113 120
66 97 126
67 123 124
68 113 118
69 112 117
70 123 123
71 114 125
72 89 127
73 76 127
74 120 123
75 121 121
76 111 123
77 50 117
78 101 119
79 85 113
80 99 105
81 111 111
82 101 112
83 106 107
84 100 104
85 99 105
86 96 103
87 80 103
88 88 93
89 87 92
90 83 89
91 87 91
92 91 91
93 89 90
94 84 89
95 81 92
96 63 89
97 72 85
98 85 85
99 62 88
100 57 85
101 60 79
102 62 74
103 71 75
104 65 75
105 68 70
106 72 72
107 71 73
108 71 74
109 76 80
110 76 78
111 62 73
112 46 71
113 66 70
114 64 68
115 52 65
116 65 65
117 53 68
118 67 67
119 39 64
120 60 60
121 47 62
122 48 62
123 58 63
124 59 64
125 49 62
126 58 59
127 36 53
128 49 51
129 47 54
130 46 49
131 23 47
132 40 42
133 16 39
134 25 39
135 33 36
136 34 35
137 19 30
138 25 28
139 16 26
140 18 27
141 20 24
142 21 22
143 20 21
144 11 22
145 17 25
146 15 21
147 16 19
148 15 15
149 17 17
150 14 15
151 16 16
152 12 16
153 14 15
154 14 15
155 9 13
156 8 11
157 10 11
158 6 8
159 5 5
160 4 5
161 4 5
162 5 5
163 2 3
164 2 3
165 1 1
166 1 1
167 1 1

