0 241 261
1 138 274
2 226 274
3 257 268
4 269 270
5 261 267
6 197 270
7 244 270
8 238 264
9 252 264
10 225 264
11 232 258
12 241 255
13 187 258
14 235 263
15 230 257
16 246 249
17 238 249
18 234 247
19 246 247
20 194 246
21 187 244
22 233 238
23 219 230
24 211 227
25 200 221
26 203 223
27 187 219
28 207 225
29 219 221
30 212 224
31 162 215
32 212 217
33 189 214
34 212 216
35 210 214
36 181 213
37 212 212
38 209 210
39 201 208
40 206 212
41 198 209
42 190 205
43 177 206
44 177 204
45 153 207
46 183 201
47 193 198
48 163 195
49 173 192
50 178 187
51 185 186
52 122 185
53 174 184
54 179 179
55 152 174
56 155 173
57 173 174
58 134 172
59 150 175
60 159 177
61 173 174
62 152 174
63 168 168
64 161 162
65 160 163
66 74 160
67 145 160
68 148 155
69 131 150
70 135 148
71 141 147
72 142 143
73 143 145
74 132 148
75 135 143
76 115 145
77 120 144
78 109 140
79 75 141
80 135 135
81 118 140
82 78 138
83 99 134
84 113 129
85 123 126
86 98 124
87 116 120
88 113 119
89 77 120
90 98 112
91 99 106
92 94 104
93 96 106
94 89 102
95 100 101
96 102 102
97 92 103
98 91 106
99 96 105
100 102 104
101 94 103
102 94 100
103 85 98
104 83 95
105 82 93
106 67 89
107 73 87
108 85 85
109 71 87
110 74 87
111 79 85
112 70 82
113 66 79
114 71 79
115 70 78
116 68 74
117 54 76
118 80 81
119 63 79
120 62 77
121 72 75
122 48 73
123 64 72
124 34 69
125 47 64
126 41 61
127 40 60
128 51 62
129 47 62
130 42 60
131 51 55
132 36 56
133 54 54
134 39 54
135 18 49
136 44 45
137 21 45
138 31 40
139 37 41
140 16 36
141 30 31
142 24 29
143 20 28
144 28 28
145 22 24
146 13 24
147 15 21
148 16 16
149 9 19
150 14 17
151 16 19
152 15 18
153 13 20
154 22 23
155 17 20
156 11 19
157 14 18
158 13 17
159 13 14
160 10 13
161 11 11
162 7 9
163 6 9
164 4 7
165 2 6
166 5 5
167 2 3
168 2 2
169 1 1

