0 289 291
1 269 294
2 263 298
3 298 302
4 273 303
5 268 300
6 300 300
7 269 300
8 288 303
9 288 301
10 268 299
11 283 295
12 280 290
13 282 287
14 224 294
15 264 292
16 281 287
17 215 289
18 231 284
19 257 278
20 184 272
21 239 267
22 228 260
23 217 260
24 223 255
25 205 252
26 236 247
27 242 242
28 231 238
29 206 241
30 200 239
31 171 241
32 229 238
33 224 233
34 184 229
35 225 226
36 225 226
37 218 223
38 224 225
39 223 224
40 217 230
41 224 229
42 220 221
43 212 225
44 216 219
45 191 216
46 187 214
47 192 208
48 122 211
49 165 208
50 187 204
51 175 204
52 175 202
53 164 198
54 158 197
55 133 193
56 181 190
57 139 183
58 72 183
59 172 174
60 156 170
61 159 163
62 163 169
63 147 161
64 153 156
65 148 158
66 122 160
67 136 154
68 135 149
69 130 146
70 132 143
71 142 142
72 120 141
73 125 141
74 128 138
75 97 134
76 130 134
77 111 131
78 123 128
79 113 133
80 118 126
81 114 127
82 88 122
83 118 121
84 75 118
85 106 117
86 114 119
87 109 117
88 110 115
89 104 118
90 115 115
91 98 114
92 105 111
93 103 108
94 85 109
95 98 110
96 100 110
97 62 106
98 85 102
99 96 100
100 94 97
101 83 88
102 87 87
103 75 88
104 92 92
105 92 94
106 74 97
107 56 93
108 71 88
109 75 85
110 81 88
111 79 86
112 39 84
113 76 79
114 78 80
115 80 80
116 75 81
117 64 78
118 70 74
119 47 72
120 34 68
121 56 66
122 58 64
123 61 65
124 61 68
125 56 63
126 40 60
127 39 59
128 38 56
129 28 52
130 30 49
131 47 48
132 38 42
133 34 40
134 21 39
135 8 35
136 31 33
137 22 28
138 25 27
139 10 23
140 22 25
141 23 23
142 23 23
143 17 20
144 15 18
145 16 17
146 13 16
147 8 18
148 10 15
149 9 14
150 13 13
151 6 15
152 2 12
153 8 8
154 9 9
155 7 8
156 5 7
157 2 6
158 3 4
159 1 3
160 2 3
161 1 2
162 1 1

