0 148 183
1 109 205
2 159 216
3 169 227
4 113 235
5 242 245
6 241 248
7 165 248
8 82 251
9 149 264
10 254 269
11 267 269
12 147 269
13 267 270
14 255 270
15 268 270
16 262 269
17 266 268
18 244 266
19 233 266
20 225 266
21 266 266
22 269 269
23 237 268
24 263 268
25 265 267
26 225 266
27 260 266
28 251 265
29 239 265
30 250 264
31 222 262
32 222 261
33 249 260
34 188 262
35 263 264
36 232 263
37 253 262
38 249 261
39 239 261
40 261 261
41 258 260
42 252 260
43 230 259
44 248 257
45 246 255
46 252 254
47 253 253
48 196 253
49 242 252
50 249 250
51 237 249
52 248 249
53 250 250
54 240 248
55 221 249
56 246 248
57 240 248
58 241 247
59 225 245
60 225 243
61 242 245
62 238 244
63 237 244
64 209 243
65 242 242
66 182 241
67 237 240
68 216 238
69 197 237
70 189 235
71 233 234
72 119 234
73 235 237
74 227 238
75 44 240
76 193 241
77 96 241
78 234 243
79 245 245
80 245 245
81 229 246
82 239 247
83 241 247
84 215 249
85 248 248
86 237 247
87 246 247
88 196 246
89 244 246
90 242 245
91 172 244
92 203 243
93 220 243
94 230 242
95 228 240
96 199 241
97 239 241
98 226 239
99 225 239
100 237 238
101 144 236
102 170 237
103 236 237
104 237 237
105 230 236
106 235 236
107 217 237
108 232 236
109 232 234
110 220 234
111 228 233
112 227 232
113 230 230
114 208 232
115 227 231
116 193 230
117 230 230
118 227 229
119 225 229
120 225 228
121 224 227
122 225 228
123 203 227
124 208 225
125 223 223
126 88 223
127 220 222
128 219 221
129 216 220
130 215 220
131 145 218
132 167 218
133 197 217
134 211 217
135 212 217
136 190 216
137 161 214
138 200 213
139 181 211
140 76 212
141 194 212
142 46 218
143 131 221
144 71 224
145 63 227
146 185 228
147 208 232
148 229 235
149 211 235
150 196 234
151 233 233
152 204 232
153 225 231
154 230 230
155 228 229
156 228 228
157 228 228
158 225 227
159 226 226
160 215 225
161 215 224
162 197 223
163 222 223
164 222 222
165 198 221
166 174 220
167 194 221
168 176 220
169 214 220
170 210 219
171 191 217
172 184 216
173 137 215
174 189 215
175 211 214
176 209 213
177 191 211
178 206 210
179 204 209
180 209 209
181 121 208
182 190 208
183 208 208
184 203 207
185 164 206
186 187 206
187 205 206
188 187 205
189 204 204
190 133 203
191 196 202
192 197 200
193 194 198
194 198 198
195 136 198
196 190 196
197 127 195
198 102 193
199 191 191
200 130 190
201 156 188
202 151 188
203 169 189
204 125 189
205 186 188
206 185 186
207 182 186
208 170 186
209 186 187
210 134 185
211 141 183
212 87 182
213 151 184
214 121 184
215 84 187
216 84 187
217 181 189
218 133 191
219 190 192
220 184 193
221 185 194
222 192 194
223 192 193
224 156 192
225 178 190
226 166 188
227 146 186
228 137 187
229 178 189
230 184 189
231 43 188
232 14 187
233 64 188
234 125 188
235 176 188
236 152 187
237 63 187
238 169 188
239 179 189
240 186 188
241 128 187
242 153 187
243 176 186
244 186 186
245 165 185
246 133 186
247 185 185
248 184 184
249 184 184
250 179 183
251 181 181
252 169 181
253 181 181
254 176 182
255 159 183
256 184 184
257 181 184
258 183 183
259 136 181
260 169 179
261 178 178
262 142 177
263 133 178
264 111 177
265 148 178
266 126 176
267 143 174
268 131 172
269 168 169
270 167 169
271 166 169
272 165 169
273 88 168
274 144 167
275 153 166
276 158 166
277 150 165
278 160 164
279 159 163
280 31 161
281 58 162
282 157 162
283 152 162
284 109 162
285 147 165
286 167 168
287 168 170
288 164 169
289 155 167
290 27 166
291 163 166
292 164 166
293 166 167
294 133 167
295 165 167
296 161 167
297 137 166
298 117 166
299 161 165
300 156 165
301 157 164
302 162 163
303 160 162
304 7 162
305 114 163
306 150 170
307 151 171
308 169 171
309 137 170
310 168 169
311 168 168
312 166 167
313 166 166
314 159 166
315 163 165
316 161 164
317 157 164
318 135 164
319 163 164
320 151 163
321 155 162
322 129 162
323 158 162
324 160 163
325 153 162
326 138 161
327 79 159
328 138 159
329 142 160
330 144 160
331 159 160
332 142 159
333 152 159
334 158 158
335 157 157
336 145 157
337 113 156
338 146 157
339 116 157
340 156 156
341 155 155
342 155 155
343 77 154
344 26 152
345 3 155
346 94 156
347 130 156
348 149 157
349 156 157
350 157 158
351 146 157
352 150 156
353 143 157
354 145 157
355 141 157
356 24 156
357 152 156
358 132 155
359 153 154
360 70 152
361 151 152
362 99 151
363 144 150
364 143 149
365 134 148
366 145 147
367 136 147
368 126 146
369 141 145
370 124 143
371 121 142
372 111 142
373 93 141
374 74 140
375 132 141
376 129 139
377 138 138
378 45 137
379 88 136
380 129 142
381 142 142
382 141 142
383 140 141
384 140 140
385 137 139
386 139 139
387 134 138
388 131 137
389 121 136
390 135 135
391 115 133
392 89 133
393 132 132
394 119 131
395 128 130
396 129 131
397 129 131
398 126 130
399 5 128
400 129 130
401 126 132
402 108 132
403 113 132
404 132 133
405 114 132
406 41 131
407 125 136
408 118 137
409 132 138
410 3 138
411 122 138
412 131 138
413 134 137
414 65 136
415 133 136
416 137 137
417 114 136
418 134 135
419 108 134
420 124 133
421 119 134
422 99 134
423 128 132
424 101 131
425 130 130
426 122 129
427 129 130
428 113 129
429 101 127
430 110 128
431 54 128
432 130 131
433 113 130
434 125 129
435 124 127
436 113 127
437 115 128
438 118 127
439 127 127
440 126 126
441 111 124
442 4 124
443 21 125
444 119 128
445 125 129
446 82 128
447 125 128
448 83 129
449 128 128
450 112 127
451 113 127
452 125 126
453 95 125
454 121 124
455 119 123
456 123 123
457 79 122
458 121 121
459 115 120
460 119 120
461 116 119
462 118 118
463 114 117
464 84 116
465 104 114
466 63 112
467 109 113
468 110 112
469 109 115
470 104 113
471 97 111
472 107 111
473 110 111
474 111 111
475 93 110
476 108 109
477 102 110
478 104 110
479 110 110
480 107 109
481 109 109
482 56 108
483 92 106
484 99 105
485 97 104
486 90 105
487 83 104
488 83 104
489 92 104
490 92 103
491 103 103
492 100 102
493 102 102
494 92 101
495 93 99
496 96 100
497 97 100
498 96 99
499 87 99
500 92 97
501 88 98
502 85 97
503 97 97
504 96 96
505 94 95
506 92 93
507 73 95
508 96 97
509 70 96
510 84 95
511 93 93
512 66 92
513 45 91
514 50 89
515 79 87
516 86 87
517 67 86
518 80 86
519 86 86
520 74 85
521 81 82
522 70 81
523 80 81
524 61 82
525 81 81
526 75 80
527 68 78
528 68 82
529 79 80
530 61 78
531 73 75
532 59 75
533 65 73
534 65 72
535 66 69
536 61 66
537 60 65
538 41 64
539 66 66
540 46 66
541 66 66
542 62 65
543 54 63
544 50 62
545 47 62
546 40 60
547 29 59
548 50 58
549 55 57
550 55 56
551 54 55
552 39 56
553 43 55
554 37 54
555 43 53
556 21 51
557 51 51
558 46 50
559 16 49
560 47 47
561 30 45
562 42 44
563 27 41
564 36 41
565 37 39
566 32 37
567 31 35
568 35 36
569 35 37
570 33 37
571 29 36
572 35 35
573 31 33
574 21 32
575 21 32
576 27 31
577 29 29
578 25 27
579 26 26
580 20 26
581 22 25
582 7 25
583 22 27
584 24 24
585 23 23
586 19 22
587 20 21
588 20 21
589 5 20
590 15 19
591 18 19
592 19 19
593 17 19
594 10 21
595 16 20
596 6 17
597 12 15
598 14 14
599 8 11
600 6 9
601 9 9
602 1 8
603 3 9
604 9 9
605 6 8
606 5 6
607 4 6
608 6 6
609 5 5
610 2 4
611 4 4
612 1 3
613 3 3
614 2 2
615 1 1
616 1 1

