0 142 232
1 118 246
2 206 257
3 250 264
4 196 264
5 115 263
6 255 265
7 226 267
8 104 268
9 223 269
10 218 272
11 89 279
12 280 282
13 282 283
14 269 283
15 282 283
16 281 282
17 273 282
18 273 281
19 272 281
20 255 281
21 241 282
22 249 282
23 273 281
24 267 279
25 256 277
26 252 277
27 252 276
28 168 275
29 230 279
30 247 280
31 248 281
32 275 280
33 271 281
34 279 280
35 233 279
36 271 278
37 274 277
38 267 276
39 275 275
40 226 273
41 270 272
42 266 271
43 261 270
44 268 269
45 265 268
46 260 267
47 247 269
48 245 268
49 264 268
50 257 267
51 88 266
52 99 271
53 254 278
54 261 277
55 276 277
56 275 276
57 269 276
58 256 277
59 272 276
60 222 275
61 274 275
62 228 274
63 217 275
64 274 274
65 273 273
66 271 272
67 270 272
68 271 271
69 271 271
70 230 270
71 135 268
72 262 267
73 251 267
74 156 267
75 224 269
76 220 270
77 265 269
78 216 268
79 266 267
80 224 267
81 251 266
82 72 265
83 262 266
84 243 265
85 240 266
86 229 264
87 259 263
88 260 261
89 260 260
90 260 261
91 259 261
92 257 260
93 258 259
94 197 258
95 184 256
96 229 258
97 258 258
98 233 257
99 252 256
100 234 255
101 245 253
102 229 254
103 250 252
104 250 251
105 236 250
106 251 251
107 250 250
108 140 249
109 171 249
110 207 250
111 227 250
112 248 250
113 222 249
114 234 248
115 246 247
116 241 248
117 233 248
118 246 247
119 246 247
120 245 246
121 222 245
122 229 244
123 162 246
124 226 244
125 243 243
126 227 242
127 226 240
128 214 238
129 166 238
130 182 238
131 234 240
132 232 241
133 224 242
134 243 243
135 227 243
136 242 242
137 74 241
138 146 240
139 149 244
140 204 244
141 242 244
142 231 244
143 231 244
144 223 243
145 243 243
146 240 241
147 241 242
148 137 241
149 129 241
150 239 245
151 235 248
152 197 248
153 35 247
154 175 247
155 190 248
156 230 248
157 238 248
158 247 249
159 246 248
160 244 248
161 246 247
162 241 246
163 242 246
164 225 245
165 234 244
166 242 243
167 242 242
168 158 241
169 240 242
170 209 243
171 237 241
172 214 243
173 225 243
174 214 242
175 243 243
176 242 242
177 240 242
178 210 242
179 188 242
180 238 242
181 242 242
182 216 241
183 236 240
184 239 239
185 233 238
186 237 237
187 228 236
188 209 236
189 235 235
190 234 234
191 233 233
192 59 234
193 123 234
194 169 234
195 213 233
196 214 232
197 223 232
198 211 232
199 230 232
200 217 231
201 224 231
202 182 232
203 216 231
204 229 231
205 206 230
206 172 229
207 189 228
208 223 228
209 203 228
210 227 228
211 222 231
212 231 232
213 202 231
214 210 230
215 228 228
216 219 227
217 222 226
218 203 225
219 213 225
220 204 223
221 198 224
222 219 224
223 183 224
224 197 224
225 216 224
226 209 223
227 182 222
228 209 220
229 196 220
230 201 218
231 193 218
232 146 219
233 210 219
234 215 219
235 102 218
236 219 220
237 214 222
238 201 220
239 194 219
240 214 218
241 201 217
242 211 217
243 193 217
244 205 217
245 186 217
246 210 216
247 200 215
248 213 215
249 206 214
250 210 214
251 205 213
252 211 211
253 190 210
254 189 210
255 205 209
256 188 208
257 207 208
258 99 206
259 177 205
260 205 205
261 149 205
262 200 205
263 161 204
264 196 201
265 116 200
266 170 201
267 196 202
268 128 203
269 192 203
270 198 204
271 203 203
272 198 202
273 202 202
274 186 201
275 168 200
276 155 200
277 202 203
278 65 203
279 63 206
280 185 207
281 183 206
282 204 205
283 203 204
284 199 204
285 197 203
286 203 203
287 189 205
288 203 207
289 195 206
290 191 206
291 176 205
292 160 205
293 205 205
294 178 204
295 177 204
296 203 203
297 201 202
298 195 201
299 160 200
300 195 199
301 186 198
302 195 196
303 188 195
304 60 194
305 124 192
306 191 193
307 194 194
308 162 195
309 145 197
310 184 196
311 180 195
312 150 193
313 183 193
314 163 195
315 182 194
316 170 193
317 176 193
318 173 190
319 175 191
320 188 191
321 24 189
322 176 193
323 188 195
324 175 194
325 167 194
326 177 192
327 174 193
328 189 194
329 183 194
330 119 193
331 156 193
332 177 192
333 175 193
334 182 193
335 110 194
336 189 192
337 37 192
338 178 193
339 179 195
340 192 194
341 191 194
342 152 193
343 186 192
344 159 190
345 188 190
346 56 189
347 176 187
348 155 186
349 184 185
350 178 184
351 154 184
352 185 186
353 166 186
354 184 185
355 182 183
356 181 183
357 181 181
358 177 179
359 176 178
360 149 178
361 174 181
362 173 180
363 174 180
364 162 181
365 175 180
366 179 179
367 127 178
368 72 179
369 169 178
370 145 181
371 43 182
372 166 184
373 162 185
374 173 184
375 173 184
376 185 185
377 104 184
378 110 185
379 184 186
380 186 187
381 134 187
382 158 187
383 183 186
384 13 186
385 104 186
386 168 188
387 186 188
388 157 187
389 175 186
390 129 186
391 131 186
392 185 187
393 163 187
394 175 187
395 174 186
396 177 186
397 184 184
398 181 184
399 181 184
400 180 183
401 181 183
402 173 182
403 116 180
404 177 178
405 174 177
406 166 176
407 77 175
408 175 175
409 160 174
410 153 173
411 170 172
412 171 172
413 170 171
414 140 171
415 132 170
416 170 170
417 73 171
418 175 175
419 158 174
420 153 173
421 168 171
422 120 169
423 153 168
424 63 167
425 126 167
426 162 167
427 114 165
428 137 162
429 144 160
430 26 158
431 93 158
432 30 157
433 142 158
434 162 162
435 152 161
436 131 161
437 155 160
438 35 158
439 140 158
440 154 157
441 69 155
442 153 153
443 105 153
444 152 153
445 152 153
446 113 153
447 147 152
448 105 151
449 146 151
450 149 150
451 147 148
452 147 148
453 45 148
454 136 147
455 92 149
456 132 152
457 137 152
458 134 154
459 150 154
460 144 154
461 133 154
462 94 155
463 154 156
464 120 155
465 140 154
466 141 155
467 153 153
468 151 151
469 147 151
470 149 150
471 144 149
472 2 148
473 106 149
474 141 149
475 106 148
476 145 148
477 144 146
478 131 145
479 143 144
480 117 144
481 142 144
482 127 143
483 123 142
484 119 144
485 46 143
486 89 142
487 138 142
488 139 141
489 133 140
490 128 140
491 141 141
492 140 140
493 138 139
494 136 139
495 130 138
496 135 137
497 131 139
498 9 138
499 133 141
500 139 140
501 119 139
502 120 138
503 132 138
504 136 139
505 135 139
506 133 139
507 119 138
508 133 141
509 141 141
510 126 139
511 137 140
512 139 139
513 136 138
514 105 136
515 134 137
516 132 137
517 132 136
518 138 138
519 129 137
520 135 135
521 131 134
522 124 132
523 128 134
524 104 133
525 131 133
526 124 133
527 131 134
528 123 133
529 132 132
530 126 131
531 105 129
532 127 133
533 131 131
534 130 130
535 124 129
536 126 127
537 113 126
538 3 126
539 86 128
540 118 128
541 128 128
542 104 127
543 106 125
544 125 125
545 97 124
546 110 122
547 94 121
548 120 121
549 14 120
550 97 120
551 120 120
552 17 119
553 97 118
554 112 117
555 80 117
556 115 117
557 114 116
558 115 115
559 111 115
560 103 114
561 96 113
562 114 114
563 89 114
564 10 113
565 101 112
566 112 113
567 111 114
568 111 113
569 102 113
570 90 112
571 112 112
572 108 111
573 104 110
574 108 110
575 107 109
576 46 108
577 99 105
578 101 104
579 95 103
580 95 103
581 100 102
582 95 101
583 100 102
584 81 101
585 75 98
586 69 95
587 93 98
588 17 96
589 73 98
590 89 96
591 93 96
592 91 94
593 34 94
594 92 93
595 84 93
596 78 92
597 80 91
598 89 90
599 77 88
600 78 87
601 86 86
602 85 86
603 71 85
604 83 84
605 82 83
606 80 83
607 81 82
608 30 81
609 63 79
610 76 76
611 68 75
612 74 76
613 71 77
614 75 77
615 67 76
616 60 74
617 66 74
618 44 72
619 70 71
620 65 71
621 66 68
622 53 65
623 66 67
624 59 66
625 64 66
626 57 65
627 57 62
628 63 63
629 61 61
630 60 60
631 48 59
632 56 58
633 54 61
634 63 63
635 67 68
636 56 67
637 56 65
638 66 66
639 60 64
640 38 64
641 62 62
642 56 60
643 62 62
644 60 61
645 51 60
646 23 61
647 61 61
648 57 60
649 58 58
650 46 57
651 34 55
652 52 52
653 47 50
654 39 52
655 51 51
656 50 50
657 30 48
658 46 46
659 44 48
660 49 50
661 23 49
662 23 46
663 30 45
664 41 43
665 41 41
666 33 40
667 35 39
668 36 37
669 34 39
670 38 38
671 34 36
672 33 33
673 33 33
674 29 34
675 35 37
676 38 38
677 37 37
678 36 36
679 18 34
680 28 33
681 36 36
682 33 35
683 34 35
684 27 34
685 29 32
686 22 30
687 24 27
688 19 27
689 20 26
690 21 24
691 18 23
692 14 21
693 22 22
694 21 21
695 18 20
696 16 20
697 20 21
698 14 21
699 19 22
700 16 20
701 18 19
702 17 18
703 16 19
704 3 18
705 9 16
706 11 15
707 8 13
708 6 11
709 2 9
710 4 6
711 4 5
712 2 4
713 3 4
714 2 3
715 2 2
716 1 1
717 2 2
718 1 1

