0 225 290
1 161 295
2 164 308
3 214 317
4 155 330
5 324 334
6 319 337
7 336 337
8 293 337
9 330 336
10 308 337
11 320 337
12 318 337
13 290 337
14 336 337
15 264 336
16 330 336
17 317 335
18 314 334
19 327 334
20 295 333
21 301 332
22 332 332
23 332 332
24 331 332
25 330 331
26 330 330
27 303 329
28 329 329
29 316 328
30 321 328
31 305 327
32 308 326
33 322 325
34 305 324
35 151 325
36 155 324
37 215 325
38 323 326
39 286 326
40 297 327
41 312 327
42 319 327
43 320 326
44 325 327
45 324 326
46 303 326
47 319 327
48 325 328
49 311 328
50 278 328
51 272 328
52 327 327
53 261 326
54 304 326
55 325 326
56 325 325
57 324 325
58 296 325
59 324 325
60 323 324
61 322 323
62 302 322
63 320 322
64 289 321
65 320 320
66 313 319
67 313 318
68 280 316
69 260 315
70 315 315
71 310 315
72 314 315
73 279 314
74 310 313
75 311 312
76 307 311
77 199 312
78 109 314
79 299 315
80 277 315
81 311 314
82 277 312
83 287 312
84 308 312
85 307 310
86 305 309
87 305 308
88 304 307
89 306 306
90 306 306
91 269 305
92 302 303
93 300 303
94 296 305
95 304 305
96 296 306
97 296 305
98 301 307
99 303 307
100 299 307
101 286 307
102 287 309
103 297 309
104 252 308
105 292 309
106 299 308
107 273 307
108 299 306
109 290 305
110 288 306
111 299 305
112 297 304
113 292 303
114 299 302
115 297 301
116 294 301
117 267 299
118 293 298
119 254 297
120 294 297
121 287 296
122 295 295
123 280 293
124 284 295
125 271 295
126 293 298
127 288 297
128 240 297
129 283 298
130 293 296
131 275 295
132 291 293
133 254 292
134 276 292
135 291 291
136 289 289
137 232 287
138 258 286
139 248 286
140 285 286
141 285 285
142 285 285
143 282 284
144 251 283
145 283 283
146 278 283
147 248 283
148 282 282
149 275 282
150 197 281
151 276 280
152 258 279
153 272 278
154 268 279
155 267 279
156 270 282
157 259 281
158 231 280
159 275 280
160 196 279
161 150 279
162 266 292
163 282 294
164 280 295
165 286 295
166 276 293
167 291 292
168 290 290
169 266 289
170 285 288
171 279 288
172 286 287
173 287 287
174 235 287
175 270 286
176 253 284
177 280 286
178 257 285
179 283 284
180 282 283
181 270 282
182 283 284
183 274 282
184 221 281
185 281 283
186 260 281
187 278 280
188 271 279
189 126 277
190 241 276
191 275 276
192 164 275
193 113 277
194 130 281
195 268 282
196 255 285
197 264 287
198 268 289
199 277 289
200 288 291
201 265 290
202 184 289
203 270 289
204 261 290
205 284 291
206 271 289
207 268 287
208 273 287
209 204 287
210 258 285
211 274 286
212 237 284
213 280 282
214 244 282
215 279 281
216 279 280
217 261 279
218 271 278
219 263 278
220 268 276
221 260 275
222 257 274
223 268 274
224 272 272
225 271 271
226 271 271
227 150 269
228 252 268
229 257 267
230 261 267
231 256 266
232 251 265
233 219 264
234 262 263
235 261 262
236 219 264
237 128 262
238 251 260
239 112 259
240 258 263
241 248 264
242 264 265
243 266 266
244 213 267
245 267 268
246 256 267
247 261 266
248 250 264
249 253 262
250 211 262
251 151 263
252 257 264
253 217 263
254 252 262
255 260 263
256 258 262
257 263 263
258 259 262
259 250 260
260 257 259
261 224 258
262 251 258
263 261 261
264 258 261
265 222 260
266 259 260
267 237 259
268 252 257
269 228 256
270 240 254
271 254 258
272 203 257
273 157 254
274 230 253
275 97 251
276 215 249
277 227 250
278 211 251
279 239 250
280 234 249
281 200 248
282 233 247
283 234 247
284 141 245
285 200 243
286 217 245
287 197 244
288 194 242
289 191 241
290 214 244
291 176 245
292 229 246
293 241 247
294 220 246
295 198 247
296 230 246
297 243 244
298 241 243
299 217 244
300 234 243
301 227 241
302 209 241
303 197 241
304 204 248
305 235 249
306 135 248
307 201 247
308 237 246
309 235 244
310 237 242
311 236 241
312 210 240
313 236 238
314 232 236
315 217 234
316 234 234
317 224 233
318 92 232
319 222 240
320 121 240
321 232 241
322 189 242
323 241 244
324 243 243
325 242 243
326 198 242
327 242 242
328 241 242
329 82 242
330 224 243
331 191 242
332 239 243
333 220 242
334 240 241
335 222 241
336 226 241
337 230 240
338 237 241
339 240 241
340 240 240
341 221 240
342 230 241
343 240 240
344 55 238
345 119 239
346 234 240
347 226 239
348 208 240
349 203 240
350 220 239
351 239 240
352 231 239
353 226 238
354 236 238
355 237 237
356 204 237
357 235 236
358 122 235
359 231 234
360 231 233
361 199 235
362 230 235
363 210 234
364 230 233
365 215 231
366 132 229
367 220 228
368 137 238
369 232 239
370 235 238
371 117 237
372 232 236
373 235 236
374 215 236
375 224 235
376 234 234
377 232 233
378 233 234
379 233 233
380 232 232
381 232 232
382 104 231
383 231 231
384 50 230
385 197 231
386 98 235
387 74 237
388 229 241
389 91 242
390 230 242
391 136 242
392 237 244
393 241 244
394 233 246
395 234 246
396 213 245
397 234 244
398 230 243
399 227 241
400 226 240
401 229 239
402 204 238
403 225 237
404 212 236
405 216 235
406 209 233
407 191 233
408 211 233
409 231 231
410 160 230
411 225 231
412 217 231
413 227 230
414 191 229
415 200 230
416 230 230
417 230 230
418 230 230
419 227 230
420 229 229
421 226 228
422 227 228
423 223 227
424 204 225
425 225 225
426 220 224
427 199 225
428 222 224
429 188 223
430 223 223
431 222 222
432 209 221
433 213 220
434 214 221
435 193 220
436 204 220
437 141 221
438 66 219
439 210 220
440 217 220
441 218 219
442 214 218
443 176 216
444 209 215
445 194 214
446 213 216
447 204 216
448 214 215
449 189 213
450 212 212
451 208 210
452 185 210
453 204 209
454 185 210
455 210 210
456 202 208
457 44 206
458 143 205
459 186 204
460 172 203
461 173 202
462 48 202
463 148 204
464 176 204
465 203 203
466 201 201
467 168 200
468 200 200
469 184 199
470 197 199
471 197 198
472 197 197
473 167 196
474 176 195
475 163 195
476 185 194
477 170 193
478 165 192
479 191 191
480 189 189
481 188 188
482 188 188
483 150 187
484 185 187
485 186 186
486 168 185
487 166 184
488 184 185
489 54 184
490 182 185
491 124 184
492 21 185
493 49 189
494 136 193
495 194 196
496 150 196
497 167 196
498 169 194
499 164 194
500 64 196
501 196 198
502 197 198
503 164 199
504 198 199
505 187 198
506 188 199
507 155 199
508 184 199
509 199 199
510 188 198
511 140 197
512 186 195
513 136 195
514 159 194
515 149 193
516 146 192
517 70 191
518 188 190
519 145 190
520 156 190
521 185 190
522 166 189
523 184 188
524 172 186
525 186 186
526 179 187
527 177 187
528 123 186
529 187 187
530 176 186
531 178 185
532 148 187
533 153 187
534 174 187
535 170 186
536 174 187
537 186 187
538 161 187
539 178 187
540 167 187
541 182 188
542 156 188
543 186 187
544 187 188
545 110 188
546 172 188
547 186 187
548 171 186
549 181 185
550 163 184
551 110 183
552 134 182
553 181 181
554 178 180
555 155 180
556 175 179
557 171 178
558 175 177
559 175 175
560 175 175
561 159 174
562 174 174
563 166 174
564 173 173
565 165 172
566 146 174
567 174 175
568 166 174
569 166 173
570 88 172
571 122 171
572 165 169
573 23 168
574 23 166
575 170 172
576 151 173
577 167 174
578 166 174
579 171 173
580 169 173
581 160 173
582 124 173
583 146 174
584 173 176
585 161 177
586 150 178
587 119 178
588 137 177
589 162 180
590 179 179
591 157 177
592 176 177
593 165 176
594 177 177
595 175 175
596 163 175
597 156 175
598 171 176
599 174 174
600 173 173
601 172 173
602 172 172
603 148 171
604 163 169
605 166 170
606 168 168
607 127 167
608 77 166
609 155 168
610 160 167
611 115 168
612 122 170
613 128 171
614 172 173
615 31 173
616 139 173
617 173 174
618 123 172
619 168 171
620 169 171
621 170 170
622 155 170
623 163 170
624 156 169
625 166 169
626 147 170
627 165 171
628 167 169
629 160 167
630 150 167
631 157 167
632 167 167
633 166 166
634 166 166
635 150 165
636 132 165
637 109 164
638 109 164
639 153 163
640 162 162
641 144 161
642 154 160
643 125 161
644 140 160
645 155 159
646 156 157
647 154 156
648 72 156
649 139 155
650 139 154
651 143 154
652 150 154
653 141 153
654 123 152
655 142 151
656 144 151
657 93 150
658 124 149
659 149 149
660 118 148
661 55 147
662 145 147
663 144 146
664 45 145
665 101 147
666 135 145
667 130 143
668 144 144
669 140 143
670 139 142
671 142 143
672 138 142
673 139 141
674 135 141
675 123 141
676 131 140
677 100 140
678 123 140
679 129 140
680 122 140
681 133 139
682 122 140
683 116 139
684 139 140
685 130 138
686 125 137
687 116 136
688 135 137
689 135 135
690 128 136
691 133 135
692 130 134
693 87 133
694 126 133
695 66 133
696 126 132
697 9 133
698 129 139
699 131 139
700 100 139
701 130 139
702 28 138
703 142 142
704 2 143
705 101 143
706 131 142
707 85 143
708 92 143
709 131 143
710 141 142
711 134 142
712 93 141
713 117 140
714 142 142
715 135 141
716 11 140
717 137 138
718 98 136
719 136 136
720 135 135
721 117 135
722 133 134
723 132 133
724 132 132
725 86 131
726 113 131
727 87 131
728 25 130
729 118 129
730 124 129
731 120 129
732 62 130
733 126 130
734 128 130
735 128 130
736 125 129
737 126 128
738 127 127
739 126 126
740 101 124
741 113 125
742 112 126
743 70 126
744 123 127
745 126 126
746 125 125
747 110 125
748 100 124
749 106 123
750 118 121
751 46 121
752 81 120
753 44 119
754 109 117
755 61 117
756 105 116
757 116 116
758 115 116
759 114 115
760 109 114
761 114 114
762 109 113
763 107 113
764 105 113
765 106 113
766 97 112
767 70 111
768 106 111
769 99 110
770 108 110
771 109 109
772 102 109
773 85 108
774 88 109
775 64 109
776 109 110
777 106 109
778 99 107
779 105 105
780 105 105
781 102 104
782 89 103
783 94 101
784 101 101
785 100 101
786 95 101
787 99 100
788 97 99
789 91 99
790 98 99
791 89 98
792 87 96
793 91 97
794 96 98
795 80 97
796 59 96
797 87 95
798 82 93
799 80 92
800 92 93
801 91 92
802 58 91
803 56 89
804 73 88
805 65 87
806 88 88
807 87 88
808 85 89
809 87 88
810 87 87
811 86 86
812 84 85
813 84 84
814 70 84
815 80 83
816 73 82
817 82 82
818 78 81
819 49 79
820 60 77
821 29 75
822 43 79
823 74 78
824 78 78
825 64 74
826 72 72
827 62 73
828 70 73
829 72 72
830 53 72
831 70 71
832 57 68
833 63 67
834 49 66
835 62 62
836 39 64
837 50 62
838 45 61
839 53 56
840 34 55
841 48 55
842 52 54
843 45 52
844 44 49
845 46 49
846 39 45
847 21 45
848 39 43
849 42 42
850 38 42
851 36 41
852 36 42
853 36 41
854 36 39
855 39 39
856 36 39
857 32 37
858 22 34
859 30 32
860 20 30
861 25 31
862 12 31
863 13 30
864 28 29
865 22 28
866 27 27
867 20 26
868 7 24
869 20 25
870 22 27
871 26 27
872 19 25
873 23 25
874 17 23
875 15 22
876 19 23
877 20 22
878 14 22
879 18 19
880 18 18
881 18 18
882 18 18
883 14 19
884 15 17
885 13 16
886 18 18
887 18 18
888 16 17
889 16 19
890 15 18
891 16 16
892 11 15
893 8 13
894 10 13
895 10 14
896 8 12
897 5 10
898 10 10
899 3 9
900 4 8
901 3 6
902 3 5
903 5 5
904 4 4
905 4 4
906 3 3
907 3 3
908 1 2
909 2 2
910 1 1

