0 236 243
1 244 245
2 243 244
3 220 245
4 249 250
5 246 250
6 252 255
7 243 251
8 221 253
9 248 252
10 223 249
11 222 248
12 207 246
13 214 242
14 243 246
15 250 250
16 230 252
17 231 248
18 230 246
19 239 241
20 228 241
21 195 243
22 237 243
23 238 241
24 215 233
25 217 238
26 202 236
27 230 231
28 230 231
29 233 233
30 231 231
31 231 236
32 199 229
33 225 234
34 215 230
35 218 226
36 192 226
37 204 225
38 164 222
39 209 221
40 186 214
41 167 212
42 156 210
43 169 207
44 198 201
45 171 200
46 197 205
47 188 200
48 192 197
49 192 199
50 136 198
51 195 201
52 169 192
53 187 187
54 172 186
55 171 182
56 171 179
57 160 176
58 149 176
59 169 174
60 142 169
61 148 172
62 171 172
63 66 168
64 119 164
65 146 159
66 147 154
67 103 146
68 143 144
69 143 145
70 128 146
71 139 142
72 123 138
73 86 140
74 112 136
75 127 131
76 114 127
77 125 126
78 128 128
79 82 121
80 115 123
81 111 119
82 82 114
83 93 114
84 99 111
85 88 113
86 83 107
87 100 106
88 101 101
89 99 108
90 103 104
91 102 105
92 94 102
93 104 105
94 66 107
95 96 105
96 62 101
97 85 96
98 80 91
99 88 89
100 62 89
101 55 89
102 81 85
103 83 85
104 75 79
105 72 82
106 76 83
107 64 83
108 62 79
109 54 73
110 70 71
111 65 71
112 43 72
113 70 70
114 22 69
115 38 63
116 56 57
117 36 53
118 48 52
119 49 49
120 45 49
121 28 44
122 33 46
123 41 44
124 43 46
125 44 49
126 46 46
127 39 41
128 36 40
129 33 37
130 29 32
131 26 34
132 20 33
133 24 29
134 29 35
135 24 32
136 32 35
137 27 33
138 34 34
139 32 32
140 33 35
141 32 33
142 29 32
143 22 31
144 12 29
145 21 29
146 22 25
147 21 21
148 17 19
149 12 16
150 14 18
151 14 19
152 16 18
153 8 17
154 16 16
155 15 15
156 12 13
157 12 13
158 12 14
159 11 11
160 5 10
161 3 10
162 7 7
163 4 5
164 3 6
165 1 4
166 1 3
167 1 1

