0 208 219
1 226 228
2 193 230
3 229 234
4 215 234
5 190 232
6 235 236
7 214 235
8 234 235
9 176 233
10 228 232
11 212 228
12 211 223
13 181 220
14 222 222
15 197 217
16 193 219
17 177 218
18 147 213
19 177 210
20 197 201
21 192 201
22 187 195
23 199 199
24 182 197
25 169 198
26 193 193
27 196 197
28 187 198
29 195 197
30 194 196
31 163 195
32 142 191
33 171 190
34 151 193
35 193 195
36 153 182
37 136 186
38 171 180
39 177 184
40 174 181
41 166 180
42 175 175
43 168 178
44 176 176
45 123 175
46 172 177
47 164 178
48 162 172
49 148 167
50 157 160
51 114 162
52 158 164
53 160 160
54 148 156
55 132 156
56 139 160
57 135 156
58 136 151
59 118 150
60 144 151
61 140 148
62 140 151
63 132 155
64 134 154
65 125 148
66 143 146
67 137 138
68 125 138
69 134 138
70 114 137
71 134 134
72 123 134
73 110 135
74 132 132
75 99 129
76 86 126
77 108 129
78 82 123
79 117 128
80 94 124
81 85 123
82 111 118
83 97 111
84 100 114
85 108 109
86 90 110
87 94 110
88 43 107
89 91 100
90 90 94
91 94 95
92 81 93
93 63 93
94 88 91
95 78 89
96 90 90
97 82 83
98 71 82
99 62 81
100 41 76
101 59 73
102 63 72
103 56 75
104 57 78
105 66 70
106 37 68
107 40 62
108 53 59
109 56 59
110 56 59
111 35 55
112 45 52
113 41 55
114 44 52
115 33 49
116 28 47
117 27 44
118 28 40
119 18 41
120 20 38
121 33 33
122 19 31
123 33 34
124 16 33
125 10 32
126 23 30
127 13 26
128 17 25
129 15 23
130 11 21
131 13 19
132 13 16
133 2 14
134 16 16
135 15 16
136 13 15
137 13 13
138 11 12
139 9 14
140 6 14
141 8 9
142 7 9
143 11 11
144 8 9
145 4 7
146 3 6
147 4 4
148 1 2
149 2 2
150 1 1
151 1 3
152 5 5
153 3 4
154 1 2
155 2 2
156 1 1
157 1 1

