0 157 208
1 184 235
2 75 243
3 247 248
4 251 255
5 248 256
6 148 257
7 113 257
8 239 259
9 259 259
10 249 259
11 256 258
12 254 258
13 256 258
14 256 257
15 254 257
16 249 257
17 238 259
18 207 258
19 235 259
20 227 259
21 125 261
22 246 263
23 247 263
24 235 263
25 254 263
26 257 262
27 253 262
28 213 261
29 260 260
30 257 259
31 247 258
32 253 257
33 234 256
34 249 255
35 238 254
36 159 252
37 176 251
38 134 251
39 249 250
40 246 249
41 188 247
42 247 247
43 243 246
44 239 244
45 208 244
46 125 246
47 131 248
48 140 251
49 256 256
50 244 256
51 226 256
52 221 255
53 251 256
54 239 255
55 256 256
56 185 254
57 248 254
58 253 253
59 229 253
60 240 253
61 239 252
62 249 251
63 233 250
64 214 249
65 226 248
66 243 248
67 160 247
68 242 248
69 230 248
70 198 248
71 246 247
72 221 247
73 244 248
74 247 249
75 245 248
76 237 247
77 246 248
78 227 247
79 245 246
80 209 246
81 222 244
82 240 243
83 231 242
84 227 240
85 233 239
86 217 235
87 229 235
88 230 237
89 233 238
90 234 236
91 235 235
92 233 236
93 237 237
94 226 235
95 227 233
96 225 233
97 228 233
98 235 235
99 220 234
100 211 234
101 116 234
102 226 234
103 142 234
104 184 236
105 206 237
106 231 239
107 219 240
108 235 240
109 239 240
110 200 239
111 233 238
112 101 237
113 222 236
114 229 236
115 149 236
116 208 235
117 233 234
118 111 234
119 179 234
120 224 233
121 222 232
122 141 231
123 217 231
124 219 231
125 215 231
126 116 230
127 201 231
128 226 230
129 76 229
130 223 229
131 207 231
132 213 231
133 229 231
134 229 230
135 229 229
136 216 229
137 216 229
138 227 230
139 225 229
140 192 229
141 214 228
142 190 227
143 213 229
144 226 228
145 225 226
146 220 225
147 213 225
148 200 223
149 219 223
150 220 222
151 191 220
152 169 219
153 215 217
154 156 216
155 26 214
156 62 215
157 37 219
158 206 221
159 217 226
160 225 225
161 188 225
162 106 224
163 172 224
164 208 224
165 201 224
166 178 223
167 217 223
168 220 222
169 214 222
170 201 220
171 200 218
172 201 216
173 180 214
174 197 214
175 196 213
176 198 213
177 198 212
178 160 211
179 183 210
180 207 211
181 210 210
182 198 209
183 208 208
184 202 207
185 136 205
186 170 205
187 159 207
188 207 208
189 196 208
190 200 207
191 191 209
192 174 208
193 199 207
194 193 206
195 201 205
196 158 204
197 175 203
198 80 203
199 145 204
200 205 205
201 204 205
202 200 205
203 202 204
204 203 203
205 180 202
206 185 202
207 47 201
208 178 200
209 190 200
210 199 200
211 193 200
212 198 200
213 178 200
214 194 200
215 184 199
216 191 198
217 190 197
218 46 196
219 69 197
220 200 200
221 178 200
222 196 200
223 192 200
224 126 199
225 194 198
226 196 196
227 140 196
228 165 196
229 189 194
230 191 196
231 28 198
232 126 200
233 38 200
234 145 203
235 183 203
236 189 202
237 124 202
238 171 203
239 203 204
240 201 204
241 132 204
242 187 203
243 202 202
244 170 201
245 153 200
246 177 199
247 189 198
248 153 198
249 178 201
250 183 200
251 180 199
252 199 200
253 192 200
254 186 200
255 191 201
256 25 201
257 199 200
258 153 199
259 168 200
260 186 199
261 197 198
262 196 197
263 141 196
264 182 195
265 193 195
266 182 195
267 139 195
268 41 194
269 149 193
270 190 193
271 181 191
272 191 192
273 165 191
274 164 190
275 153 189
276 125 188
277 177 186
278 181 184
279 140 182
280 181 184
281 173 184
282 184 184
283 157 183
284 166 182
285 167 181
286 34 181
287 172 180
288 159 181
289 148 182
290 175 182
291 115 180
292 172 180
293 173 179
294 21 179
295 132 179
296 166 181
297 181 181
298 36 180
299 164 180
300 139 180
301 176 179
302 172 178
303 174 177
304 168 176
305 165 175
306 172 174
307 134 172
308 50 170
309 161 170
310 164 168
311 162 168
312 148 168
313 167 169
314 164 168
315 161 168
316 168 168
317 155 167
318 136 167
319 163 166
320 131 167
321 148 166
322 160 165
323 161 164
324 159 162
325 149 162
326 152 162
327 159 160
328 142 159
329 151 160
330 154 160
331 131 160
332 50 161
333 159 163
334 160 162
335 154 161
336 156 161
337 154 160
338 151 160
339 127 161
340 146 163
341 160 162
342 95 161
343 127 160
344 160 162
345 155 161
346 124 160
347 152 161
348 161 162
349 155 161
350 152 160
351 152 160
352 154 159
353 122 159
354 148 158
355 147 157
356 156 156
357 142 155
358 51 156
359 151 158
360 148 158
361 124 157
362 88 156
363 121 155
364 11 157
365 157 157
366 86 157
367 153 155
368 137 154
369 136 152
370 152 154
371 155 155
372 144 154
373 149 152
374 99 152
375 151 152
376 124 151
377 150 150
378 135 149
379 126 148
380 22 147
381 150 150
382 136 149
383 44 147
384 147 147
385 9 146
386 122 144
387 113 144
388 139 146
389 119 146
390 136 145
391 146 146
392 141 145
393 143 144
394 88 142
395 138 142
396 19 141
397 58 141
398 84 142
399 141 145
400 142 145
401 104 144
402 140 143
403 89 143
404 14 142
405 130 142
406 141 142
407 138 141
408 103 141
409 139 141
410 140 140
411 133 139
412 128 138
413 124 140
414 140 140
415 138 138
416 138 138
417 136 137
418 6 135
419 113 134
420 120 133
421 133 133
422 74 132
423 115 131
424 89 129
425 103 127
426 105 127
427 124 127
428 124 124
429 99 124
430 100 127
431 102 126
432 86 125
433 121 124
434 117 124
435 101 124
436 96 122
437 110 122
438 102 120
439 97 117
440 60 116
441 112 115
442 100 114
443 94 114
444 105 113
445 83 111
446 110 110
447 5 109
448 109 112
449 59 112
450 109 111
451 90 110
452 101 110
453 103 109
454 108 109
455 109 109
456 61 108
457 97 109
458 101 109
459 109 109
460 98 108
461 105 106
462 92 105
463 99 105
464 93 104
465 71 103
466 82 102
467 46 100
468 81 98
469 92 97
470 88 95
471 77 95
472 84 92
473 15 91
474 65 93
475 55 97
476 65 103
477 12 104
478 89 105
479 66 105
480 105 106
481 102 106
482 104 105
483 89 104
484 98 103
485 93 102
486 90 102
487 99 102
488 101 101
489 99 100
490 70 100
491 92 100
492 99 99
493 93 98
494 56 96
495 79 96
496 96 98
497 90 98
498 90 97
499 90 96
500 86 96
501 89 97
502 77 96
503 89 96
504 96 96
505 86 95
506 94 94
507 85 93
508 90 92
509 78 91
510 89 91
511 81 91
512 92 92
513 67 90
514 55 91
515 90 90
516 89 89
517 78 88
518 50 87
519 89 89
520 89 89
521 84 89
522 85 88
523 70 90
524 66 92
525 92 92
526 85 91
527 82 89
528 76 88
529 78 87
530 68 88
531 84 87
532 75 86
533 84 85
534 76 84
535 74 82
536 80 80
537 60 79
538 79 79
539 67 78
540 75 77
541 76 77
542 60 76
543 60 73
544 49 72
545 51 72
546 60 73
547 75 75
548 56 74
549 61 73
550 53 70
551 62 70
552 70 70
553 67 69
554 70 70
555 36 69
556 45 67
557 59 64
558 62 62
559 48 60
560 56 60
561 53 59
562 32 58
563 56 59
564 38 58
565 54 55
566 52 53
567 51 51
568 41 49
569 45 48
570 48 48
571 28 47
572 45 48
573 47 47
574 44 46
575 38 42
576 38 43
577 41 41
578 13 39
579 44 44
580 42 43
581 42 43
582 37 42
583 24 39
584 25 39
585 34 38
586 32 35
587 27 33
588 31 34
589 29 32
590 30 33
591 27 31
592 30 30
593 26 29
594 22 28
595 27 27
596 20 28
597 21 27
598 7 27
599 2 26
600 26 26
601 17 25
602 15 24
603 17 21
604 16 21
605 18 21
606 19 21
607 20 20
608 18 19
609 10 17
610 17 18
611 13 17
612 14 16
613 15 16
614 17 18
615 18 18
616 17 17
617 10 14
618 15 15
619 12 14
620 10 12
621 8 12
622 5 13
623 2 10
624 5 7
625 5 6
626 4 6
627 7 7
628 1 6
629 5 5
630 2 4
631 1 3
632 1 1

