0 209 217
1 121 232
2 195 236
3 189 233
4 185 229
5 203 230
6 170 234
7 207 231
8 172 228
9 222 223
10 200 218
11 219 224
12 222 222
13 221 222
14 220 223
15 222 228
16 207 223
17 190 221
18 220 231
19 206 227
20 205 225
21 215 225
22 189 219
23 216 220
24 176 218
25 212 220
26 217 219
27 191 216
28 212 214
29 206 215
30 205 208
31 192 207
32 187 206
33 194 203
34 185 202
35 146 203
36 137 200
37 187 194
38 157 189
39 177 186
40 147 179
41 174 175
42 171 172
43 162 172
44 168 173
45 165 173
46 158 170
47 162 171
48 147 170
49 155 171
50 147 168
51 154 166
52 120 163
53 149 161
54 129 154
55 138 155
56 136 150
57 146 147
58 143 146
59 141 150
60 139 152
61 118 148
62 107 146
63 141 144
64 127 144
65 140 143
66 131 143
67 141 141
68 131 136
69 134 140
70 121 142
71 120 141
72 127 138
73 135 138
74 84 131
75 88 136
76 115 129
77 103 127
78 117 124
79 119 125
80 121 123
81 117 121
82 79 122
83 114 116
84 83 116
85 111 114
86 98 109
87 95 105
88 57 102
89 89 97
90 96 97
91 91 97
92 84 96
93 84 94
94 93 93
95 87 97
96 65 93
97 88 91
98 63 94
99 86 94
100 87 91
101 82 92
102 59 89
103 88 88
104 73 84
105 68 82
106 69 79
107 71 71
108 65 65
109 59 64
110 54 67
111 34 65
112 36 63
113 57 61
114 48 62
115 43 61
116 58 59
117 56 56
118 54 58
119 49 57
120 44 58
121 55 57
122 56 58
123 46 60
124 42 58
125 54 60
126 37 54
127 34 50
128 41 46
129 21 43
130 38 42
131 34 44
132 40 47
133 40 47
134 28 43
135 37 41
136 35 38
137 36 38
138 34 38
139 17 34
140 25 33
141 29 31
142 26 28
143 11 28
144 21 25
145 20 22
146 18 22
147 20 23
148 15 23
149 21 24
150 14 20
151 10 17
152 10 14
153 5 13
154 4 10
155 8 9
156 5 7
157 9 10
158 6 6
159 1 5
160 3 4
161 4 4
162 5 5
163 5 5
164 1 3
165 2 3
166 1 1

