0 80 183
1 65 204
2 204 217
3 205 231
4 197 236
5 167 236
6 229 236
7 211 237
8 234 236
9 69 236
10 198 236
11 208 236
12 227 237
13 218 237
14 233 236
15 228 235
16 60 234
17 206 234
18 188 234
19 187 234
20 213 233
21 229 232
22 231 231
23 220 230
24 229 229
25 101 229
26 226 229
27 223 228
28 222 227
29 191 228
30 228 229
31 130 228
32 215 229
33 199 227
34 225 226
35 205 225
36 175 224
37 214 227
38 209 228
39 221 227
40 216 227
41 214 226
42 213 225
43 200 225
44 186 224
45 222 223
46 217 224
47 216 222
48 195 220
49 219 219
50 218 218
51 51 217
52 193 217
53 188 216
54 199 215
55 187 213
56 193 212
57 162 210
58 209 210
59 210 210
60 190 209
61 208 210
62 183 208
63 149 208
64 191 206
65 189 208
66 69 209
67 74 211
68 209 211
69 203 210
70 186 211
71 169 210
72 197 209
73 185 208
74 188 207
75 170 206
76 53 204
77 63 203
78 135 209
79 40 209
80 185 211
81 207 212
82 198 212
83 199 211
84 207 211
85 210 211
86 56 212
87 199 214
88 203 215
89 206 217
90 215 217
91 140 217
92 210 216
93 208 215
94 169 214
95 204 214
96 193 213
97 202 213
98 208 212
99 189 211
100 175 210
101 210 210
102 204 209
103 189 209
104 209 209
105 203 208
106 208 208
107 156 207
108 192 205
109 181 204
110 185 205
111 69 204
112 193 203
113 196 202
114 198 201
115 40 200
116 178 199
117 35 199
118 183 200
119 193 201
120 190 201
121 179 200
122 192 199
123 170 199
124 195 199
125 194 199
126 195 201
127 195 201
128 173 201
129 189 201
130 151 200
131 194 200
132 152 199
133 198 199
134 98 198
135 126 197
136 191 196
137 175 195
138 150 194
139 27 192
140 166 190
141 189 190
142 180 189
143 148 189
144 173 187
145 183 186
146 151 187
147 184 187
148 183 185
149 163 186
150 155 184
151 182 183
152 157 184
153 182 183
154 162 181
155 104 181
156 175 179
157 137 176
158 145 176
159 172 178
160 163 178
161 172 176
162 141 175
163 133 174
164 173 174
165 171 173
166 155 173
167 171 173
168 162 172
169 161 171
170 135 170
171 153 169
172 141 169
173 161 167
174 124 166
175 138 165
176 56 163
177 48 162
178 157 165
179 39 166
180 67 169
181 128 177
182 88 180
183 148 181
184 147 183
185 170 183
186 178 182
187 175 181
188 177 181
189 155 180
190 169 179
191 157 178
192 176 176
193 107 174
194 147 174
195 170 174
196 151 174
197 166 174
198 104 173
199 172 173
200 154 172
201 158 172
202 144 170
203 171 171
204 156 170
205 170 170
206 168 169
207 162 168
208 167 167
209 166 166
210 164 165
211 163 164
212 24 165
213 148 170
214 168 171
215 52 171
216 130 174
217 169 174
218 157 173
219 108 172
220 142 172
221 170 175
222 159 177
223 175 177
224 167 177
225 177 177
226 142 176
227 175 176
228 173 174
229 173 174
230 171 173
231 172 172
232 148 171
233 150 171
234 155 172
235 169 171
236 164 169
237 154 170
238 166 169
239 152 169
240 136 170
241 160 168
242 110 167
243 157 164
244 5 165
245 141 169
246 142 168
247 161 167
248 114 166
249 114 164
250 155 165
251 109 164
252 150 166
253 150 164
254 164 164
255 163 163
256 163 163
257 129 162
258 160 160
259 137 159
260 151 157
261 155 156
262 147 155
263 154 155
264 109 155
265 53 154
266 125 158
267 141 157
268 59 157
269 130 157
270 108 159
271 154 158
272 134 157
273 153 156
274 132 154
275 151 155
276 153 153
277 148 152
278 143 152
279 151 151
280 123 149
281 121 147
282 133 148
283 143 148
284 148 150
285 145 149
286 9 149
287 142 149
288 142 148
289 143 149
290 120 149
291 149 149
292 149 149
293 146 149
294 142 148
295 114 148
296 139 146
297 146 146
298 146 146
299 142 146
300 141 144
301 108 143
302 107 142
303 126 139
304 118 138
305 109 140
306 126 140
307 138 138
308 115 136
309 125 135
310 110 133
311 134 134
312 97 133
313 71 132
314 31 131
315 31 138
316 59 139
317 139 139
318 113 140
319 141 141
320 138 142
321 142 142
322 121 141
323 137 140
324 118 141
325 119 141
326 143 143
327 143 143
328 119 143
329 114 142
330 137 141
331 138 140
332 116 140
333 139 140
334 117 139
335 132 138
336 138 139
337 121 138
338 136 137
339 131 135
340 124 136
341 91 135
342 55 134
343 130 140
344 7 139
345 35 140
346 138 140
347 131 140
348 107 139
349 128 139
350 138 138
351 137 137
352 133 137
353 126 136
354 114 135
355 134 134
356 111 132
357 93 131
358 125 131
359 130 131
360 128 130
361 49 129
362 104 127
363 103 126
364 123 125
365 123 124
366 121 123
367 121 122
368 110 121
369 112 121
370 122 122
371 86 119
372 3 120
373 117 118
374 118 118
375 117 117
376 117 117
377 115 116
378 115 115
379 104 113
380 108 110
381 112 112
382 111 112
383 104 112
384 95 110
385 88 111
386 104 109
387 49 108
388 106 106
389 94 104
390 96 102
391 99 101
392 95 100
393 100 100
394 99 99
395 91 98
396 98 98
397 90 97
398 95 96
399 91 96
400 96 96
401 94 95
402 92 94
403 78 94
404 92 96
405 91 96
406 97 98
407 97 97
408 91 95
409 95 95
410 84 94
411 88 92
412 91 92
413 85 92
414 90 92
415 90 90
416 88 89
417 88 89
418 45 87
419 2 84
420 81 82
421 72 81
422 73 79
423 74 80
424 79 82
425 82 82
426 69 81
427 50 80
428 55 80
429 61 79
430 59 77
431 76 76
432 71 75
433 73 73
434 62 70
435 64 70
436 37 70
437 60 73
438 64 72
439 72 72
440 51 71
441 69 69
442 52 68
443 58 66
444 59 66
445 67 67
446 54 66
447 64 64
448 59 62
449 11 64
450 44 65
451 54 67
452 65 68
453 66 69
454 45 68
455 66 67
456 63 65
457 64 64
458 64 64
459 57 63
460 59 62
461 60 63
462 41 61
463 59 59
464 57 59
465 59 59
466 57 58
467 46 58
468 57 57
469 56 56
470 56 56
471 52 55
472 51 53
473 44 52
474 50 50
475 49 50
476 42 50
477 49 49
478 31 49
479 47 50
480 43 50
481 43 49
482 29 48
483 46 48
484 49 49
485 46 48
486 45 46
487 41 44
488 41 46
489 47 48
490 45 47
491 25 44
492 33 42
493 34 40
494 37 38
495 9 37
496 28 37
497 33 36
498 35 35
499 34 35
500 34 35
501 25 34
502 14 32
503 29 32
504 28 29
505 20 27
506 22 24
507 18 23
508 13 25
509 21 25
510 24 25
511 22 23
512 20 24
513 13 23
514 18 22
515 6 20
516 18 20
517 17 20
518 17 17
519 10 17
520 11 16
521 16 16
522 14 15
523 14 14
524 12 14
525 10 15
526 15 15
527 10 14
528 11 13
529 11 11
530 12 12
531 12 13
532 5 13
533 13 15
534 6 13
535 14 14
536 10 13
537 10 12
538 8 12
539 11 11
540 7 10
541 7 9
542 8 9
543 5 9
544 10 10
545 9 9
546 8 8
547 4 7
548 1 6
549 5 6
550 5 5
551 2 4
552 1 3
553 1 1

