0 233 255
1 250 273
2 266 280
3 274 283
4 283 283
5 276 281
6 276 287
7 280 288
8 262 296
9 269 297
10 278 289
11 264 281
12 257 281
13 271 275
14 265 273
15 247 272
16 220 265
17 264 268
18 259 269
19 244 265
20 255 267
21 262 263
22 238 264
23 222 261
24 258 261
25 254 258
26 258 258
27 234 256
28 260 260
29 243 254
30 217 253
31 209 251
32 242 249
33 245 249
34 238 244
35 223 246
36 226 245
37 236 242
38 241 243
39 220 242
40 189 239
41 213 232
42 219 229
43 218 229
44 214 226
45 223 223
46 214 227
47 214 219
48 216 223
49 213 226
50 218 228
51 217 227
52 199 219
53 217 219
54 216 216
55 125 217
56 196 219
57 203 210
58 198 213
59 208 213
60 173 208
61 197 208
62 193 208
63 204 208
64 195 202
65 162 201
66 200 200
67 194 194
68 186 189
69 161 190
70 187 195
71 174 191
72 169 190
73 169 185
74 171 178
75 175 175
76 153 180
77 158 180
78 169 175
79 158 169
80 156 170
81 147 166
82 159 168
83 165 171
84 124 172
85 150 170
86 156 166
87 134 162
88 154 156
89 145 155
90 151 152
91 137 160
92 151 159
93 130 154
94 148 149
95 144 149
96 117 149
97 145 147
98 129 147
99 131 147
100 118 146
101 140 141
102 134 148
103 132 147
104 141 141
105 129 144
106 138 145
107 123 138
108 130 133
109 130 132
110 114 138
111 132 134
112 112 133
113 129 137
114 78 132
115 122 132
116 119 122
117 110 120
118 116 116
119 113 115
120 93 112
121 69 111
122 110 111
123 108 113
124 109 113
125 108 111
126 92 106
127 54 105
128 101 104
129 98 102
130 72 102
131 82 99
132 74 95
133 71 94
134 79 90
135 91 93
136 90 93
137 62 90
138 83 90
139 59 84
140 78 84
141 64 79
142 63 76
143 52 75
144 66 71
145 53 68
146 62 70
147 63 66
148 40 63
149 62 65
150 64 64
151 60 64
152 62 65
153 42 63
154 47 60
155 51 60
156 56 56
157 52 52
158 32 56
159 26 54
160 50 51
161 37 43
162 33 45
163 29 43
164 37 39
165 36 40
166 22 39
167 26 36
168 23 34
169 32 35
170 31 31
171 24 29
172 15 26
173 14 21
174 15 22
175 14 22
176 16 21
177 13 17
178 17 19
179 16 16
180 14 14
181 8 12
182 11 11
183 14 14
184 2 10
185 6 10
186 4 6
187 3 3
188 1 2
189 2 2
190 1 1

