0 34 121
1 55 142
2 80 165
3 55 180
4 134 188
5 50 197
6 165 201
7 194 205
8 174 207
9 207 208
10 189 208
11 203 209
12 195 208
13 186 207
14 164 207
15 184 207
16 199 206
17 184 205
18 148 204
19 188 202
20 202 202
21 148 202
22 190 202
23 148 201
24 182 200
25 159 199
26 163 199
27 162 201
28 201 203
29 134 202
30 197 202
31 204 204
32 192 204
33 202 204
34 188 204
35 200 204
36 201 203
37 200 204
38 201 204
39 186 204
40 200 203
41 188 201
42 156 200
43 196 199
44 146 197
45 191 196
46 188 194
47 188 193
48 186 193
49 187 191
50 178 189
51 62 190
52 128 189
53 191 191
54 176 191
55 183 192
56 177 191
57 14 191
58 178 193
59 177 192
60 188 191
61 190 190
62 132 190
63 160 191
64 172 190
65 177 190
66 105 189
67 173 188
68 138 188
69 187 188
70 154 189
71 156 188
72 171 189
73 150 188
74 186 187
75 182 186
76 165 186
77 181 185
78 137 184
79 145 184
80 174 183
81 174 183
82 148 182
83 168 181
84 180 180
85 122 179
86 19 177
87 177 177
88 176 177
89 174 176
90 171 175
91 169 173
92 134 172
93 166 172
94 149 173
95 150 174
96 162 174
97 167 173
98 171 173
99 164 172
100 156 171
101 161 170
102 159 169
103 133 170
104 170 172
105 169 170
106 171 171
107 170 170
108 169 170
109 156 169
110 166 168
111 166 167
112 158 166
113 149 165
114 154 165
115 164 164
116 161 163
117 162 162
118 142 161
119 154 161
120 144 162
121 162 163
122 152 163
123 127 162
124 161 161
125 150 160
126 77 161
127 63 160
128 144 163
129 140 164
130 136 165
131 161 165
132 164 164
133 157 164
134 162 162
135 117 160
136 156 158
137 128 158
138 151 156
139 147 156
140 157 157
141 156 156
142 155 157
143 154 155
144 85 153
145 129 153
146 112 152
147 138 152
148 122 151
149 142 149
150 147 148
151 91 148
152 122 149
153 147 148
154 122 147
155 149 149
156 140 149
157 112 147
158 55 145
159 109 147
160 135 147
161 135 147
162 102 146
163 133 145
164 129 145
165 21 144
166 138 144
167 138 144
168 123 145
169 100 145
170 55 145
171 111 144
172 94 143
173 137 143
174 140 143
175 115 144
176 144 144
177 141 144
178 140 144
179 139 143
180 139 142
181 138 141
182 138 140
183 123 139
184 117 139
185 127 138
186 93 138
187 129 137
188 131 136
189 123 135
190 115 135
191 107 134
192 134 134
193 116 133
194 113 132
195 125 133
196 129 131
197 122 129
198 96 130
199 128 129
200 20 128
201 123 128
202 83 127
203 123 126
204 120 124
205 9 123
206 81 124
207 101 125
208 9 125
209 71 128
210 29 131
211 125 133
212 134 134
213 118 133
214 117 133
215 114 133
216 124 135
217 80 134
218 125 134
219 94 135
220 127 134
221 100 133
222 132 132
223 8 132
224 3 131
225 13 133
226 104 136
227 135 136
228 134 135
229 134 134
230 134 134
231 132 133
232 132 133
233 113 132
234 83 130
235 109 134
236 128 133
237 89 132
238 126 131
239 107 130
240 118 129
241 120 127
242 85 128
243 14 128
244 127 128
245 121 128
246 95 127
247 126 127
248 127 127
249 127 127
250 110 126
251 123 127
252 125 126
253 110 126
254 123 125
255 115 124
256 98 123
257 119 123
258 121 122
259 89 121
260 116 120
261 21 118
262 94 117
263 105 117
264 88 119
265 95 118
266 107 118
267 109 118
268 85 117
269 104 116
270 111 115
271 108 114
272 101 112
273 104 111
274 26 111
275 66 111
276 71 115
277 52 116
278 111 116
279 116 116
280 100 116
281 106 115
282 97 115
283 109 115
284 88 114
285 111 115
286 113 114
287 114 114
288 93 114
289 101 112
290 107 110
291 106 108
292 62 108
293 85 107
294 20 106
295 5 106
296 80 110
297 81 112
298 111 112
299 111 112
300 92 113
301 100 116
302 63 116
303 111 116
304 100 117
305 33 117
306 25 120
307 98 125
308 105 126
309 79 125
310 111 123
311 103 121
312 118 120
313 114 118
314 117 117
315 100 116
316 98 114
317 86 111
318 98 111
319 111 111
320 101 110
321 24 109
322 111 111
323 90 110
324 104 109
325 64 112
326 102 113
327 22 111
328 108 108
329 5 107
330 105 106
331 98 105
332 107 107
333 105 106
334 106 106
335 97 105
336 103 105
337 101 104
338 72 104
339 101 106
340 94 105
341 90 105
342 85 104
343 87 103
344 94 102
345 103 103
346 102 102
347 98 101
348 94 100
349 99 100
350 92 99
351 93 98
352 98 98
353 97 97
354 72 96
355 87 96
356 65 95
357 95 95
358 76 94
359 94 94
360 91 93
361 92 92
362 93 93
363 91 92
364 89 92
365 93 94
366 88 93
367 86 92
368 82 91
369 88 91
370 86 89
371 63 88
372 85 88
373 84 88
374 83 88
375 86 86
376 85 85
377 83 84
378 78 83
379 80 82
380 80 80
381 67 77
382 77 77
383 62 76
384 71 77
385 71 76
386 60 75
387 72 74
388 62 72
389 68 69
390 65 65
391 57 63
392 59 64
393 63 66
394 64 64
395 48 63
396 52 63
397 48 60
398 60 60
399 44 60
400 55 59
401 61 61
402 58 62
403 55 63
404 55 63
405 48 63
406 52 62
407 48 61
408 57 60
409 40 57
410 57 57
411 55 55
412 56 56
413 48 54
414 49 53
415 51 51
416 51 51
417 41 51
418 45 50
419 47 49
420 41 45
421 44 48
422 42 48
423 45 47
424 34 46
425 34 45
426 41 43
427 33 42
428 43 43
429 43 43
430 41 42
431 12 41
432 29 38
433 37 38
434 35 36
435 31 34
436 34 35
437 26 34
438 33 34
439 17 33
440 29 32
441 29 31
442 27 31
443 23 28
444 21 26
445 20 25
446 14 25
447 16 26
448 7 27
449 24 26
450 19 26
451 24 24
452 17 22
453 19 20
454 16 19
455 18 21
456 20 20
457 16 20
458 18 21
459 8 17
460 15 17
461 10 16
462 5 16
463 9 13
464 9 12
465 6 9
466 8 8
467 4 8
468 9 9
469 7 7
470 4 9
471 9 9
472 7 8
473 8 8
474 5 7
475 6 6
476 6 6
477 5 6
478 1 6
479 3 5
480 3 3
481 4 4
482 3 3
483 1 2
484 3 3
485 2 2
486 1 2
487 1 1

