0 235 241
1 239 249
2 215 256
3 223 264
4 238 261
5 234 258
6 231 255
7 225 254
8 236 262
9 255 256
10 213 263
11 247 255
12 230 251
13 219 252
14 243 252
15 243 250
16 227 245
17 240 246
18 241 241
19 230 240
20 238 241
21 238 240
22 213 238
23 226 236
24 225 232
25 220 230
26 178 231
27 202 229
28 217 224
29 148 220
30 216 221
31 204 220
32 210 223
33 192 217
34 201 209
35 170 210
36 207 208
37 155 206
38 204 208
39 182 207
40 180 206
41 188 202
42 195 196
43 192 196
44 182 193
45 179 196
46 179 195
47 185 191
48 168 191
49 176 191
50 182 187
51 170 186
52 173 182
53 175 183
54 160 183
55 181 182
56 181 187
57 182 194
58 174 188
59 180 187
60 184 187
61 166 182
62 147 180
63 178 186
64 136 183
65 160 179
66 170 179
67 97 177
68 151 171
69 152 167
70 117 164
71 161 161
72 147 159
73 155 161
74 164 164
75 144 159
76 142 153
77 148 149
78 137 147
79 116 149
80 139 144
81 141 141
82 125 140
83 128 139
84 129 142
85 137 142
86 121 139
87 110 136
88 136 136
89 130 130
90 99 129
91 114 129
92 113 123
93 105 121
94 116 122
95 110 122
96 115 122
97 101 121
98 88 121
99 104 118
100 109 120
101 113 113
102 107 113
103 105 114
104 106 112
105 77 116
106 112 114
107 98 109
108 90 107
109 95 105
110 90 102
111 86 98
112 89 92
113 88 94
114 71 96
115 89 95
116 88 92
117 80 93
118 78 94
119 84 92
120 65 90
121 75 90
122 79 87
123 51 86
124 80 83
125 77 82
126 74 83
127 65 79
128 79 79
129 71 74
130 52 70
131 20 70
132 58 65
133 52 58
134 46 57
135 55 55
136 49 56
137 58 58
138 47 56
139 55 55
140 37 52
141 53 54
142 43 50
143 45 53
144 33 52
145 44 48
146 41 50
147 45 51
148 39 46
149 41 44
150 39 39
151 15 36
152 21 35
153 6 31
154 29 29
155 27 30
156 14 31
157 18 30
158 21 24
159 13 21
160 12 20
161 7 20
162 17 18
163 5 17
164 17 17
165 9 11
166 6 8
167 8 8
168 7 9
169 6 6
170 2 3
171 2 3
172 1 2
173 2 2
174 1 1
175 1 1

