0 219 241
1 164 250
2 201 254
3 141 262
4 120 263
5 145 266
6 99 269
7 262 276
8 247 279
9 274 282
10 243 284
11 263 285
12 283 286
13 285 285
14 279 284
15 256 284
16 260 283
17 282 282
18 281 281
19 279 281
20 277 282
21 280 281
22 273 280
23 279 280
24 279 279
25 274 279
26 273 279
27 270 277
28 273 276
29 248 275
30 265 274
31 246 273
32 266 273
33 266 272
34 238 271
35 265 270
36 248 271
37 265 270
38 266 269
39 194 268
40 218 270
41 261 270
42 239 272
43 254 272
44 269 271
45 264 270
46 240 272
47 263 273
48 264 274
49 254 273
50 273 273
51 272 272
52 272 272
53 271 271
54 216 269
55 83 268
56 263 268
57 259 269
58 269 269
59 235 269
60 245 268
61 240 268
62 268 268
63 267 267
64 263 267
65 267 267
66 266 267
67 266 266
68 242 265
69 264 265
70 264 264
71 245 263
72 232 261
73 261 261
74 256 261
75 260 260
76 248 259
77 250 258
78 189 258
79 243 257
80 228 256
81 230 256
82 240 255
83 241 254
84 248 252
85 242 250
86 218 247
87 195 248
88 105 246
89 123 250
90 229 251
91 248 254
92 250 255
93 244 256
94 255 258
95 254 257
96 256 256
97 238 255
98 254 254
99 243 253
100 250 252
101 251 251
102 251 251
103 237 250
104 249 249
105 249 249
106 245 249
107 228 248
108 240 247
109 245 246
110 247 247
111 238 246
112 246 246
113 211 246
114 190 245
115 239 247
116 216 250
117 247 250
118 249 249
119 248 249
120 247 248
121 245 247
122 239 248
123 203 248
124 203 250
125 231 249
126 248 248
127 246 247
128 198 245
129 242 244
130 244 244
131 238 243
132 242 242
133 239 241
134 219 239
135 217 239
136 203 240
137 241 241
138 237 239
139 231 239
140 235 238
141 222 237
142 227 236
143 230 235
144 221 235
145 230 235
146 203 236
147 123 236
148 69 236
149 234 236
150 93 239
151 198 243
152 230 245
153 232 244
154 238 243
155 234 242
156 236 242
157 231 242
158 240 241
159 240 240
160 219 240
161 204 239
162 223 239
163 226 239
164 231 238
165 230 237
166 147 235
167 158 234
168 216 237
169 131 239
170 109 239
171 235 242
172 170 242
173 231 242
174 228 242
175 225 242
176 215 242
177 232 242
178 240 241
179 240 240
180 220 239
181 218 239
182 212 238
183 232 238
184 235 236
185 228 235
186 214 233
187 212 230
188 230 230
189 206 229
190 164 230
191 228 229
192 228 228
193 220 227
194 179 226
195 183 226
196 224 226
197 225 226
198 220 228
199 202 227
200 226 226
201 208 225
202 213 224
203 219 224
204 218 222
205 203 220
206 220 220
207 194 219
208 196 218
209 212 217
210 148 217
211 160 217
212 79 221
213 110 224
214 220 229
215 223 229
216 214 228
217 212 228
218 176 228
219 217 228
220 219 228
221 209 230
222 220 229
223 193 228
224 86 226
225 219 227
226 208 226
227 216 226
228 207 225
229 176 224
230 199 225
231 95 225
232 220 226
233 222 225
234 221 222
235 185 223
236 218 223
237 223 223
238 203 223
239 220 223
240 184 223
241 215 223
242 214 222
243 197 221
244 183 223
245 213 222
246 208 222
247 218 222
248 216 221
249 213 220
250 199 219
251 214 219
252 209 218
253 192 218
254 217 217
255 216 216
256 209 217
257 196 216
258 212 215
259 190 214
260 198 214
261 182 215
262 214 215
263 211 216
264 207 216
265 187 215
266 206 215
267 186 213
268 203 212
269 82 211
270 71 210
271 158 212
272 195 215
273 175 216
274 205 218
275 192 218
276 207 218
277 215 217
278 207 216
279 179 216
280 216 217
281 201 216
282 201 216
283 199 215
284 192 215
285 212 215
286 154 215
287 195 215
288 199 214
289 210 213
290 200 212
291 176 211
292 168 210
293 171 209
294 194 210
295 194 209
296 209 209
297 169 209
298 198 208
299 206 207
300 184 207
301 206 206
302 200 206
303 175 204
304 196 203
305 201 203
306 186 202
307 170 202
308 198 201
309 199 199
310 199 199
311 196 199
312 188 199
313 184 197
314 183 198
315 195 198
316 196 200
317 190 199
318 195 198
319 186 197
320 181 195
321 182 195
322 149 194
323 168 193
324 177 193
325 162 191
326 171 189
327 153 188
328 176 188
329 186 188
330 137 188
331 187 189
332 187 187
333 182 186
334 188 188
335 181 188
336 183 189
337 178 187
338 116 189
339 184 189
340 185 187
341 183 186
342 176 186
343 183 186
344 176 185
345 185 185
346 171 185
347 181 185
348 178 183
349 87 182
350 78 181
351 155 183
352 176 186
353 180 187
354 163 187
355 182 187
356 123 186
357 164 185
358 181 184
359 182 183
360 165 182
361 181 181
362 174 180
363 180 180
364 179 180
365 81 179
366 63 177
367 147 180
368 183 183
369 170 185
370 182 183
371 170 182
372 174 181
373 164 180
374 171 180
375 174 180
376 157 180
377 178 179
378 145 178
379 176 177
380 174 176
381 174 175
382 134 174
383 139 173
384 171 172
385 165 170
386 159 168
387 166 167
388 38 167
389 57 170
390 155 174
391 157 176
392 163 180
393 164 179
394 159 178
395 174 176
396 170 176
397 165 175
398 164 175
399 168 174
400 163 174
401 148 173
402 153 173
403 172 174
404 172 174
405 104 174
406 171 173
407 38 172
408 108 173
409 164 176
410 173 177
411 80 176
412 97 176
413 170 176
414 174 176
415 174 175
416 172 174
417 173 175
418 169 174
419 166 173
420 67 173
421 158 172
422 171 172
423 143 172
424 167 171
425 163 172
426 137 175
427 104 175
428 161 174
429 173 173
430 165 171
431 138 170
432 168 170
433 167 169
434 159 168
435 155 168
436 142 167
437 52 166
438 138 166
439 77 169
440 112 170
441 169 170
442 151 168
443 163 168
444 155 168
445 155 166
446 160 164
447 158 162
448 149 161
449 157 159
450 156 157
451 154 156
452 150 156
453 122 155
454 153 155
455 146 154
456 110 153
457 103 153
458 153 153
459 135 151
460 145 153
461 154 155
462 155 155
463 126 155
464 154 154
465 124 152
466 98 150
467 147 149
468 146 148
469 129 147
470 109 146
471 125 146
472 145 146
473 12 144
474 80 146
475 138 146
476 84 148
477 142 147
478 126 147
479 143 146
480 18 145
481 29 143
482 140 150
483 146 151
484 13 150
485 148 149
486 122 148
487 97 148
488 130 149
489 136 149
490 126 149
491 116 148
492 135 148
493 146 148
494 118 146
495 143 146
496 124 145
497 106 144
498 143 144
499 142 143
500 130 143
501 142 142
502 135 140
503 104 138
504 137 137
505 7 137
506 121 136
507 130 136
508 96 134
509 134 136
510 92 135
511 63 135
512 111 134
513 3 133
514 122 135
515 111 135
516 96 134
517 130 134
518 82 133
519 104 132
520 70 134
521 15 136
522 135 139
523 131 138
524 98 140
525 126 144
526 126 143
527 104 143
528 120 143
529 140 143
530 139 142
531 142 142
532 138 141
533 119 140
534 136 139
535 116 138
536 125 137
537 110 136
538 112 139
539 137 138
540 135 137
541 133 137
542 134 136
543 123 135
544 102 133
545 83 132
546 132 133
547 122 132
548 108 131
549 128 132
550 98 130
551 125 129
552 124 127
553 99 125
554 82 124
555 124 124
556 93 123
557 70 121
558 119 121
559 116 120
560 107 121
561 115 120
562 89 122
563 118 122
564 110 121
565 83 119
566 112 116
567 98 113
568 103 115
569 101 113
570 99 113
571 106 112
572 91 112
573 111 111
574 101 110
575 109 110
576 69 109
577 76 108
578 84 107
579 89 107
580 106 107
581 107 107
582 53 106
583 90 106
584 60 108
585 1 110
586 18 114
587 26 115
588 116 116
589 84 116
590 112 116
591 99 115
592 93 115
593 100 113
594 99 112
595 96 112
596 48 111
597 96 111
598 103 109
599 101 107
600 83 107
601 101 107
602 106 106
603 92 104
604 35 104
605 35 104
606 105 108
607 83 109
608 85 109
609 56 110
610 106 109
611 100 108
612 25 107
613 100 107
614 104 106
615 103 105
616 28 105
617 101 105
618 104 104
619 43 102
620 87 102
621 63 103
622 103 103
623 80 102
624 4 101
625 94 100
626 70 99
627 95 97
628 94 95
629 92 95
630 87 95
631 93 93
632 58 91
633 86 92
634 89 92
635 88 94
636 80 92
637 87 91
638 77 90
639 90 92
640 82 91
641 84 89
642 87 89
643 81 88
644 82 86
645 83 87
646 80 89
647 87 87
648 70 85
649 66 85
650 64 84
651 67 84
652 81 83
653 62 82
654 72 80
655 51 78
656 69 78
657 63 76
658 68 75
659 60 74
660 70 71
661 69 70
662 18 70
663 60 69
664 63 70
665 57 69
666 68 69
667 55 68
668 66 67
669 45 66
670 51 65
671 60 64
672 52 63
673 63 63
674 57 62
675 54 61
676 58 60
677 52 58
678 47 62
679 30 62
680 49 61
681 52 58
682 51 57
683 55 55
684 32 52
685 42 50
686 41 50
687 49 49
688 49 49
689 47 47
690 35 46
691 31 45
692 45 45
693 46 46
694 10 45
695 40 43
696 32 40
697 42 45
698 40 44
699 35 40
700 24 37
701 38 40
702 33 40
703 22 39
704 30 37
705 35 36
706 31 32
707 33 33
708 28 32
709 25 30
710 9 30
711 23 29
712 30 33
713 22 33
714 28 31
715 21 30
716 28 28
717 14 29
718 28 28
719 11 27
720 26 26
721 25 25
722 24 24
723 15 22
724 16 23
725 21 21
726 19 20
727 10 19
728 16 17
729 14 16
730 4 15
731 12 15
732 13 15
733 14 14
734 9 13
735 14 16
736 8 15
737 6 14
738 12 14
739 10 14
740 13 13
741 10 12
742 9 13
743 13 13
744 9 12
745 12 12
746 9 11
747 8 9
748 1 9
749 7 8
750 4 6
751 5 5
752 5 5
753 5 5
754 4 5
755 3 3
756 3 3
757 1 2
758 1 1

