0 172 182
1 69 193
2 130 209
3 198 221
4 84 230
5 185 236
6 229 239
7 219 240
8 211 242
9 224 242
10 82 242
11 147 244
12 232 244
13 225 245
14 238 244
15 219 244
16 216 244
17 219 243
18 217 244
19 235 243
20 225 243
21 222 244
22 224 245
23 237 246
24 224 247
25 244 247
26 76 246
27 236 247
28 241 247
29 238 246
30 245 246
31 245 245
32 243 244
33 243 243
34 243 243
35 203 242
36 167 241
37 224 241
38 239 241
39 227 241
40 199 240
41 200 239
42 230 238
43 237 237
44 235 235
45 235 235
46 235 235
47 226 234
48 214 233
49 208 231
50 230 232
51 226 233
52 213 231
53 231 231
54 227 230
55 227 229
56 224 229
57 217 228
58 218 227
59 228 229
60 210 228
61 223 227
62 217 225
63 219 223
64 217 222
65 213 223
66 206 226
67 217 227
68 209 226
69 181 224
70 223 224
71 221 224
72 196 222
73 216 220
74 212 220
75 74 220
76 213 219
77 209 218
78 187 218
79 208 218
80 94 216
81 180 220
82 209 220
83 218 219
84 211 219
85 206 219
86 118 219
87 210 217
88 183 216
89 61 214
90 190 214
91 210 213
92 203 213
93 193 213
94 190 213
95 211 213
96 195 212
97 53 212
98 197 213
99 191 213
100 213 214
101 208 213
102 210 213
103 212 212
104 210 211
105 211 212
106 207 213
107 208 212
108 207 210
109 191 209
110 158 206
111 191 204
112 203 203
113 203 203
114 198 202
115 48 202
116 173 202
117 171 205
118 202 211
119 184 215
120 105 216
121 214 216
122 194 215
123 208 216
124 153 215
125 197 214
126 209 213
127 173 212
128 176 211
129 195 210
130 208 209
131 156 209
132 193 208
133 145 207
134 165 208
135 138 207
136 195 207
137 182 207
138 157 207
139 204 206
140 179 204
141 193 203
142 182 202
143 97 201
144 197 200
145 197 198
146 197 198
147 176 197
148 173 194
149 115 192
150 192 192
151 191 192
152 172 191
153 189 189
154 22 190
155 66 190
156 181 192
157 191 195
158 191 194
159 189 193
160 188 192
161 186 192
162 187 193
163 187 192
164 174 191
165 164 191
166 186 189
167 33 189
168 180 192
169 154 194
170 181 195
171 185 194
172 11 194
173 193 195
174 83 196
175 140 197
176 110 197
177 177 196
178 186 195
179 161 195
180 185 194
181 128 193
182 189 193
183 182 193
184 188 193
185 166 193
186 192 192
187 191 191
188 184 190
189 179 191
190 181 190
191 188 188
192 177 189
193 180 188
194 166 187
195 170 188
196 187 187
197 186 186
198 185 186
199 185 186
200 185 185
201 184 184
202 183 184
203 166 183
204 166 181
205 179 183
206 168 184
207 182 185
208 144 183
209 179 183
210 165 182
211 141 181
212 180 180
213 165 179
214 166 177
215 178 178
216 158 177
217 161 176
218 160 174
219 106 174
220 156 173
221 168 172
222 165 171
223 168 170
224 168 169
225 163 168
226 162 168
227 112 167
228 152 166
229 58 164
230 162 163
231 146 161
232 143 162
233 150 164
234 113 163
235 118 163
236 152 164
237 156 164
238 139 164
239 162 163
240 119 162
241 135 162
242 151 161
243 141 161
244 149 161
245 145 162
246 155 161
247 161 161
248 48 161
249 5 161
250 156 162
251 3 161
252 146 161
253 161 163
254 144 163
255 156 163
256 145 163
257 141 162
258 137 165
259 162 165
260 161 164
261 152 163
262 135 162
263 162 162
264 115 161
265 125 160
266 139 161
267 138 160
268 158 160
269 141 159
270 160 161
271 160 160
272 159 159
273 159 159
274 71 158
275 25 157
276 124 160
277 160 160
278 158 159
279 149 159
280 140 159
281 147 159
282 138 157
283 121 155
284 149 154
285 148 153
286 144 153
287 138 152
288 117 151
289 142 150
290 146 150
291 138 149
292 109 149
293 149 149
294 146 147
295 145 146
296 146 146
297 144 144
298 142 144
299 123 144
300 140 144
301 124 145
302 143 144
303 141 142
304 138 141
305 135 140
306 121 137
307 132 136
308 123 136
309 137 137
310 44 135
311 13 136
312 136 136
313 133 135
314 113 136
315 131 135
316 135 138
317 136 137
318 24 136
319 133 136
320 72 138
321 139 139
322 137 139
323 118 138
324 129 138
325 137 137
326 137 137
327 88 136
328 131 135
329 133 134
330 116 133
331 128 131
332 92 131
333 127 131
334 122 130
335 107 130
336 124 130
337 113 129
338 107 128
339 127 128
340 76 127
341 96 126
342 121 126
343 124 125
344 100 124
345 123 123
346 99 122
347 118 121
348 117 119
349 100 122
350 91 121
351 97 121
352 85 122
353 92 121
354 118 120
355 4 124
356 103 124
357 91 125
358 118 125
359 125 125
360 125 125
361 123 126
362 124 124
363 121 124
364 8 124
365 121 124
366 113 122
367 122 124
368 123 123
369 122 122
370 90 122
371 122 122
372 117 121
373 116 120
374 119 119
375 118 118
376 116 118
377 115 117
378 87 115
379 110 114
380 59 115
381 107 112
382 107 109
383 97 109
384 84 110
385 98 110
386 80 110
387 110 110
388 82 109
389 109 109
390 64 107
391 104 104
392 104 104
393 95 103
394 102 102
395 78 101
396 99 99
397 98 98
398 95 97
399 80 97
400 74 96
401 96 99
402 97 98
403 93 97
404 93 97
405 97 97
406 80 96
407 94 95
408 77 94
409 71 92
410 68 90
411 74 89
412 60 84
413 76 80
414 83 83
415 79 81
416 76 80
417 73 78
418 75 80
419 73 78
420 63 77
421 65 76
422 76 76
423 66 75
424 60 74
425 74 76
426 65 75
427 59 72
428 42 71
429 56 70
430 65 69
431 63 69
432 56 67
433 59 69
434 68 70
435 48 68
436 51 67
437 7 63
438 21 64
439 48 62
440 61 61
441 45 60
442 52 59
443 58 58
444 48 57
445 49 55
446 51 54
447 52 52
448 49 50
449 49 50
450 46 51
451 52 52
452 47 48
453 41 46
454 49 49
455 43 48
456 40 48
457 42 47
458 43 46
459 39 44
460 32 43
461 28 41
462 36 39
463 34 38
464 35 40
465 27 39
466 35 41
467 32 41
468 30 39
469 34 34
470 30 32
471 32 33
472 31 32
473 30 30
474 31 32
475 13 32
476 28 31
477 25 33
478 36 36
479 31 35
480 27 34
481 24 33
482 27 30
483 27 28
484 16 27
485 25 27
486 22 26
487 21 24
488 20 23
489 23 23
490 21 23
491 25 25
492 24 24
493 16 24
494 22 22
495 21 22
496 14 20
497 16 18
498 19 20
499 9 20
500 18 20
501 9 19
502 18 19
503 14 16
504 9 16
505 11 14
506 11 13
507 10 12
508 10 11
509 11 11
510 10 10
511 6 11
512 9 10
513 9 9
514 8 10
515 9 11
516 9 10
517 9 9
518 5 9
519 7 8
520 2 5
521 6 7
522 3 5
523 4 4
524 2 3
525 3 3
526 1 1

