0 169 272
1 284 305
2 281 315
3 265 319
4 318 322
5 305 323
6 225 323
7 310 323
8 291 325
9 321 324
10 195 323
11 226 324
12 305 325
13 319 325
14 323 324
15 286 325
16 297 327
17 318 326
18 315 325
19 265 325
20 319 325
21 319 325
22 297 325
23 149 325
24 299 326
25 317 325
26 322 324
27 313 323
28 279 322
29 244 322
30 312 322
31 320 321
32 315 319
33 316 316
34 314 315
35 303 315
36 268 317
37 308 317
38 228 316
39 302 316
40 289 313
41 309 312
42 286 310
43 308 308
44 288 308
45 305 306
46 304 305
47 294 305
48 286 304
49 303 304
50 302 303
51 238 304
52 282 303
53 194 303
54 294 306
55 293 305
56 304 304
57 176 303
58 283 305
59 265 305
60 191 305
61 256 305
62 282 306
63 292 306
64 300 308
65 302 311
66 292 312
67 292 312
68 305 311
69 289 310
70 306 309
71 305 307
72 300 306
73 261 304
74 301 302
75 269 301
76 299 299
77 298 298
78 267 298
79 280 298
80 298 298
81 298 298
82 271 297
83 294 295
84 294 295
85 273 294
86 238 292
87 274 293
88 213 291
89 286 290
90 260 290
91 271 289
92 283 288
93 276 289
94 287 289
95 287 288
96 277 287
97 170 285
98 286 287
99 242 290
100 183 291
101 282 290
102 278 290
103 272 289
104 281 288
105 283 288
106 269 288
107 258 288
108 283 288
109 278 288
110 279 288
111 225 287
112 284 287
113 264 286
114 276 286
115 274 286
116 283 285
117 264 284
118 222 284
119 260 283
120 275 282
121 282 284
122 281 283
123 271 283
124 260 282
125 257 281
126 256 278
127 248 279
128 273 278
129 258 277
130 234 276
131 261 275
132 267 273
133 244 271
134 255 269
135 267 268
136 264 268
137 254 267
138 265 266
139 265 265
140 263 264
141 255 264
142 245 263
143 261 265
144 262 266
145 263 265
146 263 263
147 256 264
148 265 265
149 258 264
150 262 263
151 257 262
152 261 261
153 166 260
154 136 257
155 204 259
156 123 266
157 243 274
158 105 278
159 215 281
160 285 286
161 280 290
162 145 291
163 291 293
164 290 294
165 274 294
166 290 294
167 250 295
168 288 297
169 297 299
170 297 299
171 286 299
172 288 300
173 263 299
174 275 298
175 237 296
176 262 295
177 262 294
178 211 294
179 291 293
180 291 292
181 222 292
182 290 291
183 255 291
184 290 292
185 290 290
186 290 290
187 288 290
188 246 289
189 283 288
190 287 287
191 280 286
192 256 285
193 263 284
194 145 282
195 276 282
196 188 281
197 225 280
198 243 279
199 161 279
200 250 279
201 259 280
202 246 282
203 276 281
204 80 280
205 276 279
206 259 279
207 246 279
208 263 279
209 223 280
210 278 279
211 278 278
212 253 277
213 254 277
214 257 277
215 256 276
216 274 275
217 273 274
218 232 272
219 132 270
220 213 272
221 266 272
222 212 273
223 257 274
224 224 274
225 257 274
226 245 274
227 242 274
228 263 274
229 270 272
230 156 270
231 246 269
232 235 271
233 240 270
234 99 270
235 255 273
236 272 274
237 269 274
238 266 274
239 269 273
240 230 272
241 266 271
242 236 272
243 216 272
244 264 271
245 259 270
246 268 268
247 268 268
248 228 267
249 264 267
250 255 266
251 113 265
252 239 266
253 249 266
254 261 270
255 234 269
256 116 270
257 271 272
258 206 272
259 226 272
260 270 272
261 266 271
262 270 270
263 251 270
264 228 269
265 263 267
266 257 265
267 253 263
268 262 263
269 263 264
270 252 264
271 258 264
272 252 263
273 260 263
274 248 263
275 249 261
276 249 260
277 243 260
278 260 260
279 237 260
280 219 259
281 247 258
282 254 258
283 253 259
284 229 259
285 251 258
286 124 259
287 227 260
288 259 260
289 259 259
290 249 258
291 220 258
292 258 259
293 253 258
294 245 258
295 258 258
296 254 256
297 256 256
298 255 256
299 249 254
300 231 253
301 237 252
302 244 251
303 200 251
304 246 249
305 249 250
306 246 249
307 249 249
308 211 247
309 241 247
310 191 245
311 223 243
312 216 242
313 240 241
314 231 241
315 220 240
316 200 239
317 228 237
318 225 235
319 228 232
320 225 230
321 177 231
322 201 231
323 209 230
324 223 228
325 227 227
326 227 227
327 206 226
328 221 227
329 199 226
330 149 229
331 86 230
332 212 232
333 197 238
334 106 239
335 219 239
336 238 239
337 226 238
338 125 239
339 231 238
340 235 237
341 200 237
342 236 236
343 233 234
344 167 234
345 228 233
346 223 232
347 197 232
348 227 231
349 161 230
350 228 228
351 55 228
352 210 227
353 57 228
354 228 232
355 169 232
356 230 232
357 204 232
358 212 233
359 164 232
360 223 231
361 185 231
362 219 231
363 219 229
364 162 228
365 228 229
366 201 228
367 228 229
368 227 228
369 192 228
370 228 228
371 227 227
372 215 227
373 225 227
374 221 225
375 223 225
376 206 224
377 221 223
378 219 221
379 216 220
380 217 220
381 216 218
382 197 217
383 202 216
384 203 215
385 139 213
386 195 212
387 64 211
388 206 210
389 158 211
390 203 211
391 95 212
392 140 213
393 61 213
394 114 212
395 97 215
396 79 217
397 178 218
398 158 218
399 218 218
400 216 218
401 209 218
402 74 218
403 135 219
404 192 221
405 181 220
406 207 219
407 187 218
408 183 218
409 213 217
410 204 216
411 209 214
412 211 214
413 213 213
414 209 212
415 210 212
416 204 211
417 210 210
418 184 209
419 203 209
420 207 208
421 163 207
422 171 208
423 204 209
424 118 209
425 177 207
426 208 210
427 204 210
428 169 209
429 195 209
430 207 209
431 173 208
432 188 207
433 203 207
434 206 206
435 206 206
436 161 206
437 188 205
438 150 204
439 87 204
440 205 205
441 128 203
442 203 203
443 193 203
444 202 202
445 201 202
446 167 201
447 202 202
448 176 203
449 203 203
450 202 202
451 178 203
452 191 202
453 170 202
454 203 203
455 192 203
456 200 202
457 199 201
458 199 199
459 164 198
460 179 195
461 130 192
462 190 190
463 188 189
464 187 189
465 174 190
466 168 189
467 184 193
468 68 196
469 206 207
470 182 207
471 201 207
472 202 207
473 205 206
474 197 205
475 154 204
476 196 206
477 194 206
478 202 208
479 194 207
480 162 206
481 187 207
482 167 206
483 203 205
484 199 203
485 37 202
486 188 201
487 146 201
488 197 204
489 191 204
490 186 205
491 196 204
492 202 203
493 31 203
494 28 203
495 184 205
496 187 205
497 202 204
498 195 204
499 195 203
500 185 203
501 191 202
502 200 202
503 178 202
504 184 203
505 198 202
506 199 201
507 191 202
508 186 202
509 193 201
510 166 200
511 186 199
512 136 198
513 199 199
514 198 198
515 193 197
516 194 196
517 183 195
518 184 193
519 181 193
520 181 193
521 193 193
522 180 192
523 192 194
524 189 193
525 187 191
526 190 191
527 190 191
528 186 189
529 30 188
530 165 186
531 167 187
532 176 188
533 186 190
534 189 190
535 157 191
536 189 191
537 82 190
538 113 188
539 178 189
540 186 189
541 182 189
542 190 191
543 190 190
544 190 190
545 164 189
546 189 189
547 185 188
548 178 188
549 185 187
550 180 185
551 167 184
552 152 182
553 174 180
554 151 179
555 175 179
556 160 178
557 151 176
558 160 175
559 171 174
560 149 172
561 165 170
562 155 169
563 157 169
564 126 169
565 138 172
566 117 171
567 155 171
568 140 175
569 160 178
570 157 180
571 179 179
572 166 177
573 162 177
574 174 176
575 156 175
576 56 174
577 174 175
578 159 177
579 180 180
580 167 180
581 153 179
582 158 179
583 178 178
584 169 177
585 136 175
586 174 174
587 164 173
588 153 173
589 129 172
590 163 171
591 167 170
592 169 169
593 167 169
594 163 168
595 123 168
596 18 168
597 69 168
598 164 170
599 149 170
600 171 171
601 165 171
602 43 170
603 150 169
604 151 168
605 155 168
606 157 168
607 157 167
608 128 166
609 20 168
610 156 168
611 164 169
612 149 169
613 165 168
614 138 167
615 162 166
616 155 166
617 131 168
618 107 168
619 159 167
620 158 165
621 150 164
622 150 164
623 163 163
624 142 162
625 139 162
626 157 162
627 161 161
628 115 160
629 162 162
630 144 163
631 159 163
632 126 163
633 159 163
634 148 163
635 158 162
636 144 161
637 146 160
638 153 159
639 143 159
640 146 158
641 138 160
642 147 160
643 153 160
644 160 163
645 62 162
646 121 162
647 138 161
648 144 162
649 157 161
650 159 160
651 159 160
652 156 159
653 136 158
654 148 158
655 154 156
656 146 154
657 146 153
658 138 154
659 147 154
660 146 153
661 146 151
662 93 151
663 145 149
664 120 150
665 121 148
666 134 147
667 145 149
668 114 148
669 19 147
670 113 154
671 143 154
672 149 154
673 153 153
674 143 153
675 139 152
676 142 151
677 150 150
678 121 149
679 144 148
680 144 147
681 147 147
682 147 147
683 120 146
684 145 146
685 128 146
686 102 146
687 135 145
688 143 144
689 138 143
690 140 143
691 138 142
692 115 141
693 94 141
694 139 141
695 84 140
696 141 142
697 124 141
698 118 141
699 125 141
700 140 142
701 141 142
702 80 141
703 137 139
704 135 137
705 116 136
706 81 133
707 89 130
708 123 129
709 72 127
710 124 125
711 119 124
712 113 121
713 106 119
714 45 120
715 114 118
716 117 117
717 113 115
718 114 115
719 113 115
720 105 114
721 109 113
722 87 114
723 20 112
724 86 118
725 86 116
726 1 115
727 110 115
728 114 116
729 113 115
730 109 114
731 109 112
732 91 111
733 97 110
734 70 109
735 101 109
736 99 107
737 107 107
738 103 106
739 89 105
740 96 104
741 90 103
742 90 103
743 66 102
744 93 102
745 100 101
746 99 99
747 86 99
748 100 100
749 90 100
750 92 99
751 88 98
752 85 99
753 1 97
754 7 95
755 38 100
756 24 102
757 101 108
758 107 113
759 106 113
760 86 113
761 112 113
762 109 113
763 98 112
764 101 111
765 101 112
766 95 114
767 90 114
768 113 114
769 112 113
770 107 112
771 88 113
772 110 113
773 108 113
774 84 113
775 112 112
776 106 111
777 111 111
778 108 110
779 106 110
780 107 109
781 107 108
782 105 108
783 91 108
784 106 108
785 98 107
786 93 107
787 69 106
788 52 105
789 95 102
790 74 100
791 92 98
792 97 97
793 51 97
794 67 98
795 77 102
796 99 100
797 63 99
798 90 98
799 70 96
800 94 96
801 75 94
802 61 93
803 56 95
804 93 95
805 64 93
806 31 91
807 16 91
808 69 92
809 90 93
810 75 93
811 72 93
812 84 92
813 86 91
814 67 90
815 86 89
816 86 89
817 80 87
818 87 87
819 60 86
820 45 85
821 83 83
822 83 83
823 74 84
824 76 83
825 78 81
826 76 83
827 73 81
828 58 81
829 55 80
830 70 78
831 74 78
832 62 78
833 69 76
834 70 75
835 67 76
836 27 73
837 53 73
838 73 73
839 61 72
840 67 72
841 70 70
842 49 70
843 64 71
844 62 70
845 63 69
846 21 68
847 65 67
848 65 65
849 64 64
850 57 64
851 40 64
852 39 63
853 62 62
854 61 61
855 57 61
856 60 60
857 59 59
858 59 59
859 52 58
860 45 55
861 54 54
862 54 54
863 47 53
864 15 51
865 44 52
866 27 51
867 50 50
868 48 49
869 48 48
870 31 47
871 24 46
872 47 47
873 46 46
874 44 45
875 31 44
876 32 43
877 33 43
878 24 42
879 37 41
880 34 40
881 33 38
882 39 39
883 25 38
884 37 37
885 25 36
886 34 35
887 32 36
888 32 35
889 35 35
890 34 34
891 31 33
892 16 31
893 20 30
894 33 33
895 32 32
896 27 32
897 29 31
898 28 29
899 31 31
900 28 30
901 21 29
902 28 28
903 26 27
904 16 25
905 27 29
906 16 30
907 24 31
908 27 30
909 26 30
910 22 30
911 29 29
912 23 27
913 22 26
914 23 27
915 29 29
916 29 29
917 28 29
918 28 28
919 18 27
920 16 25
921 19 22
922 20 22
923 17 21
924 15 19
925 16 18
926 7 17
927 17 18
928 16 17
929 15 15
930 6 15
931 11 14
932 4 13
933 6 10
934 8 8
935 4 7
936 4 5
937 1 4
938 2 3
939 2 4
940 4 5
941 4 5
942 4 4
943 3 3
944 1 2
945 2 2
946 1 1
947 1 1

